0 -0.0624461 -0.0624461
1 -0.0672876 -0.0671644
2 -0.0718636 -0.0716176
3 -0.0761559 -0.0757882
4 -0.0801477 -0.0796597
5 -0.0838232 -0.0832168
6 -0.0871679 -0.0864455
7 -0.0901686 -0.089333
8 -0.0928134 -0.091868
9 -0.0950919 -0.0940404
10 -0.0969951 -0.0958416
11 -0.0985156 -0.0972647
12 -0.0996472 -0.0983039
13 -0.100386 -0.0989551
14 -0.100728 -0.0992157
15 -0.100673 -0.0990849
16 -0.10022 -0.0985629
17 -0.0993717 -0.097652
18 -0.0981314 -0.0963558
19 -0.0965038 -0.0946792
20 -0.0944954 -0.092629
21 -0.092114 -0.0902132
22 -0.0893691 -0.0874414
23 -0.0862714 -0.0843245
24 -0.0828333 -0.0808748
25 -0.0790683 -0.0771059
26 -0.0749913 -0.0730327
27 -0.0706183 -0.0686713
28 -0.0659666 -0.0640389
29 -0.0610546 -0.0591538
30 -0.0559016 -0.0540352
31 -0.050528 -0.0487033
32 -0.0449549 -0.0431793
33 -0.0392045 -0.0374848
34 -0.0332993 -0.0316424
35 -0.0272628 -0.0256751
36 -0.0211186 -0.0196065
37 -0.0148911 -0.0134605
38 -0.00860478 -0.00726139
39 -0.00228453 -0.00103362
40 0.00404473 0.00519823
41 0.010358 0.0114096
42 0.0166304 0.0175759
43 0.0228372 0.0236728
44 0.0289539 0.0296763
45 0.0349563 0.0355627
46 0.0408207 0.0413088
47 0.0465241 0.0468918
48 0.0520438 0.0522897
49 0.0573581 0.0574813
50 0.0624461 0.0624461
51 0.0672876 0.0671644
52 0.0718636 0.0716176
53 0.0761559 0.0757882
54 0.0801477 0.0796597
55 0.0838232 0.0832168
56 0.0871679 0.0864455
57 0.0901686 0.089333
58 0.0928134 0.091868
59 0.0950919 0.0940404
60 0.0969951 0.0958416
61 0.0985156 0.0972647
62 0.0996472 0.0983039
63 0.100386 0.0989551
64 0.100728 0.0992157
65 0.100673 0.0990849
66 0.10022 0.0985629
67 0.0993717 0.097652
68 0.0981314 0.0963558
69 0.0965038 0.0946792
70 0.0944954 0.092629
71 0.092114 0.0902132
72 0.0893691 0.0874414
73 0.0862714 0.0843245
74 0.0828333 0.0808748
75 0.0790683 0.0771059
76 0.0749913 0.0730327
77 0.0706183 0.0686713
78 0.0659666 0.0640389
79 0.0610546 0.0591538
80 0.0559016 0.0540352
81 0.050528 0.0487033
82 0.0449549 0.0431793
83 0.0392045 0.0374848
84 0.0332993 0.0316424
85 0.0272628 0.0256751
86 0.0211186 0.0196065
87 0.0148911 0.0134605
88 0.00860478 0.00726139
89 0.00228453 0.00103362
90 -0.00404473 -0.00519823
91 -0.010358 -0.0114096
92 -0.0166304 -0.0175759
93 -0.0228372 -0.0236728
94 -0.0289539 -0.0296763
95 -0.0349563 -0.0355627
96 -0.0408207 -0.0413088
97 -0.0465241 -0.0468918
98 -0.0520438 -0.0522897
99 -0.0573581 -0.0574813
100 -0.0624461 -0.0624461
101 -0.0672876 -0.0671644
102 -0.0718636 -0.0716176
103 -0.0761559 -0.0757882
104 -0.0801477 -0.0796597
105 -0.0838232 -0.0832168
106 -0.0871679 -0.0864455
107 -0.0901686 -0.089333
108 -0.0928134 -0.091868
109 -0.0950919 -0.0940404
110 -0.0969951 -0.0958416
111 -0.0985156 -0.0972647
112 -0.0996472 -0.0983039
113 -0.100386 -0.0989551
114 -0.100728 -0.0992157
115 -0.100673 -0.0990849
116 -0.10022 -0.0985629
117 -0.0993717 -0.097652
118 -0.0981314 -0.0963558
119 -0.0965038 -0.0946792
120 -0.0944954 -0.092629
121 -0.092114 -0.0902132
122 -0.0893691 -0.0874414
123 -0.0862714 -0.0843245
124 -0.0828333 -0.0808748
125 -0.0790683 -0.0771059
126 -0.0749913 -0.0730327
127 -0.0706183 -0.0686713
128 -0.0659666 -0.0640389
129 -0.0610546 -0.0591538
130 -0.0559016 -0.0540352
131 -0.050528 -0.0487033
132 -0.0449549 -0.0431793
133 -0.0392045 -0.0374848
134 -0.0332993 -0.0316424
135 -0.0272628 -0.0256751
136 -0.0211186 -0.0196065
137 -0.0148911 -0.0134605
138 -0.00860478 -0.00726139
139 -0.00228453 -0.00103362
140 0.00404473 0.00519823
141 0.010358 0.0114096
142 0.0166304 0.0175759
143 0.0228372 0.0236728
144 0.0289539 0.0296763
145 0.0349563 0.0355627
146 0.0408207 0.0413088
147 0.0465241 0.0468918
148 0.0520438 0.0522897
149 0.0573581 0.0574813
150 0.0624461 0.0624461
151 0.0672876 0.0671644
152 0.0718636 0.0716176
153 0.0761559 0.0757882
154 0.0801477 0.0796597
155 0.0838232 0.0832168
156 0.0871679 0.0864455
157 0.0901686 0.089333
158 0.0928134 0.091868
159 0.0950919 0.0940404
160 0.0969951 0.0958416
161 0.0985156 0.0972647
162 0.0996472 0.0983039
163 0.100386 0.0989551
164 0.100728 0.0992157
165 0.100673 0.0990849
166 0.10022 0.0985629
167 0.0993717 0.097652
168 0.0981314 0.0963558
169 0.0965038 0.0946792
170 0.0944954 0.092629
171 0.092114 0.0902132
172 0.0893691 0.0874414
173 0.0862714 0.0843245
174 0.0828333 0.0808748
175 0.0790683 0.0771059
176 0.0749913 0.0730327
177 0.0706183 0.0686713
178 0.0659666 0.0640389
179 0.0610546 0.0591538
180 0.0559016 0.0540352
181 0.050528 0.0487033
182 0.0449549 0.0431793
183 0.0392045 0.0374848
184 0.0332993 0.0316424
185 0.0272628 0.0256751
186 0.0211186 0.0196065
187 0.0148911 0.0134605
188 0.00860478 0.00726139
189 0.00228453 0.00103362
190 -0.00404473 -0.00519823
191 -0.010358 -0.0114096
192 -0.0166304 -0.0175759
193 -0.0228372 -0.0236728
194 -0.0289539 -0.0296763
195 -0.0349563 -0.0355627
196 -0.0408207 -0.0413088
197 -0.0465241 -0.0468918
198 -0.0520438 -0.0522897
199 -0.0573581 -0.0574813
200 -0.0624461 -0.0624461
201 -0.0672876 -0.0671644
202 -0.0718636 -0.0716176
203 -0.0761559 -0.0757882
204 -0.0801477 -0.0796597
205 -0.0838232 -0.0832168
206 -0.0871679 -0.0864455
207 -0.0901686 -0.089333
208 -0.0928134 -0.091868
209 -0.0950919 -0.0940404
210 -0.0969951 -0.0958416
211 -0.0985156 -0.0972647
212 -0.0996472 -0.0983039
213 -0.100386 -0.0989551
214 -0.100728 -0.0992157
215 -0.100673 -0.0990849
216 -0.10022 -0.0985629
217 -0.0993717 -0.097652
218 -0.0981314 -0.0963558
219 -0.0965038 -0.0946792
220 -0.0944954 -0.092629
221 -0.092114 -0.0902132
222 -0.0893691 -0.0874414
223 -0.0862714 -0.0843245
224 -0.0828333 -0.0808748
225 -0.0790683 -0.0771059
226 -0.0749913 -0.0730327
227 -0.0706183 -0.0686713
228 -0.0659666 -0.0640389
229 -0.0610546 -0.0591538
230 -0.0559016 -0.0540352
231 -0.050528 -0.0487033
232 -0.0449549 -0.0431793
233 -0.0392045 -0.0374848
234 -0.0332993 -0.0316424
235 -0.0272628 -0.0256751
236 -0.0211186 -0.0196065
237 -0.0148911 -0.0134605
238 -0.00860478 -0.00726139
239 -0.00228453 -0.00103362
240 0.00404473 0.00519823
241 0.010358 0.0114096
242 0.0166304 0.0175759
243 0.0228372 0.0236728
244 0.0289539 0.0296763
245 0.0349563 0.0355627
246 0.0408207 0.0413088
247 0.0465241 0.0468918
248 0.0520438 0.0522897
249 0.0573581 0.0574813
250 0.0624461 0.0624461
251 0.0672876 0.0671644
252 0.0718636 0.0716176
253 0.0761559 0.0757882
254 0.0801477 0.0796597
255 0.0838232 0.0832168
256 0.0871679 0.0864455
257 0.0901686 0.089333
258 0.0928134 0.091868
259 0.0950919 0.0940404
260 0.0969951 0.0958416
261 0.0985156 0.0972647
262 0.0996472 0.0983039
263 0.100386 0.0989551
264 0.100728 0.0992157
265 0.100673 0.0990849
266 0.10022 0.0985629
267 0.0993717 0.097652
268 0.0981314 0.0963558
269 0.0965038 0.0946792
270 0.0944954 0.092629
271 0.092114 0.0902132
272 0.0893691 0.0874414
273 0.0862714 0.0843245
274 0.0828333 0.0808748
275 0.0790683 0.0771059
276 0.0749913 0.0730327
277 0.0706183 0.0686713
278 0.0659666 0.0640389
279 0.0610546 0.0591538
280 0.0559016 0.0540352
281 0.050528 0.0487033
282 0.0449549 0.0431793
283 0.0392045 0.0374848
284 0.0332993 0.0316424
285 0.0272628 0.0256751
286 0.0211186 0.0196065
287 0.0148911 0.0134605
288 0.00860478 0.00726139
289 0.00228453 0.00103362
290 -0.00404473 -0.00519823
291 -0.010358 -0.0114096
292 -0.0166304 -0.0175759
293 -0.0228372 -0.0236728
294 -0.0289539 -0.0296763
295 -0.0349563 -0.0355627
296 -0.0408207 -0.0413088
297 -0.0465241 -0.0468918
298 -0.0520438 -0.0522897
299 -0.0573581 -0.0574813
300 -0.0624461 -0.0624461
301 -0.0672876 -0.0671644
302 -0.0718636 -0.0716176
303 -0.0761559 -0.0757882
304 -0.0801477 -0.0796597
305 -0.0838232 -0.0832168
306 -0.0871679 -0.0864455
307 -0.0901686 -0.089333
308 -0.0928134 -0.091868
309 -0.0950919 -0.0940404
310 -0.0969951 -0.0958416
311 -0.0985156 -0.0972647
312 -0.0996472 -0.0983039
313 -0.100386 -0.0989551
314 -0.100728 -0.0992157
315 -0.100673 -0.0990849
316 -0.10022 -0.0985629
317 -0.0993717 -0.097652
318 -0.0981314 -0.0963558
319 -0.0965038 -0.0946792
320 -0.0944954 -0.092629
321 -0.092114 -0.0902132
322 -0.0893691 -0.0874414
323 -0.0862714 -0.0843245
324 -0.0828333 -0.0808748
325 -0.0790683 -0.0771059
326 -0.0749913 -0.0730327
327 -0.0706183 -0.0686713
328 -0.0659666 -0.0640389
329 -0.0610546 -0.0591538
330 -0.0559016 -0.0540352
331 -0.050528 -0.0487033
332 -0.0449549 -0.0431793
333 -0.0392045 -0.0374848
334 -0.0332993 -0.0316424
335 -0.0272628 -0.0256751
336 -0.0211186 -0.0196065
337 -0.0148911 -0.0134605
338 -0.00860478 -0.00726139
339 -0.00228453 -0.00103362
340 0.00404473 0.00519823
341 0.010358 0.0114096
342 0.0166304 0.0175759
343 0.0228372 0.0236728
344 0.0289539 0.0296763
345 0.0349563 0.0355627
346 0.0408207 0.0413088
347 0.0465241 0.0468918
348 0.0520438 0.0522897
349 0.0573581 0.0574813
350 0.0624461 0.0624461
351 0.0672876 0.0671644
352 0.0718636 0.0716176
353 0.0761559 0.0757882
354 0.0801477 0.0796597
355 0.0838232 0.0832168
356 0.0871679 0.0864455
357 0.0901686 0.089333
358 0.0928134 0.091868
359 0.0950919 0.0940404
360 0.0969951 0.0958416
361 0.0985156 0.0972647
362 0.0996472 0.0983039
363 0.100386 0.0989551
364 0.100728 0.0992157
365 0.100673 0.0990849
366 0.10022 0.0985629
367 0.0993717 0.097652
368 0.0981314 0.0963558
369 0.0965038 0.0946792
370 0.0944954 0.092629
371 0.092114 0.0902132
372 0.0893691 0.0874414
373 0.0862714 0.0843245
374 0.0828333 0.0808748
375 0.0790683 0.0771059
376 0.0749913 0.0730327
377 0.0706183 0.0686713
378 0.0659666 0.0640389
379 0.0610546 0.0591538
380 0.0559016 0.0540352
381 0.050528 0.0487033
382 0.0449549 0.0431793
383 0.0392045 0.0374848
384 0.0332993 0.0316424
385 0.0272628 0.0256751
386 0.0211186 0.0196065
387 0.0148911 0.0134605
388 0.00860478 0.00726139
389 0.00228453 0.00103362
390 -0.00404473 -0.00519823
391 -0.010358 -0.0114096
392 -0.0166304 -0.0175759
393 -0.0228372 -0.0236728
394 -0.0289539 -0.0296763
395 -0.0349563 -0.0355627
396 -0.0408207 -0.0413088
397 -0.0465241 -0.0468918
398 -0.0520438 -0.0522897
399 -0.0573581 -0.0574813
400 -0.0624461 -0.0624461
401 -0.0672876 -0.0671644
402 -0.0718636 -0.0716176
403 -0.0761559 -0.0757882
404 -0.0801477 -0.0796597
405 -0.0838232 -0.0832168
406 -0.0871679 -0.0864455
407 -0.0901686 -0.089333
408 -0.0928134 -0.091868
409 -0.0950919 -0.0940404
410 -0.0969951 -0.0958416
411 -0.0985156 -0.0972647
412 -0.0996472 -0.0983039
413 -0.100386 -0.0989551
414 -0.100728 -0.0992157
415 -0.100673 -0.0990849
416 -0.10022 -0.0985629
417 -0.0993717 -0.097652
418 -0.0981314 -0.0963558
419 -0.0965038 -0.0946792
420 -0.0944954 -0.092629
421 -0.092114 -0.0902132
422 -0.0893691 -0.0874414
423 -0.0862714 -0.0843245
424 -0.0828333 -0.0808748
425 -0.0790683 -0.0771059
426 -0.0749913 -0.0730327
427 -0.0706183 -0.0686713
428 -0.0659666 -0.0640389
429 -0.0610546 -0.0591538
430 -0.0559016 -0.0540352
431 -0.050528 -0.0487033
432 -0.0449549 -0.0431793
433 -0.0392045 -0.0374848
434 -0.0332993 -0.0316424
435 -0.0272628 -0.0256751
436 -0.0211186 -0.0196065
437 -0.0148911 -0.0134605
438 -0.00860478 -0.00726139
439 -0.00228453 -0.00103362
440 0.00404473 0.00519823
441 0.010358 0.0114096
442 0.0166304 0.0175759
443 0.0228372 0.0236728
444 0.0289539 0.0296763
445 0.0349563 0.0355627
446 0.0408207 0.0413088
447 0.0465241 0.0468918
448 0.0520438 0.0522897
449 0.0573581 0.0574813
450 0.0624461 0.0624461
451 0.0672876 0.0671644
452 0.0718636 0.0716176
453 0.0761559 0.0757882
454 0.0801477 0.0796597
455 0.0838232 0.0832168
456 0.0871679 0.0864455
457 0.0901686 0.089333
458 0.0928134 0.091868
459 0.0950919 0.0940404
460 0.0969951 0.0958416
461 0.0985156 0.0972647
462 0.0996472 0.0983039
463 0.100386 0.0989551
464 0.100728 0.0992157
465 0.100673 0.0990849
466 0.10022 0.0985629
467 0.0993717 0.097652
468 0.0981314 0.0963558
469 0.0965038 0.0946792
470 0.0944954 0.092629
471 0.092114 0.0902132
472 0.0893691 0.0874414
473 0.0862714 0.0843245
474 0.0828333 0.0808748
475 0.0790683 0.0771059
476 0.0749913 0.0730327
477 0.0706183 0.0686713
478 0.0659666 0.0640389
479 0.0610546 0.0591538
480 0.0559016 0.0540352
481 0.050528 0.0487033
482 0.0449549 0.0431793
483 0.0392045 0.0374848
484 0.0332993 0.0316424
485 0.0272628 0.0256751
486 0.0211186 0.0196065
487 0.0148911 0.0134605
488 0.00860478 0.00726139
489 0.00228453 0.00103362
490 -0.00404473 -0.00519823
491 -0.010358 -0.0114096
492 -0.0166304 -0.0175759
493 -0.0228372 -0.0236728
494 -0.0289539 -0.0296763
495 -0.0349563 -0.0355627
496 -0.0408207 -0.0413088
497 -0.0465241 -0.0468918
498 -0.0520438 -0.0522897
499 -0.0573581 -0.0574813
500 -0.0624461 -0.0624461
501 -0.0672876 -0.0671644
502 -0.0718636 -0.0716176
503 -0.0761559 -0.0757882
504 -0.0801477 -0.0796597
505 -0.0838232 -0.0832168
506 -0.0871679 -0.0864455
507 -0.0901686 -0.089333
508 -0.0928134 -0.091868
509 -0.0950919 -0.0940404
510 -0.0969951 -0.0958416
511 -0.0985156 -0.0972647
512 -0.0996472 -0.0983039
513 -0.100386 -0.0989551
514 -0.100728 -0.0992157
515 -0.100673 -0.0990849
516 -0.10022 -0.0985629
517 -0.0993717 -0.097652
518 -0.0981314 -0.0963558
519 -0.0965038 -0.0946792
520 -0.0944954 -0.092629
521 -0.092114 -0.0902132
522 -0.0893691 -0.0874414
523 -0.0862714 -0.0843245
524 -0.0828333 -0.0808748
525 -0.0790683 -0.0771059
526 -0.0749913 -0.0730327
527 -0.0706183 -0.0686713
528 -0.0659666 -0.0640389
529 -0.0610546 -0.0591538
530 -0.0559016 -0.0540352
531 -0.050528 -0.0487033
532 -0.0449549 -0.0431793
533 -0.0392045 -0.0374848
534 -0.0332993 -0.0316424
535 -0.0272628 -0.0256751
536 -0.0211186 -0.0196065
537 -0.0148911 -0.0134605
538 -0.00860478 -0.00726139
539 -0.00228453 -0.00103362
540 0.00404473 0.00519823
541 0.010358 0.0114096
542 0.0166304 0.0175759
543 0.0228372 0.0236728
544 0.0289539 0.0296763
545 0.0349563 0.0355627
546 0.0408207 0.0413088
547 0.0465241 0.0468918
548 0.0520438 0.0522897
549 0.0573581 0.0574813
550 0.0624461 0.0624461
551 0.0672876 0.0671644
552 0.0718636 0.0716176
553 0.0761559 0.0757882
554 0.0801477 0.0796597
555 0.0838232 0.0832168
556 0.0871679 0.0864455
557 0.0901686 0.089333
558 0.0928134 0.091868
559 0.0950919 0.0940404
560 0.0969951 0.0958416
561 0.0985156 0.0972647
562 0.0996472 0.0983039
563 0.100386 0.0989551
564 0.100728 0.0992157
565 0.100673 0.0990849
566 0.10022 0.0985629
567 0.0993717 0.097652
568 0.0981314 0.0963558
569 0.0965038 0.0946792
570 0.0944954 0.092629
571 0.092114 0.0902132
572 0.0893691 0.0874414
573 0.0862714 0.0843245
574 0.0828333 0.0808748
575 0.0790683 0.0771059
576 0.0749913 0.0730327
577 0.0706183 0.0686713
578 0.0659666 0.0640389
579 0.0610546 0.0591538
580 0.0559016 0.0540352
581 0.050528 0.0487033
582 0.0449549 0.0431793
583 0.0392045 0.0374848
584 0.0332993 0.0316424
585 0.0272628 0.0256751
586 0.0211186 0.0196065
587 0.0148911 0.0134605
588 0.00860478 0.00726139
589 0.00228453 0.00103362
590 -0.00404473 -0.00519823
591 -0.010358 -0.0114096
592 -0.0166304 -0.0175759
593 -0.0228372 -0.0236728
594 -0.0289539 -0.0296763
595 -0.0349563 -0.0355627
596 -0.0408207 -0.0413088
597 -0.0465241 -0.0468918
598 -0.0520438 -0.0522897
599 -0.0573581 -0.0574813
600 -0.0624461 -0.0624461
601 -0.0672876 -0.0671644
602 -0.0718636 -0.0716176
603 -0.0761559 -0.0757882
604 -0.0801477 -0.0796597
605 -0.0838232 -0.0832168
606 -0.0871679 -0.0864455
607 -0.0901686 -0.089333
608 -0.0928134 -0.091868
609 -0.0950919 -0.0940404
610 -0.0969951 -0.0958416
611 -0.0985156 -0.0972647
612 -0.0996472 -0.0983039
613 -0.100386 -0.0989551
614 -0.100728 -0.0992157
615 -0.100673 -0.0990849
616 -0.10022 -0.0985629
617 -0.0993717 -0.097652
618 -0.0981314 -0.0963558
619 -0.0965038 -0.0946792
620 -0.0944954 -0.092629
621 -0.092114 -0.0902132
622 -0.0893691 -0.0874414
623 -0.0862714 -0.0843245
624 -0.0828333 -0.0808748
625 -0.0790683 -0.0771059
626 -0.0749913 -0.0730327
627 -0.0706183 -0.0686713
628 -0.0659666 -0.0640389
629 -0.0610546 -0.0591538
630 -0.0559016 -0.0540352
631 -0.050528 -0.0487033
632 -0.0449549 -0.0431793
633 -0.0392045 -0.0374848
634 -0.0332993 -0.0316424
635 -0.0272628 -0.0256751
636 -0.0211186 -0.0196065
637 -0.0148911 -0.0134605
638 -0.00860478 -0.00726139
639 -0.00228453 -0.00103362
640 0.00404473 0.00519823
641 0.010358 0.0114096
642 0.0166304 0.0175759
643 0.0228372 0.0236728
644 0.0289539 0.0296763
645 0.0349563 0.0355627
646 0.0408207 0.0413088
647 0.0465241 0.0468918
648 0.0520438 0.0522897
649 0.0573581 0.0574813
650 0.0624461 0.0624461
651 0.0672876 0.0671644
652 0.0718636 0.0716176
653 0.0761559 0.0757882
654 0.0801477 0.0796597
655 0.0838232 0.0832168
656 0.0871679 0.0864455
657 0.0901686 0.089333
658 0.0928134 0.091868
659 0.0950919 0.0940404
660 0.0969951 0.0958416
661 0.0985156 0.0972647
662 0.0996472 0.0983039
663 0.100386 0.0989551
664 0.100728 0.0992157
665 0.100673 0.0990849
666 0.10022 0.0985629
667 0.0993717 0.097652
668 0.0981314 0.0963558
669 0.0965038 0.0946792
670 0.0944954 0.092629
671 0.092114 0.0902132
672 0.0893691 0.0874414
673 0.0862714 0.0843245
674 0.0828333 0.0808748
675 0.0790683 0.0771059
676 0.0749913 0.0730327
677 0.0706183 0.0686713
678 0.0659666 0.0640389
679 0.0610546 0.0591538
680 0.0559016 0.0540352
681 0.050528 0.0487033
682 0.0449549 0.0431793
683 0.0392045 0.0374848
684 0.0332993 0.0316424
685 0.0272628 0.0256751
686 0.0211186 0.0196065
687 0.0148911 0.0134605
688 0.00860478 0.00726139
689 0.00228453 0.00103362
690 -0.00404473 -0.00519823
691 -0.010358 -0.0114096
692 -0.0166304 -0.0175759
693 -0.0228372 -0.0236728
694 -0.0289539 -0.0296763
695 -0.0349563 -0.0355627
696 -0.0408207 -0.0413088
697 -0.0465241 -0.0468918
698 -0.0520438 -0.0522897
699 -0.0573581 -0.0574813
700 -0.0624461 -0.0624461
701 -0.0672876 -0.0671644
702 -0.0718636 -0.0716176
703 -0.0761559 -0.0757882
704 -0.0801477 -0.0796597
705 -0.0838232 -0.0832168
706 -0.0871679 -0.0864455
707 -0.0901686 -0.089333
708 -0.0928134 -0.091868
709 -0.0950919 -0.0940404
710 -0.0969951 -0.0958416
711 -0.0985156 -0.0972647
712 -0.0996472 -0.0983039
713 -0.100386 -0.0989551
714 -0.100728 -0.0992157
715 -0.100673 -0.0990849
716 -0.10022 -0.0985629
717 -0.0993717 -0.097652
718 -0.0981314 -0.0963558
719 -0.0965038 -0.0946792
720 -0.0944954 -0.092629
721 -0.092114 -0.0902132
722 -0.0893691 -0.0874414
723 -0.0862714 -0.0843245
724 -0.0828333 -0.0808748
725 -0.0790683 -0.0771059
726 -0.0749913 -0.0730327
727 -0.0706183 -0.0686713
728 -0.0659666 -0.0640389
729 -0.0610546 -0.0591538
730 -0.0559016 -0.0540352
731 -0.050528 -0.0487033
732 -0.0449549 -0.0431793
733 -0.0392045 -0.0374848
734 -0.0332993 -0.0316424
735 -0.0272628 -0.0256751
736 -0.0211186 -0.0196065
737 -0.0148911 -0.0134605
738 -0.00860478 -0.00726139
739 -0.00228453 -0.00103362
740 0.00404473 0.00519823
741 0.010358 0.0114096
742 0.0166304 0.0175759
743 0.0228372 0.0236728
744 0.0289539 0.0296763
745 0.0349563 0.0355627
746 0.0408207 0.0413088
747 0.0465241 0.0468918
748 0.0520438 0.0522897
749 0.0573581 0.0574813
750 0.0624461 0.0624461
751 0.0672876 0.0671644
752 0.0718636 0.0716176
753 0.0761559 0.0757882
754 0.0801477 0.0796597
755 0.0838232 0.0832168
756 0.0871679 0.0864455
757 0.0901686 0.089333
758 0.0928134 0.091868
759 0.0950919 0.0940404
760 0.0969951 0.0958416
761 0.0985156 0.0972647
762 0.0996472 0.0983039
763 0.100386 0.0989551
764 0.100728 0.0992157
765 0.100673 0.0990849
766 0.10022 0.0985629
767 0.0993717 0.097652
768 0.0981314 0.0963558
769 0.0965038 0.0946792
770 0.0944954 0.092629
771 0.092114 0.0902132
772 0.0893691 0.0874414
773 0.0862714 0.0843245
774 0.0828333 0.0808748
775 0.0790683 0.0771059
776 0.0749913 0.0730327
777 0.0706183 0.0686713
778 0.0659666 0.0640389
779 0.0610546 0.0591538
780 0.0559016 0.0540352
781 0.050528 0.0487033
782 0.0449549 0.0431793
783 0.0392045 0.0374848
784 0.0332993 0.0316424
785 0.0272628 0.0256751
786 0.0211186 0.0196065
787 0.0148911 0.0134605
788 0.00860478 0.00726139
789 0.00228453 0.00103362
790 -0.00404473 -0.00519823
791 -0.010358 -0.0114096
792 -0.0166304 -0.0175759
793 -0.0228372 -0.0236728
794 -0.0289539 -0.0296763
795 -0.0349563 -0.0355627
796 -0.0408207 -0.0413088
797 -0.0465241 -0.0468918
798 -0.0520438 -0.0522897
799 -0.0573581 -0.0574813
800 -0.0624461 -0.0624461
801 -0.0672876 -0.0671644
802 -0.0718636 -0.0716176
803 -0.0761559 -0.0757882
804 -0.0801477 -0.0796597
805 -0.0838232 -0.0832168
806 -0.0871679 -0.0864455
807 -0.0901686 -0.089333
808 -0.0928134 -0.091868
809 -0.0950919 -0.0940404
810 -0.0969951 -0.0958416
811 -0.0985156 -0.0972647
812 -0.0996472 -0.0983039
813 -0.100386 -0.0989551
814 -0.100728 -0.0992157
815 -0.100673 -0.0990849
816 -0.10022 -0.0985629
817 -0.0993717 -0.097652
818 -0.0981314 -0.0963558
819 -0.0965038 -0.0946792
820 -0.0944954 -0.092629
821 -0.092114 -0.0902132
822 -0.0893691 -0.0874414
823 -0.0862714 -0.0843245
824 -0.0828333 -0.0808748
825 -0.0790683 -0.0771059
826 -0.0749913 -0.0730327
827 -0.0706183 -0.0686713
828 -0.0659666 -0.0640389
829 -0.0610546 -0.0591538
830 -0.0559016 -0.0540352
831 -0.050528 -0.0487033
832 -0.0449549 -0.0431793
833 -0.0392045 -0.0374848
834 -0.0332993 -0.0316424
835 -0.0272628 -0.0256751
836 -0.0211186 -0.0196065
837 -0.0148911 -0.0134605
838 -0.00860478 -0.00726139
839 -0.00228453 -0.00103362
840 0.00404473 0.00519823
841 0.010358 0.0114096
842 0.0166304 0.0175759
843 0.0228372 0.0236728
844 0.0289539 0.0296763
845 0.0349563 0.0355627
846 0.0408207 0.0413088
847 0.0465241 0.0468918
848 0.0520438 0.0522897
849 0.0573581 0.0574813
850 0.0624461 0.0624461
851 0.0672876 0.0671644
852 0.0718636 0.0716176
853 0.0761559 0.0757882
854 0.0801477 0.0796597
855 0.0838232 0.0832168
856 0.0871679 0.0864455
857 0.0901686 0.089333
858 0.0928134 0.091868
859 0.0950919 0.0940404
860 0.0969951 0.0958416
861 0.0985156 0.0972647
862 0.0996472 0.0983039
863 0.100386 0.0989551
864 0.100728 0.0992157
865 0.100673 0.0990849
866 0.10022 0.0985629
867 0.0993717 0.097652
868 0.0981314 0.0963558
869 0.0965038 0.0946792
870 0.0944954 0.092629
871 0.092114 0.0902132
872 0.0893691 0.0874414
873 0.0862714 0.0843245
874 0.0828333 0.0808748
875 0.0790683 0.0771059
876 0.0749913 0.0730327
877 0.0706183 0.0686713
878 0.0659666 0.0640389
879 0.0610546 0.0591538
880 0.0559016 0.0540352
881 0.050528 0.0487033
882 0.0449549 0.0431793
883 0.0392045 0.0374848
884 0.0332993 0.0316424
885 0.0272628 0.0256751
886 0.0211186 0.0196065
887 0.0148911 0.0134605
888 0.00860478 0.00726139
889 0.00228453 0.00103362
890 -0.00404473 -0.00519823
891 -0.010358 -0.0114096
892 -0.0166304 -0.0175759
893 -0.0228372 -0.0236728
894 -0.0289539 -0.0296763
895 -0.0349563 -0.0355627
896 -0.0408207 -0.0413088
897 -0.0465241 -0.0468918
898 -0.0520438 -0.0522897
899 -0.0573581 -0.0574813
900 -0.0624461 -0.0624461
901 -0.0672876 -0.0671644
902 -0.0718636 -0.0716176
903 -0.0761559 -0.0757882
904 -0.0801477 -0.0796597
905 -0.0838232 -0.0832168
906 -0.0871679 -0.0864455
907 -0.0901686 -0.089333
908 -0.0928134 -0.091868
909 -0.0950919 -0.0940404
910 -0.0969951 -0.0958416
911 -0.0985156 -0.0972647
912 -0.0996472 -0.0983039
913 -0.100386 -0.0989551
914 -0.100728 -0.0992157
915 -0.100673 -0.0990849
916 -0.10022 -0.0985629
917 -0.0993717 -0.097652
918 -0.0981314 -0.0963558
919 -0.0965038 -0.0946792
920 -0.0944954 -0.092629
921 -0.092114 -0.0902132
922 -0.0893691 -0.0874414
923 -0.0862714 -0.0843245
924 -0.0828333 -0.0808748
925 -0.0790683 -0.0771059
926 -0.0749913 -0.0730327
927 -0.0706183 -0.0686713
928 -0.0659666 -0.0640389
929 -0.0610546 -0.0591538
930 -0.0559016 -0.0540352
931 -0.050528 -0.0487033
932 -0.0449549 -0.0431793
933 -0.0392045 -0.0374848
934 -0.0332993 -0.0316424
935 -0.0272628 -0.0256751
936 -0.0211186 -0.0196065
937 -0.0148911 -0.0134605
938 -0.00860478 -0.00726139
939 -0.00228453 -0.00103362
940 0.00404473 0.00519823
941 0.010358 0.0114096
942 0.0166304 0.0175759
943 0.0228372 0.0236728
944 0.0289539 0.0296763
945 0.0349563 0.0355627
946 0.0408207 0.0413088
947 0.0465241 0.0468918
948 0.0520438 0.0522897
949 0.0573581 0.0574813
950 0.0624461 0.0624461
951 0.0672876 0.0671644
952 0.0718636 0.0716176
953 0.0761559 0.0757882
954 0.0801477 0.0796597
955 0.0838232 0.0832168
956 0.0871679 0.0864455
957 0.0901686 0.089333
958 0.0928134 0.091868
959 0.0950919 0.0940404
960 0.0969951 0.0958416
961 0.0985156 0.0972647
962 0.0996472 0.0983039
963 0.100386 0.0989551
964 0.100728 0.0992157
965 0.100673 0.0990849
966 0.10022 0.0985629
967 0.0993717 0.097652
968 0.0981314 0.0963558
969 0.0965038 0.0946792
970 0.0944954 0.092629
971 0.092114 0.0902132
972 0.0893691 0.0874414
973 0.0862714 0.0843245
974 0.0828333 0.0808748
975 0.0790683 0.0771059
976 0.0749913 0.0730327
977 0.0706183 0.0686713
978 0.0659666 0.0640389
979 0.0610546 0.0591538
980 0.0559016 0.0540352
981 0.050528 0.0487033
982 0.0449549 0.0431793
983 0.0392045 0.0374848
984 0.0332993 0.0316424
985 0.0272628 0.0256751
986 0.0211186 0.0196065
987 0.0148911 0.0134605
988 0.00860478 0.00726139
989 0.00228453 0.00103362
990 -0.00404473 -0.00519823
991 -0.010358 -0.0114096
992 -0.0166304 -0.0175759
993 -0.0228372 -0.0236728
994 -0.0289539 -0.0296763
995 -0.0349563 -0.0355627
996 -0.0408207 -0.0413088
997 -0.0465241 -0.0468918
998 -0.0520438 -0.0522897
999 -0.0573581 -0.0574813
