0 0.0319181 0.0319181
1 0.0259362 0.0258732
2 0.019852 0.0197263
3 0.0136894 0.0135015
4 0.00747284 0.00722339
5 0.00122676 0.000916793
6 -0.00502417 -0.00539342
7 -0.0112553 -0.0116823
8 -0.0174419 -0.0179252
9 -0.0235598 -0.0240973
10 -0.0295846 -0.0301742
11 -0.0354928 -0.0361321
12 -0.0412608 -0.0419474
13 -0.046866 -0.0475972
14 -0.0522862 -0.0530591
15 -0.0575001 -0.0583116
16 -0.0624871 -0.063334
17 -0.0672274 -0.0681064
18 -0.0717024 -0.07261
19 -0.0758945 -0.0768271
20 -0.079787 -0.080741
21 -0.0833647 -0.0843362
22 -0.0866133 -0.0875986
23 -0.0895202 -0.0905153
24 -0.0920737 -0.0930748
25 -0.0942639 -0.0952669
26 -0.096082 -0.0970831
27 -0.097521 -0.0985161
28 -0.098575 -0.0995603
29 -0.0992401 -0.100212
30 -0.0995135 -0.100467
31 -0.0993942 -0.100327
32 -0.0988826 -0.0997902
33 -0.0979807 -0.0988597
34 -0.0966922 -0.0975391
35 -0.095022 -0.0958335
36 -0.0929769 -0.0937498
37 -0.0905648 -0.091296
38 -0.0877953 -0.088482
39 -0.0846794 -0.0853187
40 -0.0812292 -0.0818188
41 -0.0774584 -0.0779959
42 -0.073382 -0.0738652
43 -0.0690159 -0.069443
44 -0.0643775 -0.0647468
45 -0.059485 -0.059795
46 -0.0543578 -0.0546072
47 -0.049016 -0.049204
48 -0.0434808 -0.0436065
49 -0.037774 -0.037837
50 -0.0319181 -0.0319181
51 -0.0259362 -0.0258732
52 -0.019852 -0.0197263
53 -0.0136894 -0.0135015
54 -0.00747284 -0.00722339
55 -0.00122676 -0.000916793
56 0.00502417 0.00539342
57 0.0112553 0.0116823
58 0.0174419 0.0179252
59 0.0235598 0.0240973
60 0.0295846 0.0301742
61 0.0354928 0.0361321
62 0.0412608 0.0419474
63 0.046866 0.0475972
64 0.0522862 0.0530591
65 0.0575001 0.0583116
66 0.0624871 0.063334
67 0.0672274 0.0681064
68 0.0717024 0.07261
69 0.0758945 0.0768271
70 0.079787 0.080741
71 0.0833647 0.0843362
72 0.0866133 0.0875986
73 0.0895202 0.0905153
74 0.0920737 0.0930748
75 0.0942639 0.0952669
76 0.096082 0.0970831
77 0.097521 0.0985161
78 0.098575 0.0995603
79 0.0992401 0.100212
80 0.0995135 0.100467
81 0.0993942 0.100327
82 0.0988826 0.0997902
83 0.0979807 0.0988597
84 0.0966922 0.0975391
85 0.095022 0.0958335
86 0.0929769 0.0937498
87 0.0905648 0.091296
88 0.0877953 0.088482
89 0.0846794 0.0853187
90 0.0812292 0.0818188
91 0.0774584 0.0779959
92 0.073382 0.0738652
93 0.0690159 0.069443
94 0.0643775 0.0647468
95 0.059485 0.059795
96 0.0543578 0.0546072
97 0.049016 0.049204
98 0.0434808 0.0436065
99 0.037774 0.037837
100 0.0319181 0.0319181
101 0.0259362 0.0258732
102 0.019852 0.0197263
103 0.0136894 0.0135015
104 0.00747284 0.00722339
105 0.00122676 0.000916793
106 -0.00502417 -0.00539342
107 -0.0112553 -0.0116823
108 -0.0174419 -0.0179252
109 -0.0235598 -0.0240973
110 -0.0295846 -0.0301742
111 -0.0354928 -0.0361321
112 -0.0412608 -0.0419474
113 -0.046866 -0.0475972
114 -0.0522862 -0.0530591
115 -0.0575001 -0.0583116
116 -0.0624871 -0.063334
117 -0.0672274 -0.0681064
118 -0.0717024 -0.07261
119 -0.0758945 -0.0768271
120 -0.079787 -0.080741
121 -0.0833647 -0.0843362
122 -0.0866133 -0.0875986
123 -0.0895202 -0.0905153
124 -0.0920737 -0.0930748
125 -0.0942639 -0.0952669
126 -0.096082 -0.0970831
127 -0.097521 -0.0985161
128 -0.098575 -0.0995603
129 -0.0992401 -0.100212
130 -0.0995135 -0.100467
131 -0.0993942 -0.100327
132 -0.0988826 -0.0997902
133 -0.0979807 -0.0988597
134 -0.0966922 -0.0975391
135 -0.095022 -0.0958335
136 -0.0929769 -0.0937498
137 -0.0905648 -0.091296
138 -0.0877953 -0.088482
139 -0.0846794 -0.0853187
140 -0.0812292 -0.0818188
141 -0.0774584 -0.0779959
142 -0.073382 -0.0738652
143 -0.0690159 -0.069443
144 -0.0643775 -0.0647468
145 -0.059485 -0.059795
146 -0.0543578 -0.0546072
147 -0.049016 -0.049204
148 -0.0434808 -0.0436065
149 -0.037774 -0.037837
150 -0.0319181 -0.0319181
151 -0.0259362 -0.0258732
152 -0.019852 -0.0197263
153 -0.0136894 -0.0135015
154 -0.00747284 -0.00722339
155 -0.00122676 -0.000916793
156 0.00502417 0.00539342
157 0.0112553 0.0116823
158 0.0174419 0.0179252
159 0.0235598 0.0240973
160 0.0295846 0.0301742
161 0.0354928 0.0361321
162 0.0412608 0.0419474
163 0.046866 0.0475972
164 0.0522862 0.0530591
165 0.0575001 0.0583116
166 0.0624871 0.063334
167 0.0672274 0.0681064
168 0.0717024 0.07261
169 0.0758945 0.0768271
170 0.079787 0.080741
171 0.0833647 0.0843362
172 0.0866133 0.0875986
173 0.0895202 0.0905153
174 0.0920737 0.0930748
175 0.0942639 0.0952669
176 0.096082 0.0970831
177 0.097521 0.0985161
178 0.098575 0.0995603
179 0.0992401 0.100212
180 0.0995135 0.100467
181 0.0993942 0.100327
182 0.0988826 0.0997902
183 0.0979807 0.0988597
184 0.0966922 0.0975391
185 0.095022 0.0958335
186 0.0929769 0.0937498
187 0.0905648 0.091296
188 0.0877953 0.088482
189 0.0846794 0.0853187
190 0.0812292 0.0818188
191 0.0774584 0.0779959
192 0.073382 0.0738652
193 0.0690159 0.069443
194 0.0643775 0.0647468
195 0.059485 0.059795
196 0.0543578 0.0546072
197 0.049016 0.049204
198 0.0434808 0.0436065
199 0.037774 0.037837
200 0.0319181 0.0319181
201 0.0259362 0.0258732
202 0.019852 0.0197263
203 0.0136894 0.0135015
204 0.00747284 0.00722339
205 0.00122676 0.000916793
206 -0.00502417 -0.00539342
207 -0.0112553 -0.0116823
208 -0.0174419 -0.0179252
209 -0.0235598 -0.0240973
210 -0.0295846 -0.0301742
211 -0.0354928 -0.0361321
212 -0.0412608 -0.0419474
213 -0.046866 -0.0475972
214 -0.0522862 -0.0530591
215 -0.0575001 -0.0583116
216 -0.0624871 -0.063334
217 -0.0672274 -0.0681064
218 -0.0717024 -0.07261
219 -0.0758945 -0.0768271
220 -0.079787 -0.080741
221 -0.0833647 -0.0843362
222 -0.0866133 -0.0875986
223 -0.0895202 -0.0905153
224 -0.0920737 -0.0930748
225 -0.0942639 -0.0952669
226 -0.096082 -0.0970831
227 -0.097521 -0.0985161
228 -0.098575 -0.0995603
229 -0.0992401 -0.100212
230 -0.0995135 -0.100467
231 -0.0993942 -0.100327
232 -0.0988826 -0.0997902
233 -0.0979807 -0.0988597
234 -0.0966922 -0.0975391
235 -0.095022 -0.0958335
236 -0.0929769 -0.0937498
237 -0.0905648 -0.091296
238 -0.0877953 -0.088482
239 -0.0846794 -0.0853187
240 -0.0812292 -0.0818188
241 -0.0774584 -0.0779959
242 -0.073382 -0.0738652
243 -0.0690159 -0.069443
244 -0.0643775 -0.0647468
245 -0.059485 -0.059795
246 -0.0543578 -0.0546072
247 -0.049016 -0.049204
248 -0.0434808 -0.0436065
249 -0.037774 -0.037837
250 -0.0319181 -0.0319181
251 -0.0259362 -0.0258732
252 -0.019852 -0.0197263
253 -0.0136894 -0.0135015
254 -0.00747284 -0.00722339
255 -0.00122676 -0.000916793
256 0.00502417 0.00539342
257 0.0112553 0.0116823
258 0.0174419 0.0179252
259 0.0235598 0.0240973
260 0.0295846 0.0301742
261 0.0354928 0.0361321
262 0.0412608 0.0419474
263 0.046866 0.0475972
264 0.0522862 0.0530591
265 0.0575001 0.0583116
266 0.0624871 0.063334
267 0.0672274 0.0681064
268 0.0717024 0.07261
269 0.0758945 0.0768271
270 0.079787 0.080741
271 0.0833647 0.0843362
272 0.0866133 0.0875986
273 0.0895202 0.0905153
274 0.0920737 0.0930748
275 0.0942639 0.0952669
276 0.096082 0.0970831
277 0.097521 0.0985161
278 0.098575 0.0995603
279 0.0992401 0.100212
280 0.0995135 0.100467
281 0.0993942 0.100327
282 0.0988826 0.0997902
283 0.0979807 0.0988597
284 0.0966922 0.0975391
285 0.095022 0.0958335
286 0.0929769 0.0937498
287 0.0905648 0.091296
288 0.0877953 0.088482
289 0.0846794 0.0853187
290 0.0812292 0.0818188
291 0.0774584 0.0779959
292 0.073382 0.0738652
293 0.0690159 0.069443
294 0.0643775 0.0647468
295 0.059485 0.059795
296 0.0543578 0.0546072
297 0.049016 0.049204
298 0.0434808 0.0436065
299 0.037774 0.037837
300 0.0319181 0.0319181
301 0.0259362 0.0258732
302 0.019852 0.0197263
303 0.0136894 0.0135015
304 0.00747284 0.00722339
305 0.00122676 0.000916793
306 -0.00502417 -0.00539342
307 -0.0112553 -0.0116823
308 -0.0174419 -0.0179252
309 -0.0235598 -0.0240973
310 -0.0295846 -0.0301742
311 -0.0354928 -0.0361321
312 -0.0412608 -0.0419474
313 -0.046866 -0.0475972
314 -0.0522862 -0.0530591
315 -0.0575001 -0.0583116
316 -0.0624871 -0.063334
317 -0.0672274 -0.0681064
318 -0.0717024 -0.07261
319 -0.0758945 -0.0768271
320 -0.079787 -0.080741
321 -0.0833647 -0.0843362
322 -0.0866133 -0.0875986
323 -0.0895202 -0.0905153
324 -0.0920737 -0.0930748
325 -0.0942639 -0.0952669
326 -0.096082 -0.0970831
327 -0.097521 -0.0985161
328 -0.098575 -0.0995603
329 -0.0992401 -0.100212
330 -0.0995135 -0.100467
331 -0.0993942 -0.100327
332 -0.0988826 -0.0997902
333 -0.0979807 -0.0988597
334 -0.0966922 -0.0975391
335 -0.095022 -0.0958335
336 -0.0929769 -0.0937498
337 -0.0905648 -0.091296
338 -0.0877953 -0.088482
339 -0.0846794 -0.0853187
340 -0.0812292 -0.0818188
341 -0.0774584 -0.0779959
342 -0.073382 -0.0738652
343 -0.0690159 -0.069443
344 -0.0643775 -0.0647468
345 -0.059485 -0.059795
346 -0.0543578 -0.0546072
347 -0.049016 -0.049204
348 -0.0434808 -0.0436065
349 -0.037774 -0.037837
350 -0.0319181 -0.0319181
351 -0.0259362 -0.0258732
352 -0.019852 -0.0197263
353 -0.0136894 -0.0135015
354 -0.00747284 -0.00722339
355 -0.00122676 -0.000916793
356 0.00502417 0.00539342
357 0.0112553 0.0116823
358 0.0174419 0.0179252
359 0.0235598 0.0240973
360 0.0295846 0.0301742
361 0.0354928 0.0361321
362 0.0412608 0.0419474
363 0.046866 0.0475972
364 0.0522862 0.0530591
365 0.0575001 0.0583116
366 0.0624871 0.063334
367 0.0672274 0.0681064
368 0.0717024 0.07261
369 0.0758945 0.0768271
370 0.079787 0.080741
371 0.0833647 0.0843362
372 0.0866133 0.0875986
373 0.0895202 0.0905153
374 0.0920737 0.0930748
375 0.0942639 0.0952669
376 0.096082 0.0970831
377 0.097521 0.0985161
378 0.098575 0.0995603
379 0.0992401 0.100212
380 0.0995135 0.100467
381 0.0993942 0.100327
382 0.0988826 0.0997902
383 0.0979807 0.0988597
384 0.0966922 0.0975391
385 0.095022 0.0958335
386 0.0929769 0.0937498
387 0.0905648 0.091296
388 0.0877953 0.088482
389 0.0846794 0.0853187
390 0.0812292 0.0818188
391 0.0774584 0.0779959
392 0.073382 0.0738652
393 0.0690159 0.069443
394 0.0643775 0.0647468
395 0.059485 0.059795
396 0.0543578 0.0546072
397 0.049016 0.049204
398 0.0434808 0.0436065
399 0.037774 0.037837
400 0.0319181 0.0319181
401 0.0259362 0.0258732
402 0.019852 0.0197263
403 0.0136894 0.0135015
404 0.00747284 0.00722339
405 0.00122676 0.000916793
406 -0.00502417 -0.00539342
407 -0.0112553 -0.0116823
408 -0.0174419 -0.0179252
409 -0.0235598 -0.0240973
410 -0.0295846 -0.0301742
411 -0.0354928 -0.0361321
412 -0.0412608 -0.0419474
413 -0.046866 -0.0475972
414 -0.0522862 -0.0530591
415 -0.0575001 -0.0583116
416 -0.0624871 -0.063334
417 -0.0672274 -0.0681064
418 -0.0717024 -0.07261
419 -0.0758945 -0.0768271
420 -0.079787 -0.080741
421 -0.0833647 -0.0843362
422 -0.0866133 -0.0875986
423 -0.0895202 -0.0905153
424 -0.0920737 -0.0930748
425 -0.0942639 -0.0952669
426 -0.096082 -0.0970831
427 -0.097521 -0.0985161
428 -0.098575 -0.0995603
429 -0.0992401 -0.100212
430 -0.0995135 -0.100467
431 -0.0993942 -0.100327
432 -0.0988826 -0.0997902
433 -0.0979807 -0.0988597
434 -0.0966922 -0.0975391
435 -0.095022 -0.0958335
436 -0.0929769 -0.0937498
437 -0.0905648 -0.091296
438 -0.0877953 -0.088482
439 -0.0846794 -0.0853187
440 -0.0812292 -0.0818188
441 -0.0774584 -0.0779959
442 -0.073382 -0.0738652
443 -0.0690159 -0.069443
444 -0.0643775 -0.0647468
445 -0.059485 -0.059795
446 -0.0543578 -0.0546072
447 -0.049016 -0.049204
448 -0.0434808 -0.0436065
449 -0.037774 -0.037837
450 -0.0319181 -0.0319181
451 -0.0259362 -0.0258732
452 -0.019852 -0.0197263
453 -0.0136894 -0.0135015
454 -0.00747284 -0.00722339
455 -0.00122676 -0.000916793
456 0.00502417 0.00539342
457 0.0112553 0.0116823
458 0.0174419 0.0179252
459 0.0235598 0.0240973
460 0.0295846 0.0301742
461 0.0354928 0.0361321
462 0.0412608 0.0419474
463 0.046866 0.0475972
464 0.0522862 0.0530591
465 0.0575001 0.0583116
466 0.0624871 0.063334
467 0.0672274 0.0681064
468 0.0717024 0.07261
469 0.0758945 0.0768271
470 0.079787 0.080741
471 0.0833647 0.0843362
472 0.0866133 0.0875986
473 0.0895202 0.0905153
474 0.0920737 0.0930748
475 0.0942639 0.0952669
476 0.096082 0.0970831
477 0.097521 0.0985161
478 0.098575 0.0995603
479 0.0992401 0.100212
480 0.0995135 0.100467
481 0.0993942 0.100327
482 0.0988826 0.0997902
483 0.0979807 0.0988597
484 0.0966922 0.0975391
485 0.095022 0.0958335
486 0.0929769 0.0937498
487 0.0905648 0.091296
488 0.0877953 0.088482
489 0.0846794 0.0853187
490 0.0812292 0.0818188
491 0.0774584 0.0779959
492 0.073382 0.0738652
493 0.0690159 0.069443
494 0.0643775 0.0647468
495 0.059485 0.059795
496 0.0543578 0.0546072
497 0.049016 0.049204
498 0.0434808 0.0436065
499 0.037774 0.037837
500 0.0319181 0.0319181
501 0.0259362 0.0258732
502 0.019852 0.0197263
503 0.0136894 0.0135015
504 0.00747284 0.00722339
505 0.00122676 0.000916793
506 -0.00502417 -0.00539342
507 -0.0112553 -0.0116823
508 -0.0174419 -0.0179252
509 -0.0235598 -0.0240973
510 -0.0295846 -0.0301742
511 -0.0354928 -0.0361321
512 -0.0412608 -0.0419474
513 -0.046866 -0.0475972
514 -0.0522862 -0.0530591
515 -0.0575001 -0.0583116
516 -0.0624871 -0.063334
517 -0.0672274 -0.0681064
518 -0.0717024 -0.07261
519 -0.0758945 -0.0768271
520 -0.079787 -0.080741
521 -0.0833647 -0.0843362
522 -0.0866133 -0.0875986
523 -0.0895202 -0.0905153
524 -0.0920737 -0.0930748
525 -0.0942639 -0.0952669
526 -0.096082 -0.0970831
527 -0.097521 -0.0985161
528 -0.098575 -0.0995603
529 -0.0992401 -0.100212
530 -0.0995135 -0.100467
531 -0.0993942 -0.100327
532 -0.0988826 -0.0997902
533 -0.0979807 -0.0988597
534 -0.0966922 -0.0975391
535 -0.095022 -0.0958335
536 -0.0929769 -0.0937498
537 -0.0905648 -0.091296
538 -0.0877953 -0.088482
539 -0.0846794 -0.0853187
540 -0.0812292 -0.0818188
541 -0.0774584 -0.0779959
542 -0.073382 -0.0738652
543 -0.0690159 -0.069443
544 -0.0643775 -0.0647468
545 -0.059485 -0.059795
546 -0.0543578 -0.0546072
547 -0.049016 -0.049204
548 -0.0434808 -0.0436065
549 -0.037774 -0.037837
550 -0.0319181 -0.0319181
551 -0.0259362 -0.0258732
552 -0.019852 -0.0197263
553 -0.0136894 -0.0135015
554 -0.00747284 -0.00722339
555 -0.00122676 -0.000916793
556 0.00502417 0.00539342
557 0.0112553 0.0116823
558 0.0174419 0.0179252
559 0.0235598 0.0240973
560 0.0295846 0.0301742
561 0.0354928 0.0361321
562 0.0412608 0.0419474
563 0.046866 0.0475972
564 0.0522862 0.0530591
565 0.0575001 0.0583116
566 0.0624871 0.063334
567 0.0672274 0.0681064
568 0.0717024 0.07261
569 0.0758945 0.0768271
570 0.079787 0.080741
571 0.0833647 0.0843362
572 0.0866133 0.0875986
573 0.0895202 0.0905153
574 0.0920737 0.0930748
575 0.0942639 0.0952669
576 0.096082 0.0970831
577 0.097521 0.0985161
578 0.098575 0.0995603
579 0.0992401 0.100212
580 0.0995135 0.100467
581 0.0993942 0.100327
582 0.0988826 0.0997902
583 0.0979807 0.0988597
584 0.0966922 0.0975391
585 0.095022 0.0958335
586 0.0929769 0.0937498
587 0.0905648 0.091296
588 0.0877953 0.088482
589 0.0846794 0.0853187
590 0.0812292 0.0818188
591 0.0774584 0.0779959
592 0.073382 0.0738652
593 0.0690159 0.069443
594 0.0643775 0.0647468
595 0.059485 0.059795
596 0.0543578 0.0546072
597 0.049016 0.049204
598 0.0434808 0.0436065
599 0.037774 0.037837
600 0.0319181 0.0319181
601 0.0259362 0.0258732
602 0.019852 0.0197263
603 0.0136894 0.0135015
604 0.00747284 0.00722339
605 0.00122676 0.000916793
606 -0.00502417 -0.00539342
607 -0.0112553 -0.0116823
608 -0.0174419 -0.0179252
609 -0.0235598 -0.0240973
610 -0.0295846 -0.0301742
611 -0.0354928 -0.0361321
612 -0.0412608 -0.0419474
613 -0.046866 -0.0475972
614 -0.0522862 -0.0530591
615 -0.0575001 -0.0583116
616 -0.0624871 -0.063334
617 -0.0672274 -0.0681064
618 -0.0717024 -0.07261
619 -0.0758945 -0.0768271
620 -0.079787 -0.080741
621 -0.0833647 -0.0843362
622 -0.0866133 -0.0875986
623 -0.0895202 -0.0905153
624 -0.0920737 -0.0930748
625 -0.0942639 -0.0952669
626 -0.096082 -0.0970831
627 -0.097521 -0.0985161
628 -0.098575 -0.0995603
629 -0.0992401 -0.100212
630 -0.0995135 -0.100467
631 -0.0993942 -0.100327
632 -0.0988826 -0.0997902
633 -0.0979807 -0.0988597
634 -0.0966922 -0.0975391
635 -0.095022 -0.0958335
636 -0.0929769 -0.0937498
637 -0.0905648 -0.091296
638 -0.0877953 -0.088482
639 -0.0846794 -0.0853187
640 -0.0812292 -0.0818188
641 -0.0774584 -0.0779959
642 -0.073382 -0.0738652
643 -0.0690159 -0.069443
644 -0.0643775 -0.0647468
645 -0.059485 -0.059795
646 -0.0543578 -0.0546072
647 -0.049016 -0.049204
648 -0.0434808 -0.0436065
649 -0.037774 -0.037837
650 -0.0319181 -0.0319181
651 -0.0259362 -0.0258732
652 -0.019852 -0.0197263
653 -0.0136894 -0.0135015
654 -0.00747284 -0.00722339
655 -0.00122676 -0.000916793
656 0.00502417 0.00539342
657 0.0112553 0.0116823
658 0.0174419 0.0179252
659 0.0235598 0.0240973
660 0.0295846 0.0301742
661 0.0354928 0.0361321
662 0.0412608 0.0419474
663 0.046866 0.0475972
664 0.0522862 0.0530591
665 0.0575001 0.0583116
666 0.0624871 0.063334
667 0.0672274 0.0681064
668 0.0717024 0.07261
669 0.0758945 0.0768271
670 0.079787 0.080741
671 0.0833647 0.0843362
672 0.0866133 0.0875986
673 0.0895202 0.0905153
674 0.0920737 0.0930748
675 0.0942639 0.0952669
676 0.096082 0.0970831
677 0.097521 0.0985161
678 0.098575 0.0995603
679 0.0992401 0.100212
680 0.0995135 0.100467
681 0.0993942 0.100327
682 0.0988826 0.0997902
683 0.0979807 0.0988597
684 0.0966922 0.0975391
685 0.095022 0.0958335
686 0.0929769 0.0937498
687 0.0905648 0.091296
688 0.0877953 0.088482
689 0.0846794 0.0853187
690 0.0812292 0.0818188
691 0.0774584 0.0779959
692 0.073382 0.0738652
693 0.0690159 0.069443
694 0.0643775 0.0647468
695 0.059485 0.059795
696 0.0543578 0.0546072
697 0.049016 0.049204
698 0.0434808 0.0436065
699 0.037774 0.037837
700 0.0319181 0.0319181
701 0.0259362 0.0258732
702 0.019852 0.0197263
703 0.0136894 0.0135015
704 0.00747284 0.00722339
705 0.00122676 0.000916793
706 -0.00502417 -0.00539342
707 -0.0112553 -0.0116823
708 -0.0174419 -0.0179252
709 -0.0235598 -0.0240973
710 -0.0295846 -0.0301742
711 -0.0354928 -0.0361321
712 -0.0412608 -0.0419474
713 -0.046866 -0.0475972
714 -0.0522862 -0.0530591
715 -0.0575001 -0.0583116
716 -0.0624871 -0.063334
717 -0.0672274 -0.0681064
718 -0.0717024 -0.07261
719 -0.0758945 -0.0768271
720 -0.079787 -0.080741
721 -0.0833647 -0.0843362
722 -0.0866133 -0.0875986
723 -0.0895202 -0.0905153
724 -0.0920737 -0.0930748
725 -0.0942639 -0.0952669
726 -0.096082 -0.0970831
727 -0.097521 -0.0985161
728 -0.098575 -0.0995603
729 -0.0992401 -0.100212
730 -0.0995135 -0.100467
731 -0.0993942 -0.100327
732 -0.0988826 -0.0997902
733 -0.0979807 -0.0988597
734 -0.0966922 -0.0975391
735 -0.095022 -0.0958335
736 -0.0929769 -0.0937498
737 -0.0905648 -0.091296
738 -0.0877953 -0.088482
739 -0.0846794 -0.0853187
740 -0.0812292 -0.0818188
741 -0.0774584 -0.0779959
742 -0.073382 -0.0738652
743 -0.0690159 -0.069443
744 -0.0643775 -0.0647468
745 -0.059485 -0.059795
746 -0.0543578 -0.0546072
747 -0.049016 -0.049204
748 -0.0434808 -0.0436065
749 -0.037774 -0.037837
750 -0.0319181 -0.0319181
751 -0.0259362 -0.0258732
752 -0.019852 -0.0197263
753 -0.0136894 -0.0135015
754 -0.00747284 -0.00722339
755 -0.00122676 -0.000916793
756 0.00502417 0.00539342
757 0.0112553 0.0116823
758 0.0174419 0.0179252
759 0.0235598 0.0240973
760 0.0295846 0.0301742
761 0.0354928 0.0361321
762 0.0412608 0.0419474
763 0.046866 0.0475972
764 0.0522862 0.0530591
765 0.0575001 0.0583116
766 0.0624871 0.063334
767 0.0672274 0.0681064
768 0.0717024 0.07261
769 0.0758945 0.0768271
770 0.079787 0.080741
771 0.0833647 0.0843362
772 0.0866133 0.0875986
773 0.0895202 0.0905153
774 0.0920737 0.0930748
775 0.0942639 0.0952669
776 0.096082 0.0970831
777 0.097521 0.0985161
778 0.098575 0.0995603
779 0.0992401 0.100212
780 0.0995135 0.100467
781 0.0993942 0.100327
782 0.0988826 0.0997902
783 0.0979807 0.0988597
784 0.0966922 0.0975391
785 0.095022 0.0958335
786 0.0929769 0.0937498
787 0.0905648 0.091296
788 0.0877953 0.088482
789 0.0846794 0.0853187
790 0.0812292 0.0818188
791 0.0774584 0.0779959
792 0.073382 0.0738652
793 0.0690159 0.069443
794 0.0643775 0.0647468
795 0.059485 0.059795
796 0.0543578 0.0546072
797 0.049016 0.049204
798 0.0434808 0.0436065
799 0.037774 0.037837
800 0.0319181 0.0319181
801 0.0259362 0.0258732
802 0.019852 0.0197263
803 0.0136894 0.0135015
804 0.00747284 0.00722339
805 0.00122676 0.000916793
806 -0.00502417 -0.00539342
807 -0.0112553 -0.0116823
808 -0.0174419 -0.0179252
809 -0.0235598 -0.0240973
810 -0.0295846 -0.0301742
811 -0.0354928 -0.0361321
812 -0.0412608 -0.0419474
813 -0.046866 -0.0475972
814 -0.0522862 -0.0530591
815 -0.0575001 -0.0583116
816 -0.0624871 -0.063334
817 -0.0672274 -0.0681064
818 -0.0717024 -0.07261
819 -0.0758945 -0.0768271
820 -0.079787 -0.080741
821 -0.0833647 -0.0843362
822 -0.0866133 -0.0875986
823 -0.0895202 -0.0905153
824 -0.0920737 -0.0930748
825 -0.0942639 -0.0952669
826 -0.096082 -0.0970831
827 -0.097521 -0.0985161
828 -0.098575 -0.0995603
829 -0.0992401 -0.100212
830 -0.0995135 -0.100467
831 -0.0993942 -0.100327
832 -0.0988826 -0.0997902
833 -0.0979807 -0.0988597
834 -0.0966922 -0.0975391
835 -0.095022 -0.0958335
836 -0.0929769 -0.0937498
837 -0.0905648 -0.091296
838 -0.0877953 -0.088482
839 -0.0846794 -0.0853187
840 -0.0812292 -0.0818188
841 -0.0774584 -0.0779959
842 -0.073382 -0.0738652
843 -0.0690159 -0.069443
844 -0.0643775 -0.0647468
845 -0.059485 -0.059795
846 -0.0543578 -0.0546072
847 -0.049016 -0.049204
848 -0.0434808 -0.0436065
849 -0.037774 -0.037837
850 -0.0319181 -0.0319181
851 -0.0259362 -0.0258732
852 -0.019852 -0.0197263
853 -0.0136894 -0.0135015
854 -0.00747284 -0.00722339
855 -0.00122676 -0.000916793
856 0.00502417 0.00539342
857 0.0112553 0.0116823
858 0.0174419 0.0179252
859 0.0235598 0.0240973
860 0.0295846 0.0301742
861 0.0354928 0.0361321
862 0.0412608 0.0419474
863 0.046866 0.0475972
864 0.0522862 0.0530591
865 0.0575001 0.0583116
866 0.0624871 0.063334
867 0.0672274 0.0681064
868 0.0717024 0.07261
869 0.0758945 0.0768271
870 0.079787 0.080741
871 0.0833647 0.0843362
872 0.0866133 0.0875986
873 0.0895202 0.0905153
874 0.0920737 0.0930748
875 0.0942639 0.0952669
876 0.096082 0.0970831
877 0.097521 0.0985161
878 0.098575 0.0995603
879 0.0992401 0.100212
880 0.0995135 0.100467
881 0.0993942 0.100327
882 0.0988826 0.0997902
883 0.0979807 0.0988597
884 0.0966922 0.0975391
885 0.095022 0.0958335
886 0.0929769 0.0937498
887 0.0905648 0.091296
888 0.0877953 0.088482
889 0.0846794 0.0853187
890 0.0812292 0.0818188
891 0.0774584 0.0779959
892 0.073382 0.0738652
893 0.0690159 0.069443
894 0.0643775 0.0647468
895 0.059485 0.059795
896 0.0543578 0.0546072
897 0.049016 0.049204
898 0.0434808 0.0436065
899 0.037774 0.037837
900 0.0319181 0.0319181
901 0.0259362 0.0258732
902 0.019852 0.0197263
903 0.0136894 0.0135015
904 0.00747284 0.00722339
905 0.00122676 0.000916793
906 -0.00502417 -0.00539342
907 -0.0112553 -0.0116823
908 -0.0174419 -0.0179252
909 -0.0235598 -0.0240973
910 -0.0295846 -0.0301742
911 -0.0354928 -0.0361321
912 -0.0412608 -0.0419474
913 -0.046866 -0.0475972
914 -0.0522862 -0.0530591
915 -0.0575001 -0.0583116
916 -0.0624871 -0.063334
917 -0.0672274 -0.0681064
918 -0.0717024 -0.07261
919 -0.0758945 -0.0768271
920 -0.079787 -0.080741
921 -0.0833647 -0.0843362
922 -0.0866133 -0.0875986
923 -0.0895202 -0.0905153
924 -0.0920737 -0.0930748
925 -0.0942639 -0.0952669
926 -0.096082 -0.0970831
927 -0.097521 -0.0985161
928 -0.098575 -0.0995603
929 -0.0992401 -0.100212
930 -0.0995135 -0.100467
931 -0.0993942 -0.100327
932 -0.0988826 -0.0997902
933 -0.0979807 -0.0988597
934 -0.0966922 -0.0975391
935 -0.095022 -0.0958335
936 -0.0929769 -0.0937498
937 -0.0905648 -0.091296
938 -0.0877953 -0.088482
939 -0.0846794 -0.0853187
940 -0.0812292 -0.0818188
941 -0.0774584 -0.0779959
942 -0.073382 -0.0738652
943 -0.0690159 -0.069443
944 -0.0643775 -0.0647468
945 -0.059485 -0.059795
946 -0.0543578 -0.0546072
947 -0.049016 -0.049204
948 -0.0434808 -0.0436065
949 -0.037774 -0.037837
950 -0.0319181 -0.0319181
951 -0.0259362 -0.0258732
952 -0.019852 -0.0197263
953 -0.0136894 -0.0135015
954 -0.00747284 -0.00722339
955 -0.00122676 -0.000916793
956 0.00502417 0.00539342
957 0.0112553 0.0116823
958 0.0174419 0.0179252
959 0.0235598 0.0240973
960 0.0295846 0.0301742
961 0.0354928 0.0361321
962 0.0412608 0.0419474
963 0.046866 0.0475972
964 0.0522862 0.0530591
965 0.0575001 0.0583116
966 0.0624871 0.063334
967 0.0672274 0.0681064
968 0.0717024 0.07261
969 0.0758945 0.0768271
970 0.079787 0.080741
971 0.0833647 0.0843362
972 0.0866133 0.0875986
973 0.0895202 0.0905153
974 0.0920737 0.0930748
975 0.0942639 0.0952669
976 0.096082 0.0970831
977 0.097521 0.0985161
978 0.098575 0.0995603
979 0.0992401 0.100212
980 0.0995135 0.100467
981 0.0993942 0.100327
982 0.0988826 0.0997902
983 0.0979807 0.0988597
984 0.0966922 0.0975391
985 0.095022 0.0958335
986 0.0929769 0.0937498
987 0.0905648 0.091296
988 0.0877953 0.088482
989 0.0846794 0.0853187
990 0.0812292 0.0818188
991 0.0774584 0.0779959
992 0.073382 0.0738652
993 0.0690159 0.069443
994 0.0643775 0.0647468
995 0.059485 0.059795
996 0.0543578 0.0546072
997 0.049016 0.049204
998 0.0434808 0.0436065
999 0.037774 0.037837
