0 0.0387629 0.0387629
1 0.0445124 0.0444359
2 0.0500862 0.0499336
3 0.0554624 0.0552342
4 0.0606197 0.0603167
5 0.0655377 0.0651613
6 0.0701971 0.0697487
7 0.0745795 0.0740608
8 0.0786675 0.0780807
9 0.0824451 0.0817924
10 0.0858973 0.0851812
11 0.0890105 0.088234
12 0.0917724 0.0909385
13 0.0941721 0.0932841
14 0.0962002 0.0952615
15 0.0978486 0.0968631
16 0.0991108 0.0980823
17 0.0999819 0.0989144
18 0.100458 0.0993562
19 0.100539 0.0994059
20 0.100222 0.0990632
21 0.0995095 0.0983296
22 0.0984046 0.097208
23 0.0969112 0.0957027
24 0.0950354 0.0938197
25 0.0927846 0.0915664
26 0.0901676 0.0889518
27 0.0871947 0.0859861
28 0.0838777 0.0826811
29 0.0802296 0.0790497
30 0.076265 0.0751064
31 0.0719994 0.0708667
32 0.0674496 0.0663473
33 0.0626336 0.0615661
34 0.0575704 0.0565419
35 0.05228 0.0512945
36 0.0467833 0.0458447
37 0.041102 0.040214
38 0.0352585 0.0344246
39 0.0292758 0.0284993
40 0.0231776 0.0224615
41 0.0169879 0.0163351
42 0.0107311 0.0101443
43 0.00443202 0.00391335
44 -0.00188456 -0.002333
45 -0.00819371 -0.00857014
46 -0.0144705 -0.0147735
47 -0.0206902 -0.0209185
48 -0.0268283 -0.0269809
49 -0.0328604 -0.0329369
50 -0.0387629 -0.0387629
51 -0.0445124 -0.0444359
52 -0.0500862 -0.0499336
53 -0.0554624 -0.0552342
54 -0.0606197 -0.0603167
55 -0.0655377 -0.0651613
56 -0.0701971 -0.0697487
57 -0.0745795 -0.0740608
58 -0.0786675 -0.0780807
59 -0.0824451 -0.0817924
60 -0.0858973 -0.0851812
61 -0.0890105 -0.088234
62 -0.0917724 -0.0909385
63 -0.0941721 -0.0932841
64 -0.0962002 -0.0952615
65 -0.0978486 -0.0968631
66 -0.0991108 -0.0980823
67 -0.0999819 -0.0989144
68 -0.100458 -0.0993562
69 -0.100539 -0.0994059
70 -0.100222 -0.0990632
71 -0.0995095 -0.0983296
72 -0.0984046 -0.097208
73 -0.0969112 -0.0957027
74 -0.0950354 -0.0938197
75 -0.0927846 -0.0915664
76 -0.0901676 -0.0889518
77 -0.0871947 -0.0859861
78 -0.0838777 -0.0826811
79 -0.0802296 -0.0790497
80 -0.076265 -0.0751064
81 -0.0719994 -0.0708667
82 -0.0674496 -0.0663473
83 -0.0626336 -0.0615661
84 -0.0575704 -0.0565419
85 -0.05228 -0.0512945
86 -0.0467833 -0.0458447
87 -0.041102 -0.040214
88 -0.0352585 -0.0344246
89 -0.0292758 -0.0284993
90 -0.0231776 -0.0224615
91 -0.0169879 -0.0163351
92 -0.0107311 -0.0101443
93 -0.00443202 -0.00391335
94 0.00188456 0.002333
95 0.00819371 0.00857014
96 0.0144705 0.0147735
97 0.0206902 0.0209185
98 0.0268283 0.0269809
99 0.0328604 0.0329369
100 0.0387629 0.0387629
101 0.0445124 0.0444359
102 0.0500862 0.0499336
103 0.0554624 0.0552342
104 0.0606197 0.0603167
105 0.0655377 0.0651613
106 0.0701971 0.0697487
107 0.0745795 0.0740608
108 0.0786675 0.0780807
109 0.0824451 0.0817924
110 0.0858973 0.0851812
111 0.0890105 0.088234
112 0.0917724 0.0909385
113 0.0941721 0.0932841
114 0.0962002 0.0952615
115 0.0978486 0.0968631
116 0.0991108 0.0980823
117 0.0999819 0.0989144
118 0.100458 0.0993562
119 0.100539 0.0994059
120 0.100222 0.0990632
121 0.0995095 0.0983296
122 0.0984046 0.097208
123 0.0969112 0.0957027
124 0.0950354 0.0938197
125 0.0927846 0.0915664
126 0.0901676 0.0889518
127 0.0871947 0.0859861
128 0.0838777 0.0826811
129 0.0802296 0.0790497
130 0.076265 0.0751064
131 0.0719994 0.0708667
132 0.0674496 0.0663473
133 0.0626336 0.0615661
134 0.0575704 0.0565419
135 0.05228 0.0512945
136 0.0467833 0.0458447
137 0.041102 0.040214
138 0.0352585 0.0344246
139 0.0292758 0.0284993
140 0.0231776 0.0224615
141 0.0169879 0.0163351
142 0.0107311 0.0101443
143 0.00443202 0.00391335
144 -0.00188456 -0.002333
145 -0.00819371 -0.00857014
146 -0.0144705 -0.0147735
147 -0.0206902 -0.0209185
148 -0.0268283 -0.0269809
149 -0.0328604 -0.0329369
150 -0.0387629 -0.0387629
151 -0.0445124 -0.0444359
152 -0.0500862 -0.0499336
153 -0.0554624 -0.0552342
154 -0.0606197 -0.0603167
155 -0.0655377 -0.0651613
156 -0.0701971 -0.0697487
157 -0.0745795 -0.0740608
158 -0.0786675 -0.0780807
159 -0.0824451 -0.0817924
160 -0.0858973 -0.0851812
161 -0.0890105 -0.088234
162 -0.0917724 -0.0909385
163 -0.0941721 -0.0932841
164 -0.0962002 -0.0952615
165 -0.0978486 -0.0968631
166 -0.0991108 -0.0980823
167 -0.0999819 -0.0989144
168 -0.100458 -0.0993562
169 -0.100539 -0.0994059
170 -0.100222 -0.0990632
171 -0.0995095 -0.0983296
172 -0.0984046 -0.097208
173 -0.0969112 -0.0957027
174 -0.0950354 -0.0938197
175 -0.0927846 -0.0915664
176 -0.0901676 -0.0889518
177 -0.0871947 -0.0859861
178 -0.0838777 -0.0826811
179 -0.0802296 -0.0790497
180 -0.076265 -0.0751064
181 -0.0719994 -0.0708667
182 -0.0674496 -0.0663473
183 -0.0626336 -0.0615661
184 -0.0575704 -0.0565419
185 -0.05228 -0.0512945
186 -0.0467833 -0.0458447
187 -0.041102 -0.040214
188 -0.0352585 -0.0344246
189 -0.0292758 -0.0284993
190 -0.0231776 -0.0224615
191 -0.0169879 -0.0163351
192 -0.0107311 -0.0101443
193 -0.00443202 -0.00391335
194 0.00188456 0.002333
195 0.00819371 0.00857014
196 0.0144705 0.0147735
197 0.0206902 0.0209185
198 0.0268283 0.0269809
199 0.0328604 0.0329369
200 0.0387629 0.0387629
201 0.0445124 0.0444359
202 0.0500862 0.0499336
203 0.0554624 0.0552342
204 0.0606197 0.0603167
205 0.0655377 0.0651613
206 0.0701971 0.0697487
207 0.0745795 0.0740608
208 0.0786675 0.0780807
209 0.0824451 0.0817924
210 0.0858973 0.0851812
211 0.0890105 0.088234
212 0.0917724 0.0909385
213 0.0941721 0.0932841
214 0.0962002 0.0952615
215 0.0978486 0.0968631
216 0.0991108 0.0980823
217 0.0999819 0.0989144
218 0.100458 0.0993562
219 0.100539 0.0994059
220 0.100222 0.0990632
221 0.0995095 0.0983296
222 0.0984046 0.097208
223 0.0969112 0.0957027
224 0.0950354 0.0938197
225 0.0927846 0.0915664
226 0.0901676 0.0889518
227 0.0871947 0.0859861
228 0.0838777 0.0826811
229 0.0802296 0.0790497
230 0.076265 0.0751064
231 0.0719994 0.0708667
232 0.0674496 0.0663473
233 0.0626336 0.0615661
234 0.0575704 0.0565419
235 0.05228 0.0512945
236 0.0467833 0.0458447
237 0.041102 0.040214
238 0.0352585 0.0344246
239 0.0292758 0.0284993
240 0.0231776 0.0224615
241 0.0169879 0.0163351
242 0.0107311 0.0101443
243 0.00443202 0.00391335
244 -0.00188456 -0.002333
245 -0.00819371 -0.00857014
246 -0.0144705 -0.0147735
247 -0.0206902 -0.0209185
248 -0.0268283 -0.0269809
249 -0.0328604 -0.0329369
250 -0.0387629 -0.0387629
251 -0.0445124 -0.0444359
252 -0.0500862 -0.0499336
253 -0.0554624 -0.0552342
254 -0.0606197 -0.0603167
255 -0.0655377 -0.0651613
256 -0.0701971 -0.0697487
257 -0.0745795 -0.0740608
258 -0.0786675 -0.0780807
259 -0.0824451 -0.0817924
260 -0.0858973 -0.0851812
261 -0.0890105 -0.088234
262 -0.0917724 -0.0909385
263 -0.0941721 -0.0932841
264 -0.0962002 -0.0952615
265 -0.0978486 -0.0968631
266 -0.0991108 -0.0980823
267 -0.0999819 -0.0989144
268 -0.100458 -0.0993562
269 -0.100539 -0.0994059
270 -0.100222 -0.0990632
271 -0.0995095 -0.0983296
272 -0.0984046 -0.097208
273 -0.0969112 -0.0957027
274 -0.0950354 -0.0938197
275 -0.0927846 -0.0915664
276 -0.0901676 -0.0889518
277 -0.0871947 -0.0859861
278 -0.0838777 -0.0826811
279 -0.0802296 -0.0790497
280 -0.076265 -0.0751064
281 -0.0719994 -0.0708667
282 -0.0674496 -0.0663473
283 -0.0626336 -0.0615661
284 -0.0575704 -0.0565419
285 -0.05228 -0.0512945
286 -0.0467833 -0.0458447
287 -0.041102 -0.040214
288 -0.0352585 -0.0344246
289 -0.0292758 -0.0284993
290 -0.0231776 -0.0224615
291 -0.0169879 -0.0163351
292 -0.0107311 -0.0101443
293 -0.00443202 -0.00391335
294 0.00188456 0.002333
295 0.00819371 0.00857014
296 0.0144705 0.0147735
297 0.0206902 0.0209185
298 0.0268283 0.0269809
299 0.0328604 0.0329369
300 0.0387629 0.0387629
301 0.0445124 0.0444359
302 0.0500862 0.0499336
303 0.0554624 0.0552342
304 0.0606197 0.0603167
305 0.0655377 0.0651613
306 0.0701971 0.0697487
307 0.0745795 0.0740608
308 0.0786675 0.0780807
309 0.0824451 0.0817924
310 0.0858973 0.0851812
311 0.0890105 0.088234
312 0.0917724 0.0909385
313 0.0941721 0.0932841
314 0.0962002 0.0952615
315 0.0978486 0.0968631
316 0.0991108 0.0980823
317 0.0999819 0.0989144
318 0.100458 0.0993562
319 0.100539 0.0994059
320 0.100222 0.0990632
321 0.0995095 0.0983296
322 0.0984046 0.097208
323 0.0969112 0.0957027
324 0.0950354 0.0938197
325 0.0927846 0.0915664
326 0.0901676 0.0889518
327 0.0871947 0.0859861
328 0.0838777 0.0826811
329 0.0802296 0.0790497
330 0.076265 0.0751064
331 0.0719994 0.0708667
332 0.0674496 0.0663473
333 0.0626336 0.0615661
334 0.0575704 0.0565419
335 0.05228 0.0512945
336 0.0467833 0.0458447
337 0.041102 0.040214
338 0.0352585 0.0344246
339 0.0292758 0.0284993
340 0.0231776 0.0224615
341 0.0169879 0.0163351
342 0.0107311 0.0101443
343 0.00443202 0.00391335
344 -0.00188456 -0.002333
345 -0.00819371 -0.00857014
346 -0.0144705 -0.0147735
347 -0.0206902 -0.0209185
348 -0.0268283 -0.0269809
349 -0.0328604 -0.0329369
350 -0.0387629 -0.0387629
351 -0.0445124 -0.0444359
352 -0.0500862 -0.0499336
353 -0.0554624 -0.0552342
354 -0.0606197 -0.0603167
355 -0.0655377 -0.0651613
356 -0.0701971 -0.0697487
357 -0.0745795 -0.0740608
358 -0.0786675 -0.0780807
359 -0.0824451 -0.0817924
360 -0.0858973 -0.0851812
361 -0.0890105 -0.088234
362 -0.0917724 -0.0909385
363 -0.0941721 -0.0932841
364 -0.0962002 -0.0952615
365 -0.0978486 -0.0968631
366 -0.0991108 -0.0980823
367 -0.0999819 -0.0989144
368 -0.100458 -0.0993562
369 -0.100539 -0.0994059
370 -0.100222 -0.0990632
371 -0.0995095 -0.0983296
372 -0.0984046 -0.097208
373 -0.0969112 -0.0957027
374 -0.0950354 -0.0938197
375 -0.0927846 -0.0915664
376 -0.0901676 -0.0889518
377 -0.0871947 -0.0859861
378 -0.0838777 -0.0826811
379 -0.0802296 -0.0790497
380 -0.076265 -0.0751064
381 -0.0719994 -0.0708667
382 -0.0674496 -0.0663473
383 -0.0626336 -0.0615661
384 -0.0575704 -0.0565419
385 -0.05228 -0.0512945
386 -0.0467833 -0.0458447
387 -0.041102 -0.040214
388 -0.0352585 -0.0344246
389 -0.0292758 -0.0284993
390 -0.0231776 -0.0224615
391 -0.0169879 -0.0163351
392 -0.0107311 -0.0101443
393 -0.00443202 -0.00391335
394 0.00188456 0.002333
395 0.00819371 0.00857014
396 0.0144705 0.0147735
397 0.0206902 0.0209185
398 0.0268283 0.0269809
399 0.0328604 0.0329369
400 0.0387629 0.0387629
401 0.0445124 0.0444359
402 0.0500862 0.0499336
403 0.0554624 0.0552342
404 0.0606197 0.0603167
405 0.0655377 0.0651613
406 0.0701971 0.0697487
407 0.0745795 0.0740608
408 0.0786675 0.0780807
409 0.0824451 0.0817924
410 0.0858973 0.0851812
411 0.0890105 0.088234
412 0.0917724 0.0909385
413 0.0941721 0.0932841
414 0.0962002 0.0952615
415 0.0978486 0.0968631
416 0.0991108 0.0980823
417 0.0999819 0.0989144
418 0.100458 0.0993562
419 0.100539 0.0994059
420 0.100222 0.0990632
421 0.0995095 0.0983296
422 0.0984046 0.097208
423 0.0969112 0.0957027
424 0.0950354 0.0938197
425 0.0927846 0.0915664
426 0.0901676 0.0889518
427 0.0871947 0.0859861
428 0.0838777 0.0826811
429 0.0802296 0.0790497
430 0.076265 0.0751064
431 0.0719994 0.0708667
432 0.0674496 0.0663473
433 0.0626336 0.0615661
434 0.0575704 0.0565419
435 0.05228 0.0512945
436 0.0467833 0.0458447
437 0.041102 0.040214
438 0.0352585 0.0344246
439 0.0292758 0.0284993
440 0.0231776 0.0224615
441 0.0169879 0.0163351
442 0.0107311 0.0101443
443 0.00443202 0.00391335
444 -0.00188456 -0.002333
445 -0.00819371 -0.00857014
446 -0.0144705 -0.0147735
447 -0.0206902 -0.0209185
448 -0.0268283 -0.0269809
449 -0.0328604 -0.0329369
450 -0.0387629 -0.0387629
451 -0.0445124 -0.0444359
452 -0.0500862 -0.0499336
453 -0.0554624 -0.0552342
454 -0.0606197 -0.0603167
455 -0.0655377 -0.0651613
456 -0.0701971 -0.0697487
457 -0.0745795 -0.0740608
458 -0.0786675 -0.0780807
459 -0.0824451 -0.0817924
460 -0.0858973 -0.0851812
461 -0.0890105 -0.088234
462 -0.0917724 -0.0909385
463 -0.0941721 -0.0932841
464 -0.0962002 -0.0952615
465 -0.0978486 -0.0968631
466 -0.0991108 -0.0980823
467 -0.0999819 -0.0989144
468 -0.100458 -0.0993562
469 -0.100539 -0.0994059
470 -0.100222 -0.0990632
471 -0.0995095 -0.0983296
472 -0.0984046 -0.097208
473 -0.0969112 -0.0957027
474 -0.0950354 -0.0938197
475 -0.0927846 -0.0915664
476 -0.0901676 -0.0889518
477 -0.0871947 -0.0859861
478 -0.0838777 -0.0826811
479 -0.0802296 -0.0790497
480 -0.076265 -0.0751064
481 -0.0719994 -0.0708667
482 -0.0674496 -0.0663473
483 -0.0626336 -0.0615661
484 -0.0575704 -0.0565419
485 -0.05228 -0.0512945
486 -0.0467833 -0.0458447
487 -0.041102 -0.040214
488 -0.0352585 -0.0344246
489 -0.0292758 -0.0284993
490 -0.0231776 -0.0224615
491 -0.0169879 -0.0163351
492 -0.0107311 -0.0101443
493 -0.00443202 -0.00391335
494 0.00188456 0.002333
495 0.00819371 0.00857014
496 0.0144705 0.0147735
497 0.0206902 0.0209185
498 0.0268283 0.0269809
499 0.0328604 0.0329369
500 0.0387629 0.0387629
501 0.0445124 0.0444359
502 0.0500862 0.0499336
503 0.0554624 0.0552342
504 0.0606197 0.0603167
505 0.0655377 0.0651613
506 0.0701971 0.0697487
507 0.0745795 0.0740608
508 0.0786675 0.0780807
509 0.0824451 0.0817924
510 0.0858973 0.0851812
511 0.0890105 0.088234
512 0.0917724 0.0909385
513 0.0941721 0.0932841
514 0.0962002 0.0952615
515 0.0978486 0.0968631
516 0.0991108 0.0980823
517 0.0999819 0.0989144
518 0.100458 0.0993562
519 0.100539 0.0994059
520 0.100222 0.0990632
521 0.0995095 0.0983296
522 0.0984046 0.097208
523 0.0969112 0.0957027
524 0.0950354 0.0938197
525 0.0927846 0.0915664
526 0.0901676 0.0889518
527 0.0871947 0.0859861
528 0.0838777 0.0826811
529 0.0802296 0.0790497
530 0.076265 0.0751064
531 0.0719994 0.0708667
532 0.0674496 0.0663473
533 0.0626336 0.0615661
534 0.0575704 0.0565419
535 0.05228 0.0512945
536 0.0467833 0.0458447
537 0.041102 0.040214
538 0.0352585 0.0344246
539 0.0292758 0.0284993
540 0.0231776 0.0224615
541 0.0169879 0.0163351
542 0.0107311 0.0101443
543 0.00443202 0.00391335
544 -0.00188456 -0.002333
545 -0.00819371 -0.00857014
546 -0.0144705 -0.0147735
547 -0.0206902 -0.0209185
548 -0.0268283 -0.0269809
549 -0.0328604 -0.0329369
550 -0.0387629 -0.0387629
551 -0.0445124 -0.0444359
552 -0.0500862 -0.0499336
553 -0.0554624 -0.0552342
554 -0.0606197 -0.0603167
555 -0.0655377 -0.0651613
556 -0.0701971 -0.0697487
557 -0.0745795 -0.0740608
558 -0.0786675 -0.0780807
559 -0.0824451 -0.0817924
560 -0.0858973 -0.0851812
561 -0.0890105 -0.088234
562 -0.0917724 -0.0909385
563 -0.0941721 -0.0932841
564 -0.0962002 -0.0952615
565 -0.0978486 -0.0968631
566 -0.0991108 -0.0980823
567 -0.0999819 -0.0989144
568 -0.100458 -0.0993562
569 -0.100539 -0.0994059
570 -0.100222 -0.0990632
571 -0.0995095 -0.0983296
572 -0.0984046 -0.097208
573 -0.0969112 -0.0957027
574 -0.0950354 -0.0938197
575 -0.0927846 -0.0915664
576 -0.0901676 -0.0889518
577 -0.0871947 -0.0859861
578 -0.0838777 -0.0826811
579 -0.0802296 -0.0790497
580 -0.076265 -0.0751064
581 -0.0719994 -0.0708667
582 -0.0674496 -0.0663473
583 -0.0626336 -0.0615661
584 -0.0575704 -0.0565419
585 -0.05228 -0.0512945
586 -0.0467833 -0.0458447
587 -0.041102 -0.040214
588 -0.0352585 -0.0344246
589 -0.0292758 -0.0284993
590 -0.0231776 -0.0224615
591 -0.0169879 -0.0163351
592 -0.0107311 -0.0101443
593 -0.00443202 -0.00391335
594 0.00188456 0.002333
595 0.00819371 0.00857014
596 0.0144705 0.0147735
597 0.0206902 0.0209185
598 0.0268283 0.0269809
599 0.0328604 0.0329369
600 0.0387629 0.0387629
601 0.0445124 0.0444359
602 0.0500862 0.0499336
603 0.0554624 0.0552342
604 0.0606197 0.0603167
605 0.0655377 0.0651613
606 0.0701971 0.0697487
607 0.0745795 0.0740608
608 0.0786675 0.0780807
609 0.0824451 0.0817924
610 0.0858973 0.0851812
611 0.0890105 0.088234
612 0.0917724 0.0909385
613 0.0941721 0.0932841
614 0.0962002 0.0952615
615 0.0978486 0.0968631
616 0.0991108 0.0980823
617 0.0999819 0.0989144
618 0.100458 0.0993562
619 0.100539 0.0994059
620 0.100222 0.0990632
621 0.0995095 0.0983296
622 0.0984046 0.097208
623 0.0969112 0.0957027
624 0.0950354 0.0938197
625 0.0927846 0.0915664
626 0.0901676 0.0889518
627 0.0871947 0.0859861
628 0.0838777 0.0826811
629 0.0802296 0.0790497
630 0.076265 0.0751064
631 0.0719994 0.0708667
632 0.0674496 0.0663473
633 0.0626336 0.0615661
634 0.0575704 0.0565419
635 0.05228 0.0512945
636 0.0467833 0.0458447
637 0.041102 0.040214
638 0.0352585 0.0344246
639 0.0292758 0.0284993
640 0.0231776 0.0224615
641 0.0169879 0.0163351
642 0.0107311 0.0101443
643 0.00443202 0.00391335
644 -0.00188456 -0.002333
645 -0.00819371 -0.00857014
646 -0.0144705 -0.0147735
647 -0.0206902 -0.0209185
648 -0.0268283 -0.0269809
649 -0.0328604 -0.0329369
650 -0.0387629 -0.0387629
651 -0.0445124 -0.0444359
652 -0.0500862 -0.0499336
653 -0.0554624 -0.0552342
654 -0.0606197 -0.0603167
655 -0.0655377 -0.0651613
656 -0.0701971 -0.0697487
657 -0.0745795 -0.0740608
658 -0.0786675 -0.0780807
659 -0.0824451 -0.0817924
660 -0.0858973 -0.0851812
661 -0.0890105 -0.088234
662 -0.0917724 -0.0909385
663 -0.0941721 -0.0932841
664 -0.0962002 -0.0952615
665 -0.0978486 -0.0968631
666 -0.0991108 -0.0980823
667 -0.0999819 -0.0989144
668 -0.100458 -0.0993562
669 -0.100539 -0.0994059
670 -0.100222 -0.0990632
671 -0.0995095 -0.0983296
672 -0.0984046 -0.097208
673 -0.0969112 -0.0957027
674 -0.0950354 -0.0938197
675 -0.0927846 -0.0915664
676 -0.0901676 -0.0889518
677 -0.0871947 -0.0859861
678 -0.0838777 -0.0826811
679 -0.0802296 -0.0790497
680 -0.076265 -0.0751064
681 -0.0719994 -0.0708667
682 -0.0674496 -0.0663473
683 -0.0626336 -0.0615661
684 -0.0575704 -0.0565419
685 -0.05228 -0.0512945
686 -0.0467833 -0.0458447
687 -0.041102 -0.040214
688 -0.0352585 -0.0344246
689 -0.0292758 -0.0284993
690 -0.0231776 -0.0224615
691 -0.0169879 -0.0163351
692 -0.0107311 -0.0101443
693 -0.00443202 -0.00391335
694 0.00188456 0.002333
695 0.00819371 0.00857014
696 0.0144705 0.0147735
697 0.0206902 0.0209185
698 0.0268283 0.0269809
699 0.0328604 0.0329369
700 0.0387629 0.0387629
701 0.0445124 0.0444359
702 0.0500862 0.0499336
703 0.0554624 0.0552342
704 0.0606197 0.0603167
705 0.0655377 0.0651613
706 0.0701971 0.0697487
707 0.0745795 0.0740608
708 0.0786675 0.0780807
709 0.0824451 0.0817924
710 0.0858973 0.0851812
711 0.0890105 0.088234
712 0.0917724 0.0909385
713 0.0941721 0.0932841
714 0.0962002 0.0952615
715 0.0978486 0.0968631
716 0.0991108 0.0980823
717 0.0999819 0.0989144
718 0.100458 0.0993562
719 0.100539 0.0994059
720 0.100222 0.0990632
721 0.0995095 0.0983296
722 0.0984046 0.097208
723 0.0969112 0.0957027
724 0.0950354 0.0938197
725 0.0927846 0.0915664
726 0.0901676 0.0889518
727 0.0871947 0.0859861
728 0.0838777 0.0826811
729 0.0802296 0.0790497
730 0.076265 0.0751064
731 0.0719994 0.0708667
732 0.0674496 0.0663473
733 0.0626336 0.0615661
734 0.0575704 0.0565419
735 0.05228 0.0512945
736 0.0467833 0.0458447
737 0.041102 0.040214
738 0.0352585 0.0344246
739 0.0292758 0.0284993
740 0.0231776 0.0224615
741 0.0169879 0.0163351
742 0.0107311 0.0101443
743 0.00443202 0.00391335
744 -0.00188456 -0.002333
745 -0.00819371 -0.00857014
746 -0.0144705 -0.0147735
747 -0.0206902 -0.0209185
748 -0.0268283 -0.0269809
749 -0.0328604 -0.0329369
750 -0.0387629 -0.0387629
751 -0.0445124 -0.0444359
752 -0.0500862 -0.0499336
753 -0.0554624 -0.0552342
754 -0.0606197 -0.0603167
755 -0.0655377 -0.0651613
756 -0.0701971 -0.0697487
757 -0.0745795 -0.0740608
758 -0.0786675 -0.0780807
759 -0.0824451 -0.0817924
760 -0.0858973 -0.0851812
761 -0.0890105 -0.088234
762 -0.0917724 -0.0909385
763 -0.0941721 -0.0932841
764 -0.0962002 -0.0952615
765 -0.0978486 -0.0968631
766 -0.0991108 -0.0980823
767 -0.0999819 -0.0989144
768 -0.100458 -0.0993562
769 -0.100539 -0.0994059
770 -0.100222 -0.0990632
771 -0.0995095 -0.0983296
772 -0.0984046 -0.097208
773 -0.0969112 -0.0957027
774 -0.0950354 -0.0938197
775 -0.0927846 -0.0915664
776 -0.0901676 -0.0889518
777 -0.0871947 -0.0859861
778 -0.0838777 -0.0826811
779 -0.0802296 -0.0790497
780 -0.076265 -0.0751064
781 -0.0719994 -0.0708667
782 -0.0674496 -0.0663473
783 -0.0626336 -0.0615661
784 -0.0575704 -0.0565419
785 -0.05228 -0.0512945
786 -0.0467833 -0.0458447
787 -0.041102 -0.040214
788 -0.0352585 -0.0344246
789 -0.0292758 -0.0284993
790 -0.0231776 -0.0224615
791 -0.0169879 -0.0163351
792 -0.0107311 -0.0101443
793 -0.00443202 -0.00391335
794 0.00188456 0.002333
795 0.00819371 0.00857014
796 0.0144705 0.0147735
797 0.0206902 0.0209185
798 0.0268283 0.0269809
799 0.0328604 0.0329369
800 0.0387629 0.0387629
801 0.0445124 0.0444359
802 0.0500862 0.0499336
803 0.0554624 0.0552342
804 0.0606197 0.0603167
805 0.0655377 0.0651613
806 0.0701971 0.0697487
807 0.0745795 0.0740608
808 0.0786675 0.0780807
809 0.0824451 0.0817924
810 0.0858973 0.0851812
811 0.0890105 0.088234
812 0.0917724 0.0909385
813 0.0941721 0.0932841
814 0.0962002 0.0952615
815 0.0978486 0.0968631
816 0.0991108 0.0980823
817 0.0999819 0.0989144
818 0.100458 0.0993562
819 0.100539 0.0994059
820 0.100222 0.0990632
821 0.0995095 0.0983296
822 0.0984046 0.097208
823 0.0969112 0.0957027
824 0.0950354 0.0938197
825 0.0927846 0.0915664
826 0.0901676 0.0889518
827 0.0871947 0.0859861
828 0.0838777 0.0826811
829 0.0802296 0.0790497
830 0.076265 0.0751064
831 0.0719994 0.0708667
832 0.0674496 0.0663473
833 0.0626336 0.0615661
834 0.0575704 0.0565419
835 0.05228 0.0512945
836 0.0467833 0.0458447
837 0.041102 0.040214
838 0.0352585 0.0344246
839 0.0292758 0.0284993
840 0.0231776 0.0224615
841 0.0169879 0.0163351
842 0.0107311 0.0101443
843 0.00443202 0.00391335
844 -0.00188456 -0.002333
845 -0.00819371 -0.00857014
846 -0.0144705 -0.0147735
847 -0.0206902 -0.0209185
848 -0.0268283 -0.0269809
849 -0.0328604 -0.0329369
850 -0.0387629 -0.0387629
851 -0.0445124 -0.0444359
852 -0.0500862 -0.0499336
853 -0.0554624 -0.0552342
854 -0.0606197 -0.0603167
855 -0.0655377 -0.0651613
856 -0.0701971 -0.0697487
857 -0.0745795 -0.0740608
858 -0.0786675 -0.0780807
859 -0.0824451 -0.0817924
860 -0.0858973 -0.0851812
861 -0.0890105 -0.088234
862 -0.0917724 -0.0909385
863 -0.0941721 -0.0932841
864 -0.0962002 -0.0952615
865 -0.0978486 -0.0968631
866 -0.0991108 -0.0980823
867 -0.0999819 -0.0989144
868 -0.100458 -0.0993562
869 -0.100539 -0.0994059
870 -0.100222 -0.0990632
871 -0.0995095 -0.0983296
872 -0.0984046 -0.097208
873 -0.0969112 -0.0957027
874 -0.0950354 -0.0938197
875 -0.0927846 -0.0915664
876 -0.0901676 -0.0889518
877 -0.0871947 -0.0859861
878 -0.0838777 -0.0826811
879 -0.0802296 -0.0790497
880 -0.076265 -0.0751064
881 -0.0719994 -0.0708667
882 -0.0674496 -0.0663473
883 -0.0626336 -0.0615661
884 -0.0575704 -0.0565419
885 -0.05228 -0.0512945
886 -0.0467833 -0.0458447
887 -0.041102 -0.040214
888 -0.0352585 -0.0344246
889 -0.0292758 -0.0284993
890 -0.0231776 -0.0224615
891 -0.0169879 -0.0163351
892 -0.0107311 -0.0101443
893 -0.00443202 -0.00391335
894 0.00188456 0.002333
895 0.00819371 0.00857014
896 0.0144705 0.0147735
897 0.0206902 0.0209185
898 0.0268283 0.0269809
899 0.0328604 0.0329369
900 0.0387629 0.0387629
901 0.0445124 0.0444359
902 0.0500862 0.0499336
903 0.0554624 0.0552342
904 0.0606197 0.0603167
905 0.0655377 0.0651613
906 0.0701971 0.0697487
907 0.0745795 0.0740608
908 0.0786675 0.0780807
909 0.0824451 0.0817924
910 0.0858973 0.0851812
911 0.0890105 0.088234
912 0.0917724 0.0909385
913 0.0941721 0.0932841
914 0.0962002 0.0952615
915 0.0978486 0.0968631
916 0.0991108 0.0980823
917 0.0999819 0.0989144
918 0.100458 0.0993562
919 0.100539 0.0994059
920 0.100222 0.0990632
921 0.0995095 0.0983296
922 0.0984046 0.097208
923 0.0969112 0.0957027
924 0.0950354 0.0938197
925 0.0927846 0.0915664
926 0.0901676 0.0889518
927 0.0871947 0.0859861
928 0.0838777 0.0826811
929 0.0802296 0.0790497
930 0.076265 0.0751064
931 0.0719994 0.0708667
932 0.0674496 0.0663473
933 0.0626336 0.0615661
934 0.0575704 0.0565419
935 0.05228 0.0512945
936 0.0467833 0.0458447
937 0.041102 0.040214
938 0.0352585 0.0344246
939 0.0292758 0.0284993
940 0.0231776 0.0224615
941 0.0169879 0.0163351
942 0.0107311 0.0101443
943 0.00443202 0.00391335
944 -0.00188456 -0.002333
945 -0.00819371 -0.00857014
946 -0.0144705 -0.0147735
947 -0.0206902 -0.0209185
948 -0.0268283 -0.0269809
949 -0.0328604 -0.0329369
950 -0.0387629 -0.0387629
951 -0.0445124 -0.0444359
952 -0.0500862 -0.0499336
953 -0.0554624 -0.0552342
954 -0.0606197 -0.0603167
955 -0.0655377 -0.0651613
956 -0.0701971 -0.0697487
957 -0.0745795 -0.0740608
958 -0.0786675 -0.0780807
959 -0.0824451 -0.0817924
960 -0.0858973 -0.0851812
961 -0.0890105 -0.088234
962 -0.0917724 -0.0909385
963 -0.0941721 -0.0932841
964 -0.0962002 -0.0952615
965 -0.0978486 -0.0968631
966 -0.0991108 -0.0980823
967 -0.0999819 -0.0989144
968 -0.100458 -0.0993562
969 -0.100539 -0.0994059
970 -0.100222 -0.0990632
971 -0.0995095 -0.0983296
972 -0.0984046 -0.097208
973 -0.0969112 -0.0957027
974 -0.0950354 -0.0938197
975 -0.0927846 -0.0915664
976 -0.0901676 -0.0889518
977 -0.0871947 -0.0859861
978 -0.0838777 -0.0826811
979 -0.0802296 -0.0790497
980 -0.076265 -0.0751064
981 -0.0719994 -0.0708667
982 -0.0674496 -0.0663473
983 -0.0626336 -0.0615661
984 -0.0575704 -0.0565419
985 -0.05228 -0.0512945
986 -0.0467833 -0.0458447
987 -0.041102 -0.040214
988 -0.0352585 -0.0344246
989 -0.0292758 -0.0284993
990 -0.0231776 -0.0224615
991 -0.0169879 -0.0163351
992 -0.0107311 -0.0101443
993 -0.00443202 -0.00391335
994 0.00188456 0.002333
995 0.00819371 0.00857014
996 0.0144705 0.0147735
997 0.0206902 0.0209185
998 0.0268283 0.0269809
999 0.0328604 0.0329369
