0 -0.0383697 -0.0383697
1 -0.0441299 -0.0440542
2 -0.049716 -0.0495649
3 -0.0551058 -0.0548799
4 -0.0602782 -0.0599783
5 -0.0652127 -0.0648401
6 -0.0698898 -0.0694459
7 -0.0742911 -0.0737777
8 -0.0783992 -0.0778183
9 -0.0821979 -0.0815518
10 -0.0856722 -0.0849635
11 -0.0888084 -0.0880398
12 -0.0915941 -0.0907687
13 -0.0940183 -0.0931393
14 -0.0960715 -0.0951424
15 -0.0977455 -0.09677
16 -0.0990338 -0.0980157
17 -0.0999312 -0.0988746
18 -0.100434 -0.0993432
19 -0.100541 -0.0994198
20 -0.100251 -0.099104
21 -0.0995651 -0.0983972
22 -0.0984864 -0.0973019
23 -0.097019 -0.0958227
24 -0.0951688 -0.0939653
25 -0.0929429 -0.0917371
26 -0.0903503 -0.0891468
27 -0.087401 -0.0862047
28 -0.0841069 -0.0829224
29 -0.0804808 -0.0793128
30 -0.0765371 -0.0753903
31 -0.0722913 -0.0711702
32 -0.0677602 -0.0666692
33 -0.0629617 -0.0619051
34 -0.0579148 -0.0568967
35 -0.0526392 -0.0516637
36 -0.047156 -0.0462269
37 -0.0414866 -0.0406076
38 -0.0356535 -0.034828
39 -0.0296797 -0.0289111
40 -0.0235887 -0.02288
41 -0.0174047 -0.0167586
42 -0.011152 -0.0105711
43 -0.00485522 -0.0043418
44 0.00146068 0.00190458
45 0.00777082 0.00814344
46 0.0140503 0.0143502
47 0.0202743 0.0205003
48 0.0264183 0.0265694
49 0.0324581 0.0325338
50 0.0383697 0.0383697
51 0.0441299 0.0440542
52 0.049716 0.0495649
53 0.0551058 0.0548799
54 0.0602782 0.0599783
55 0.0652127 0.0648401
56 0.0698898 0.0694459
57 0.0742911 0.0737777
58 0.0783992 0.0778183
59 0.0821979 0.0815518
60 0.0856722 0.0849635
61 0.0888084 0.0880398
62 0.0915941 0.0907687
63 0.0940183 0.0931393
64 0.0960715 0.0951424
65 0.0977455 0.09677
66 0.0990338 0.0980157
67 0.0999312 0.0988746
68 0.100434 0.0993432
69 0.100541 0.0994198
70 0.100251 0.099104
71 0.0995651 0.0983972
72 0.0984864 0.0973019
73 0.097019 0.0958227
74 0.0951688 0.0939653
75 0.0929429 0.0917371
76 0.0903503 0.0891468
77 0.087401 0.0862047
78 0.0841069 0.0829224
79 0.0804808 0.0793128
80 0.0765371 0.0753903
81 0.0722913 0.0711702
82 0.0677602 0.0666692
83 0.0629617 0.0619051
84 0.0579148 0.0568967
85 0.0526392 0.0516637
86 0.047156 0.0462269
87 0.0414866 0.0406076
88 0.0356535 0.034828
89 0.0296797 0.0289111
90 0.0235887 0.02288
91 0.0174047 0.0167586
92 0.011152 0.0105711
93 0.00485522 0.0043418
94 -0.00146068 -0.00190458
95 -0.00777082 -0.00814344
96 -0.0140503 -0.0143502
97 -0.0202743 -0.0205003
98 -0.0264183 -0.0265694
99 -0.0324581 -0.0325338
100 -0.0383697 -0.0383697
101 -0.0441299 -0.0440542
102 -0.049716 -0.0495649
103 -0.0551058 -0.0548799
104 -0.0602782 -0.0599783
105 -0.0652127 -0.0648401
106 -0.0698898 -0.0694459
107 -0.0742911 -0.0737777
108 -0.0783992 -0.0778183
109 -0.0821979 -0.0815518
110 -0.0856722 -0.0849635
111 -0.0888084 -0.0880398
112 -0.0915941 -0.0907687
113 -0.0940183 -0.0931393
114 -0.0960715 -0.0951424
115 -0.0977455 -0.09677
116 -0.0990338 -0.0980157
117 -0.0999312 -0.0988746
118 -0.100434 -0.0993432
119 -0.100541 -0.0994198
120 -0.100251 -0.099104
121 -0.0995651 -0.0983972
122 -0.0984864 -0.0973019
123 -0.097019 -0.0958227
124 -0.0951688 -0.0939653
125 -0.0929429 -0.0917371
126 -0.0903503 -0.0891468
127 -0.087401 -0.0862047
128 -0.0841069 -0.0829224
129 -0.0804808 -0.0793128
130 -0.0765371 -0.0753903
131 -0.0722913 -0.0711702
132 -0.0677602 -0.0666692
133 -0.0629617 -0.0619051
134 -0.0579148 -0.0568967
135 -0.0526392 -0.0516637
136 -0.047156 -0.0462269
137 -0.0414866 -0.0406076
138 -0.0356535 -0.034828
139 -0.0296797 -0.0289111
140 -0.0235887 -0.02288
141 -0.0174047 -0.0167586
142 -0.011152 -0.0105711
143 -0.00485522 -0.0043418
144 0.00146068 0.00190458
145 0.00777082 0.00814344
146 0.0140503 0.0143502
147 0.0202743 0.0205003
148 0.0264183 0.0265694
149 0.0324581 0.0325338
150 0.0383697 0.0383697
151 0.0441299 0.0440542
152 0.049716 0.0495649
153 0.0551058 0.0548799
154 0.0602782 0.0599783
155 0.0652127 0.0648401
156 0.0698898 0.0694459
157 0.0742911 0.0737777
158 0.0783992 0.0778183
159 0.0821979 0.0815518
160 0.0856722 0.0849635
161 0.0888084 0.0880398
162 0.0915941 0.0907687
163 0.0940183 0.0931393
164 0.0960715 0.0951424
165 0.0977455 0.09677
166 0.0990338 0.0980157
167 0.0999312 0.0988746
168 0.100434 0.0993432
169 0.100541 0.0994198
170 0.100251 0.099104
171 0.0995651 0.0983972
172 0.0984864 0.0973019
173 0.097019 0.0958227
174 0.0951688 0.0939653
175 0.0929429 0.0917371
176 0.0903503 0.0891468
177 0.087401 0.0862047
178 0.0841069 0.0829224
179 0.0804808 0.0793128
180 0.0765371 0.0753903
181 0.0722913 0.0711702
182 0.0677602 0.0666692
183 0.0629617 0.0619051
184 0.0579148 0.0568967
185 0.0526392 0.0516637
186 0.047156 0.0462269
187 0.0414866 0.0406076
188 0.0356535 0.034828
189 0.0296797 0.0289111
190 0.0235887 0.02288
191 0.0174047 0.0167586
192 0.011152 0.0105711
193 0.00485522 0.0043418
194 -0.00146068 -0.00190458
195 -0.00777082 -0.00814344
196 -0.0140503 -0.0143502
197 -0.0202743 -0.0205003
198 -0.0264183 -0.0265694
199 -0.0324581 -0.0325338
200 -0.0383697 -0.0383697
201 -0.0441299 -0.0440542
202 -0.049716 -0.0495649
203 -0.0551058 -0.0548799
204 -0.0602782 -0.0599783
205 -0.0652127 -0.0648401
206 -0.0698898 -0.0694459
207 -0.0742911 -0.0737777
208 -0.0783992 -0.0778183
209 -0.0821979 -0.0815518
210 -0.0856722 -0.0849635
211 -0.0888084 -0.0880398
212 -0.0915941 -0.0907687
213 -0.0940183 -0.0931393
214 -0.0960715 -0.0951424
215 -0.0977455 -0.09677
216 -0.0990338 -0.0980157
217 -0.0999312 -0.0988746
218 -0.100434 -0.0993432
219 -0.100541 -0.0994198
220 -0.100251 -0.099104
221 -0.0995651 -0.0983972
222 -0.0984864 -0.0973019
223 -0.097019 -0.0958227
224 -0.0951688 -0.0939653
225 -0.0929429 -0.0917371
226 -0.0903503 -0.0891468
227 -0.087401 -0.0862047
228 -0.0841069 -0.0829224
229 -0.0804808 -0.0793128
230 -0.0765371 -0.0753903
231 -0.0722913 -0.0711702
232 -0.0677602 -0.0666692
233 -0.0629617 -0.0619051
234 -0.0579148 -0.0568967
235 -0.0526392 -0.0516637
236 -0.047156 -0.0462269
237 -0.0414866 -0.0406076
238 -0.0356535 -0.034828
239 -0.0296797 -0.0289111
240 -0.0235887 -0.02288
241 -0.0174047 -0.0167586
242 -0.011152 -0.0105711
243 -0.00485522 -0.0043418
244 0.00146068 0.00190458
245 0.00777082 0.00814344
246 0.0140503 0.0143502
247 0.0202743 0.0205003
248 0.0264183 0.0265694
249 0.0324581 0.0325338
250 0.0383697 0.0383697
251 0.0441299 0.0440542
252 0.049716 0.0495649
253 0.0551058 0.0548799
254 0.0602782 0.0599783
255 0.0652127 0.0648401
256 0.0698898 0.0694459
257 0.0742911 0.0737777
258 0.0783992 0.0778183
259 0.0821979 0.0815518
260 0.0856722 0.0849635
261 0.0888084 0.0880398
262 0.0915941 0.0907687
263 0.0940183 0.0931393
264 0.0960715 0.0951424
265 0.0977455 0.09677
266 0.0990338 0.0980157
267 0.0999312 0.0988746
268 0.100434 0.0993432
269 0.100541 0.0994198
270 0.100251 0.099104
271 0.0995651 0.0983972
272 0.0984864 0.0973019
273 0.097019 0.0958227
274 0.0951688 0.0939653
275 0.0929429 0.0917371
276 0.0903503 0.0891468
277 0.087401 0.0862047
278 0.0841069 0.0829224
279 0.0804808 0.0793128
280 0.0765371 0.0753903
281 0.0722913 0.0711702
282 0.0677602 0.0666692
283 0.0629617 0.0619051
284 0.0579148 0.0568967
285 0.0526392 0.0516637
286 0.047156 0.0462269
287 0.0414866 0.0406076
288 0.0356535 0.034828
289 0.0296797 0.0289111
290 0.0235887 0.02288
291 0.0174047 0.0167586
292 0.011152 0.0105711
293 0.00485522 0.0043418
294 -0.00146068 -0.00190458
295 -0.00777082 -0.00814344
296 -0.0140503 -0.0143502
297 -0.0202743 -0.0205003
298 -0.0264183 -0.0265694
299 -0.0324581 -0.0325338
300 -0.0383697 -0.0383697
301 -0.0441299 -0.0440542
302 -0.049716 -0.0495649
303 -0.0551058 -0.0548799
304 -0.0602782 -0.0599783
305 -0.0652127 -0.0648401
306 -0.0698898 -0.0694459
307 -0.0742911 -0.0737777
308 -0.0783992 -0.0778183
309 -0.0821979 -0.0815518
310 -0.0856722 -0.0849635
311 -0.0888084 -0.0880398
312 -0.0915941 -0.0907687
313 -0.0940183 -0.0931393
314 -0.0960715 -0.0951424
315 -0.0977455 -0.09677
316 -0.0990338 -0.0980157
317 -0.0999312 -0.0988746
318 -0.100434 -0.0993432
319 -0.100541 -0.0994198
320 -0.100251 -0.099104
321 -0.0995651 -0.0983972
322 -0.0984864 -0.0973019
323 -0.097019 -0.0958227
324 -0.0951688 -0.0939653
325 -0.0929429 -0.0917371
326 -0.0903503 -0.0891468
327 -0.087401 -0.0862047
328 -0.0841069 -0.0829224
329 -0.0804808 -0.0793128
330 -0.0765371 -0.0753903
331 -0.0722913 -0.0711702
332 -0.0677602 -0.0666692
333 -0.0629617 -0.0619051
334 -0.0579148 -0.0568967
335 -0.0526392 -0.0516637
336 -0.047156 -0.0462269
337 -0.0414866 -0.0406076
338 -0.0356535 -0.034828
339 -0.0296797 -0.0289111
340 -0.0235887 -0.02288
341 -0.0174047 -0.0167586
342 -0.011152 -0.0105711
343 -0.00485522 -0.0043418
344 0.00146068 0.00190458
345 0.00777082 0.00814344
346 0.0140503 0.0143502
347 0.0202743 0.0205003
348 0.0264183 0.0265694
349 0.0324581 0.0325338
350 0.0383697 0.0383697
351 0.0441299 0.0440542
352 0.049716 0.0495649
353 0.0551058 0.0548799
354 0.0602782 0.0599783
355 0.0652127 0.0648401
356 0.0698898 0.0694459
357 0.0742911 0.0737777
358 0.0783992 0.0778183
359 0.0821979 0.0815518
360 0.0856722 0.0849635
361 0.0888084 0.0880398
362 0.0915941 0.0907687
363 0.0940183 0.0931393
364 0.0960715 0.0951424
365 0.0977455 0.09677
366 0.0990338 0.0980157
367 0.0999312 0.0988746
368 0.100434 0.0993432
369 0.100541 0.0994198
370 0.100251 0.099104
371 0.0995651 0.0983972
372 0.0984864 0.0973019
373 0.097019 0.0958227
374 0.0951688 0.0939653
375 0.0929429 0.0917371
376 0.0903503 0.0891468
377 0.087401 0.0862047
378 0.0841069 0.0829224
379 0.0804808 0.0793128
380 0.0765371 0.0753903
381 0.0722913 0.0711702
382 0.0677602 0.0666692
383 0.0629617 0.0619051
384 0.0579148 0.0568967
385 0.0526392 0.0516637
386 0.047156 0.0462269
387 0.0414866 0.0406076
388 0.0356535 0.034828
389 0.0296797 0.0289111
390 0.0235887 0.02288
391 0.0174047 0.0167586
392 0.011152 0.0105711
393 0.00485522 0.0043418
394 -0.00146068 -0.00190458
395 -0.00777082 -0.00814344
396 -0.0140503 -0.0143502
397 -0.0202743 -0.0205003
398 -0.0264183 -0.0265694
399 -0.0324581 -0.0325338
400 -0.0383697 -0.0383697
401 -0.0441299 -0.0440542
402 -0.049716 -0.0495649
403 -0.0551058 -0.0548799
404 -0.0602782 -0.0599783
405 -0.0652127 -0.0648401
406 -0.0698898 -0.0694459
407 -0.0742911 -0.0737777
408 -0.0783992 -0.0778183
409 -0.0821979 -0.0815518
410 -0.0856722 -0.0849635
411 -0.0888084 -0.0880398
412 -0.0915941 -0.0907687
413 -0.0940183 -0.0931393
414 -0.0960715 -0.0951424
415 -0.0977455 -0.09677
416 -0.0990338 -0.0980157
417 -0.0999312 -0.0988746
418 -0.100434 -0.0993432
419 -0.100541 -0.0994198
420 -0.100251 -0.099104
421 -0.0995651 -0.0983972
422 -0.0984864 -0.0973019
423 -0.097019 -0.0958227
424 -0.0951688 -0.0939653
425 -0.0929429 -0.0917371
426 -0.0903503 -0.0891468
427 -0.087401 -0.0862047
428 -0.0841069 -0.0829224
429 -0.0804808 -0.0793128
430 -0.0765371 -0.0753903
431 -0.0722913 -0.0711702
432 -0.0677602 -0.0666692
433 -0.0629617 -0.0619051
434 -0.0579148 -0.0568967
435 -0.0526392 -0.0516637
436 -0.047156 -0.0462269
437 -0.0414866 -0.0406076
438 -0.0356535 -0.034828
439 -0.0296797 -0.0289111
440 -0.0235887 -0.02288
441 -0.0174047 -0.0167586
442 -0.011152 -0.0105711
443 -0.00485522 -0.0043418
444 0.00146068 0.00190458
445 0.00777082 0.00814344
446 0.0140503 0.0143502
447 0.0202743 0.0205003
448 0.0264183 0.0265694
449 0.0324581 0.0325338
450 0.0383697 0.0383697
451 0.0441299 0.0440542
452 0.049716 0.0495649
453 0.0551058 0.0548799
454 0.0602782 0.0599783
455 0.0652127 0.0648401
456 0.0698898 0.0694459
457 0.0742911 0.0737777
458 0.0783992 0.0778183
459 0.0821979 0.0815518
460 0.0856722 0.0849635
461 0.0888084 0.0880398
462 0.0915941 0.0907687
463 0.0940183 0.0931393
464 0.0960715 0.0951424
465 0.0977455 0.09677
466 0.0990338 0.0980157
467 0.0999312 0.0988746
468 0.100434 0.0993432
469 0.100541 0.0994198
470 0.100251 0.099104
471 0.0995651 0.0983972
472 0.0984864 0.0973019
473 0.097019 0.0958227
474 0.0951688 0.0939653
475 0.0929429 0.0917371
476 0.0903503 0.0891468
477 0.087401 0.0862047
478 0.0841069 0.0829224
479 0.0804808 0.0793128
480 0.0765371 0.0753903
481 0.0722913 0.0711702
482 0.0677602 0.0666692
483 0.0629617 0.0619051
484 0.0579148 0.0568967
485 0.0526392 0.0516637
486 0.047156 0.0462269
487 0.0414866 0.0406076
488 0.0356535 0.034828
489 0.0296797 0.0289111
490 0.0235887 0.02288
491 0.0174047 0.0167586
492 0.011152 0.0105711
493 0.00485522 0.0043418
494 -0.00146068 -0.00190458
495 -0.00777082 -0.00814344
496 -0.0140503 -0.0143502
497 -0.0202743 -0.0205003
498 -0.0264183 -0.0265694
499 -0.0324581 -0.0325338
500 -0.0383697 -0.0383697
501 -0.0441299 -0.0440542
502 -0.049716 -0.0495649
503 -0.0551058 -0.0548799
504 -0.0602782 -0.0599783
505 -0.0652127 -0.0648401
506 -0.0698898 -0.0694459
507 -0.0742911 -0.0737777
508 -0.0783992 -0.0778183
509 -0.0821979 -0.0815518
510 -0.0856722 -0.0849635
511 -0.0888084 -0.0880398
512 -0.0915941 -0.0907687
513 -0.0940183 -0.0931393
514 -0.0960715 -0.0951424
515 -0.0977455 -0.09677
516 -0.0990338 -0.0980157
517 -0.0999312 -0.0988746
518 -0.100434 -0.0993432
519 -0.100541 -0.0994198
520 -0.100251 -0.099104
521 -0.0995651 -0.0983972
522 -0.0984864 -0.0973019
523 -0.097019 -0.0958227
524 -0.0951688 -0.0939653
525 -0.0929429 -0.0917371
526 -0.0903503 -0.0891468
527 -0.087401 -0.0862047
528 -0.0841069 -0.0829224
529 -0.0804808 -0.0793128
530 -0.0765371 -0.0753903
531 -0.0722913 -0.0711702
532 -0.0677602 -0.0666692
533 -0.0629617 -0.0619051
534 -0.0579148 -0.0568967
535 -0.0526392 -0.0516637
536 -0.047156 -0.0462269
537 -0.0414866 -0.0406076
538 -0.0356535 -0.034828
539 -0.0296797 -0.0289111
540 -0.0235887 -0.02288
541 -0.0174047 -0.0167586
542 -0.011152 -0.0105711
543 -0.00485522 -0.0043418
544 0.00146068 0.00190458
545 0.00777082 0.00814344
546 0.0140503 0.0143502
547 0.0202743 0.0205003
548 0.0264183 0.0265694
549 0.0324581 0.0325338
550 0.0383697 0.0383697
551 0.0441299 0.0440542
552 0.049716 0.0495649
553 0.0551058 0.0548799
554 0.0602782 0.0599783
555 0.0652127 0.0648401
556 0.0698898 0.0694459
557 0.0742911 0.0737777
558 0.0783992 0.0778183
559 0.0821979 0.0815518
560 0.0856722 0.0849635
561 0.0888084 0.0880398
562 0.0915941 0.0907687
563 0.0940183 0.0931393
564 0.0960715 0.0951424
565 0.0977455 0.09677
566 0.0990338 0.0980157
567 0.0999312 0.0988746
568 0.100434 0.0993432
569 0.100541 0.0994198
570 0.100251 0.099104
571 0.0995651 0.0983972
572 0.0984864 0.0973019
573 0.097019 0.0958227
574 0.0951688 0.0939653
575 0.0929429 0.0917371
576 0.0903503 0.0891468
577 0.087401 0.0862047
578 0.0841069 0.0829224
579 0.0804808 0.0793128
580 0.0765371 0.0753903
581 0.0722913 0.0711702
582 0.0677602 0.0666692
583 0.0629617 0.0619051
584 0.0579148 0.0568967
585 0.0526392 0.0516637
586 0.047156 0.0462269
587 0.0414866 0.0406076
588 0.0356535 0.034828
589 0.0296797 0.0289111
590 0.0235887 0.02288
591 0.0174047 0.0167586
592 0.011152 0.0105711
593 0.00485522 0.0043418
594 -0.00146068 -0.00190458
595 -0.00777082 -0.00814344
596 -0.0140503 -0.0143502
597 -0.0202743 -0.0205003
598 -0.0264183 -0.0265694
599 -0.0324581 -0.0325338
600 -0.0383697 -0.0383697
601 -0.0441299 -0.0440542
602 -0.049716 -0.0495649
603 -0.0551058 -0.0548799
604 -0.0602782 -0.0599783
605 -0.0652127 -0.0648401
606 -0.0698898 -0.0694459
607 -0.0742911 -0.0737777
608 -0.0783992 -0.0778183
609 -0.0821979 -0.0815518
610 -0.0856722 -0.0849635
611 -0.0888084 -0.0880398
612 -0.0915941 -0.0907687
613 -0.0940183 -0.0931393
614 -0.0960715 -0.0951424
615 -0.0977455 -0.09677
616 -0.0990338 -0.0980157
617 -0.0999312 -0.0988746
618 -0.100434 -0.0993432
619 -0.100541 -0.0994198
620 -0.100251 -0.099104
621 -0.0995651 -0.0983972
622 -0.0984864 -0.0973019
623 -0.097019 -0.0958227
624 -0.0951688 -0.0939653
625 -0.0929429 -0.0917371
626 -0.0903503 -0.0891468
627 -0.087401 -0.0862047
628 -0.0841069 -0.0829224
629 -0.0804808 -0.0793128
630 -0.0765371 -0.0753903
631 -0.0722913 -0.0711702
632 -0.0677602 -0.0666692
633 -0.0629617 -0.0619051
634 -0.0579148 -0.0568967
635 -0.0526392 -0.0516637
636 -0.047156 -0.0462269
637 -0.0414866 -0.0406076
638 -0.0356535 -0.034828
639 -0.0296797 -0.0289111
640 -0.0235887 -0.02288
641 -0.0174047 -0.0167586
642 -0.011152 -0.0105711
643 -0.00485522 -0.0043418
644 0.00146068 0.00190458
645 0.00777082 0.00814344
646 0.0140503 0.0143502
647 0.0202743 0.0205003
648 0.0264183 0.0265694
649 0.0324581 0.0325338
650 0.0383697 0.0383697
651 0.0441299 0.0440542
652 0.049716 0.0495649
653 0.0551058 0.0548799
654 0.0602782 0.0599783
655 0.0652127 0.0648401
656 0.0698898 0.0694459
657 0.0742911 0.0737777
658 0.0783992 0.0778183
659 0.0821979 0.0815518
660 0.0856722 0.0849635
661 0.0888084 0.0880398
662 0.0915941 0.0907687
663 0.0940183 0.0931393
664 0.0960715 0.0951424
665 0.0977455 0.09677
666 0.0990338 0.0980157
667 0.0999312 0.0988746
668 0.100434 0.0993432
669 0.100541 0.0994198
670 0.100251 0.099104
671 0.0995651 0.0983972
672 0.0984864 0.0973019
673 0.097019 0.0958227
674 0.0951688 0.0939653
675 0.0929429 0.0917371
676 0.0903503 0.0891468
677 0.087401 0.0862047
678 0.0841069 0.0829224
679 0.0804808 0.0793128
680 0.0765371 0.0753903
681 0.0722913 0.0711702
682 0.0677602 0.0666692
683 0.0629617 0.0619051
684 0.0579148 0.0568967
685 0.0526392 0.0516637
686 0.047156 0.0462269
687 0.0414866 0.0406076
688 0.0356535 0.034828
689 0.0296797 0.0289111
690 0.0235887 0.02288
691 0.0174047 0.0167586
692 0.011152 0.0105711
693 0.00485522 0.0043418
694 -0.00146068 -0.00190458
695 -0.00777082 -0.00814344
696 -0.0140503 -0.0143502
697 -0.0202743 -0.0205003
698 -0.0264183 -0.0265694
699 -0.0324581 -0.0325338
700 -0.0383697 -0.0383697
701 -0.0441299 -0.0440542
702 -0.049716 -0.0495649
703 -0.0551058 -0.0548799
704 -0.0602782 -0.0599783
705 -0.0652127 -0.0648401
706 -0.0698898 -0.0694459
707 -0.0742911 -0.0737777
708 -0.0783992 -0.0778183
709 -0.0821979 -0.0815518
710 -0.0856722 -0.0849635
711 -0.0888084 -0.0880398
712 -0.0915941 -0.0907687
713 -0.0940183 -0.0931393
714 -0.0960715 -0.0951424
715 -0.0977455 -0.09677
716 -0.0990338 -0.0980157
717 -0.0999312 -0.0988746
718 -0.100434 -0.0993432
719 -0.100541 -0.0994198
720 -0.100251 -0.099104
721 -0.0995651 -0.0983972
722 -0.0984864 -0.0973019
723 -0.097019 -0.0958227
724 -0.0951688 -0.0939653
725 -0.0929429 -0.0917371
726 -0.0903503 -0.0891468
727 -0.087401 -0.0862047
728 -0.0841069 -0.0829224
729 -0.0804808 -0.0793128
730 -0.0765371 -0.0753903
731 -0.0722913 -0.0711702
732 -0.0677602 -0.0666692
733 -0.0629617 -0.0619051
734 -0.0579148 -0.0568967
735 -0.0526392 -0.0516637
736 -0.047156 -0.0462269
737 -0.0414866 -0.0406076
738 -0.0356535 -0.034828
739 -0.0296797 -0.0289111
740 -0.0235887 -0.02288
741 -0.0174047 -0.0167586
742 -0.011152 -0.0105711
743 -0.00485522 -0.0043418
744 0.00146068 0.00190458
745 0.00777082 0.00814344
746 0.0140503 0.0143502
747 0.0202743 0.0205003
748 0.0264183 0.0265694
749 0.0324581 0.0325338
750 0.0383697 0.0383697
751 0.0441299 0.0440542
752 0.049716 0.0495649
753 0.0551058 0.0548799
754 0.0602782 0.0599783
755 0.0652127 0.0648401
756 0.0698898 0.0694459
757 0.0742911 0.0737777
758 0.0783992 0.0778183
759 0.0821979 0.0815518
760 0.0856722 0.0849635
761 0.0888084 0.0880398
762 0.0915941 0.0907687
763 0.0940183 0.0931393
764 0.0960715 0.0951424
765 0.0977455 0.09677
766 0.0990338 0.0980157
767 0.0999312 0.0988746
768 0.100434 0.0993432
769 0.100541 0.0994198
770 0.100251 0.099104
771 0.0995651 0.0983972
772 0.0984864 0.0973019
773 0.097019 0.0958227
774 0.0951688 0.0939653
775 0.0929429 0.0917371
776 0.0903503 0.0891468
777 0.087401 0.0862047
778 0.0841069 0.0829224
779 0.0804808 0.0793128
780 0.0765371 0.0753903
781 0.0722913 0.0711702
782 0.0677602 0.0666692
783 0.0629617 0.0619051
784 0.0579148 0.0568967
785 0.0526392 0.0516637
786 0.047156 0.0462269
787 0.0414866 0.0406076
788 0.0356535 0.034828
789 0.0296797 0.0289111
790 0.0235887 0.02288
791 0.0174047 0.0167586
792 0.011152 0.0105711
793 0.00485522 0.0043418
794 -0.00146068 -0.00190458
795 -0.00777082 -0.00814344
796 -0.0140503 -0.0143502
797 -0.0202743 -0.0205003
798 -0.0264183 -0.0265694
799 -0.0324581 -0.0325338
800 -0.0383697 -0.0383697
801 -0.0441299 -0.0440542
802 -0.049716 -0.0495649
803 -0.0551058 -0.0548799
804 -0.0602782 -0.0599783
805 -0.0652127 -0.0648401
806 -0.0698898 -0.0694459
807 -0.0742911 -0.0737777
808 -0.0783992 -0.0778183
809 -0.0821979 -0.0815518
810 -0.0856722 -0.0849635
811 -0.0888084 -0.0880398
812 -0.0915941 -0.0907687
813 -0.0940183 -0.0931393
814 -0.0960715 -0.0951424
815 -0.0977455 -0.09677
816 -0.0990338 -0.0980157
817 -0.0999312 -0.0988746
818 -0.100434 -0.0993432
819 -0.100541 -0.0994198
820 -0.100251 -0.099104
821 -0.0995651 -0.0983972
822 -0.0984864 -0.0973019
823 -0.097019 -0.0958227
824 -0.0951688 -0.0939653
825 -0.0929429 -0.0917371
826 -0.0903503 -0.0891468
827 -0.087401 -0.0862047
828 -0.0841069 -0.0829224
829 -0.0804808 -0.0793128
830 -0.0765371 -0.0753903
831 -0.0722913 -0.0711702
832 -0.0677602 -0.0666692
833 -0.0629617 -0.0619051
834 -0.0579148 -0.0568967
835 -0.0526392 -0.0516637
836 -0.047156 -0.0462269
837 -0.0414866 -0.0406076
838 -0.0356535 -0.034828
839 -0.0296797 -0.0289111
840 -0.0235887 -0.02288
841 -0.0174047 -0.0167586
842 -0.011152 -0.0105711
843 -0.00485522 -0.0043418
844 0.00146068 0.00190458
845 0.00777082 0.00814344
846 0.0140503 0.0143502
847 0.0202743 0.0205003
848 0.0264183 0.0265694
849 0.0324581 0.0325338
850 0.0383697 0.0383697
851 0.0441299 0.0440542
852 0.049716 0.0495649
853 0.0551058 0.0548799
854 0.0602782 0.0599783
855 0.0652127 0.0648401
856 0.0698898 0.0694459
857 0.0742911 0.0737777
858 0.0783992 0.0778183
859 0.0821979 0.0815518
860 0.0856722 0.0849635
861 0.0888084 0.0880398
862 0.0915941 0.0907687
863 0.0940183 0.0931393
864 0.0960715 0.0951424
865 0.0977455 0.09677
866 0.0990338 0.0980157
867 0.0999312 0.0988746
868 0.100434 0.0993432
869 0.100541 0.0994198
870 0.100251 0.099104
871 0.0995651 0.0983972
872 0.0984864 0.0973019
873 0.097019 0.0958227
874 0.0951688 0.0939653
875 0.0929429 0.0917371
876 0.0903503 0.0891468
877 0.087401 0.0862047
878 0.0841069 0.0829224
879 0.0804808 0.0793128
880 0.0765371 0.0753903
881 0.0722913 0.0711702
882 0.0677602 0.0666692
883 0.0629617 0.0619051
884 0.0579148 0.0568967
885 0.0526392 0.0516637
886 0.047156 0.0462269
887 0.0414866 0.0406076
888 0.0356535 0.034828
889 0.0296797 0.0289111
890 0.0235887 0.02288
891 0.0174047 0.0167586
892 0.011152 0.0105711
893 0.00485522 0.0043418
894 -0.00146068 -0.00190458
895 -0.00777082 -0.00814344
896 -0.0140503 -0.0143502
897 -0.0202743 -0.0205003
898 -0.0264183 -0.0265694
899 -0.0324581 -0.0325338
900 -0.0383697 -0.0383697
901 -0.0441299 -0.0440542
902 -0.049716 -0.0495649
903 -0.0551058 -0.0548799
904 -0.0602782 -0.0599783
905 -0.0652127 -0.0648401
906 -0.0698898 -0.0694459
907 -0.0742911 -0.0737777
908 -0.0783992 -0.0778183
909 -0.0821979 -0.0815518
910 -0.0856722 -0.0849635
911 -0.0888084 -0.0880398
912 -0.0915941 -0.0907687
913 -0.0940183 -0.0931393
914 -0.0960715 -0.0951424
915 -0.0977455 -0.09677
916 -0.0990338 -0.0980157
917 -0.0999312 -0.0988746
918 -0.100434 -0.0993432
919 -0.100541 -0.0994198
920 -0.100251 -0.099104
921 -0.0995651 -0.0983972
922 -0.0984864 -0.0973019
923 -0.097019 -0.0958227
924 -0.0951688 -0.0939653
925 -0.0929429 -0.0917371
926 -0.0903503 -0.0891468
927 -0.087401 -0.0862047
928 -0.0841069 -0.0829224
929 -0.0804808 -0.0793128
930 -0.0765371 -0.0753903
931 -0.0722913 -0.0711702
932 -0.0677602 -0.0666692
933 -0.0629617 -0.0619051
934 -0.0579148 -0.0568967
935 -0.0526392 -0.0516637
936 -0.047156 -0.0462269
937 -0.0414866 -0.0406076
938 -0.0356535 -0.034828
939 -0.0296797 -0.0289111
940 -0.0235887 -0.02288
941 -0.0174047 -0.0167586
942 -0.011152 -0.0105711
943 -0.00485522 -0.0043418
944 0.00146068 0.00190458
945 0.00777082 0.00814344
946 0.0140503 0.0143502
947 0.0202743 0.0205003
948 0.0264183 0.0265694
949 0.0324581 0.0325338
950 0.0383697 0.0383697
951 0.0441299 0.0440542
952 0.049716 0.0495649
953 0.0551058 0.0548799
954 0.0602782 0.0599783
955 0.0652127 0.0648401
956 0.0698898 0.0694459
957 0.0742911 0.0737777
958 0.0783992 0.0778183
959 0.0821979 0.0815518
960 0.0856722 0.0849635
961 0.0888084 0.0880398
962 0.0915941 0.0907687
963 0.0940183 0.0931393
964 0.0960715 0.0951424
965 0.0977455 0.09677
966 0.0990338 0.0980157
967 0.0999312 0.0988746
968 0.100434 0.0993432
969 0.100541 0.0994198
970 0.100251 0.099104
971 0.0995651 0.0983972
972 0.0984864 0.0973019
973 0.097019 0.0958227
974 0.0951688 0.0939653
975 0.0929429 0.0917371
976 0.0903503 0.0891468
977 0.087401 0.0862047
978 0.0841069 0.0829224
979 0.0804808 0.0793128
980 0.0765371 0.0753903
981 0.0722913 0.0711702
982 0.0677602 0.0666692
983 0.0629617 0.0619051
984 0.0579148 0.0568967
985 0.0526392 0.0516637
986 0.047156 0.0462269
987 0.0414866 0.0406076
988 0.0356535 0.034828
989 0.0296797 0.0289111
990 0.0235887 0.02288
991 0.0174047 0.0167586
992 0.011152 0.0105711
993 0.00485522 0.0043418
994 -0.00146068 -0.00190458
995 -0.00777082 -0.00814344
996 -0.0140503 -0.0143502
997 -0.0202743 -0.0205003
998 -0.0264183 -0.0265694
999 -0.0324581 -0.0325338
