0 0.0578706 0.0578706
1 0.0526937 0.0525795
2 0.0473088 0.0470809
3 0.0417372 0.0413964
4 0.0360009 0.0355486
5 0.0301225 0.0295605
6 0.0241252 0.0234557
7 0.0180327 0.0172584
8 0.0118691 0.0109929
9 0.00565859 0.0046841
10 -0.000574237 -0.00164322
11 -0.0068048 -0.00796405
12 -0.0130085 -0.0142535
13 -0.0191609 -0.0204866
14 -0.0252376 -0.0266389
15 -0.0312148 -0.0326861
16 -0.0370687 -0.0386043
17 -0.0427764 -0.0443701
18 -0.0483152 -0.0499608
19 -0.0536634 -0.0553543
20 -0.0587998 -0.0605294
21 -0.0637041 -0.0654656
22 -0.068357 -0.0701435
23 -0.0727402 -0.0745445
24 -0.0768362 -0.0786513
25 -0.0806291 -0.0824477
26 -0.0841037 -0.0859187
27 -0.0872464 -0.0890507
28 -0.0900448 -0.0918312
29 -0.0924878 -0.0942493
30 -0.0945658 -0.0962954
31 -0.0962706 -0.0979615
32 -0.0975955 -0.099241
33 -0.0985352 -0.100129
34 -0.099086 -0.100622
35 -0.0992458 -0.100717
36 -0.0990139 -0.100415
37 -0.0983912 -0.099717
38 -0.0973803 -0.0986252
39 -0.095985 -0.0971442
40 -0.0942109 -0.0952799
41 -0.092065 -0.0930395
42 -0.0895558 -0.0904319
43 -0.0866931 -0.0874675
44 -0.0834883 -0.0841578
45 -0.079954 -0.080516
46 -0.0761042 -0.0765564
47 -0.071954 -0.0722948
48 -0.0675198 -0.0677478
49 -0.0628192 -0.0629334
50 -0.0578706 -0.0578706
51 -0.0526937 -0.0525795
52 -0.0473088 -0.0470809
53 -0.0417372 -0.0413964
54 -0.0360009 -0.0355486
55 -0.0301225 -0.0295605
56 -0.0241252 -0.0234557
57 -0.0180327 -0.0172584
58 -0.0118691 -0.0109929
59 -0.00565859 -0.0046841
60 0.000574237 0.00164322
61 0.0068048 0.00796405
62 0.0130085 0.0142535
63 0.0191609 0.0204866
64 0.0252376 0.0266389
65 0.0312148 0.0326861
66 0.0370687 0.0386043
67 0.0427764 0.0443701
68 0.0483152 0.0499608
69 0.0536634 0.0553543
70 0.0587998 0.0605294
71 0.0637041 0.0654656
72 0.068357 0.0701435
73 0.0727402 0.0745445
74 0.0768362 0.0786513
75 0.0806291 0.0824477
76 0.0841037 0.0859187
77 0.0872464 0.0890507
78 0.0900448 0.0918312
79 0.0924878 0.0942493
80 0.0945658 0.0962954
81 0.0962706 0.0979615
82 0.0975955 0.099241
83 0.0985352 0.100129
84 0.099086 0.100622
85 0.0992458 0.100717
86 0.0990139 0.100415
87 0.0983912 0.099717
88 0.0973803 0.0986252
89 0.095985 0.0971442
90 0.0942109 0.0952799
91 0.092065 0.0930395
92 0.0895558 0.0904319
93 0.0866931 0.0874675
94 0.0834883 0.0841578
95 0.079954 0.080516
96 0.0761042 0.0765564
97 0.071954 0.0722948
98 0.0675198 0.0677478
99 0.0628192 0.0629334
100 0.0578706 0.0578706
101 0.0526937 0.0525795
102 0.0473088 0.0470809
103 0.0417372 0.0413964
104 0.0360009 0.0355486
105 0.0301225 0.0295605
106 0.0241252 0.0234557
107 0.0180327 0.0172584
108 0.0118691 0.0109929
109 0.00565859 0.0046841
110 -0.000574237 -0.00164322
111 -0.0068048 -0.00796405
112 -0.0130085 -0.0142535
113 -0.0191609 -0.0204866
114 -0.0252376 -0.0266389
115 -0.0312148 -0.0326861
116 -0.0370687 -0.0386043
117 -0.0427764 -0.0443701
118 -0.0483152 -0.0499608
119 -0.0536634 -0.0553543
120 -0.0587998 -0.0605294
121 -0.0637041 -0.0654656
122 -0.068357 -0.0701435
123 -0.0727402 -0.0745445
124 -0.0768362 -0.0786513
125 -0.0806291 -0.0824477
126 -0.0841037 -0.0859187
127 -0.0872464 -0.0890507
128 -0.0900448 -0.0918312
129 -0.0924878 -0.0942493
130 -0.0945658 -0.0962954
131 -0.0962706 -0.0979615
132 -0.0975955 -0.099241
133 -0.0985352 -0.100129
134 -0.099086 -0.100622
135 -0.0992458 -0.100717
136 -0.0990139 -0.100415
137 -0.0983912 -0.099717
138 -0.0973803 -0.0986252
139 -0.095985 -0.0971442
140 -0.0942109 -0.0952799
141 -0.092065 -0.0930395
142 -0.0895558 -0.0904319
143 -0.0866931 -0.0874675
144 -0.0834883 -0.0841578
145 -0.079954 -0.080516
146 -0.0761042 -0.0765564
147 -0.071954 -0.0722948
148 -0.0675198 -0.0677478
149 -0.0628192 -0.0629334
150 -0.0578706 -0.0578706
151 -0.0526937 -0.0525795
152 -0.0473088 -0.0470809
153 -0.0417372 -0.0413964
154 -0.0360009 -0.0355486
155 -0.0301225 -0.0295605
156 -0.0241252 -0.0234557
157 -0.0180327 -0.0172584
158 -0.0118691 -0.0109929
159 -0.00565859 -0.0046841
160 0.000574237 0.00164322
161 0.0068048 0.00796405
162 0.0130085 0.0142535
163 0.0191609 0.0204866
164 0.0252376 0.0266389
165 0.0312148 0.0326861
166 0.0370687 0.0386043
167 0.0427764 0.0443701
168 0.0483152 0.0499608
169 0.0536634 0.0553543
170 0.0587998 0.0605294
171 0.0637041 0.0654656
172 0.068357 0.0701435
173 0.0727402 0.0745445
174 0.0768362 0.0786513
175 0.0806291 0.0824477
176 0.0841037 0.0859187
177 0.0872464 0.0890507
178 0.0900448 0.0918312
179 0.0924878 0.0942493
180 0.0945658 0.0962954
181 0.0962706 0.0979615
182 0.0975955 0.099241
183 0.0985352 0.100129
184 0.099086 0.100622
185 0.0992458 0.100717
186 0.0990139 0.100415
187 0.0983912 0.099717
188 0.0973803 0.0986252
189 0.095985 0.0971442
190 0.0942109 0.0952799
191 0.092065 0.0930395
192 0.0895558 0.0904319
193 0.0866931 0.0874675
194 0.0834883 0.0841578
195 0.079954 0.080516
196 0.0761042 0.0765564
197 0.071954 0.0722948
198 0.0675198 0.0677478
199 0.0628192 0.0629334
200 0.0578706 0.0578706
201 0.0526937 0.0525795
202 0.0473088 0.0470809
203 0.0417372 0.0413964
204 0.0360009 0.0355486
205 0.0301225 0.0295605
206 0.0241252 0.0234557
207 0.0180327 0.0172584
208 0.0118691 0.0109929
209 0.00565859 0.0046841
210 -0.000574237 -0.00164322
211 -0.0068048 -0.00796405
212 -0.0130085 -0.0142535
213 -0.0191609 -0.0204866
214 -0.0252376 -0.0266389
215 -0.0312148 -0.0326861
216 -0.0370687 -0.0386043
217 -0.0427764 -0.0443701
218 -0.0483152 -0.0499608
219 -0.0536634 -0.0553543
220 -0.0587998 -0.0605294
221 -0.0637041 -0.0654656
222 -0.068357 -0.0701435
223 -0.0727402 -0.0745445
224 -0.0768362 -0.0786513
225 -0.0806291 -0.0824477
226 -0.0841037 -0.0859187
227 -0.0872464 -0.0890507
228 -0.0900448 -0.0918312
229 -0.0924878 -0.0942493
230 -0.0945658 -0.0962954
231 -0.0962706 -0.0979615
232 -0.0975955 -0.099241
233 -0.0985352 -0.100129
234 -0.099086 -0.100622
235 -0.0992458 -0.100717
236 -0.0990139 -0.100415
237 -0.0983912 -0.099717
238 -0.0973803 -0.0986252
239 -0.095985 -0.0971442
240 -0.0942109 -0.0952799
241 -0.092065 -0.0930395
242 -0.0895558 -0.0904319
243 -0.0866931 -0.0874675
244 -0.0834883 -0.0841578
245 -0.079954 -0.080516
246 -0.0761042 -0.0765564
247 -0.071954 -0.0722948
248 -0.0675198 -0.0677478
249 -0.0628192 -0.0629334
250 -0.0578706 -0.0578706
251 -0.0526937 -0.0525795
252 -0.0473088 -0.0470809
253 -0.0417372 -0.0413964
254 -0.0360009 -0.0355486
255 -0.0301225 -0.0295605
256 -0.0241252 -0.0234557
257 -0.0180327 -0.0172584
258 -0.0118691 -0.0109929
259 -0.00565859 -0.0046841
260 0.000574237 0.00164322
261 0.0068048 0.00796405
262 0.0130085 0.0142535
263 0.0191609 0.0204866
264 0.0252376 0.0266389
265 0.0312148 0.0326861
266 0.0370687 0.0386043
267 0.0427764 0.0443701
268 0.0483152 0.0499608
269 0.0536634 0.0553543
270 0.0587998 0.0605294
271 0.0637041 0.0654656
272 0.068357 0.0701435
273 0.0727402 0.0745445
274 0.0768362 0.0786513
275 0.0806291 0.0824477
276 0.0841037 0.0859187
277 0.0872464 0.0890507
278 0.0900448 0.0918312
279 0.0924878 0.0942493
280 0.0945658 0.0962954
281 0.0962706 0.0979615
282 0.0975955 0.099241
283 0.0985352 0.100129
284 0.099086 0.100622
285 0.0992458 0.100717
286 0.0990139 0.100415
287 0.0983912 0.099717
288 0.0973803 0.0986252
289 0.095985 0.0971442
290 0.0942109 0.0952799
291 0.092065 0.0930395
292 0.0895558 0.0904319
293 0.0866931 0.0874675
294 0.0834883 0.0841578
295 0.079954 0.080516
296 0.0761042 0.0765564
297 0.071954 0.0722948
298 0.0675198 0.0677478
299 0.0628192 0.0629334
300 0.0578706 0.0578706
301 0.0526937 0.0525795
302 0.0473088 0.0470809
303 0.0417372 0.0413964
304 0.0360009 0.0355486
305 0.0301225 0.0295605
306 0.0241252 0.0234557
307 0.0180327 0.0172584
308 0.0118691 0.0109929
309 0.00565859 0.0046841
310 -0.000574237 -0.00164322
311 -0.0068048 -0.00796405
312 -0.0130085 -0.0142535
313 -0.0191609 -0.0204866
314 -0.0252376 -0.0266389
315 -0.0312148 -0.0326861
316 -0.0370687 -0.0386043
317 -0.0427764 -0.0443701
318 -0.0483152 -0.0499608
319 -0.0536634 -0.0553543
320 -0.0587998 -0.0605294
321 -0.0637041 -0.0654656
322 -0.068357 -0.0701435
323 -0.0727402 -0.0745445
324 -0.0768362 -0.0786513
325 -0.0806291 -0.0824477
326 -0.0841037 -0.0859187
327 -0.0872464 -0.0890507
328 -0.0900448 -0.0918312
329 -0.0924878 -0.0942493
330 -0.0945658 -0.0962954
331 -0.0962706 -0.0979615
332 -0.0975955 -0.099241
333 -0.0985352 -0.100129
334 -0.099086 -0.100622
335 -0.0992458 -0.100717
336 -0.0990139 -0.100415
337 -0.0983912 -0.099717
338 -0.0973803 -0.0986252
339 -0.095985 -0.0971442
340 -0.0942109 -0.0952799
341 -0.092065 -0.0930395
342 -0.0895558 -0.0904319
343 -0.0866931 -0.0874675
344 -0.0834883 -0.0841578
345 -0.079954 -0.080516
346 -0.0761042 -0.0765564
347 -0.071954 -0.0722948
348 -0.0675198 -0.0677478
349 -0.0628192 -0.0629334
350 -0.0578706 -0.0578706
351 -0.0526937 -0.0525795
352 -0.0473088 -0.0470809
353 -0.0417372 -0.0413964
354 -0.0360009 -0.0355486
355 -0.0301225 -0.0295605
356 -0.0241252 -0.0234557
357 -0.0180327 -0.0172584
358 -0.0118691 -0.0109929
359 -0.00565859 -0.0046841
360 0.000574237 0.00164322
361 0.0068048 0.00796405
362 0.0130085 0.0142535
363 0.0191609 0.0204866
364 0.0252376 0.0266389
365 0.0312148 0.0326861
366 0.0370687 0.0386043
367 0.0427764 0.0443701
368 0.0483152 0.0499608
369 0.0536634 0.0553543
370 0.0587998 0.0605294
371 0.0637041 0.0654656
372 0.068357 0.0701435
373 0.0727402 0.0745445
374 0.0768362 0.0786513
375 0.0806291 0.0824477
376 0.0841037 0.0859187
377 0.0872464 0.0890507
378 0.0900448 0.0918312
379 0.0924878 0.0942493
380 0.0945658 0.0962954
381 0.0962706 0.0979615
382 0.0975955 0.099241
383 0.0985352 0.100129
384 0.099086 0.100622
385 0.0992458 0.100717
386 0.0990139 0.100415
387 0.0983912 0.099717
388 0.0973803 0.0986252
389 0.095985 0.0971442
390 0.0942109 0.0952799
391 0.092065 0.0930395
392 0.0895558 0.0904319
393 0.0866931 0.0874675
394 0.0834883 0.0841578
395 0.079954 0.080516
396 0.0761042 0.0765564
397 0.071954 0.0722948
398 0.0675198 0.0677478
399 0.0628192 0.0629334
400 0.0578706 0.0578706
401 0.0526937 0.0525795
402 0.0473088 0.0470809
403 0.0417372 0.0413964
404 0.0360009 0.0355486
405 0.0301225 0.0295605
406 0.0241252 0.0234557
407 0.0180327 0.0172584
408 0.0118691 0.0109929
409 0.00565859 0.0046841
410 -0.000574237 -0.00164322
411 -0.0068048 -0.00796405
412 -0.0130085 -0.0142535
413 -0.0191609 -0.0204866
414 -0.0252376 -0.0266389
415 -0.0312148 -0.0326861
416 -0.0370687 -0.0386043
417 -0.0427764 -0.0443701
418 -0.0483152 -0.0499608
419 -0.0536634 -0.0553543
420 -0.0587998 -0.0605294
421 -0.0637041 -0.0654656
422 -0.068357 -0.0701435
423 -0.0727402 -0.0745445
424 -0.0768362 -0.0786513
425 -0.0806291 -0.0824477
426 -0.0841037 -0.0859187
427 -0.0872464 -0.0890507
428 -0.0900448 -0.0918312
429 -0.0924878 -0.0942493
430 -0.0945658 -0.0962954
431 -0.0962706 -0.0979615
432 -0.0975955 -0.099241
433 -0.0985352 -0.100129
434 -0.099086 -0.100622
435 -0.0992458 -0.100717
436 -0.0990139 -0.100415
437 -0.0983912 -0.099717
438 -0.0973803 -0.0986252
439 -0.095985 -0.0971442
440 -0.0942109 -0.0952799
441 -0.092065 -0.0930395
442 -0.0895558 -0.0904319
443 -0.0866931 -0.0874675
444 -0.0834883 -0.0841578
445 -0.079954 -0.080516
446 -0.0761042 -0.0765564
447 -0.071954 -0.0722948
448 -0.0675198 -0.0677478
449 -0.0628192 -0.0629334
450 -0.0578706 -0.0578706
451 -0.0526937 -0.0525795
452 -0.0473088 -0.0470809
453 -0.0417372 -0.0413964
454 -0.0360009 -0.0355486
455 -0.0301225 -0.0295605
456 -0.0241252 -0.0234557
457 -0.0180327 -0.0172584
458 -0.0118691 -0.0109929
459 -0.00565859 -0.0046841
460 0.000574237 0.00164322
461 0.0068048 0.00796405
462 0.0130085 0.0142535
463 0.0191609 0.0204866
464 0.0252376 0.0266389
465 0.0312148 0.0326861
466 0.0370687 0.0386043
467 0.0427764 0.0443701
468 0.0483152 0.0499608
469 0.0536634 0.0553543
470 0.0587998 0.0605294
471 0.0637041 0.0654656
472 0.068357 0.0701435
473 0.0727402 0.0745445
474 0.0768362 0.0786513
475 0.0806291 0.0824477
476 0.0841037 0.0859187
477 0.0872464 0.0890507
478 0.0900448 0.0918312
479 0.0924878 0.0942493
480 0.0945658 0.0962954
481 0.0962706 0.0979615
482 0.0975955 0.099241
483 0.0985352 0.100129
484 0.099086 0.100622
485 0.0992458 0.100717
486 0.0990139 0.100415
487 0.0983912 0.099717
488 0.0973803 0.0986252
489 0.095985 0.0971442
490 0.0942109 0.0952799
491 0.092065 0.0930395
492 0.0895558 0.0904319
493 0.0866931 0.0874675
494 0.0834883 0.0841578
495 0.079954 0.080516
496 0.0761042 0.0765564
497 0.071954 0.0722948
498 0.0675198 0.0677478
499 0.0628192 0.0629334
500 0.0578706 0.0578706
501 0.0526937 0.0525795
502 0.0473088 0.0470809
503 0.0417372 0.0413964
504 0.0360009 0.0355486
505 0.0301225 0.0295605
506 0.0241252 0.0234557
507 0.0180327 0.0172584
508 0.0118691 0.0109929
509 0.00565859 0.0046841
510 -0.000574237 -0.00164322
511 -0.0068048 -0.00796405
512 -0.0130085 -0.0142535
513 -0.0191609 -0.0204866
514 -0.0252376 -0.0266389
515 -0.0312148 -0.0326861
516 -0.0370687 -0.0386043
517 -0.0427764 -0.0443701
518 -0.0483152 -0.0499608
519 -0.0536634 -0.0553543
520 -0.0587998 -0.0605294
521 -0.0637041 -0.0654656
522 -0.068357 -0.0701435
523 -0.0727402 -0.0745445
524 -0.0768362 -0.0786513
525 -0.0806291 -0.0824477
526 -0.0841037 -0.0859187
527 -0.0872464 -0.0890507
528 -0.0900448 -0.0918312
529 -0.0924878 -0.0942493
530 -0.0945658 -0.0962954
531 -0.0962706 -0.0979615
532 -0.0975955 -0.099241
533 -0.0985352 -0.100129
534 -0.099086 -0.100622
535 -0.0992458 -0.100717
536 -0.0990139 -0.100415
537 -0.0983912 -0.099717
538 -0.0973803 -0.0986252
539 -0.095985 -0.0971442
540 -0.0942109 -0.0952799
541 -0.092065 -0.0930395
542 -0.0895558 -0.0904319
543 -0.0866931 -0.0874675
544 -0.0834883 -0.0841578
545 -0.079954 -0.080516
546 -0.0761042 -0.0765564
547 -0.071954 -0.0722948
548 -0.0675198 -0.0677478
549 -0.0628192 -0.0629334
550 -0.0578706 -0.0578706
551 -0.0526937 -0.0525795
552 -0.0473088 -0.0470809
553 -0.0417372 -0.0413964
554 -0.0360009 -0.0355486
555 -0.0301225 -0.0295605
556 -0.0241252 -0.0234557
557 -0.0180327 -0.0172584
558 -0.0118691 -0.0109929
559 -0.00565859 -0.0046841
560 0.000574237 0.00164322
561 0.0068048 0.00796405
562 0.0130085 0.0142535
563 0.0191609 0.0204866
564 0.0252376 0.0266389
565 0.0312148 0.0326861
566 0.0370687 0.0386043
567 0.0427764 0.0443701
568 0.0483152 0.0499608
569 0.0536634 0.0553543
570 0.0587998 0.0605294
571 0.0637041 0.0654656
572 0.068357 0.0701435
573 0.0727402 0.0745445
574 0.0768362 0.0786513
575 0.0806291 0.0824477
576 0.0841037 0.0859187
577 0.0872464 0.0890507
578 0.0900448 0.0918312
579 0.0924878 0.0942493
580 0.0945658 0.0962954
581 0.0962706 0.0979615
582 0.0975955 0.099241
583 0.0985352 0.100129
584 0.099086 0.100622
585 0.0992458 0.100717
586 0.0990139 0.100415
587 0.0983912 0.099717
588 0.0973803 0.0986252
589 0.095985 0.0971442
590 0.0942109 0.0952799
591 0.092065 0.0930395
592 0.0895558 0.0904319
593 0.0866931 0.0874675
594 0.0834883 0.0841578
595 0.079954 0.080516
596 0.0761042 0.0765564
597 0.071954 0.0722948
598 0.0675198 0.0677478
599 0.0628192 0.0629334
600 0.0578706 0.0578706
601 0.0526937 0.0525795
602 0.0473088 0.0470809
603 0.0417372 0.0413964
604 0.0360009 0.0355486
605 0.0301225 0.0295605
606 0.0241252 0.0234557
607 0.0180327 0.0172584
608 0.0118691 0.0109929
609 0.00565859 0.0046841
610 -0.000574237 -0.00164322
611 -0.0068048 -0.00796405
612 -0.0130085 -0.0142535
613 -0.0191609 -0.0204866
614 -0.0252376 -0.0266389
615 -0.0312148 -0.0326861
616 -0.0370687 -0.0386043
617 -0.0427764 -0.0443701
618 -0.0483152 -0.0499608
619 -0.0536634 -0.0553543
620 -0.0587998 -0.0605294
621 -0.0637041 -0.0654656
622 -0.068357 -0.0701435
623 -0.0727402 -0.0745445
624 -0.0768362 -0.0786513
625 -0.0806291 -0.0824477
626 -0.0841037 -0.0859187
627 -0.0872464 -0.0890507
628 -0.0900448 -0.0918312
629 -0.0924878 -0.0942493
630 -0.0945658 -0.0962954
631 -0.0962706 -0.0979615
632 -0.0975955 -0.099241
633 -0.0985352 -0.100129
634 -0.099086 -0.100622
635 -0.0992458 -0.100717
636 -0.0990139 -0.100415
637 -0.0983912 -0.099717
638 -0.0973803 -0.0986252
639 -0.095985 -0.0971442
640 -0.0942109 -0.0952799
641 -0.092065 -0.0930395
642 -0.0895558 -0.0904319
643 -0.0866931 -0.0874675
644 -0.0834883 -0.0841578
645 -0.079954 -0.080516
646 -0.0761042 -0.0765564
647 -0.071954 -0.0722948
648 -0.0675198 -0.0677478
649 -0.0628192 -0.0629334
650 -0.0578706 -0.0578706
651 -0.0526937 -0.0525795
652 -0.0473088 -0.0470809
653 -0.0417372 -0.0413964
654 -0.0360009 -0.0355486
655 -0.0301225 -0.0295605
656 -0.0241252 -0.0234557
657 -0.0180327 -0.0172584
658 -0.0118691 -0.0109929
659 -0.00565859 -0.0046841
660 0.000574237 0.00164322
661 0.0068048 0.00796405
662 0.0130085 0.0142535
663 0.0191609 0.0204866
664 0.0252376 0.0266389
665 0.0312148 0.0326861
666 0.0370687 0.0386043
667 0.0427764 0.0443701
668 0.0483152 0.0499608
669 0.0536634 0.0553543
670 0.0587998 0.0605294
671 0.0637041 0.0654656
672 0.068357 0.0701435
673 0.0727402 0.0745445
674 0.0768362 0.0786513
675 0.0806291 0.0824477
676 0.0841037 0.0859187
677 0.0872464 0.0890507
678 0.0900448 0.0918312
679 0.0924878 0.0942493
680 0.0945658 0.0962954
681 0.0962706 0.0979615
682 0.0975955 0.099241
683 0.0985352 0.100129
684 0.099086 0.100622
685 0.0992458 0.100717
686 0.0990139 0.100415
687 0.0983912 0.099717
688 0.0973803 0.0986252
689 0.095985 0.0971442
690 0.0942109 0.0952799
691 0.092065 0.0930395
692 0.0895558 0.0904319
693 0.0866931 0.0874675
694 0.0834883 0.0841578
695 0.079954 0.080516
696 0.0761042 0.0765564
697 0.071954 0.0722948
698 0.0675198 0.0677478
699 0.0628192 0.0629334
700 0.0578706 0.0578706
701 0.0526937 0.0525795
702 0.0473088 0.0470809
703 0.0417372 0.0413964
704 0.0360009 0.0355486
705 0.0301225 0.0295605
706 0.0241252 0.0234557
707 0.0180327 0.0172584
708 0.0118691 0.0109929
709 0.00565859 0.0046841
710 -0.000574237 -0.00164322
711 -0.0068048 -0.00796405
712 -0.0130085 -0.0142535
713 -0.0191609 -0.0204866
714 -0.0252376 -0.0266389
715 -0.0312148 -0.0326861
716 -0.0370687 -0.0386043
717 -0.0427764 -0.0443701
718 -0.0483152 -0.0499608
719 -0.0536634 -0.0553543
720 -0.0587998 -0.0605294
721 -0.0637041 -0.0654656
722 -0.068357 -0.0701435
723 -0.0727402 -0.0745445
724 -0.0768362 -0.0786513
725 -0.0806291 -0.0824477
726 -0.0841037 -0.0859187
727 -0.0872464 -0.0890507
728 -0.0900448 -0.0918312
729 -0.0924878 -0.0942493
730 -0.0945658 -0.0962954
731 -0.0962706 -0.0979615
732 -0.0975955 -0.099241
733 -0.0985352 -0.100129
734 -0.099086 -0.100622
735 -0.0992458 -0.100717
736 -0.0990139 -0.100415
737 -0.0983912 -0.099717
738 -0.0973803 -0.0986252
739 -0.095985 -0.0971442
740 -0.0942109 -0.0952799
741 -0.092065 -0.0930395
742 -0.0895558 -0.0904319
743 -0.0866931 -0.0874675
744 -0.0834883 -0.0841578
745 -0.079954 -0.080516
746 -0.0761042 -0.0765564
747 -0.071954 -0.0722948
748 -0.0675198 -0.0677478
749 -0.0628192 -0.0629334
750 -0.0578706 -0.0578706
751 -0.0526937 -0.0525795
752 -0.0473088 -0.0470809
753 -0.0417372 -0.0413964
754 -0.0360009 -0.0355486
755 -0.0301225 -0.0295605
756 -0.0241252 -0.0234557
757 -0.0180327 -0.0172584
758 -0.0118691 -0.0109929
759 -0.00565859 -0.0046841
760 0.000574237 0.00164322
761 0.0068048 0.00796405
762 0.0130085 0.0142535
763 0.0191609 0.0204866
764 0.0252376 0.0266389
765 0.0312148 0.0326861
766 0.0370687 0.0386043
767 0.0427764 0.0443701
768 0.0483152 0.0499608
769 0.0536634 0.0553543
770 0.0587998 0.0605294
771 0.0637041 0.0654656
772 0.068357 0.0701435
773 0.0727402 0.0745445
774 0.0768362 0.0786513
775 0.0806291 0.0824477
776 0.0841037 0.0859187
777 0.0872464 0.0890507
778 0.0900448 0.0918312
779 0.0924878 0.0942493
780 0.0945658 0.0962954
781 0.0962706 0.0979615
782 0.0975955 0.099241
783 0.0985352 0.100129
784 0.099086 0.100622
785 0.0992458 0.100717
786 0.0990139 0.100415
787 0.0983912 0.099717
788 0.0973803 0.0986252
789 0.095985 0.0971442
790 0.0942109 0.0952799
791 0.092065 0.0930395
792 0.0895558 0.0904319
793 0.0866931 0.0874675
794 0.0834883 0.0841578
795 0.079954 0.080516
796 0.0761042 0.0765564
797 0.071954 0.0722948
798 0.0675198 0.0677478
799 0.0628192 0.0629334
800 0.0578706 0.0578706
801 0.0526937 0.0525795
802 0.0473088 0.0470809
803 0.0417372 0.0413964
804 0.0360009 0.0355486
805 0.0301225 0.0295605
806 0.0241252 0.0234557
807 0.0180327 0.0172584
808 0.0118691 0.0109929
809 0.00565859 0.0046841
810 -0.000574237 -0.00164322
811 -0.0068048 -0.00796405
812 -0.0130085 -0.0142535
813 -0.0191609 -0.0204866
814 -0.0252376 -0.0266389
815 -0.0312148 -0.0326861
816 -0.0370687 -0.0386043
817 -0.0427764 -0.0443701
818 -0.0483152 -0.0499608
819 -0.0536634 -0.0553543
820 -0.0587998 -0.0605294
821 -0.0637041 -0.0654656
822 -0.068357 -0.0701435
823 -0.0727402 -0.0745445
824 -0.0768362 -0.0786513
825 -0.0806291 -0.0824477
826 -0.0841037 -0.0859187
827 -0.0872464 -0.0890507
828 -0.0900448 -0.0918312
829 -0.0924878 -0.0942493
830 -0.0945658 -0.0962954
831 -0.0962706 -0.0979615
832 -0.0975955 -0.099241
833 -0.0985352 -0.100129
834 -0.099086 -0.100622
835 -0.0992458 -0.100717
836 -0.0990139 -0.100415
837 -0.0983912 -0.099717
838 -0.0973803 -0.0986252
839 -0.095985 -0.0971442
840 -0.0942109 -0.0952799
841 -0.092065 -0.0930395
842 -0.0895558 -0.0904319
843 -0.0866931 -0.0874675
844 -0.0834883 -0.0841578
845 -0.079954 -0.080516
846 -0.0761042 -0.0765564
847 -0.071954 -0.0722948
848 -0.0675198 -0.0677478
849 -0.0628192 -0.0629334
850 -0.0578706 -0.0578706
851 -0.0526937 -0.0525795
852 -0.0473088 -0.0470809
853 -0.0417372 -0.0413964
854 -0.0360009 -0.0355486
855 -0.0301225 -0.0295605
856 -0.0241252 -0.0234557
857 -0.0180327 -0.0172584
858 -0.0118691 -0.0109929
859 -0.00565859 -0.0046841
860 0.000574237 0.00164322
861 0.0068048 0.00796405
862 0.0130085 0.0142535
863 0.0191609 0.0204866
864 0.0252376 0.0266389
865 0.0312148 0.0326861
866 0.0370687 0.0386043
867 0.0427764 0.0443701
868 0.0483152 0.0499608
869 0.0536634 0.0553543
870 0.0587998 0.0605294
871 0.0637041 0.0654656
872 0.068357 0.0701435
873 0.0727402 0.0745445
874 0.0768362 0.0786513
875 0.0806291 0.0824477
876 0.0841037 0.0859187
877 0.0872464 0.0890507
878 0.0900448 0.0918312
879 0.0924878 0.0942493
880 0.0945658 0.0962954
881 0.0962706 0.0979615
882 0.0975955 0.099241
883 0.0985352 0.100129
884 0.099086 0.100622
885 0.0992458 0.100717
886 0.0990139 0.100415
887 0.0983912 0.099717
888 0.0973803 0.0986252
889 0.095985 0.0971442
890 0.0942109 0.0952799
891 0.092065 0.0930395
892 0.0895558 0.0904319
893 0.0866931 0.0874675
894 0.0834883 0.0841578
895 0.079954 0.080516
896 0.0761042 0.0765564
897 0.071954 0.0722948
898 0.0675198 0.0677478
899 0.0628192 0.0629334
900 0.0578706 0.0578706
901 0.0526937 0.0525795
902 0.0473088 0.0470809
903 0.0417372 0.0413964
904 0.0360009 0.0355486
905 0.0301225 0.0295605
906 0.0241252 0.0234557
907 0.0180327 0.0172584
908 0.0118691 0.0109929
909 0.00565859 0.0046841
910 -0.000574237 -0.00164322
911 -0.0068048 -0.00796405
912 -0.0130085 -0.0142535
913 -0.0191609 -0.0204866
914 -0.0252376 -0.0266389
915 -0.0312148 -0.0326861
916 -0.0370687 -0.0386043
917 -0.0427764 -0.0443701
918 -0.0483152 -0.0499608
919 -0.0536634 -0.0553543
920 -0.0587998 -0.0605294
921 -0.0637041 -0.0654656
922 -0.068357 -0.0701435
923 -0.0727402 -0.0745445
924 -0.0768362 -0.0786513
925 -0.0806291 -0.0824477
926 -0.0841037 -0.0859187
927 -0.0872464 -0.0890507
928 -0.0900448 -0.0918312
929 -0.0924878 -0.0942493
930 -0.0945658 -0.0962954
931 -0.0962706 -0.0979615
932 -0.0975955 -0.099241
933 -0.0985352 -0.100129
934 -0.099086 -0.100622
935 -0.0992458 -0.100717
936 -0.0990139 -0.100415
937 -0.0983912 -0.099717
938 -0.0973803 -0.0986252
939 -0.095985 -0.0971442
940 -0.0942109 -0.0952799
941 -0.092065 -0.0930395
942 -0.0895558 -0.0904319
943 -0.0866931 -0.0874675
944 -0.0834883 -0.0841578
945 -0.079954 -0.080516
946 -0.0761042 -0.0765564
947 -0.071954 -0.0722948
948 -0.0675198 -0.0677478
949 -0.0628192 -0.0629334
950 -0.0578706 -0.0578706
951 -0.0526937 -0.0525795
952 -0.0473088 -0.0470809
953 -0.0417372 -0.0413964
954 -0.0360009 -0.0355486
955 -0.0301225 -0.0295605
956 -0.0241252 -0.0234557
957 -0.0180327 -0.0172584
958 -0.0118691 -0.0109929
959 -0.00565859 -0.0046841
960 0.000574237 0.00164322
961 0.0068048 0.00796405
962 0.0130085 0.0142535
963 0.0191609 0.0204866
964 0.0252376 0.0266389
965 0.0312148 0.0326861
966 0.0370687 0.0386043
967 0.0427764 0.0443701
968 0.0483152 0.0499608
969 0.0536634 0.0553543
970 0.0587998 0.0605294
971 0.0637041 0.0654656
972 0.068357 0.0701435
973 0.0727402 0.0745445
974 0.0768362 0.0786513
975 0.0806291 0.0824477
976 0.0841037 0.0859187
977 0.0872464 0.0890507
978 0.0900448 0.0918312
979 0.0924878 0.0942493
980 0.0945658 0.0962954
981 0.0962706 0.0979615
982 0.0975955 0.099241
983 0.0985352 0.100129
984 0.099086 0.100622
985 0.0992458 0.100717
986 0.0990139 0.100415
987 0.0983912 0.099717
988 0.0973803 0.0986252
989 0.095985 0.0971442
990 0.0942109 0.0952799
991 0.092065 0.0930395
992 0.0895558 0.0904319
993 0.0866931 0.0874675
994 0.0834883 0.0841578
995 0.079954 0.080516
996 0.0761042 0.0765564
997 0.071954 0.0722948
998 0.0675198 0.0677478
999 0.0628192 0.0629334
