0 0.00197429 0.00197429
1 0.00825017 0.00824627
2 0.0144935 0.0144857
3 0.0206796 0.020668
4 0.0267841 0.0267687
5 0.0327829 0.0327637
6 0.0386523 0.0386295
7 0.0443692 0.0443428
8 0.049911 0.0498811
9 0.0552558 0.0552226
10 0.0603825 0.0603461
11 0.065271 0.0652314
12 0.0699018 0.0698593
13 0.0742568 0.0742115
14 0.0783187 0.0782708
15 0.0820715 0.0820213
16 0.0855004 0.085448
17 0.0885919 0.0885375
18 0.0913337 0.0912776
19 0.0937151 0.0936575
20 0.0957267 0.0956677
21 0.0973605 0.0973004
22 0.09861 0.098549
23 0.0994703 0.0994088
24 0.0999381 0.0998762
25 0.100012 0.0999495
26 0.0996902 0.0996283
27 0.0989755 0.0989139
28 0.0978701 0.0978091
29 0.0963785 0.0963184
30 0.0945065 0.0944475
31 0.0922616 0.0922039
32 0.0896525 0.0895964
33 0.0866896 0.0866353
34 0.0833846 0.0833323
35 0.0797506 0.0797004
36 0.0758017 0.0757539
37 0.0715538 0.0715085
38 0.0670234 0.0669809
39 0.0622285 0.062189
40 0.0571881 0.0571516
41 0.0519219 0.0518887
42 0.0464508 0.0464209
43 0.0407964 0.04077
44 0.034981 0.0349582
45 0.0290276 0.0290084
46 0.0229596 0.0229442
47 0.016801 0.0167893
48 0.010576 0.0105683
49 0.00430938 0.00430549
50 -0.00197429 -0.00197429
51 -0.00825017 -0.00824627
52 -0.0144935 -0.0144857
53 -0.0206796 -0.020668
54 -0.0267841 -0.0267687
55 -0.0327829 -0.0327637
56 -0.0386523 -0.0386295
57 -0.0443692 -0.0443428
58 -0.049911 -0.0498811
59 -0.0552558 -0.0552226
60 -0.0603825 -0.0603461
61 -0.065271 -0.0652314
62 -0.0699018 -0.0698593
63 -0.0742568 -0.0742115
64 -0.0783187 -0.0782708
65 -0.0820715 -0.0820213
66 -0.0855004 -0.085448
67 -0.0885919 -0.0885375
68 -0.0913337 -0.0912776
69 -0.0937151 -0.0936575
70 -0.0957267 -0.0956677
71 -0.0973605 -0.0973004
72 -0.09861 -0.098549
73 -0.0994703 -0.0994088
74 -0.0999381 -0.0998762
75 -0.100012 -0.0999495
76 -0.0996902 -0.0996283
77 -0.0989755 -0.0989139
78 -0.0978701 -0.0978091
79 -0.0963785 -0.0963184
80 -0.0945065 -0.0944475
81 -0.0922616 -0.0922039
82 -0.0896525 -0.0895964
83 -0.0866896 -0.0866353
84 -0.0833846 -0.0833323
85 -0.0797506 -0.0797004
86 -0.0758017 -0.0757539
87 -0.0715538 -0.0715085
88 -0.0670234 -0.0669809
89 -0.0622285 -0.062189
90 -0.0571881 -0.0571516
91 -0.0519219 -0.0518887
92 -0.0464508 -0.0464209
93 -0.0407964 -0.04077
94 -0.034981 -0.0349582
95 -0.0290276 -0.0290084
96 -0.0229596 -0.0229442
97 -0.016801 -0.0167893
98 -0.010576 -0.0105683
99 -0.00430938 -0.00430549
100 0.00197429 0.00197429
101 0.00825017 0.00824627
102 0.0144935 0.0144857
103 0.0206796 0.020668
104 0.0267841 0.0267687
105 0.0327829 0.0327637
106 0.0386523 0.0386295
107 0.0443692 0.0443428
108 0.049911 0.0498811
109 0.0552558 0.0552226
110 0.0603825 0.0603461
111 0.065271 0.0652314
112 0.0699018 0.0698593
113 0.0742568 0.0742115
114 0.0783187 0.0782708
115 0.0820715 0.0820213
116 0.0855004 0.085448
117 0.0885919 0.0885375
118 0.0913337 0.0912776
119 0.0937151 0.0936575
120 0.0957267 0.0956677
121 0.0973605 0.0973004
122 0.09861 0.098549
123 0.0994703 0.0994088
124 0.0999381 0.0998762
125 0.100012 0.0999495
126 0.0996902 0.0996283
127 0.0989755 0.0989139
128 0.0978701 0.0978091
129 0.0963785 0.0963184
130 0.0945065 0.0944475
131 0.0922616 0.0922039
132 0.0896525 0.0895964
133 0.0866896 0.0866353
134 0.0833846 0.0833323
135 0.0797506 0.0797004
136 0.0758017 0.0757539
137 0.0715538 0.0715085
138 0.0670234 0.0669809
139 0.0622285 0.062189
140 0.0571881 0.0571516
141 0.0519219 0.0518887
142 0.0464508 0.0464209
143 0.0407964 0.04077
144 0.034981 0.0349582
145 0.0290276 0.0290084
146 0.0229596 0.0229442
147 0.016801 0.0167893
148 0.010576 0.0105683
149 0.00430938 0.00430549
150 -0.00197429 -0.00197429
151 -0.00825017 -0.00824627
152 -0.0144935 -0.0144857
153 -0.0206796 -0.020668
154 -0.0267841 -0.0267687
155 -0.0327829 -0.0327637
156 -0.0386523 -0.0386295
157 -0.0443692 -0.0443428
158 -0.049911 -0.0498811
159 -0.0552558 -0.0552226
160 -0.0603825 -0.0603461
161 -0.065271 -0.0652314
162 -0.0699018 -0.0698593
163 -0.0742568 -0.0742115
164 -0.0783187 -0.0782708
165 -0.0820715 -0.0820213
166 -0.0855004 -0.085448
167 -0.0885919 -0.0885375
168 -0.0913337 -0.0912776
169 -0.0937151 -0.0936575
170 -0.0957267 -0.0956677
171 -0.0973605 -0.0973004
172 -0.09861 -0.098549
173 -0.0994703 -0.0994088
174 -0.0999381 -0.0998762
175 -0.100012 -0.0999495
176 -0.0996902 -0.0996283
177 -0.0989755 -0.0989139
178 -0.0978701 -0.0978091
179 -0.0963785 -0.0963184
180 -0.0945065 -0.0944475
181 -0.0922616 -0.0922039
182 -0.0896525 -0.0895964
183 -0.0866896 -0.0866353
184 -0.0833846 -0.0833323
185 -0.0797506 -0.0797004
186 -0.0758017 -0.0757539
187 -0.0715538 -0.0715085
188 -0.0670234 -0.0669809
189 -0.0622285 -0.062189
190 -0.0571881 -0.0571516
191 -0.0519219 -0.0518887
192 -0.0464508 -0.0464209
193 -0.0407964 -0.04077
194 -0.034981 -0.0349582
195 -0.0290276 -0.0290084
196 -0.0229596 -0.0229442
197 -0.016801 -0.0167893
198 -0.010576 -0.0105683
199 -0.00430938 -0.00430549
200 0.00197429 0.00197429
201 0.00825017 0.00824627
202 0.0144935 0.0144857
203 0.0206796 0.020668
204 0.0267841 0.0267687
205 0.0327829 0.0327637
206 0.0386523 0.0386295
207 0.0443692 0.0443428
208 0.049911 0.0498811
209 0.0552558 0.0552226
210 0.0603825 0.0603461
211 0.065271 0.0652314
212 0.0699018 0.0698593
213 0.0742568 0.0742115
214 0.0783187 0.0782708
215 0.0820715 0.0820213
216 0.0855004 0.085448
217 0.0885919 0.0885375
218 0.0913337 0.0912776
219 0.0937151 0.0936575
220 0.0957267 0.0956677
221 0.0973605 0.0973004
222 0.09861 0.098549
223 0.0994703 0.0994088
224 0.0999381 0.0998762
225 0.100012 0.0999495
226 0.0996902 0.0996283
227 0.0989755 0.0989139
228 0.0978701 0.0978091
229 0.0963785 0.0963184
230 0.0945065 0.0944475
231 0.0922616 0.0922039
232 0.0896525 0.0895964
233 0.0866896 0.0866353
234 0.0833846 0.0833323
235 0.0797506 0.0797004
236 0.0758017 0.0757539
237 0.0715538 0.0715085
238 0.0670234 0.0669809
239 0.0622285 0.062189
240 0.0571881 0.0571516
241 0.0519219 0.0518887
242 0.0464508 0.0464209
243 0.0407964 0.04077
244 0.034981 0.0349582
245 0.0290276 0.0290084
246 0.0229596 0.0229442
247 0.016801 0.0167893
248 0.010576 0.0105683
249 0.00430938 0.00430549
250 -0.00197429 -0.00197429
251 -0.00825017 -0.00824627
252 -0.0144935 -0.0144857
253 -0.0206796 -0.020668
254 -0.0267841 -0.0267687
255 -0.0327829 -0.0327637
256 -0.0386523 -0.0386295
257 -0.0443692 -0.0443428
258 -0.049911 -0.0498811
259 -0.0552558 -0.0552226
260 -0.0603825 -0.0603461
261 -0.065271 -0.0652314
262 -0.0699018 -0.0698593
263 -0.0742568 -0.0742115
264 -0.0783187 -0.0782708
265 -0.0820715 -0.0820213
266 -0.0855004 -0.085448
267 -0.0885919 -0.0885375
268 -0.0913337 -0.0912776
269 -0.0937151 -0.0936575
270 -0.0957267 -0.0956677
271 -0.0973605 -0.0973004
272 -0.09861 -0.098549
273 -0.0994703 -0.0994088
274 -0.0999381 -0.0998762
275 -0.100012 -0.0999495
276 -0.0996902 -0.0996283
277 -0.0989755 -0.0989139
278 -0.0978701 -0.0978091
279 -0.0963785 -0.0963184
280 -0.0945065 -0.0944475
281 -0.0922616 -0.0922039
282 -0.0896525 -0.0895964
283 -0.0866896 -0.0866353
284 -0.0833846 -0.0833323
285 -0.0797506 -0.0797004
286 -0.0758017 -0.0757539
287 -0.0715538 -0.0715085
288 -0.0670234 -0.0669809
289 -0.0622285 -0.062189
290 -0.0571881 -0.0571516
291 -0.0519219 -0.0518887
292 -0.0464508 -0.0464209
293 -0.0407964 -0.04077
294 -0.034981 -0.0349582
295 -0.0290276 -0.0290084
296 -0.0229596 -0.0229442
297 -0.016801 -0.0167893
298 -0.010576 -0.0105683
299 -0.00430938 -0.00430549
300 0.00197429 0.00197429
301 0.00825017 0.00824627
302 0.0144935 0.0144857
303 0.0206796 0.020668
304 0.0267841 0.0267687
305 0.0327829 0.0327637
306 0.0386523 0.0386295
307 0.0443692 0.0443428
308 0.049911 0.0498811
309 0.0552558 0.0552226
310 0.0603825 0.0603461
311 0.065271 0.0652314
312 0.0699018 0.0698593
313 0.0742568 0.0742115
314 0.0783187 0.0782708
315 0.0820715 0.0820213
316 0.0855004 0.085448
317 0.0885919 0.0885375
318 0.0913337 0.0912776
319 0.0937151 0.0936575
320 0.0957267 0.0956677
321 0.0973605 0.0973004
322 0.09861 0.098549
323 0.0994703 0.0994088
324 0.0999381 0.0998762
325 0.100012 0.0999495
326 0.0996902 0.0996283
327 0.0989755 0.0989139
328 0.0978701 0.0978091
329 0.0963785 0.0963184
330 0.0945065 0.0944475
331 0.0922616 0.0922039
332 0.0896525 0.0895964
333 0.0866896 0.0866353
334 0.0833846 0.0833323
335 0.0797506 0.0797004
336 0.0758017 0.0757539
337 0.0715538 0.0715085
338 0.0670234 0.0669809
339 0.0622285 0.062189
340 0.0571881 0.0571516
341 0.0519219 0.0518887
342 0.0464508 0.0464209
343 0.0407964 0.04077
344 0.034981 0.0349582
345 0.0290276 0.0290084
346 0.0229596 0.0229442
347 0.016801 0.0167893
348 0.010576 0.0105683
349 0.00430938 0.00430549
350 -0.00197429 -0.00197429
351 -0.00825017 -0.00824627
352 -0.0144935 -0.0144857
353 -0.0206796 -0.020668
354 -0.0267841 -0.0267687
355 -0.0327829 -0.0327637
356 -0.0386523 -0.0386295
357 -0.0443692 -0.0443428
358 -0.049911 -0.0498811
359 -0.0552558 -0.0552226
360 -0.0603825 -0.0603461
361 -0.065271 -0.0652314
362 -0.0699018 -0.0698593
363 -0.0742568 -0.0742115
364 -0.0783187 -0.0782708
365 -0.0820715 -0.0820213
366 -0.0855004 -0.085448
367 -0.0885919 -0.0885375
368 -0.0913337 -0.0912776
369 -0.0937151 -0.0936575
370 -0.0957267 -0.0956677
371 -0.0973605 -0.0973004
372 -0.09861 -0.098549
373 -0.0994703 -0.0994088
374 -0.0999381 -0.0998762
375 -0.100012 -0.0999495
376 -0.0996902 -0.0996283
377 -0.0989755 -0.0989139
378 -0.0978701 -0.0978091
379 -0.0963785 -0.0963184
380 -0.0945065 -0.0944475
381 -0.0922616 -0.0922039
382 -0.0896525 -0.0895964
383 -0.0866896 -0.0866353
384 -0.0833846 -0.0833323
385 -0.0797506 -0.0797004
386 -0.0758017 -0.0757539
387 -0.0715538 -0.0715085
388 -0.0670234 -0.0669809
389 -0.0622285 -0.062189
390 -0.0571881 -0.0571516
391 -0.0519219 -0.0518887
392 -0.0464508 -0.0464209
393 -0.0407964 -0.04077
394 -0.034981 -0.0349582
395 -0.0290276 -0.0290084
396 -0.0229596 -0.0229442
397 -0.016801 -0.0167893
398 -0.010576 -0.0105683
399 -0.00430938 -0.00430549
400 0.00197429 0.00197429
401 0.00825017 0.00824627
402 0.0144935 0.0144857
403 0.0206796 0.020668
404 0.0267841 0.0267687
405 0.0327829 0.0327637
406 0.0386523 0.0386295
407 0.0443692 0.0443428
408 0.049911 0.0498811
409 0.0552558 0.0552226
410 0.0603825 0.0603461
411 0.065271 0.0652314
412 0.0699018 0.0698593
413 0.0742568 0.0742115
414 0.0783187 0.0782708
415 0.0820715 0.0820213
416 0.0855004 0.085448
417 0.0885919 0.0885375
418 0.0913337 0.0912776
419 0.0937151 0.0936575
420 0.0957267 0.0956677
421 0.0973605 0.0973004
422 0.09861 0.098549
423 0.0994703 0.0994088
424 0.0999381 0.0998762
425 0.100012 0.0999495
426 0.0996902 0.0996283
427 0.0989755 0.0989139
428 0.0978701 0.0978091
429 0.0963785 0.0963184
430 0.0945065 0.0944475
431 0.0922616 0.0922039
432 0.0896525 0.0895964
433 0.0866896 0.0866353
434 0.0833846 0.0833323
435 0.0797506 0.0797004
436 0.0758017 0.0757539
437 0.0715538 0.0715085
438 0.0670234 0.0669809
439 0.0622285 0.062189
440 0.0571881 0.0571516
441 0.0519219 0.0518887
442 0.0464508 0.0464209
443 0.0407964 0.04077
444 0.034981 0.0349582
445 0.0290276 0.0290084
446 0.0229596 0.0229442
447 0.016801 0.0167893
448 0.010576 0.0105683
449 0.00430938 0.00430549
450 -0.00197429 -0.00197429
451 -0.00825017 -0.00824627
452 -0.0144935 -0.0144857
453 -0.0206796 -0.020668
454 -0.0267841 -0.0267687
455 -0.0327829 -0.0327637
456 -0.0386523 -0.0386295
457 -0.0443692 -0.0443428
458 -0.049911 -0.0498811
459 -0.0552558 -0.0552226
460 -0.0603825 -0.0603461
461 -0.065271 -0.0652314
462 -0.0699018 -0.0698593
463 -0.0742568 -0.0742115
464 -0.0783187 -0.0782708
465 -0.0820715 -0.0820213
466 -0.0855004 -0.085448
467 -0.0885919 -0.0885375
468 -0.0913337 -0.0912776
469 -0.0937151 -0.0936575
470 -0.0957267 -0.0956677
471 -0.0973605 -0.0973004
472 -0.09861 -0.098549
473 -0.0994703 -0.0994088
474 -0.0999381 -0.0998762
475 -0.100012 -0.0999495
476 -0.0996902 -0.0996283
477 -0.0989755 -0.0989139
478 -0.0978701 -0.0978091
479 -0.0963785 -0.0963184
480 -0.0945065 -0.0944475
481 -0.0922616 -0.0922039
482 -0.0896525 -0.0895964
483 -0.0866896 -0.0866353
484 -0.0833846 -0.0833323
485 -0.0797506 -0.0797004
486 -0.0758017 -0.0757539
487 -0.0715538 -0.0715085
488 -0.0670234 -0.0669809
489 -0.0622285 -0.062189
490 -0.0571881 -0.0571516
491 -0.0519219 -0.0518887
492 -0.0464508 -0.0464209
493 -0.0407964 -0.04077
494 -0.034981 -0.0349582
495 -0.0290276 -0.0290084
496 -0.0229596 -0.0229442
497 -0.016801 -0.0167893
498 -0.010576 -0.0105683
499 -0.00430938 -0.00430549
500 0.00197429 0.00197429
501 0.00825017 0.00824627
502 0.0144935 0.0144857
503 0.0206796 0.020668
504 0.0267841 0.0267687
505 0.0327829 0.0327637
506 0.0386523 0.0386295
507 0.0443692 0.0443428
508 0.049911 0.0498811
509 0.0552558 0.0552226
510 0.0603825 0.0603461
511 0.065271 0.0652314
512 0.0699018 0.0698593
513 0.0742568 0.0742115
514 0.0783187 0.0782708
515 0.0820715 0.0820213
516 0.0855004 0.085448
517 0.0885919 0.0885375
518 0.0913337 0.0912776
519 0.0937151 0.0936575
520 0.0957267 0.0956677
521 0.0973605 0.0973004
522 0.09861 0.098549
523 0.0994703 0.0994088
524 0.0999381 0.0998762
525 0.100012 0.0999495
526 0.0996902 0.0996283
527 0.0989755 0.0989139
528 0.0978701 0.0978091
529 0.0963785 0.0963184
530 0.0945065 0.0944475
531 0.0922616 0.0922039
532 0.0896525 0.0895964
533 0.0866896 0.0866353
534 0.0833846 0.0833323
535 0.0797506 0.0797004
536 0.0758017 0.0757539
537 0.0715538 0.0715085
538 0.0670234 0.0669809
539 0.0622285 0.062189
540 0.0571881 0.0571516
541 0.0519219 0.0518887
542 0.0464508 0.0464209
543 0.0407964 0.04077
544 0.034981 0.0349582
545 0.0290276 0.0290084
546 0.0229596 0.0229442
547 0.016801 0.0167893
548 0.010576 0.0105683
549 0.00430938 0.00430549
550 -0.00197429 -0.00197429
551 -0.00825017 -0.00824627
552 -0.0144935 -0.0144857
553 -0.0206796 -0.020668
554 -0.0267841 -0.0267687
555 -0.0327829 -0.0327637
556 -0.0386523 -0.0386295
557 -0.0443692 -0.0443428
558 -0.049911 -0.0498811
559 -0.0552558 -0.0552226
560 -0.0603825 -0.0603461
561 -0.065271 -0.0652314
562 -0.0699018 -0.0698593
563 -0.0742568 -0.0742115
564 -0.0783187 -0.0782708
565 -0.0820715 -0.0820213
566 -0.0855004 -0.085448
567 -0.0885919 -0.0885375
568 -0.0913337 -0.0912776
569 -0.0937151 -0.0936575
570 -0.0957267 -0.0956677
571 -0.0973605 -0.0973004
572 -0.09861 -0.098549
573 -0.0994703 -0.0994088
574 -0.0999381 -0.0998762
575 -0.100012 -0.0999495
576 -0.0996902 -0.0996283
577 -0.0989755 -0.0989139
578 -0.0978701 -0.0978091
579 -0.0963785 -0.0963184
580 -0.0945065 -0.0944475
581 -0.0922616 -0.0922039
582 -0.0896525 -0.0895964
583 -0.0866896 -0.0866353
584 -0.0833846 -0.0833323
585 -0.0797506 -0.0797004
586 -0.0758017 -0.0757539
587 -0.0715538 -0.0715085
588 -0.0670234 -0.0669809
589 -0.0622285 -0.062189
590 -0.0571881 -0.0571516
591 -0.0519219 -0.0518887
592 -0.0464508 -0.0464209
593 -0.0407964 -0.04077
594 -0.034981 -0.0349582
595 -0.0290276 -0.0290084
596 -0.0229596 -0.0229442
597 -0.016801 -0.0167893
598 -0.010576 -0.0105683
599 -0.00430938 -0.00430549
600 0.00197429 0.00197429
601 0.00825017 0.00824627
602 0.0144935 0.0144857
603 0.0206796 0.020668
604 0.0267841 0.0267687
605 0.0327829 0.0327637
606 0.0386523 0.0386295
607 0.0443692 0.0443428
608 0.049911 0.0498811
609 0.0552558 0.0552226
610 0.0603825 0.0603461
611 0.065271 0.0652314
612 0.0699018 0.0698593
613 0.0742568 0.0742115
614 0.0783187 0.0782708
615 0.0820715 0.0820213
616 0.0855004 0.085448
617 0.0885919 0.0885375
618 0.0913337 0.0912776
619 0.0937151 0.0936575
620 0.0957267 0.0956677
621 0.0973605 0.0973004
622 0.09861 0.098549
623 0.0994703 0.0994088
624 0.0999381 0.0998762
625 0.100012 0.0999495
626 0.0996902 0.0996283
627 0.0989755 0.0989139
628 0.0978701 0.0978091
629 0.0963785 0.0963184
630 0.0945065 0.0944475
631 0.0922616 0.0922039
632 0.0896525 0.0895964
633 0.0866896 0.0866353
634 0.0833846 0.0833323
635 0.0797506 0.0797004
636 0.0758017 0.0757539
637 0.0715538 0.0715085
638 0.0670234 0.0669809
639 0.0622285 0.062189
640 0.0571881 0.0571516
641 0.0519219 0.0518887
642 0.0464508 0.0464209
643 0.0407964 0.04077
644 0.034981 0.0349582
645 0.0290276 0.0290084
646 0.0229596 0.0229442
647 0.016801 0.0167893
648 0.010576 0.0105683
649 0.00430938 0.00430549
650 -0.00197429 -0.00197429
651 -0.00825017 -0.00824627
652 -0.0144935 -0.0144857
653 -0.0206796 -0.020668
654 -0.0267841 -0.0267687
655 -0.0327829 -0.0327637
656 -0.0386523 -0.0386295
657 -0.0443692 -0.0443428
658 -0.049911 -0.0498811
659 -0.0552558 -0.0552226
660 -0.0603825 -0.0603461
661 -0.065271 -0.0652314
662 -0.0699018 -0.0698593
663 -0.0742568 -0.0742115
664 -0.0783187 -0.0782708
665 -0.0820715 -0.0820213
666 -0.0855004 -0.085448
667 -0.0885919 -0.0885375
668 -0.0913337 -0.0912776
669 -0.0937151 -0.0936575
670 -0.0957267 -0.0956677
671 -0.0973605 -0.0973004
672 -0.09861 -0.098549
673 -0.0994703 -0.0994088
674 -0.0999381 -0.0998762
675 -0.100012 -0.0999495
676 -0.0996902 -0.0996283
677 -0.0989755 -0.0989139
678 -0.0978701 -0.0978091
679 -0.0963785 -0.0963184
680 -0.0945065 -0.0944475
681 -0.0922616 -0.0922039
682 -0.0896525 -0.0895964
683 -0.0866896 -0.0866353
684 -0.0833846 -0.0833323
685 -0.0797506 -0.0797004
686 -0.0758017 -0.0757539
687 -0.0715538 -0.0715085
688 -0.0670234 -0.0669809
689 -0.0622285 -0.062189
690 -0.0571881 -0.0571516
691 -0.0519219 -0.0518887
692 -0.0464508 -0.0464209
693 -0.0407964 -0.04077
694 -0.034981 -0.0349582
695 -0.0290276 -0.0290084
696 -0.0229596 -0.0229442
697 -0.016801 -0.0167893
698 -0.010576 -0.0105683
699 -0.00430938 -0.00430549
700 0.00197429 0.00197429
701 0.00825017 0.00824627
702 0.0144935 0.0144857
703 0.0206796 0.020668
704 0.0267841 0.0267687
705 0.0327829 0.0327637
706 0.0386523 0.0386295
707 0.0443692 0.0443428
708 0.049911 0.0498811
709 0.0552558 0.0552226
710 0.0603825 0.0603461
711 0.065271 0.0652314
712 0.0699018 0.0698593
713 0.0742568 0.0742115
714 0.0783187 0.0782708
715 0.0820715 0.0820213
716 0.0855004 0.085448
717 0.0885919 0.0885375
718 0.0913337 0.0912776
719 0.0937151 0.0936575
720 0.0957267 0.0956677
721 0.0973605 0.0973004
722 0.09861 0.098549
723 0.0994703 0.0994088
724 0.0999381 0.0998762
725 0.100012 0.0999495
726 0.0996902 0.0996283
727 0.0989755 0.0989139
728 0.0978701 0.0978091
729 0.0963785 0.0963184
730 0.0945065 0.0944475
731 0.0922616 0.0922039
732 0.0896525 0.0895964
733 0.0866896 0.0866353
734 0.0833846 0.0833323
735 0.0797506 0.0797004
736 0.0758017 0.0757539
737 0.0715538 0.0715085
738 0.0670234 0.0669809
739 0.0622285 0.062189
740 0.0571881 0.0571516
741 0.0519219 0.0518887
742 0.0464508 0.0464209
743 0.0407964 0.04077
744 0.034981 0.0349582
745 0.0290276 0.0290084
746 0.0229596 0.0229442
747 0.016801 0.0167893
748 0.010576 0.0105683
749 0.00430938 0.00430549
750 -0.00197429 -0.00197429
751 -0.00825017 -0.00824627
752 -0.0144935 -0.0144857
753 -0.0206796 -0.020668
754 -0.0267841 -0.0267687
755 -0.0327829 -0.0327637
756 -0.0386523 -0.0386295
757 -0.0443692 -0.0443428
758 -0.049911 -0.0498811
759 -0.0552558 -0.0552226
760 -0.0603825 -0.0603461
761 -0.065271 -0.0652314
762 -0.0699018 -0.0698593
763 -0.0742568 -0.0742115
764 -0.0783187 -0.0782708
765 -0.0820715 -0.0820213
766 -0.0855004 -0.085448
767 -0.0885919 -0.0885375
768 -0.0913337 -0.0912776
769 -0.0937151 -0.0936575
770 -0.0957267 -0.0956677
771 -0.0973605 -0.0973004
772 -0.09861 -0.098549
773 -0.0994703 -0.0994088
774 -0.0999381 -0.0998762
775 -0.100012 -0.0999495
776 -0.0996902 -0.0996283
777 -0.0989755 -0.0989139
778 -0.0978701 -0.0978091
779 -0.0963785 -0.0963184
780 -0.0945065 -0.0944475
781 -0.0922616 -0.0922039
782 -0.0896525 -0.0895964
783 -0.0866896 -0.0866353
784 -0.0833846 -0.0833323
785 -0.0797506 -0.0797004
786 -0.0758017 -0.0757539
787 -0.0715538 -0.0715085
788 -0.0670234 -0.0669809
789 -0.0622285 -0.062189
790 -0.0571881 -0.0571516
791 -0.0519219 -0.0518887
792 -0.0464508 -0.0464209
793 -0.0407964 -0.04077
794 -0.034981 -0.0349582
795 -0.0290276 -0.0290084
796 -0.0229596 -0.0229442
797 -0.016801 -0.0167893
798 -0.010576 -0.0105683
799 -0.00430938 -0.00430549
800 0.00197429 0.00197429
801 0.00825017 0.00824627
802 0.0144935 0.0144857
803 0.0206796 0.020668
804 0.0267841 0.0267687
805 0.0327829 0.0327637
806 0.0386523 0.0386295
807 0.0443692 0.0443428
808 0.049911 0.0498811
809 0.0552558 0.0552226
810 0.0603825 0.0603461
811 0.065271 0.0652314
812 0.0699018 0.0698593
813 0.0742568 0.0742115
814 0.0783187 0.0782708
815 0.0820715 0.0820213
816 0.0855004 0.085448
817 0.0885919 0.0885375
818 0.0913337 0.0912776
819 0.0937151 0.0936575
820 0.0957267 0.0956677
821 0.0973605 0.0973004
822 0.09861 0.098549
823 0.0994703 0.0994088
824 0.0999381 0.0998762
825 0.100012 0.0999495
826 0.0996902 0.0996283
827 0.0989755 0.0989139
828 0.0978701 0.0978091
829 0.0963785 0.0963184
830 0.0945065 0.0944475
831 0.0922616 0.0922039
832 0.0896525 0.0895964
833 0.0866896 0.0866353
834 0.0833846 0.0833323
835 0.0797506 0.0797004
836 0.0758017 0.0757539
837 0.0715538 0.0715085
838 0.0670234 0.0669809
839 0.0622285 0.062189
840 0.0571881 0.0571516
841 0.0519219 0.0518887
842 0.0464508 0.0464209
843 0.0407964 0.04077
844 0.034981 0.0349582
845 0.0290276 0.0290084
846 0.0229596 0.0229442
847 0.016801 0.0167893
848 0.010576 0.0105683
849 0.00430938 0.00430549
850 -0.00197429 -0.00197429
851 -0.00825017 -0.00824627
852 -0.0144935 -0.0144857
853 -0.0206796 -0.020668
854 -0.0267841 -0.0267687
855 -0.0327829 -0.0327637
856 -0.0386523 -0.0386295
857 -0.0443692 -0.0443428
858 -0.049911 -0.0498811
859 -0.0552558 -0.0552226
860 -0.0603825 -0.0603461
861 -0.065271 -0.0652314
862 -0.0699018 -0.0698593
863 -0.0742568 -0.0742115
864 -0.0783187 -0.0782708
865 -0.0820715 -0.0820213
866 -0.0855004 -0.085448
867 -0.0885919 -0.0885375
868 -0.0913337 -0.0912776
869 -0.0937151 -0.0936575
870 -0.0957267 -0.0956677
871 -0.0973605 -0.0973004
872 -0.09861 -0.098549
873 -0.0994703 -0.0994088
874 -0.0999381 -0.0998762
875 -0.100012 -0.0999495
876 -0.0996902 -0.0996283
877 -0.0989755 -0.0989139
878 -0.0978701 -0.0978091
879 -0.0963785 -0.0963184
880 -0.0945065 -0.0944475
881 -0.0922616 -0.0922039
882 -0.0896525 -0.0895964
883 -0.0866896 -0.0866353
884 -0.0833846 -0.0833323
885 -0.0797506 -0.0797004
886 -0.0758017 -0.0757539
887 -0.0715538 -0.0715085
888 -0.0670234 -0.0669809
889 -0.0622285 -0.062189
890 -0.0571881 -0.0571516
891 -0.0519219 -0.0518887
892 -0.0464508 -0.0464209
893 -0.0407964 -0.04077
894 -0.034981 -0.0349582
895 -0.0290276 -0.0290084
896 -0.0229596 -0.0229442
897 -0.016801 -0.0167893
898 -0.010576 -0.0105683
899 -0.00430938 -0.00430549
900 0.00197429 0.00197429
901 0.00825017 0.00824627
902 0.0144935 0.0144857
903 0.0206796 0.020668
904 0.0267841 0.0267687
905 0.0327829 0.0327637
906 0.0386523 0.0386295
907 0.0443692 0.0443428
908 0.049911 0.0498811
909 0.0552558 0.0552226
910 0.0603825 0.0603461
911 0.065271 0.0652314
912 0.0699018 0.0698593
913 0.0742568 0.0742115
914 0.0783187 0.0782708
915 0.0820715 0.0820213
916 0.0855004 0.085448
917 0.0885919 0.0885375
918 0.0913337 0.0912776
919 0.0937151 0.0936575
920 0.0957267 0.0956677
921 0.0973605 0.0973004
922 0.09861 0.098549
923 0.0994703 0.0994088
924 0.0999381 0.0998762
925 0.100012 0.0999495
926 0.0996902 0.0996283
927 0.0989755 0.0989139
928 0.0978701 0.0978091
929 0.0963785 0.0963184
930 0.0945065 0.0944475
931 0.0922616 0.0922039
932 0.0896525 0.0895964
933 0.0866896 0.0866353
934 0.0833846 0.0833323
935 0.0797506 0.0797004
936 0.0758017 0.0757539
937 0.0715538 0.0715085
938 0.0670234 0.0669809
939 0.0622285 0.062189
940 0.0571881 0.0571516
941 0.0519219 0.0518887
942 0.0464508 0.0464209
943 0.0407964 0.04077
944 0.034981 0.0349582
945 0.0290276 0.0290084
946 0.0229596 0.0229442
947 0.016801 0.0167893
948 0.010576 0.0105683
949 0.00430938 0.00430549
950 -0.00197429 -0.00197429
951 -0.00825017 -0.00824627
952 -0.0144935 -0.0144857
953 -0.0206796 -0.020668
954 -0.0267841 -0.0267687
955 -0.0327829 -0.0327637
956 -0.0386523 -0.0386295
957 -0.0443692 -0.0443428
958 -0.049911 -0.0498811
959 -0.0552558 -0.0552226
960 -0.0603825 -0.0603461
961 -0.065271 -0.0652314
962 -0.0699018 -0.0698593
963 -0.0742568 -0.0742115
964 -0.0783187 -0.0782708
965 -0.0820715 -0.0820213
966 -0.0855004 -0.085448
967 -0.0885919 -0.0885375
968 -0.0913337 -0.0912776
969 -0.0937151 -0.0936575
970 -0.0957267 -0.0956677
971 -0.0973605 -0.0973004
972 -0.09861 -0.098549
973 -0.0994703 -0.0994088
974 -0.0999381 -0.0998762
975 -0.100012 -0.0999495
976 -0.0996902 -0.0996283
977 -0.0989755 -0.0989139
978 -0.0978701 -0.0978091
979 -0.0963785 -0.0963184
980 -0.0945065 -0.0944475
981 -0.0922616 -0.0922039
982 -0.0896525 -0.0895964
983 -0.0866896 -0.0866353
984 -0.0833846 -0.0833323
985 -0.0797506 -0.0797004
986 -0.0758017 -0.0757539
987 -0.0715538 -0.0715085
988 -0.0670234 -0.0669809
989 -0.0622285 -0.062189
990 -0.0571881 -0.0571516
991 -0.0519219 -0.0518887
992 -0.0464508 -0.0464209
993 -0.0407964 -0.04077
994 -0.034981 -0.0349582
995 -0.0290276 -0.0290084
996 -0.0229596 -0.0229442
997 -0.016801 -0.0167893
998 -0.010576 -0.0105683
999 -0.00430938 -0.00430549
