0 0.0999178 0.0999178
1 0.100008 0.0998108
2 0.0997034 0.0993098
3 0.0990053 0.0984169
4 0.0979165 0.0971356
5 0.0964413 0.095471
6 0.0945855 0.0934295
7 0.0923564 0.0910194
8 0.0897627 0.08825
9 0.0868149 0.0851324
10 0.0835244 0.0816787
11 0.0799043 0.0779028
12 0.0759689 0.0738193
13 0.0717336 0.0694446
14 0.0672152 0.0647958
15 0.0624316 0.0598912
16 0.0574016 0.0547503
17 0.052145 0.0493933
18 0.0466826 0.0438414
19 0.041036 0.0381165
20 0.0352275 0.0322411
21 0.0292799 0.0262385
22 0.0232168 0.0201324
23 0.0170621 0.0139468
24 0.01084 0.00770613
25 0.00457511 0.00143507
26 -0.00170781 -0.00484166
27 -0.00798399 -0.0110993
28 -0.0142287 -0.0173131
29 -0.0204172 -0.0234586
30 -0.0265251 -0.0295115
31 -0.0325284 -0.0354479
32 -0.0384033 -0.0412445
33 -0.0441266 -0.0468782
34 -0.0496758 -0.052327
35 -0.0550289 -0.0575692
36 -0.0601648 -0.0625843
37 -0.0650634 -0.0673523
38 -0.0697051 -0.0718546
39 -0.0740717 -0.0760733
40 -0.078146 -0.0799917
41 -0.081912 -0.0835945
42 -0.0853546 -0.0868673
43 -0.0884604 -0.0897973
44 -0.091217 -0.092373
45 -0.0936137 -0.0945841
46 -0.095641 -0.0964218
47 -0.0972907 -0.0978791
48 -0.0985565 -0.0989501
49 -0.0994334 -0.0996306
50 -0.0999178 -0.0999178
51 -0.100008 -0.0998108
52 -0.0997034 -0.0993098
53 -0.0990053 -0.0984169
54 -0.0979165 -0.0971356
55 -0.0964413 -0.095471
56 -0.0945855 -0.0934295
57 -0.0923564 -0.0910194
58 -0.0897627 -0.08825
59 -0.0868149 -0.0851324
60 -0.0835244 -0.0816787
61 -0.0799043 -0.0779028
62 -0.0759689 -0.0738193
63 -0.0717336 -0.0694446
64 -0.0672152 -0.0647958
65 -0.0624316 -0.0598912
66 -0.0574016 -0.0547503
67 -0.052145 -0.0493933
68 -0.0466826 -0.0438414
69 -0.041036 -0.0381165
70 -0.0352275 -0.0322411
71 -0.0292799 -0.0262385
72 -0.0232168 -0.0201324
73 -0.0170621 -0.0139468
74 -0.01084 -0.00770613
75 -0.00457511 -0.00143507
76 0.00170781 0.00484166
77 0.00798399 0.0110993
78 0.0142287 0.0173131
79 0.0204172 0.0234586
80 0.0265251 0.0295115
81 0.0325284 0.0354479
82 0.0384033 0.0412445
83 0.0441266 0.0468782
84 0.0496758 0.052327
85 0.0550289 0.0575692
86 0.0601648 0.0625843
87 0.0650634 0.0673523
88 0.0697051 0.0718546
89 0.0740717 0.0760733
90 0.078146 0.0799917
91 0.081912 0.0835945
92 0.0853546 0.0868673
93 0.0884604 0.0897973
94 0.091217 0.092373
95 0.0936137 0.0945841
96 0.095641 0.0964218
97 0.0972907 0.0978791
98 0.0985565 0.0989501
99 0.0994334 0.0996306
100 0.0999178 0.0999178
101 0.100008 0.0998108
102 0.0997034 0.0993098
103 0.0990053 0.0984169
104 0.0979165 0.0971356
105 0.0964413 0.095471
106 0.0945855 0.0934295
107 0.0923564 0.0910194
108 0.0897627 0.08825
109 0.0868149 0.0851324
110 0.0835244 0.0816787
111 0.0799043 0.0779028
112 0.0759689 0.0738193
113 0.0717336 0.0694446
114 0.0672152 0.0647958
115 0.0624316 0.0598912
116 0.0574016 0.0547503
117 0.052145 0.0493933
118 0.0466826 0.0438414
119 0.041036 0.0381165
120 0.0352275 0.0322411
121 0.0292799 0.0262385
122 0.0232168 0.0201324
123 0.0170621 0.0139468
124 0.01084 0.00770613
125 0.00457511 0.00143507
126 -0.00170781 -0.00484166
127 -0.00798399 -0.0110993
128 -0.0142287 -0.0173131
129 -0.0204172 -0.0234586
130 -0.0265251 -0.0295115
131 -0.0325284 -0.0354479
132 -0.0384033 -0.0412445
133 -0.0441266 -0.0468782
134 -0.0496758 -0.052327
135 -0.0550289 -0.0575692
136 -0.0601648 -0.0625843
137 -0.0650634 -0.0673523
138 -0.0697051 -0.0718546
139 -0.0740717 -0.0760733
140 -0.078146 -0.0799917
141 -0.081912 -0.0835945
142 -0.0853546 -0.0868673
143 -0.0884604 -0.0897973
144 -0.091217 -0.092373
145 -0.0936137 -0.0945841
146 -0.095641 -0.0964218
147 -0.0972907 -0.0978791
148 -0.0985565 -0.0989501
149 -0.0994334 -0.0996306
150 -0.0999178 -0.0999178
151 -0.100008 -0.0998108
152 -0.0997034 -0.0993098
153 -0.0990053 -0.0984169
154 -0.0979165 -0.0971356
155 -0.0964413 -0.095471
156 -0.0945855 -0.0934295
157 -0.0923564 -0.0910194
158 -0.0897627 -0.08825
159 -0.0868149 -0.0851324
160 -0.0835244 -0.0816787
161 -0.0799043 -0.0779028
162 -0.0759689 -0.0738193
163 -0.0717336 -0.0694446
164 -0.0672152 -0.0647958
165 -0.0624316 -0.0598912
166 -0.0574016 -0.0547503
167 -0.052145 -0.0493933
168 -0.0466826 -0.0438414
169 -0.041036 -0.0381165
170 -0.0352275 -0.0322411
171 -0.0292799 -0.0262385
172 -0.0232168 -0.0201324
173 -0.0170621 -0.0139468
174 -0.01084 -0.00770613
175 -0.00457511 -0.00143507
176 0.00170781 0.00484166
177 0.00798399 0.0110993
178 0.0142287 0.0173131
179 0.0204172 0.0234586
180 0.0265251 0.0295115
181 0.0325284 0.0354479
182 0.0384033 0.0412445
183 0.0441266 0.0468782
184 0.0496758 0.052327
185 0.0550289 0.0575692
186 0.0601648 0.0625843
187 0.0650634 0.0673523
188 0.0697051 0.0718546
189 0.0740717 0.0760733
190 0.078146 0.0799917
191 0.081912 0.0835945
192 0.0853546 0.0868673
193 0.0884604 0.0897973
194 0.091217 0.092373
195 0.0936137 0.0945841
196 0.095641 0.0964218
197 0.0972907 0.0978791
198 0.0985565 0.0989501
199 0.0994334 0.0996306
200 0.0999178 0.0999178
201 0.100008 0.0998108
202 0.0997034 0.0993098
203 0.0990053 0.0984169
204 0.0979165 0.0971356
205 0.0964413 0.095471
206 0.0945855 0.0934295
207 0.0923564 0.0910194
208 0.0897627 0.08825
209 0.0868149 0.0851324
210 0.0835244 0.0816787
211 0.0799043 0.0779028
212 0.0759689 0.0738193
213 0.0717336 0.0694446
214 0.0672152 0.0647958
215 0.0624316 0.0598912
216 0.0574016 0.0547503
217 0.052145 0.0493933
218 0.0466826 0.0438414
219 0.041036 0.0381165
220 0.0352275 0.0322411
221 0.0292799 0.0262385
222 0.0232168 0.0201324
223 0.0170621 0.0139468
224 0.01084 0.00770613
225 0.00457511 0.00143507
226 -0.00170781 -0.00484166
227 -0.00798399 -0.0110993
228 -0.0142287 -0.0173131
229 -0.0204172 -0.0234586
230 -0.0265251 -0.0295115
231 -0.0325284 -0.0354479
232 -0.0384033 -0.0412445
233 -0.0441266 -0.0468782
234 -0.0496758 -0.052327
235 -0.0550289 -0.0575692
236 -0.0601648 -0.0625843
237 -0.0650634 -0.0673523
238 -0.0697051 -0.0718546
239 -0.0740717 -0.0760733
240 -0.078146 -0.0799917
241 -0.081912 -0.0835945
242 -0.0853546 -0.0868673
243 -0.0884604 -0.0897973
244 -0.091217 -0.092373
245 -0.0936137 -0.0945841
246 -0.095641 -0.0964218
247 -0.0972907 -0.0978791
248 -0.0985565 -0.0989501
249 -0.0994334 -0.0996306
250 -0.0999178 -0.0999178
251 -0.100008 -0.0998108
252 -0.0997034 -0.0993098
253 -0.0990053 -0.0984169
254 -0.0979165 -0.0971356
255 -0.0964413 -0.095471
256 -0.0945855 -0.0934295
257 -0.0923564 -0.0910194
258 -0.0897627 -0.08825
259 -0.0868149 -0.0851324
260 -0.0835244 -0.0816787
261 -0.0799043 -0.0779028
262 -0.0759689 -0.0738193
263 -0.0717336 -0.0694446
264 -0.0672152 -0.0647958
265 -0.0624316 -0.0598912
266 -0.0574016 -0.0547503
267 -0.052145 -0.0493933
268 -0.0466826 -0.0438414
269 -0.041036 -0.0381165
270 -0.0352275 -0.0322411
271 -0.0292799 -0.0262385
272 -0.0232168 -0.0201324
273 -0.0170621 -0.0139468
274 -0.01084 -0.00770613
275 -0.00457511 -0.00143507
276 0.00170781 0.00484166
277 0.00798399 0.0110993
278 0.0142287 0.0173131
279 0.0204172 0.0234586
280 0.0265251 0.0295115
281 0.0325284 0.0354479
282 0.0384033 0.0412445
283 0.0441266 0.0468782
284 0.0496758 0.052327
285 0.0550289 0.0575692
286 0.0601648 0.0625843
287 0.0650634 0.0673523
288 0.0697051 0.0718546
289 0.0740717 0.0760733
290 0.078146 0.0799917
291 0.081912 0.0835945
292 0.0853546 0.0868673
293 0.0884604 0.0897973
294 0.091217 0.092373
295 0.0936137 0.0945841
296 0.095641 0.0964218
297 0.0972907 0.0978791
298 0.0985565 0.0989501
299 0.0994334 0.0996306
300 0.0999178 0.0999178
301 0.100008 0.0998108
302 0.0997034 0.0993098
303 0.0990053 0.0984169
304 0.0979165 0.0971356
305 0.0964413 0.095471
306 0.0945855 0.0934295
307 0.0923564 0.0910194
308 0.0897627 0.08825
309 0.0868149 0.0851324
310 0.0835244 0.0816787
311 0.0799043 0.0779028
312 0.0759689 0.0738193
313 0.0717336 0.0694446
314 0.0672152 0.0647958
315 0.0624316 0.0598912
316 0.0574016 0.0547503
317 0.052145 0.0493933
318 0.0466826 0.0438414
319 0.041036 0.0381165
320 0.0352275 0.0322411
321 0.0292799 0.0262385
322 0.0232168 0.0201324
323 0.0170621 0.0139468
324 0.01084 0.00770613
325 0.00457511 0.00143507
326 -0.00170781 -0.00484166
327 -0.00798399 -0.0110993
328 -0.0142287 -0.0173131
329 -0.0204172 -0.0234586
330 -0.0265251 -0.0295115
331 -0.0325284 -0.0354479
332 -0.0384033 -0.0412445
333 -0.0441266 -0.0468782
334 -0.0496758 -0.052327
335 -0.0550289 -0.0575692
336 -0.0601648 -0.0625843
337 -0.0650634 -0.0673523
338 -0.0697051 -0.0718546
339 -0.0740717 -0.0760733
340 -0.078146 -0.0799917
341 -0.081912 -0.0835945
342 -0.0853546 -0.0868673
343 -0.0884604 -0.0897973
344 -0.091217 -0.092373
345 -0.0936137 -0.0945841
346 -0.095641 -0.0964218
347 -0.0972907 -0.0978791
348 -0.0985565 -0.0989501
349 -0.0994334 -0.0996306
350 -0.0999178 -0.0999178
351 -0.100008 -0.0998108
352 -0.0997034 -0.0993098
353 -0.0990053 -0.0984169
354 -0.0979165 -0.0971356
355 -0.0964413 -0.095471
356 -0.0945855 -0.0934295
357 -0.0923564 -0.0910194
358 -0.0897627 -0.08825
359 -0.0868149 -0.0851324
360 -0.0835244 -0.0816787
361 -0.0799043 -0.0779028
362 -0.0759689 -0.0738193
363 -0.0717336 -0.0694446
364 -0.0672152 -0.0647958
365 -0.0624316 -0.0598912
366 -0.0574016 -0.0547503
367 -0.052145 -0.0493933
368 -0.0466826 -0.0438414
369 -0.041036 -0.0381165
370 -0.0352275 -0.0322411
371 -0.0292799 -0.0262385
372 -0.0232168 -0.0201324
373 -0.0170621 -0.0139468
374 -0.01084 -0.00770613
375 -0.00457511 -0.00143507
376 0.00170781 0.00484166
377 0.00798399 0.0110993
378 0.0142287 0.0173131
379 0.0204172 0.0234586
380 0.0265251 0.0295115
381 0.0325284 0.0354479
382 0.0384033 0.0412445
383 0.0441266 0.0468782
384 0.0496758 0.052327
385 0.0550289 0.0575692
386 0.0601648 0.0625843
387 0.0650634 0.0673523
388 0.0697051 0.0718546
389 0.0740717 0.0760733
390 0.078146 0.0799917
391 0.081912 0.0835945
392 0.0853546 0.0868673
393 0.0884604 0.0897973
394 0.091217 0.092373
395 0.0936137 0.0945841
396 0.095641 0.0964218
397 0.0972907 0.0978791
398 0.0985565 0.0989501
399 0.0994334 0.0996306
400 0.0999178 0.0999178
401 0.100008 0.0998108
402 0.0997034 0.0993098
403 0.0990053 0.0984169
404 0.0979165 0.0971356
405 0.0964413 0.095471
406 0.0945855 0.0934295
407 0.0923564 0.0910194
408 0.0897627 0.08825
409 0.0868149 0.0851324
410 0.0835244 0.0816787
411 0.0799043 0.0779028
412 0.0759689 0.0738193
413 0.0717336 0.0694446
414 0.0672152 0.0647958
415 0.0624316 0.0598912
416 0.0574016 0.0547503
417 0.052145 0.0493933
418 0.0466826 0.0438414
419 0.041036 0.0381165
420 0.0352275 0.0322411
421 0.0292799 0.0262385
422 0.0232168 0.0201324
423 0.0170621 0.0139468
424 0.01084 0.00770613
425 0.00457511 0.00143507
426 -0.00170781 -0.00484166
427 -0.00798399 -0.0110993
428 -0.0142287 -0.0173131
429 -0.0204172 -0.0234586
430 -0.0265251 -0.0295115
431 -0.0325284 -0.0354479
432 -0.0384033 -0.0412445
433 -0.0441266 -0.0468782
434 -0.0496758 -0.052327
435 -0.0550289 -0.0575692
436 -0.0601648 -0.0625843
437 -0.0650634 -0.0673523
438 -0.0697051 -0.0718546
439 -0.0740717 -0.0760733
440 -0.078146 -0.0799917
441 -0.081912 -0.0835945
442 -0.0853546 -0.0868673
443 -0.0884604 -0.0897973
444 -0.091217 -0.092373
445 -0.0936137 -0.0945841
446 -0.095641 -0.0964218
447 -0.0972907 -0.0978791
448 -0.0985565 -0.0989501
449 -0.0994334 -0.0996306
450 -0.0999178 -0.0999178
451 -0.100008 -0.0998108
452 -0.0997034 -0.0993098
453 -0.0990053 -0.0984169
454 -0.0979165 -0.0971356
455 -0.0964413 -0.095471
456 -0.0945855 -0.0934295
457 -0.0923564 -0.0910194
458 -0.0897627 -0.08825
459 -0.0868149 -0.0851324
460 -0.0835244 -0.0816787
461 -0.0799043 -0.0779028
462 -0.0759689 -0.0738193
463 -0.0717336 -0.0694446
464 -0.0672152 -0.0647958
465 -0.0624316 -0.0598912
466 -0.0574016 -0.0547503
467 -0.052145 -0.0493933
468 -0.0466826 -0.0438414
469 -0.041036 -0.0381165
470 -0.0352275 -0.0322411
471 -0.0292799 -0.0262385
472 -0.0232168 -0.0201324
473 -0.0170621 -0.0139468
474 -0.01084 -0.00770613
475 -0.00457511 -0.00143507
476 0.00170781 0.00484166
477 0.00798399 0.0110993
478 0.0142287 0.0173131
479 0.0204172 0.0234586
480 0.0265251 0.0295115
481 0.0325284 0.0354479
482 0.0384033 0.0412445
483 0.0441266 0.0468782
484 0.0496758 0.052327
485 0.0550289 0.0575692
486 0.0601648 0.0625843
487 0.0650634 0.0673523
488 0.0697051 0.0718546
489 0.0740717 0.0760733
490 0.078146 0.0799917
491 0.081912 0.0835945
492 0.0853546 0.0868673
493 0.0884604 0.0897973
494 0.091217 0.092373
495 0.0936137 0.0945841
496 0.095641 0.0964218
497 0.0972907 0.0978791
498 0.0985565 0.0989501
499 0.0994334 0.0996306
500 0.0999178 0.0999178
501 0.100008 0.0998108
502 0.0997034 0.0993098
503 0.0990053 0.0984169
504 0.0979165 0.0971356
505 0.0964413 0.095471
506 0.0945855 0.0934295
507 0.0923564 0.0910194
508 0.0897627 0.08825
509 0.0868149 0.0851324
510 0.0835244 0.0816787
511 0.0799043 0.0779028
512 0.0759689 0.0738193
513 0.0717336 0.0694446
514 0.0672152 0.0647958
515 0.0624316 0.0598912
516 0.0574016 0.0547503
517 0.052145 0.0493933
518 0.0466826 0.0438414
519 0.041036 0.0381165
520 0.0352275 0.0322411
521 0.0292799 0.0262385
522 0.0232168 0.0201324
523 0.0170621 0.0139468
524 0.01084 0.00770613
525 0.00457511 0.00143507
526 -0.00170781 -0.00484166
527 -0.00798399 -0.0110993
528 -0.0142287 -0.0173131
529 -0.0204172 -0.0234586
530 -0.0265251 -0.0295115
531 -0.0325284 -0.0354479
532 -0.0384033 -0.0412445
533 -0.0441266 -0.0468782
534 -0.0496758 -0.052327
535 -0.0550289 -0.0575692
536 -0.0601648 -0.0625843
537 -0.0650634 -0.0673523
538 -0.0697051 -0.0718546
539 -0.0740717 -0.0760733
540 -0.078146 -0.0799917
541 -0.081912 -0.0835945
542 -0.0853546 -0.0868673
543 -0.0884604 -0.0897973
544 -0.091217 -0.092373
545 -0.0936137 -0.0945841
546 -0.095641 -0.0964218
547 -0.0972907 -0.0978791
548 -0.0985565 -0.0989501
549 -0.0994334 -0.0996306
550 -0.0999178 -0.0999178
551 -0.100008 -0.0998108
552 -0.0997034 -0.0993098
553 -0.0990053 -0.0984169
554 -0.0979165 -0.0971356
555 -0.0964413 -0.095471
556 -0.0945855 -0.0934295
557 -0.0923564 -0.0910194
558 -0.0897627 -0.08825
559 -0.0868149 -0.0851324
560 -0.0835244 -0.0816787
561 -0.0799043 -0.0779028
562 -0.0759689 -0.0738193
563 -0.0717336 -0.0694446
564 -0.0672152 -0.0647958
565 -0.0624316 -0.0598912
566 -0.0574016 -0.0547503
567 -0.052145 -0.0493933
568 -0.0466826 -0.0438414
569 -0.041036 -0.0381165
570 -0.0352275 -0.0322411
571 -0.0292799 -0.0262385
572 -0.0232168 -0.0201324
573 -0.0170621 -0.0139468
574 -0.01084 -0.00770613
575 -0.00457511 -0.00143507
576 0.00170781 0.00484166
577 0.00798399 0.0110993
578 0.0142287 0.0173131
579 0.0204172 0.0234586
580 0.0265251 0.0295115
581 0.0325284 0.0354479
582 0.0384033 0.0412445
583 0.0441266 0.0468782
584 0.0496758 0.052327
585 0.0550289 0.0575692
586 0.0601648 0.0625843
587 0.0650634 0.0673523
588 0.0697051 0.0718546
589 0.0740717 0.0760733
590 0.078146 0.0799917
591 0.081912 0.0835945
592 0.0853546 0.0868673
593 0.0884604 0.0897973
594 0.091217 0.092373
595 0.0936137 0.0945841
596 0.095641 0.0964218
597 0.0972907 0.0978791
598 0.0985565 0.0989501
599 0.0994334 0.0996306
600 0.0999178 0.0999178
601 0.100008 0.0998108
602 0.0997034 0.0993098
603 0.0990053 0.0984169
604 0.0979165 0.0971356
605 0.0964413 0.095471
606 0.0945855 0.0934295
607 0.0923564 0.0910194
608 0.0897627 0.08825
609 0.0868149 0.0851324
610 0.0835244 0.0816787
611 0.0799043 0.0779028
612 0.0759689 0.0738193
613 0.0717336 0.0694446
614 0.0672152 0.0647958
615 0.0624316 0.0598912
616 0.0574016 0.0547503
617 0.052145 0.0493933
618 0.0466826 0.0438414
619 0.041036 0.0381165
620 0.0352275 0.0322411
621 0.0292799 0.0262385
622 0.0232168 0.0201324
623 0.0170621 0.0139468
624 0.01084 0.00770613
625 0.00457511 0.00143507
626 -0.00170781 -0.00484166
627 -0.00798399 -0.0110993
628 -0.0142287 -0.0173131
629 -0.0204172 -0.0234586
630 -0.0265251 -0.0295115
631 -0.0325284 -0.0354479
632 -0.0384033 -0.0412445
633 -0.0441266 -0.0468782
634 -0.0496758 -0.052327
635 -0.0550289 -0.0575692
636 -0.0601648 -0.0625843
637 -0.0650634 -0.0673523
638 -0.0697051 -0.0718546
639 -0.0740717 -0.0760733
640 -0.078146 -0.0799917
641 -0.081912 -0.0835945
642 -0.0853546 -0.0868673
643 -0.0884604 -0.0897973
644 -0.091217 -0.092373
645 -0.0936137 -0.0945841
646 -0.095641 -0.0964218
647 -0.0972907 -0.0978791
648 -0.0985565 -0.0989501
649 -0.0994334 -0.0996306
650 -0.0999178 -0.0999178
651 -0.100008 -0.0998108
652 -0.0997034 -0.0993098
653 -0.0990053 -0.0984169
654 -0.0979165 -0.0971356
655 -0.0964413 -0.095471
656 -0.0945855 -0.0934295
657 -0.0923564 -0.0910194
658 -0.0897627 -0.08825
659 -0.0868149 -0.0851324
660 -0.0835244 -0.0816787
661 -0.0799043 -0.0779028
662 -0.0759689 -0.0738193
663 -0.0717336 -0.0694446
664 -0.0672152 -0.0647958
665 -0.0624316 -0.0598912
666 -0.0574016 -0.0547503
667 -0.052145 -0.0493933
668 -0.0466826 -0.0438414
669 -0.041036 -0.0381165
670 -0.0352275 -0.0322411
671 -0.0292799 -0.0262385
672 -0.0232168 -0.0201324
673 -0.0170621 -0.0139468
674 -0.01084 -0.00770613
675 -0.00457511 -0.00143507
676 0.00170781 0.00484166
677 0.00798399 0.0110993
678 0.0142287 0.0173131
679 0.0204172 0.0234586
680 0.0265251 0.0295115
681 0.0325284 0.0354479
682 0.0384033 0.0412445
683 0.0441266 0.0468782
684 0.0496758 0.052327
685 0.0550289 0.0575692
686 0.0601648 0.0625843
687 0.0650634 0.0673523
688 0.0697051 0.0718546
689 0.0740717 0.0760733
690 0.078146 0.0799917
691 0.081912 0.0835945
692 0.0853546 0.0868673
693 0.0884604 0.0897973
694 0.091217 0.092373
695 0.0936137 0.0945841
696 0.095641 0.0964218
697 0.0972907 0.0978791
698 0.0985565 0.0989501
699 0.0994334 0.0996306
700 0.0999178 0.0999178
701 0.100008 0.0998108
702 0.0997034 0.0993098
703 0.0990053 0.0984169
704 0.0979165 0.0971356
705 0.0964413 0.095471
706 0.0945855 0.0934295
707 0.0923564 0.0910194
708 0.0897627 0.08825
709 0.0868149 0.0851324
710 0.0835244 0.0816787
711 0.0799043 0.0779028
712 0.0759689 0.0738193
713 0.0717336 0.0694446
714 0.0672152 0.0647958
715 0.0624316 0.0598912
716 0.0574016 0.0547503
717 0.052145 0.0493933
718 0.0466826 0.0438414
719 0.041036 0.0381165
720 0.0352275 0.0322411
721 0.0292799 0.0262385
722 0.0232168 0.0201324
723 0.0170621 0.0139468
724 0.01084 0.00770613
725 0.00457511 0.00143507
726 -0.00170781 -0.00484166
727 -0.00798399 -0.0110993
728 -0.0142287 -0.0173131
729 -0.0204172 -0.0234586
730 -0.0265251 -0.0295115
731 -0.0325284 -0.0354479
732 -0.0384033 -0.0412445
733 -0.0441266 -0.0468782
734 -0.0496758 -0.052327
735 -0.0550289 -0.0575692
736 -0.0601648 -0.0625843
737 -0.0650634 -0.0673523
738 -0.0697051 -0.0718546
739 -0.0740717 -0.0760733
740 -0.078146 -0.0799917
741 -0.081912 -0.0835945
742 -0.0853546 -0.0868673
743 -0.0884604 -0.0897973
744 -0.091217 -0.092373
745 -0.0936137 -0.0945841
746 -0.095641 -0.0964218
747 -0.0972907 -0.0978791
748 -0.0985565 -0.0989501
749 -0.0994334 -0.0996306
750 -0.0999178 -0.0999178
751 -0.100008 -0.0998108
752 -0.0997034 -0.0993098
753 -0.0990053 -0.0984169
754 -0.0979165 -0.0971356
755 -0.0964413 -0.095471
756 -0.0945855 -0.0934295
757 -0.0923564 -0.0910194
758 -0.0897627 -0.08825
759 -0.0868149 -0.0851324
760 -0.0835244 -0.0816787
761 -0.0799043 -0.0779028
762 -0.0759689 -0.0738193
763 -0.0717336 -0.0694446
764 -0.0672152 -0.0647958
765 -0.0624316 -0.0598912
766 -0.0574016 -0.0547503
767 -0.052145 -0.0493933
768 -0.0466826 -0.0438414
769 -0.041036 -0.0381165
770 -0.0352275 -0.0322411
771 -0.0292799 -0.0262385
772 -0.0232168 -0.0201324
773 -0.0170621 -0.0139468
774 -0.01084 -0.00770613
775 -0.00457511 -0.00143507
776 0.00170781 0.00484166
777 0.00798399 0.0110993
778 0.0142287 0.0173131
779 0.0204172 0.0234586
780 0.0265251 0.0295115
781 0.0325284 0.0354479
782 0.0384033 0.0412445
783 0.0441266 0.0468782
784 0.0496758 0.052327
785 0.0550289 0.0575692
786 0.0601648 0.0625843
787 0.0650634 0.0673523
788 0.0697051 0.0718546
789 0.0740717 0.0760733
790 0.078146 0.0799917
791 0.081912 0.0835945
792 0.0853546 0.0868673
793 0.0884604 0.0897973
794 0.091217 0.092373
795 0.0936137 0.0945841
796 0.095641 0.0964218
797 0.0972907 0.0978791
798 0.0985565 0.0989501
799 0.0994334 0.0996306
800 0.0999178 0.0999178
801 0.100008 0.0998108
802 0.0997034 0.0993098
803 0.0990053 0.0984169
804 0.0979165 0.0971356
805 0.0964413 0.095471
806 0.0945855 0.0934295
807 0.0923564 0.0910194
808 0.0897627 0.08825
809 0.0868149 0.0851324
810 0.0835244 0.0816787
811 0.0799043 0.0779028
812 0.0759689 0.0738193
813 0.0717336 0.0694446
814 0.0672152 0.0647958
815 0.0624316 0.0598912
816 0.0574016 0.0547503
817 0.052145 0.0493933
818 0.0466826 0.0438414
819 0.041036 0.0381165
820 0.0352275 0.0322411
821 0.0292799 0.0262385
822 0.0232168 0.0201324
823 0.0170621 0.0139468
824 0.01084 0.00770613
825 0.00457511 0.00143507
826 -0.00170781 -0.00484166
827 -0.00798399 -0.0110993
828 -0.0142287 -0.0173131
829 -0.0204172 -0.0234586
830 -0.0265251 -0.0295115
831 -0.0325284 -0.0354479
832 -0.0384033 -0.0412445
833 -0.0441266 -0.0468782
834 -0.0496758 -0.052327
835 -0.0550289 -0.0575692
836 -0.0601648 -0.0625843
837 -0.0650634 -0.0673523
838 -0.0697051 -0.0718546
839 -0.0740717 -0.0760733
840 -0.078146 -0.0799917
841 -0.081912 -0.0835945
842 -0.0853546 -0.0868673
843 -0.0884604 -0.0897973
844 -0.091217 -0.092373
845 -0.0936137 -0.0945841
846 -0.095641 -0.0964218
847 -0.0972907 -0.0978791
848 -0.0985565 -0.0989501
849 -0.0994334 -0.0996306
850 -0.0999178 -0.0999178
851 -0.100008 -0.0998108
852 -0.0997034 -0.0993098
853 -0.0990053 -0.0984169
854 -0.0979165 -0.0971356
855 -0.0964413 -0.095471
856 -0.0945855 -0.0934295
857 -0.0923564 -0.0910194
858 -0.0897627 -0.08825
859 -0.0868149 -0.0851324
860 -0.0835244 -0.0816787
861 -0.0799043 -0.0779028
862 -0.0759689 -0.0738193
863 -0.0717336 -0.0694446
864 -0.0672152 -0.0647958
865 -0.0624316 -0.0598912
866 -0.0574016 -0.0547503
867 -0.052145 -0.0493933
868 -0.0466826 -0.0438414
869 -0.041036 -0.0381165
870 -0.0352275 -0.0322411
871 -0.0292799 -0.0262385
872 -0.0232168 -0.0201324
873 -0.0170621 -0.0139468
874 -0.01084 -0.00770613
875 -0.00457511 -0.00143507
876 0.00170781 0.00484166
877 0.00798399 0.0110993
878 0.0142287 0.0173131
879 0.0204172 0.0234586
880 0.0265251 0.0295115
881 0.0325284 0.0354479
882 0.0384033 0.0412445
883 0.0441266 0.0468782
884 0.0496758 0.052327
885 0.0550289 0.0575692
886 0.0601648 0.0625843
887 0.0650634 0.0673523
888 0.0697051 0.0718546
889 0.0740717 0.0760733
890 0.078146 0.0799917
891 0.081912 0.0835945
892 0.0853546 0.0868673
893 0.0884604 0.0897973
894 0.091217 0.092373
895 0.0936137 0.0945841
896 0.095641 0.0964218
897 0.0972907 0.0978791
898 0.0985565 0.0989501
899 0.0994334 0.0996306
900 0.0999178 0.0999178
901 0.100008 0.0998108
902 0.0997034 0.0993098
903 0.0990053 0.0984169
904 0.0979165 0.0971356
905 0.0964413 0.095471
906 0.0945855 0.0934295
907 0.0923564 0.0910194
908 0.0897627 0.08825
909 0.0868149 0.0851324
910 0.0835244 0.0816787
911 0.0799043 0.0779028
912 0.0759689 0.0738193
913 0.0717336 0.0694446
914 0.0672152 0.0647958
915 0.0624316 0.0598912
916 0.0574016 0.0547503
917 0.052145 0.0493933
918 0.0466826 0.0438414
919 0.041036 0.0381165
920 0.0352275 0.0322411
921 0.0292799 0.0262385
922 0.0232168 0.0201324
923 0.0170621 0.0139468
924 0.01084 0.00770613
925 0.00457511 0.00143507
926 -0.00170781 -0.00484166
927 -0.00798399 -0.0110993
928 -0.0142287 -0.0173131
929 -0.0204172 -0.0234586
930 -0.0265251 -0.0295115
931 -0.0325284 -0.0354479
932 -0.0384033 -0.0412445
933 -0.0441266 -0.0468782
934 -0.0496758 -0.052327
935 -0.0550289 -0.0575692
936 -0.0601648 -0.0625843
937 -0.0650634 -0.0673523
938 -0.0697051 -0.0718546
939 -0.0740717 -0.0760733
940 -0.078146 -0.0799917
941 -0.081912 -0.0835945
942 -0.0853546 -0.0868673
943 -0.0884604 -0.0897973
944 -0.091217 -0.092373
945 -0.0936137 -0.0945841
946 -0.095641 -0.0964218
947 -0.0972907 -0.0978791
948 -0.0985565 -0.0989501
949 -0.0994334 -0.0996306
950 -0.0999178 -0.0999178
951 -0.100008 -0.0998108
952 -0.0997034 -0.0993098
953 -0.0990053 -0.0984169
954 -0.0979165 -0.0971356
955 -0.0964413 -0.095471
956 -0.0945855 -0.0934295
957 -0.0923564 -0.0910194
958 -0.0897627 -0.08825
959 -0.0868149 -0.0851324
960 -0.0835244 -0.0816787
961 -0.0799043 -0.0779028
962 -0.0759689 -0.0738193
963 -0.0717336 -0.0694446
964 -0.0672152 -0.0647958
965 -0.0624316 -0.0598912
966 -0.0574016 -0.0547503
967 -0.052145 -0.0493933
968 -0.0466826 -0.0438414
969 -0.041036 -0.0381165
970 -0.0352275 -0.0322411
971 -0.0292799 -0.0262385
972 -0.0232168 -0.0201324
973 -0.0170621 -0.0139468
974 -0.01084 -0.00770613
975 -0.00457511 -0.00143507
976 0.00170781 0.00484166
977 0.00798399 0.0110993
978 0.0142287 0.0173131
979 0.0204172 0.0234586
980 0.0265251 0.0295115
981 0.0325284 0.0354479
982 0.0384033 0.0412445
983 0.0441266 0.0468782
984 0.0496758 0.052327
985 0.0550289 0.0575692
986 0.0601648 0.0625843
987 0.0650634 0.0673523
988 0.0697051 0.0718546
989 0.0740717 0.0760733
990 0.078146 0.0799917
991 0.081912 0.0835945
992 0.0853546 0.0868673
993 0.0884604 0.0897973
994 0.091217 0.092373
995 0.0936137 0.0945841
996 0.095641 0.0964218
997 0.0972907 0.0978791
998 0.0985565 0.0989501
999 0.0994334 0.0996306
