0 -0.0339635 -0.0339635
1 -0.0398355 -0.0397685
2 -0.0455503 -0.0454166
3 -0.0510854 -0.0508854
4 -0.0564188 -0.0561534
5 -0.0615296 -0.0611997
6 -0.0663975 -0.0660046
7 -0.0710034 -0.0705489
8 -0.0753291 -0.0748149
9 -0.0793575 -0.0787855
10 -0.0830727 -0.0824453
11 -0.08646 -0.0857797
12 -0.0895061 -0.0887755
13 -0.092199 -0.091421
14 -0.0945281 -0.0937056
15 -0.096484 -0.0956205
16 -0.0980592 -0.097158
17 -0.0992474 -0.0983121
18 -0.100044 -0.0990781
19 -0.100446 -0.0994532
20 -0.100451 -0.0994357
21 -0.10006 -0.0990259
22 -0.0992736 -0.0982252
23 -0.0980958 -0.0970369
24 -0.0965308 -0.0954656
25 -0.0945849 -0.0935175
26 -0.0922656 -0.0912004
27 -0.0895823 -0.0885233
28 -0.0865454 -0.0854969
29 -0.0831669 -0.0821331
30 -0.0794602 -0.0784451
31 -0.07544 -0.0744476
32 -0.071122 -0.0701562
33 -0.0665233 -0.065588
34 -0.0616621 -0.0607609
35 -0.0565575 -0.055694
36 -0.0512297 -0.0504073
37 -0.0456998 -0.0449217
38 -0.0399894 -0.0392588
39 -0.0341213 -0.033441
40 -0.0281185 -0.0274911
41 -0.0220047 -0.0214328
42 -0.0158041 -0.0152899
43 -0.00954115 -0.0090867
44 -0.00324051 -0.0028476
45 0.00307291 0.00340274
46 0.00937421 0.00963965
47 0.0156385 0.0158385
48 0.0218411 0.0219749
49 0.0279575 0.0280245
50 0.0339635 0.0339635
51 0.0398355 0.0397685
52 0.0455503 0.0454166
53 0.0510854 0.0508854
54 0.0564188 0.0561534
55 0.0615296 0.0611997
56 0.0663975 0.0660046
57 0.0710034 0.0705489
58 0.0753291 0.0748149
59 0.0793575 0.0787855
60 0.0830727 0.0824453
61 0.08646 0.0857797
62 0.0895061 0.0887755
63 0.092199 0.091421
64 0.0945281 0.0937056
65 0.096484 0.0956205
66 0.0980592 0.097158
67 0.0992474 0.0983121
68 0.100044 0.0990781
69 0.100446 0.0994532
70 0.100451 0.0994357
71 0.10006 0.0990259
72 0.0992736 0.0982252
73 0.0980958 0.0970369
74 0.0965308 0.0954656
75 0.0945849 0.0935175
76 0.0922656 0.0912004
77 0.0895823 0.0885233
78 0.0865454 0.0854969
79 0.0831669 0.0821331
80 0.0794602 0.0784451
81 0.07544 0.0744476
82 0.071122 0.0701562
83 0.0665233 0.065588
84 0.0616621 0.0607609
85 0.0565575 0.055694
86 0.0512297 0.0504073
87 0.0456998 0.0449217
88 0.0399894 0.0392588
89 0.0341213 0.033441
90 0.0281185 0.0274911
91 0.0220047 0.0214328
92 0.0158041 0.0152899
93 0.00954115 0.0090867
94 0.00324051 0.0028476
95 -0.00307291 -0.00340274
96 -0.00937421 -0.00963965
97 -0.0156385 -0.0158385
98 -0.0218411 -0.0219749
99 -0.0279575 -0.0280245
100 -0.0339635 -0.0339635
101 -0.0398355 -0.0397685
102 -0.0455503 -0.0454166
103 -0.0510854 -0.0508854
104 -0.0564188 -0.0561534
105 -0.0615296 -0.0611997
106 -0.0663975 -0.0660046
107 -0.0710034 -0.0705489
108 -0.0753291 -0.0748149
109 -0.0793575 -0.0787855
110 -0.0830727 -0.0824453
111 -0.08646 -0.0857797
112 -0.0895061 -0.0887755
113 -0.092199 -0.091421
114 -0.0945281 -0.0937056
115 -0.096484 -0.0956205
116 -0.0980592 -0.097158
117 -0.0992474 -0.0983121
118 -0.100044 -0.0990781
119 -0.100446 -0.0994532
120 -0.100451 -0.0994357
121 -0.10006 -0.0990259
122 -0.0992736 -0.0982252
123 -0.0980958 -0.0970369
124 -0.0965308 -0.0954656
125 -0.0945849 -0.0935175
126 -0.0922656 -0.0912004
127 -0.0895823 -0.0885233
128 -0.0865454 -0.0854969
129 -0.0831669 -0.0821331
130 -0.0794602 -0.0784451
131 -0.07544 -0.0744476
132 -0.071122 -0.0701562
133 -0.0665233 -0.065588
134 -0.0616621 -0.0607609
135 -0.0565575 -0.055694
136 -0.0512297 -0.0504073
137 -0.0456998 -0.0449217
138 -0.0399894 -0.0392588
139 -0.0341213 -0.033441
140 -0.0281185 -0.0274911
141 -0.0220047 -0.0214328
142 -0.0158041 -0.0152899
143 -0.00954115 -0.0090867
144 -0.00324051 -0.0028476
145 0.00307291 0.00340274
146 0.00937421 0.00963965
147 0.0156385 0.0158385
148 0.0218411 0.0219749
149 0.0279575 0.0280245
150 0.0339635 0.0339635
151 0.0398355 0.0397685
152 0.0455503 0.0454166
153 0.0510854 0.0508854
154 0.0564188 0.0561534
155 0.0615296 0.0611997
156 0.0663975 0.0660046
157 0.0710034 0.0705489
158 0.0753291 0.0748149
159 0.0793575 0.0787855
160 0.0830727 0.0824453
161 0.08646 0.0857797
162 0.0895061 0.0887755
163 0.092199 0.091421
164 0.0945281 0.0937056
165 0.096484 0.0956205
166 0.0980592 0.097158
167 0.0992474 0.0983121
168 0.100044 0.0990781
169 0.100446 0.0994532
170 0.100451 0.0994357
171 0.10006 0.0990259
172 0.0992736 0.0982252
173 0.0980958 0.0970369
174 0.0965308 0.0954656
175 0.0945849 0.0935175
176 0.0922656 0.0912004
177 0.0895823 0.0885233
178 0.0865454 0.0854969
179 0.0831669 0.0821331
180 0.0794602 0.0784451
181 0.07544 0.0744476
182 0.071122 0.0701562
183 0.0665233 0.065588
184 0.0616621 0.0607609
185 0.0565575 0.055694
186 0.0512297 0.0504073
187 0.0456998 0.0449217
188 0.0399894 0.0392588
189 0.0341213 0.033441
190 0.0281185 0.0274911
191 0.0220047 0.0214328
192 0.0158041 0.0152899
193 0.00954115 0.0090867
194 0.00324051 0.0028476
195 -0.00307291 -0.00340274
196 -0.00937421 -0.00963965
197 -0.0156385 -0.0158385
198 -0.0218411 -0.0219749
199 -0.0279575 -0.0280245
200 -0.0339635 -0.0339635
201 -0.0398355 -0.0397685
202 -0.0455503 -0.0454166
203 -0.0510854 -0.0508854
204 -0.0564188 -0.0561534
205 -0.0615296 -0.0611997
206 -0.0663975 -0.0660046
207 -0.0710034 -0.0705489
208 -0.0753291 -0.0748149
209 -0.0793575 -0.0787855
210 -0.0830727 -0.0824453
211 -0.08646 -0.0857797
212 -0.0895061 -0.0887755
213 -0.092199 -0.091421
214 -0.0945281 -0.0937056
215 -0.096484 -0.0956205
216 -0.0980592 -0.097158
217 -0.0992474 -0.0983121
218 -0.100044 -0.0990781
219 -0.100446 -0.0994532
220 -0.100451 -0.0994357
221 -0.10006 -0.0990259
222 -0.0992736 -0.0982252
223 -0.0980958 -0.0970369
224 -0.0965308 -0.0954656
225 -0.0945849 -0.0935175
226 -0.0922656 -0.0912004
227 -0.0895823 -0.0885233
228 -0.0865454 -0.0854969
229 -0.0831669 -0.0821331
230 -0.0794602 -0.0784451
231 -0.07544 -0.0744476
232 -0.071122 -0.0701562
233 -0.0665233 -0.065588
234 -0.0616621 -0.0607609
235 -0.0565575 -0.055694
236 -0.0512297 -0.0504073
237 -0.0456998 -0.0449217
238 -0.0399894 -0.0392588
239 -0.0341213 -0.033441
240 -0.0281185 -0.0274911
241 -0.0220047 -0.0214328
242 -0.0158041 -0.0152899
243 -0.00954115 -0.0090867
244 -0.00324051 -0.0028476
245 0.00307291 0.00340274
246 0.00937421 0.00963965
247 0.0156385 0.0158385
248 0.0218411 0.0219749
249 0.0279575 0.0280245
250 0.0339635 0.0339635
251 0.0398355 0.0397685
252 0.0455503 0.0454166
253 0.0510854 0.0508854
254 0.0564188 0.0561534
255 0.0615296 0.0611997
256 0.0663975 0.0660046
257 0.0710034 0.0705489
258 0.0753291 0.0748149
259 0.0793575 0.0787855
260 0.0830727 0.0824453
261 0.08646 0.0857797
262 0.0895061 0.0887755
263 0.092199 0.091421
264 0.0945281 0.0937056
265 0.096484 0.0956205
266 0.0980592 0.097158
267 0.0992474 0.0983121
268 0.100044 0.0990781
269 0.100446 0.0994532
270 0.100451 0.0994357
271 0.10006 0.0990259
272 0.0992736 0.0982252
273 0.0980958 0.0970369
274 0.0965308 0.0954656
275 0.0945849 0.0935175
276 0.0922656 0.0912004
277 0.0895823 0.0885233
278 0.0865454 0.0854969
279 0.0831669 0.0821331
280 0.0794602 0.0784451
281 0.07544 0.0744476
282 0.071122 0.0701562
283 0.0665233 0.065588
284 0.0616621 0.0607609
285 0.0565575 0.055694
286 0.0512297 0.0504073
287 0.0456998 0.0449217
288 0.0399894 0.0392588
289 0.0341213 0.033441
290 0.0281185 0.0274911
291 0.0220047 0.0214328
292 0.0158041 0.0152899
293 0.00954115 0.0090867
294 0.00324051 0.0028476
295 -0.00307291 -0.00340274
296 -0.00937421 -0.00963965
297 -0.0156385 -0.0158385
298 -0.0218411 -0.0219749
299 -0.0279575 -0.0280245
300 -0.0339635 -0.0339635
301 -0.0398355 -0.0397685
302 -0.0455503 -0.0454166
303 -0.0510854 -0.0508854
304 -0.0564188 -0.0561534
305 -0.0615296 -0.0611997
306 -0.0663975 -0.0660046
307 -0.0710034 -0.0705489
308 -0.0753291 -0.0748149
309 -0.0793575 -0.0787855
310 -0.0830727 -0.0824453
311 -0.08646 -0.0857797
312 -0.0895061 -0.0887755
313 -0.092199 -0.091421
314 -0.0945281 -0.0937056
315 -0.096484 -0.0956205
316 -0.0980592 -0.097158
317 -0.0992474 -0.0983121
318 -0.100044 -0.0990781
319 -0.100446 -0.0994532
320 -0.100451 -0.0994357
321 -0.10006 -0.0990259
322 -0.0992736 -0.0982252
323 -0.0980958 -0.0970369
324 -0.0965308 -0.0954656
325 -0.0945849 -0.0935175
326 -0.0922656 -0.0912004
327 -0.0895823 -0.0885233
328 -0.0865454 -0.0854969
329 -0.0831669 -0.0821331
330 -0.0794602 -0.0784451
331 -0.07544 -0.0744476
332 -0.071122 -0.0701562
333 -0.0665233 -0.065588
334 -0.0616621 -0.0607609
335 -0.0565575 -0.055694
336 -0.0512297 -0.0504073
337 -0.0456998 -0.0449217
338 -0.0399894 -0.0392588
339 -0.0341213 -0.033441
340 -0.0281185 -0.0274911
341 -0.0220047 -0.0214328
342 -0.0158041 -0.0152899
343 -0.00954115 -0.0090867
344 -0.00324051 -0.0028476
345 0.00307291 0.00340274
346 0.00937421 0.00963965
347 0.0156385 0.0158385
348 0.0218411 0.0219749
349 0.0279575 0.0280245
350 0.0339635 0.0339635
351 0.0398355 0.0397685
352 0.0455503 0.0454166
353 0.0510854 0.0508854
354 0.0564188 0.0561534
355 0.0615296 0.0611997
356 0.0663975 0.0660046
357 0.0710034 0.0705489
358 0.0753291 0.0748149
359 0.0793575 0.0787855
360 0.0830727 0.0824453
361 0.08646 0.0857797
362 0.0895061 0.0887755
363 0.092199 0.091421
364 0.0945281 0.0937056
365 0.096484 0.0956205
366 0.0980592 0.097158
367 0.0992474 0.0983121
368 0.100044 0.0990781
369 0.100446 0.0994532
370 0.100451 0.0994357
371 0.10006 0.0990259
372 0.0992736 0.0982252
373 0.0980958 0.0970369
374 0.0965308 0.0954656
375 0.0945849 0.0935175
376 0.0922656 0.0912004
377 0.0895823 0.0885233
378 0.0865454 0.0854969
379 0.0831669 0.0821331
380 0.0794602 0.0784451
381 0.07544 0.0744476
382 0.071122 0.0701562
383 0.0665233 0.065588
384 0.0616621 0.0607609
385 0.0565575 0.055694
386 0.0512297 0.0504073
387 0.0456998 0.0449217
388 0.0399894 0.0392588
389 0.0341213 0.033441
390 0.0281185 0.0274911
391 0.0220047 0.0214328
392 0.0158041 0.0152899
393 0.00954115 0.0090867
394 0.00324051 0.0028476
395 -0.00307291 -0.00340274
396 -0.00937421 -0.00963965
397 -0.0156385 -0.0158385
398 -0.0218411 -0.0219749
399 -0.0279575 -0.0280245
400 -0.0339635 -0.0339635
401 -0.0398355 -0.0397685
402 -0.0455503 -0.0454166
403 -0.0510854 -0.0508854
404 -0.0564188 -0.0561534
405 -0.0615296 -0.0611997
406 -0.0663975 -0.0660046
407 -0.0710034 -0.0705489
408 -0.0753291 -0.0748149
409 -0.0793575 -0.0787855
410 -0.0830727 -0.0824453
411 -0.08646 -0.0857797
412 -0.0895061 -0.0887755
413 -0.092199 -0.091421
414 -0.0945281 -0.0937056
415 -0.096484 -0.0956205
416 -0.0980592 -0.097158
417 -0.0992474 -0.0983121
418 -0.100044 -0.0990781
419 -0.100446 -0.0994532
420 -0.100451 -0.0994357
421 -0.10006 -0.0990259
422 -0.0992736 -0.0982252
423 -0.0980958 -0.0970369
424 -0.0965308 -0.0954656
425 -0.0945849 -0.0935175
426 -0.0922656 -0.0912004
427 -0.0895823 -0.0885233
428 -0.0865454 -0.0854969
429 -0.0831669 -0.0821331
430 -0.0794602 -0.0784451
431 -0.07544 -0.0744476
432 -0.071122 -0.0701562
433 -0.0665233 -0.065588
434 -0.0616621 -0.0607609
435 -0.0565575 -0.055694
436 -0.0512297 -0.0504073
437 -0.0456998 -0.0449217
438 -0.0399894 -0.0392588
439 -0.0341213 -0.033441
440 -0.0281185 -0.0274911
441 -0.0220047 -0.0214328
442 -0.0158041 -0.0152899
443 -0.00954115 -0.0090867
444 -0.00324051 -0.0028476
445 0.00307291 0.00340274
446 0.00937421 0.00963965
447 0.0156385 0.0158385
448 0.0218411 0.0219749
449 0.0279575 0.0280245
450 0.0339635 0.0339635
451 0.0398355 0.0397685
452 0.0455503 0.0454166
453 0.0510854 0.0508854
454 0.0564188 0.0561534
455 0.0615296 0.0611997
456 0.0663975 0.0660046
457 0.0710034 0.0705489
458 0.0753291 0.0748149
459 0.0793575 0.0787855
460 0.0830727 0.0824453
461 0.08646 0.0857797
462 0.0895061 0.0887755
463 0.092199 0.091421
464 0.0945281 0.0937056
465 0.096484 0.0956205
466 0.0980592 0.097158
467 0.0992474 0.0983121
468 0.100044 0.0990781
469 0.100446 0.0994532
470 0.100451 0.0994357
471 0.10006 0.0990259
472 0.0992736 0.0982252
473 0.0980958 0.0970369
474 0.0965308 0.0954656
475 0.0945849 0.0935175
476 0.0922656 0.0912004
477 0.0895823 0.0885233
478 0.0865454 0.0854969
479 0.0831669 0.0821331
480 0.0794602 0.0784451
481 0.07544 0.0744476
482 0.071122 0.0701562
483 0.0665233 0.065588
484 0.0616621 0.0607609
485 0.0565575 0.055694
486 0.0512297 0.0504073
487 0.0456998 0.0449217
488 0.0399894 0.0392588
489 0.0341213 0.033441
490 0.0281185 0.0274911
491 0.0220047 0.0214328
492 0.0158041 0.0152899
493 0.00954115 0.0090867
494 0.00324051 0.0028476
495 -0.00307291 -0.00340274
496 -0.00937421 -0.00963965
497 -0.0156385 -0.0158385
498 -0.0218411 -0.0219749
499 -0.0279575 -0.0280245
500 -0.0339635 -0.0339635
501 -0.0398355 -0.0397685
502 -0.0455503 -0.0454166
503 -0.0510854 -0.0508854
504 -0.0564188 -0.0561534
505 -0.0615296 -0.0611997
506 -0.0663975 -0.0660046
507 -0.0710034 -0.0705489
508 -0.0753291 -0.0748149
509 -0.0793575 -0.0787855
510 -0.0830727 -0.0824453
511 -0.08646 -0.0857797
512 -0.0895061 -0.0887755
513 -0.092199 -0.091421
514 -0.0945281 -0.0937056
515 -0.096484 -0.0956205
516 -0.0980592 -0.097158
517 -0.0992474 -0.0983121
518 -0.100044 -0.0990781
519 -0.100446 -0.0994532
520 -0.100451 -0.0994357
521 -0.10006 -0.0990259
522 -0.0992736 -0.0982252
523 -0.0980958 -0.0970369
524 -0.0965308 -0.0954656
525 -0.0945849 -0.0935175
526 -0.0922656 -0.0912004
527 -0.0895823 -0.0885233
528 -0.0865454 -0.0854969
529 -0.0831669 -0.0821331
530 -0.0794602 -0.0784451
531 -0.07544 -0.0744476
532 -0.071122 -0.0701562
533 -0.0665233 -0.065588
534 -0.0616621 -0.0607609
535 -0.0565575 -0.055694
536 -0.0512297 -0.0504073
537 -0.0456998 -0.0449217
538 -0.0399894 -0.0392588
539 -0.0341213 -0.033441
540 -0.0281185 -0.0274911
541 -0.0220047 -0.0214328
542 -0.0158041 -0.0152899
543 -0.00954115 -0.0090867
544 -0.00324051 -0.0028476
545 0.00307291 0.00340274
546 0.00937421 0.00963965
547 0.0156385 0.0158385
548 0.0218411 0.0219749
549 0.0279575 0.0280245
550 0.0339635 0.0339635
551 0.0398355 0.0397685
552 0.0455503 0.0454166
553 0.0510854 0.0508854
554 0.0564188 0.0561534
555 0.0615296 0.0611997
556 0.0663975 0.0660046
557 0.0710034 0.0705489
558 0.0753291 0.0748149
559 0.0793575 0.0787855
560 0.0830727 0.0824453
561 0.08646 0.0857797
562 0.0895061 0.0887755
563 0.092199 0.091421
564 0.0945281 0.0937056
565 0.096484 0.0956205
566 0.0980592 0.097158
567 0.0992474 0.0983121
568 0.100044 0.0990781
569 0.100446 0.0994532
570 0.100451 0.0994357
571 0.10006 0.0990259
572 0.0992736 0.0982252
573 0.0980958 0.0970369
574 0.0965308 0.0954656
575 0.0945849 0.0935175
576 0.0922656 0.0912004
577 0.0895823 0.0885233
578 0.0865454 0.0854969
579 0.0831669 0.0821331
580 0.0794602 0.0784451
581 0.07544 0.0744476
582 0.071122 0.0701562
583 0.0665233 0.065588
584 0.0616621 0.0607609
585 0.0565575 0.055694
586 0.0512297 0.0504073
587 0.0456998 0.0449217
588 0.0399894 0.0392588
589 0.0341213 0.033441
590 0.0281185 0.0274911
591 0.0220047 0.0214328
592 0.0158041 0.0152899
593 0.00954115 0.0090867
594 0.00324051 0.0028476
595 -0.00307291 -0.00340274
596 -0.00937421 -0.00963965
597 -0.0156385 -0.0158385
598 -0.0218411 -0.0219749
599 -0.0279575 -0.0280245
600 -0.0339635 -0.0339635
601 -0.0398355 -0.0397685
602 -0.0455503 -0.0454166
603 -0.0510854 -0.0508854
604 -0.0564188 -0.0561534
605 -0.0615296 -0.0611997
606 -0.0663975 -0.0660046
607 -0.0710034 -0.0705489
608 -0.0753291 -0.0748149
609 -0.0793575 -0.0787855
610 -0.0830727 -0.0824453
611 -0.08646 -0.0857797
612 -0.0895061 -0.0887755
613 -0.092199 -0.091421
614 -0.0945281 -0.0937056
615 -0.096484 -0.0956205
616 -0.0980592 -0.097158
617 -0.0992474 -0.0983121
618 -0.100044 -0.0990781
619 -0.100446 -0.0994532
620 -0.100451 -0.0994357
621 -0.10006 -0.0990259
622 -0.0992736 -0.0982252
623 -0.0980958 -0.0970369
624 -0.0965308 -0.0954656
625 -0.0945849 -0.0935175
626 -0.0922656 -0.0912004
627 -0.0895823 -0.0885233
628 -0.0865454 -0.0854969
629 -0.0831669 -0.0821331
630 -0.0794602 -0.0784451
631 -0.07544 -0.0744476
632 -0.071122 -0.0701562
633 -0.0665233 -0.065588
634 -0.0616621 -0.0607609
635 -0.0565575 -0.055694
636 -0.0512297 -0.0504073
637 -0.0456998 -0.0449217
638 -0.0399894 -0.0392588
639 -0.0341213 -0.033441
640 -0.0281185 -0.0274911
641 -0.0220047 -0.0214328
642 -0.0158041 -0.0152899
643 -0.00954115 -0.0090867
644 -0.00324051 -0.0028476
645 0.00307291 0.00340274
646 0.00937421 0.00963965
647 0.0156385 0.0158385
648 0.0218411 0.0219749
649 0.0279575 0.0280245
650 0.0339635 0.0339635
651 0.0398355 0.0397685
652 0.0455503 0.0454166
653 0.0510854 0.0508854
654 0.0564188 0.0561534
655 0.0615296 0.0611997
656 0.0663975 0.0660046
657 0.0710034 0.0705489
658 0.0753291 0.0748149
659 0.0793575 0.0787855
660 0.0830727 0.0824453
661 0.08646 0.0857797
662 0.0895061 0.0887755
663 0.092199 0.091421
664 0.0945281 0.0937056
665 0.096484 0.0956205
666 0.0980592 0.097158
667 0.0992474 0.0983121
668 0.100044 0.0990781
669 0.100446 0.0994532
670 0.100451 0.0994357
671 0.10006 0.0990259
672 0.0992736 0.0982252
673 0.0980958 0.0970369
674 0.0965308 0.0954656
675 0.0945849 0.0935175
676 0.0922656 0.0912004
677 0.0895823 0.0885233
678 0.0865454 0.0854969
679 0.0831669 0.0821331
680 0.0794602 0.0784451
681 0.07544 0.0744476
682 0.071122 0.0701562
683 0.0665233 0.065588
684 0.0616621 0.0607609
685 0.0565575 0.055694
686 0.0512297 0.0504073
687 0.0456998 0.0449217
688 0.0399894 0.0392588
689 0.0341213 0.033441
690 0.0281185 0.0274911
691 0.0220047 0.0214328
692 0.0158041 0.0152899
693 0.00954115 0.0090867
694 0.00324051 0.0028476
695 -0.00307291 -0.00340274
696 -0.00937421 -0.00963965
697 -0.0156385 -0.0158385
698 -0.0218411 -0.0219749
699 -0.0279575 -0.0280245
700 -0.0339635 -0.0339635
701 -0.0398355 -0.0397685
702 -0.0455503 -0.0454166
703 -0.0510854 -0.0508854
704 -0.0564188 -0.0561534
705 -0.0615296 -0.0611997
706 -0.0663975 -0.0660046
707 -0.0710034 -0.0705489
708 -0.0753291 -0.0748149
709 -0.0793575 -0.0787855
710 -0.0830727 -0.0824453
711 -0.08646 -0.0857797
712 -0.0895061 -0.0887755
713 -0.092199 -0.091421
714 -0.0945281 -0.0937056
715 -0.096484 -0.0956205
716 -0.0980592 -0.097158
717 -0.0992474 -0.0983121
718 -0.100044 -0.0990781
719 -0.100446 -0.0994532
720 -0.100451 -0.0994357
721 -0.10006 -0.0990259
722 -0.0992736 -0.0982252
723 -0.0980958 -0.0970369
724 -0.0965308 -0.0954656
725 -0.0945849 -0.0935175
726 -0.0922656 -0.0912004
727 -0.0895823 -0.0885233
728 -0.0865454 -0.0854969
729 -0.0831669 -0.0821331
730 -0.0794602 -0.0784451
731 -0.07544 -0.0744476
732 -0.071122 -0.0701562
733 -0.0665233 -0.065588
734 -0.0616621 -0.0607609
735 -0.0565575 -0.055694
736 -0.0512297 -0.0504073
737 -0.0456998 -0.0449217
738 -0.0399894 -0.0392588
739 -0.0341213 -0.033441
740 -0.0281185 -0.0274911
741 -0.0220047 -0.0214328
742 -0.0158041 -0.0152899
743 -0.00954115 -0.0090867
744 -0.00324051 -0.0028476
745 0.00307291 0.00340274
746 0.00937421 0.00963965
747 0.0156385 0.0158385
748 0.0218411 0.0219749
749 0.0279575 0.0280245
750 0.0339635 0.0339635
751 0.0398355 0.0397685
752 0.0455503 0.0454166
753 0.0510854 0.0508854
754 0.0564188 0.0561534
755 0.0615296 0.0611997
756 0.0663975 0.0660046
757 0.0710034 0.0705489
758 0.0753291 0.0748149
759 0.0793575 0.0787855
760 0.0830727 0.0824453
761 0.08646 0.0857797
762 0.0895061 0.0887755
763 0.092199 0.091421
764 0.0945281 0.0937056
765 0.096484 0.0956205
766 0.0980592 0.097158
767 0.0992474 0.0983121
768 0.100044 0.0990781
769 0.100446 0.0994532
770 0.100451 0.0994357
771 0.10006 0.0990259
772 0.0992736 0.0982252
773 0.0980958 0.0970369
774 0.0965308 0.0954656
775 0.0945849 0.0935175
776 0.0922656 0.0912004
777 0.0895823 0.0885233
778 0.0865454 0.0854969
779 0.0831669 0.0821331
780 0.0794602 0.0784451
781 0.07544 0.0744476
782 0.071122 0.0701562
783 0.0665233 0.065588
784 0.0616621 0.0607609
785 0.0565575 0.055694
786 0.0512297 0.0504073
787 0.0456998 0.0449217
788 0.0399894 0.0392588
789 0.0341213 0.033441
790 0.0281185 0.0274911
791 0.0220047 0.0214328
792 0.0158041 0.0152899
793 0.00954115 0.0090867
794 0.00324051 0.0028476
795 -0.00307291 -0.00340274
796 -0.00937421 -0.00963965
797 -0.0156385 -0.0158385
798 -0.0218411 -0.0219749
799 -0.0279575 -0.0280245
800 -0.0339635 -0.0339635
801 -0.0398355 -0.0397685
802 -0.0455503 -0.0454166
803 -0.0510854 -0.0508854
804 -0.0564188 -0.0561534
805 -0.0615296 -0.0611997
806 -0.0663975 -0.0660046
807 -0.0710034 -0.0705489
808 -0.0753291 -0.0748149
809 -0.0793575 -0.0787855
810 -0.0830727 -0.0824453
811 -0.08646 -0.0857797
812 -0.0895061 -0.0887755
813 -0.092199 -0.091421
814 -0.0945281 -0.0937056
815 -0.096484 -0.0956205
816 -0.0980592 -0.097158
817 -0.0992474 -0.0983121
818 -0.100044 -0.0990781
819 -0.100446 -0.0994532
820 -0.100451 -0.0994357
821 -0.10006 -0.0990259
822 -0.0992736 -0.0982252
823 -0.0980958 -0.0970369
824 -0.0965308 -0.0954656
825 -0.0945849 -0.0935175
826 -0.0922656 -0.0912004
827 -0.0895823 -0.0885233
828 -0.0865454 -0.0854969
829 -0.0831669 -0.0821331
830 -0.0794602 -0.0784451
831 -0.07544 -0.0744476
832 -0.071122 -0.0701562
833 -0.0665233 -0.065588
834 -0.0616621 -0.0607609
835 -0.0565575 -0.055694
836 -0.0512297 -0.0504073
837 -0.0456998 -0.0449217
838 -0.0399894 -0.0392588
839 -0.0341213 -0.033441
840 -0.0281185 -0.0274911
841 -0.0220047 -0.0214328
842 -0.0158041 -0.0152899
843 -0.00954115 -0.0090867
844 -0.00324051 -0.0028476
845 0.00307291 0.00340274
846 0.00937421 0.00963965
847 0.0156385 0.0158385
848 0.0218411 0.0219749
849 0.0279575 0.0280245
850 0.0339635 0.0339635
851 0.0398355 0.0397685
852 0.0455503 0.0454166
853 0.0510854 0.0508854
854 0.0564188 0.0561534
855 0.0615296 0.0611997
856 0.0663975 0.0660046
857 0.0710034 0.0705489
858 0.0753291 0.0748149
859 0.0793575 0.0787855
860 0.0830727 0.0824453
861 0.08646 0.0857797
862 0.0895061 0.0887755
863 0.092199 0.091421
864 0.0945281 0.0937056
865 0.096484 0.0956205
866 0.0980592 0.097158
867 0.0992474 0.0983121
868 0.100044 0.0990781
869 0.100446 0.0994532
870 0.100451 0.0994357
871 0.10006 0.0990259
872 0.0992736 0.0982252
873 0.0980958 0.0970369
874 0.0965308 0.0954656
875 0.0945849 0.0935175
876 0.0922656 0.0912004
877 0.0895823 0.0885233
878 0.0865454 0.0854969
879 0.0831669 0.0821331
880 0.0794602 0.0784451
881 0.07544 0.0744476
882 0.071122 0.0701562
883 0.0665233 0.065588
884 0.0616621 0.0607609
885 0.0565575 0.055694
886 0.0512297 0.0504073
887 0.0456998 0.0449217
888 0.0399894 0.0392588
889 0.0341213 0.033441
890 0.0281185 0.0274911
891 0.0220047 0.0214328
892 0.0158041 0.0152899
893 0.00954115 0.0090867
894 0.00324051 0.0028476
895 -0.00307291 -0.00340274
896 -0.00937421 -0.00963965
897 -0.0156385 -0.0158385
898 -0.0218411 -0.0219749
899 -0.0279575 -0.0280245
900 -0.0339635 -0.0339635
901 -0.0398355 -0.0397685
902 -0.0455503 -0.0454166
903 -0.0510854 -0.0508854
904 -0.0564188 -0.0561534
905 -0.0615296 -0.0611997
906 -0.0663975 -0.0660046
907 -0.0710034 -0.0705489
908 -0.0753291 -0.0748149
909 -0.0793575 -0.0787855
910 -0.0830727 -0.0824453
911 -0.08646 -0.0857797
912 -0.0895061 -0.0887755
913 -0.092199 -0.091421
914 -0.0945281 -0.0937056
915 -0.096484 -0.0956205
916 -0.0980592 -0.097158
917 -0.0992474 -0.0983121
918 -0.100044 -0.0990781
919 -0.100446 -0.0994532
920 -0.100451 -0.0994357
921 -0.10006 -0.0990259
922 -0.0992736 -0.0982252
923 -0.0980958 -0.0970369
924 -0.0965308 -0.0954656
925 -0.0945849 -0.0935175
926 -0.0922656 -0.0912004
927 -0.0895823 -0.0885233
928 -0.0865454 -0.0854969
929 -0.0831669 -0.0821331
930 -0.0794602 -0.0784451
931 -0.07544 -0.0744476
932 -0.071122 -0.0701562
933 -0.0665233 -0.065588
934 -0.0616621 -0.0607609
935 -0.0565575 -0.055694
936 -0.0512297 -0.0504073
937 -0.0456998 -0.0449217
938 -0.0399894 -0.0392588
939 -0.0341213 -0.033441
940 -0.0281185 -0.0274911
941 -0.0220047 -0.0214328
942 -0.0158041 -0.0152899
943 -0.00954115 -0.0090867
944 -0.00324051 -0.0028476
945 0.00307291 0.00340274
946 0.00937421 0.00963965
947 0.0156385 0.0158385
948 0.0218411 0.0219749
949 0.0279575 0.0280245
950 0.0339635 0.0339635
951 0.0398355 0.0397685
952 0.0455503 0.0454166
953 0.0510854 0.0508854
954 0.0564188 0.0561534
955 0.0615296 0.0611997
956 0.0663975 0.0660046
957 0.0710034 0.0705489
958 0.0753291 0.0748149
959 0.0793575 0.0787855
960 0.0830727 0.0824453
961 0.08646 0.0857797
962 0.0895061 0.0887755
963 0.092199 0.091421
964 0.0945281 0.0937056
965 0.096484 0.0956205
966 0.0980592 0.097158
967 0.0992474 0.0983121
968 0.100044 0.0990781
969 0.100446 0.0994532
970 0.100451 0.0994357
971 0.10006 0.0990259
972 0.0992736 0.0982252
973 0.0980958 0.0970369
974 0.0965308 0.0954656
975 0.0945849 0.0935175
976 0.0922656 0.0912004
977 0.0895823 0.0885233
978 0.0865454 0.0854969
979 0.0831669 0.0821331
980 0.0794602 0.0784451
981 0.07544 0.0744476
982 0.071122 0.0701562
983 0.0665233 0.065588
984 0.0616621 0.0607609
985 0.0565575 0.055694
986 0.0512297 0.0504073
987 0.0456998 0.0449217
988 0.0399894 0.0392588
989 0.0341213 0.033441
990 0.0281185 0.0274911
991 0.0220047 0.0214328
992 0.0158041 0.0152899
993 0.00954115 0.0090867
994 0.00324051 0.0028476
995 -0.00307291 -0.00340274
996 -0.00937421 -0.00963965
997 -0.0156385 -0.0158385
998 -0.0218411 -0.0219749
999 -0.0279575 -0.0280245
