0 -0.0212045 -0.0212045
1 -0.0150475 -0.0150056
2 -0.00883099 -0.00874747
3 -0.00257967 -0.0024548
4 0.00368183 0.00384755
5 0.00992879 0.0101347
6 0.0161366 0.0163819
7 0.0222807 0.0225644
8 0.0283368 0.0286579
9 0.0342812 0.0346382
10 0.0400902 0.0404819
11 0.045741 0.0461658
12 0.0512113 0.0516675
13 0.0564795 0.0569653
14 0.0615248 0.0620383
15 0.0663273 0.0668664
16 0.0708681 0.0714307
17 0.0751291 0.0757131
18 0.0790936 0.0796966
19 0.082746 0.0833656
20 0.0860719 0.0867056
21 0.089058 0.0897035
22 0.0916927 0.0923473
23 0.0939655 0.0946266
24 0.0958675 0.0965325
25 0.0973911 0.0980575
26 0.0985304 0.0991954
27 0.0992808 0.0999419
28 0.0996394 0.100294
29 0.0996047 0.10025
30 0.099177 0.0998108
31 0.0983579 0.0989774
32 0.0971505 0.0977535
33 0.0955598 0.0961438
34 0.093592 0.0941546
35 0.0912548 0.0917939
36 0.0885574 0.0890709
37 0.0855106 0.0859963
38 0.0821262 0.0825824
39 0.0784178 0.0788426
40 0.0743999 0.0747916
41 0.0700883 0.0704454
42 0.0655002 0.0658212
43 0.0606535 0.0609373
44 0.0555675 0.0558128
45 0.0502622 0.0504681
46 0.0447585 0.0449243
47 0.0390782 0.0392031
48 0.0332437 0.0333272
49 0.0272779 0.0273198
50 0.0212045 0.0212045
51 0.0150475 0.0150056
52 0.00883099 0.00874747
53 0.00257967 0.0024548
54 -0.00368183 -0.00384755
55 -0.00992879 -0.0101347
56 -0.0161366 -0.0163819
57 -0.0222807 -0.0225644
58 -0.0283368 -0.0286579
59 -0.0342812 -0.0346382
60 -0.0400902 -0.0404819
61 -0.045741 -0.0461658
62 -0.0512113 -0.0516675
63 -0.0564795 -0.0569653
64 -0.0615248 -0.0620383
65 -0.0663273 -0.0668664
66 -0.0708681 -0.0714307
67 -0.0751291 -0.0757131
68 -0.0790936 -0.0796966
69 -0.082746 -0.0833656
70 -0.0860719 -0.0867056
71 -0.089058 -0.0897035
72 -0.0916927 -0.0923473
73 -0.0939655 -0.0946266
74 -0.0958675 -0.0965325
75 -0.0973911 -0.0980575
76 -0.0985304 -0.0991954
77 -0.0992808 -0.0999419
78 -0.0996394 -0.100294
79 -0.0996047 -0.10025
80 -0.099177 -0.0998108
81 -0.0983579 -0.0989774
82 -0.0971505 -0.0977535
83 -0.0955598 -0.0961438
84 -0.093592 -0.0941546
85 -0.0912548 -0.0917939
86 -0.0885574 -0.0890709
87 -0.0855106 -0.0859963
88 -0.0821262 -0.0825824
89 -0.0784178 -0.0788426
90 -0.0743999 -0.0747916
91 -0.0700883 -0.0704454
92 -0.0655002 -0.0658212
93 -0.0606535 -0.0609373
94 -0.0555675 -0.0558128
95 -0.0502622 -0.0504681
96 -0.0447585 -0.0449243
97 -0.0390782 -0.0392031
98 -0.0332437 -0.0333272
99 -0.0272779 -0.0273198
100 -0.0212045 -0.0212045
101 -0.0150475 -0.0150056
102 -0.00883099 -0.00874747
103 -0.00257967 -0.0024548
104 0.00368183 0.00384755
105 0.00992879 0.0101347
106 0.0161366 0.0163819
107 0.0222807 0.0225644
108 0.0283368 0.0286579
109 0.0342812 0.0346382
110 0.0400902 0.0404819
111 0.045741 0.0461658
112 0.0512113 0.0516675
113 0.0564795 0.0569653
114 0.0615248 0.0620383
115 0.0663273 0.0668664
116 0.0708681 0.0714307
117 0.0751291 0.0757131
118 0.0790936 0.0796966
119 0.082746 0.0833656
120 0.0860719 0.0867056
121 0.089058 0.0897035
122 0.0916927 0.0923473
123 0.0939655 0.0946266
124 0.0958675 0.0965325
125 0.0973911 0.0980575
126 0.0985304 0.0991954
127 0.0992808 0.0999419
128 0.0996394 0.100294
129 0.0996047 0.10025
130 0.099177 0.0998108
131 0.0983579 0.0989774
132 0.0971505 0.0977535
133 0.0955598 0.0961438
134 0.093592 0.0941546
135 0.0912548 0.0917939
136 0.0885574 0.0890709
137 0.0855106 0.0859963
138 0.0821262 0.0825824
139 0.0784178 0.0788426
140 0.0743999 0.0747916
141 0.0700883 0.0704454
142 0.0655002 0.0658212
143 0.0606535 0.0609373
144 0.0555675 0.0558128
145 0.0502622 0.0504681
146 0.0447585 0.0449243
147 0.0390782 0.0392031
148 0.0332437 0.0333272
149 0.0272779 0.0273198
150 0.0212045 0.0212045
151 0.0150475 0.0150056
152 0.00883099 0.00874747
153 0.00257967 0.0024548
154 -0.00368183 -0.00384755
155 -0.00992879 -0.0101347
156 -0.0161366 -0.0163819
157 -0.0222807 -0.0225644
158 -0.0283368 -0.0286579
159 -0.0342812 -0.0346382
160 -0.0400902 -0.0404819
161 -0.045741 -0.0461658
162 -0.0512113 -0.0516675
163 -0.0564795 -0.0569653
164 -0.0615248 -0.0620383
165 -0.0663273 -0.0668664
166 -0.0708681 -0.0714307
167 -0.0751291 -0.0757131
168 -0.0790936 -0.0796966
169 -0.082746 -0.0833656
170 -0.0860719 -0.0867056
171 -0.089058 -0.0897035
172 -0.0916927 -0.0923473
173 -0.0939655 -0.0946266
174 -0.0958675 -0.0965325
175 -0.0973911 -0.0980575
176 -0.0985304 -0.0991954
177 -0.0992808 -0.0999419
178 -0.0996394 -0.100294
179 -0.0996047 -0.10025
180 -0.099177 -0.0998108
181 -0.0983579 -0.0989774
182 -0.0971505 -0.0977535
183 -0.0955598 -0.0961438
184 -0.093592 -0.0941546
185 -0.0912548 -0.0917939
186 -0.0885574 -0.0890709
187 -0.0855106 -0.0859963
188 -0.0821262 -0.0825824
189 -0.0784178 -0.0788426
190 -0.0743999 -0.0747916
191 -0.0700883 -0.0704454
192 -0.0655002 -0.0658212
193 -0.0606535 -0.0609373
194 -0.0555675 -0.0558128
195 -0.0502622 -0.0504681
196 -0.0447585 -0.0449243
197 -0.0390782 -0.0392031
198 -0.0332437 -0.0333272
199 -0.0272779 -0.0273198
200 -0.0212045 -0.0212045
201 -0.0150475 -0.0150056
202 -0.00883099 -0.00874747
203 -0.00257967 -0.0024548
204 0.00368183 0.00384755
205 0.00992879 0.0101347
206 0.0161366 0.0163819
207 0.0222807 0.0225644
208 0.0283368 0.0286579
209 0.0342812 0.0346382
210 0.0400902 0.0404819
211 0.045741 0.0461658
212 0.0512113 0.0516675
213 0.0564795 0.0569653
214 0.0615248 0.0620383
215 0.0663273 0.0668664
216 0.0708681 0.0714307
217 0.0751291 0.0757131
218 0.0790936 0.0796966
219 0.082746 0.0833656
220 0.0860719 0.0867056
221 0.089058 0.0897035
222 0.0916927 0.0923473
223 0.0939655 0.0946266
224 0.0958675 0.0965325
225 0.0973911 0.0980575
226 0.0985304 0.0991954
227 0.0992808 0.0999419
228 0.0996394 0.100294
229 0.0996047 0.10025
230 0.099177 0.0998108
231 0.0983579 0.0989774
232 0.0971505 0.0977535
233 0.0955598 0.0961438
234 0.093592 0.0941546
235 0.0912548 0.0917939
236 0.0885574 0.0890709
237 0.0855106 0.0859963
238 0.0821262 0.0825824
239 0.0784178 0.0788426
240 0.0743999 0.0747916
241 0.0700883 0.0704454
242 0.0655002 0.0658212
243 0.0606535 0.0609373
244 0.0555675 0.0558128
245 0.0502622 0.0504681
246 0.0447585 0.0449243
247 0.0390782 0.0392031
248 0.0332437 0.0333272
249 0.0272779 0.0273198
250 0.0212045 0.0212045
251 0.0150475 0.0150056
252 0.00883099 0.00874747
253 0.00257967 0.0024548
254 -0.00368183 -0.00384755
255 -0.00992879 -0.0101347
256 -0.0161366 -0.0163819
257 -0.0222807 -0.0225644
258 -0.0283368 -0.0286579
259 -0.0342812 -0.0346382
260 -0.0400902 -0.0404819
261 -0.045741 -0.0461658
262 -0.0512113 -0.0516675
263 -0.0564795 -0.0569653
264 -0.0615248 -0.0620383
265 -0.0663273 -0.0668664
266 -0.0708681 -0.0714307
267 -0.0751291 -0.0757131
268 -0.0790936 -0.0796966
269 -0.082746 -0.0833656
270 -0.0860719 -0.0867056
271 -0.089058 -0.0897035
272 -0.0916927 -0.0923473
273 -0.0939655 -0.0946266
274 -0.0958675 -0.0965325
275 -0.0973911 -0.0980575
276 -0.0985304 -0.0991954
277 -0.0992808 -0.0999419
278 -0.0996394 -0.100294
279 -0.0996047 -0.10025
280 -0.099177 -0.0998108
281 -0.0983579 -0.0989774
282 -0.0971505 -0.0977535
283 -0.0955598 -0.0961438
284 -0.093592 -0.0941546
285 -0.0912548 -0.0917939
286 -0.0885574 -0.0890709
287 -0.0855106 -0.0859963
288 -0.0821262 -0.0825824
289 -0.0784178 -0.0788426
290 -0.0743999 -0.0747916
291 -0.0700883 -0.0704454
292 -0.0655002 -0.0658212
293 -0.0606535 -0.0609373
294 -0.0555675 -0.0558128
295 -0.0502622 -0.0504681
296 -0.0447585 -0.0449243
297 -0.0390782 -0.0392031
298 -0.0332437 -0.0333272
299 -0.0272779 -0.0273198
300 -0.0212045 -0.0212045
301 -0.0150475 -0.0150056
302 -0.00883099 -0.00874747
303 -0.00257967 -0.0024548
304 0.00368183 0.00384755
305 0.00992879 0.0101347
306 0.0161366 0.0163819
307 0.0222807 0.0225644
308 0.0283368 0.0286579
309 0.0342812 0.0346382
310 0.0400902 0.0404819
311 0.045741 0.0461658
312 0.0512113 0.0516675
313 0.0564795 0.0569653
314 0.0615248 0.0620383
315 0.0663273 0.0668664
316 0.0708681 0.0714307
317 0.0751291 0.0757131
318 0.0790936 0.0796966
319 0.082746 0.0833656
320 0.0860719 0.0867056
321 0.089058 0.0897035
322 0.0916927 0.0923473
323 0.0939655 0.0946266
324 0.0958675 0.0965325
325 0.0973911 0.0980575
326 0.0985304 0.0991954
327 0.0992808 0.0999419
328 0.0996394 0.100294
329 0.0996047 0.10025
330 0.099177 0.0998108
331 0.0983579 0.0989774
332 0.0971505 0.0977535
333 0.0955598 0.0961438
334 0.093592 0.0941546
335 0.0912548 0.0917939
336 0.0885574 0.0890709
337 0.0855106 0.0859963
338 0.0821262 0.0825824
339 0.0784178 0.0788426
340 0.0743999 0.0747916
341 0.0700883 0.0704454
342 0.0655002 0.0658212
343 0.0606535 0.0609373
344 0.0555675 0.0558128
345 0.0502622 0.0504681
346 0.0447585 0.0449243
347 0.0390782 0.0392031
348 0.0332437 0.0333272
349 0.0272779 0.0273198
350 0.0212045 0.0212045
351 0.0150475 0.0150056
352 0.00883099 0.00874747
353 0.00257967 0.0024548
354 -0.00368183 -0.00384755
355 -0.00992879 -0.0101347
356 -0.0161366 -0.0163819
357 -0.0222807 -0.0225644
358 -0.0283368 -0.0286579
359 -0.0342812 -0.0346382
360 -0.0400902 -0.0404819
361 -0.045741 -0.0461658
362 -0.0512113 -0.0516675
363 -0.0564795 -0.0569653
364 -0.0615248 -0.0620383
365 -0.0663273 -0.0668664
366 -0.0708681 -0.0714307
367 -0.0751291 -0.0757131
368 -0.0790936 -0.0796966
369 -0.082746 -0.0833656
370 -0.0860719 -0.0867056
371 -0.089058 -0.0897035
372 -0.0916927 -0.0923473
373 -0.0939655 -0.0946266
374 -0.0958675 -0.0965325
375 -0.0973911 -0.0980575
376 -0.0985304 -0.0991954
377 -0.0992808 -0.0999419
378 -0.0996394 -0.100294
379 -0.0996047 -0.10025
380 -0.099177 -0.0998108
381 -0.0983579 -0.0989774
382 -0.0971505 -0.0977535
383 -0.0955598 -0.0961438
384 -0.093592 -0.0941546
385 -0.0912548 -0.0917939
386 -0.0885574 -0.0890709
387 -0.0855106 -0.0859963
388 -0.0821262 -0.0825824
389 -0.0784178 -0.0788426
390 -0.0743999 -0.0747916
391 -0.0700883 -0.0704454
392 -0.0655002 -0.0658212
393 -0.0606535 -0.0609373
394 -0.0555675 -0.0558128
395 -0.0502622 -0.0504681
396 -0.0447585 -0.0449243
397 -0.0390782 -0.0392031
398 -0.0332437 -0.0333272
399 -0.0272779 -0.0273198
400 -0.0212045 -0.0212045
401 -0.0150475 -0.0150056
402 -0.00883099 -0.00874747
403 -0.00257967 -0.0024548
404 0.00368183 0.00384755
405 0.00992879 0.0101347
406 0.0161366 0.0163819
407 0.0222807 0.0225644
408 0.0283368 0.0286579
409 0.0342812 0.0346382
410 0.0400902 0.0404819
411 0.045741 0.0461658
412 0.0512113 0.0516675
413 0.0564795 0.0569653
414 0.0615248 0.0620383
415 0.0663273 0.0668664
416 0.0708681 0.0714307
417 0.0751291 0.0757131
418 0.0790936 0.0796966
419 0.082746 0.0833656
420 0.0860719 0.0867056
421 0.089058 0.0897035
422 0.0916927 0.0923473
423 0.0939655 0.0946266
424 0.0958675 0.0965325
425 0.0973911 0.0980575
426 0.0985304 0.0991954
427 0.0992808 0.0999419
428 0.0996394 0.100294
429 0.0996047 0.10025
430 0.099177 0.0998108
431 0.0983579 0.0989774
432 0.0971505 0.0977535
433 0.0955598 0.0961438
434 0.093592 0.0941546
435 0.0912548 0.0917939
436 0.0885574 0.0890709
437 0.0855106 0.0859963
438 0.0821262 0.0825824
439 0.0784178 0.0788426
440 0.0743999 0.0747916
441 0.0700883 0.0704454
442 0.0655002 0.0658212
443 0.0606535 0.0609373
444 0.0555675 0.0558128
445 0.0502622 0.0504681
446 0.0447585 0.0449243
447 0.0390782 0.0392031
448 0.0332437 0.0333272
449 0.0272779 0.0273198
450 0.0212045 0.0212045
451 0.0150475 0.0150056
452 0.00883099 0.00874747
453 0.00257967 0.0024548
454 -0.00368183 -0.00384755
455 -0.00992879 -0.0101347
456 -0.0161366 -0.0163819
457 -0.0222807 -0.0225644
458 -0.0283368 -0.0286579
459 -0.0342812 -0.0346382
460 -0.0400902 -0.0404819
461 -0.045741 -0.0461658
462 -0.0512113 -0.0516675
463 -0.0564795 -0.0569653
464 -0.0615248 -0.0620383
465 -0.0663273 -0.0668664
466 -0.0708681 -0.0714307
467 -0.0751291 -0.0757131
468 -0.0790936 -0.0796966
469 -0.082746 -0.0833656
470 -0.0860719 -0.0867056
471 -0.089058 -0.0897035
472 -0.0916927 -0.0923473
473 -0.0939655 -0.0946266
474 -0.0958675 -0.0965325
475 -0.0973911 -0.0980575
476 -0.0985304 -0.0991954
477 -0.0992808 -0.0999419
478 -0.0996394 -0.100294
479 -0.0996047 -0.10025
480 -0.099177 -0.0998108
481 -0.0983579 -0.0989774
482 -0.0971505 -0.0977535
483 -0.0955598 -0.0961438
484 -0.093592 -0.0941546
485 -0.0912548 -0.0917939
486 -0.0885574 -0.0890709
487 -0.0855106 -0.0859963
488 -0.0821262 -0.0825824
489 -0.0784178 -0.0788426
490 -0.0743999 -0.0747916
491 -0.0700883 -0.0704454
492 -0.0655002 -0.0658212
493 -0.0606535 -0.0609373
494 -0.0555675 -0.0558128
495 -0.0502622 -0.0504681
496 -0.0447585 -0.0449243
497 -0.0390782 -0.0392031
498 -0.0332437 -0.0333272
499 -0.0272779 -0.0273198
500 -0.0212045 -0.0212045
501 -0.0150475 -0.0150056
502 -0.00883099 -0.00874747
503 -0.00257967 -0.0024548
504 0.00368183 0.00384755
505 0.00992879 0.0101347
506 0.0161366 0.0163819
507 0.0222807 0.0225644
508 0.0283368 0.0286579
509 0.0342812 0.0346382
510 0.0400902 0.0404819
511 0.045741 0.0461658
512 0.0512113 0.0516675
513 0.0564795 0.0569653
514 0.0615248 0.0620383
515 0.0663273 0.0668664
516 0.0708681 0.0714307
517 0.0751291 0.0757131
518 0.0790936 0.0796966
519 0.082746 0.0833656
520 0.0860719 0.0867056
521 0.089058 0.0897035
522 0.0916927 0.0923473
523 0.0939655 0.0946266
524 0.0958675 0.0965325
525 0.0973911 0.0980575
526 0.0985304 0.0991954
527 0.0992808 0.0999419
528 0.0996394 0.100294
529 0.0996047 0.10025
530 0.099177 0.0998108
531 0.0983579 0.0989774
532 0.0971505 0.0977535
533 0.0955598 0.0961438
534 0.093592 0.0941546
535 0.0912548 0.0917939
536 0.0885574 0.0890709
537 0.0855106 0.0859963
538 0.0821262 0.0825824
539 0.0784178 0.0788426
540 0.0743999 0.0747916
541 0.0700883 0.0704454
542 0.0655002 0.0658212
543 0.0606535 0.0609373
544 0.0555675 0.0558128
545 0.0502622 0.0504681
546 0.0447585 0.0449243
547 0.0390782 0.0392031
548 0.0332437 0.0333272
549 0.0272779 0.0273198
550 0.0212045 0.0212045
551 0.0150475 0.0150056
552 0.00883099 0.00874747
553 0.00257967 0.0024548
554 -0.00368183 -0.00384755
555 -0.00992879 -0.0101347
556 -0.0161366 -0.0163819
557 -0.0222807 -0.0225644
558 -0.0283368 -0.0286579
559 -0.0342812 -0.0346382
560 -0.0400902 -0.0404819
561 -0.045741 -0.0461658
562 -0.0512113 -0.0516675
563 -0.0564795 -0.0569653
564 -0.0615248 -0.0620383
565 -0.0663273 -0.0668664
566 -0.0708681 -0.0714307
567 -0.0751291 -0.0757131
568 -0.0790936 -0.0796966
569 -0.082746 -0.0833656
570 -0.0860719 -0.0867056
571 -0.089058 -0.0897035
572 -0.0916927 -0.0923473
573 -0.0939655 -0.0946266
574 -0.0958675 -0.0965325
575 -0.0973911 -0.0980575
576 -0.0985304 -0.0991954
577 -0.0992808 -0.0999419
578 -0.0996394 -0.100294
579 -0.0996047 -0.10025
580 -0.099177 -0.0998108
581 -0.0983579 -0.0989774
582 -0.0971505 -0.0977535
583 -0.0955598 -0.0961438
584 -0.093592 -0.0941546
585 -0.0912548 -0.0917939
586 -0.0885574 -0.0890709
587 -0.0855106 -0.0859963
588 -0.0821262 -0.0825824
589 -0.0784178 -0.0788426
590 -0.0743999 -0.0747916
591 -0.0700883 -0.0704454
592 -0.0655002 -0.0658212
593 -0.0606535 -0.0609373
594 -0.0555675 -0.0558128
595 -0.0502622 -0.0504681
596 -0.0447585 -0.0449243
597 -0.0390782 -0.0392031
598 -0.0332437 -0.0333272
599 -0.0272779 -0.0273198
600 -0.0212045 -0.0212045
601 -0.0150475 -0.0150056
602 -0.00883099 -0.00874747
603 -0.00257967 -0.0024548
604 0.00368183 0.00384755
605 0.00992879 0.0101347
606 0.0161366 0.0163819
607 0.0222807 0.0225644
608 0.0283368 0.0286579
609 0.0342812 0.0346382
610 0.0400902 0.0404819
611 0.045741 0.0461658
612 0.0512113 0.0516675
613 0.0564795 0.0569653
614 0.0615248 0.0620383
615 0.0663273 0.0668664
616 0.0708681 0.0714307
617 0.0751291 0.0757131
618 0.0790936 0.0796966
619 0.082746 0.0833656
620 0.0860719 0.0867056
621 0.089058 0.0897035
622 0.0916927 0.0923473
623 0.0939655 0.0946266
624 0.0958675 0.0965325
625 0.0973911 0.0980575
626 0.0985304 0.0991954
627 0.0992808 0.0999419
628 0.0996394 0.100294
629 0.0996047 0.10025
630 0.099177 0.0998108
631 0.0983579 0.0989774
632 0.0971505 0.0977535
633 0.0955598 0.0961438
634 0.093592 0.0941546
635 0.0912548 0.0917939
636 0.0885574 0.0890709
637 0.0855106 0.0859963
638 0.0821262 0.0825824
639 0.0784178 0.0788426
640 0.0743999 0.0747916
641 0.0700883 0.0704454
642 0.0655002 0.0658212
643 0.0606535 0.0609373
644 0.0555675 0.0558128
645 0.0502622 0.0504681
646 0.0447585 0.0449243
647 0.0390782 0.0392031
648 0.0332437 0.0333272
649 0.0272779 0.0273198
650 0.0212045 0.0212045
651 0.0150475 0.0150056
652 0.00883099 0.00874747
653 0.00257967 0.0024548
654 -0.00368183 -0.00384755
655 -0.00992879 -0.0101347
656 -0.0161366 -0.0163819
657 -0.0222807 -0.0225644
658 -0.0283368 -0.0286579
659 -0.0342812 -0.0346382
660 -0.0400902 -0.0404819
661 -0.045741 -0.0461658
662 -0.0512113 -0.0516675
663 -0.0564795 -0.0569653
664 -0.0615248 -0.0620383
665 -0.0663273 -0.0668664
666 -0.0708681 -0.0714307
667 -0.0751291 -0.0757131
668 -0.0790936 -0.0796966
669 -0.082746 -0.0833656
670 -0.0860719 -0.0867056
671 -0.089058 -0.0897035
672 -0.0916927 -0.0923473
673 -0.0939655 -0.0946266
674 -0.0958675 -0.0965325
675 -0.0973911 -0.0980575
676 -0.0985304 -0.0991954
677 -0.0992808 -0.0999419
678 -0.0996394 -0.100294
679 -0.0996047 -0.10025
680 -0.099177 -0.0998108
681 -0.0983579 -0.0989774
682 -0.0971505 -0.0977535
683 -0.0955598 -0.0961438
684 -0.093592 -0.0941546
685 -0.0912548 -0.0917939
686 -0.0885574 -0.0890709
687 -0.0855106 -0.0859963
688 -0.0821262 -0.0825824
689 -0.0784178 -0.0788426
690 -0.0743999 -0.0747916
691 -0.0700883 -0.0704454
692 -0.0655002 -0.0658212
693 -0.0606535 -0.0609373
694 -0.0555675 -0.0558128
695 -0.0502622 -0.0504681
696 -0.0447585 -0.0449243
697 -0.0390782 -0.0392031
698 -0.0332437 -0.0333272
699 -0.0272779 -0.0273198
700 -0.0212045 -0.0212045
701 -0.0150475 -0.0150056
702 -0.00883099 -0.00874747
703 -0.00257967 -0.0024548
704 0.00368183 0.00384755
705 0.00992879 0.0101347
706 0.0161366 0.0163819
707 0.0222807 0.0225644
708 0.0283368 0.0286579
709 0.0342812 0.0346382
710 0.0400902 0.0404819
711 0.045741 0.0461658
712 0.0512113 0.0516675
713 0.0564795 0.0569653
714 0.0615248 0.0620383
715 0.0663273 0.0668664
716 0.0708681 0.0714307
717 0.0751291 0.0757131
718 0.0790936 0.0796966
719 0.082746 0.0833656
720 0.0860719 0.0867056
721 0.089058 0.0897035
722 0.0916927 0.0923473
723 0.0939655 0.0946266
724 0.0958675 0.0965325
725 0.0973911 0.0980575
726 0.0985304 0.0991954
727 0.0992808 0.0999419
728 0.0996394 0.100294
729 0.0996047 0.10025
730 0.099177 0.0998108
731 0.0983579 0.0989774
732 0.0971505 0.0977535
733 0.0955598 0.0961438
734 0.093592 0.0941546
735 0.0912548 0.0917939
736 0.0885574 0.0890709
737 0.0855106 0.0859963
738 0.0821262 0.0825824
739 0.0784178 0.0788426
740 0.0743999 0.0747916
741 0.0700883 0.0704454
742 0.0655002 0.0658212
743 0.0606535 0.0609373
744 0.0555675 0.0558128
745 0.0502622 0.0504681
746 0.0447585 0.0449243
747 0.0390782 0.0392031
748 0.0332437 0.0333272
749 0.0272779 0.0273198
750 0.0212045 0.0212045
751 0.0150475 0.0150056
752 0.00883099 0.00874747
753 0.00257967 0.0024548
754 -0.00368183 -0.00384755
755 -0.00992879 -0.0101347
756 -0.0161366 -0.0163819
757 -0.0222807 -0.0225644
758 -0.0283368 -0.0286579
759 -0.0342812 -0.0346382
760 -0.0400902 -0.0404819
761 -0.045741 -0.0461658
762 -0.0512113 -0.0516675
763 -0.0564795 -0.0569653
764 -0.0615248 -0.0620383
765 -0.0663273 -0.0668664
766 -0.0708681 -0.0714307
767 -0.0751291 -0.0757131
768 -0.0790936 -0.0796966
769 -0.082746 -0.0833656
770 -0.0860719 -0.0867056
771 -0.089058 -0.0897035
772 -0.0916927 -0.0923473
773 -0.0939655 -0.0946266
774 -0.0958675 -0.0965325
775 -0.0973911 -0.0980575
776 -0.0985304 -0.0991954
777 -0.0992808 -0.0999419
778 -0.0996394 -0.100294
779 -0.0996047 -0.10025
780 -0.099177 -0.0998108
781 -0.0983579 -0.0989774
782 -0.0971505 -0.0977535
783 -0.0955598 -0.0961438
784 -0.093592 -0.0941546
785 -0.0912548 -0.0917939
786 -0.0885574 -0.0890709
787 -0.0855106 -0.0859963
788 -0.0821262 -0.0825824
789 -0.0784178 -0.0788426
790 -0.0743999 -0.0747916
791 -0.0700883 -0.0704454
792 -0.0655002 -0.0658212
793 -0.0606535 -0.0609373
794 -0.0555675 -0.0558128
795 -0.0502622 -0.0504681
796 -0.0447585 -0.0449243
797 -0.0390782 -0.0392031
798 -0.0332437 -0.0333272
799 -0.0272779 -0.0273198
800 -0.0212045 -0.0212045
801 -0.0150475 -0.0150056
802 -0.00883099 -0.00874747
803 -0.00257967 -0.0024548
804 0.00368183 0.00384755
805 0.00992879 0.0101347
806 0.0161366 0.0163819
807 0.0222807 0.0225644
808 0.0283368 0.0286579
809 0.0342812 0.0346382
810 0.0400902 0.0404819
811 0.045741 0.0461658
812 0.0512113 0.0516675
813 0.0564795 0.0569653
814 0.0615248 0.0620383
815 0.0663273 0.0668664
816 0.0708681 0.0714307
817 0.0751291 0.0757131
818 0.0790936 0.0796966
819 0.082746 0.0833656
820 0.0860719 0.0867056
821 0.089058 0.0897035
822 0.0916927 0.0923473
823 0.0939655 0.0946266
824 0.0958675 0.0965325
825 0.0973911 0.0980575
826 0.0985304 0.0991954
827 0.0992808 0.0999419
828 0.0996394 0.100294
829 0.0996047 0.10025
830 0.099177 0.0998108
831 0.0983579 0.0989774
832 0.0971505 0.0977535
833 0.0955598 0.0961438
834 0.093592 0.0941546
835 0.0912548 0.0917939
836 0.0885574 0.0890709
837 0.0855106 0.0859963
838 0.0821262 0.0825824
839 0.0784178 0.0788426
840 0.0743999 0.0747916
841 0.0700883 0.0704454
842 0.0655002 0.0658212
843 0.0606535 0.0609373
844 0.0555675 0.0558128
845 0.0502622 0.0504681
846 0.0447585 0.0449243
847 0.0390782 0.0392031
848 0.0332437 0.0333272
849 0.0272779 0.0273198
850 0.0212045 0.0212045
851 0.0150475 0.0150056
852 0.00883099 0.00874747
853 0.00257967 0.0024548
854 -0.00368183 -0.00384755
855 -0.00992879 -0.0101347
856 -0.0161366 -0.0163819
857 -0.0222807 -0.0225644
858 -0.0283368 -0.0286579
859 -0.0342812 -0.0346382
860 -0.0400902 -0.0404819
861 -0.045741 -0.0461658
862 -0.0512113 -0.0516675
863 -0.0564795 -0.0569653
864 -0.0615248 -0.0620383
865 -0.0663273 -0.0668664
866 -0.0708681 -0.0714307
867 -0.0751291 -0.0757131
868 -0.0790936 -0.0796966
869 -0.082746 -0.0833656
870 -0.0860719 -0.0867056
871 -0.089058 -0.0897035
872 -0.0916927 -0.0923473
873 -0.0939655 -0.0946266
874 -0.0958675 -0.0965325
875 -0.0973911 -0.0980575
876 -0.0985304 -0.0991954
877 -0.0992808 -0.0999419
878 -0.0996394 -0.100294
879 -0.0996047 -0.10025
880 -0.099177 -0.0998108
881 -0.0983579 -0.0989774
882 -0.0971505 -0.0977535
883 -0.0955598 -0.0961438
884 -0.093592 -0.0941546
885 -0.0912548 -0.0917939
886 -0.0885574 -0.0890709
887 -0.0855106 -0.0859963
888 -0.0821262 -0.0825824
889 -0.0784178 -0.0788426
890 -0.0743999 -0.0747916
891 -0.0700883 -0.0704454
892 -0.0655002 -0.0658212
893 -0.0606535 -0.0609373
894 -0.0555675 -0.0558128
895 -0.0502622 -0.0504681
896 -0.0447585 -0.0449243
897 -0.0390782 -0.0392031
898 -0.0332437 -0.0333272
899 -0.0272779 -0.0273198
900 -0.0212045 -0.0212045
901 -0.0150475 -0.0150056
902 -0.00883099 -0.00874747
903 -0.00257967 -0.0024548
904 0.00368183 0.00384755
905 0.00992879 0.0101347
906 0.0161366 0.0163819
907 0.0222807 0.0225644
908 0.0283368 0.0286579
909 0.0342812 0.0346382
910 0.0400902 0.0404819
911 0.045741 0.0461658
912 0.0512113 0.0516675
913 0.0564795 0.0569653
914 0.0615248 0.0620383
915 0.0663273 0.0668664
916 0.0708681 0.0714307
917 0.0751291 0.0757131
918 0.0790936 0.0796966
919 0.082746 0.0833656
920 0.0860719 0.0867056
921 0.089058 0.0897035
922 0.0916927 0.0923473
923 0.0939655 0.0946266
924 0.0958675 0.0965325
925 0.0973911 0.0980575
926 0.0985304 0.0991954
927 0.0992808 0.0999419
928 0.0996394 0.100294
929 0.0996047 0.10025
930 0.099177 0.0998108
931 0.0983579 0.0989774
932 0.0971505 0.0977535
933 0.0955598 0.0961438
934 0.093592 0.0941546
935 0.0912548 0.0917939
936 0.0885574 0.0890709
937 0.0855106 0.0859963
938 0.0821262 0.0825824
939 0.0784178 0.0788426
940 0.0743999 0.0747916
941 0.0700883 0.0704454
942 0.0655002 0.0658212
943 0.0606535 0.0609373
944 0.0555675 0.0558128
945 0.0502622 0.0504681
946 0.0447585 0.0449243
947 0.0390782 0.0392031
948 0.0332437 0.0333272
949 0.0272779 0.0273198
950 0.0212045 0.0212045
951 0.0150475 0.0150056
952 0.00883099 0.00874747
953 0.00257967 0.0024548
954 -0.00368183 -0.00384755
955 -0.00992879 -0.0101347
956 -0.0161366 -0.0163819
957 -0.0222807 -0.0225644
958 -0.0283368 -0.0286579
959 -0.0342812 -0.0346382
960 -0.0400902 -0.0404819
961 -0.045741 -0.0461658
962 -0.0512113 -0.0516675
963 -0.0564795 -0.0569653
964 -0.0615248 -0.0620383
965 -0.0663273 -0.0668664
966 -0.0708681 -0.0714307
967 -0.0751291 -0.0757131
968 -0.0790936 -0.0796966
969 -0.082746 -0.0833656
970 -0.0860719 -0.0867056
971 -0.089058 -0.0897035
972 -0.0916927 -0.0923473
973 -0.0939655 -0.0946266
974 -0.0958675 -0.0965325
975 -0.0973911 -0.0980575
976 -0.0985304 -0.0991954
977 -0.0992808 -0.0999419
978 -0.0996394 -0.100294
979 -0.0996047 -0.10025
980 -0.099177 -0.0998108
981 -0.0983579 -0.0989774
982 -0.0971505 -0.0977535
983 -0.0955598 -0.0961438
984 -0.093592 -0.0941546
985 -0.0912548 -0.0917939
986 -0.0885574 -0.0890709
987 -0.0855106 -0.0859963
988 -0.0821262 -0.0825824
989 -0.0784178 -0.0788426
990 -0.0743999 -0.0747916
991 -0.0700883 -0.0704454
992 -0.0655002 -0.0658212
993 -0.0606535 -0.0609373
994 -0.0555675 -0.0558128
995 -0.0502622 -0.0504681
996 -0.0447585 -0.0449243
997 -0.0390782 -0.0392031
998 -0.0332437 -0.0333272
999 -0.0272779 -0.0273198
