0 -0.0329077 -0.0329077
1 -0.0269462 -0.0268812
2 -0.0208783 -0.0207487
3 -0.014728 -0.0145342
4 -0.00851962 -0.00826243
5 -0.0022776 -0.00195803
6 0.00397341 0.00435411
7 0.0102087 0.0106491
8 0.0164038 0.016902
9 0.0225341 0.0230882
10 0.0285754 0.0291833
11 0.034504 0.0351632
12 0.0402964 0.0410044
13 0.0459298 0.0466837
14 0.051382 0.0521788
15 0.0566313 0.057468
16 0.0616572 0.0625303
17 0.0664397 0.0673459
18 0.07096 0.0718957
19 0.0752002 0.0761618
20 0.0791437 0.0801273
21 0.0827748 0.0837765
22 0.0860793 0.0870952
23 0.0890441 0.0900701
24 0.0916574 0.0926895
25 0.093909 0.0949431
26 0.09579 0.0968221
27 0.0972929 0.0983189
28 0.0984119 0.0994277
29 0.0991425 0.100144
30 0.0994818 0.100465
31 0.0994285 0.10039
32 0.0989828 0.0999185
33 0.0981465 0.0990527
34 0.0969228 0.097796
35 0.0953166 0.0961533
36 0.0933343 0.0941311
37 0.0909836 0.0917374
38 0.0882738 0.0889817
39 0.0852156 0.0858749
40 0.0818212 0.0824291
41 0.0781038 0.078658
42 0.0740782 0.0745764
43 0.0697603 0.0702006
44 0.065167 0.0655477
45 0.0603165 0.0606361
46 0.055228 0.0554852
47 0.0499216 0.0501154
48 0.0444181 0.0445477
49 0.0387393 0.0388043
50 0.0329077 0.0329077
51 0.0269462 0.0268812
52 0.0208783 0.0207487
53 0.014728 0.0145342
54 0.00851962 0.00826243
55 0.0022776 0.00195803
56 -0.00397341 -0.00435411
57 -0.0102087 -0.0106491
58 -0.0164038 -0.016902
59 -0.0225341 -0.0230882
60 -0.0285754 -0.0291833
61 -0.034504 -0.0351632
62 -0.0402964 -0.0410044
63 -0.0459298 -0.0466837
64 -0.051382 -0.0521788
65 -0.0566313 -0.057468
66 -0.0616572 -0.0625303
67 -0.0664397 -0.0673459
68 -0.07096 -0.0718957
69 -0.0752002 -0.0761618
70 -0.0791437 -0.0801273
71 -0.0827748 -0.0837765
72 -0.0860793 -0.0870952
73 -0.0890441 -0.0900701
74 -0.0916574 -0.0926895
75 -0.093909 -0.0949431
76 -0.09579 -0.0968221
77 -0.0972929 -0.0983189
78 -0.0984119 -0.0994277
79 -0.0991425 -0.100144
80 -0.0994818 -0.100465
81 -0.0994285 -0.10039
82 -0.0989828 -0.0999185
83 -0.0981465 -0.0990527
84 -0.0969228 -0.097796
85 -0.0953166 -0.0961533
86 -0.0933343 -0.0941311
87 -0.0909836 -0.0917374
88 -0.0882738 -0.0889817
89 -0.0852156 -0.0858749
90 -0.0818212 -0.0824291
91 -0.0781038 -0.078658
92 -0.0740782 -0.0745764
93 -0.0697603 -0.0702006
94 -0.065167 -0.0655477
95 -0.0603165 -0.0606361
96 -0.055228 -0.0554852
97 -0.0499216 -0.0501154
98 -0.0444181 -0.0445477
99 -0.0387393 -0.0388043
100 -0.0329077 -0.0329077
101 -0.0269462 -0.0268812
102 -0.0208783 -0.0207487
103 -0.014728 -0.0145342
104 -0.00851962 -0.00826243
105 -0.0022776 -0.00195803
106 0.00397341 0.00435411
107 0.0102087 0.0106491
108 0.0164038 0.016902
109 0.0225341 0.0230882
110 0.0285754 0.0291833
111 0.034504 0.0351632
112 0.0402964 0.0410044
113 0.0459298 0.0466837
114 0.051382 0.0521788
115 0.0566313 0.057468
116 0.0616572 0.0625303
117 0.0664397 0.0673459
118 0.07096 0.0718957
119 0.0752002 0.0761618
120 0.0791437 0.0801273
121 0.0827748 0.0837765
122 0.0860793 0.0870952
123 0.0890441 0.0900701
124 0.0916574 0.0926895
125 0.093909 0.0949431
126 0.09579 0.0968221
127 0.0972929 0.0983189
128 0.0984119 0.0994277
129 0.0991425 0.100144
130 0.0994818 0.100465
131 0.0994285 0.10039
132 0.0989828 0.0999185
133 0.0981465 0.0990527
134 0.0969228 0.097796
135 0.0953166 0.0961533
136 0.0933343 0.0941311
137 0.0909836 0.0917374
138 0.0882738 0.0889817
139 0.0852156 0.0858749
140 0.0818212 0.0824291
141 0.0781038 0.078658
142 0.0740782 0.0745764
143 0.0697603 0.0702006
144 0.065167 0.0655477
145 0.0603165 0.0606361
146 0.055228 0.0554852
147 0.0499216 0.0501154
148 0.0444181 0.0445477
149 0.0387393 0.0388043
150 0.0329077 0.0329077
151 0.0269462 0.0268812
152 0.0208783 0.0207487
153 0.014728 0.0145342
154 0.00851962 0.00826243
155 0.0022776 0.00195803
156 -0.00397341 -0.00435411
157 -0.0102087 -0.0106491
158 -0.0164038 -0.016902
159 -0.0225341 -0.0230882
160 -0.0285754 -0.0291833
161 -0.034504 -0.0351632
162 -0.0402964 -0.0410044
163 -0.0459298 -0.0466837
164 -0.051382 -0.0521788
165 -0.0566313 -0.057468
166 -0.0616572 -0.0625303
167 -0.0664397 -0.0673459
168 -0.07096 -0.0718957
169 -0.0752002 -0.0761618
170 -0.0791437 -0.0801273
171 -0.0827748 -0.0837765
172 -0.0860793 -0.0870952
173 -0.0890441 -0.0900701
174 -0.0916574 -0.0926895
175 -0.093909 -0.0949431
176 -0.09579 -0.0968221
177 -0.0972929 -0.0983189
178 -0.0984119 -0.0994277
179 -0.0991425 -0.100144
180 -0.0994818 -0.100465
181 -0.0994285 -0.10039
182 -0.0989828 -0.0999185
183 -0.0981465 -0.0990527
184 -0.0969228 -0.097796
185 -0.0953166 -0.0961533
186 -0.0933343 -0.0941311
187 -0.0909836 -0.0917374
188 -0.0882738 -0.0889817
189 -0.0852156 -0.0858749
190 -0.0818212 -0.0824291
191 -0.0781038 -0.078658
192 -0.0740782 -0.0745764
193 -0.0697603 -0.0702006
194 -0.065167 -0.0655477
195 -0.0603165 -0.0606361
196 -0.055228 -0.0554852
197 -0.0499216 -0.0501154
198 -0.0444181 -0.0445477
199 -0.0387393 -0.0388043
200 -0.0329077 -0.0329077
201 -0.0269462 -0.0268812
202 -0.0208783 -0.0207487
203 -0.014728 -0.0145342
204 -0.00851962 -0.00826243
205 -0.0022776 -0.00195803
206 0.00397341 0.00435411
207 0.0102087 0.0106491
208 0.0164038 0.016902
209 0.0225341 0.0230882
210 0.0285754 0.0291833
211 0.034504 0.0351632
212 0.0402964 0.0410044
213 0.0459298 0.0466837
214 0.051382 0.0521788
215 0.0566313 0.057468
216 0.0616572 0.0625303
217 0.0664397 0.0673459
218 0.07096 0.0718957
219 0.0752002 0.0761618
220 0.0791437 0.0801273
221 0.0827748 0.0837765
222 0.0860793 0.0870952
223 0.0890441 0.0900701
224 0.0916574 0.0926895
225 0.093909 0.0949431
226 0.09579 0.0968221
227 0.0972929 0.0983189
228 0.0984119 0.0994277
229 0.0991425 0.100144
230 0.0994818 0.100465
231 0.0994285 0.10039
232 0.0989828 0.0999185
233 0.0981465 0.0990527
234 0.0969228 0.097796
235 0.0953166 0.0961533
236 0.0933343 0.0941311
237 0.0909836 0.0917374
238 0.0882738 0.0889817
239 0.0852156 0.0858749
240 0.0818212 0.0824291
241 0.0781038 0.078658
242 0.0740782 0.0745764
243 0.0697603 0.0702006
244 0.065167 0.0655477
245 0.0603165 0.0606361
246 0.055228 0.0554852
247 0.0499216 0.0501154
248 0.0444181 0.0445477
249 0.0387393 0.0388043
250 0.0329077 0.0329077
251 0.0269462 0.0268812
252 0.0208783 0.0207487
253 0.014728 0.0145342
254 0.00851962 0.00826243
255 0.0022776 0.00195803
256 -0.00397341 -0.00435411
257 -0.0102087 -0.0106491
258 -0.0164038 -0.016902
259 -0.0225341 -0.0230882
260 -0.0285754 -0.0291833
261 -0.034504 -0.0351632
262 -0.0402964 -0.0410044
263 -0.0459298 -0.0466837
264 -0.051382 -0.0521788
265 -0.0566313 -0.057468
266 -0.0616572 -0.0625303
267 -0.0664397 -0.0673459
268 -0.07096 -0.0718957
269 -0.0752002 -0.0761618
270 -0.0791437 -0.0801273
271 -0.0827748 -0.0837765
272 -0.0860793 -0.0870952
273 -0.0890441 -0.0900701
274 -0.0916574 -0.0926895
275 -0.093909 -0.0949431
276 -0.09579 -0.0968221
277 -0.0972929 -0.0983189
278 -0.0984119 -0.0994277
279 -0.0991425 -0.100144
280 -0.0994818 -0.100465
281 -0.0994285 -0.10039
282 -0.0989828 -0.0999185
283 -0.0981465 -0.0990527
284 -0.0969228 -0.097796
285 -0.0953166 -0.0961533
286 -0.0933343 -0.0941311
287 -0.0909836 -0.0917374
288 -0.0882738 -0.0889817
289 -0.0852156 -0.0858749
290 -0.0818212 -0.0824291
291 -0.0781038 -0.078658
292 -0.0740782 -0.0745764
293 -0.0697603 -0.0702006
294 -0.065167 -0.0655477
295 -0.0603165 -0.0606361
296 -0.055228 -0.0554852
297 -0.0499216 -0.0501154
298 -0.0444181 -0.0445477
299 -0.0387393 -0.0388043
300 -0.0329077 -0.0329077
301 -0.0269462 -0.0268812
302 -0.0208783 -0.0207487
303 -0.014728 -0.0145342
304 -0.00851962 -0.00826243
305 -0.0022776 -0.00195803
306 0.00397341 0.00435411
307 0.0102087 0.0106491
308 0.0164038 0.016902
309 0.0225341 0.0230882
310 0.0285754 0.0291833
311 0.034504 0.0351632
312 0.0402964 0.0410044
313 0.0459298 0.0466837
314 0.051382 0.0521788
315 0.0566313 0.057468
316 0.0616572 0.0625303
317 0.0664397 0.0673459
318 0.07096 0.0718957
319 0.0752002 0.0761618
320 0.0791437 0.0801273
321 0.0827748 0.0837765
322 0.0860793 0.0870952
323 0.0890441 0.0900701
324 0.0916574 0.0926895
325 0.093909 0.0949431
326 0.09579 0.0968221
327 0.0972929 0.0983189
328 0.0984119 0.0994277
329 0.0991425 0.100144
330 0.0994818 0.100465
331 0.0994285 0.10039
332 0.0989828 0.0999185
333 0.0981465 0.0990527
334 0.0969228 0.097796
335 0.0953166 0.0961533
336 0.0933343 0.0941311
337 0.0909836 0.0917374
338 0.0882738 0.0889817
339 0.0852156 0.0858749
340 0.0818212 0.0824291
341 0.0781038 0.078658
342 0.0740782 0.0745764
343 0.0697603 0.0702006
344 0.065167 0.0655477
345 0.0603165 0.0606361
346 0.055228 0.0554852
347 0.0499216 0.0501154
348 0.0444181 0.0445477
349 0.0387393 0.0388043
350 0.0329077 0.0329077
351 0.0269462 0.0268812
352 0.0208783 0.0207487
353 0.014728 0.0145342
354 0.00851962 0.00826243
355 0.0022776 0.00195803
356 -0.00397341 -0.00435411
357 -0.0102087 -0.0106491
358 -0.0164038 -0.016902
359 -0.0225341 -0.0230882
360 -0.0285754 -0.0291833
361 -0.034504 -0.0351632
362 -0.0402964 -0.0410044
363 -0.0459298 -0.0466837
364 -0.051382 -0.0521788
365 -0.0566313 -0.057468
366 -0.0616572 -0.0625303
367 -0.0664397 -0.0673459
368 -0.07096 -0.0718957
369 -0.0752002 -0.0761618
370 -0.0791437 -0.0801273
371 -0.0827748 -0.0837765
372 -0.0860793 -0.0870952
373 -0.0890441 -0.0900701
374 -0.0916574 -0.0926895
375 -0.093909 -0.0949431
376 -0.09579 -0.0968221
377 -0.0972929 -0.0983189
378 -0.0984119 -0.0994277
379 -0.0991425 -0.100144
380 -0.0994818 -0.100465
381 -0.0994285 -0.10039
382 -0.0989828 -0.0999185
383 -0.0981465 -0.0990527
384 -0.0969228 -0.097796
385 -0.0953166 -0.0961533
386 -0.0933343 -0.0941311
387 -0.0909836 -0.0917374
388 -0.0882738 -0.0889817
389 -0.0852156 -0.0858749
390 -0.0818212 -0.0824291
391 -0.0781038 -0.078658
392 -0.0740782 -0.0745764
393 -0.0697603 -0.0702006
394 -0.065167 -0.0655477
395 -0.0603165 -0.0606361
396 -0.055228 -0.0554852
397 -0.0499216 -0.0501154
398 -0.0444181 -0.0445477
399 -0.0387393 -0.0388043
400 -0.0329077 -0.0329077
401 -0.0269462 -0.0268812
402 -0.0208783 -0.0207487
403 -0.014728 -0.0145342
404 -0.00851962 -0.00826243
405 -0.0022776 -0.00195803
406 0.00397341 0.00435411
407 0.0102087 0.0106491
408 0.0164038 0.016902
409 0.0225341 0.0230882
410 0.0285754 0.0291833
411 0.034504 0.0351632
412 0.0402964 0.0410044
413 0.0459298 0.0466837
414 0.051382 0.0521788
415 0.0566313 0.057468
416 0.0616572 0.0625303
417 0.0664397 0.0673459
418 0.07096 0.0718957
419 0.0752002 0.0761618
420 0.0791437 0.0801273
421 0.0827748 0.0837765
422 0.0860793 0.0870952
423 0.0890441 0.0900701
424 0.0916574 0.0926895
425 0.093909 0.0949431
426 0.09579 0.0968221
427 0.0972929 0.0983189
428 0.0984119 0.0994277
429 0.0991425 0.100144
430 0.0994818 0.100465
431 0.0994285 0.10039
432 0.0989828 0.0999185
433 0.0981465 0.0990527
434 0.0969228 0.097796
435 0.0953166 0.0961533
436 0.0933343 0.0941311
437 0.0909836 0.0917374
438 0.0882738 0.0889817
439 0.0852156 0.0858749
440 0.0818212 0.0824291
441 0.0781038 0.078658
442 0.0740782 0.0745764
443 0.0697603 0.0702006
444 0.065167 0.0655477
445 0.0603165 0.0606361
446 0.055228 0.0554852
447 0.0499216 0.0501154
448 0.0444181 0.0445477
449 0.0387393 0.0388043
450 0.0329077 0.0329077
451 0.0269462 0.0268812
452 0.0208783 0.0207487
453 0.014728 0.0145342
454 0.00851962 0.00826243
455 0.0022776 0.00195803
456 -0.00397341 -0.00435411
457 -0.0102087 -0.0106491
458 -0.0164038 -0.016902
459 -0.0225341 -0.0230882
460 -0.0285754 -0.0291833
461 -0.034504 -0.0351632
462 -0.0402964 -0.0410044
463 -0.0459298 -0.0466837
464 -0.051382 -0.0521788
465 -0.0566313 -0.057468
466 -0.0616572 -0.0625303
467 -0.0664397 -0.0673459
468 -0.07096 -0.0718957
469 -0.0752002 -0.0761618
470 -0.0791437 -0.0801273
471 -0.0827748 -0.0837765
472 -0.0860793 -0.0870952
473 -0.0890441 -0.0900701
474 -0.0916574 -0.0926895
475 -0.093909 -0.0949431
476 -0.09579 -0.0968221
477 -0.0972929 -0.0983189
478 -0.0984119 -0.0994277
479 -0.0991425 -0.100144
480 -0.0994818 -0.100465
481 -0.0994285 -0.10039
482 -0.0989828 -0.0999185
483 -0.0981465 -0.0990527
484 -0.0969228 -0.097796
485 -0.0953166 -0.0961533
486 -0.0933343 -0.0941311
487 -0.0909836 -0.0917374
488 -0.0882738 -0.0889817
489 -0.0852156 -0.0858749
490 -0.0818212 -0.0824291
491 -0.0781038 -0.078658
492 -0.0740782 -0.0745764
493 -0.0697603 -0.0702006
494 -0.065167 -0.0655477
495 -0.0603165 -0.0606361
496 -0.055228 -0.0554852
497 -0.0499216 -0.0501154
498 -0.0444181 -0.0445477
499 -0.0387393 -0.0388043
500 -0.0329077 -0.0329077
501 -0.0269462 -0.0268812
502 -0.0208783 -0.0207487
503 -0.014728 -0.0145342
504 -0.00851962 -0.00826243
505 -0.0022776 -0.00195803
506 0.00397341 0.00435411
507 0.0102087 0.0106491
508 0.0164038 0.016902
509 0.0225341 0.0230882
510 0.0285754 0.0291833
511 0.034504 0.0351632
512 0.0402964 0.0410044
513 0.0459298 0.0466837
514 0.051382 0.0521788
515 0.0566313 0.057468
516 0.0616572 0.0625303
517 0.0664397 0.0673459
518 0.07096 0.0718957
519 0.0752002 0.0761618
520 0.0791437 0.0801273
521 0.0827748 0.0837765
522 0.0860793 0.0870952
523 0.0890441 0.0900701
524 0.0916574 0.0926895
525 0.093909 0.0949431
526 0.09579 0.0968221
527 0.0972929 0.0983189
528 0.0984119 0.0994277
529 0.0991425 0.100144
530 0.0994818 0.100465
531 0.0994285 0.10039
532 0.0989828 0.0999185
533 0.0981465 0.0990527
534 0.0969228 0.097796
535 0.0953166 0.0961533
536 0.0933343 0.0941311
537 0.0909836 0.0917374
538 0.0882738 0.0889817
539 0.0852156 0.0858749
540 0.0818212 0.0824291
541 0.0781038 0.078658
542 0.0740782 0.0745764
543 0.0697603 0.0702006
544 0.065167 0.0655477
545 0.0603165 0.0606361
546 0.055228 0.0554852
547 0.0499216 0.0501154
548 0.0444181 0.0445477
549 0.0387393 0.0388043
550 0.0329077 0.0329077
551 0.0269462 0.0268812
552 0.0208783 0.0207487
553 0.014728 0.0145342
554 0.00851962 0.00826243
555 0.0022776 0.00195803
556 -0.00397341 -0.00435411
557 -0.0102087 -0.0106491
558 -0.0164038 -0.016902
559 -0.0225341 -0.0230882
560 -0.0285754 -0.0291833
561 -0.034504 -0.0351632
562 -0.0402964 -0.0410044
563 -0.0459298 -0.0466837
564 -0.051382 -0.0521788
565 -0.0566313 -0.057468
566 -0.0616572 -0.0625303
567 -0.0664397 -0.0673459
568 -0.07096 -0.0718957
569 -0.0752002 -0.0761618
570 -0.0791437 -0.0801273
571 -0.0827748 -0.0837765
572 -0.0860793 -0.0870952
573 -0.0890441 -0.0900701
574 -0.0916574 -0.0926895
575 -0.093909 -0.0949431
576 -0.09579 -0.0968221
577 -0.0972929 -0.0983189
578 -0.0984119 -0.0994277
579 -0.0991425 -0.100144
580 -0.0994818 -0.100465
581 -0.0994285 -0.10039
582 -0.0989828 -0.0999185
583 -0.0981465 -0.0990527
584 -0.0969228 -0.097796
585 -0.0953166 -0.0961533
586 -0.0933343 -0.0941311
587 -0.0909836 -0.0917374
588 -0.0882738 -0.0889817
589 -0.0852156 -0.0858749
590 -0.0818212 -0.0824291
591 -0.0781038 -0.078658
592 -0.0740782 -0.0745764
593 -0.0697603 -0.0702006
594 -0.065167 -0.0655477
595 -0.0603165 -0.0606361
596 -0.055228 -0.0554852
597 -0.0499216 -0.0501154
598 -0.0444181 -0.0445477
599 -0.0387393 -0.0388043
600 -0.0329077 -0.0329077
601 -0.0269462 -0.0268812
602 -0.0208783 -0.0207487
603 -0.014728 -0.0145342
604 -0.00851962 -0.00826243
605 -0.0022776 -0.00195803
606 0.00397341 0.00435411
607 0.0102087 0.0106491
608 0.0164038 0.016902
609 0.0225341 0.0230882
610 0.0285754 0.0291833
611 0.034504 0.0351632
612 0.0402964 0.0410044
613 0.0459298 0.0466837
614 0.051382 0.0521788
615 0.0566313 0.057468
616 0.0616572 0.0625303
617 0.0664397 0.0673459
618 0.07096 0.0718957
619 0.0752002 0.0761618
620 0.0791437 0.0801273
621 0.0827748 0.0837765
622 0.0860793 0.0870952
623 0.0890441 0.0900701
624 0.0916574 0.0926895
625 0.093909 0.0949431
626 0.09579 0.0968221
627 0.0972929 0.0983189
628 0.0984119 0.0994277
629 0.0991425 0.100144
630 0.0994818 0.100465
631 0.0994285 0.10039
632 0.0989828 0.0999185
633 0.0981465 0.0990527
634 0.0969228 0.097796
635 0.0953166 0.0961533
636 0.0933343 0.0941311
637 0.0909836 0.0917374
638 0.0882738 0.0889817
639 0.0852156 0.0858749
640 0.0818212 0.0824291
641 0.0781038 0.078658
642 0.0740782 0.0745764
643 0.0697603 0.0702006
644 0.065167 0.0655477
645 0.0603165 0.0606361
646 0.055228 0.0554852
647 0.0499216 0.0501154
648 0.0444181 0.0445477
649 0.0387393 0.0388043
650 0.0329077 0.0329077
651 0.0269462 0.0268812
652 0.0208783 0.0207487
653 0.014728 0.0145342
654 0.00851962 0.00826243
655 0.0022776 0.00195803
656 -0.00397341 -0.00435411
657 -0.0102087 -0.0106491
658 -0.0164038 -0.016902
659 -0.0225341 -0.0230882
660 -0.0285754 -0.0291833
661 -0.034504 -0.0351632
662 -0.0402964 -0.0410044
663 -0.0459298 -0.0466837
664 -0.051382 -0.0521788
665 -0.0566313 -0.057468
666 -0.0616572 -0.0625303
667 -0.0664397 -0.0673459
668 -0.07096 -0.0718957
669 -0.0752002 -0.0761618
670 -0.0791437 -0.0801273
671 -0.0827748 -0.0837765
672 -0.0860793 -0.0870952
673 -0.0890441 -0.0900701
674 -0.0916574 -0.0926895
675 -0.093909 -0.0949431
676 -0.09579 -0.0968221
677 -0.0972929 -0.0983189
678 -0.0984119 -0.0994277
679 -0.0991425 -0.100144
680 -0.0994818 -0.100465
681 -0.0994285 -0.10039
682 -0.0989828 -0.0999185
683 -0.0981465 -0.0990527
684 -0.0969228 -0.097796
685 -0.0953166 -0.0961533
686 -0.0933343 -0.0941311
687 -0.0909836 -0.0917374
688 -0.0882738 -0.0889817
689 -0.0852156 -0.0858749
690 -0.0818212 -0.0824291
691 -0.0781038 -0.078658
692 -0.0740782 -0.0745764
693 -0.0697603 -0.0702006
694 -0.065167 -0.0655477
695 -0.0603165 -0.0606361
696 -0.055228 -0.0554852
697 -0.0499216 -0.0501154
698 -0.0444181 -0.0445477
699 -0.0387393 -0.0388043
700 -0.0329077 -0.0329077
701 -0.0269462 -0.0268812
702 -0.0208783 -0.0207487
703 -0.014728 -0.0145342
704 -0.00851962 -0.00826243
705 -0.0022776 -0.00195803
706 0.00397341 0.00435411
707 0.0102087 0.0106491
708 0.0164038 0.016902
709 0.0225341 0.0230882
710 0.0285754 0.0291833
711 0.034504 0.0351632
712 0.0402964 0.0410044
713 0.0459298 0.0466837
714 0.051382 0.0521788
715 0.0566313 0.057468
716 0.0616572 0.0625303
717 0.0664397 0.0673459
718 0.07096 0.0718957
719 0.0752002 0.0761618
720 0.0791437 0.0801273
721 0.0827748 0.0837765
722 0.0860793 0.0870952
723 0.0890441 0.0900701
724 0.0916574 0.0926895
725 0.093909 0.0949431
726 0.09579 0.0968221
727 0.0972929 0.0983189
728 0.0984119 0.0994277
729 0.0991425 0.100144
730 0.0994818 0.100465
731 0.0994285 0.10039
732 0.0989828 0.0999185
733 0.0981465 0.0990527
734 0.0969228 0.097796
735 0.0953166 0.0961533
736 0.0933343 0.0941311
737 0.0909836 0.0917374
738 0.0882738 0.0889817
739 0.0852156 0.0858749
740 0.0818212 0.0824291
741 0.0781038 0.078658
742 0.0740782 0.0745764
743 0.0697603 0.0702006
744 0.065167 0.0655477
745 0.0603165 0.0606361
746 0.055228 0.0554852
747 0.0499216 0.0501154
748 0.0444181 0.0445477
749 0.0387393 0.0388043
750 0.0329077 0.0329077
751 0.0269462 0.0268812
752 0.0208783 0.0207487
753 0.014728 0.0145342
754 0.00851962 0.00826243
755 0.0022776 0.00195803
756 -0.00397341 -0.00435411
757 -0.0102087 -0.0106491
758 -0.0164038 -0.016902
759 -0.0225341 -0.0230882
760 -0.0285754 -0.0291833
761 -0.034504 -0.0351632
762 -0.0402964 -0.0410044
763 -0.0459298 -0.0466837
764 -0.051382 -0.0521788
765 -0.0566313 -0.057468
766 -0.0616572 -0.0625303
767 -0.0664397 -0.0673459
768 -0.07096 -0.0718957
769 -0.0752002 -0.0761618
770 -0.0791437 -0.0801273
771 -0.0827748 -0.0837765
772 -0.0860793 -0.0870952
773 -0.0890441 -0.0900701
774 -0.0916574 -0.0926895
775 -0.093909 -0.0949431
776 -0.09579 -0.0968221
777 -0.0972929 -0.0983189
778 -0.0984119 -0.0994277
779 -0.0991425 -0.100144
780 -0.0994818 -0.100465
781 -0.0994285 -0.10039
782 -0.0989828 -0.0999185
783 -0.0981465 -0.0990527
784 -0.0969228 -0.097796
785 -0.0953166 -0.0961533
786 -0.0933343 -0.0941311
787 -0.0909836 -0.0917374
788 -0.0882738 -0.0889817
789 -0.0852156 -0.0858749
790 -0.0818212 -0.0824291
791 -0.0781038 -0.078658
792 -0.0740782 -0.0745764
793 -0.0697603 -0.0702006
794 -0.065167 -0.0655477
795 -0.0603165 -0.0606361
796 -0.055228 -0.0554852
797 -0.0499216 -0.0501154
798 -0.0444181 -0.0445477
799 -0.0387393 -0.0388043
800 -0.0329077 -0.0329077
801 -0.0269462 -0.0268812
802 -0.0208783 -0.0207487
803 -0.014728 -0.0145342
804 -0.00851962 -0.00826243
805 -0.0022776 -0.00195803
806 0.00397341 0.00435411
807 0.0102087 0.0106491
808 0.0164038 0.016902
809 0.0225341 0.0230882
810 0.0285754 0.0291833
811 0.034504 0.0351632
812 0.0402964 0.0410044
813 0.0459298 0.0466837
814 0.051382 0.0521788
815 0.0566313 0.057468
816 0.0616572 0.0625303
817 0.0664397 0.0673459
818 0.07096 0.0718957
819 0.0752002 0.0761618
820 0.0791437 0.0801273
821 0.0827748 0.0837765
822 0.0860793 0.0870952
823 0.0890441 0.0900701
824 0.0916574 0.0926895
825 0.093909 0.0949431
826 0.09579 0.0968221
827 0.0972929 0.0983189
828 0.0984119 0.0994277
829 0.0991425 0.100144
830 0.0994818 0.100465
831 0.0994285 0.10039
832 0.0989828 0.0999185
833 0.0981465 0.0990527
834 0.0969228 0.097796
835 0.0953166 0.0961533
836 0.0933343 0.0941311
837 0.0909836 0.0917374
838 0.0882738 0.0889817
839 0.0852156 0.0858749
840 0.0818212 0.0824291
841 0.0781038 0.078658
842 0.0740782 0.0745764
843 0.0697603 0.0702006
844 0.065167 0.0655477
845 0.0603165 0.0606361
846 0.055228 0.0554852
847 0.0499216 0.0501154
848 0.0444181 0.0445477
849 0.0387393 0.0388043
850 0.0329077 0.0329077
851 0.0269462 0.0268812
852 0.0208783 0.0207487
853 0.014728 0.0145342
854 0.00851962 0.00826243
855 0.0022776 0.00195803
856 -0.00397341 -0.00435411
857 -0.0102087 -0.0106491
858 -0.0164038 -0.016902
859 -0.0225341 -0.0230882
860 -0.0285754 -0.0291833
861 -0.034504 -0.0351632
862 -0.0402964 -0.0410044
863 -0.0459298 -0.0466837
864 -0.051382 -0.0521788
865 -0.0566313 -0.057468
866 -0.0616572 -0.0625303
867 -0.0664397 -0.0673459
868 -0.07096 -0.0718957
869 -0.0752002 -0.0761618
870 -0.0791437 -0.0801273
871 -0.0827748 -0.0837765
872 -0.0860793 -0.0870952
873 -0.0890441 -0.0900701
874 -0.0916574 -0.0926895
875 -0.093909 -0.0949431
876 -0.09579 -0.0968221
877 -0.0972929 -0.0983189
878 -0.0984119 -0.0994277
879 -0.0991425 -0.100144
880 -0.0994818 -0.100465
881 -0.0994285 -0.10039
882 -0.0989828 -0.0999185
883 -0.0981465 -0.0990527
884 -0.0969228 -0.097796
885 -0.0953166 -0.0961533
886 -0.0933343 -0.0941311
887 -0.0909836 -0.0917374
888 -0.0882738 -0.0889817
889 -0.0852156 -0.0858749
890 -0.0818212 -0.0824291
891 -0.0781038 -0.078658
892 -0.0740782 -0.0745764
893 -0.0697603 -0.0702006
894 -0.065167 -0.0655477
895 -0.0603165 -0.0606361
896 -0.055228 -0.0554852
897 -0.0499216 -0.0501154
898 -0.0444181 -0.0445477
899 -0.0387393 -0.0388043
900 -0.0329077 -0.0329077
901 -0.0269462 -0.0268812
902 -0.0208783 -0.0207487
903 -0.014728 -0.0145342
904 -0.00851962 -0.00826243
905 -0.0022776 -0.00195803
906 0.00397341 0.00435411
907 0.0102087 0.0106491
908 0.0164038 0.016902
909 0.0225341 0.0230882
910 0.0285754 0.0291833
911 0.034504 0.0351632
912 0.0402964 0.0410044
913 0.0459298 0.0466837
914 0.051382 0.0521788
915 0.0566313 0.057468
916 0.0616572 0.0625303
917 0.0664397 0.0673459
918 0.07096 0.0718957
919 0.0752002 0.0761618
920 0.0791437 0.0801273
921 0.0827748 0.0837765
922 0.0860793 0.0870952
923 0.0890441 0.0900701
924 0.0916574 0.0926895
925 0.093909 0.0949431
926 0.09579 0.0968221
927 0.0972929 0.0983189
928 0.0984119 0.0994277
929 0.0991425 0.100144
930 0.0994818 0.100465
931 0.0994285 0.10039
932 0.0989828 0.0999185
933 0.0981465 0.0990527
934 0.0969228 0.097796
935 0.0953166 0.0961533
936 0.0933343 0.0941311
937 0.0909836 0.0917374
938 0.0882738 0.0889817
939 0.0852156 0.0858749
940 0.0818212 0.0824291
941 0.0781038 0.078658
942 0.0740782 0.0745764
943 0.0697603 0.0702006
944 0.065167 0.0655477
945 0.0603165 0.0606361
946 0.055228 0.0554852
947 0.0499216 0.0501154
948 0.0444181 0.0445477
949 0.0387393 0.0388043
950 0.0329077 0.0329077
951 0.0269462 0.0268812
952 0.0208783 0.0207487
953 0.014728 0.0145342
954 0.00851962 0.00826243
955 0.0022776 0.00195803
956 -0.00397341 -0.00435411
957 -0.0102087 -0.0106491
958 -0.0164038 -0.016902
959 -0.0225341 -0.0230882
960 -0.0285754 -0.0291833
961 -0.034504 -0.0351632
962 -0.0402964 -0.0410044
963 -0.0459298 -0.0466837
964 -0.051382 -0.0521788
965 -0.0566313 -0.057468
966 -0.0616572 -0.0625303
967 -0.0664397 -0.0673459
968 -0.07096 -0.0718957
969 -0.0752002 -0.0761618
970 -0.0791437 -0.0801273
971 -0.0827748 -0.0837765
972 -0.0860793 -0.0870952
973 -0.0890441 -0.0900701
974 -0.0916574 -0.0926895
975 -0.093909 -0.0949431
976 -0.09579 -0.0968221
977 -0.0972929 -0.0983189
978 -0.0984119 -0.0994277
979 -0.0991425 -0.100144
980 -0.0994818 -0.100465
981 -0.0994285 -0.10039
982 -0.0989828 -0.0999185
983 -0.0981465 -0.0990527
984 -0.0969228 -0.097796
985 -0.0953166 -0.0961533
986 -0.0933343 -0.0941311
987 -0.0909836 -0.0917374
988 -0.0882738 -0.0889817
989 -0.0852156 -0.0858749
990 -0.0818212 -0.0824291
991 -0.0781038 -0.078658
992 -0.0740782 -0.0745764
993 -0.0697603 -0.0702006
994 -0.065167 -0.0655477
995 -0.0603165 -0.0606361
996 -0.055228 -0.0554852
997 -0.0499216 -0.0501154
998 -0.0444181 -0.0445477
999 -0.0387393 -0.0388043
