0 0.0463154 0.0463154
1 0.0407052 0.0406138
2 0.0349345 0.034752
3 0.0290258 0.0287531
4 0.0230026 0.0226407
5 0.0168887 0.0164389
6 0.0107081 0.0101722
7 0.00448518 0.00386545
8 -0.0017554 -0.0024566
9 -0.00798905 -0.00876896
10 -0.0141912 -0.0150467
11 -0.0203373 -0.0212651
12 -0.0264031 -0.0273995
13 -0.0323648 -0.0334258
14 -0.0381987 -0.0393202
15 -0.0438819 -0.0450594
16 -0.0493919 -0.0506208
17 -0.054707 -0.0559824
18 -0.0598061 -0.0611231
19 -0.0646692 -0.0660226
20 -0.0692772 -0.0706614
21 -0.0736117 -0.0750215
22 -0.0776557 -0.0790854
23 -0.0813932 -0.0828372
24 -0.0848095 -0.0862621
25 -0.0878911 -0.0893466
26 -0.0906258 -0.0920785
27 -0.0930029 -0.0944469
28 -0.0950129 -0.0964427
29 -0.096648 -0.0980578
30 -0.0979016 -0.0992859
31 -0.0987689 -0.100122
32 -0.0992463 -0.100563
33 -0.0993321 -0.100608
34 -0.0990259 -0.100255
35 -0.0983289 -0.0995064
36 -0.0972438 -0.0983653
37 -0.0957749 -0.0968359
38 -0.093928 -0.0949244
39 -0.0917105 -0.0926383
40 -0.089131 -0.0899865
41 -0.0861997 -0.0869796
42 -0.0829283 -0.0836295
43 -0.0793296 -0.0799493
44 -0.0754178 -0.0759536
45 -0.0712084 -0.0716581
46 -0.0667179 -0.0670799
47 -0.0619641 -0.0622369
48 -0.0569658 -0.0571482
49 -0.0517427 -0.0518341
50 -0.0463154 -0.0463154
51 -0.0407052 -0.0406138
52 -0.0349345 -0.034752
53 -0.0290258 -0.0287531
54 -0.0230026 -0.0226407
55 -0.0168887 -0.0164389
56 -0.0107081 -0.0101722
57 -0.00448518 -0.00386545
58 0.0017554 0.0024566
59 0.00798905 0.00876896
60 0.0141912 0.0150467
61 0.0203373 0.0212651
62 0.0264031 0.0273995
63 0.0323648 0.0334258
64 0.0381987 0.0393202
65 0.0438819 0.0450594
66 0.0493919 0.0506208
67 0.054707 0.0559824
68 0.0598061 0.0611231
69 0.0646692 0.0660226
70 0.0692772 0.0706614
71 0.0736117 0.0750215
72 0.0776557 0.0790854
73 0.0813932 0.0828372
74 0.0848095 0.0862621
75 0.0878911 0.0893466
76 0.0906258 0.0920785
77 0.0930029 0.0944469
78 0.0950129 0.0964427
79 0.096648 0.0980578
80 0.0979016 0.0992859
81 0.0987689 0.100122
82 0.0992463 0.100563
83 0.0993321 0.100608
84 0.0990259 0.100255
85 0.0983289 0.0995064
86 0.0972438 0.0983653
87 0.0957749 0.0968359
88 0.093928 0.0949244
89 0.0917105 0.0926383
90 0.089131 0.0899865
91 0.0861997 0.0869796
92 0.0829283 0.0836295
93 0.0793296 0.0799493
94 0.0754178 0.0759536
95 0.0712084 0.0716581
96 0.0667179 0.0670799
97 0.0619641 0.0622369
98 0.0569658 0.0571482
99 0.0517427 0.0518341
100 0.0463154 0.0463154
101 0.0407052 0.0406138
102 0.0349345 0.034752
103 0.0290258 0.0287531
104 0.0230026 0.0226407
105 0.0168887 0.0164389
106 0.0107081 0.0101722
107 0.00448518 0.00386545
108 -0.0017554 -0.0024566
109 -0.00798905 -0.00876896
110 -0.0141912 -0.0150467
111 -0.0203373 -0.0212651
112 -0.0264031 -0.0273995
113 -0.0323648 -0.0334258
114 -0.0381987 -0.0393202
115 -0.0438819 -0.0450594
116 -0.0493919 -0.0506208
117 -0.054707 -0.0559824
118 -0.0598061 -0.0611231
119 -0.0646692 -0.0660226
120 -0.0692772 -0.0706614
121 -0.0736117 -0.0750215
122 -0.0776557 -0.0790854
123 -0.0813932 -0.0828372
124 -0.0848095 -0.0862621
125 -0.0878911 -0.0893466
126 -0.0906258 -0.0920785
127 -0.0930029 -0.0944469
128 -0.0950129 -0.0964427
129 -0.096648 -0.0980578
130 -0.0979016 -0.0992859
131 -0.0987689 -0.100122
132 -0.0992463 -0.100563
133 -0.0993321 -0.100608
134 -0.0990259 -0.100255
135 -0.0983289 -0.0995064
136 -0.0972438 -0.0983653
137 -0.0957749 -0.0968359
138 -0.093928 -0.0949244
139 -0.0917105 -0.0926383
140 -0.089131 -0.0899865
141 -0.0861997 -0.0869796
142 -0.0829283 -0.0836295
143 -0.0793296 -0.0799493
144 -0.0754178 -0.0759536
145 -0.0712084 -0.0716581
146 -0.0667179 -0.0670799
147 -0.0619641 -0.0622369
148 -0.0569658 -0.0571482
149 -0.0517427 -0.0518341
150 -0.0463154 -0.0463154
151 -0.0407052 -0.0406138
152 -0.0349345 -0.034752
153 -0.0290258 -0.0287531
154 -0.0230026 -0.0226407
155 -0.0168887 -0.0164389
156 -0.0107081 -0.0101722
157 -0.00448518 -0.00386545
158 0.0017554 0.0024566
159 0.00798905 0.00876896
160 0.0141912 0.0150467
161 0.0203373 0.0212651
162 0.0264031 0.0273995
163 0.0323648 0.0334258
164 0.0381987 0.0393202
165 0.0438819 0.0450594
166 0.0493919 0.0506208
167 0.054707 0.0559824
168 0.0598061 0.0611231
169 0.0646692 0.0660226
170 0.0692772 0.0706614
171 0.0736117 0.0750215
172 0.0776557 0.0790854
173 0.0813932 0.0828372
174 0.0848095 0.0862621
175 0.0878911 0.0893466
176 0.0906258 0.0920785
177 0.0930029 0.0944469
178 0.0950129 0.0964427
179 0.096648 0.0980578
180 0.0979016 0.0992859
181 0.0987689 0.100122
182 0.0992463 0.100563
183 0.0993321 0.100608
184 0.0990259 0.100255
185 0.0983289 0.0995064
186 0.0972438 0.0983653
187 0.0957749 0.0968359
188 0.093928 0.0949244
189 0.0917105 0.0926383
190 0.089131 0.0899865
191 0.0861997 0.0869796
192 0.0829283 0.0836295
193 0.0793296 0.0799493
194 0.0754178 0.0759536
195 0.0712084 0.0716581
196 0.0667179 0.0670799
197 0.0619641 0.0622369
198 0.0569658 0.0571482
199 0.0517427 0.0518341
200 0.0463154 0.0463154
201 0.0407052 0.0406138
202 0.0349345 0.034752
203 0.0290258 0.0287531
204 0.0230026 0.0226407
205 0.0168887 0.0164389
206 0.0107081 0.0101722
207 0.00448518 0.00386545
208 -0.0017554 -0.0024566
209 -0.00798905 -0.00876896
210 -0.0141912 -0.0150467
211 -0.0203373 -0.0212651
212 -0.0264031 -0.0273995
213 -0.0323648 -0.0334258
214 -0.0381987 -0.0393202
215 -0.0438819 -0.0450594
216 -0.0493919 -0.0506208
217 -0.054707 -0.0559824
218 -0.0598061 -0.0611231
219 -0.0646692 -0.0660226
220 -0.0692772 -0.0706614
221 -0.0736117 -0.0750215
222 -0.0776557 -0.0790854
223 -0.0813932 -0.0828372
224 -0.0848095 -0.0862621
225 -0.0878911 -0.0893466
226 -0.0906258 -0.0920785
227 -0.0930029 -0.0944469
228 -0.0950129 -0.0964427
229 -0.096648 -0.0980578
230 -0.0979016 -0.0992859
231 -0.0987689 -0.100122
232 -0.0992463 -0.100563
233 -0.0993321 -0.100608
234 -0.0990259 -0.100255
235 -0.0983289 -0.0995064
236 -0.0972438 -0.0983653
237 -0.0957749 -0.0968359
238 -0.093928 -0.0949244
239 -0.0917105 -0.0926383
240 -0.089131 -0.0899865
241 -0.0861997 -0.0869796
242 -0.0829283 -0.0836295
243 -0.0793296 -0.0799493
244 -0.0754178 -0.0759536
245 -0.0712084 -0.0716581
246 -0.0667179 -0.0670799
247 -0.0619641 -0.0622369
248 -0.0569658 -0.0571482
249 -0.0517427 -0.0518341
250 -0.0463154 -0.0463154
251 -0.0407052 -0.0406138
252 -0.0349345 -0.034752
253 -0.0290258 -0.0287531
254 -0.0230026 -0.0226407
255 -0.0168887 -0.0164389
256 -0.0107081 -0.0101722
257 -0.00448518 -0.00386545
258 0.0017554 0.0024566
259 0.00798905 0.00876896
260 0.0141912 0.0150467
261 0.0203373 0.0212651
262 0.0264031 0.0273995
263 0.0323648 0.0334258
264 0.0381987 0.0393202
265 0.0438819 0.0450594
266 0.0493919 0.0506208
267 0.054707 0.0559824
268 0.0598061 0.0611231
269 0.0646692 0.0660226
270 0.0692772 0.0706614
271 0.0736117 0.0750215
272 0.0776557 0.0790854
273 0.0813932 0.0828372
274 0.0848095 0.0862621
275 0.0878911 0.0893466
276 0.0906258 0.0920785
277 0.0930029 0.0944469
278 0.0950129 0.0964427
279 0.096648 0.0980578
280 0.0979016 0.0992859
281 0.0987689 0.100122
282 0.0992463 0.100563
283 0.0993321 0.100608
284 0.0990259 0.100255
285 0.0983289 0.0995064
286 0.0972438 0.0983653
287 0.0957749 0.0968359
288 0.093928 0.0949244
289 0.0917105 0.0926383
290 0.089131 0.0899865
291 0.0861997 0.0869796
292 0.0829283 0.0836295
293 0.0793296 0.0799493
294 0.0754178 0.0759536
295 0.0712084 0.0716581
296 0.0667179 0.0670799
297 0.0619641 0.0622369
298 0.0569658 0.0571482
299 0.0517427 0.0518341
300 0.0463154 0.0463154
301 0.0407052 0.0406138
302 0.0349345 0.034752
303 0.0290258 0.0287531
304 0.0230026 0.0226407
305 0.0168887 0.0164389
306 0.0107081 0.0101722
307 0.00448518 0.00386545
308 -0.0017554 -0.0024566
309 -0.00798905 -0.00876896
310 -0.0141912 -0.0150467
311 -0.0203373 -0.0212651
312 -0.0264031 -0.0273995
313 -0.0323648 -0.0334258
314 -0.0381987 -0.0393202
315 -0.0438819 -0.0450594
316 -0.0493919 -0.0506208
317 -0.054707 -0.0559824
318 -0.0598061 -0.0611231
319 -0.0646692 -0.0660226
320 -0.0692772 -0.0706614
321 -0.0736117 -0.0750215
322 -0.0776557 -0.0790854
323 -0.0813932 -0.0828372
324 -0.0848095 -0.0862621
325 -0.0878911 -0.0893466
326 -0.0906258 -0.0920785
327 -0.0930029 -0.0944469
328 -0.0950129 -0.0964427
329 -0.096648 -0.0980578
330 -0.0979016 -0.0992859
331 -0.0987689 -0.100122
332 -0.0992463 -0.100563
333 -0.0993321 -0.100608
334 -0.0990259 -0.100255
335 -0.0983289 -0.0995064
336 -0.0972438 -0.0983653
337 -0.0957749 -0.0968359
338 -0.093928 -0.0949244
339 -0.0917105 -0.0926383
340 -0.089131 -0.0899865
341 -0.0861997 -0.0869796
342 -0.0829283 -0.0836295
343 -0.0793296 -0.0799493
344 -0.0754178 -0.0759536
345 -0.0712084 -0.0716581
346 -0.0667179 -0.0670799
347 -0.0619641 -0.0622369
348 -0.0569658 -0.0571482
349 -0.0517427 -0.0518341
350 -0.0463154 -0.0463154
351 -0.0407052 -0.0406138
352 -0.0349345 -0.034752
353 -0.0290258 -0.0287531
354 -0.0230026 -0.0226407
355 -0.0168887 -0.0164389
356 -0.0107081 -0.0101722
357 -0.00448518 -0.00386545
358 0.0017554 0.0024566
359 0.00798905 0.00876896
360 0.0141912 0.0150467
361 0.0203373 0.0212651
362 0.0264031 0.0273995
363 0.0323648 0.0334258
364 0.0381987 0.0393202
365 0.0438819 0.0450594
366 0.0493919 0.0506208
367 0.054707 0.0559824
368 0.0598061 0.0611231
369 0.0646692 0.0660226
370 0.0692772 0.0706614
371 0.0736117 0.0750215
372 0.0776557 0.0790854
373 0.0813932 0.0828372
374 0.0848095 0.0862621
375 0.0878911 0.0893466
376 0.0906258 0.0920785
377 0.0930029 0.0944469
378 0.0950129 0.0964427
379 0.096648 0.0980578
380 0.0979016 0.0992859
381 0.0987689 0.100122
382 0.0992463 0.100563
383 0.0993321 0.100608
384 0.0990259 0.100255
385 0.0983289 0.0995064
386 0.0972438 0.0983653
387 0.0957749 0.0968359
388 0.093928 0.0949244
389 0.0917105 0.0926383
390 0.089131 0.0899865
391 0.0861997 0.0869796
392 0.0829283 0.0836295
393 0.0793296 0.0799493
394 0.0754178 0.0759536
395 0.0712084 0.0716581
396 0.0667179 0.0670799
397 0.0619641 0.0622369
398 0.0569658 0.0571482
399 0.0517427 0.0518341
400 0.0463154 0.0463154
401 0.0407052 0.0406138
402 0.0349345 0.034752
403 0.0290258 0.0287531
404 0.0230026 0.0226407
405 0.0168887 0.0164389
406 0.0107081 0.0101722
407 0.00448518 0.00386545
408 -0.0017554 -0.0024566
409 -0.00798905 -0.00876896
410 -0.0141912 -0.0150467
411 -0.0203373 -0.0212651
412 -0.0264031 -0.0273995
413 -0.0323648 -0.0334258
414 -0.0381987 -0.0393202
415 -0.0438819 -0.0450594
416 -0.0493919 -0.0506208
417 -0.054707 -0.0559824
418 -0.0598061 -0.0611231
419 -0.0646692 -0.0660226
420 -0.0692772 -0.0706614
421 -0.0736117 -0.0750215
422 -0.0776557 -0.0790854
423 -0.0813932 -0.0828372
424 -0.0848095 -0.0862621
425 -0.0878911 -0.0893466
426 -0.0906258 -0.0920785
427 -0.0930029 -0.0944469
428 -0.0950129 -0.0964427
429 -0.096648 -0.0980578
430 -0.0979016 -0.0992859
431 -0.0987689 -0.100122
432 -0.0992463 -0.100563
433 -0.0993321 -0.100608
434 -0.0990259 -0.100255
435 -0.0983289 -0.0995064
436 -0.0972438 -0.0983653
437 -0.0957749 -0.0968359
438 -0.093928 -0.0949244
439 -0.0917105 -0.0926383
440 -0.089131 -0.0899865
441 -0.0861997 -0.0869796
442 -0.0829283 -0.0836295
443 -0.0793296 -0.0799493
444 -0.0754178 -0.0759536
445 -0.0712084 -0.0716581
446 -0.0667179 -0.0670799
447 -0.0619641 -0.0622369
448 -0.0569658 -0.0571482
449 -0.0517427 -0.0518341
450 -0.0463154 -0.0463154
451 -0.0407052 -0.0406138
452 -0.0349345 -0.034752
453 -0.0290258 -0.0287531
454 -0.0230026 -0.0226407
455 -0.0168887 -0.0164389
456 -0.0107081 -0.0101722
457 -0.00448518 -0.00386545
458 0.0017554 0.0024566
459 0.00798905 0.00876896
460 0.0141912 0.0150467
461 0.0203373 0.0212651
462 0.0264031 0.0273995
463 0.0323648 0.0334258
464 0.0381987 0.0393202
465 0.0438819 0.0450594
466 0.0493919 0.0506208
467 0.054707 0.0559824
468 0.0598061 0.0611231
469 0.0646692 0.0660226
470 0.0692772 0.0706614
471 0.0736117 0.0750215
472 0.0776557 0.0790854
473 0.0813932 0.0828372
474 0.0848095 0.0862621
475 0.0878911 0.0893466
476 0.0906258 0.0920785
477 0.0930029 0.0944469
478 0.0950129 0.0964427
479 0.096648 0.0980578
480 0.0979016 0.0992859
481 0.0987689 0.100122
482 0.0992463 0.100563
483 0.0993321 0.100608
484 0.0990259 0.100255
485 0.0983289 0.0995064
486 0.0972438 0.0983653
487 0.0957749 0.0968359
488 0.093928 0.0949244
489 0.0917105 0.0926383
490 0.089131 0.0899865
491 0.0861997 0.0869796
492 0.0829283 0.0836295
493 0.0793296 0.0799493
494 0.0754178 0.0759536
495 0.0712084 0.0716581
496 0.0667179 0.0670799
497 0.0619641 0.0622369
498 0.0569658 0.0571482
499 0.0517427 0.0518341
500 0.0463154 0.0463154
501 0.0407052 0.0406138
502 0.0349345 0.034752
503 0.0290258 0.0287531
504 0.0230026 0.0226407
505 0.0168887 0.0164389
506 0.0107081 0.0101722
507 0.00448518 0.00386545
508 -0.0017554 -0.0024566
509 -0.00798905 -0.00876896
510 -0.0141912 -0.0150467
511 -0.0203373 -0.0212651
512 -0.0264031 -0.0273995
513 -0.0323648 -0.0334258
514 -0.0381987 -0.0393202
515 -0.0438819 -0.0450594
516 -0.0493919 -0.0506208
517 -0.054707 -0.0559824
518 -0.0598061 -0.0611231
519 -0.0646692 -0.0660226
520 -0.0692772 -0.0706614
521 -0.0736117 -0.0750215
522 -0.0776557 -0.0790854
523 -0.0813932 -0.0828372
524 -0.0848095 -0.0862621
525 -0.0878911 -0.0893466
526 -0.0906258 -0.0920785
527 -0.0930029 -0.0944469
528 -0.0950129 -0.0964427
529 -0.096648 -0.0980578
530 -0.0979016 -0.0992859
531 -0.0987689 -0.100122
532 -0.0992463 -0.100563
533 -0.0993321 -0.100608
534 -0.0990259 -0.100255
535 -0.0983289 -0.0995064
536 -0.0972438 -0.0983653
537 -0.0957749 -0.0968359
538 -0.093928 -0.0949244
539 -0.0917105 -0.0926383
540 -0.089131 -0.0899865
541 -0.0861997 -0.0869796
542 -0.0829283 -0.0836295
543 -0.0793296 -0.0799493
544 -0.0754178 -0.0759536
545 -0.0712084 -0.0716581
546 -0.0667179 -0.0670799
547 -0.0619641 -0.0622369
548 -0.0569658 -0.0571482
549 -0.0517427 -0.0518341
550 -0.0463154 -0.0463154
551 -0.0407052 -0.0406138
552 -0.0349345 -0.034752
553 -0.0290258 -0.0287531
554 -0.0230026 -0.0226407
555 -0.0168887 -0.0164389
556 -0.0107081 -0.0101722
557 -0.00448518 -0.00386545
558 0.0017554 0.0024566
559 0.00798905 0.00876896
560 0.0141912 0.0150467
561 0.0203373 0.0212651
562 0.0264031 0.0273995
563 0.0323648 0.0334258
564 0.0381987 0.0393202
565 0.0438819 0.0450594
566 0.0493919 0.0506208
567 0.054707 0.0559824
568 0.0598061 0.0611231
569 0.0646692 0.0660226
570 0.0692772 0.0706614
571 0.0736117 0.0750215
572 0.0776557 0.0790854
573 0.0813932 0.0828372
574 0.0848095 0.0862621
575 0.0878911 0.0893466
576 0.0906258 0.0920785
577 0.0930029 0.0944469
578 0.0950129 0.0964427
579 0.096648 0.0980578
580 0.0979016 0.0992859
581 0.0987689 0.100122
582 0.0992463 0.100563
583 0.0993321 0.100608
584 0.0990259 0.100255
585 0.0983289 0.0995064
586 0.0972438 0.0983653
587 0.0957749 0.0968359
588 0.093928 0.0949244
589 0.0917105 0.0926383
590 0.089131 0.0899865
591 0.0861997 0.0869796
592 0.0829283 0.0836295
593 0.0793296 0.0799493
594 0.0754178 0.0759536
595 0.0712084 0.0716581
596 0.0667179 0.0670799
597 0.0619641 0.0622369
598 0.0569658 0.0571482
599 0.0517427 0.0518341
600 0.0463154 0.0463154
601 0.0407052 0.0406138
602 0.0349345 0.034752
603 0.0290258 0.0287531
604 0.0230026 0.0226407
605 0.0168887 0.0164389
606 0.0107081 0.0101722
607 0.00448518 0.00386545
608 -0.0017554 -0.0024566
609 -0.00798905 -0.00876896
610 -0.0141912 -0.0150467
611 -0.0203373 -0.0212651
612 -0.0264031 -0.0273995
613 -0.0323648 -0.0334258
614 -0.0381987 -0.0393202
615 -0.0438819 -0.0450594
616 -0.0493919 -0.0506208
617 -0.054707 -0.0559824
618 -0.0598061 -0.0611231
619 -0.0646692 -0.0660226
620 -0.0692772 -0.0706614
621 -0.0736117 -0.0750215
622 -0.0776557 -0.0790854
623 -0.0813932 -0.0828372
624 -0.0848095 -0.0862621
625 -0.0878911 -0.0893466
626 -0.0906258 -0.0920785
627 -0.0930029 -0.0944469
628 -0.0950129 -0.0964427
629 -0.096648 -0.0980578
630 -0.0979016 -0.0992859
631 -0.0987689 -0.100122
632 -0.0992463 -0.100563
633 -0.0993321 -0.100608
634 -0.0990259 -0.100255
635 -0.0983289 -0.0995064
636 -0.0972438 -0.0983653
637 -0.0957749 -0.0968359
638 -0.093928 -0.0949244
639 -0.0917105 -0.0926383
640 -0.089131 -0.0899865
641 -0.0861997 -0.0869796
642 -0.0829283 -0.0836295
643 -0.0793296 -0.0799493
644 -0.0754178 -0.0759536
645 -0.0712084 -0.0716581
646 -0.0667179 -0.0670799
647 -0.0619641 -0.0622369
648 -0.0569658 -0.0571482
649 -0.0517427 -0.0518341
650 -0.0463154 -0.0463154
651 -0.0407052 -0.0406138
652 -0.0349345 -0.034752
653 -0.0290258 -0.0287531
654 -0.0230026 -0.0226407
655 -0.0168887 -0.0164389
656 -0.0107081 -0.0101722
657 -0.00448518 -0.00386545
658 0.0017554 0.0024566
659 0.00798905 0.00876896
660 0.0141912 0.0150467
661 0.0203373 0.0212651
662 0.0264031 0.0273995
663 0.0323648 0.0334258
664 0.0381987 0.0393202
665 0.0438819 0.0450594
666 0.0493919 0.0506208
667 0.054707 0.0559824
668 0.0598061 0.0611231
669 0.0646692 0.0660226
670 0.0692772 0.0706614
671 0.0736117 0.0750215
672 0.0776557 0.0790854
673 0.0813932 0.0828372
674 0.0848095 0.0862621
675 0.0878911 0.0893466
676 0.0906258 0.0920785
677 0.0930029 0.0944469
678 0.0950129 0.0964427
679 0.096648 0.0980578
680 0.0979016 0.0992859
681 0.0987689 0.100122
682 0.0992463 0.100563
683 0.0993321 0.100608
684 0.0990259 0.100255
685 0.0983289 0.0995064
686 0.0972438 0.0983653
687 0.0957749 0.0968359
688 0.093928 0.0949244
689 0.0917105 0.0926383
690 0.089131 0.0899865
691 0.0861997 0.0869796
692 0.0829283 0.0836295
693 0.0793296 0.0799493
694 0.0754178 0.0759536
695 0.0712084 0.0716581
696 0.0667179 0.0670799
697 0.0619641 0.0622369
698 0.0569658 0.0571482
699 0.0517427 0.0518341
700 0.0463154 0.0463154
701 0.0407052 0.0406138
702 0.0349345 0.034752
703 0.0290258 0.0287531
704 0.0230026 0.0226407
705 0.0168887 0.0164389
706 0.0107081 0.0101722
707 0.00448518 0.00386545
708 -0.0017554 -0.0024566
709 -0.00798905 -0.00876896
710 -0.0141912 -0.0150467
711 -0.0203373 -0.0212651
712 -0.0264031 -0.0273995
713 -0.0323648 -0.0334258
714 -0.0381987 -0.0393202
715 -0.0438819 -0.0450594
716 -0.0493919 -0.0506208
717 -0.054707 -0.0559824
718 -0.0598061 -0.0611231
719 -0.0646692 -0.0660226
720 -0.0692772 -0.0706614
721 -0.0736117 -0.0750215
722 -0.0776557 -0.0790854
723 -0.0813932 -0.0828372
724 -0.0848095 -0.0862621
725 -0.0878911 -0.0893466
726 -0.0906258 -0.0920785
727 -0.0930029 -0.0944469
728 -0.0950129 -0.0964427
729 -0.096648 -0.0980578
730 -0.0979016 -0.0992859
731 -0.0987689 -0.100122
732 -0.0992463 -0.100563
733 -0.0993321 -0.100608
734 -0.0990259 -0.100255
735 -0.0983289 -0.0995064
736 -0.0972438 -0.0983653
737 -0.0957749 -0.0968359
738 -0.093928 -0.0949244
739 -0.0917105 -0.0926383
740 -0.089131 -0.0899865
741 -0.0861997 -0.0869796
742 -0.0829283 -0.0836295
743 -0.0793296 -0.0799493
744 -0.0754178 -0.0759536
745 -0.0712084 -0.0716581
746 -0.0667179 -0.0670799
747 -0.0619641 -0.0622369
748 -0.0569658 -0.0571482
749 -0.0517427 -0.0518341
750 -0.0463154 -0.0463154
751 -0.0407052 -0.0406138
752 -0.0349345 -0.034752
753 -0.0290258 -0.0287531
754 -0.0230026 -0.0226407
755 -0.0168887 -0.0164389
756 -0.0107081 -0.0101722
757 -0.00448518 -0.00386545
758 0.0017554 0.0024566
759 0.00798905 0.00876896
760 0.0141912 0.0150467
761 0.0203373 0.0212651
762 0.0264031 0.0273995
763 0.0323648 0.0334258
764 0.0381987 0.0393202
765 0.0438819 0.0450594
766 0.0493919 0.0506208
767 0.054707 0.0559824
768 0.0598061 0.0611231
769 0.0646692 0.0660226
770 0.0692772 0.0706614
771 0.0736117 0.0750215
772 0.0776557 0.0790854
773 0.0813932 0.0828372
774 0.0848095 0.0862621
775 0.0878911 0.0893466
776 0.0906258 0.0920785
777 0.0930029 0.0944469
778 0.0950129 0.0964427
779 0.096648 0.0980578
780 0.0979016 0.0992859
781 0.0987689 0.100122
782 0.0992463 0.100563
783 0.0993321 0.100608
784 0.0990259 0.100255
785 0.0983289 0.0995064
786 0.0972438 0.0983653
787 0.0957749 0.0968359
788 0.093928 0.0949244
789 0.0917105 0.0926383
790 0.089131 0.0899865
791 0.0861997 0.0869796
792 0.0829283 0.0836295
793 0.0793296 0.0799493
794 0.0754178 0.0759536
795 0.0712084 0.0716581
796 0.0667179 0.0670799
797 0.0619641 0.0622369
798 0.0569658 0.0571482
799 0.0517427 0.0518341
800 0.0463154 0.0463154
801 0.0407052 0.0406138
802 0.0349345 0.034752
803 0.0290258 0.0287531
804 0.0230026 0.0226407
805 0.0168887 0.0164389
806 0.0107081 0.0101722
807 0.00448518 0.00386545
808 -0.0017554 -0.0024566
809 -0.00798905 -0.00876896
810 -0.0141912 -0.0150467
811 -0.0203373 -0.0212651
812 -0.0264031 -0.0273995
813 -0.0323648 -0.0334258
814 -0.0381987 -0.0393202
815 -0.0438819 -0.0450594
816 -0.0493919 -0.0506208
817 -0.054707 -0.0559824
818 -0.0598061 -0.0611231
819 -0.0646692 -0.0660226
820 -0.0692772 -0.0706614
821 -0.0736117 -0.0750215
822 -0.0776557 -0.0790854
823 -0.0813932 -0.0828372
824 -0.0848095 -0.0862621
825 -0.0878911 -0.0893466
826 -0.0906258 -0.0920785
827 -0.0930029 -0.0944469
828 -0.0950129 -0.0964427
829 -0.096648 -0.0980578
830 -0.0979016 -0.0992859
831 -0.0987689 -0.100122
832 -0.0992463 -0.100563
833 -0.0993321 -0.100608
834 -0.0990259 -0.100255
835 -0.0983289 -0.0995064
836 -0.0972438 -0.0983653
837 -0.0957749 -0.0968359
838 -0.093928 -0.0949244
839 -0.0917105 -0.0926383
840 -0.089131 -0.0899865
841 -0.0861997 -0.0869796
842 -0.0829283 -0.0836295
843 -0.0793296 -0.0799493
844 -0.0754178 -0.0759536
845 -0.0712084 -0.0716581
846 -0.0667179 -0.0670799
847 -0.0619641 -0.0622369
848 -0.0569658 -0.0571482
849 -0.0517427 -0.0518341
850 -0.0463154 -0.0463154
851 -0.0407052 -0.0406138
852 -0.0349345 -0.034752
853 -0.0290258 -0.0287531
854 -0.0230026 -0.0226407
855 -0.0168887 -0.0164389
856 -0.0107081 -0.0101722
857 -0.00448518 -0.00386545
858 0.0017554 0.0024566
859 0.00798905 0.00876896
860 0.0141912 0.0150467
861 0.0203373 0.0212651
862 0.0264031 0.0273995
863 0.0323648 0.0334258
864 0.0381987 0.0393202
865 0.0438819 0.0450594
866 0.0493919 0.0506208
867 0.054707 0.0559824
868 0.0598061 0.0611231
869 0.0646692 0.0660226
870 0.0692772 0.0706614
871 0.0736117 0.0750215
872 0.0776557 0.0790854
873 0.0813932 0.0828372
874 0.0848095 0.0862621
875 0.0878911 0.0893466
876 0.0906258 0.0920785
877 0.0930029 0.0944469
878 0.0950129 0.0964427
879 0.096648 0.0980578
880 0.0979016 0.0992859
881 0.0987689 0.100122
882 0.0992463 0.100563
883 0.0993321 0.100608
884 0.0990259 0.100255
885 0.0983289 0.0995064
886 0.0972438 0.0983653
887 0.0957749 0.0968359
888 0.093928 0.0949244
889 0.0917105 0.0926383
890 0.089131 0.0899865
891 0.0861997 0.0869796
892 0.0829283 0.0836295
893 0.0793296 0.0799493
894 0.0754178 0.0759536
895 0.0712084 0.0716581
896 0.0667179 0.0670799
897 0.0619641 0.0622369
898 0.0569658 0.0571482
899 0.0517427 0.0518341
900 0.0463154 0.0463154
901 0.0407052 0.0406138
902 0.0349345 0.034752
903 0.0290258 0.0287531
904 0.0230026 0.0226407
905 0.0168887 0.0164389
906 0.0107081 0.0101722
907 0.00448518 0.00386545
908 -0.0017554 -0.0024566
909 -0.00798905 -0.00876896
910 -0.0141912 -0.0150467
911 -0.0203373 -0.0212651
912 -0.0264031 -0.0273995
913 -0.0323648 -0.0334258
914 -0.0381987 -0.0393202
915 -0.0438819 -0.0450594
916 -0.0493919 -0.0506208
917 -0.054707 -0.0559824
918 -0.0598061 -0.0611231
919 -0.0646692 -0.0660226
920 -0.0692772 -0.0706614
921 -0.0736117 -0.0750215
922 -0.0776557 -0.0790854
923 -0.0813932 -0.0828372
924 -0.0848095 -0.0862621
925 -0.0878911 -0.0893466
926 -0.0906258 -0.0920785
927 -0.0930029 -0.0944469
928 -0.0950129 -0.0964427
929 -0.096648 -0.0980578
930 -0.0979016 -0.0992859
931 -0.0987689 -0.100122
932 -0.0992463 -0.100563
933 -0.0993321 -0.100608
934 -0.0990259 -0.100255
935 -0.0983289 -0.0995064
936 -0.0972438 -0.0983653
937 -0.0957749 -0.0968359
938 -0.093928 -0.0949244
939 -0.0917105 -0.0926383
940 -0.089131 -0.0899865
941 -0.0861997 -0.0869796
942 -0.0829283 -0.0836295
943 -0.0793296 -0.0799493
944 -0.0754178 -0.0759536
945 -0.0712084 -0.0716581
946 -0.0667179 -0.0670799
947 -0.0619641 -0.0622369
948 -0.0569658 -0.0571482
949 -0.0517427 -0.0518341
950 -0.0463154 -0.0463154
951 -0.0407052 -0.0406138
952 -0.0349345 -0.034752
953 -0.0290258 -0.0287531
954 -0.0230026 -0.0226407
955 -0.0168887 -0.0164389
956 -0.0107081 -0.0101722
957 -0.00448518 -0.00386545
958 0.0017554 0.0024566
959 0.00798905 0.00876896
960 0.0141912 0.0150467
961 0.0203373 0.0212651
962 0.0264031 0.0273995
963 0.0323648 0.0334258
964 0.0381987 0.0393202
965 0.0438819 0.0450594
966 0.0493919 0.0506208
967 0.054707 0.0559824
968 0.0598061 0.0611231
969 0.0646692 0.0660226
970 0.0692772 0.0706614
971 0.0736117 0.0750215
972 0.0776557 0.0790854
973 0.0813932 0.0828372
974 0.0848095 0.0862621
975 0.0878911 0.0893466
976 0.0906258 0.0920785
977 0.0930029 0.0944469
978 0.0950129 0.0964427
979 0.096648 0.0980578
980 0.0979016 0.0992859
981 0.0987689 0.100122
982 0.0992463 0.100563
983 0.0993321 0.100608
984 0.0990259 0.100255
985 0.0983289 0.0995064
986 0.0972438 0.0983653
987 0.0957749 0.0968359
988 0.093928 0.0949244
989 0.0917105 0.0926383
990 0.089131 0.0899865
991 0.0861997 0.0869796
992 0.0829283 0.0836295
993 0.0793296 0.0799493
994 0.0754178 0.0759536
995 0.0712084 0.0716581
996 0.0667179 0.0670799
997 0.0619641 0.0622369
998 0.0569658 0.0571482
999 0.0517427 0.0518341
