0 -0.0633495 -0.0633495
1 -0.0681442 -0.0680192
2 -0.0726699 -0.0724204
3 -0.0769089 -0.0765359
4 -0.0808443 -0.0803492
5 -0.0844607 -0.0838455
6 -0.0877438 -0.0870109
7 -0.0906805 -0.0898329
8 -0.0932594 -0.0923003
9 -0.0954703 -0.0944035
10 -0.0973043 -0.0961341
11 -0.0987544 -0.0974854
12 -0.0998147 -0.0984518
13 -0.100481 -0.0990298
14 -0.100751 -0.0992169
15 -0.100623 -0.0990125
16 -0.100098 -0.0984173
17 -0.0991783 -0.0974337
18 -0.0978669 -0.0960655
19 -0.0961693 -0.0943183
20 -0.0940922 -0.0921988
21 -0.0916437 -0.0897154
22 -0.0888336 -0.086878
23 -0.0856729 -0.0836977
24 -0.082174 -0.0801871
25 -0.0783509 -0.07636
26 -0.0742185 -0.0722316
27 -0.0697933 -0.0678181
28 -0.0650926 -0.063137
29 -0.060135 -0.0582067
30 -0.05494 -0.0530466
31 -0.0495283 -0.0476773
32 -0.0439211 -0.0421197
33 -0.0381405 -0.036396
34 -0.0322095 -0.0305286
35 -0.0261513 -0.0245407
36 -0.0199899 -0.0184559
37 -0.0137496 -0.0122984
38 -0.00745507 -0.00609225
39 -0.0011311 0.000137904
40 0.00519733 0.00636751
41 0.0115052 0.012572
42 0.0177678 0.0187269
43 0.0239602 0.0248078
44 0.030058 0.0307909
45 0.0360372 0.0366524
46 0.0418742 0.0423693
47 0.0475459 0.047919
48 0.05303 0.0532795
49 0.0583048 0.0584298
50 0.0633495 0.0633495
51 0.0681442 0.0680192
52 0.0726699 0.0724204
53 0.0769089 0.0765359
54 0.0808443 0.0803492
55 0.0844607 0.0838455
56 0.0877438 0.0870109
57 0.0906805 0.0898329
58 0.0932594 0.0923003
59 0.0954703 0.0944035
60 0.0973043 0.0961341
61 0.0987544 0.0974854
62 0.0998147 0.0984518
63 0.100481 0.0990298
64 0.100751 0.0992169
65 0.100623 0.0990125
66 0.100098 0.0984173
67 0.0991783 0.0974337
68 0.0978669 0.0960655
69 0.0961693 0.0943183
70 0.0940922 0.0921988
71 0.0916437 0.0897154
72 0.0888336 0.086878
73 0.0856729 0.0836977
74 0.082174 0.0801871
75 0.0783509 0.07636
76 0.0742185 0.0722316
77 0.0697933 0.0678181
78 0.0650926 0.063137
79 0.060135 0.0582067
80 0.05494 0.0530466
81 0.0495283 0.0476773
82 0.0439211 0.0421197
83 0.0381405 0.036396
84 0.0322095 0.0305286
85 0.0261513 0.0245407
86 0.0199899 0.0184559
87 0.0137496 0.0122984
88 0.00745507 0.00609225
89 0.0011311 -0.000137904
90 -0.00519733 -0.00636751
91 -0.0115052 -0.012572
92 -0.0177678 -0.0187269
93 -0.0239602 -0.0248078
94 -0.030058 -0.0307909
95 -0.0360372 -0.0366524
96 -0.0418742 -0.0423693
97 -0.0475459 -0.047919
98 -0.05303 -0.0532795
99 -0.0583048 -0.0584298
100 -0.0633495 -0.0633495
101 -0.0681442 -0.0680192
102 -0.0726699 -0.0724204
103 -0.0769089 -0.0765359
104 -0.0808443 -0.0803492
105 -0.0844607 -0.0838455
106 -0.0877438 -0.0870109
107 -0.0906805 -0.0898329
108 -0.0932594 -0.0923003
109 -0.0954703 -0.0944035
110 -0.0973043 -0.0961341
111 -0.0987544 -0.0974854
112 -0.0998147 -0.0984518
113 -0.100481 -0.0990298
114 -0.100751 -0.0992169
115 -0.100623 -0.0990125
116 -0.100098 -0.0984173
117 -0.0991783 -0.0974337
118 -0.0978669 -0.0960655
119 -0.0961693 -0.0943183
120 -0.0940922 -0.0921988
121 -0.0916437 -0.0897154
122 -0.0888336 -0.086878
123 -0.0856729 -0.0836977
124 -0.082174 -0.0801871
125 -0.0783509 -0.07636
126 -0.0742185 -0.0722316
127 -0.0697933 -0.0678181
128 -0.0650926 -0.063137
129 -0.060135 -0.0582067
130 -0.05494 -0.0530466
131 -0.0495283 -0.0476773
132 -0.0439211 -0.0421197
133 -0.0381405 -0.036396
134 -0.0322095 -0.0305286
135 -0.0261513 -0.0245407
136 -0.0199899 -0.0184559
137 -0.0137496 -0.0122984
138 -0.00745507 -0.00609225
139 -0.0011311 0.000137904
140 0.00519733 0.00636751
141 0.0115052 0.012572
142 0.0177678 0.0187269
143 0.0239602 0.0248078
144 0.030058 0.0307909
145 0.0360372 0.0366524
146 0.0418742 0.0423693
147 0.0475459 0.047919
148 0.05303 0.0532795
149 0.0583048 0.0584298
150 0.0633495 0.0633495
151 0.0681442 0.0680192
152 0.0726699 0.0724204
153 0.0769089 0.0765359
154 0.0808443 0.0803492
155 0.0844607 0.0838455
156 0.0877438 0.0870109
157 0.0906805 0.0898329
158 0.0932594 0.0923003
159 0.0954703 0.0944035
160 0.0973043 0.0961341
161 0.0987544 0.0974854
162 0.0998147 0.0984518
163 0.100481 0.0990298
164 0.100751 0.0992169
165 0.100623 0.0990125
166 0.100098 0.0984173
167 0.0991783 0.0974337
168 0.0978669 0.0960655
169 0.0961693 0.0943183
170 0.0940922 0.0921988
171 0.0916437 0.0897154
172 0.0888336 0.086878
173 0.0856729 0.0836977
174 0.082174 0.0801871
175 0.0783509 0.07636
176 0.0742185 0.0722316
177 0.0697933 0.0678181
178 0.0650926 0.063137
179 0.060135 0.0582067
180 0.05494 0.0530466
181 0.0495283 0.0476773
182 0.0439211 0.0421197
183 0.0381405 0.036396
184 0.0322095 0.0305286
185 0.0261513 0.0245407
186 0.0199899 0.0184559
187 0.0137496 0.0122984
188 0.00745507 0.00609225
189 0.0011311 -0.000137904
190 -0.00519733 -0.00636751
191 -0.0115052 -0.012572
192 -0.0177678 -0.0187269
193 -0.0239602 -0.0248078
194 -0.030058 -0.0307909
195 -0.0360372 -0.0366524
196 -0.0418742 -0.0423693
197 -0.0475459 -0.047919
198 -0.05303 -0.0532795
199 -0.0583048 -0.0584298
200 -0.0633495 -0.0633495
201 -0.0681442 -0.0680192
202 -0.0726699 -0.0724204
203 -0.0769089 -0.0765359
204 -0.0808443 -0.0803492
205 -0.0844607 -0.0838455
206 -0.0877438 -0.0870109
207 -0.0906805 -0.0898329
208 -0.0932594 -0.0923003
209 -0.0954703 -0.0944035
210 -0.0973043 -0.0961341
211 -0.0987544 -0.0974854
212 -0.0998147 -0.0984518
213 -0.100481 -0.0990298
214 -0.100751 -0.0992169
215 -0.100623 -0.0990125
216 -0.100098 -0.0984173
217 -0.0991783 -0.0974337
218 -0.0978669 -0.0960655
219 -0.0961693 -0.0943183
220 -0.0940922 -0.0921988
221 -0.0916437 -0.0897154
222 -0.0888336 -0.086878
223 -0.0856729 -0.0836977
224 -0.082174 -0.0801871
225 -0.0783509 -0.07636
226 -0.0742185 -0.0722316
227 -0.0697933 -0.0678181
228 -0.0650926 -0.063137
229 -0.060135 -0.0582067
230 -0.05494 -0.0530466
231 -0.0495283 -0.0476773
232 -0.0439211 -0.0421197
233 -0.0381405 -0.036396
234 -0.0322095 -0.0305286
235 -0.0261513 -0.0245407
236 -0.0199899 -0.0184559
237 -0.0137496 -0.0122984
238 -0.00745507 -0.00609225
239 -0.0011311 0.000137904
240 0.00519733 0.00636751
241 0.0115052 0.012572
242 0.0177678 0.0187269
243 0.0239602 0.0248078
244 0.030058 0.0307909
245 0.0360372 0.0366524
246 0.0418742 0.0423693
247 0.0475459 0.047919
248 0.05303 0.0532795
249 0.0583048 0.0584298
250 0.0633495 0.0633495
251 0.0681442 0.0680192
252 0.0726699 0.0724204
253 0.0769089 0.0765359
254 0.0808443 0.0803492
255 0.0844607 0.0838455
256 0.0877438 0.0870109
257 0.0906805 0.0898329
258 0.0932594 0.0923003
259 0.0954703 0.0944035
260 0.0973043 0.0961341
261 0.0987544 0.0974854
262 0.0998147 0.0984518
263 0.100481 0.0990298
264 0.100751 0.0992169
265 0.100623 0.0990125
266 0.100098 0.0984173
267 0.0991783 0.0974337
268 0.0978669 0.0960655
269 0.0961693 0.0943183
270 0.0940922 0.0921988
271 0.0916437 0.0897154
272 0.0888336 0.086878
273 0.0856729 0.0836977
274 0.082174 0.0801871
275 0.0783509 0.07636
276 0.0742185 0.0722316
277 0.0697933 0.0678181
278 0.0650926 0.063137
279 0.060135 0.0582067
280 0.05494 0.0530466
281 0.0495283 0.0476773
282 0.0439211 0.0421197
283 0.0381405 0.036396
284 0.0322095 0.0305286
285 0.0261513 0.0245407
286 0.0199899 0.0184559
287 0.0137496 0.0122984
288 0.00745507 0.00609225
289 0.0011311 -0.000137904
290 -0.00519733 -0.00636751
291 -0.0115052 -0.012572
292 -0.0177678 -0.0187269
293 -0.0239602 -0.0248078
294 -0.030058 -0.0307909
295 -0.0360372 -0.0366524
296 -0.0418742 -0.0423693
297 -0.0475459 -0.047919
298 -0.05303 -0.0532795
299 -0.0583048 -0.0584298
300 -0.0633495 -0.0633495
301 -0.0681442 -0.0680192
302 -0.0726699 -0.0724204
303 -0.0769089 -0.0765359
304 -0.0808443 -0.0803492
305 -0.0844607 -0.0838455
306 -0.0877438 -0.0870109
307 -0.0906805 -0.0898329
308 -0.0932594 -0.0923003
309 -0.0954703 -0.0944035
310 -0.0973043 -0.0961341
311 -0.0987544 -0.0974854
312 -0.0998147 -0.0984518
313 -0.100481 -0.0990298
314 -0.100751 -0.0992169
315 -0.100623 -0.0990125
316 -0.100098 -0.0984173
317 -0.0991783 -0.0974337
318 -0.0978669 -0.0960655
319 -0.0961693 -0.0943183
320 -0.0940922 -0.0921988
321 -0.0916437 -0.0897154
322 -0.0888336 -0.086878
323 -0.0856729 -0.0836977
324 -0.082174 -0.0801871
325 -0.0783509 -0.07636
326 -0.0742185 -0.0722316
327 -0.0697933 -0.0678181
328 -0.0650926 -0.063137
329 -0.060135 -0.0582067
330 -0.05494 -0.0530466
331 -0.0495283 -0.0476773
332 -0.0439211 -0.0421197
333 -0.0381405 -0.036396
334 -0.0322095 -0.0305286
335 -0.0261513 -0.0245407
336 -0.0199899 -0.0184559
337 -0.0137496 -0.0122984
338 -0.00745507 -0.00609225
339 -0.0011311 0.000137904
340 0.00519733 0.00636751
341 0.0115052 0.012572
342 0.0177678 0.0187269
343 0.0239602 0.0248078
344 0.030058 0.0307909
345 0.0360372 0.0366524
346 0.0418742 0.0423693
347 0.0475459 0.047919
348 0.05303 0.0532795
349 0.0583048 0.0584298
350 0.0633495 0.0633495
351 0.0681442 0.0680192
352 0.0726699 0.0724204
353 0.0769089 0.0765359
354 0.0808443 0.0803492
355 0.0844607 0.0838455
356 0.0877438 0.0870109
357 0.0906805 0.0898329
358 0.0932594 0.0923003
359 0.0954703 0.0944035
360 0.0973043 0.0961341
361 0.0987544 0.0974854
362 0.0998147 0.0984518
363 0.100481 0.0990298
364 0.100751 0.0992169
365 0.100623 0.0990125
366 0.100098 0.0984173
367 0.0991783 0.0974337
368 0.0978669 0.0960655
369 0.0961693 0.0943183
370 0.0940922 0.0921988
371 0.0916437 0.0897154
372 0.0888336 0.086878
373 0.0856729 0.0836977
374 0.082174 0.0801871
375 0.0783509 0.07636
376 0.0742185 0.0722316
377 0.0697933 0.0678181
378 0.0650926 0.063137
379 0.060135 0.0582067
380 0.05494 0.0530466
381 0.0495283 0.0476773
382 0.0439211 0.0421197
383 0.0381405 0.036396
384 0.0322095 0.0305286
385 0.0261513 0.0245407
386 0.0199899 0.0184559
387 0.0137496 0.0122984
388 0.00745507 0.00609225
389 0.0011311 -0.000137904
390 -0.00519733 -0.00636751
391 -0.0115052 -0.012572
392 -0.0177678 -0.0187269
393 -0.0239602 -0.0248078
394 -0.030058 -0.0307909
395 -0.0360372 -0.0366524
396 -0.0418742 -0.0423693
397 -0.0475459 -0.047919
398 -0.05303 -0.0532795
399 -0.0583048 -0.0584298
400 -0.0633495 -0.0633495
401 -0.0681442 -0.0680192
402 -0.0726699 -0.0724204
403 -0.0769089 -0.0765359
404 -0.0808443 -0.0803492
405 -0.0844607 -0.0838455
406 -0.0877438 -0.0870109
407 -0.0906805 -0.0898329
408 -0.0932594 -0.0923003
409 -0.0954703 -0.0944035
410 -0.0973043 -0.0961341
411 -0.0987544 -0.0974854
412 -0.0998147 -0.0984518
413 -0.100481 -0.0990298
414 -0.100751 -0.0992169
415 -0.100623 -0.0990125
416 -0.100098 -0.0984173
417 -0.0991783 -0.0974337
418 -0.0978669 -0.0960655
419 -0.0961693 -0.0943183
420 -0.0940922 -0.0921988
421 -0.0916437 -0.0897154
422 -0.0888336 -0.086878
423 -0.0856729 -0.0836977
424 -0.082174 -0.0801871
425 -0.0783509 -0.07636
426 -0.0742185 -0.0722316
427 -0.0697933 -0.0678181
428 -0.0650926 -0.063137
429 -0.060135 -0.0582067
430 -0.05494 -0.0530466
431 -0.0495283 -0.0476773
432 -0.0439211 -0.0421197
433 -0.0381405 -0.036396
434 -0.0322095 -0.0305286
435 -0.0261513 -0.0245407
436 -0.0199899 -0.0184559
437 -0.0137496 -0.0122984
438 -0.00745507 -0.00609225
439 -0.0011311 0.000137904
440 0.00519733 0.00636751
441 0.0115052 0.012572
442 0.0177678 0.0187269
443 0.0239602 0.0248078
444 0.030058 0.0307909
445 0.0360372 0.0366524
446 0.0418742 0.0423693
447 0.0475459 0.047919
448 0.05303 0.0532795
449 0.0583048 0.0584298
450 0.0633495 0.0633495
451 0.0681442 0.0680192
452 0.0726699 0.0724204
453 0.0769089 0.0765359
454 0.0808443 0.0803492
455 0.0844607 0.0838455
456 0.0877438 0.0870109
457 0.0906805 0.0898329
458 0.0932594 0.0923003
459 0.0954703 0.0944035
460 0.0973043 0.0961341
461 0.0987544 0.0974854
462 0.0998147 0.0984518
463 0.100481 0.0990298
464 0.100751 0.0992169
465 0.100623 0.0990125
466 0.100098 0.0984173
467 0.0991783 0.0974337
468 0.0978669 0.0960655
469 0.0961693 0.0943183
470 0.0940922 0.0921988
471 0.0916437 0.0897154
472 0.0888336 0.086878
473 0.0856729 0.0836977
474 0.082174 0.0801871
475 0.0783509 0.07636
476 0.0742185 0.0722316
477 0.0697933 0.0678181
478 0.0650926 0.063137
479 0.060135 0.0582067
480 0.05494 0.0530466
481 0.0495283 0.0476773
482 0.0439211 0.0421197
483 0.0381405 0.036396
484 0.0322095 0.0305286
485 0.0261513 0.0245407
486 0.0199899 0.0184559
487 0.0137496 0.0122984
488 0.00745507 0.00609225
489 0.0011311 -0.000137904
490 -0.00519733 -0.00636751
491 -0.0115052 -0.012572
492 -0.0177678 -0.0187269
493 -0.0239602 -0.0248078
494 -0.030058 -0.0307909
495 -0.0360372 -0.0366524
496 -0.0418742 -0.0423693
497 -0.0475459 -0.047919
498 -0.05303 -0.0532795
499 -0.0583048 -0.0584298
500 -0.0633495 -0.0633495
501 -0.0681442 -0.0680192
502 -0.0726699 -0.0724204
503 -0.0769089 -0.0765359
504 -0.0808443 -0.0803492
505 -0.0844607 -0.0838455
506 -0.0877438 -0.0870109
507 -0.0906805 -0.0898329
508 -0.0932594 -0.0923003
509 -0.0954703 -0.0944035
510 -0.0973043 -0.0961341
511 -0.0987544 -0.0974854
512 -0.0998147 -0.0984518
513 -0.100481 -0.0990298
514 -0.100751 -0.0992169
515 -0.100623 -0.0990125
516 -0.100098 -0.0984173
517 -0.0991783 -0.0974337
518 -0.0978669 -0.0960655
519 -0.0961693 -0.0943183
520 -0.0940922 -0.0921988
521 -0.0916437 -0.0897154
522 -0.0888336 -0.086878
523 -0.0856729 -0.0836977
524 -0.082174 -0.0801871
525 -0.0783509 -0.07636
526 -0.0742185 -0.0722316
527 -0.0697933 -0.0678181
528 -0.0650926 -0.063137
529 -0.060135 -0.0582067
530 -0.05494 -0.0530466
531 -0.0495283 -0.0476773
532 -0.0439211 -0.0421197
533 -0.0381405 -0.036396
534 -0.0322095 -0.0305286
535 -0.0261513 -0.0245407
536 -0.0199899 -0.0184559
537 -0.0137496 -0.0122984
538 -0.00745507 -0.00609225
539 -0.0011311 0.000137904
540 0.00519733 0.00636751
541 0.0115052 0.012572
542 0.0177678 0.0187269
543 0.0239602 0.0248078
544 0.030058 0.0307909
545 0.0360372 0.0366524
546 0.0418742 0.0423693
547 0.0475459 0.047919
548 0.05303 0.0532795
549 0.0583048 0.0584298
550 0.0633495 0.0633495
551 0.0681442 0.0680192
552 0.0726699 0.0724204
553 0.0769089 0.0765359
554 0.0808443 0.0803492
555 0.0844607 0.0838455
556 0.0877438 0.0870109
557 0.0906805 0.0898329
558 0.0932594 0.0923003
559 0.0954703 0.0944035
560 0.0973043 0.0961341
561 0.0987544 0.0974854
562 0.0998147 0.0984518
563 0.100481 0.0990298
564 0.100751 0.0992169
565 0.100623 0.0990125
566 0.100098 0.0984173
567 0.0991783 0.0974337
568 0.0978669 0.0960655
569 0.0961693 0.0943183
570 0.0940922 0.0921988
571 0.0916437 0.0897154
572 0.0888336 0.086878
573 0.0856729 0.0836977
574 0.082174 0.0801871
575 0.0783509 0.07636
576 0.0742185 0.0722316
577 0.0697933 0.0678181
578 0.0650926 0.063137
579 0.060135 0.0582067
580 0.05494 0.0530466
581 0.0495283 0.0476773
582 0.0439211 0.0421197
583 0.0381405 0.036396
584 0.0322095 0.0305286
585 0.0261513 0.0245407
586 0.0199899 0.0184559
587 0.0137496 0.0122984
588 0.00745507 0.00609225
589 0.0011311 -0.000137904
590 -0.00519733 -0.00636751
591 -0.0115052 -0.012572
592 -0.0177678 -0.0187269
593 -0.0239602 -0.0248078
594 -0.030058 -0.0307909
595 -0.0360372 -0.0366524
596 -0.0418742 -0.0423693
597 -0.0475459 -0.047919
598 -0.05303 -0.0532795
599 -0.0583048 -0.0584298
600 -0.0633495 -0.0633495
601 -0.0681442 -0.0680192
602 -0.0726699 -0.0724204
603 -0.0769089 -0.0765359
604 -0.0808443 -0.0803492
605 -0.0844607 -0.0838455
606 -0.0877438 -0.0870109
607 -0.0906805 -0.0898329
608 -0.0932594 -0.0923003
609 -0.0954703 -0.0944035
610 -0.0973043 -0.0961341
611 -0.0987544 -0.0974854
612 -0.0998147 -0.0984518
613 -0.100481 -0.0990298
614 -0.100751 -0.0992169
615 -0.100623 -0.0990125
616 -0.100098 -0.0984173
617 -0.0991783 -0.0974337
618 -0.0978669 -0.0960655
619 -0.0961693 -0.0943183
620 -0.0940922 -0.0921988
621 -0.0916437 -0.0897154
622 -0.0888336 -0.086878
623 -0.0856729 -0.0836977
624 -0.082174 -0.0801871
625 -0.0783509 -0.07636
626 -0.0742185 -0.0722316
627 -0.0697933 -0.0678181
628 -0.0650926 -0.063137
629 -0.060135 -0.0582067
630 -0.05494 -0.0530466
631 -0.0495283 -0.0476773
632 -0.0439211 -0.0421197
633 -0.0381405 -0.036396
634 -0.0322095 -0.0305286
635 -0.0261513 -0.0245407
636 -0.0199899 -0.0184559
637 -0.0137496 -0.0122984
638 -0.00745507 -0.00609225
639 -0.0011311 0.000137904
640 0.00519733 0.00636751
641 0.0115052 0.012572
642 0.0177678 0.0187269
643 0.0239602 0.0248078
644 0.030058 0.0307909
645 0.0360372 0.0366524
646 0.0418742 0.0423693
647 0.0475459 0.047919
648 0.05303 0.0532795
649 0.0583048 0.0584298
650 0.0633495 0.0633495
651 0.0681442 0.0680192
652 0.0726699 0.0724204
653 0.0769089 0.0765359
654 0.0808443 0.0803492
655 0.0844607 0.0838455
656 0.0877438 0.0870109
657 0.0906805 0.0898329
658 0.0932594 0.0923003
659 0.0954703 0.0944035
660 0.0973043 0.0961341
661 0.0987544 0.0974854
662 0.0998147 0.0984518
663 0.100481 0.0990298
664 0.100751 0.0992169
665 0.100623 0.0990125
666 0.100098 0.0984173
667 0.0991783 0.0974337
668 0.0978669 0.0960655
669 0.0961693 0.0943183
670 0.0940922 0.0921988
671 0.0916437 0.0897154
672 0.0888336 0.086878
673 0.0856729 0.0836977
674 0.082174 0.0801871
675 0.0783509 0.07636
676 0.0742185 0.0722316
677 0.0697933 0.0678181
678 0.0650926 0.063137
679 0.060135 0.0582067
680 0.05494 0.0530466
681 0.0495283 0.0476773
682 0.0439211 0.0421197
683 0.0381405 0.036396
684 0.0322095 0.0305286
685 0.0261513 0.0245407
686 0.0199899 0.0184559
687 0.0137496 0.0122984
688 0.00745507 0.00609225
689 0.0011311 -0.000137904
690 -0.00519733 -0.00636751
691 -0.0115052 -0.012572
692 -0.0177678 -0.0187269
693 -0.0239602 -0.0248078
694 -0.030058 -0.0307909
695 -0.0360372 -0.0366524
696 -0.0418742 -0.0423693
697 -0.0475459 -0.047919
698 -0.05303 -0.0532795
699 -0.0583048 -0.0584298
700 -0.0633495 -0.0633495
701 -0.0681442 -0.0680192
702 -0.0726699 -0.0724204
703 -0.0769089 -0.0765359
704 -0.0808443 -0.0803492
705 -0.0844607 -0.0838455
706 -0.0877438 -0.0870109
707 -0.0906805 -0.0898329
708 -0.0932594 -0.0923003
709 -0.0954703 -0.0944035
710 -0.0973043 -0.0961341
711 -0.0987544 -0.0974854
712 -0.0998147 -0.0984518
713 -0.100481 -0.0990298
714 -0.100751 -0.0992169
715 -0.100623 -0.0990125
716 -0.100098 -0.0984173
717 -0.0991783 -0.0974337
718 -0.0978669 -0.0960655
719 -0.0961693 -0.0943183
720 -0.0940922 -0.0921988
721 -0.0916437 -0.0897154
722 -0.0888336 -0.086878
723 -0.0856729 -0.0836977
724 -0.082174 -0.0801871
725 -0.0783509 -0.07636
726 -0.0742185 -0.0722316
727 -0.0697933 -0.0678181
728 -0.0650926 -0.063137
729 -0.060135 -0.0582067
730 -0.05494 -0.0530466
731 -0.0495283 -0.0476773
732 -0.0439211 -0.0421197
733 -0.0381405 -0.036396
734 -0.0322095 -0.0305286
735 -0.0261513 -0.0245407
736 -0.0199899 -0.0184559
737 -0.0137496 -0.0122984
738 -0.00745507 -0.00609225
739 -0.0011311 0.000137904
740 0.00519733 0.00636751
741 0.0115052 0.012572
742 0.0177678 0.0187269
743 0.0239602 0.0248078
744 0.030058 0.0307909
745 0.0360372 0.0366524
746 0.0418742 0.0423693
747 0.0475459 0.047919
748 0.05303 0.0532795
749 0.0583048 0.0584298
750 0.0633495 0.0633495
751 0.0681442 0.0680192
752 0.0726699 0.0724204
753 0.0769089 0.0765359
754 0.0808443 0.0803492
755 0.0844607 0.0838455
756 0.0877438 0.0870109
757 0.0906805 0.0898329
758 0.0932594 0.0923003
759 0.0954703 0.0944035
760 0.0973043 0.0961341
761 0.0987544 0.0974854
762 0.0998147 0.0984518
763 0.100481 0.0990298
764 0.100751 0.0992169
765 0.100623 0.0990125
766 0.100098 0.0984173
767 0.0991783 0.0974337
768 0.0978669 0.0960655
769 0.0961693 0.0943183
770 0.0940922 0.0921988
771 0.0916437 0.0897154
772 0.0888336 0.086878
773 0.0856729 0.0836977
774 0.082174 0.0801871
775 0.0783509 0.07636
776 0.0742185 0.0722316
777 0.0697933 0.0678181
778 0.0650926 0.063137
779 0.060135 0.0582067
780 0.05494 0.0530466
781 0.0495283 0.0476773
782 0.0439211 0.0421197
783 0.0381405 0.036396
784 0.0322095 0.0305286
785 0.0261513 0.0245407
786 0.0199899 0.0184559
787 0.0137496 0.0122984
788 0.00745507 0.00609225
789 0.0011311 -0.000137904
790 -0.00519733 -0.00636751
791 -0.0115052 -0.012572
792 -0.0177678 -0.0187269
793 -0.0239602 -0.0248078
794 -0.030058 -0.0307909
795 -0.0360372 -0.0366524
796 -0.0418742 -0.0423693
797 -0.0475459 -0.047919
798 -0.05303 -0.0532795
799 -0.0583048 -0.0584298
800 -0.0633495 -0.0633495
801 -0.0681442 -0.0680192
802 -0.0726699 -0.0724204
803 -0.0769089 -0.0765359
804 -0.0808443 -0.0803492
805 -0.0844607 -0.0838455
806 -0.0877438 -0.0870109
807 -0.0906805 -0.0898329
808 -0.0932594 -0.0923003
809 -0.0954703 -0.0944035
810 -0.0973043 -0.0961341
811 -0.0987544 -0.0974854
812 -0.0998147 -0.0984518
813 -0.100481 -0.0990298
814 -0.100751 -0.0992169
815 -0.100623 -0.0990125
816 -0.100098 -0.0984173
817 -0.0991783 -0.0974337
818 -0.0978669 -0.0960655
819 -0.0961693 -0.0943183
820 -0.0940922 -0.0921988
821 -0.0916437 -0.0897154
822 -0.0888336 -0.086878
823 -0.0856729 -0.0836977
824 -0.082174 -0.0801871
825 -0.0783509 -0.07636
826 -0.0742185 -0.0722316
827 -0.0697933 -0.0678181
828 -0.0650926 -0.063137
829 -0.060135 -0.0582067
830 -0.05494 -0.0530466
831 -0.0495283 -0.0476773
832 -0.0439211 -0.0421197
833 -0.0381405 -0.036396
834 -0.0322095 -0.0305286
835 -0.0261513 -0.0245407
836 -0.0199899 -0.0184559
837 -0.0137496 -0.0122984
838 -0.00745507 -0.00609225
839 -0.0011311 0.000137904
840 0.00519733 0.00636751
841 0.0115052 0.012572
842 0.0177678 0.0187269
843 0.0239602 0.0248078
844 0.030058 0.0307909
845 0.0360372 0.0366524
846 0.0418742 0.0423693
847 0.0475459 0.047919
848 0.05303 0.0532795
849 0.0583048 0.0584298
850 0.0633495 0.0633495
851 0.0681442 0.0680192
852 0.0726699 0.0724204
853 0.0769089 0.0765359
854 0.0808443 0.0803492
855 0.0844607 0.0838455
856 0.0877438 0.0870109
857 0.0906805 0.0898329
858 0.0932594 0.0923003
859 0.0954703 0.0944035
860 0.0973043 0.0961341
861 0.0987544 0.0974854
862 0.0998147 0.0984518
863 0.100481 0.0990298
864 0.100751 0.0992169
865 0.100623 0.0990125
866 0.100098 0.0984173
867 0.0991783 0.0974337
868 0.0978669 0.0960655
869 0.0961693 0.0943183
870 0.0940922 0.0921988
871 0.0916437 0.0897154
872 0.0888336 0.086878
873 0.0856729 0.0836977
874 0.082174 0.0801871
875 0.0783509 0.07636
876 0.0742185 0.0722316
877 0.0697933 0.0678181
878 0.0650926 0.063137
879 0.060135 0.0582067
880 0.05494 0.0530466
881 0.0495283 0.0476773
882 0.0439211 0.0421197
883 0.0381405 0.036396
884 0.0322095 0.0305286
885 0.0261513 0.0245407
886 0.0199899 0.0184559
887 0.0137496 0.0122984
888 0.00745507 0.00609225
889 0.0011311 -0.000137904
890 -0.00519733 -0.00636751
891 -0.0115052 -0.012572
892 -0.0177678 -0.0187269
893 -0.0239602 -0.0248078
894 -0.030058 -0.0307909
895 -0.0360372 -0.0366524
896 -0.0418742 -0.0423693
897 -0.0475459 -0.047919
898 -0.05303 -0.0532795
899 -0.0583048 -0.0584298
900 -0.0633495 -0.0633495
901 -0.0681442 -0.0680192
902 -0.0726699 -0.0724204
903 -0.0769089 -0.0765359
904 -0.0808443 -0.0803492
905 -0.0844607 -0.0838455
906 -0.0877438 -0.0870109
907 -0.0906805 -0.0898329
908 -0.0932594 -0.0923003
909 -0.0954703 -0.0944035
910 -0.0973043 -0.0961341
911 -0.0987544 -0.0974854
912 -0.0998147 -0.0984518
913 -0.100481 -0.0990298
914 -0.100751 -0.0992169
915 -0.100623 -0.0990125
916 -0.100098 -0.0984173
917 -0.0991783 -0.0974337
918 -0.0978669 -0.0960655
919 -0.0961693 -0.0943183
920 -0.0940922 -0.0921988
921 -0.0916437 -0.0897154
922 -0.0888336 -0.086878
923 -0.0856729 -0.0836977
924 -0.082174 -0.0801871
925 -0.0783509 -0.07636
926 -0.0742185 -0.0722316
927 -0.0697933 -0.0678181
928 -0.0650926 -0.063137
929 -0.060135 -0.0582067
930 -0.05494 -0.0530466
931 -0.0495283 -0.0476773
932 -0.0439211 -0.0421197
933 -0.0381405 -0.036396
934 -0.0322095 -0.0305286
935 -0.0261513 -0.0245407
936 -0.0199899 -0.0184559
937 -0.0137496 -0.0122984
938 -0.00745507 -0.00609225
939 -0.0011311 0.000137904
940 0.00519733 0.00636751
941 0.0115052 0.012572
942 0.0177678 0.0187269
943 0.0239602 0.0248078
944 0.030058 0.0307909
945 0.0360372 0.0366524
946 0.0418742 0.0423693
947 0.0475459 0.047919
948 0.05303 0.0532795
949 0.0583048 0.0584298
950 0.0633495 0.0633495
951 0.0681442 0.0680192
952 0.0726699 0.0724204
953 0.0769089 0.0765359
954 0.0808443 0.0803492
955 0.0844607 0.0838455
956 0.0877438 0.0870109
957 0.0906805 0.0898329
958 0.0932594 0.0923003
959 0.0954703 0.0944035
960 0.0973043 0.0961341
961 0.0987544 0.0974854
962 0.0998147 0.0984518
963 0.100481 0.0990298
964 0.100751 0.0992169
965 0.100623 0.0990125
966 0.100098 0.0984173
967 0.0991783 0.0974337
968 0.0978669 0.0960655
969 0.0961693 0.0943183
970 0.0940922 0.0921988
971 0.0916437 0.0897154
972 0.0888336 0.086878
973 0.0856729 0.0836977
974 0.082174 0.0801871
975 0.0783509 0.07636
976 0.0742185 0.0722316
977 0.0697933 0.0678181
978 0.0650926 0.063137
979 0.060135 0.0582067
980 0.05494 0.0530466
981 0.0495283 0.0476773
982 0.0439211 0.0421197
983 0.0381405 0.036396
984 0.0322095 0.0305286
985 0.0261513 0.0245407
986 0.0199899 0.0184559
987 0.0137496 0.0122984
988 0.00745507 0.00609225
989 0.0011311 -0.000137904
990 -0.00519733 -0.00636751
991 -0.0115052 -0.012572
992 -0.0177678 -0.0187269
993 -0.0239602 -0.0248078
994 -0.030058 -0.0307909
995 -0.0360372 -0.0366524
996 -0.0418742 -0.0423693
997 -0.0475459 -0.047919
998 -0.05303 -0.0532795
999 -0.0583048 -0.0584298
