0 -0.0201431 -0.0201431
1 -0.013973 -0.0139332
2 -0.00774771 -0.00766837
3 -0.00149186 -0.00137325
4 0.00476987 0.0049273
5 0.0110128 0.0112084
6 0.0172122 0.0174453
7 0.0233437 0.0236133
8 0.0293831 0.0296881
9 0.0353066 0.0356458
10 0.0410907 0.0414627
11 0.0467126 0.0471161
12 0.0521502 0.0525835
13 0.0573819 0.0578434
14 0.0623872 0.062875
15 0.0671463 0.0676584
16 0.0716404 0.0721749
17 0.0758518 0.0764065
18 0.0797638 0.0803365
19 0.083361 0.0839495
20 0.0866292 0.0872312
21 0.0895555 0.0901687
22 0.0921284 0.0927503
23 0.0943378 0.0949658
24 0.0961748 0.0968065
25 0.0976322 0.0982652
26 0.0987044 0.0993361
27 0.099387 0.100015
28 0.0996773 0.100299
29 0.0995743 0.100187
30 0.0990783 0.0996804
31 0.0981913 0.0987799
32 0.0969168 0.0974896
33 0.0952598 0.0958145
34 0.0932268 0.0937613
35 0.090826 0.0913381
36 0.0880666 0.0885544
37 0.0849597 0.0854212
38 0.0815176 0.0819509
39 0.0777537 0.0781572
40 0.0736829 0.074055
41 0.0693214 0.0696605
42 0.0646862 0.0649912
43 0.0597958 0.0600653
44 0.0546694 0.0549024
45 0.0493273 0.0495229
46 0.0437904 0.0439478
47 0.0380808 0.0381994
48 0.0322208 0.0323002
49 0.0262337 0.0262735
50 0.0201431 0.0201431
51 0.013973 0.0139332
52 0.00774771 0.00766837
53 0.00149186 0.00137325
54 -0.00476987 -0.0049273
55 -0.0110128 -0.0112084
56 -0.0172122 -0.0174453
57 -0.0233437 -0.0236133
58 -0.0293831 -0.0296881
59 -0.0353066 -0.0356458
60 -0.0410907 -0.0414627
61 -0.0467126 -0.0471161
62 -0.0521502 -0.0525835
63 -0.0573819 -0.0578434
64 -0.0623872 -0.062875
65 -0.0671463 -0.0676584
66 -0.0716404 -0.0721749
67 -0.0758518 -0.0764065
68 -0.0797638 -0.0803365
69 -0.083361 -0.0839495
70 -0.0866292 -0.0872312
71 -0.0895555 -0.0901687
72 -0.0921284 -0.0927503
73 -0.0943378 -0.0949658
74 -0.0961748 -0.0968065
75 -0.0976322 -0.0982652
76 -0.0987044 -0.0993361
77 -0.099387 -0.100015
78 -0.0996773 -0.100299
79 -0.0995743 -0.100187
80 -0.0990783 -0.0996804
81 -0.0981913 -0.0987799
82 -0.0969168 -0.0974896
83 -0.0952598 -0.0958145
84 -0.0932268 -0.0937613
85 -0.090826 -0.0913381
86 -0.0880666 -0.0885544
87 -0.0849597 -0.0854212
88 -0.0815176 -0.0819509
89 -0.0777537 -0.0781572
90 -0.0736829 -0.074055
91 -0.0693214 -0.0696605
92 -0.0646862 -0.0649912
93 -0.0597958 -0.0600653
94 -0.0546694 -0.0549024
95 -0.0493273 -0.0495229
96 -0.0437904 -0.0439478
97 -0.0380808 -0.0381994
98 -0.0322208 -0.0323002
99 -0.0262337 -0.0262735
100 -0.0201431 -0.0201431
101 -0.013973 -0.0139332
102 -0.00774771 -0.00766837
103 -0.00149186 -0.00137325
104 0.00476987 0.0049273
105 0.0110128 0.0112084
106 0.0172122 0.0174453
107 0.0233437 0.0236133
108 0.0293831 0.0296881
109 0.0353066 0.0356458
110 0.0410907 0.0414627
111 0.0467126 0.0471161
112 0.0521502 0.0525835
113 0.0573819 0.0578434
114 0.0623872 0.062875
115 0.0671463 0.0676584
116 0.0716404 0.0721749
117 0.0758518 0.0764065
118 0.0797638 0.0803365
119 0.083361 0.0839495
120 0.0866292 0.0872312
121 0.0895555 0.0901687
122 0.0921284 0.0927503
123 0.0943378 0.0949658
124 0.0961748 0.0968065
125 0.0976322 0.0982652
126 0.0987044 0.0993361
127 0.099387 0.100015
128 0.0996773 0.100299
129 0.0995743 0.100187
130 0.0990783 0.0996804
131 0.0981913 0.0987799
132 0.0969168 0.0974896
133 0.0952598 0.0958145
134 0.0932268 0.0937613
135 0.090826 0.0913381
136 0.0880666 0.0885544
137 0.0849597 0.0854212
138 0.0815176 0.0819509
139 0.0777537 0.0781572
140 0.0736829 0.074055
141 0.0693214 0.0696605
142 0.0646862 0.0649912
143 0.0597958 0.0600653
144 0.0546694 0.0549024
145 0.0493273 0.0495229
146 0.0437904 0.0439478
147 0.0380808 0.0381994
148 0.0322208 0.0323002
149 0.0262337 0.0262735
150 0.0201431 0.0201431
151 0.013973 0.0139332
152 0.00774771 0.00766837
153 0.00149186 0.00137325
154 -0.00476987 -0.0049273
155 -0.0110128 -0.0112084
156 -0.0172122 -0.0174453
157 -0.0233437 -0.0236133
158 -0.0293831 -0.0296881
159 -0.0353066 -0.0356458
160 -0.0410907 -0.0414627
161 -0.0467126 -0.0471161
162 -0.0521502 -0.0525835
163 -0.0573819 -0.0578434
164 -0.0623872 -0.062875
165 -0.0671463 -0.0676584
166 -0.0716404 -0.0721749
167 -0.0758518 -0.0764065
168 -0.0797638 -0.0803365
169 -0.083361 -0.0839495
170 -0.0866292 -0.0872312
171 -0.0895555 -0.0901687
172 -0.0921284 -0.0927503
173 -0.0943378 -0.0949658
174 -0.0961748 -0.0968065
175 -0.0976322 -0.0982652
176 -0.0987044 -0.0993361
177 -0.099387 -0.100015
178 -0.0996773 -0.100299
179 -0.0995743 -0.100187
180 -0.0990783 -0.0996804
181 -0.0981913 -0.0987799
182 -0.0969168 -0.0974896
183 -0.0952598 -0.0958145
184 -0.0932268 -0.0937613
185 -0.090826 -0.0913381
186 -0.0880666 -0.0885544
187 -0.0849597 -0.0854212
188 -0.0815176 -0.0819509
189 -0.0777537 -0.0781572
190 -0.0736829 -0.074055
191 -0.0693214 -0.0696605
192 -0.0646862 -0.0649912
193 -0.0597958 -0.0600653
194 -0.0546694 -0.0549024
195 -0.0493273 -0.0495229
196 -0.0437904 -0.0439478
197 -0.0380808 -0.0381994
198 -0.0322208 -0.0323002
199 -0.0262337 -0.0262735
200 -0.0201431 -0.0201431
201 -0.013973 -0.0139332
202 -0.00774771 -0.00766837
203 -0.00149186 -0.00137325
204 0.00476987 0.0049273
205 0.0110128 0.0112084
206 0.0172122 0.0174453
207 0.0233437 0.0236133
208 0.0293831 0.0296881
209 0.0353066 0.0356458
210 0.0410907 0.0414627
211 0.0467126 0.0471161
212 0.0521502 0.0525835
213 0.0573819 0.0578434
214 0.0623872 0.062875
215 0.0671463 0.0676584
216 0.0716404 0.0721749
217 0.0758518 0.0764065
218 0.0797638 0.0803365
219 0.083361 0.0839495
220 0.0866292 0.0872312
221 0.0895555 0.0901687
222 0.0921284 0.0927503
223 0.0943378 0.0949658
224 0.0961748 0.0968065
225 0.0976322 0.0982652
226 0.0987044 0.0993361
227 0.099387 0.100015
228 0.0996773 0.100299
229 0.0995743 0.100187
230 0.0990783 0.0996804
231 0.0981913 0.0987799
232 0.0969168 0.0974896
233 0.0952598 0.0958145
234 0.0932268 0.0937613
235 0.090826 0.0913381
236 0.0880666 0.0885544
237 0.0849597 0.0854212
238 0.0815176 0.0819509
239 0.0777537 0.0781572
240 0.0736829 0.074055
241 0.0693214 0.0696605
242 0.0646862 0.0649912
243 0.0597958 0.0600653
244 0.0546694 0.0549024
245 0.0493273 0.0495229
246 0.0437904 0.0439478
247 0.0380808 0.0381994
248 0.0322208 0.0323002
249 0.0262337 0.0262735
250 0.0201431 0.0201431
251 0.013973 0.0139332
252 0.00774771 0.00766837
253 0.00149186 0.00137325
254 -0.00476987 -0.0049273
255 -0.0110128 -0.0112084
256 -0.0172122 -0.0174453
257 -0.0233437 -0.0236133
258 -0.0293831 -0.0296881
259 -0.0353066 -0.0356458
260 -0.0410907 -0.0414627
261 -0.0467126 -0.0471161
262 -0.0521502 -0.0525835
263 -0.0573819 -0.0578434
264 -0.0623872 -0.062875
265 -0.0671463 -0.0676584
266 -0.0716404 -0.0721749
267 -0.0758518 -0.0764065
268 -0.0797638 -0.0803365
269 -0.083361 -0.0839495
270 -0.0866292 -0.0872312
271 -0.0895555 -0.0901687
272 -0.0921284 -0.0927503
273 -0.0943378 -0.0949658
274 -0.0961748 -0.0968065
275 -0.0976322 -0.0982652
276 -0.0987044 -0.0993361
277 -0.099387 -0.100015
278 -0.0996773 -0.100299
279 -0.0995743 -0.100187
280 -0.0990783 -0.0996804
281 -0.0981913 -0.0987799
282 -0.0969168 -0.0974896
283 -0.0952598 -0.0958145
284 -0.0932268 -0.0937613
285 -0.090826 -0.0913381
286 -0.0880666 -0.0885544
287 -0.0849597 -0.0854212
288 -0.0815176 -0.0819509
289 -0.0777537 -0.0781572
290 -0.0736829 -0.074055
291 -0.0693214 -0.0696605
292 -0.0646862 -0.0649912
293 -0.0597958 -0.0600653
294 -0.0546694 -0.0549024
295 -0.0493273 -0.0495229
296 -0.0437904 -0.0439478
297 -0.0380808 -0.0381994
298 -0.0322208 -0.0323002
299 -0.0262337 -0.0262735
300 -0.0201431 -0.0201431
301 -0.013973 -0.0139332
302 -0.00774771 -0.00766837
303 -0.00149186 -0.00137325
304 0.00476987 0.0049273
305 0.0110128 0.0112084
306 0.0172122 0.0174453
307 0.0233437 0.0236133
308 0.0293831 0.0296881
309 0.0353066 0.0356458
310 0.0410907 0.0414627
311 0.0467126 0.0471161
312 0.0521502 0.0525835
313 0.0573819 0.0578434
314 0.0623872 0.062875
315 0.0671463 0.0676584
316 0.0716404 0.0721749
317 0.0758518 0.0764065
318 0.0797638 0.0803365
319 0.083361 0.0839495
320 0.0866292 0.0872312
321 0.0895555 0.0901687
322 0.0921284 0.0927503
323 0.0943378 0.0949658
324 0.0961748 0.0968065
325 0.0976322 0.0982652
326 0.0987044 0.0993361
327 0.099387 0.100015
328 0.0996773 0.100299
329 0.0995743 0.100187
330 0.0990783 0.0996804
331 0.0981913 0.0987799
332 0.0969168 0.0974896
333 0.0952598 0.0958145
334 0.0932268 0.0937613
335 0.090826 0.0913381
336 0.0880666 0.0885544
337 0.0849597 0.0854212
338 0.0815176 0.0819509
339 0.0777537 0.0781572
340 0.0736829 0.074055
341 0.0693214 0.0696605
342 0.0646862 0.0649912
343 0.0597958 0.0600653
344 0.0546694 0.0549024
345 0.0493273 0.0495229
346 0.0437904 0.0439478
347 0.0380808 0.0381994
348 0.0322208 0.0323002
349 0.0262337 0.0262735
350 0.0201431 0.0201431
351 0.013973 0.0139332
352 0.00774771 0.00766837
353 0.00149186 0.00137325
354 -0.00476987 -0.0049273
355 -0.0110128 -0.0112084
356 -0.0172122 -0.0174453
357 -0.0233437 -0.0236133
358 -0.0293831 -0.0296881
359 -0.0353066 -0.0356458
360 -0.0410907 -0.0414627
361 -0.0467126 -0.0471161
362 -0.0521502 -0.0525835
363 -0.0573819 -0.0578434
364 -0.0623872 -0.062875
365 -0.0671463 -0.0676584
366 -0.0716404 -0.0721749
367 -0.0758518 -0.0764065
368 -0.0797638 -0.0803365
369 -0.083361 -0.0839495
370 -0.0866292 -0.0872312
371 -0.0895555 -0.0901687
372 -0.0921284 -0.0927503
373 -0.0943378 -0.0949658
374 -0.0961748 -0.0968065
375 -0.0976322 -0.0982652
376 -0.0987044 -0.0993361
377 -0.099387 -0.100015
378 -0.0996773 -0.100299
379 -0.0995743 -0.100187
380 -0.0990783 -0.0996804
381 -0.0981913 -0.0987799
382 -0.0969168 -0.0974896
383 -0.0952598 -0.0958145
384 -0.0932268 -0.0937613
385 -0.090826 -0.0913381
386 -0.0880666 -0.0885544
387 -0.0849597 -0.0854212
388 -0.0815176 -0.0819509
389 -0.0777537 -0.0781572
390 -0.0736829 -0.074055
391 -0.0693214 -0.0696605
392 -0.0646862 -0.0649912
393 -0.0597958 -0.0600653
394 -0.0546694 -0.0549024
395 -0.0493273 -0.0495229
396 -0.0437904 -0.0439478
397 -0.0380808 -0.0381994
398 -0.0322208 -0.0323002
399 -0.0262337 -0.0262735
400 -0.0201431 -0.0201431
401 -0.013973 -0.0139332
402 -0.00774771 -0.00766837
403 -0.00149186 -0.00137325
404 0.00476987 0.0049273
405 0.0110128 0.0112084
406 0.0172122 0.0174453
407 0.0233437 0.0236133
408 0.0293831 0.0296881
409 0.0353066 0.0356458
410 0.0410907 0.0414627
411 0.0467126 0.0471161
412 0.0521502 0.0525835
413 0.0573819 0.0578434
414 0.0623872 0.062875
415 0.0671463 0.0676584
416 0.0716404 0.0721749
417 0.0758518 0.0764065
418 0.0797638 0.0803365
419 0.083361 0.0839495
420 0.0866292 0.0872312
421 0.0895555 0.0901687
422 0.0921284 0.0927503
423 0.0943378 0.0949658
424 0.0961748 0.0968065
425 0.0976322 0.0982652
426 0.0987044 0.0993361
427 0.099387 0.100015
428 0.0996773 0.100299
429 0.0995743 0.100187
430 0.0990783 0.0996804
431 0.0981913 0.0987799
432 0.0969168 0.0974896
433 0.0952598 0.0958145
434 0.0932268 0.0937613
435 0.090826 0.0913381
436 0.0880666 0.0885544
437 0.0849597 0.0854212
438 0.0815176 0.0819509
439 0.0777537 0.0781572
440 0.0736829 0.074055
441 0.0693214 0.0696605
442 0.0646862 0.0649912
443 0.0597958 0.0600653
444 0.0546694 0.0549024
445 0.0493273 0.0495229
446 0.0437904 0.0439478
447 0.0380808 0.0381994
448 0.0322208 0.0323002
449 0.0262337 0.0262735
450 0.0201431 0.0201431
451 0.013973 0.0139332
452 0.00774771 0.00766837
453 0.00149186 0.00137325
454 -0.00476987 -0.0049273
455 -0.0110128 -0.0112084
456 -0.0172122 -0.0174453
457 -0.0233437 -0.0236133
458 -0.0293831 -0.0296881
459 -0.0353066 -0.0356458
460 -0.0410907 -0.0414627
461 -0.0467126 -0.0471161
462 -0.0521502 -0.0525835
463 -0.0573819 -0.0578434
464 -0.0623872 -0.062875
465 -0.0671463 -0.0676584
466 -0.0716404 -0.0721749
467 -0.0758518 -0.0764065
468 -0.0797638 -0.0803365
469 -0.083361 -0.0839495
470 -0.0866292 -0.0872312
471 -0.0895555 -0.0901687
472 -0.0921284 -0.0927503
473 -0.0943378 -0.0949658
474 -0.0961748 -0.0968065
475 -0.0976322 -0.0982652
476 -0.0987044 -0.0993361
477 -0.099387 -0.100015
478 -0.0996773 -0.100299
479 -0.0995743 -0.100187
480 -0.0990783 -0.0996804
481 -0.0981913 -0.0987799
482 -0.0969168 -0.0974896
483 -0.0952598 -0.0958145
484 -0.0932268 -0.0937613
485 -0.090826 -0.0913381
486 -0.0880666 -0.0885544
487 -0.0849597 -0.0854212
488 -0.0815176 -0.0819509
489 -0.0777537 -0.0781572
490 -0.0736829 -0.074055
491 -0.0693214 -0.0696605
492 -0.0646862 -0.0649912
493 -0.0597958 -0.0600653
494 -0.0546694 -0.0549024
495 -0.0493273 -0.0495229
496 -0.0437904 -0.0439478
497 -0.0380808 -0.0381994
498 -0.0322208 -0.0323002
499 -0.0262337 -0.0262735
500 -0.0201431 -0.0201431
501 -0.013973 -0.0139332
502 -0.00774771 -0.00766837
503 -0.00149186 -0.00137325
504 0.00476987 0.0049273
505 0.0110128 0.0112084
506 0.0172122 0.0174453
507 0.0233437 0.0236133
508 0.0293831 0.0296881
509 0.0353066 0.0356458
510 0.0410907 0.0414627
511 0.0467126 0.0471161
512 0.0521502 0.0525835
513 0.0573819 0.0578434
514 0.0623872 0.062875
515 0.0671463 0.0676584
516 0.0716404 0.0721749
517 0.0758518 0.0764065
518 0.0797638 0.0803365
519 0.083361 0.0839495
520 0.0866292 0.0872312
521 0.0895555 0.0901687
522 0.0921284 0.0927503
523 0.0943378 0.0949658
524 0.0961748 0.0968065
525 0.0976322 0.0982652
526 0.0987044 0.0993361
527 0.099387 0.100015
528 0.0996773 0.100299
529 0.0995743 0.100187
530 0.0990783 0.0996804
531 0.0981913 0.0987799
532 0.0969168 0.0974896
533 0.0952598 0.0958145
534 0.0932268 0.0937613
535 0.090826 0.0913381
536 0.0880666 0.0885544
537 0.0849597 0.0854212
538 0.0815176 0.0819509
539 0.0777537 0.0781572
540 0.0736829 0.074055
541 0.0693214 0.0696605
542 0.0646862 0.0649912
543 0.0597958 0.0600653
544 0.0546694 0.0549024
545 0.0493273 0.0495229
546 0.0437904 0.0439478
547 0.0380808 0.0381994
548 0.0322208 0.0323002
549 0.0262337 0.0262735
550 0.0201431 0.0201431
551 0.013973 0.0139332
552 0.00774771 0.00766837
553 0.00149186 0.00137325
554 -0.00476987 -0.0049273
555 -0.0110128 -0.0112084
556 -0.0172122 -0.0174453
557 -0.0233437 -0.0236133
558 -0.0293831 -0.0296881
559 -0.0353066 -0.0356458
560 -0.0410907 -0.0414627
561 -0.0467126 -0.0471161
562 -0.0521502 -0.0525835
563 -0.0573819 -0.0578434
564 -0.0623872 -0.062875
565 -0.0671463 -0.0676584
566 -0.0716404 -0.0721749
567 -0.0758518 -0.0764065
568 -0.0797638 -0.0803365
569 -0.083361 -0.0839495
570 -0.0866292 -0.0872312
571 -0.0895555 -0.0901687
572 -0.0921284 -0.0927503
573 -0.0943378 -0.0949658
574 -0.0961748 -0.0968065
575 -0.0976322 -0.0982652
576 -0.0987044 -0.0993361
577 -0.099387 -0.100015
578 -0.0996773 -0.100299
579 -0.0995743 -0.100187
580 -0.0990783 -0.0996804
581 -0.0981913 -0.0987799
582 -0.0969168 -0.0974896
583 -0.0952598 -0.0958145
584 -0.0932268 -0.0937613
585 -0.090826 -0.0913381
586 -0.0880666 -0.0885544
587 -0.0849597 -0.0854212
588 -0.0815176 -0.0819509
589 -0.0777537 -0.0781572
590 -0.0736829 -0.074055
591 -0.0693214 -0.0696605
592 -0.0646862 -0.0649912
593 -0.0597958 -0.0600653
594 -0.0546694 -0.0549024
595 -0.0493273 -0.0495229
596 -0.0437904 -0.0439478
597 -0.0380808 -0.0381994
598 -0.0322208 -0.0323002
599 -0.0262337 -0.0262735
600 -0.0201431 -0.0201431
601 -0.013973 -0.0139332
602 -0.00774771 -0.00766837
603 -0.00149186 -0.00137325
604 0.00476987 0.0049273
605 0.0110128 0.0112084
606 0.0172122 0.0174453
607 0.0233437 0.0236133
608 0.0293831 0.0296881
609 0.0353066 0.0356458
610 0.0410907 0.0414627
611 0.0467126 0.0471161
612 0.0521502 0.0525835
613 0.0573819 0.0578434
614 0.0623872 0.062875
615 0.0671463 0.0676584
616 0.0716404 0.0721749
617 0.0758518 0.0764065
618 0.0797638 0.0803365
619 0.083361 0.0839495
620 0.0866292 0.0872312
621 0.0895555 0.0901687
622 0.0921284 0.0927503
623 0.0943378 0.0949658
624 0.0961748 0.0968065
625 0.0976322 0.0982652
626 0.0987044 0.0993361
627 0.099387 0.100015
628 0.0996773 0.100299
629 0.0995743 0.100187
630 0.0990783 0.0996804
631 0.0981913 0.0987799
632 0.0969168 0.0974896
633 0.0952598 0.0958145
634 0.0932268 0.0937613
635 0.090826 0.0913381
636 0.0880666 0.0885544
637 0.0849597 0.0854212
638 0.0815176 0.0819509
639 0.0777537 0.0781572
640 0.0736829 0.074055
641 0.0693214 0.0696605
642 0.0646862 0.0649912
643 0.0597958 0.0600653
644 0.0546694 0.0549024
645 0.0493273 0.0495229
646 0.0437904 0.0439478
647 0.0380808 0.0381994
648 0.0322208 0.0323002
649 0.0262337 0.0262735
650 0.0201431 0.0201431
651 0.013973 0.0139332
652 0.00774771 0.00766837
653 0.00149186 0.00137325
654 -0.00476987 -0.0049273
655 -0.0110128 -0.0112084
656 -0.0172122 -0.0174453
657 -0.0233437 -0.0236133
658 -0.0293831 -0.0296881
659 -0.0353066 -0.0356458
660 -0.0410907 -0.0414627
661 -0.0467126 -0.0471161
662 -0.0521502 -0.0525835
663 -0.0573819 -0.0578434
664 -0.0623872 -0.062875
665 -0.0671463 -0.0676584
666 -0.0716404 -0.0721749
667 -0.0758518 -0.0764065
668 -0.0797638 -0.0803365
669 -0.083361 -0.0839495
670 -0.0866292 -0.0872312
671 -0.0895555 -0.0901687
672 -0.0921284 -0.0927503
673 -0.0943378 -0.0949658
674 -0.0961748 -0.0968065
675 -0.0976322 -0.0982652
676 -0.0987044 -0.0993361
677 -0.099387 -0.100015
678 -0.0996773 -0.100299
679 -0.0995743 -0.100187
680 -0.0990783 -0.0996804
681 -0.0981913 -0.0987799
682 -0.0969168 -0.0974896
683 -0.0952598 -0.0958145
684 -0.0932268 -0.0937613
685 -0.090826 -0.0913381
686 -0.0880666 -0.0885544
687 -0.0849597 -0.0854212
688 -0.0815176 -0.0819509
689 -0.0777537 -0.0781572
690 -0.0736829 -0.074055
691 -0.0693214 -0.0696605
692 -0.0646862 -0.0649912
693 -0.0597958 -0.0600653
694 -0.0546694 -0.0549024
695 -0.0493273 -0.0495229
696 -0.0437904 -0.0439478
697 -0.0380808 -0.0381994
698 -0.0322208 -0.0323002
699 -0.0262337 -0.0262735
700 -0.0201431 -0.0201431
701 -0.013973 -0.0139332
702 -0.00774771 -0.00766837
703 -0.00149186 -0.00137325
704 0.00476987 0.0049273
705 0.0110128 0.0112084
706 0.0172122 0.0174453
707 0.0233437 0.0236133
708 0.0293831 0.0296881
709 0.0353066 0.0356458
710 0.0410907 0.0414627
711 0.0467126 0.0471161
712 0.0521502 0.0525835
713 0.0573819 0.0578434
714 0.0623872 0.062875
715 0.0671463 0.0676584
716 0.0716404 0.0721749
717 0.0758518 0.0764065
718 0.0797638 0.0803365
719 0.083361 0.0839495
720 0.0866292 0.0872312
721 0.0895555 0.0901687
722 0.0921284 0.0927503
723 0.0943378 0.0949658
724 0.0961748 0.0968065
725 0.0976322 0.0982652
726 0.0987044 0.0993361
727 0.099387 0.100015
728 0.0996773 0.100299
729 0.0995743 0.100187
730 0.0990783 0.0996804
731 0.0981913 0.0987799
732 0.0969168 0.0974896
733 0.0952598 0.0958145
734 0.0932268 0.0937613
735 0.090826 0.0913381
736 0.0880666 0.0885544
737 0.0849597 0.0854212
738 0.0815176 0.0819509
739 0.0777537 0.0781572
740 0.0736829 0.074055
741 0.0693214 0.0696605
742 0.0646862 0.0649912
743 0.0597958 0.0600653
744 0.0546694 0.0549024
745 0.0493273 0.0495229
746 0.0437904 0.0439478
747 0.0380808 0.0381994
748 0.0322208 0.0323002
749 0.0262337 0.0262735
750 0.0201431 0.0201431
751 0.013973 0.0139332
752 0.00774771 0.00766837
753 0.00149186 0.00137325
754 -0.00476987 -0.0049273
755 -0.0110128 -0.0112084
756 -0.0172122 -0.0174453
757 -0.0233437 -0.0236133
758 -0.0293831 -0.0296881
759 -0.0353066 -0.0356458
760 -0.0410907 -0.0414627
761 -0.0467126 -0.0471161
762 -0.0521502 -0.0525835
763 -0.0573819 -0.0578434
764 -0.0623872 -0.062875
765 -0.0671463 -0.0676584
766 -0.0716404 -0.0721749
767 -0.0758518 -0.0764065
768 -0.0797638 -0.0803365
769 -0.083361 -0.0839495
770 -0.0866292 -0.0872312
771 -0.0895555 -0.0901687
772 -0.0921284 -0.0927503
773 -0.0943378 -0.0949658
774 -0.0961748 -0.0968065
775 -0.0976322 -0.0982652
776 -0.0987044 -0.0993361
777 -0.099387 -0.100015
778 -0.0996773 -0.100299
779 -0.0995743 -0.100187
780 -0.0990783 -0.0996804
781 -0.0981913 -0.0987799
782 -0.0969168 -0.0974896
783 -0.0952598 -0.0958145
784 -0.0932268 -0.0937613
785 -0.090826 -0.0913381
786 -0.0880666 -0.0885544
787 -0.0849597 -0.0854212
788 -0.0815176 -0.0819509
789 -0.0777537 -0.0781572
790 -0.0736829 -0.074055
791 -0.0693214 -0.0696605
792 -0.0646862 -0.0649912
793 -0.0597958 -0.0600653
794 -0.0546694 -0.0549024
795 -0.0493273 -0.0495229
796 -0.0437904 -0.0439478
797 -0.0380808 -0.0381994
798 -0.0322208 -0.0323002
799 -0.0262337 -0.0262735
800 -0.0201431 -0.0201431
801 -0.013973 -0.0139332
802 -0.00774771 -0.00766837
803 -0.00149186 -0.00137325
804 0.00476987 0.0049273
805 0.0110128 0.0112084
806 0.0172122 0.0174453
807 0.0233437 0.0236133
808 0.0293831 0.0296881
809 0.0353066 0.0356458
810 0.0410907 0.0414627
811 0.0467126 0.0471161
812 0.0521502 0.0525835
813 0.0573819 0.0578434
814 0.0623872 0.062875
815 0.0671463 0.0676584
816 0.0716404 0.0721749
817 0.0758518 0.0764065
818 0.0797638 0.0803365
819 0.083361 0.0839495
820 0.0866292 0.0872312
821 0.0895555 0.0901687
822 0.0921284 0.0927503
823 0.0943378 0.0949658
824 0.0961748 0.0968065
825 0.0976322 0.0982652
826 0.0987044 0.0993361
827 0.099387 0.100015
828 0.0996773 0.100299
829 0.0995743 0.100187
830 0.0990783 0.0996804
831 0.0981913 0.0987799
832 0.0969168 0.0974896
833 0.0952598 0.0958145
834 0.0932268 0.0937613
835 0.090826 0.0913381
836 0.0880666 0.0885544
837 0.0849597 0.0854212
838 0.0815176 0.0819509
839 0.0777537 0.0781572
840 0.0736829 0.074055
841 0.0693214 0.0696605
842 0.0646862 0.0649912
843 0.0597958 0.0600653
844 0.0546694 0.0549024
845 0.0493273 0.0495229
846 0.0437904 0.0439478
847 0.0380808 0.0381994
848 0.0322208 0.0323002
849 0.0262337 0.0262735
850 0.0201431 0.0201431
851 0.013973 0.0139332
852 0.00774771 0.00766837
853 0.00149186 0.00137325
854 -0.00476987 -0.0049273
855 -0.0110128 -0.0112084
856 -0.0172122 -0.0174453
857 -0.0233437 -0.0236133
858 -0.0293831 -0.0296881
859 -0.0353066 -0.0356458
860 -0.0410907 -0.0414627
861 -0.0467126 -0.0471161
862 -0.0521502 -0.0525835
863 -0.0573819 -0.0578434
864 -0.0623872 -0.062875
865 -0.0671463 -0.0676584
866 -0.0716404 -0.0721749
867 -0.0758518 -0.0764065
868 -0.0797638 -0.0803365
869 -0.083361 -0.0839495
870 -0.0866292 -0.0872312
871 -0.0895555 -0.0901687
872 -0.0921284 -0.0927503
873 -0.0943378 -0.0949658
874 -0.0961748 -0.0968065
875 -0.0976322 -0.0982652
876 -0.0987044 -0.0993361
877 -0.099387 -0.100015
878 -0.0996773 -0.100299
879 -0.0995743 -0.100187
880 -0.0990783 -0.0996804
881 -0.0981913 -0.0987799
882 -0.0969168 -0.0974896
883 -0.0952598 -0.0958145
884 -0.0932268 -0.0937613
885 -0.090826 -0.0913381
886 -0.0880666 -0.0885544
887 -0.0849597 -0.0854212
888 -0.0815176 -0.0819509
889 -0.0777537 -0.0781572
890 -0.0736829 -0.074055
891 -0.0693214 -0.0696605
892 -0.0646862 -0.0649912
893 -0.0597958 -0.0600653
894 -0.0546694 -0.0549024
895 -0.0493273 -0.0495229
896 -0.0437904 -0.0439478
897 -0.0380808 -0.0381994
898 -0.0322208 -0.0323002
899 -0.0262337 -0.0262735
900 -0.0201431 -0.0201431
901 -0.013973 -0.0139332
902 -0.00774771 -0.00766837
903 -0.00149186 -0.00137325
904 0.00476987 0.0049273
905 0.0110128 0.0112084
906 0.0172122 0.0174453
907 0.0233437 0.0236133
908 0.0293831 0.0296881
909 0.0353066 0.0356458
910 0.0410907 0.0414627
911 0.0467126 0.0471161
912 0.0521502 0.0525835
913 0.0573819 0.0578434
914 0.0623872 0.062875
915 0.0671463 0.0676584
916 0.0716404 0.0721749
917 0.0758518 0.0764065
918 0.0797638 0.0803365
919 0.083361 0.0839495
920 0.0866292 0.0872312
921 0.0895555 0.0901687
922 0.0921284 0.0927503
923 0.0943378 0.0949658
924 0.0961748 0.0968065
925 0.0976322 0.0982652
926 0.0987044 0.0993361
927 0.099387 0.100015
928 0.0996773 0.100299
929 0.0995743 0.100187
930 0.0990783 0.0996804
931 0.0981913 0.0987799
932 0.0969168 0.0974896
933 0.0952598 0.0958145
934 0.0932268 0.0937613
935 0.090826 0.0913381
936 0.0880666 0.0885544
937 0.0849597 0.0854212
938 0.0815176 0.0819509
939 0.0777537 0.0781572
940 0.0736829 0.074055
941 0.0693214 0.0696605
942 0.0646862 0.0649912
943 0.0597958 0.0600653
944 0.0546694 0.0549024
945 0.0493273 0.0495229
946 0.0437904 0.0439478
947 0.0380808 0.0381994
948 0.0322208 0.0323002
949 0.0262337 0.0262735
950 0.0201431 0.0201431
951 0.013973 0.0139332
952 0.00774771 0.00766837
953 0.00149186 0.00137325
954 -0.00476987 -0.0049273
955 -0.0110128 -0.0112084
956 -0.0172122 -0.0174453
957 -0.0233437 -0.0236133
958 -0.0293831 -0.0296881
959 -0.0353066 -0.0356458
960 -0.0410907 -0.0414627
961 -0.0467126 -0.0471161
962 -0.0521502 -0.0525835
963 -0.0573819 -0.0578434
964 -0.0623872 -0.062875
965 -0.0671463 -0.0676584
966 -0.0716404 -0.0721749
967 -0.0758518 -0.0764065
968 -0.0797638 -0.0803365
969 -0.083361 -0.0839495
970 -0.0866292 -0.0872312
971 -0.0895555 -0.0901687
972 -0.0921284 -0.0927503
973 -0.0943378 -0.0949658
974 -0.0961748 -0.0968065
975 -0.0976322 -0.0982652
976 -0.0987044 -0.0993361
977 -0.099387 -0.100015
978 -0.0996773 -0.100299
979 -0.0995743 -0.100187
980 -0.0990783 -0.0996804
981 -0.0981913 -0.0987799
982 -0.0969168 -0.0974896
983 -0.0952598 -0.0958145
984 -0.0932268 -0.0937613
985 -0.090826 -0.0913381
986 -0.0880666 -0.0885544
987 -0.0849597 -0.0854212
988 -0.0815176 -0.0819509
989 -0.0777537 -0.0781572
990 -0.0736829 -0.074055
991 -0.0693214 -0.0696605
992 -0.0646862 -0.0649912
993 -0.0597958 -0.0600653
994 -0.0546694 -0.0549024
995 -0.0493273 -0.0495229
996 -0.0437904 -0.0439478
997 -0.0380808 -0.0381994
998 -0.0322208 -0.0323002
999 -0.0262337 -0.0262735
