0 0.0677072 0.0677072
1 0.0722598 0.0721262
2 0.0765273 0.0762606
3 0.0804927 0.080094
4 0.0841404 0.0836113
5 0.0874561 0.0867986
6 0.0904266 0.0896433
7 0.0930403 0.0921343
8 0.0952868 0.0942617
9 0.0971572 0.0960171
10 0.0986442 0.0973935
11 0.0997418 0.0983855
12 0.100446 0.0989893
13 0.100754 0.0992024
14 0.100664 0.099024
15 0.100176 0.0984548
16 0.0992936 0.0974971
17 0.0980191 0.0961545
18 0.0963578 0.0944325
19 0.0943162 0.0923378
20 0.0919024 0.0898787
21 0.0891259 0.0870649
22 0.0859976 0.0839075
23 0.0825299 0.0804189
24 0.0787366 0.076613
25 0.0746325 0.0725047
26 0.0702338 0.0681102
27 0.065558 0.063447
28 0.0606234 0.0585333
29 0.0554496 0.0533887
30 0.050057 0.0480334
31 0.0444668 0.0424884
32 0.0387011 0.0367759
33 0.0327827 0.0309181
34 0.0267349 0.0249384
35 0.0205816 0.0188602
36 0.0143471 0.0127076
37 0.00805593 0.00650484
38 0.00173298 0.000276413
39 -0.0045968 -0.0059531
40 -0.0109084 -0.0121591
41 -0.017177 -0.0183172
42 -0.0233778 -0.0244029
43 -0.0294864 -0.0303924
44 -0.0354786 -0.0362618
45 -0.0413307 -0.0419882
46 -0.0470198 -0.0475489
47 -0.0525232 -0.0529219
48 -0.0578194 -0.0580861
49 -0.0628874 -0.063021
50 -0.0677072 -0.0677072
51 -0.0722598 -0.0721262
52 -0.0765273 -0.0762606
53 -0.0804927 -0.080094
54 -0.0841404 -0.0836113
55 -0.0874561 -0.0867986
56 -0.0904266 -0.0896433
57 -0.0930403 -0.0921343
58 -0.0952868 -0.0942617
59 -0.0971572 -0.0960171
60 -0.0986442 -0.0973935
61 -0.0997418 -0.0983855
62 -0.100446 -0.0989893
63 -0.100754 -0.0992024
64 -0.100664 -0.099024
65 -0.100176 -0.0984548
66 -0.0992936 -0.0974971
67 -0.0980191 -0.0961545
68 -0.0963578 -0.0944325
69 -0.0943162 -0.0923378
70 -0.0919024 -0.0898787
71 -0.0891259 -0.0870649
72 -0.0859976 -0.0839075
73 -0.0825299 -0.0804189
74 -0.0787366 -0.076613
75 -0.0746325 -0.0725047
76 -0.0702338 -0.0681102
77 -0.065558 -0.063447
78 -0.0606234 -0.0585333
79 -0.0554496 -0.0533887
80 -0.050057 -0.0480334
81 -0.0444668 -0.0424884
82 -0.0387011 -0.0367759
83 -0.0327827 -0.0309181
84 -0.0267349 -0.0249384
85 -0.0205816 -0.0188602
86 -0.0143471 -0.0127076
87 -0.00805593 -0.00650484
88 -0.00173298 -0.000276413
89 0.0045968 0.0059531
90 0.0109084 0.0121591
91 0.017177 0.0183172
92 0.0233778 0.0244029
93 0.0294864 0.0303924
94 0.0354786 0.0362618
95 0.0413307 0.0419882
96 0.0470198 0.0475489
97 0.0525232 0.0529219
98 0.0578194 0.0580861
99 0.0628874 0.063021
100 0.0677072 0.0677072
101 0.0722598 0.0721262
102 0.0765273 0.0762606
103 0.0804927 0.080094
104 0.0841404 0.0836113
105 0.0874561 0.0867986
106 0.0904266 0.0896433
107 0.0930403 0.0921343
108 0.0952868 0.0942617
109 0.0971572 0.0960171
110 0.0986442 0.0973935
111 0.0997418 0.0983855
112 0.100446 0.0989893
113 0.100754 0.0992024
114 0.100664 0.099024
115 0.100176 0.0984548
116 0.0992936 0.0974971
117 0.0980191 0.0961545
118 0.0963578 0.0944325
119 0.0943162 0.0923378
120 0.0919024 0.0898787
121 0.0891259 0.0870649
122 0.0859976 0.0839075
123 0.0825299 0.0804189
124 0.0787366 0.076613
125 0.0746325 0.0725047
126 0.0702338 0.0681102
127 0.065558 0.063447
128 0.0606234 0.0585333
129 0.0554496 0.0533887
130 0.050057 0.0480334
131 0.0444668 0.0424884
132 0.0387011 0.0367759
133 0.0327827 0.0309181
134 0.0267349 0.0249384
135 0.0205816 0.0188602
136 0.0143471 0.0127076
137 0.00805593 0.00650484
138 0.00173298 0.000276413
139 -0.0045968 -0.0059531
140 -0.0109084 -0.0121591
141 -0.017177 -0.0183172
142 -0.0233778 -0.0244029
143 -0.0294864 -0.0303924
144 -0.0354786 -0.0362618
145 -0.0413307 -0.0419882
146 -0.0470198 -0.0475489
147 -0.0525232 -0.0529219
148 -0.0578194 -0.0580861
149 -0.0628874 -0.063021
150 -0.0677072 -0.0677072
151 -0.0722598 -0.0721262
152 -0.0765273 -0.0762606
153 -0.0804927 -0.080094
154 -0.0841404 -0.0836113
155 -0.0874561 -0.0867986
156 -0.0904266 -0.0896433
157 -0.0930403 -0.0921343
158 -0.0952868 -0.0942617
159 -0.0971572 -0.0960171
160 -0.0986442 -0.0973935
161 -0.0997418 -0.0983855
162 -0.100446 -0.0989893
163 -0.100754 -0.0992024
164 -0.100664 -0.099024
165 -0.100176 -0.0984548
166 -0.0992936 -0.0974971
167 -0.0980191 -0.0961545
168 -0.0963578 -0.0944325
169 -0.0943162 -0.0923378
170 -0.0919024 -0.0898787
171 -0.0891259 -0.0870649
172 -0.0859976 -0.0839075
173 -0.0825299 -0.0804189
174 -0.0787366 -0.076613
175 -0.0746325 -0.0725047
176 -0.0702338 -0.0681102
177 -0.065558 -0.063447
178 -0.0606234 -0.0585333
179 -0.0554496 -0.0533887
180 -0.050057 -0.0480334
181 -0.0444668 -0.0424884
182 -0.0387011 -0.0367759
183 -0.0327827 -0.0309181
184 -0.0267349 -0.0249384
185 -0.0205816 -0.0188602
186 -0.0143471 -0.0127076
187 -0.00805593 -0.00650484
188 -0.00173298 -0.000276413
189 0.0045968 0.0059531
190 0.0109084 0.0121591
191 0.017177 0.0183172
192 0.0233778 0.0244029
193 0.0294864 0.0303924
194 0.0354786 0.0362618
195 0.0413307 0.0419882
196 0.0470198 0.0475489
197 0.0525232 0.0529219
198 0.0578194 0.0580861
199 0.0628874 0.063021
200 0.0677072 0.0677072
201 0.0722598 0.0721262
202 0.0765273 0.0762606
203 0.0804927 0.080094
204 0.0841404 0.0836113
205 0.0874561 0.0867986
206 0.0904266 0.0896433
207 0.0930403 0.0921343
208 0.0952868 0.0942617
209 0.0971572 0.0960171
210 0.0986442 0.0973935
211 0.0997418 0.0983855
212 0.100446 0.0989893
213 0.100754 0.0992024
214 0.100664 0.099024
215 0.100176 0.0984548
216 0.0992936 0.0974971
217 0.0980191 0.0961545
218 0.0963578 0.0944325
219 0.0943162 0.0923378
220 0.0919024 0.0898787
221 0.0891259 0.0870649
222 0.0859976 0.0839075
223 0.0825299 0.0804189
224 0.0787366 0.076613
225 0.0746325 0.0725047
226 0.0702338 0.0681102
227 0.065558 0.063447
228 0.0606234 0.0585333
229 0.0554496 0.0533887
230 0.050057 0.0480334
231 0.0444668 0.0424884
232 0.0387011 0.0367759
233 0.0327827 0.0309181
234 0.0267349 0.0249384
235 0.0205816 0.0188602
236 0.0143471 0.0127076
237 0.00805593 0.00650484
238 0.00173298 0.000276413
239 -0.0045968 -0.0059531
240 -0.0109084 -0.0121591
241 -0.017177 -0.0183172
242 -0.0233778 -0.0244029
243 -0.0294864 -0.0303924
244 -0.0354786 -0.0362618
245 -0.0413307 -0.0419882
246 -0.0470198 -0.0475489
247 -0.0525232 -0.0529219
248 -0.0578194 -0.0580861
249 -0.0628874 -0.063021
250 -0.0677072 -0.0677072
251 -0.0722598 -0.0721262
252 -0.0765273 -0.0762606
253 -0.0804927 -0.080094
254 -0.0841404 -0.0836113
255 -0.0874561 -0.0867986
256 -0.0904266 -0.0896433
257 -0.0930403 -0.0921343
258 -0.0952868 -0.0942617
259 -0.0971572 -0.0960171
260 -0.0986442 -0.0973935
261 -0.0997418 -0.0983855
262 -0.100446 -0.0989893
263 -0.100754 -0.0992024
264 -0.100664 -0.099024
265 -0.100176 -0.0984548
266 -0.0992936 -0.0974971
267 -0.0980191 -0.0961545
268 -0.0963578 -0.0944325
269 -0.0943162 -0.0923378
270 -0.0919024 -0.0898787
271 -0.0891259 -0.0870649
272 -0.0859976 -0.0839075
273 -0.0825299 -0.0804189
274 -0.0787366 -0.076613
275 -0.0746325 -0.0725047
276 -0.0702338 -0.0681102
277 -0.065558 -0.063447
278 -0.0606234 -0.0585333
279 -0.0554496 -0.0533887
280 -0.050057 -0.0480334
281 -0.0444668 -0.0424884
282 -0.0387011 -0.0367759
283 -0.0327827 -0.0309181
284 -0.0267349 -0.0249384
285 -0.0205816 -0.0188602
286 -0.0143471 -0.0127076
287 -0.00805593 -0.00650484
288 -0.00173298 -0.000276413
289 0.0045968 0.0059531
290 0.0109084 0.0121591
291 0.017177 0.0183172
292 0.0233778 0.0244029
293 0.0294864 0.0303924
294 0.0354786 0.0362618
295 0.0413307 0.0419882
296 0.0470198 0.0475489
297 0.0525232 0.0529219
298 0.0578194 0.0580861
299 0.0628874 0.063021
300 0.0677072 0.0677072
301 0.0722598 0.0721262
302 0.0765273 0.0762606
303 0.0804927 0.080094
304 0.0841404 0.0836113
305 0.0874561 0.0867986
306 0.0904266 0.0896433
307 0.0930403 0.0921343
308 0.0952868 0.0942617
309 0.0971572 0.0960171
310 0.0986442 0.0973935
311 0.0997418 0.0983855
312 0.100446 0.0989893
313 0.100754 0.0992024
314 0.100664 0.099024
315 0.100176 0.0984548
316 0.0992936 0.0974971
317 0.0980191 0.0961545
318 0.0963578 0.0944325
319 0.0943162 0.0923378
320 0.0919024 0.0898787
321 0.0891259 0.0870649
322 0.0859976 0.0839075
323 0.0825299 0.0804189
324 0.0787366 0.076613
325 0.0746325 0.0725047
326 0.0702338 0.0681102
327 0.065558 0.063447
328 0.0606234 0.0585333
329 0.0554496 0.0533887
330 0.050057 0.0480334
331 0.0444668 0.0424884
332 0.0387011 0.0367759
333 0.0327827 0.0309181
334 0.0267349 0.0249384
335 0.0205816 0.0188602
336 0.0143471 0.0127076
337 0.00805593 0.00650484
338 0.00173298 0.000276413
339 -0.0045968 -0.0059531
340 -0.0109084 -0.0121591
341 -0.017177 -0.0183172
342 -0.0233778 -0.0244029
343 -0.0294864 -0.0303924
344 -0.0354786 -0.0362618
345 -0.0413307 -0.0419882
346 -0.0470198 -0.0475489
347 -0.0525232 -0.0529219
348 -0.0578194 -0.0580861
349 -0.0628874 -0.063021
350 -0.0677072 -0.0677072
351 -0.0722598 -0.0721262
352 -0.0765273 -0.0762606
353 -0.0804927 -0.080094
354 -0.0841404 -0.0836113
355 -0.0874561 -0.0867986
356 -0.0904266 -0.0896433
357 -0.0930403 -0.0921343
358 -0.0952868 -0.0942617
359 -0.0971572 -0.0960171
360 -0.0986442 -0.0973935
361 -0.0997418 -0.0983855
362 -0.100446 -0.0989893
363 -0.100754 -0.0992024
364 -0.100664 -0.099024
365 -0.100176 -0.0984548
366 -0.0992936 -0.0974971
367 -0.0980191 -0.0961545
368 -0.0963578 -0.0944325
369 -0.0943162 -0.0923378
370 -0.0919024 -0.0898787
371 -0.0891259 -0.0870649
372 -0.0859976 -0.0839075
373 -0.0825299 -0.0804189
374 -0.0787366 -0.076613
375 -0.0746325 -0.0725047
376 -0.0702338 -0.0681102
377 -0.065558 -0.063447
378 -0.0606234 -0.0585333
379 -0.0554496 -0.0533887
380 -0.050057 -0.0480334
381 -0.0444668 -0.0424884
382 -0.0387011 -0.0367759
383 -0.0327827 -0.0309181
384 -0.0267349 -0.0249384
385 -0.0205816 -0.0188602
386 -0.0143471 -0.0127076
387 -0.00805593 -0.00650484
388 -0.00173298 -0.000276413
389 0.0045968 0.0059531
390 0.0109084 0.0121591
391 0.017177 0.0183172
392 0.0233778 0.0244029
393 0.0294864 0.0303924
394 0.0354786 0.0362618
395 0.0413307 0.0419882
396 0.0470198 0.0475489
397 0.0525232 0.0529219
398 0.0578194 0.0580861
399 0.0628874 0.063021
400 0.0677072 0.0677072
401 0.0722598 0.0721262
402 0.0765273 0.0762606
403 0.0804927 0.080094
404 0.0841404 0.0836113
405 0.0874561 0.0867986
406 0.0904266 0.0896433
407 0.0930403 0.0921343
408 0.0952868 0.0942617
409 0.0971572 0.0960171
410 0.0986442 0.0973935
411 0.0997418 0.0983855
412 0.100446 0.0989893
413 0.100754 0.0992024
414 0.100664 0.099024
415 0.100176 0.0984548
416 0.0992936 0.0974971
417 0.0980191 0.0961545
418 0.0963578 0.0944325
419 0.0943162 0.0923378
420 0.0919024 0.0898787
421 0.0891259 0.0870649
422 0.0859976 0.0839075
423 0.0825299 0.0804189
424 0.0787366 0.076613
425 0.0746325 0.0725047
426 0.0702338 0.0681102
427 0.065558 0.063447
428 0.0606234 0.0585333
429 0.0554496 0.0533887
430 0.050057 0.0480334
431 0.0444668 0.0424884
432 0.0387011 0.0367759
433 0.0327827 0.0309181
434 0.0267349 0.0249384
435 0.0205816 0.0188602
436 0.0143471 0.0127076
437 0.00805593 0.00650484
438 0.00173298 0.000276413
439 -0.0045968 -0.0059531
440 -0.0109084 -0.0121591
441 -0.017177 -0.0183172
442 -0.0233778 -0.0244029
443 -0.0294864 -0.0303924
444 -0.0354786 -0.0362618
445 -0.0413307 -0.0419882
446 -0.0470198 -0.0475489
447 -0.0525232 -0.0529219
448 -0.0578194 -0.0580861
449 -0.0628874 -0.063021
450 -0.0677072 -0.0677072
451 -0.0722598 -0.0721262
452 -0.0765273 -0.0762606
453 -0.0804927 -0.080094
454 -0.0841404 -0.0836113
455 -0.0874561 -0.0867986
456 -0.0904266 -0.0896433
457 -0.0930403 -0.0921343
458 -0.0952868 -0.0942617
459 -0.0971572 -0.0960171
460 -0.0986442 -0.0973935
461 -0.0997418 -0.0983855
462 -0.100446 -0.0989893
463 -0.100754 -0.0992024
464 -0.100664 -0.099024
465 -0.100176 -0.0984548
466 -0.0992936 -0.0974971
467 -0.0980191 -0.0961545
468 -0.0963578 -0.0944325
469 -0.0943162 -0.0923378
470 -0.0919024 -0.0898787
471 -0.0891259 -0.0870649
472 -0.0859976 -0.0839075
473 -0.0825299 -0.0804189
474 -0.0787366 -0.076613
475 -0.0746325 -0.0725047
476 -0.0702338 -0.0681102
477 -0.065558 -0.063447
478 -0.0606234 -0.0585333
479 -0.0554496 -0.0533887
480 -0.050057 -0.0480334
481 -0.0444668 -0.0424884
482 -0.0387011 -0.0367759
483 -0.0327827 -0.0309181
484 -0.0267349 -0.0249384
485 -0.0205816 -0.0188602
486 -0.0143471 -0.0127076
487 -0.00805593 -0.00650484
488 -0.00173298 -0.000276413
489 0.0045968 0.0059531
490 0.0109084 0.0121591
491 0.017177 0.0183172
492 0.0233778 0.0244029
493 0.0294864 0.0303924
494 0.0354786 0.0362618
495 0.0413307 0.0419882
496 0.0470198 0.0475489
497 0.0525232 0.0529219
498 0.0578194 0.0580861
499 0.0628874 0.063021
500 0.0677072 0.0677072
501 0.0722598 0.0721262
502 0.0765273 0.0762606
503 0.0804927 0.080094
504 0.0841404 0.0836113
505 0.0874561 0.0867986
506 0.0904266 0.0896433
507 0.0930403 0.0921343
508 0.0952868 0.0942617
509 0.0971572 0.0960171
510 0.0986442 0.0973935
511 0.0997418 0.0983855
512 0.100446 0.0989893
513 0.100754 0.0992024
514 0.100664 0.099024
515 0.100176 0.0984548
516 0.0992936 0.0974971
517 0.0980191 0.0961545
518 0.0963578 0.0944325
519 0.0943162 0.0923378
520 0.0919024 0.0898787
521 0.0891259 0.0870649
522 0.0859976 0.0839075
523 0.0825299 0.0804189
524 0.0787366 0.076613
525 0.0746325 0.0725047
526 0.0702338 0.0681102
527 0.065558 0.063447
528 0.0606234 0.0585333
529 0.0554496 0.0533887
530 0.050057 0.0480334
531 0.0444668 0.0424884
532 0.0387011 0.0367759
533 0.0327827 0.0309181
534 0.0267349 0.0249384
535 0.0205816 0.0188602
536 0.0143471 0.0127076
537 0.00805593 0.00650484
538 0.00173298 0.000276413
539 -0.0045968 -0.0059531
540 -0.0109084 -0.0121591
541 -0.017177 -0.0183172
542 -0.0233778 -0.0244029
543 -0.0294864 -0.0303924
544 -0.0354786 -0.0362618
545 -0.0413307 -0.0419882
546 -0.0470198 -0.0475489
547 -0.0525232 -0.0529219
548 -0.0578194 -0.0580861
549 -0.0628874 -0.063021
550 -0.0677072 -0.0677072
551 -0.0722598 -0.0721262
552 -0.0765273 -0.0762606
553 -0.0804927 -0.080094
554 -0.0841404 -0.0836113
555 -0.0874561 -0.0867986
556 -0.0904266 -0.0896433
557 -0.0930403 -0.0921343
558 -0.0952868 -0.0942617
559 -0.0971572 -0.0960171
560 -0.0986442 -0.0973935
561 -0.0997418 -0.0983855
562 -0.100446 -0.0989893
563 -0.100754 -0.0992024
564 -0.100664 -0.099024
565 -0.100176 -0.0984548
566 -0.0992936 -0.0974971
567 -0.0980191 -0.0961545
568 -0.0963578 -0.0944325
569 -0.0943162 -0.0923378
570 -0.0919024 -0.0898787
571 -0.0891259 -0.0870649
572 -0.0859976 -0.0839075
573 -0.0825299 -0.0804189
574 -0.0787366 -0.076613
575 -0.0746325 -0.0725047
576 -0.0702338 -0.0681102
577 -0.065558 -0.063447
578 -0.0606234 -0.0585333
579 -0.0554496 -0.0533887
580 -0.050057 -0.0480334
581 -0.0444668 -0.0424884
582 -0.0387011 -0.0367759
583 -0.0327827 -0.0309181
584 -0.0267349 -0.0249384
585 -0.0205816 -0.0188602
586 -0.0143471 -0.0127076
587 -0.00805593 -0.00650484
588 -0.00173298 -0.000276413
589 0.0045968 0.0059531
590 0.0109084 0.0121591
591 0.017177 0.0183172
592 0.0233778 0.0244029
593 0.0294864 0.0303924
594 0.0354786 0.0362618
595 0.0413307 0.0419882
596 0.0470198 0.0475489
597 0.0525232 0.0529219
598 0.0578194 0.0580861
599 0.0628874 0.063021
600 0.0677072 0.0677072
601 0.0722598 0.0721262
602 0.0765273 0.0762606
603 0.0804927 0.080094
604 0.0841404 0.0836113
605 0.0874561 0.0867986
606 0.0904266 0.0896433
607 0.0930403 0.0921343
608 0.0952868 0.0942617
609 0.0971572 0.0960171
610 0.0986442 0.0973935
611 0.0997418 0.0983855
612 0.100446 0.0989893
613 0.100754 0.0992024
614 0.100664 0.099024
615 0.100176 0.0984548
616 0.0992936 0.0974971
617 0.0980191 0.0961545
618 0.0963578 0.0944325
619 0.0943162 0.0923378
620 0.0919024 0.0898787
621 0.0891259 0.0870649
622 0.0859976 0.0839075
623 0.0825299 0.0804189
624 0.0787366 0.076613
625 0.0746325 0.0725047
626 0.0702338 0.0681102
627 0.065558 0.063447
628 0.0606234 0.0585333
629 0.0554496 0.0533887
630 0.050057 0.0480334
631 0.0444668 0.0424884
632 0.0387011 0.0367759
633 0.0327827 0.0309181
634 0.0267349 0.0249384
635 0.0205816 0.0188602
636 0.0143471 0.0127076
637 0.00805593 0.00650484
638 0.00173298 0.000276413
639 -0.0045968 -0.0059531
640 -0.0109084 -0.0121591
641 -0.017177 -0.0183172
642 -0.0233778 -0.0244029
643 -0.0294864 -0.0303924
644 -0.0354786 -0.0362618
645 -0.0413307 -0.0419882
646 -0.0470198 -0.0475489
647 -0.0525232 -0.0529219
648 -0.0578194 -0.0580861
649 -0.0628874 -0.063021
650 -0.0677072 -0.0677072
651 -0.0722598 -0.0721262
652 -0.0765273 -0.0762606
653 -0.0804927 -0.080094
654 -0.0841404 -0.0836113
655 -0.0874561 -0.0867986
656 -0.0904266 -0.0896433
657 -0.0930403 -0.0921343
658 -0.0952868 -0.0942617
659 -0.0971572 -0.0960171
660 -0.0986442 -0.0973935
661 -0.0997418 -0.0983855
662 -0.100446 -0.0989893
663 -0.100754 -0.0992024
664 -0.100664 -0.099024
665 -0.100176 -0.0984548
666 -0.0992936 -0.0974971
667 -0.0980191 -0.0961545
668 -0.0963578 -0.0944325
669 -0.0943162 -0.0923378
670 -0.0919024 -0.0898787
671 -0.0891259 -0.0870649
672 -0.0859976 -0.0839075
673 -0.0825299 -0.0804189
674 -0.0787366 -0.076613
675 -0.0746325 -0.0725047
676 -0.0702338 -0.0681102
677 -0.065558 -0.063447
678 -0.0606234 -0.0585333
679 -0.0554496 -0.0533887
680 -0.050057 -0.0480334
681 -0.0444668 -0.0424884
682 -0.0387011 -0.0367759
683 -0.0327827 -0.0309181
684 -0.0267349 -0.0249384
685 -0.0205816 -0.0188602
686 -0.0143471 -0.0127076
687 -0.00805593 -0.00650484
688 -0.00173298 -0.000276413
689 0.0045968 0.0059531
690 0.0109084 0.0121591
691 0.017177 0.0183172
692 0.0233778 0.0244029
693 0.0294864 0.0303924
694 0.0354786 0.0362618
695 0.0413307 0.0419882
696 0.0470198 0.0475489
697 0.0525232 0.0529219
698 0.0578194 0.0580861
699 0.0628874 0.063021
700 0.0677072 0.0677072
701 0.0722598 0.0721262
702 0.0765273 0.0762606
703 0.0804927 0.080094
704 0.0841404 0.0836113
705 0.0874561 0.0867986
706 0.0904266 0.0896433
707 0.0930403 0.0921343
708 0.0952868 0.0942617
709 0.0971572 0.0960171
710 0.0986442 0.0973935
711 0.0997418 0.0983855
712 0.100446 0.0989893
713 0.100754 0.0992024
714 0.100664 0.099024
715 0.100176 0.0984548
716 0.0992936 0.0974971
717 0.0980191 0.0961545
718 0.0963578 0.0944325
719 0.0943162 0.0923378
720 0.0919024 0.0898787
721 0.0891259 0.0870649
722 0.0859976 0.0839075
723 0.0825299 0.0804189
724 0.0787366 0.076613
725 0.0746325 0.0725047
726 0.0702338 0.0681102
727 0.065558 0.063447
728 0.0606234 0.0585333
729 0.0554496 0.0533887
730 0.050057 0.0480334
731 0.0444668 0.0424884
732 0.0387011 0.0367759
733 0.0327827 0.0309181
734 0.0267349 0.0249384
735 0.0205816 0.0188602
736 0.0143471 0.0127076
737 0.00805593 0.00650484
738 0.00173298 0.000276413
739 -0.0045968 -0.0059531
740 -0.0109084 -0.0121591
741 -0.017177 -0.0183172
742 -0.0233778 -0.0244029
743 -0.0294864 -0.0303924
744 -0.0354786 -0.0362618
745 -0.0413307 -0.0419882
746 -0.0470198 -0.0475489
747 -0.0525232 -0.0529219
748 -0.0578194 -0.0580861
749 -0.0628874 -0.063021
750 -0.0677072 -0.0677072
751 -0.0722598 -0.0721262
752 -0.0765273 -0.0762606
753 -0.0804927 -0.080094
754 -0.0841404 -0.0836113
755 -0.0874561 -0.0867986
756 -0.0904266 -0.0896433
757 -0.0930403 -0.0921343
758 -0.0952868 -0.0942617
759 -0.0971572 -0.0960171
760 -0.0986442 -0.0973935
761 -0.0997418 -0.0983855
762 -0.100446 -0.0989893
763 -0.100754 -0.0992024
764 -0.100664 -0.099024
765 -0.100176 -0.0984548
766 -0.0992936 -0.0974971
767 -0.0980191 -0.0961545
768 -0.0963578 -0.0944325
769 -0.0943162 -0.0923378
770 -0.0919024 -0.0898787
771 -0.0891259 -0.0870649
772 -0.0859976 -0.0839075
773 -0.0825299 -0.0804189
774 -0.0787366 -0.076613
775 -0.0746325 -0.0725047
776 -0.0702338 -0.0681102
777 -0.065558 -0.063447
778 -0.0606234 -0.0585333
779 -0.0554496 -0.0533887
780 -0.050057 -0.0480334
781 -0.0444668 -0.0424884
782 -0.0387011 -0.0367759
783 -0.0327827 -0.0309181
784 -0.0267349 -0.0249384
785 -0.0205816 -0.0188602
786 -0.0143471 -0.0127076
787 -0.00805593 -0.00650484
788 -0.00173298 -0.000276413
789 0.0045968 0.0059531
790 0.0109084 0.0121591
791 0.017177 0.0183172
792 0.0233778 0.0244029
793 0.0294864 0.0303924
794 0.0354786 0.0362618
795 0.0413307 0.0419882
796 0.0470198 0.0475489
797 0.0525232 0.0529219
798 0.0578194 0.0580861
799 0.0628874 0.063021
800 0.0677072 0.0677072
801 0.0722598 0.0721262
802 0.0765273 0.0762606
803 0.0804927 0.080094
804 0.0841404 0.0836113
805 0.0874561 0.0867986
806 0.0904266 0.0896433
807 0.0930403 0.0921343
808 0.0952868 0.0942617
809 0.0971572 0.0960171
810 0.0986442 0.0973935
811 0.0997418 0.0983855
812 0.100446 0.0989893
813 0.100754 0.0992024
814 0.100664 0.099024
815 0.100176 0.0984548
816 0.0992936 0.0974971
817 0.0980191 0.0961545
818 0.0963578 0.0944325
819 0.0943162 0.0923378
820 0.0919024 0.0898787
821 0.0891259 0.0870649
822 0.0859976 0.0839075
823 0.0825299 0.0804189
824 0.0787366 0.076613
825 0.0746325 0.0725047
826 0.0702338 0.0681102
827 0.065558 0.063447
828 0.0606234 0.0585333
829 0.0554496 0.0533887
830 0.050057 0.0480334
831 0.0444668 0.0424884
832 0.0387011 0.0367759
833 0.0327827 0.0309181
834 0.0267349 0.0249384
835 0.0205816 0.0188602
836 0.0143471 0.0127076
837 0.00805593 0.00650484
838 0.00173298 0.000276413
839 -0.0045968 -0.0059531
840 -0.0109084 -0.0121591
841 -0.017177 -0.0183172
842 -0.0233778 -0.0244029
843 -0.0294864 -0.0303924
844 -0.0354786 -0.0362618
845 -0.0413307 -0.0419882
846 -0.0470198 -0.0475489
847 -0.0525232 -0.0529219
848 -0.0578194 -0.0580861
849 -0.0628874 -0.063021
850 -0.0677072 -0.0677072
851 -0.0722598 -0.0721262
852 -0.0765273 -0.0762606
853 -0.0804927 -0.080094
854 -0.0841404 -0.0836113
855 -0.0874561 -0.0867986
856 -0.0904266 -0.0896433
857 -0.0930403 -0.0921343
858 -0.0952868 -0.0942617
859 -0.0971572 -0.0960171
860 -0.0986442 -0.0973935
861 -0.0997418 -0.0983855
862 -0.100446 -0.0989893
863 -0.100754 -0.0992024
864 -0.100664 -0.099024
865 -0.100176 -0.0984548
866 -0.0992936 -0.0974971
867 -0.0980191 -0.0961545
868 -0.0963578 -0.0944325
869 -0.0943162 -0.0923378
870 -0.0919024 -0.0898787
871 -0.0891259 -0.0870649
872 -0.0859976 -0.0839075
873 -0.0825299 -0.0804189
874 -0.0787366 -0.076613
875 -0.0746325 -0.0725047
876 -0.0702338 -0.0681102
877 -0.065558 -0.063447
878 -0.0606234 -0.0585333
879 -0.0554496 -0.0533887
880 -0.050057 -0.0480334
881 -0.0444668 -0.0424884
882 -0.0387011 -0.0367759
883 -0.0327827 -0.0309181
884 -0.0267349 -0.0249384
885 -0.0205816 -0.0188602
886 -0.0143471 -0.0127076
887 -0.00805593 -0.00650484
888 -0.00173298 -0.000276413
889 0.0045968 0.0059531
890 0.0109084 0.0121591
891 0.017177 0.0183172
892 0.0233778 0.0244029
893 0.0294864 0.0303924
894 0.0354786 0.0362618
895 0.0413307 0.0419882
896 0.0470198 0.0475489
897 0.0525232 0.0529219
898 0.0578194 0.0580861
899 0.0628874 0.063021
900 0.0677072 0.0677072
901 0.0722598 0.0721262
902 0.0765273 0.0762606
903 0.0804927 0.080094
904 0.0841404 0.0836113
905 0.0874561 0.0867986
906 0.0904266 0.0896433
907 0.0930403 0.0921343
908 0.0952868 0.0942617
909 0.0971572 0.0960171
910 0.0986442 0.0973935
911 0.0997418 0.0983855
912 0.100446 0.0989893
913 0.100754 0.0992024
914 0.100664 0.099024
915 0.100176 0.0984548
916 0.0992936 0.0974971
917 0.0980191 0.0961545
918 0.0963578 0.0944325
919 0.0943162 0.0923378
920 0.0919024 0.0898787
921 0.0891259 0.0870649
922 0.0859976 0.0839075
923 0.0825299 0.0804189
924 0.0787366 0.076613
925 0.0746325 0.0725047
926 0.0702338 0.0681102
927 0.065558 0.063447
928 0.0606234 0.0585333
929 0.0554496 0.0533887
930 0.050057 0.0480334
931 0.0444668 0.0424884
932 0.0387011 0.0367759
933 0.0327827 0.0309181
934 0.0267349 0.0249384
935 0.0205816 0.0188602
936 0.0143471 0.0127076
937 0.00805593 0.00650484
938 0.00173298 0.000276413
939 -0.0045968 -0.0059531
940 -0.0109084 -0.0121591
941 -0.017177 -0.0183172
942 -0.0233778 -0.0244029
943 -0.0294864 -0.0303924
944 -0.0354786 -0.0362618
945 -0.0413307 -0.0419882
946 -0.0470198 -0.0475489
947 -0.0525232 -0.0529219
948 -0.0578194 -0.0580861
949 -0.0628874 -0.063021
950 -0.0677072 -0.0677072
951 -0.0722598 -0.0721262
952 -0.0765273 -0.0762606
953 -0.0804927 -0.080094
954 -0.0841404 -0.0836113
955 -0.0874561 -0.0867986
956 -0.0904266 -0.0896433
957 -0.0930403 -0.0921343
958 -0.0952868 -0.0942617
959 -0.0971572 -0.0960171
960 -0.0986442 -0.0973935
961 -0.0997418 -0.0983855
962 -0.100446 -0.0989893
963 -0.100754 -0.0992024
964 -0.100664 -0.099024
965 -0.100176 -0.0984548
966 -0.0992936 -0.0974971
967 -0.0980191 -0.0961545
968 -0.0963578 -0.0944325
969 -0.0943162 -0.0923378
970 -0.0919024 -0.0898787
971 -0.0891259 -0.0870649
972 -0.0859976 -0.0839075
973 -0.0825299 -0.0804189
974 -0.0787366 -0.076613
975 -0.0746325 -0.0725047
976 -0.0702338 -0.0681102
977 -0.065558 -0.063447
978 -0.0606234 -0.0585333
979 -0.0554496 -0.0533887
980 -0.050057 -0.0480334
981 -0.0444668 -0.0424884
982 -0.0387011 -0.0367759
983 -0.0327827 -0.0309181
984 -0.0267349 -0.0249384
985 -0.0205816 -0.0188602
986 -0.0143471 -0.0127076
987 -0.00805593 -0.00650484
988 -0.00173298 -0.000276413
989 0.0045968 0.0059531
990 0.0109084 0.0121591
991 0.017177 0.0183172
992 0.0233778 0.0244029
993 0.0294864 0.0303924
994 0.0354786 0.0362618
995 0.0413307 0.0419882
996 0.0470198 0.0475489
997 0.0525232 0.0529219
998 0.0578194 0.0580861
999 0.0628874 0.063021
