0 0.0792419 0.0792419
1 0.075336 0.0751797
2 0.0711328 0.0708207
3 0.0666489 0.0661823
4 0.061902 0.0612827
5 0.0569107 0.0561412
6 0.0516949 0.0507782
7 0.046275 0.0452147
8 0.0406725 0.0394728
9 0.0349095 0.0335752
10 0.0290088 0.027545
11 0.0229935 0.0214061
12 0.0168875 0.0151828
13 0.0107148 0.00889951
14 0.00449991 0.00258112
15 -0.00173279 -0.00374747
16 -0.00795865 -0.0100613
17 -0.0141531 -0.0163353
18 -0.0202917 -0.022545
19 -0.0263502 -0.0286656
20 -0.0323047 -0.0346731
21 -0.0381318 -0.0405438
22 -0.0438083 -0.0462545
23 -0.0493119 -0.0517826
24 -0.054621 -0.0571063
25 -0.0597145 -0.0622047
26 -0.0645723 -0.0670576
27 -0.0691752 -0.0716459
28 -0.0735052 -0.0759514
29 -0.0775451 -0.0799571
30 -0.0812789 -0.0836473
31 -0.084692 -0.0870074
32 -0.0877708 -0.0900241
33 -0.0905032 -0.0926855
34 -0.0928785 -0.0949811
35 -0.0948872 -0.0969019
36 -0.0965215 -0.0984402
37 -0.0977748 -0.0995901
38 -0.0986422 -0.100347
39 -0.0991204 -0.100708
40 -0.0992073 -0.100671
41 -0.0989027 -0.100237
42 -0.0982079 -0.0994076
43 -0.0971254 -0.0981857
44 -0.0956596 -0.0965763
45 -0.0938163 -0.0945858
46 -0.0916027 -0.092222
47 -0.0890277 -0.0894943
48 -0.0861013 -0.0864134
49 -0.082835 -0.0829914
50 -0.0792419 -0.0792419
51 -0.075336 -0.0751797
52 -0.0711328 -0.0708207
53 -0.0666489 -0.0661823
54 -0.061902 -0.0612827
55 -0.0569107 -0.0561412
56 -0.0516949 -0.0507782
57 -0.046275 -0.0452147
58 -0.0406725 -0.0394728
59 -0.0349095 -0.0335752
60 -0.0290088 -0.027545
61 -0.0229935 -0.0214061
62 -0.0168875 -0.0151828
63 -0.0107148 -0.00889951
64 -0.00449991 -0.00258112
65 0.00173279 0.00374747
66 0.00795865 0.0100613
67 0.0141531 0.0163353
68 0.0202917 0.022545
69 0.0263502 0.0286656
70 0.0323047 0.0346731
71 0.0381318 0.0405438
72 0.0438083 0.0462545
73 0.0493119 0.0517826
74 0.054621 0.0571063
75 0.0597145 0.0622047
76 0.0645723 0.0670576
77 0.0691752 0.0716459
78 0.0735052 0.0759514
79 0.0775451 0.0799571
80 0.0812789 0.0836473
81 0.084692 0.0870074
82 0.0877708 0.0900241
83 0.0905032 0.0926855
84 0.0928785 0.0949811
85 0.0948872 0.0969019
86 0.0965215 0.0984402
87 0.0977748 0.0995901
88 0.0986422 0.100347
89 0.0991204 0.100708
90 0.0992073 0.100671
91 0.0989027 0.100237
92 0.0982079 0.0994076
93 0.0971254 0.0981857
94 0.0956596 0.0965763
95 0.0938163 0.0945858
96 0.0916027 0.092222
97 0.0890277 0.0894943
98 0.0861013 0.0864134
99 0.082835 0.0829914
100 0.0792419 0.0792419
101 0.075336 0.0751797
102 0.0711328 0.0708207
103 0.0666489 0.0661823
104 0.061902 0.0612827
105 0.0569107 0.0561412
106 0.0516949 0.0507782
107 0.046275 0.0452147
108 0.0406725 0.0394728
109 0.0349095 0.0335752
110 0.0290088 0.027545
111 0.0229935 0.0214061
112 0.0168875 0.0151828
113 0.0107148 0.00889951
114 0.00449991 0.00258112
115 -0.00173279 -0.00374747
116 -0.00795865 -0.0100613
117 -0.0141531 -0.0163353
118 -0.0202917 -0.022545
119 -0.0263502 -0.0286656
120 -0.0323047 -0.0346731
121 -0.0381318 -0.0405438
122 -0.0438083 -0.0462545
123 -0.0493119 -0.0517826
124 -0.054621 -0.0571063
125 -0.0597145 -0.0622047
126 -0.0645723 -0.0670576
127 -0.0691752 -0.0716459
128 -0.0735052 -0.0759514
129 -0.0775451 -0.0799571
130 -0.0812789 -0.0836473
131 -0.084692 -0.0870074
132 -0.0877708 -0.0900241
133 -0.0905032 -0.0926855
134 -0.0928785 -0.0949811
135 -0.0948872 -0.0969019
136 -0.0965215 -0.0984402
137 -0.0977748 -0.0995901
138 -0.0986422 -0.100347
139 -0.0991204 -0.100708
140 -0.0992073 -0.100671
141 -0.0989027 -0.100237
142 -0.0982079 -0.0994076
143 -0.0971254 -0.0981857
144 -0.0956596 -0.0965763
145 -0.0938163 -0.0945858
146 -0.0916027 -0.092222
147 -0.0890277 -0.0894943
148 -0.0861013 -0.0864134
149 -0.082835 -0.0829914
150 -0.0792419 -0.0792419
151 -0.075336 -0.0751797
152 -0.0711328 -0.0708207
153 -0.0666489 -0.0661823
154 -0.061902 -0.0612827
155 -0.0569107 -0.0561412
156 -0.0516949 -0.0507782
157 -0.046275 -0.0452147
158 -0.0406725 -0.0394728
159 -0.0349095 -0.0335752
160 -0.0290088 -0.027545
161 -0.0229935 -0.0214061
162 -0.0168875 -0.0151828
163 -0.0107148 -0.00889951
164 -0.00449991 -0.00258112
165 0.00173279 0.00374747
166 0.00795865 0.0100613
167 0.0141531 0.0163353
168 0.0202917 0.022545
169 0.0263502 0.0286656
170 0.0323047 0.0346731
171 0.0381318 0.0405438
172 0.0438083 0.0462545
173 0.0493119 0.0517826
174 0.054621 0.0571063
175 0.0597145 0.0622047
176 0.0645723 0.0670576
177 0.0691752 0.0716459
178 0.0735052 0.0759514
179 0.0775451 0.0799571
180 0.0812789 0.0836473
181 0.084692 0.0870074
182 0.0877708 0.0900241
183 0.0905032 0.0926855
184 0.0928785 0.0949811
185 0.0948872 0.0969019
186 0.0965215 0.0984402
187 0.0977748 0.0995901
188 0.0986422 0.100347
189 0.0991204 0.100708
190 0.0992073 0.100671
191 0.0989027 0.100237
192 0.0982079 0.0994076
193 0.0971254 0.0981857
194 0.0956596 0.0965763
195 0.0938163 0.0945858
196 0.0916027 0.092222
197 0.0890277 0.0894943
198 0.0861013 0.0864134
199 0.082835 0.0829914
200 0.0792419 0.0792419
201 0.075336 0.0751797
202 0.0711328 0.0708207
203 0.0666489 0.0661823
204 0.061902 0.0612827
205 0.0569107 0.0561412
206 0.0516949 0.0507782
207 0.046275 0.0452147
208 0.0406725 0.0394728
209 0.0349095 0.0335752
210 0.0290088 0.027545
211 0.0229935 0.0214061
212 0.0168875 0.0151828
213 0.0107148 0.00889951
214 0.00449991 0.00258112
215 -0.00173279 -0.00374747
216 -0.00795865 -0.0100613
217 -0.0141531 -0.0163353
218 -0.0202917 -0.022545
219 -0.0263502 -0.0286656
220 -0.0323047 -0.0346731
221 -0.0381318 -0.0405438
222 -0.0438083 -0.0462545
223 -0.0493119 -0.0517826
224 -0.054621 -0.0571063
225 -0.0597145 -0.0622047
226 -0.0645723 -0.0670576
227 -0.0691752 -0.0716459
228 -0.0735052 -0.0759514
229 -0.0775451 -0.0799571
230 -0.0812789 -0.0836473
231 -0.084692 -0.0870074
232 -0.0877708 -0.0900241
233 -0.0905032 -0.0926855
234 -0.0928785 -0.0949811
235 -0.0948872 -0.0969019
236 -0.0965215 -0.0984402
237 -0.0977748 -0.0995901
238 -0.0986422 -0.100347
239 -0.0991204 -0.100708
240 -0.0992073 -0.100671
241 -0.0989027 -0.100237
242 -0.0982079 -0.0994076
243 -0.0971254 -0.0981857
244 -0.0956596 -0.0965763
245 -0.0938163 -0.0945858
246 -0.0916027 -0.092222
247 -0.0890277 -0.0894943
248 -0.0861013 -0.0864134
249 -0.082835 -0.0829914
250 -0.0792419 -0.0792419
251 -0.075336 -0.0751797
252 -0.0711328 -0.0708207
253 -0.0666489 -0.0661823
254 -0.061902 -0.0612827
255 -0.0569107 -0.0561412
256 -0.0516949 -0.0507782
257 -0.046275 -0.0452147
258 -0.0406725 -0.0394728
259 -0.0349095 -0.0335752
260 -0.0290088 -0.027545
261 -0.0229935 -0.0214061
262 -0.0168875 -0.0151828
263 -0.0107148 -0.00889951
264 -0.00449991 -0.00258112
265 0.00173279 0.00374747
266 0.00795865 0.0100613
267 0.0141531 0.0163353
268 0.0202917 0.022545
269 0.0263502 0.0286656
270 0.0323047 0.0346731
271 0.0381318 0.0405438
272 0.0438083 0.0462545
273 0.0493119 0.0517826
274 0.054621 0.0571063
275 0.0597145 0.0622047
276 0.0645723 0.0670576
277 0.0691752 0.0716459
278 0.0735052 0.0759514
279 0.0775451 0.0799571
280 0.0812789 0.0836473
281 0.084692 0.0870074
282 0.0877708 0.0900241
283 0.0905032 0.0926855
284 0.0928785 0.0949811
285 0.0948872 0.0969019
286 0.0965215 0.0984402
287 0.0977748 0.0995901
288 0.0986422 0.100347
289 0.0991204 0.100708
290 0.0992073 0.100671
291 0.0989027 0.100237
292 0.0982079 0.0994076
293 0.0971254 0.0981857
294 0.0956596 0.0965763
295 0.0938163 0.0945858
296 0.0916027 0.092222
297 0.0890277 0.0894943
298 0.0861013 0.0864134
299 0.082835 0.0829914
300 0.0792419 0.0792419
301 0.075336 0.0751797
302 0.0711328 0.0708207
303 0.0666489 0.0661823
304 0.061902 0.0612827
305 0.0569107 0.0561412
306 0.0516949 0.0507782
307 0.046275 0.0452147
308 0.0406725 0.0394728
309 0.0349095 0.0335752
310 0.0290088 0.027545
311 0.0229935 0.0214061
312 0.0168875 0.0151828
313 0.0107148 0.00889951
314 0.00449991 0.00258112
315 -0.00173279 -0.00374747
316 -0.00795865 -0.0100613
317 -0.0141531 -0.0163353
318 -0.0202917 -0.022545
319 -0.0263502 -0.0286656
320 -0.0323047 -0.0346731
321 -0.0381318 -0.0405438
322 -0.0438083 -0.0462545
323 -0.0493119 -0.0517826
324 -0.054621 -0.0571063
325 -0.0597145 -0.0622047
326 -0.0645723 -0.0670576
327 -0.0691752 -0.0716459
328 -0.0735052 -0.0759514
329 -0.0775451 -0.0799571
330 -0.0812789 -0.0836473
331 -0.084692 -0.0870074
332 -0.0877708 -0.0900241
333 -0.0905032 -0.0926855
334 -0.0928785 -0.0949811
335 -0.0948872 -0.0969019
336 -0.0965215 -0.0984402
337 -0.0977748 -0.0995901
338 -0.0986422 -0.100347
339 -0.0991204 -0.100708
340 -0.0992073 -0.100671
341 -0.0989027 -0.100237
342 -0.0982079 -0.0994076
343 -0.0971254 -0.0981857
344 -0.0956596 -0.0965763
345 -0.0938163 -0.0945858
346 -0.0916027 -0.092222
347 -0.0890277 -0.0894943
348 -0.0861013 -0.0864134
349 -0.082835 -0.0829914
350 -0.0792419 -0.0792419
351 -0.075336 -0.0751797
352 -0.0711328 -0.0708207
353 -0.0666489 -0.0661823
354 -0.061902 -0.0612827
355 -0.0569107 -0.0561412
356 -0.0516949 -0.0507782
357 -0.046275 -0.0452147
358 -0.0406725 -0.0394728
359 -0.0349095 -0.0335752
360 -0.0290088 -0.027545
361 -0.0229935 -0.0214061
362 -0.0168875 -0.0151828
363 -0.0107148 -0.00889951
364 -0.00449991 -0.00258112
365 0.00173279 0.00374747
366 0.00795865 0.0100613
367 0.0141531 0.0163353
368 0.0202917 0.022545
369 0.0263502 0.0286656
370 0.0323047 0.0346731
371 0.0381318 0.0405438
372 0.0438083 0.0462545
373 0.0493119 0.0517826
374 0.054621 0.0571063
375 0.0597145 0.0622047
376 0.0645723 0.0670576
377 0.0691752 0.0716459
378 0.0735052 0.0759514
379 0.0775451 0.0799571
380 0.0812789 0.0836473
381 0.084692 0.0870074
382 0.0877708 0.0900241
383 0.0905032 0.0926855
384 0.0928785 0.0949811
385 0.0948872 0.0969019
386 0.0965215 0.0984402
387 0.0977748 0.0995901
388 0.0986422 0.100347
389 0.0991204 0.100708
390 0.0992073 0.100671
391 0.0989027 0.100237
392 0.0982079 0.0994076
393 0.0971254 0.0981857
394 0.0956596 0.0965763
395 0.0938163 0.0945858
396 0.0916027 0.092222
397 0.0890277 0.0894943
398 0.0861013 0.0864134
399 0.082835 0.0829914
400 0.0792419 0.0792419
401 0.075336 0.0751797
402 0.0711328 0.0708207
403 0.0666489 0.0661823
404 0.061902 0.0612827
405 0.0569107 0.0561412
406 0.0516949 0.0507782
407 0.046275 0.0452147
408 0.0406725 0.0394728
409 0.0349095 0.0335752
410 0.0290088 0.027545
411 0.0229935 0.0214061
412 0.0168875 0.0151828
413 0.0107148 0.00889951
414 0.00449991 0.00258112
415 -0.00173279 -0.00374747
416 -0.00795865 -0.0100613
417 -0.0141531 -0.0163353
418 -0.0202917 -0.022545
419 -0.0263502 -0.0286656
420 -0.0323047 -0.0346731
421 -0.0381318 -0.0405438
422 -0.0438083 -0.0462545
423 -0.0493119 -0.0517826
424 -0.054621 -0.0571063
425 -0.0597145 -0.0622047
426 -0.0645723 -0.0670576
427 -0.0691752 -0.0716459
428 -0.0735052 -0.0759514
429 -0.0775451 -0.0799571
430 -0.0812789 -0.0836473
431 -0.084692 -0.0870074
432 -0.0877708 -0.0900241
433 -0.0905032 -0.0926855
434 -0.0928785 -0.0949811
435 -0.0948872 -0.0969019
436 -0.0965215 -0.0984402
437 -0.0977748 -0.0995901
438 -0.0986422 -0.100347
439 -0.0991204 -0.100708
440 -0.0992073 -0.100671
441 -0.0989027 -0.100237
442 -0.0982079 -0.0994076
443 -0.0971254 -0.0981857
444 -0.0956596 -0.0965763
445 -0.0938163 -0.0945858
446 -0.0916027 -0.092222
447 -0.0890277 -0.0894943
448 -0.0861013 -0.0864134
449 -0.082835 -0.0829914
450 -0.0792419 -0.0792419
451 -0.075336 -0.0751797
452 -0.0711328 -0.0708207
453 -0.0666489 -0.0661823
454 -0.061902 -0.0612827
455 -0.0569107 -0.0561412
456 -0.0516949 -0.0507782
457 -0.046275 -0.0452147
458 -0.0406725 -0.0394728
459 -0.0349095 -0.0335752
460 -0.0290088 -0.027545
461 -0.0229935 -0.0214061
462 -0.0168875 -0.0151828
463 -0.0107148 -0.00889951
464 -0.00449991 -0.00258112
465 0.00173279 0.00374747
466 0.00795865 0.0100613
467 0.0141531 0.0163353
468 0.0202917 0.022545
469 0.0263502 0.0286656
470 0.0323047 0.0346731
471 0.0381318 0.0405438
472 0.0438083 0.0462545
473 0.0493119 0.0517826
474 0.054621 0.0571063
475 0.0597145 0.0622047
476 0.0645723 0.0670576
477 0.0691752 0.0716459
478 0.0735052 0.0759514
479 0.0775451 0.0799571
480 0.0812789 0.0836473
481 0.084692 0.0870074
482 0.0877708 0.0900241
483 0.0905032 0.0926855
484 0.0928785 0.0949811
485 0.0948872 0.0969019
486 0.0965215 0.0984402
487 0.0977748 0.0995901
488 0.0986422 0.100347
489 0.0991204 0.100708
490 0.0992073 0.100671
491 0.0989027 0.100237
492 0.0982079 0.0994076
493 0.0971254 0.0981857
494 0.0956596 0.0965763
495 0.0938163 0.0945858
496 0.0916027 0.092222
497 0.0890277 0.0894943
498 0.0861013 0.0864134
499 0.082835 0.0829914
500 0.0792419 0.0792419
501 0.075336 0.0751797
502 0.0711328 0.0708207
503 0.0666489 0.0661823
504 0.061902 0.0612827
505 0.0569107 0.0561412
506 0.0516949 0.0507782
507 0.046275 0.0452147
508 0.0406725 0.0394728
509 0.0349095 0.0335752
510 0.0290088 0.027545
511 0.0229935 0.0214061
512 0.0168875 0.0151828
513 0.0107148 0.00889951
514 0.00449991 0.00258112
515 -0.00173279 -0.00374747
516 -0.00795865 -0.0100613
517 -0.0141531 -0.0163353
518 -0.0202917 -0.022545
519 -0.0263502 -0.0286656
520 -0.0323047 -0.0346731
521 -0.0381318 -0.0405438
522 -0.0438083 -0.0462545
523 -0.0493119 -0.0517826
524 -0.054621 -0.0571063
525 -0.0597145 -0.0622047
526 -0.0645723 -0.0670576
527 -0.0691752 -0.0716459
528 -0.0735052 -0.0759514
529 -0.0775451 -0.0799571
530 -0.0812789 -0.0836473
531 -0.084692 -0.0870074
532 -0.0877708 -0.0900241
533 -0.0905032 -0.0926855
534 -0.0928785 -0.0949811
535 -0.0948872 -0.0969019
536 -0.0965215 -0.0984402
537 -0.0977748 -0.0995901
538 -0.0986422 -0.100347
539 -0.0991204 -0.100708
540 -0.0992073 -0.100671
541 -0.0989027 -0.100237
542 -0.0982079 -0.0994076
543 -0.0971254 -0.0981857
544 -0.0956596 -0.0965763
545 -0.0938163 -0.0945858
546 -0.0916027 -0.092222
547 -0.0890277 -0.0894943
548 -0.0861013 -0.0864134
549 -0.082835 -0.0829914
550 -0.0792419 -0.0792419
551 -0.075336 -0.0751797
552 -0.0711328 -0.0708207
553 -0.0666489 -0.0661823
554 -0.061902 -0.0612827
555 -0.0569107 -0.0561412
556 -0.0516949 -0.0507782
557 -0.046275 -0.0452147
558 -0.0406725 -0.0394728
559 -0.0349095 -0.0335752
560 -0.0290088 -0.027545
561 -0.0229935 -0.0214061
562 -0.0168875 -0.0151828
563 -0.0107148 -0.00889951
564 -0.00449991 -0.00258112
565 0.00173279 0.00374747
566 0.00795865 0.0100613
567 0.0141531 0.0163353
568 0.0202917 0.022545
569 0.0263502 0.0286656
570 0.0323047 0.0346731
571 0.0381318 0.0405438
572 0.0438083 0.0462545
573 0.0493119 0.0517826
574 0.054621 0.0571063
575 0.0597145 0.0622047
576 0.0645723 0.0670576
577 0.0691752 0.0716459
578 0.0735052 0.0759514
579 0.0775451 0.0799571
580 0.0812789 0.0836473
581 0.084692 0.0870074
582 0.0877708 0.0900241
583 0.0905032 0.0926855
584 0.0928785 0.0949811
585 0.0948872 0.0969019
586 0.0965215 0.0984402
587 0.0977748 0.0995901
588 0.0986422 0.100347
589 0.0991204 0.100708
590 0.0992073 0.100671
591 0.0989027 0.100237
592 0.0982079 0.0994076
593 0.0971254 0.0981857
594 0.0956596 0.0965763
595 0.0938163 0.0945858
596 0.0916027 0.092222
597 0.0890277 0.0894943
598 0.0861013 0.0864134
599 0.082835 0.0829914
600 0.0792419 0.0792419
601 0.075336 0.0751797
602 0.0711328 0.0708207
603 0.0666489 0.0661823
604 0.061902 0.0612827
605 0.0569107 0.0561412
606 0.0516949 0.0507782
607 0.046275 0.0452147
608 0.0406725 0.0394728
609 0.0349095 0.0335752
610 0.0290088 0.027545
611 0.0229935 0.0214061
612 0.0168875 0.0151828
613 0.0107148 0.00889951
614 0.00449991 0.00258112
615 -0.00173279 -0.00374747
616 -0.00795865 -0.0100613
617 -0.0141531 -0.0163353
618 -0.0202917 -0.022545
619 -0.0263502 -0.0286656
620 -0.0323047 -0.0346731
621 -0.0381318 -0.0405438
622 -0.0438083 -0.0462545
623 -0.0493119 -0.0517826
624 -0.054621 -0.0571063
625 -0.0597145 -0.0622047
626 -0.0645723 -0.0670576
627 -0.0691752 -0.0716459
628 -0.0735052 -0.0759514
629 -0.0775451 -0.0799571
630 -0.0812789 -0.0836473
631 -0.084692 -0.0870074
632 -0.0877708 -0.0900241
633 -0.0905032 -0.0926855
634 -0.0928785 -0.0949811
635 -0.0948872 -0.0969019
636 -0.0965215 -0.0984402
637 -0.0977748 -0.0995901
638 -0.0986422 -0.100347
639 -0.0991204 -0.100708
640 -0.0992073 -0.100671
641 -0.0989027 -0.100237
642 -0.0982079 -0.0994076
643 -0.0971254 -0.0981857
644 -0.0956596 -0.0965763
645 -0.0938163 -0.0945858
646 -0.0916027 -0.092222
647 -0.0890277 -0.0894943
648 -0.0861013 -0.0864134
649 -0.082835 -0.0829914
650 -0.0792419 -0.0792419
651 -0.075336 -0.0751797
652 -0.0711328 -0.0708207
653 -0.0666489 -0.0661823
654 -0.061902 -0.0612827
655 -0.0569107 -0.0561412
656 -0.0516949 -0.0507782
657 -0.046275 -0.0452147
658 -0.0406725 -0.0394728
659 -0.0349095 -0.0335752
660 -0.0290088 -0.027545
661 -0.0229935 -0.0214061
662 -0.0168875 -0.0151828
663 -0.0107148 -0.00889951
664 -0.00449991 -0.00258112
665 0.00173279 0.00374747
666 0.00795865 0.0100613
667 0.0141531 0.0163353
668 0.0202917 0.022545
669 0.0263502 0.0286656
670 0.0323047 0.0346731
671 0.0381318 0.0405438
672 0.0438083 0.0462545
673 0.0493119 0.0517826
674 0.054621 0.0571063
675 0.0597145 0.0622047
676 0.0645723 0.0670576
677 0.0691752 0.0716459
678 0.0735052 0.0759514
679 0.0775451 0.0799571
680 0.0812789 0.0836473
681 0.084692 0.0870074
682 0.0877708 0.0900241
683 0.0905032 0.0926855
684 0.0928785 0.0949811
685 0.0948872 0.0969019
686 0.0965215 0.0984402
687 0.0977748 0.0995901
688 0.0986422 0.100347
689 0.0991204 0.100708
690 0.0992073 0.100671
691 0.0989027 0.100237
692 0.0982079 0.0994076
693 0.0971254 0.0981857
694 0.0956596 0.0965763
695 0.0938163 0.0945858
696 0.0916027 0.092222
697 0.0890277 0.0894943
698 0.0861013 0.0864134
699 0.082835 0.0829914
700 0.0792419 0.0792419
701 0.075336 0.0751797
702 0.0711328 0.0708207
703 0.0666489 0.0661823
704 0.061902 0.0612827
705 0.0569107 0.0561412
706 0.0516949 0.0507782
707 0.046275 0.0452147
708 0.0406725 0.0394728
709 0.0349095 0.0335752
710 0.0290088 0.027545
711 0.0229935 0.0214061
712 0.0168875 0.0151828
713 0.0107148 0.00889951
714 0.00449991 0.00258112
715 -0.00173279 -0.00374747
716 -0.00795865 -0.0100613
717 -0.0141531 -0.0163353
718 -0.0202917 -0.022545
719 -0.0263502 -0.0286656
720 -0.0323047 -0.0346731
721 -0.0381318 -0.0405438
722 -0.0438083 -0.0462545
723 -0.0493119 -0.0517826
724 -0.054621 -0.0571063
725 -0.0597145 -0.0622047
726 -0.0645723 -0.0670576
727 -0.0691752 -0.0716459
728 -0.0735052 -0.0759514
729 -0.0775451 -0.0799571
730 -0.0812789 -0.0836473
731 -0.084692 -0.0870074
732 -0.0877708 -0.0900241
733 -0.0905032 -0.0926855
734 -0.0928785 -0.0949811
735 -0.0948872 -0.0969019
736 -0.0965215 -0.0984402
737 -0.0977748 -0.0995901
738 -0.0986422 -0.100347
739 -0.0991204 -0.100708
740 -0.0992073 -0.100671
741 -0.0989027 -0.100237
742 -0.0982079 -0.0994076
743 -0.0971254 -0.0981857
744 -0.0956596 -0.0965763
745 -0.0938163 -0.0945858
746 -0.0916027 -0.092222
747 -0.0890277 -0.0894943
748 -0.0861013 -0.0864134
749 -0.082835 -0.0829914
750 -0.0792419 -0.0792419
751 -0.075336 -0.0751797
752 -0.0711328 -0.0708207
753 -0.0666489 -0.0661823
754 -0.061902 -0.0612827
755 -0.0569107 -0.0561412
756 -0.0516949 -0.0507782
757 -0.046275 -0.0452147
758 -0.0406725 -0.0394728
759 -0.0349095 -0.0335752
760 -0.0290088 -0.027545
761 -0.0229935 -0.0214061
762 -0.0168875 -0.0151828
763 -0.0107148 -0.00889951
764 -0.00449991 -0.00258112
765 0.00173279 0.00374747
766 0.00795865 0.0100613
767 0.0141531 0.0163353
768 0.0202917 0.022545
769 0.0263502 0.0286656
770 0.0323047 0.0346731
771 0.0381318 0.0405438
772 0.0438083 0.0462545
773 0.0493119 0.0517826
774 0.054621 0.0571063
775 0.0597145 0.0622047
776 0.0645723 0.0670576
777 0.0691752 0.0716459
778 0.0735052 0.0759514
779 0.0775451 0.0799571
780 0.0812789 0.0836473
781 0.084692 0.0870074
782 0.0877708 0.0900241
783 0.0905032 0.0926855
784 0.0928785 0.0949811
785 0.0948872 0.0969019
786 0.0965215 0.0984402
787 0.0977748 0.0995901
788 0.0986422 0.100347
789 0.0991204 0.100708
790 0.0992073 0.100671
791 0.0989027 0.100237
792 0.0982079 0.0994076
793 0.0971254 0.0981857
794 0.0956596 0.0965763
795 0.0938163 0.0945858
796 0.0916027 0.092222
797 0.0890277 0.0894943
798 0.0861013 0.0864134
799 0.082835 0.0829914
800 0.0792419 0.0792419
801 0.075336 0.0751797
802 0.0711328 0.0708207
803 0.0666489 0.0661823
804 0.061902 0.0612827
805 0.0569107 0.0561412
806 0.0516949 0.0507782
807 0.046275 0.0452147
808 0.0406725 0.0394728
809 0.0349095 0.0335752
810 0.0290088 0.027545
811 0.0229935 0.0214061
812 0.0168875 0.0151828
813 0.0107148 0.00889951
814 0.00449991 0.00258112
815 -0.00173279 -0.00374747
816 -0.00795865 -0.0100613
817 -0.0141531 -0.0163353
818 -0.0202917 -0.022545
819 -0.0263502 -0.0286656
820 -0.0323047 -0.0346731
821 -0.0381318 -0.0405438
822 -0.0438083 -0.0462545
823 -0.0493119 -0.0517826
824 -0.054621 -0.0571063
825 -0.0597145 -0.0622047
826 -0.0645723 -0.0670576
827 -0.0691752 -0.0716459
828 -0.0735052 -0.0759514
829 -0.0775451 -0.0799571
830 -0.0812789 -0.0836473
831 -0.084692 -0.0870074
832 -0.0877708 -0.0900241
833 -0.0905032 -0.0926855
834 -0.0928785 -0.0949811
835 -0.0948872 -0.0969019
836 -0.0965215 -0.0984402
837 -0.0977748 -0.0995901
838 -0.0986422 -0.100347
839 -0.0991204 -0.100708
840 -0.0992073 -0.100671
841 -0.0989027 -0.100237
842 -0.0982079 -0.0994076
843 -0.0971254 -0.0981857
844 -0.0956596 -0.0965763
845 -0.0938163 -0.0945858
846 -0.0916027 -0.092222
847 -0.0890277 -0.0894943
848 -0.0861013 -0.0864134
849 -0.082835 -0.0829914
850 -0.0792419 -0.0792419
851 -0.075336 -0.0751797
852 -0.0711328 -0.0708207
853 -0.0666489 -0.0661823
854 -0.061902 -0.0612827
855 -0.0569107 -0.0561412
856 -0.0516949 -0.0507782
857 -0.046275 -0.0452147
858 -0.0406725 -0.0394728
859 -0.0349095 -0.0335752
860 -0.0290088 -0.027545
861 -0.0229935 -0.0214061
862 -0.0168875 -0.0151828
863 -0.0107148 -0.00889951
864 -0.00449991 -0.00258112
865 0.00173279 0.00374747
866 0.00795865 0.0100613
867 0.0141531 0.0163353
868 0.0202917 0.022545
869 0.0263502 0.0286656
870 0.0323047 0.0346731
871 0.0381318 0.0405438
872 0.0438083 0.0462545
873 0.0493119 0.0517826
874 0.054621 0.0571063
875 0.0597145 0.0622047
876 0.0645723 0.0670576
877 0.0691752 0.0716459
878 0.0735052 0.0759514
879 0.0775451 0.0799571
880 0.0812789 0.0836473
881 0.084692 0.0870074
882 0.0877708 0.0900241
883 0.0905032 0.0926855
884 0.0928785 0.0949811
885 0.0948872 0.0969019
886 0.0965215 0.0984402
887 0.0977748 0.0995901
888 0.0986422 0.100347
889 0.0991204 0.100708
890 0.0992073 0.100671
891 0.0989027 0.100237
892 0.0982079 0.0994076
893 0.0971254 0.0981857
894 0.0956596 0.0965763
895 0.0938163 0.0945858
896 0.0916027 0.092222
897 0.0890277 0.0894943
898 0.0861013 0.0864134
899 0.082835 0.0829914
900 0.0792419 0.0792419
901 0.075336 0.0751797
902 0.0711328 0.0708207
903 0.0666489 0.0661823
904 0.061902 0.0612827
905 0.0569107 0.0561412
906 0.0516949 0.0507782
907 0.046275 0.0452147
908 0.0406725 0.0394728
909 0.0349095 0.0335752
910 0.0290088 0.027545
911 0.0229935 0.0214061
912 0.0168875 0.0151828
913 0.0107148 0.00889951
914 0.00449991 0.00258112
915 -0.00173279 -0.00374747
916 -0.00795865 -0.0100613
917 -0.0141531 -0.0163353
918 -0.0202917 -0.022545
919 -0.0263502 -0.0286656
920 -0.0323047 -0.0346731
921 -0.0381318 -0.0405438
922 -0.0438083 -0.0462545
923 -0.0493119 -0.0517826
924 -0.054621 -0.0571063
925 -0.0597145 -0.0622047
926 -0.0645723 -0.0670576
927 -0.0691752 -0.0716459
928 -0.0735052 -0.0759514
929 -0.0775451 -0.0799571
930 -0.0812789 -0.0836473
931 -0.084692 -0.0870074
932 -0.0877708 -0.0900241
933 -0.0905032 -0.0926855
934 -0.0928785 -0.0949811
935 -0.0948872 -0.0969019
936 -0.0965215 -0.0984402
937 -0.0977748 -0.0995901
938 -0.0986422 -0.100347
939 -0.0991204 -0.100708
940 -0.0992073 -0.100671
941 -0.0989027 -0.100237
942 -0.0982079 -0.0994076
943 -0.0971254 -0.0981857
944 -0.0956596 -0.0965763
945 -0.0938163 -0.0945858
946 -0.0916027 -0.092222
947 -0.0890277 -0.0894943
948 -0.0861013 -0.0864134
949 -0.082835 -0.0829914
950 -0.0792419 -0.0792419
951 -0.075336 -0.0751797
952 -0.0711328 -0.0708207
953 -0.0666489 -0.0661823
954 -0.061902 -0.0612827
955 -0.0569107 -0.0561412
956 -0.0516949 -0.0507782
957 -0.046275 -0.0452147
958 -0.0406725 -0.0394728
959 -0.0349095 -0.0335752
960 -0.0290088 -0.027545
961 -0.0229935 -0.0214061
962 -0.0168875 -0.0151828
963 -0.0107148 -0.00889951
964 -0.00449991 -0.00258112
965 0.00173279 0.00374747
966 0.00795865 0.0100613
967 0.0141531 0.0163353
968 0.0202917 0.022545
969 0.0263502 0.0286656
970 0.0323047 0.0346731
971 0.0381318 0.0405438
972 0.0438083 0.0462545
973 0.0493119 0.0517826
974 0.054621 0.0571063
975 0.0597145 0.0622047
976 0.0645723 0.0670576
977 0.0691752 0.0716459
978 0.0735052 0.0759514
979 0.0775451 0.0799571
980 0.0812789 0.0836473
981 0.084692 0.0870074
982 0.0877708 0.0900241
983 0.0905032 0.0926855
984 0.0928785 0.0949811
985 0.0948872 0.0969019
986 0.0965215 0.0984402
987 0.0977748 0.0995901
988 0.0986422 0.100347
989 0.0991204 0.100708
990 0.0992073 0.100671
991 0.0989027 0.100237
992 0.0982079 0.0994076
993 0.0971254 0.0981857
994 0.0956596 0.0965763
995 0.0938163 0.0945858
996 0.0916027 0.092222
997 0.0890277 0.0894943
998 0.0861013 0.0864134
999 0.082835 0.0829914
