0 0.0886309 0.0886309
1 0.0914473 0.0912724
2 0.0939028 0.0935537
3 0.0959877 0.0954658
4 0.0976938 0.0970011
5 0.0990143 0.0981536
6 0.0999441 0.0989187
7 0.100479 0.0992935
8 0.100618 0.0992764
9 0.10036 0.0988675
10 0.0997056 0.0980684
11 0.0986577 0.0968822
12 0.0972205 0.0953138
13 0.0953995 0.0933691
14 0.0932021 0.091056
15 0.0906369 0.0883835
16 0.087714 0.0853622
17 0.0844449 0.0820041
18 0.0808425 0.0783223
19 0.0769211 0.0743313
20 0.0726961 0.0700471
21 0.0681842 0.0654864
22 0.0634032 0.0606672
23 0.058372 0.0556086
24 0.0531105 0.0503306
25 0.0476393 0.0448539
26 0.0419801 0.0392003
27 0.0361552 0.0333919
28 0.0301877 0.0274517
29 0.024101 0.0214032
30 0.0179192 0.0152702
31 0.0116667 0.00907694
32 0.00536811 0.00284786
33 -0.000951635 -0.00339245
34 -0.00726763 -0.00961937
35 -0.0135549 -0.0158083
36 -0.0197888 -0.0219349
37 -0.0259445 -0.0279749
38 -0.0319978 -0.0339045
39 -0.0379248 -0.0397003
40 -0.0437022 -0.0453394
41 -0.0493071 -0.0507996
42 -0.0547174 -0.0560593
43 -0.0599118 -0.0610977
44 -0.0648697 -0.0658951
45 -0.0695716 -0.0704323
46 -0.073999 -0.0746917
47 -0.0781343 -0.0786562
48 -0.0819612 -0.0823103
49 -0.0854647 -0.0856396
50 -0.0886309 -0.0886309
51 -0.0914473 -0.0912724
52 -0.0939028 -0.0935537
53 -0.0959877 -0.0954658
54 -0.0976938 -0.0970011
55 -0.0990143 -0.0981536
56 -0.0999441 -0.0989187
57 -0.100479 -0.0992935
58 -0.100618 -0.0992764
59 -0.10036 -0.0988675
60 -0.0997056 -0.0980684
61 -0.0986577 -0.0968822
62 -0.0972205 -0.0953138
63 -0.0953995 -0.0933691
64 -0.0932021 -0.091056
65 -0.0906369 -0.0883835
66 -0.087714 -0.0853622
67 -0.0844449 -0.0820041
68 -0.0808425 -0.0783223
69 -0.0769211 -0.0743313
70 -0.0726961 -0.0700471
71 -0.0681842 -0.0654864
72 -0.0634032 -0.0606672
73 -0.058372 -0.0556086
74 -0.0531105 -0.0503306
75 -0.0476393 -0.0448539
76 -0.0419801 -0.0392003
77 -0.0361552 -0.0333919
78 -0.0301877 -0.0274517
79 -0.024101 -0.0214032
80 -0.0179192 -0.0152702
81 -0.0116667 -0.00907694
82 -0.00536811 -0.00284786
83 0.000951635 0.00339245
84 0.00726763 0.00961937
85 0.0135549 0.0158083
86 0.0197888 0.0219349
87 0.0259445 0.0279749
88 0.0319978 0.0339045
89 0.0379248 0.0397003
90 0.0437022 0.0453394
91 0.0493071 0.0507996
92 0.0547174 0.0560593
93 0.0599118 0.0610977
94 0.0648697 0.0658951
95 0.0695716 0.0704323
96 0.073999 0.0746917
97 0.0781343 0.0786562
98 0.0819612 0.0823103
99 0.0854647 0.0856396
100 0.0886309 0.0886309
101 0.0914473 0.0912724
102 0.0939028 0.0935537
103 0.0959877 0.0954658
104 0.0976938 0.0970011
105 0.0990143 0.0981536
106 0.0999441 0.0989187
107 0.100479 0.0992935
108 0.100618 0.0992764
109 0.10036 0.0988675
110 0.0997056 0.0980684
111 0.0986577 0.0968822
112 0.0972205 0.0953138
113 0.0953995 0.0933691
114 0.0932021 0.091056
115 0.0906369 0.0883835
116 0.087714 0.0853622
117 0.0844449 0.0820041
118 0.0808425 0.0783223
119 0.0769211 0.0743313
120 0.0726961 0.0700471
121 0.0681842 0.0654864
122 0.0634032 0.0606672
123 0.058372 0.0556086
124 0.0531105 0.0503306
125 0.0476393 0.0448539
126 0.0419801 0.0392003
127 0.0361552 0.0333919
128 0.0301877 0.0274517
129 0.024101 0.0214032
130 0.0179192 0.0152702
131 0.0116667 0.00907694
132 0.00536811 0.00284786
133 -0.000951635 -0.00339245
134 -0.00726763 -0.00961937
135 -0.0135549 -0.0158083
136 -0.0197888 -0.0219349
137 -0.0259445 -0.0279749
138 -0.0319978 -0.0339045
139 -0.0379248 -0.0397003
140 -0.0437022 -0.0453394
141 -0.0493071 -0.0507996
142 -0.0547174 -0.0560593
143 -0.0599118 -0.0610977
144 -0.0648697 -0.0658951
145 -0.0695716 -0.0704323
146 -0.073999 -0.0746917
147 -0.0781343 -0.0786562
148 -0.0819612 -0.0823103
149 -0.0854647 -0.0856396
150 -0.0886309 -0.0886309
151 -0.0914473 -0.0912724
152 -0.0939028 -0.0935537
153 -0.0959877 -0.0954658
154 -0.0976938 -0.0970011
155 -0.0990143 -0.0981536
156 -0.0999441 -0.0989187
157 -0.100479 -0.0992935
158 -0.100618 -0.0992764
159 -0.10036 -0.0988675
160 -0.0997056 -0.0980684
161 -0.0986577 -0.0968822
162 -0.0972205 -0.0953138
163 -0.0953995 -0.0933691
164 -0.0932021 -0.091056
165 -0.0906369 -0.0883835
166 -0.087714 -0.0853622
167 -0.0844449 -0.0820041
168 -0.0808425 -0.0783223
169 -0.0769211 -0.0743313
170 -0.0726961 -0.0700471
171 -0.0681842 -0.0654864
172 -0.0634032 -0.0606672
173 -0.058372 -0.0556086
174 -0.0531105 -0.0503306
175 -0.0476393 -0.0448539
176 -0.0419801 -0.0392003
177 -0.0361552 -0.0333919
178 -0.0301877 -0.0274517
179 -0.024101 -0.0214032
180 -0.0179192 -0.0152702
181 -0.0116667 -0.00907694
182 -0.00536811 -0.00284786
183 0.000951635 0.00339245
184 0.00726763 0.00961937
185 0.0135549 0.0158083
186 0.0197888 0.0219349
187 0.0259445 0.0279749
188 0.0319978 0.0339045
189 0.0379248 0.0397003
190 0.0437022 0.0453394
191 0.0493071 0.0507996
192 0.0547174 0.0560593
193 0.0599118 0.0610977
194 0.0648697 0.0658951
195 0.0695716 0.0704323
196 0.073999 0.0746917
197 0.0781343 0.0786562
198 0.0819612 0.0823103
199 0.0854647 0.0856396
200 0.0886309 0.0886309
201 0.0914473 0.0912724
202 0.0939028 0.0935537
203 0.0959877 0.0954658
204 0.0976938 0.0970011
205 0.0990143 0.0981536
206 0.0999441 0.0989187
207 0.100479 0.0992935
208 0.100618 0.0992764
209 0.10036 0.0988675
210 0.0997056 0.0980684
211 0.0986577 0.0968822
212 0.0972205 0.0953138
213 0.0953995 0.0933691
214 0.0932021 0.091056
215 0.0906369 0.0883835
216 0.087714 0.0853622
217 0.0844449 0.0820041
218 0.0808425 0.0783223
219 0.0769211 0.0743313
220 0.0726961 0.0700471
221 0.0681842 0.0654864
222 0.0634032 0.0606672
223 0.058372 0.0556086
224 0.0531105 0.0503306
225 0.0476393 0.0448539
226 0.0419801 0.0392003
227 0.0361552 0.0333919
228 0.0301877 0.0274517
229 0.024101 0.0214032
230 0.0179192 0.0152702
231 0.0116667 0.00907694
232 0.00536811 0.00284786
233 -0.000951635 -0.00339245
234 -0.00726763 -0.00961937
235 -0.0135549 -0.0158083
236 -0.0197888 -0.0219349
237 -0.0259445 -0.0279749
238 -0.0319978 -0.0339045
239 -0.0379248 -0.0397003
240 -0.0437022 -0.0453394
241 -0.0493071 -0.0507996
242 -0.0547174 -0.0560593
243 -0.0599118 -0.0610977
244 -0.0648697 -0.0658951
245 -0.0695716 -0.0704323
246 -0.073999 -0.0746917
247 -0.0781343 -0.0786562
248 -0.0819612 -0.0823103
249 -0.0854647 -0.0856396
250 -0.0886309 -0.0886309
251 -0.0914473 -0.0912724
252 -0.0939028 -0.0935537
253 -0.0959877 -0.0954658
254 -0.0976938 -0.0970011
255 -0.0990143 -0.0981536
256 -0.0999441 -0.0989187
257 -0.100479 -0.0992935
258 -0.100618 -0.0992764
259 -0.10036 -0.0988675
260 -0.0997056 -0.0980684
261 -0.0986577 -0.0968822
262 -0.0972205 -0.0953138
263 -0.0953995 -0.0933691
264 -0.0932021 -0.091056
265 -0.0906369 -0.0883835
266 -0.087714 -0.0853622
267 -0.0844449 -0.0820041
268 -0.0808425 -0.0783223
269 -0.0769211 -0.0743313
270 -0.0726961 -0.0700471
271 -0.0681842 -0.0654864
272 -0.0634032 -0.0606672
273 -0.058372 -0.0556086
274 -0.0531105 -0.0503306
275 -0.0476393 -0.0448539
276 -0.0419801 -0.0392003
277 -0.0361552 -0.0333919
278 -0.0301877 -0.0274517
279 -0.024101 -0.0214032
280 -0.0179192 -0.0152702
281 -0.0116667 -0.00907694
282 -0.00536811 -0.00284786
283 0.000951635 0.00339245
284 0.00726763 0.00961937
285 0.0135549 0.0158083
286 0.0197888 0.0219349
287 0.0259445 0.0279749
288 0.0319978 0.0339045
289 0.0379248 0.0397003
290 0.0437022 0.0453394
291 0.0493071 0.0507996
292 0.0547174 0.0560593
293 0.0599118 0.0610977
294 0.0648697 0.0658951
295 0.0695716 0.0704323
296 0.073999 0.0746917
297 0.0781343 0.0786562
298 0.0819612 0.0823103
299 0.0854647 0.0856396
300 0.0886309 0.0886309
301 0.0914473 0.0912724
302 0.0939028 0.0935537
303 0.0959877 0.0954658
304 0.0976938 0.0970011
305 0.0990143 0.0981536
306 0.0999441 0.0989187
307 0.100479 0.0992935
308 0.100618 0.0992764
309 0.10036 0.0988675
310 0.0997056 0.0980684
311 0.0986577 0.0968822
312 0.0972205 0.0953138
313 0.0953995 0.0933691
314 0.0932021 0.091056
315 0.0906369 0.0883835
316 0.087714 0.0853622
317 0.0844449 0.0820041
318 0.0808425 0.0783223
319 0.0769211 0.0743313
320 0.0726961 0.0700471
321 0.0681842 0.0654864
322 0.0634032 0.0606672
323 0.058372 0.0556086
324 0.0531105 0.0503306
325 0.0476393 0.0448539
326 0.0419801 0.0392003
327 0.0361552 0.0333919
328 0.0301877 0.0274517
329 0.024101 0.0214032
330 0.0179192 0.0152702
331 0.0116667 0.00907694
332 0.00536811 0.00284786
333 -0.000951635 -0.00339245
334 -0.00726763 -0.00961937
335 -0.0135549 -0.0158083
336 -0.0197888 -0.0219349
337 -0.0259445 -0.0279749
338 -0.0319978 -0.0339045
339 -0.0379248 -0.0397003
340 -0.0437022 -0.0453394
341 -0.0493071 -0.0507996
342 -0.0547174 -0.0560593
343 -0.0599118 -0.0610977
344 -0.0648697 -0.0658951
345 -0.0695716 -0.0704323
346 -0.073999 -0.0746917
347 -0.0781343 -0.0786562
348 -0.0819612 -0.0823103
349 -0.0854647 -0.0856396
350 -0.0886309 -0.0886309
351 -0.0914473 -0.0912724
352 -0.0939028 -0.0935537
353 -0.0959877 -0.0954658
354 -0.0976938 -0.0970011
355 -0.0990143 -0.0981536
356 -0.0999441 -0.0989187
357 -0.100479 -0.0992935
358 -0.100618 -0.0992764
359 -0.10036 -0.0988675
360 -0.0997056 -0.0980684
361 -0.0986577 -0.0968822
362 -0.0972205 -0.0953138
363 -0.0953995 -0.0933691
364 -0.0932021 -0.091056
365 -0.0906369 -0.0883835
366 -0.087714 -0.0853622
367 -0.0844449 -0.0820041
368 -0.0808425 -0.0783223
369 -0.0769211 -0.0743313
370 -0.0726961 -0.0700471
371 -0.0681842 -0.0654864
372 -0.0634032 -0.0606672
373 -0.058372 -0.0556086
374 -0.0531105 -0.0503306
375 -0.0476393 -0.0448539
376 -0.0419801 -0.0392003
377 -0.0361552 -0.0333919
378 -0.0301877 -0.0274517
379 -0.024101 -0.0214032
380 -0.0179192 -0.0152702
381 -0.0116667 -0.00907694
382 -0.00536811 -0.00284786
383 0.000951635 0.00339245
384 0.00726763 0.00961937
385 0.0135549 0.0158083
386 0.0197888 0.0219349
387 0.0259445 0.0279749
388 0.0319978 0.0339045
389 0.0379248 0.0397003
390 0.0437022 0.0453394
391 0.0493071 0.0507996
392 0.0547174 0.0560593
393 0.0599118 0.0610977
394 0.0648697 0.0658951
395 0.0695716 0.0704323
396 0.073999 0.0746917
397 0.0781343 0.0786562
398 0.0819612 0.0823103
399 0.0854647 0.0856396
400 0.0886309 0.0886309
401 0.0914473 0.0912724
402 0.0939028 0.0935537
403 0.0959877 0.0954658
404 0.0976938 0.0970011
405 0.0990143 0.0981536
406 0.0999441 0.0989187
407 0.100479 0.0992935
408 0.100618 0.0992764
409 0.10036 0.0988675
410 0.0997056 0.0980684
411 0.0986577 0.0968822
412 0.0972205 0.0953138
413 0.0953995 0.0933691
414 0.0932021 0.091056
415 0.0906369 0.0883835
416 0.087714 0.0853622
417 0.0844449 0.0820041
418 0.0808425 0.0783223
419 0.0769211 0.0743313
420 0.0726961 0.0700471
421 0.0681842 0.0654864
422 0.0634032 0.0606672
423 0.058372 0.0556086
424 0.0531105 0.0503306
425 0.0476393 0.0448539
426 0.0419801 0.0392003
427 0.0361552 0.0333919
428 0.0301877 0.0274517
429 0.024101 0.0214032
430 0.0179192 0.0152702
431 0.0116667 0.00907694
432 0.00536811 0.00284786
433 -0.000951635 -0.00339245
434 -0.00726763 -0.00961937
435 -0.0135549 -0.0158083
436 -0.0197888 -0.0219349
437 -0.0259445 -0.0279749
438 -0.0319978 -0.0339045
439 -0.0379248 -0.0397003
440 -0.0437022 -0.0453394
441 -0.0493071 -0.0507996
442 -0.0547174 -0.0560593
443 -0.0599118 -0.0610977
444 -0.0648697 -0.0658951
445 -0.0695716 -0.0704323
446 -0.073999 -0.0746917
447 -0.0781343 -0.0786562
448 -0.0819612 -0.0823103
449 -0.0854647 -0.0856396
450 -0.0886309 -0.0886309
451 -0.0914473 -0.0912724
452 -0.0939028 -0.0935537
453 -0.0959877 -0.0954658
454 -0.0976938 -0.0970011
455 -0.0990143 -0.0981536
456 -0.0999441 -0.0989187
457 -0.100479 -0.0992935
458 -0.100618 -0.0992764
459 -0.10036 -0.0988675
460 -0.0997056 -0.0980684
461 -0.0986577 -0.0968822
462 -0.0972205 -0.0953138
463 -0.0953995 -0.0933691
464 -0.0932021 -0.091056
465 -0.0906369 -0.0883835
466 -0.087714 -0.0853622
467 -0.0844449 -0.0820041
468 -0.0808425 -0.0783223
469 -0.0769211 -0.0743313
470 -0.0726961 -0.0700471
471 -0.0681842 -0.0654864
472 -0.0634032 -0.0606672
473 -0.058372 -0.0556086
474 -0.0531105 -0.0503306
475 -0.0476393 -0.0448539
476 -0.0419801 -0.0392003
477 -0.0361552 -0.0333919
478 -0.0301877 -0.0274517
479 -0.024101 -0.0214032
480 -0.0179192 -0.0152702
481 -0.0116667 -0.00907694
482 -0.00536811 -0.00284786
483 0.000951635 0.00339245
484 0.00726763 0.00961937
485 0.0135549 0.0158083
486 0.0197888 0.0219349
487 0.0259445 0.0279749
488 0.0319978 0.0339045
489 0.0379248 0.0397003
490 0.0437022 0.0453394
491 0.0493071 0.0507996
492 0.0547174 0.0560593
493 0.0599118 0.0610977
494 0.0648697 0.0658951
495 0.0695716 0.0704323
496 0.073999 0.0746917
497 0.0781343 0.0786562
498 0.0819612 0.0823103
499 0.0854647 0.0856396
500 0.0886309 0.0886309
501 0.0914473 0.0912724
502 0.0939028 0.0935537
503 0.0959877 0.0954658
504 0.0976938 0.0970011
505 0.0990143 0.0981536
506 0.0999441 0.0989187
507 0.100479 0.0992935
508 0.100618 0.0992764
509 0.10036 0.0988675
510 0.0997056 0.0980684
511 0.0986577 0.0968822
512 0.0972205 0.0953138
513 0.0953995 0.0933691
514 0.0932021 0.091056
515 0.0906369 0.0883835
516 0.087714 0.0853622
517 0.0844449 0.0820041
518 0.0808425 0.0783223
519 0.0769211 0.0743313
520 0.0726961 0.0700471
521 0.0681842 0.0654864
522 0.0634032 0.0606672
523 0.058372 0.0556086
524 0.0531105 0.0503306
525 0.0476393 0.0448539
526 0.0419801 0.0392003
527 0.0361552 0.0333919
528 0.0301877 0.0274517
529 0.024101 0.0214032
530 0.0179192 0.0152702
531 0.0116667 0.00907694
532 0.00536811 0.00284786
533 -0.000951635 -0.00339245
534 -0.00726763 -0.00961937
535 -0.0135549 -0.0158083
536 -0.0197888 -0.0219349
537 -0.0259445 -0.0279749
538 -0.0319978 -0.0339045
539 -0.0379248 -0.0397003
540 -0.0437022 -0.0453394
541 -0.0493071 -0.0507996
542 -0.0547174 -0.0560593
543 -0.0599118 -0.0610977
544 -0.0648697 -0.0658951
545 -0.0695716 -0.0704323
546 -0.073999 -0.0746917
547 -0.0781343 -0.0786562
548 -0.0819612 -0.0823103
549 -0.0854647 -0.0856396
550 -0.0886309 -0.0886309
551 -0.0914473 -0.0912724
552 -0.0939028 -0.0935537
553 -0.0959877 -0.0954658
554 -0.0976938 -0.0970011
555 -0.0990143 -0.0981536
556 -0.0999441 -0.0989187
557 -0.100479 -0.0992935
558 -0.100618 -0.0992764
559 -0.10036 -0.0988675
560 -0.0997056 -0.0980684
561 -0.0986577 -0.0968822
562 -0.0972205 -0.0953138
563 -0.0953995 -0.0933691
564 -0.0932021 -0.091056
565 -0.0906369 -0.0883835
566 -0.087714 -0.0853622
567 -0.0844449 -0.0820041
568 -0.0808425 -0.0783223
569 -0.0769211 -0.0743313
570 -0.0726961 -0.0700471
571 -0.0681842 -0.0654864
572 -0.0634032 -0.0606672
573 -0.058372 -0.0556086
574 -0.0531105 -0.0503306
575 -0.0476393 -0.0448539
576 -0.0419801 -0.0392003
577 -0.0361552 -0.0333919
578 -0.0301877 -0.0274517
579 -0.024101 -0.0214032
580 -0.0179192 -0.0152702
581 -0.0116667 -0.00907694
582 -0.00536811 -0.00284786
583 0.000951635 0.00339245
584 0.00726763 0.00961937
585 0.0135549 0.0158083
586 0.0197888 0.0219349
587 0.0259445 0.0279749
588 0.0319978 0.0339045
589 0.0379248 0.0397003
590 0.0437022 0.0453394
591 0.0493071 0.0507996
592 0.0547174 0.0560593
593 0.0599118 0.0610977
594 0.0648697 0.0658951
595 0.0695716 0.0704323
596 0.073999 0.0746917
597 0.0781343 0.0786562
598 0.0819612 0.0823103
599 0.0854647 0.0856396
600 0.0886309 0.0886309
601 0.0914473 0.0912724
602 0.0939028 0.0935537
603 0.0959877 0.0954658
604 0.0976938 0.0970011
605 0.0990143 0.0981536
606 0.0999441 0.0989187
607 0.100479 0.0992935
608 0.100618 0.0992764
609 0.10036 0.0988675
610 0.0997056 0.0980684
611 0.0986577 0.0968822
612 0.0972205 0.0953138
613 0.0953995 0.0933691
614 0.0932021 0.091056
615 0.0906369 0.0883835
616 0.087714 0.0853622
617 0.0844449 0.0820041
618 0.0808425 0.0783223
619 0.0769211 0.0743313
620 0.0726961 0.0700471
621 0.0681842 0.0654864
622 0.0634032 0.0606672
623 0.058372 0.0556086
624 0.0531105 0.0503306
625 0.0476393 0.0448539
626 0.0419801 0.0392003
627 0.0361552 0.0333919
628 0.0301877 0.0274517
629 0.024101 0.0214032
630 0.0179192 0.0152702
631 0.0116667 0.00907694
632 0.00536811 0.00284786
633 -0.000951635 -0.00339245
634 -0.00726763 -0.00961937
635 -0.0135549 -0.0158083
636 -0.0197888 -0.0219349
637 -0.0259445 -0.0279749
638 -0.0319978 -0.0339045
639 -0.0379248 -0.0397003
640 -0.0437022 -0.0453394
641 -0.0493071 -0.0507996
642 -0.0547174 -0.0560593
643 -0.0599118 -0.0610977
644 -0.0648697 -0.0658951
645 -0.0695716 -0.0704323
646 -0.073999 -0.0746917
647 -0.0781343 -0.0786562
648 -0.0819612 -0.0823103
649 -0.0854647 -0.0856396
650 -0.0886309 -0.0886309
651 -0.0914473 -0.0912724
652 -0.0939028 -0.0935537
653 -0.0959877 -0.0954658
654 -0.0976938 -0.0970011
655 -0.0990143 -0.0981536
656 -0.0999441 -0.0989187
657 -0.100479 -0.0992935
658 -0.100618 -0.0992764
659 -0.10036 -0.0988675
660 -0.0997056 -0.0980684
661 -0.0986577 -0.0968822
662 -0.0972205 -0.0953138
663 -0.0953995 -0.0933691
664 -0.0932021 -0.091056
665 -0.0906369 -0.0883835
666 -0.087714 -0.0853622
667 -0.0844449 -0.0820041
668 -0.0808425 -0.0783223
669 -0.0769211 -0.0743313
670 -0.0726961 -0.0700471
671 -0.0681842 -0.0654864
672 -0.0634032 -0.0606672
673 -0.058372 -0.0556086
674 -0.0531105 -0.0503306
675 -0.0476393 -0.0448539
676 -0.0419801 -0.0392003
677 -0.0361552 -0.0333919
678 -0.0301877 -0.0274517
679 -0.024101 -0.0214032
680 -0.0179192 -0.0152702
681 -0.0116667 -0.00907694
682 -0.00536811 -0.00284786
683 0.000951635 0.00339245
684 0.00726763 0.00961937
685 0.0135549 0.0158083
686 0.0197888 0.0219349
687 0.0259445 0.0279749
688 0.0319978 0.0339045
689 0.0379248 0.0397003
690 0.0437022 0.0453394
691 0.0493071 0.0507996
692 0.0547174 0.0560593
693 0.0599118 0.0610977
694 0.0648697 0.0658951
695 0.0695716 0.0704323
696 0.073999 0.0746917
697 0.0781343 0.0786562
698 0.0819612 0.0823103
699 0.0854647 0.0856396
700 0.0886309 0.0886309
701 0.0914473 0.0912724
702 0.0939028 0.0935537
703 0.0959877 0.0954658
704 0.0976938 0.0970011
705 0.0990143 0.0981536
706 0.0999441 0.0989187
707 0.100479 0.0992935
708 0.100618 0.0992764
709 0.10036 0.0988675
710 0.0997056 0.0980684
711 0.0986577 0.0968822
712 0.0972205 0.0953138
713 0.0953995 0.0933691
714 0.0932021 0.091056
715 0.0906369 0.0883835
716 0.087714 0.0853622
717 0.0844449 0.0820041
718 0.0808425 0.0783223
719 0.0769211 0.0743313
720 0.0726961 0.0700471
721 0.0681842 0.0654864
722 0.0634032 0.0606672
723 0.058372 0.0556086
724 0.0531105 0.0503306
725 0.0476393 0.0448539
726 0.0419801 0.0392003
727 0.0361552 0.0333919
728 0.0301877 0.0274517
729 0.024101 0.0214032
730 0.0179192 0.0152702
731 0.0116667 0.00907694
732 0.00536811 0.00284786
733 -0.000951635 -0.00339245
734 -0.00726763 -0.00961937
735 -0.0135549 -0.0158083
736 -0.0197888 -0.0219349
737 -0.0259445 -0.0279749
738 -0.0319978 -0.0339045
739 -0.0379248 -0.0397003
740 -0.0437022 -0.0453394
741 -0.0493071 -0.0507996
742 -0.0547174 -0.0560593
743 -0.0599118 -0.0610977
744 -0.0648697 -0.0658951
745 -0.0695716 -0.0704323
746 -0.073999 -0.0746917
747 -0.0781343 -0.0786562
748 -0.0819612 -0.0823103
749 -0.0854647 -0.0856396
750 -0.0886309 -0.0886309
751 -0.0914473 -0.0912724
752 -0.0939028 -0.0935537
753 -0.0959877 -0.0954658
754 -0.0976938 -0.0970011
755 -0.0990143 -0.0981536
756 -0.0999441 -0.0989187
757 -0.100479 -0.0992935
758 -0.100618 -0.0992764
759 -0.10036 -0.0988675
760 -0.0997056 -0.0980684
761 -0.0986577 -0.0968822
762 -0.0972205 -0.0953138
763 -0.0953995 -0.0933691
764 -0.0932021 -0.091056
765 -0.0906369 -0.0883835
766 -0.087714 -0.0853622
767 -0.0844449 -0.0820041
768 -0.0808425 -0.0783223
769 -0.0769211 -0.0743313
770 -0.0726961 -0.0700471
771 -0.0681842 -0.0654864
772 -0.0634032 -0.0606672
773 -0.058372 -0.0556086
774 -0.0531105 -0.0503306
775 -0.0476393 -0.0448539
776 -0.0419801 -0.0392003
777 -0.0361552 -0.0333919
778 -0.0301877 -0.0274517
779 -0.024101 -0.0214032
780 -0.0179192 -0.0152702
781 -0.0116667 -0.00907694
782 -0.00536811 -0.00284786
783 0.000951635 0.00339245
784 0.00726763 0.00961937
785 0.0135549 0.0158083
786 0.0197888 0.0219349
787 0.0259445 0.0279749
788 0.0319978 0.0339045
789 0.0379248 0.0397003
790 0.0437022 0.0453394
791 0.0493071 0.0507996
792 0.0547174 0.0560593
793 0.0599118 0.0610977
794 0.0648697 0.0658951
795 0.0695716 0.0704323
796 0.073999 0.0746917
797 0.0781343 0.0786562
798 0.0819612 0.0823103
799 0.0854647 0.0856396
800 0.0886309 0.0886309
801 0.0914473 0.0912724
802 0.0939028 0.0935537
803 0.0959877 0.0954658
804 0.0976938 0.0970011
805 0.0990143 0.0981536
806 0.0999441 0.0989187
807 0.100479 0.0992935
808 0.100618 0.0992764
809 0.10036 0.0988675
810 0.0997056 0.0980684
811 0.0986577 0.0968822
812 0.0972205 0.0953138
813 0.0953995 0.0933691
814 0.0932021 0.091056
815 0.0906369 0.0883835
816 0.087714 0.0853622
817 0.0844449 0.0820041
818 0.0808425 0.0783223
819 0.0769211 0.0743313
820 0.0726961 0.0700471
821 0.0681842 0.0654864
822 0.0634032 0.0606672
823 0.058372 0.0556086
824 0.0531105 0.0503306
825 0.0476393 0.0448539
826 0.0419801 0.0392003
827 0.0361552 0.0333919
828 0.0301877 0.0274517
829 0.024101 0.0214032
830 0.0179192 0.0152702
831 0.0116667 0.00907694
832 0.00536811 0.00284786
833 -0.000951635 -0.00339245
834 -0.00726763 -0.00961937
835 -0.0135549 -0.0158083
836 -0.0197888 -0.0219349
837 -0.0259445 -0.0279749
838 -0.0319978 -0.0339045
839 -0.0379248 -0.0397003
840 -0.0437022 -0.0453394
841 -0.0493071 -0.0507996
842 -0.0547174 -0.0560593
843 -0.0599118 -0.0610977
844 -0.0648697 -0.0658951
845 -0.0695716 -0.0704323
846 -0.073999 -0.0746917
847 -0.0781343 -0.0786562
848 -0.0819612 -0.0823103
849 -0.0854647 -0.0856396
850 -0.0886309 -0.0886309
851 -0.0914473 -0.0912724
852 -0.0939028 -0.0935537
853 -0.0959877 -0.0954658
854 -0.0976938 -0.0970011
855 -0.0990143 -0.0981536
856 -0.0999441 -0.0989187
857 -0.100479 -0.0992935
858 -0.100618 -0.0992764
859 -0.10036 -0.0988675
860 -0.0997056 -0.0980684
861 -0.0986577 -0.0968822
862 -0.0972205 -0.0953138
863 -0.0953995 -0.0933691
864 -0.0932021 -0.091056
865 -0.0906369 -0.0883835
866 -0.087714 -0.0853622
867 -0.0844449 -0.0820041
868 -0.0808425 -0.0783223
869 -0.0769211 -0.0743313
870 -0.0726961 -0.0700471
871 -0.0681842 -0.0654864
872 -0.0634032 -0.0606672
873 -0.058372 -0.0556086
874 -0.0531105 -0.0503306
875 -0.0476393 -0.0448539
876 -0.0419801 -0.0392003
877 -0.0361552 -0.0333919
878 -0.0301877 -0.0274517
879 -0.024101 -0.0214032
880 -0.0179192 -0.0152702
881 -0.0116667 -0.00907694
882 -0.00536811 -0.00284786
883 0.000951635 0.00339245
884 0.00726763 0.00961937
885 0.0135549 0.0158083
886 0.0197888 0.0219349
887 0.0259445 0.0279749
888 0.0319978 0.0339045
889 0.0379248 0.0397003
890 0.0437022 0.0453394
891 0.0493071 0.0507996
892 0.0547174 0.0560593
893 0.0599118 0.0610977
894 0.0648697 0.0658951
895 0.0695716 0.0704323
896 0.073999 0.0746917
897 0.0781343 0.0786562
898 0.0819612 0.0823103
899 0.0854647 0.0856396
900 0.0886309 0.0886309
901 0.0914473 0.0912724
902 0.0939028 0.0935537
903 0.0959877 0.0954658
904 0.0976938 0.0970011
905 0.0990143 0.0981536
906 0.0999441 0.0989187
907 0.100479 0.0992935
908 0.100618 0.0992764
909 0.10036 0.0988675
910 0.0997056 0.0980684
911 0.0986577 0.0968822
912 0.0972205 0.0953138
913 0.0953995 0.0933691
914 0.0932021 0.091056
915 0.0906369 0.0883835
916 0.087714 0.0853622
917 0.0844449 0.0820041
918 0.0808425 0.0783223
919 0.0769211 0.0743313
920 0.0726961 0.0700471
921 0.0681842 0.0654864
922 0.0634032 0.0606672
923 0.058372 0.0556086
924 0.0531105 0.0503306
925 0.0476393 0.0448539
926 0.0419801 0.0392003
927 0.0361552 0.0333919
928 0.0301877 0.0274517
929 0.024101 0.0214032
930 0.0179192 0.0152702
931 0.0116667 0.00907694
932 0.00536811 0.00284786
933 -0.000951635 -0.00339245
934 -0.00726763 -0.00961937
935 -0.0135549 -0.0158083
936 -0.0197888 -0.0219349
937 -0.0259445 -0.0279749
938 -0.0319978 -0.0339045
939 -0.0379248 -0.0397003
940 -0.0437022 -0.0453394
941 -0.0493071 -0.0507996
942 -0.0547174 -0.0560593
943 -0.0599118 -0.0610977
944 -0.0648697 -0.0658951
945 -0.0695716 -0.0704323
946 -0.073999 -0.0746917
947 -0.0781343 -0.0786562
948 -0.0819612 -0.0823103
949 -0.0854647 -0.0856396
950 -0.0886309 -0.0886309
951 -0.0914473 -0.0912724
952 -0.0939028 -0.0935537
953 -0.0959877 -0.0954658
954 -0.0976938 -0.0970011
955 -0.0990143 -0.0981536
956 -0.0999441 -0.0989187
957 -0.100479 -0.0992935
958 -0.100618 -0.0992764
959 -0.10036 -0.0988675
960 -0.0997056 -0.0980684
961 -0.0986577 -0.0968822
962 -0.0972205 -0.0953138
963 -0.0953995 -0.0933691
964 -0.0932021 -0.091056
965 -0.0906369 -0.0883835
966 -0.087714 -0.0853622
967 -0.0844449 -0.0820041
968 -0.0808425 -0.0783223
969 -0.0769211 -0.0743313
970 -0.0726961 -0.0700471
971 -0.0681842 -0.0654864
972 -0.0634032 -0.0606672
973 -0.058372 -0.0556086
974 -0.0531105 -0.0503306
975 -0.0476393 -0.0448539
976 -0.0419801 -0.0392003
977 -0.0361552 -0.0333919
978 -0.0301877 -0.0274517
979 -0.024101 -0.0214032
980 -0.0179192 -0.0152702
981 -0.0116667 -0.00907694
982 -0.00536811 -0.00284786
983 0.000951635 0.00339245
984 0.00726763 0.00961937
985 0.0135549 0.0158083
986 0.0197888 0.0219349
987 0.0259445 0.0279749
988 0.0319978 0.0339045
989 0.0379248 0.0397003
990 0.0437022 0.0453394
991 0.0493071 0.0507996
992 0.0547174 0.0560593
993 0.0599118 0.0610977
994 0.0648697 0.0658951
995 0.0695716 0.0704323
996 0.073999 0.0746917
997 0.0781343 0.0786562
998 0.0819612 0.0823103
999 0.0854647 0.0856396
