0 0.00654175 0.00654175
1 0.0128009 0.012788
2 0.0190095 0.0189837
3 0.0251431 0.0251046
4 0.0311775 0.0311263
5 0.0370888 0.0370253
6 0.0428538 0.0427781
7 0.0484496 0.048362
8 0.0538542 0.0537552
9 0.0590463 0.0589361
10 0.0640053 0.0638845
11 0.0687118 0.0685807
12 0.0731471 0.0730063
13 0.0772937 0.0771438
14 0.0811352 0.0809768
15 0.0846566 0.0844903
16 0.0878438 0.0876703
17 0.0906844 0.0905043
18 0.0931671 0.0929811
19 0.0952821 0.0950909
20 0.0970211 0.0968255
21 0.0983771 0.098178
22 0.0993449 0.099143
23 0.0999207 0.0997167
24 0.100102 0.0998969
25 0.0998884 0.0996828
26 0.0992806 0.0990754
27 0.0982809 0.0980769
28 0.0968933 0.0966914
29 0.0951234 0.0949243
30 0.092978 0.0927825
31 0.0904657 0.0902746
32 0.0875964 0.0874104
33 0.0843814 0.0842012
34 0.0808333 0.0806598
35 0.0769663 0.0768
36 0.0727955 0.0726371
37 0.0683374 0.0681875
38 0.0636096 0.0634689
39 0.0586308 0.0584997
40 0.0534206 0.0532997
41 0.0479995 0.0478894
42 0.042389 0.04229
43 0.0366113 0.0365237
44 0.030689 0.0306133
45 0.0246456 0.0245821
46 0.018505 0.0184539
47 0.0122913 0.0122528
48 0.00602917 0.00600341
49 -0.000256797 -0.000269705
50 -0.00654175 -0.00654175
51 -0.0128009 -0.012788
52 -0.0190095 -0.0189837
53 -0.0251431 -0.0251046
54 -0.0311775 -0.0311263
55 -0.0370888 -0.0370253
56 -0.0428538 -0.0427781
57 -0.0484496 -0.048362
58 -0.0538542 -0.0537552
59 -0.0590463 -0.0589361
60 -0.0640053 -0.0638845
61 -0.0687118 -0.0685807
62 -0.0731471 -0.0730063
63 -0.0772937 -0.0771438
64 -0.0811352 -0.0809768
65 -0.0846566 -0.0844903
66 -0.0878438 -0.0876703
67 -0.0906844 -0.0905043
68 -0.0931671 -0.0929811
69 -0.0952821 -0.0950909
70 -0.0970211 -0.0968255
71 -0.0983771 -0.098178
72 -0.0993449 -0.099143
73 -0.0999207 -0.0997167
74 -0.100102 -0.0998969
75 -0.0998884 -0.0996828
76 -0.0992806 -0.0990754
77 -0.0982809 -0.0980769
78 -0.0968933 -0.0966914
79 -0.0951234 -0.0949243
80 -0.092978 -0.0927825
81 -0.0904657 -0.0902746
82 -0.0875964 -0.0874104
83 -0.0843814 -0.0842012
84 -0.0808333 -0.0806598
85 -0.0769663 -0.0768
86 -0.0727955 -0.0726371
87 -0.0683374 -0.0681875
88 -0.0636096 -0.0634689
89 -0.0586308 -0.0584997
90 -0.0534206 -0.0532997
91 -0.0479995 -0.0478894
92 -0.042389 -0.04229
93 -0.0366113 -0.0365237
94 -0.030689 -0.0306133
95 -0.0246456 -0.0245821
96 -0.018505 -0.0184539
97 -0.0122913 -0.0122528
98 -0.00602917 -0.00600341
99 0.000256797 0.000269705
100 0.00654175 0.00654175
101 0.0128009 0.012788
102 0.0190095 0.0189837
103 0.0251431 0.0251046
104 0.0311775 0.0311263
105 0.0370888 0.0370253
106 0.0428538 0.0427781
107 0.0484496 0.048362
108 0.0538542 0.0537552
109 0.0590463 0.0589361
110 0.0640053 0.0638845
111 0.0687118 0.0685807
112 0.0731471 0.0730063
113 0.0772937 0.0771438
114 0.0811352 0.0809768
115 0.0846566 0.0844903
116 0.0878438 0.0876703
117 0.0906844 0.0905043
118 0.0931671 0.0929811
119 0.0952821 0.0950909
120 0.0970211 0.0968255
121 0.0983771 0.098178
122 0.0993449 0.099143
123 0.0999207 0.0997167
124 0.100102 0.0998969
125 0.0998884 0.0996828
126 0.0992806 0.0990754
127 0.0982809 0.0980769
128 0.0968933 0.0966914
129 0.0951234 0.0949243
130 0.092978 0.0927825
131 0.0904657 0.0902746
132 0.0875964 0.0874104
133 0.0843814 0.0842012
134 0.0808333 0.0806598
135 0.0769663 0.0768
136 0.0727955 0.0726371
137 0.0683374 0.0681875
138 0.0636096 0.0634689
139 0.0586308 0.0584997
140 0.0534206 0.0532997
141 0.0479995 0.0478894
142 0.042389 0.04229
143 0.0366113 0.0365237
144 0.030689 0.0306133
145 0.0246456 0.0245821
146 0.018505 0.0184539
147 0.0122913 0.0122528
148 0.00602917 0.00600341
149 -0.000256797 -0.000269705
150 -0.00654175 -0.00654175
151 -0.0128009 -0.012788
152 -0.0190095 -0.0189837
153 -0.0251431 -0.0251046
154 -0.0311775 -0.0311263
155 -0.0370888 -0.0370253
156 -0.0428538 -0.0427781
157 -0.0484496 -0.048362
158 -0.0538542 -0.0537552
159 -0.0590463 -0.0589361
160 -0.0640053 -0.0638845
161 -0.0687118 -0.0685807
162 -0.0731471 -0.0730063
163 -0.0772937 -0.0771438
164 -0.0811352 -0.0809768
165 -0.0846566 -0.0844903
166 -0.0878438 -0.0876703
167 -0.0906844 -0.0905043
168 -0.0931671 -0.0929811
169 -0.0952821 -0.0950909
170 -0.0970211 -0.0968255
171 -0.0983771 -0.098178
172 -0.0993449 -0.099143
173 -0.0999207 -0.0997167
174 -0.100102 -0.0998969
175 -0.0998884 -0.0996828
176 -0.0992806 -0.0990754
177 -0.0982809 -0.0980769
178 -0.0968933 -0.0966914
179 -0.0951234 -0.0949243
180 -0.092978 -0.0927825
181 -0.0904657 -0.0902746
182 -0.0875964 -0.0874104
183 -0.0843814 -0.0842012
184 -0.0808333 -0.0806598
185 -0.0769663 -0.0768
186 -0.0727955 -0.0726371
187 -0.0683374 -0.0681875
188 -0.0636096 -0.0634689
189 -0.0586308 -0.0584997
190 -0.0534206 -0.0532997
191 -0.0479995 -0.0478894
192 -0.042389 -0.04229
193 -0.0366113 -0.0365237
194 -0.030689 -0.0306133
195 -0.0246456 -0.0245821
196 -0.018505 -0.0184539
197 -0.0122913 -0.0122528
198 -0.00602917 -0.00600341
199 0.000256797 0.000269705
200 0.00654175 0.00654175
201 0.0128009 0.012788
202 0.0190095 0.0189837
203 0.0251431 0.0251046
204 0.0311775 0.0311263
205 0.0370888 0.0370253
206 0.0428538 0.0427781
207 0.0484496 0.048362
208 0.0538542 0.0537552
209 0.0590463 0.0589361
210 0.0640053 0.0638845
211 0.0687118 0.0685807
212 0.0731471 0.0730063
213 0.0772937 0.0771438
214 0.0811352 0.0809768
215 0.0846566 0.0844903
216 0.0878438 0.0876703
217 0.0906844 0.0905043
218 0.0931671 0.0929811
219 0.0952821 0.0950909
220 0.0970211 0.0968255
221 0.0983771 0.098178
222 0.0993449 0.099143
223 0.0999207 0.0997167
224 0.100102 0.0998969
225 0.0998884 0.0996828
226 0.0992806 0.0990754
227 0.0982809 0.0980769
228 0.0968933 0.0966914
229 0.0951234 0.0949243
230 0.092978 0.0927825
231 0.0904657 0.0902746
232 0.0875964 0.0874104
233 0.0843814 0.0842012
234 0.0808333 0.0806598
235 0.0769663 0.0768
236 0.0727955 0.0726371
237 0.0683374 0.0681875
238 0.0636096 0.0634689
239 0.0586308 0.0584997
240 0.0534206 0.0532997
241 0.0479995 0.0478894
242 0.042389 0.04229
243 0.0366113 0.0365237
244 0.030689 0.0306133
245 0.0246456 0.0245821
246 0.018505 0.0184539
247 0.0122913 0.0122528
248 0.00602917 0.00600341
249 -0.000256797 -0.000269705
250 -0.00654175 -0.00654175
251 -0.0128009 -0.012788
252 -0.0190095 -0.0189837
253 -0.0251431 -0.0251046
254 -0.0311775 -0.0311263
255 -0.0370888 -0.0370253
256 -0.0428538 -0.0427781
257 -0.0484496 -0.048362
258 -0.0538542 -0.0537552
259 -0.0590463 -0.0589361
260 -0.0640053 -0.0638845
261 -0.0687118 -0.0685807
262 -0.0731471 -0.0730063
263 -0.0772937 -0.0771438
264 -0.0811352 -0.0809768
265 -0.0846566 -0.0844903
266 -0.0878438 -0.0876703
267 -0.0906844 -0.0905043
268 -0.0931671 -0.0929811
269 -0.0952821 -0.0950909
270 -0.0970211 -0.0968255
271 -0.0983771 -0.098178
272 -0.0993449 -0.099143
273 -0.0999207 -0.0997167
274 -0.100102 -0.0998969
275 -0.0998884 -0.0996828
276 -0.0992806 -0.0990754
277 -0.0982809 -0.0980769
278 -0.0968933 -0.0966914
279 -0.0951234 -0.0949243
280 -0.092978 -0.0927825
281 -0.0904657 -0.0902746
282 -0.0875964 -0.0874104
283 -0.0843814 -0.0842012
284 -0.0808333 -0.0806598
285 -0.0769663 -0.0768
286 -0.0727955 -0.0726371
287 -0.0683374 -0.0681875
288 -0.0636096 -0.0634689
289 -0.0586308 -0.0584997
290 -0.0534206 -0.0532997
291 -0.0479995 -0.0478894
292 -0.042389 -0.04229
293 -0.0366113 -0.0365237
294 -0.030689 -0.0306133
295 -0.0246456 -0.0245821
296 -0.018505 -0.0184539
297 -0.0122913 -0.0122528
298 -0.00602917 -0.00600341
299 0.000256797 0.000269705
300 0.00654175 0.00654175
301 0.0128009 0.012788
302 0.0190095 0.0189837
303 0.0251431 0.0251046
304 0.0311775 0.0311263
305 0.0370888 0.0370253
306 0.0428538 0.0427781
307 0.0484496 0.048362
308 0.0538542 0.0537552
309 0.0590463 0.0589361
310 0.0640053 0.0638845
311 0.0687118 0.0685807
312 0.0731471 0.0730063
313 0.0772937 0.0771438
314 0.0811352 0.0809768
315 0.0846566 0.0844903
316 0.0878438 0.0876703
317 0.0906844 0.0905043
318 0.0931671 0.0929811
319 0.0952821 0.0950909
320 0.0970211 0.0968255
321 0.0983771 0.098178
322 0.0993449 0.099143
323 0.0999207 0.0997167
324 0.100102 0.0998969
325 0.0998884 0.0996828
326 0.0992806 0.0990754
327 0.0982809 0.0980769
328 0.0968933 0.0966914
329 0.0951234 0.0949243
330 0.092978 0.0927825
331 0.0904657 0.0902746
332 0.0875964 0.0874104
333 0.0843814 0.0842012
334 0.0808333 0.0806598
335 0.0769663 0.0768
336 0.0727955 0.0726371
337 0.0683374 0.0681875
338 0.0636096 0.0634689
339 0.0586308 0.0584997
340 0.0534206 0.0532997
341 0.0479995 0.0478894
342 0.042389 0.04229
343 0.0366113 0.0365237
344 0.030689 0.0306133
345 0.0246456 0.0245821
346 0.018505 0.0184539
347 0.0122913 0.0122528
348 0.00602917 0.00600341
349 -0.000256797 -0.000269705
350 -0.00654175 -0.00654175
351 -0.0128009 -0.012788
352 -0.0190095 -0.0189837
353 -0.0251431 -0.0251046
354 -0.0311775 -0.0311263
355 -0.0370888 -0.0370253
356 -0.0428538 -0.0427781
357 -0.0484496 -0.048362
358 -0.0538542 -0.0537552
359 -0.0590463 -0.0589361
360 -0.0640053 -0.0638845
361 -0.0687118 -0.0685807
362 -0.0731471 -0.0730063
363 -0.0772937 -0.0771438
364 -0.0811352 -0.0809768
365 -0.0846566 -0.0844903
366 -0.0878438 -0.0876703
367 -0.0906844 -0.0905043
368 -0.0931671 -0.0929811
369 -0.0952821 -0.0950909
370 -0.0970211 -0.0968255
371 -0.0983771 -0.098178
372 -0.0993449 -0.099143
373 -0.0999207 -0.0997167
374 -0.100102 -0.0998969
375 -0.0998884 -0.0996828
376 -0.0992806 -0.0990754
377 -0.0982809 -0.0980769
378 -0.0968933 -0.0966914
379 -0.0951234 -0.0949243
380 -0.092978 -0.0927825
381 -0.0904657 -0.0902746
382 -0.0875964 -0.0874104
383 -0.0843814 -0.0842012
384 -0.0808333 -0.0806598
385 -0.0769663 -0.0768
386 -0.0727955 -0.0726371
387 -0.0683374 -0.0681875
388 -0.0636096 -0.0634689
389 -0.0586308 -0.0584997
390 -0.0534206 -0.0532997
391 -0.0479995 -0.0478894
392 -0.042389 -0.04229
393 -0.0366113 -0.0365237
394 -0.030689 -0.0306133
395 -0.0246456 -0.0245821
396 -0.018505 -0.0184539
397 -0.0122913 -0.0122528
398 -0.00602917 -0.00600341
399 0.000256797 0.000269705
400 0.00654175 0.00654175
401 0.0128009 0.012788
402 0.0190095 0.0189837
403 0.0251431 0.0251046
404 0.0311775 0.0311263
405 0.0370888 0.0370253
406 0.0428538 0.0427781
407 0.0484496 0.048362
408 0.0538542 0.0537552
409 0.0590463 0.0589361
410 0.0640053 0.0638845
411 0.0687118 0.0685807
412 0.0731471 0.0730063
413 0.0772937 0.0771438
414 0.0811352 0.0809768
415 0.0846566 0.0844903
416 0.0878438 0.0876703
417 0.0906844 0.0905043
418 0.0931671 0.0929811
419 0.0952821 0.0950909
420 0.0970211 0.0968255
421 0.0983771 0.098178
422 0.0993449 0.099143
423 0.0999207 0.0997167
424 0.100102 0.0998969
425 0.0998884 0.0996828
426 0.0992806 0.0990754
427 0.0982809 0.0980769
428 0.0968933 0.0966914
429 0.0951234 0.0949243
430 0.092978 0.0927825
431 0.0904657 0.0902746
432 0.0875964 0.0874104
433 0.0843814 0.0842012
434 0.0808333 0.0806598
435 0.0769663 0.0768
436 0.0727955 0.0726371
437 0.0683374 0.0681875
438 0.0636096 0.0634689
439 0.0586308 0.0584997
440 0.0534206 0.0532997
441 0.0479995 0.0478894
442 0.042389 0.04229
443 0.0366113 0.0365237
444 0.030689 0.0306133
445 0.0246456 0.0245821
446 0.018505 0.0184539
447 0.0122913 0.0122528
448 0.00602917 0.00600341
449 -0.000256797 -0.000269705
450 -0.00654175 -0.00654175
451 -0.0128009 -0.012788
452 -0.0190095 -0.0189837
453 -0.0251431 -0.0251046
454 -0.0311775 -0.0311263
455 -0.0370888 -0.0370253
456 -0.0428538 -0.0427781
457 -0.0484496 -0.048362
458 -0.0538542 -0.0537552
459 -0.0590463 -0.0589361
460 -0.0640053 -0.0638845
461 -0.0687118 -0.0685807
462 -0.0731471 -0.0730063
463 -0.0772937 -0.0771438
464 -0.0811352 -0.0809768
465 -0.0846566 -0.0844903
466 -0.0878438 -0.0876703
467 -0.0906844 -0.0905043
468 -0.0931671 -0.0929811
469 -0.0952821 -0.0950909
470 -0.0970211 -0.0968255
471 -0.0983771 -0.098178
472 -0.0993449 -0.099143
473 -0.0999207 -0.0997167
474 -0.100102 -0.0998969
475 -0.0998884 -0.0996828
476 -0.0992806 -0.0990754
477 -0.0982809 -0.0980769
478 -0.0968933 -0.0966914
479 -0.0951234 -0.0949243
480 -0.092978 -0.0927825
481 -0.0904657 -0.0902746
482 -0.0875964 -0.0874104
483 -0.0843814 -0.0842012
484 -0.0808333 -0.0806598
485 -0.0769663 -0.0768
486 -0.0727955 -0.0726371
487 -0.0683374 -0.0681875
488 -0.0636096 -0.0634689
489 -0.0586308 -0.0584997
490 -0.0534206 -0.0532997
491 -0.0479995 -0.0478894
492 -0.042389 -0.04229
493 -0.0366113 -0.0365237
494 -0.030689 -0.0306133
495 -0.0246456 -0.0245821
496 -0.018505 -0.0184539
497 -0.0122913 -0.0122528
498 -0.00602917 -0.00600341
499 0.000256797 0.000269705
500 0.00654175 0.00654175
501 0.0128009 0.012788
502 0.0190095 0.0189837
503 0.0251431 0.0251046
504 0.0311775 0.0311263
505 0.0370888 0.0370253
506 0.0428538 0.0427781
507 0.0484496 0.048362
508 0.0538542 0.0537552
509 0.0590463 0.0589361
510 0.0640053 0.0638845
511 0.0687118 0.0685807
512 0.0731471 0.0730063
513 0.0772937 0.0771438
514 0.0811352 0.0809768
515 0.0846566 0.0844903
516 0.0878438 0.0876703
517 0.0906844 0.0905043
518 0.0931671 0.0929811
519 0.0952821 0.0950909
520 0.0970211 0.0968255
521 0.0983771 0.098178
522 0.0993449 0.099143
523 0.0999207 0.0997167
524 0.100102 0.0998969
525 0.0998884 0.0996828
526 0.0992806 0.0990754
527 0.0982809 0.0980769
528 0.0968933 0.0966914
529 0.0951234 0.0949243
530 0.092978 0.0927825
531 0.0904657 0.0902746
532 0.0875964 0.0874104
533 0.0843814 0.0842012
534 0.0808333 0.0806598
535 0.0769663 0.0768
536 0.0727955 0.0726371
537 0.0683374 0.0681875
538 0.0636096 0.0634689
539 0.0586308 0.0584997
540 0.0534206 0.0532997
541 0.0479995 0.0478894
542 0.042389 0.04229
543 0.0366113 0.0365237
544 0.030689 0.0306133
545 0.0246456 0.0245821
546 0.018505 0.0184539
547 0.0122913 0.0122528
548 0.00602917 0.00600341
549 -0.000256797 -0.000269705
550 -0.00654175 -0.00654175
551 -0.0128009 -0.012788
552 -0.0190095 -0.0189837
553 -0.0251431 -0.0251046
554 -0.0311775 -0.0311263
555 -0.0370888 -0.0370253
556 -0.0428538 -0.0427781
557 -0.0484496 -0.048362
558 -0.0538542 -0.0537552
559 -0.0590463 -0.0589361
560 -0.0640053 -0.0638845
561 -0.0687118 -0.0685807
562 -0.0731471 -0.0730063
563 -0.0772937 -0.0771438
564 -0.0811352 -0.0809768
565 -0.0846566 -0.0844903
566 -0.0878438 -0.0876703
567 -0.0906844 -0.0905043
568 -0.0931671 -0.0929811
569 -0.0952821 -0.0950909
570 -0.0970211 -0.0968255
571 -0.0983771 -0.098178
572 -0.0993449 -0.099143
573 -0.0999207 -0.0997167
574 -0.100102 -0.0998969
575 -0.0998884 -0.0996828
576 -0.0992806 -0.0990754
577 -0.0982809 -0.0980769
578 -0.0968933 -0.0966914
579 -0.0951234 -0.0949243
580 -0.092978 -0.0927825
581 -0.0904657 -0.0902746
582 -0.0875964 -0.0874104
583 -0.0843814 -0.0842012
584 -0.0808333 -0.0806598
585 -0.0769663 -0.0768
586 -0.0727955 -0.0726371
587 -0.0683374 -0.0681875
588 -0.0636096 -0.0634689
589 -0.0586308 -0.0584997
590 -0.0534206 -0.0532997
591 -0.0479995 -0.0478894
592 -0.042389 -0.04229
593 -0.0366113 -0.0365237
594 -0.030689 -0.0306133
595 -0.0246456 -0.0245821
596 -0.018505 -0.0184539
597 -0.0122913 -0.0122528
598 -0.00602917 -0.00600341
599 0.000256797 0.000269705
600 0.00654175 0.00654175
601 0.0128009 0.012788
602 0.0190095 0.0189837
603 0.0251431 0.0251046
604 0.0311775 0.0311263
605 0.0370888 0.0370253
606 0.0428538 0.0427781
607 0.0484496 0.048362
608 0.0538542 0.0537552
609 0.0590463 0.0589361
610 0.0640053 0.0638845
611 0.0687118 0.0685807
612 0.0731471 0.0730063
613 0.0772937 0.0771438
614 0.0811352 0.0809768
615 0.0846566 0.0844903
616 0.0878438 0.0876703
617 0.0906844 0.0905043
618 0.0931671 0.0929811
619 0.0952821 0.0950909
620 0.0970211 0.0968255
621 0.0983771 0.098178
622 0.0993449 0.099143
623 0.0999207 0.0997167
624 0.100102 0.0998969
625 0.0998884 0.0996828
626 0.0992806 0.0990754
627 0.0982809 0.0980769
628 0.0968933 0.0966914
629 0.0951234 0.0949243
630 0.092978 0.0927825
631 0.0904657 0.0902746
632 0.0875964 0.0874104
633 0.0843814 0.0842012
634 0.0808333 0.0806598
635 0.0769663 0.0768
636 0.0727955 0.0726371
637 0.0683374 0.0681875
638 0.0636096 0.0634689
639 0.0586308 0.0584997
640 0.0534206 0.0532997
641 0.0479995 0.0478894
642 0.042389 0.04229
643 0.0366113 0.0365237
644 0.030689 0.0306133
645 0.0246456 0.0245821
646 0.018505 0.0184539
647 0.0122913 0.0122528
648 0.00602917 0.00600341
649 -0.000256797 -0.000269705
650 -0.00654175 -0.00654175
651 -0.0128009 -0.012788
652 -0.0190095 -0.0189837
653 -0.0251431 -0.0251046
654 -0.0311775 -0.0311263
655 -0.0370888 -0.0370253
656 -0.0428538 -0.0427781
657 -0.0484496 -0.048362
658 -0.0538542 -0.0537552
659 -0.0590463 -0.0589361
660 -0.0640053 -0.0638845
661 -0.0687118 -0.0685807
662 -0.0731471 -0.0730063
663 -0.0772937 -0.0771438
664 -0.0811352 -0.0809768
665 -0.0846566 -0.0844903
666 -0.0878438 -0.0876703
667 -0.0906844 -0.0905043
668 -0.0931671 -0.0929811
669 -0.0952821 -0.0950909
670 -0.0970211 -0.0968255
671 -0.0983771 -0.098178
672 -0.0993449 -0.099143
673 -0.0999207 -0.0997167
674 -0.100102 -0.0998969
675 -0.0998884 -0.0996828
676 -0.0992806 -0.0990754
677 -0.0982809 -0.0980769
678 -0.0968933 -0.0966914
679 -0.0951234 -0.0949243
680 -0.092978 -0.0927825
681 -0.0904657 -0.0902746
682 -0.0875964 -0.0874104
683 -0.0843814 -0.0842012
684 -0.0808333 -0.0806598
685 -0.0769663 -0.0768
686 -0.0727955 -0.0726371
687 -0.0683374 -0.0681875
688 -0.0636096 -0.0634689
689 -0.0586308 -0.0584997
690 -0.0534206 -0.0532997
691 -0.0479995 -0.0478894
692 -0.042389 -0.04229
693 -0.0366113 -0.0365237
694 -0.030689 -0.0306133
695 -0.0246456 -0.0245821
696 -0.018505 -0.0184539
697 -0.0122913 -0.0122528
698 -0.00602917 -0.00600341
699 0.000256797 0.000269705
700 0.00654175 0.00654175
701 0.0128009 0.012788
702 0.0190095 0.0189837
703 0.0251431 0.0251046
704 0.0311775 0.0311263
705 0.0370888 0.0370253
706 0.0428538 0.0427781
707 0.0484496 0.048362
708 0.0538542 0.0537552
709 0.0590463 0.0589361
710 0.0640053 0.0638845
711 0.0687118 0.0685807
712 0.0731471 0.0730063
713 0.0772937 0.0771438
714 0.0811352 0.0809768
715 0.0846566 0.0844903
716 0.0878438 0.0876703
717 0.0906844 0.0905043
718 0.0931671 0.0929811
719 0.0952821 0.0950909
720 0.0970211 0.0968255
721 0.0983771 0.098178
722 0.0993449 0.099143
723 0.0999207 0.0997167
724 0.100102 0.0998969
725 0.0998884 0.0996828
726 0.0992806 0.0990754
727 0.0982809 0.0980769
728 0.0968933 0.0966914
729 0.0951234 0.0949243
730 0.092978 0.0927825
731 0.0904657 0.0902746
732 0.0875964 0.0874104
733 0.0843814 0.0842012
734 0.0808333 0.0806598
735 0.0769663 0.0768
736 0.0727955 0.0726371
737 0.0683374 0.0681875
738 0.0636096 0.0634689
739 0.0586308 0.0584997
740 0.0534206 0.0532997
741 0.0479995 0.0478894
742 0.042389 0.04229
743 0.0366113 0.0365237
744 0.030689 0.0306133
745 0.0246456 0.0245821
746 0.018505 0.0184539
747 0.0122913 0.0122528
748 0.00602917 0.00600341
749 -0.000256797 -0.000269705
750 -0.00654175 -0.00654175
751 -0.0128009 -0.012788
752 -0.0190095 -0.0189837
753 -0.0251431 -0.0251046
754 -0.0311775 -0.0311263
755 -0.0370888 -0.0370253
756 -0.0428538 -0.0427781
757 -0.0484496 -0.048362
758 -0.0538542 -0.0537552
759 -0.0590463 -0.0589361
760 -0.0640053 -0.0638845
761 -0.0687118 -0.0685807
762 -0.0731471 -0.0730063
763 -0.0772937 -0.0771438
764 -0.0811352 -0.0809768
765 -0.0846566 -0.0844903
766 -0.0878438 -0.0876703
767 -0.0906844 -0.0905043
768 -0.0931671 -0.0929811
769 -0.0952821 -0.0950909
770 -0.0970211 -0.0968255
771 -0.0983771 -0.098178
772 -0.0993449 -0.099143
773 -0.0999207 -0.0997167
774 -0.100102 -0.0998969
775 -0.0998884 -0.0996828
776 -0.0992806 -0.0990754
777 -0.0982809 -0.0980769
778 -0.0968933 -0.0966914
779 -0.0951234 -0.0949243
780 -0.092978 -0.0927825
781 -0.0904657 -0.0902746
782 -0.0875964 -0.0874104
783 -0.0843814 -0.0842012
784 -0.0808333 -0.0806598
785 -0.0769663 -0.0768
786 -0.0727955 -0.0726371
787 -0.0683374 -0.0681875
788 -0.0636096 -0.0634689
789 -0.0586308 -0.0584997
790 -0.0534206 -0.0532997
791 -0.0479995 -0.0478894
792 -0.042389 -0.04229
793 -0.0366113 -0.0365237
794 -0.030689 -0.0306133
795 -0.0246456 -0.0245821
796 -0.018505 -0.0184539
797 -0.0122913 -0.0122528
798 -0.00602917 -0.00600341
799 0.000256797 0.000269705
800 0.00654175 0.00654175
801 0.0128009 0.012788
802 0.0190095 0.0189837
803 0.0251431 0.0251046
804 0.0311775 0.0311263
805 0.0370888 0.0370253
806 0.0428538 0.0427781
807 0.0484496 0.048362
808 0.0538542 0.0537552
809 0.0590463 0.0589361
810 0.0640053 0.0638845
811 0.0687118 0.0685807
812 0.0731471 0.0730063
813 0.0772937 0.0771438
814 0.0811352 0.0809768
815 0.0846566 0.0844903
816 0.0878438 0.0876703
817 0.0906844 0.0905043
818 0.0931671 0.0929811
819 0.0952821 0.0950909
820 0.0970211 0.0968255
821 0.0983771 0.098178
822 0.0993449 0.099143
823 0.0999207 0.0997167
824 0.100102 0.0998969
825 0.0998884 0.0996828
826 0.0992806 0.0990754
827 0.0982809 0.0980769
828 0.0968933 0.0966914
829 0.0951234 0.0949243
830 0.092978 0.0927825
831 0.0904657 0.0902746
832 0.0875964 0.0874104
833 0.0843814 0.0842012
834 0.0808333 0.0806598
835 0.0769663 0.0768
836 0.0727955 0.0726371
837 0.0683374 0.0681875
838 0.0636096 0.0634689
839 0.0586308 0.0584997
840 0.0534206 0.0532997
841 0.0479995 0.0478894
842 0.042389 0.04229
843 0.0366113 0.0365237
844 0.030689 0.0306133
845 0.0246456 0.0245821
846 0.018505 0.0184539
847 0.0122913 0.0122528
848 0.00602917 0.00600341
849 -0.000256797 -0.000269705
850 -0.00654175 -0.00654175
851 -0.0128009 -0.012788
852 -0.0190095 -0.0189837
853 -0.0251431 -0.0251046
854 -0.0311775 -0.0311263
855 -0.0370888 -0.0370253
856 -0.0428538 -0.0427781
857 -0.0484496 -0.048362
858 -0.0538542 -0.0537552
859 -0.0590463 -0.0589361
860 -0.0640053 -0.0638845
861 -0.0687118 -0.0685807
862 -0.0731471 -0.0730063
863 -0.0772937 -0.0771438
864 -0.0811352 -0.0809768
865 -0.0846566 -0.0844903
866 -0.0878438 -0.0876703
867 -0.0906844 -0.0905043
868 -0.0931671 -0.0929811
869 -0.0952821 -0.0950909
870 -0.0970211 -0.0968255
871 -0.0983771 -0.098178
872 -0.0993449 -0.099143
873 -0.0999207 -0.0997167
874 -0.100102 -0.0998969
875 -0.0998884 -0.0996828
876 -0.0992806 -0.0990754
877 -0.0982809 -0.0980769
878 -0.0968933 -0.0966914
879 -0.0951234 -0.0949243
880 -0.092978 -0.0927825
881 -0.0904657 -0.0902746
882 -0.0875964 -0.0874104
883 -0.0843814 -0.0842012
884 -0.0808333 -0.0806598
885 -0.0769663 -0.0768
886 -0.0727955 -0.0726371
887 -0.0683374 -0.0681875
888 -0.0636096 -0.0634689
889 -0.0586308 -0.0584997
890 -0.0534206 -0.0532997
891 -0.0479995 -0.0478894
892 -0.042389 -0.04229
893 -0.0366113 -0.0365237
894 -0.030689 -0.0306133
895 -0.0246456 -0.0245821
896 -0.018505 -0.0184539
897 -0.0122913 -0.0122528
898 -0.00602917 -0.00600341
899 0.000256797 0.000269705
900 0.00654175 0.00654175
901 0.0128009 0.012788
902 0.0190095 0.0189837
903 0.0251431 0.0251046
904 0.0311775 0.0311263
905 0.0370888 0.0370253
906 0.0428538 0.0427781
907 0.0484496 0.048362
908 0.0538542 0.0537552
909 0.0590463 0.0589361
910 0.0640053 0.0638845
911 0.0687118 0.0685807
912 0.0731471 0.0730063
913 0.0772937 0.0771438
914 0.0811352 0.0809768
915 0.0846566 0.0844903
916 0.0878438 0.0876703
917 0.0906844 0.0905043
918 0.0931671 0.0929811
919 0.0952821 0.0950909
920 0.0970211 0.0968255
921 0.0983771 0.098178
922 0.0993449 0.099143
923 0.0999207 0.0997167
924 0.100102 0.0998969
925 0.0998884 0.0996828
926 0.0992806 0.0990754
927 0.0982809 0.0980769
928 0.0968933 0.0966914
929 0.0951234 0.0949243
930 0.092978 0.0927825
931 0.0904657 0.0902746
932 0.0875964 0.0874104
933 0.0843814 0.0842012
934 0.0808333 0.0806598
935 0.0769663 0.0768
936 0.0727955 0.0726371
937 0.0683374 0.0681875
938 0.0636096 0.0634689
939 0.0586308 0.0584997
940 0.0534206 0.0532997
941 0.0479995 0.0478894
942 0.042389 0.04229
943 0.0366113 0.0365237
944 0.030689 0.0306133
945 0.0246456 0.0245821
946 0.018505 0.0184539
947 0.0122913 0.0122528
948 0.00602917 0.00600341
949 -0.000256797 -0.000269705
950 -0.00654175 -0.00654175
951 -0.0128009 -0.012788
952 -0.0190095 -0.0189837
953 -0.0251431 -0.0251046
954 -0.0311775 -0.0311263
955 -0.0370888 -0.0370253
956 -0.0428538 -0.0427781
957 -0.0484496 -0.048362
958 -0.0538542 -0.0537552
959 -0.0590463 -0.0589361
960 -0.0640053 -0.0638845
961 -0.0687118 -0.0685807
962 -0.0731471 -0.0730063
963 -0.0772937 -0.0771438
964 -0.0811352 -0.0809768
965 -0.0846566 -0.0844903
966 -0.0878438 -0.0876703
967 -0.0906844 -0.0905043
968 -0.0931671 -0.0929811
969 -0.0952821 -0.0950909
970 -0.0970211 -0.0968255
971 -0.0983771 -0.098178
972 -0.0993449 -0.099143
973 -0.0999207 -0.0997167
974 -0.100102 -0.0998969
975 -0.0998884 -0.0996828
976 -0.0992806 -0.0990754
977 -0.0982809 -0.0980769
978 -0.0968933 -0.0966914
979 -0.0951234 -0.0949243
980 -0.092978 -0.0927825
981 -0.0904657 -0.0902746
982 -0.0875964 -0.0874104
983 -0.0843814 -0.0842012
984 -0.0808333 -0.0806598
985 -0.0769663 -0.0768
986 -0.0727955 -0.0726371
987 -0.0683374 -0.0681875
988 -0.0636096 -0.0634689
989 -0.0586308 -0.0584997
990 -0.0534206 -0.0532997
991 -0.0479995 -0.0478894
992 -0.042389 -0.04229
993 -0.0366113 -0.0365237
994 -0.030689 -0.0306133
995 -0.0246456 -0.0245821
996 -0.018505 -0.0184539
997 -0.0122913 -0.0122528
998 -0.00602917 -0.00600341
999 0.000256797 0.000269705
