0 -0.031106 -0.031106
1 -0.0370427 -0.0369813
2 -0.0428331 -0.0427106
3 -0.0484545 -0.0482713
4 -0.0538847 -0.0536415
5 -0.0591022 -0.0588001
6 -0.0640864 -0.0637265
7 -0.0688177 -0.0684015
8 -0.0732775 -0.0728065
9 -0.077448 -0.0769242
10 -0.0813129 -0.0807383
11 -0.0848569 -0.0842338
12 -0.088066 -0.0873968
13 -0.0909276 -0.090215
14 -0.0934303 -0.092677
15 -0.0955642 -0.0947734
16 -0.097321 -0.0964957
17 -0.0986938 -0.0978372
18 -0.099677 -0.0987925
19 -0.100267 -0.099358
20 -0.100461 -0.0995313
21 -0.100259 -0.0993119
22 -0.0996607 -0.0987005
23 -0.0986694 -0.0976996
24 -0.0972887 -0.0963131
25 -0.095524 -0.0945465
26 -0.0933824 -0.0924067
27 -0.0908722 -0.0899023
28 -0.0880033 -0.0870431
29 -0.0847872 -0.0838404
30 -0.0812364 -0.0803067
31 -0.0773651 -0.0764562
32 -0.0731884 -0.0723039
33 -0.0687229 -0.0678662
34 -0.0639861 -0.0631608
35 -0.0589969 -0.058206
36 -0.0537748 -0.0530216
37 -0.0483405 -0.0476279
38 -0.0427154 -0.0420462
39 -0.0369217 -0.0362986
40 -0.0309823 -0.0304077
41 -0.0249206 -0.0243968
42 -0.0187606 -0.0182897
43 -0.0125266 -0.0121103
44 -0.00624306 -0.0058832
45 6.50656e-05 0.000367144
46 0.00637294 0.00661604
47 0.0126557 0.0128388
48 0.0188884 0.019011
49 0.0250467 0.025108
50 0.031106 0.031106
51 0.0370427 0.0369813
52 0.0428331 0.0427106
53 0.0484545 0.0482713
54 0.0538847 0.0536415
55 0.0591022 0.0588001
56 0.0640864 0.0637265
57 0.0688177 0.0684015
58 0.0732775 0.0728065
59 0.077448 0.0769242
60 0.0813129 0.0807383
61 0.0848569 0.0842338
62 0.088066 0.0873968
63 0.0909276 0.090215
64 0.0934303 0.092677
65 0.0955642 0.0947734
66 0.097321 0.0964957
67 0.0986938 0.0978372
68 0.099677 0.0987925
69 0.100267 0.099358
70 0.100461 0.0995313
71 0.100259 0.0993119
72 0.0996607 0.0987005
73 0.0986694 0.0976996
74 0.0972887 0.0963131
75 0.095524 0.0945465
76 0.0933824 0.0924067
77 0.0908722 0.0899023
78 0.0880033 0.0870431
79 0.0847872 0.0838404
80 0.0812364 0.0803067
81 0.0773651 0.0764562
82 0.0731884 0.0723039
83 0.0687229 0.0678662
84 0.0639861 0.0631608
85 0.0589969 0.058206
86 0.0537748 0.0530216
87 0.0483405 0.0476279
88 0.0427154 0.0420462
89 0.0369217 0.0362986
90 0.0309823 0.0304077
91 0.0249206 0.0243968
92 0.0187606 0.0182897
93 0.0125266 0.0121103
94 0.00624306 0.0058832
95 -6.50656e-05 -0.000367144
96 -0.00637294 -0.00661604
97 -0.0126557 -0.0128388
98 -0.0188884 -0.019011
99 -0.0250467 -0.025108
100 -0.031106 -0.031106
101 -0.0370427 -0.0369813
102 -0.0428331 -0.0427106
103 -0.0484545 -0.0482713
104 -0.0538847 -0.0536415
105 -0.0591022 -0.0588001
106 -0.0640864 -0.0637265
107 -0.0688177 -0.0684015
108 -0.0732775 -0.0728065
109 -0.077448 -0.0769242
110 -0.0813129 -0.0807383
111 -0.0848569 -0.0842338
112 -0.088066 -0.0873968
113 -0.0909276 -0.090215
114 -0.0934303 -0.092677
115 -0.0955642 -0.0947734
116 -0.097321 -0.0964957
117 -0.0986938 -0.0978372
118 -0.099677 -0.0987925
119 -0.100267 -0.099358
120 -0.100461 -0.0995313
121 -0.100259 -0.0993119
122 -0.0996607 -0.0987005
123 -0.0986694 -0.0976996
124 -0.0972887 -0.0963131
125 -0.095524 -0.0945465
126 -0.0933824 -0.0924067
127 -0.0908722 -0.0899023
128 -0.0880033 -0.0870431
129 -0.0847872 -0.0838404
130 -0.0812364 -0.0803067
131 -0.0773651 -0.0764562
132 -0.0731884 -0.0723039
133 -0.0687229 -0.0678662
134 -0.0639861 -0.0631608
135 -0.0589969 -0.058206
136 -0.0537748 -0.0530216
137 -0.0483405 -0.0476279
138 -0.0427154 -0.0420462
139 -0.0369217 -0.0362986
140 -0.0309823 -0.0304077
141 -0.0249206 -0.0243968
142 -0.0187606 -0.0182897
143 -0.0125266 -0.0121103
144 -0.00624306 -0.0058832
145 6.50656e-05 0.000367144
146 0.00637294 0.00661604
147 0.0126557 0.0128388
148 0.0188884 0.019011
149 0.0250467 0.025108
150 0.031106 0.031106
151 0.0370427 0.0369813
152 0.0428331 0.0427106
153 0.0484545 0.0482713
154 0.0538847 0.0536415
155 0.0591022 0.0588001
156 0.0640864 0.0637265
157 0.0688177 0.0684015
158 0.0732775 0.0728065
159 0.077448 0.0769242
160 0.0813129 0.0807383
161 0.0848569 0.0842338
162 0.088066 0.0873968
163 0.0909276 0.090215
164 0.0934303 0.092677
165 0.0955642 0.0947734
166 0.097321 0.0964957
167 0.0986938 0.0978372
168 0.099677 0.0987925
169 0.100267 0.099358
170 0.100461 0.0995313
171 0.100259 0.0993119
172 0.0996607 0.0987005
173 0.0986694 0.0976996
174 0.0972887 0.0963131
175 0.095524 0.0945465
176 0.0933824 0.0924067
177 0.0908722 0.0899023
178 0.0880033 0.0870431
179 0.0847872 0.0838404
180 0.0812364 0.0803067
181 0.0773651 0.0764562
182 0.0731884 0.0723039
183 0.0687229 0.0678662
184 0.0639861 0.0631608
185 0.0589969 0.058206
186 0.0537748 0.0530216
187 0.0483405 0.0476279
188 0.0427154 0.0420462
189 0.0369217 0.0362986
190 0.0309823 0.0304077
191 0.0249206 0.0243968
192 0.0187606 0.0182897
193 0.0125266 0.0121103
194 0.00624306 0.0058832
195 -6.50656e-05 -0.000367144
196 -0.00637294 -0.00661604
197 -0.0126557 -0.0128388
198 -0.0188884 -0.019011
199 -0.0250467 -0.025108
200 -0.031106 -0.031106
201 -0.0370427 -0.0369813
202 -0.0428331 -0.0427106
203 -0.0484545 -0.0482713
204 -0.0538847 -0.0536415
205 -0.0591022 -0.0588001
206 -0.0640864 -0.0637265
207 -0.0688177 -0.0684015
208 -0.0732775 -0.0728065
209 -0.077448 -0.0769242
210 -0.0813129 -0.0807383
211 -0.0848569 -0.0842338
212 -0.088066 -0.0873968
213 -0.0909276 -0.090215
214 -0.0934303 -0.092677
215 -0.0955642 -0.0947734
216 -0.097321 -0.0964957
217 -0.0986938 -0.0978372
218 -0.099677 -0.0987925
219 -0.100267 -0.099358
220 -0.100461 -0.0995313
221 -0.100259 -0.0993119
222 -0.0996607 -0.0987005
223 -0.0986694 -0.0976996
224 -0.0972887 -0.0963131
225 -0.095524 -0.0945465
226 -0.0933824 -0.0924067
227 -0.0908722 -0.0899023
228 -0.0880033 -0.0870431
229 -0.0847872 -0.0838404
230 -0.0812364 -0.0803067
231 -0.0773651 -0.0764562
232 -0.0731884 -0.0723039
233 -0.0687229 -0.0678662
234 -0.0639861 -0.0631608
235 -0.0589969 -0.058206
236 -0.0537748 -0.0530216
237 -0.0483405 -0.0476279
238 -0.0427154 -0.0420462
239 -0.0369217 -0.0362986
240 -0.0309823 -0.0304077
241 -0.0249206 -0.0243968
242 -0.0187606 -0.0182897
243 -0.0125266 -0.0121103
244 -0.00624306 -0.0058832
245 6.50656e-05 0.000367144
246 0.00637294 0.00661604
247 0.0126557 0.0128388
248 0.0188884 0.019011
249 0.0250467 0.025108
250 0.031106 0.031106
251 0.0370427 0.0369813
252 0.0428331 0.0427106
253 0.0484545 0.0482713
254 0.0538847 0.0536415
255 0.0591022 0.0588001
256 0.0640864 0.0637265
257 0.0688177 0.0684015
258 0.0732775 0.0728065
259 0.077448 0.0769242
260 0.0813129 0.0807383
261 0.0848569 0.0842338
262 0.088066 0.0873968
263 0.0909276 0.090215
264 0.0934303 0.092677
265 0.0955642 0.0947734
266 0.097321 0.0964957
267 0.0986938 0.0978372
268 0.099677 0.0987925
269 0.100267 0.099358
270 0.100461 0.0995313
271 0.100259 0.0993119
272 0.0996607 0.0987005
273 0.0986694 0.0976996
274 0.0972887 0.0963131
275 0.095524 0.0945465
276 0.0933824 0.0924067
277 0.0908722 0.0899023
278 0.0880033 0.0870431
279 0.0847872 0.0838404
280 0.0812364 0.0803067
281 0.0773651 0.0764562
282 0.0731884 0.0723039
283 0.0687229 0.0678662
284 0.0639861 0.0631608
285 0.0589969 0.058206
286 0.0537748 0.0530216
287 0.0483405 0.0476279
288 0.0427154 0.0420462
289 0.0369217 0.0362986
290 0.0309823 0.0304077
291 0.0249206 0.0243968
292 0.0187606 0.0182897
293 0.0125266 0.0121103
294 0.00624306 0.0058832
295 -6.50656e-05 -0.000367144
296 -0.00637294 -0.00661604
297 -0.0126557 -0.0128388
298 -0.0188884 -0.019011
299 -0.0250467 -0.025108
300 -0.031106 -0.031106
301 -0.0370427 -0.0369813
302 -0.0428331 -0.0427106
303 -0.0484545 -0.0482713
304 -0.0538847 -0.0536415
305 -0.0591022 -0.0588001
306 -0.0640864 -0.0637265
307 -0.0688177 -0.0684015
308 -0.0732775 -0.0728065
309 -0.077448 -0.0769242
310 -0.0813129 -0.0807383
311 -0.0848569 -0.0842338
312 -0.088066 -0.0873968
313 -0.0909276 -0.090215
314 -0.0934303 -0.092677
315 -0.0955642 -0.0947734
316 -0.097321 -0.0964957
317 -0.0986938 -0.0978372
318 -0.099677 -0.0987925
319 -0.100267 -0.099358
320 -0.100461 -0.0995313
321 -0.100259 -0.0993119
322 -0.0996607 -0.0987005
323 -0.0986694 -0.0976996
324 -0.0972887 -0.0963131
325 -0.095524 -0.0945465
326 -0.0933824 -0.0924067
327 -0.0908722 -0.0899023
328 -0.0880033 -0.0870431
329 -0.0847872 -0.0838404
330 -0.0812364 -0.0803067
331 -0.0773651 -0.0764562
332 -0.0731884 -0.0723039
333 -0.0687229 -0.0678662
334 -0.0639861 -0.0631608
335 -0.0589969 -0.058206
336 -0.0537748 -0.0530216
337 -0.0483405 -0.0476279
338 -0.0427154 -0.0420462
339 -0.0369217 -0.0362986
340 -0.0309823 -0.0304077
341 -0.0249206 -0.0243968
342 -0.0187606 -0.0182897
343 -0.0125266 -0.0121103
344 -0.00624306 -0.0058832
345 6.50656e-05 0.000367144
346 0.00637294 0.00661604
347 0.0126557 0.0128388
348 0.0188884 0.019011
349 0.0250467 0.025108
350 0.031106 0.031106
351 0.0370427 0.0369813
352 0.0428331 0.0427106
353 0.0484545 0.0482713
354 0.0538847 0.0536415
355 0.0591022 0.0588001
356 0.0640864 0.0637265
357 0.0688177 0.0684015
358 0.0732775 0.0728065
359 0.077448 0.0769242
360 0.0813129 0.0807383
361 0.0848569 0.0842338
362 0.088066 0.0873968
363 0.0909276 0.090215
364 0.0934303 0.092677
365 0.0955642 0.0947734
366 0.097321 0.0964957
367 0.0986938 0.0978372
368 0.099677 0.0987925
369 0.100267 0.099358
370 0.100461 0.0995313
371 0.100259 0.0993119
372 0.0996607 0.0987005
373 0.0986694 0.0976996
374 0.0972887 0.0963131
375 0.095524 0.0945465
376 0.0933824 0.0924067
377 0.0908722 0.0899023
378 0.0880033 0.0870431
379 0.0847872 0.0838404
380 0.0812364 0.0803067
381 0.0773651 0.0764562
382 0.0731884 0.0723039
383 0.0687229 0.0678662
384 0.0639861 0.0631608
385 0.0589969 0.058206
386 0.0537748 0.0530216
387 0.0483405 0.0476279
388 0.0427154 0.0420462
389 0.0369217 0.0362986
390 0.0309823 0.0304077
391 0.0249206 0.0243968
392 0.0187606 0.0182897
393 0.0125266 0.0121103
394 0.00624306 0.0058832
395 -6.50656e-05 -0.000367144
396 -0.00637294 -0.00661604
397 -0.0126557 -0.0128388
398 -0.0188884 -0.019011
399 -0.0250467 -0.025108
400 -0.031106 -0.031106
401 -0.0370427 -0.0369813
402 -0.0428331 -0.0427106
403 -0.0484545 -0.0482713
404 -0.0538847 -0.0536415
405 -0.0591022 -0.0588001
406 -0.0640864 -0.0637265
407 -0.0688177 -0.0684015
408 -0.0732775 -0.0728065
409 -0.077448 -0.0769242
410 -0.0813129 -0.0807383
411 -0.0848569 -0.0842338
412 -0.088066 -0.0873968
413 -0.0909276 -0.090215
414 -0.0934303 -0.092677
415 -0.0955642 -0.0947734
416 -0.097321 -0.0964957
417 -0.0986938 -0.0978372
418 -0.099677 -0.0987925
419 -0.100267 -0.099358
420 -0.100461 -0.0995313
421 -0.100259 -0.0993119
422 -0.0996607 -0.0987005
423 -0.0986694 -0.0976996
424 -0.0972887 -0.0963131
425 -0.095524 -0.0945465
426 -0.0933824 -0.0924067
427 -0.0908722 -0.0899023
428 -0.0880033 -0.0870431
429 -0.0847872 -0.0838404
430 -0.0812364 -0.0803067
431 -0.0773651 -0.0764562
432 -0.0731884 -0.0723039
433 -0.0687229 -0.0678662
434 -0.0639861 -0.0631608
435 -0.0589969 -0.058206
436 -0.0537748 -0.0530216
437 -0.0483405 -0.0476279
438 -0.0427154 -0.0420462
439 -0.0369217 -0.0362986
440 -0.0309823 -0.0304077
441 -0.0249206 -0.0243968
442 -0.0187606 -0.0182897
443 -0.0125266 -0.0121103
444 -0.00624306 -0.0058832
445 6.50656e-05 0.000367144
446 0.00637294 0.00661604
447 0.0126557 0.0128388
448 0.0188884 0.019011
449 0.0250467 0.025108
450 0.031106 0.031106
451 0.0370427 0.0369813
452 0.0428331 0.0427106
453 0.0484545 0.0482713
454 0.0538847 0.0536415
455 0.0591022 0.0588001
456 0.0640864 0.0637265
457 0.0688177 0.0684015
458 0.0732775 0.0728065
459 0.077448 0.0769242
460 0.0813129 0.0807383
461 0.0848569 0.0842338
462 0.088066 0.0873968
463 0.0909276 0.090215
464 0.0934303 0.092677
465 0.0955642 0.0947734
466 0.097321 0.0964957
467 0.0986938 0.0978372
468 0.099677 0.0987925
469 0.100267 0.099358
470 0.100461 0.0995313
471 0.100259 0.0993119
472 0.0996607 0.0987005
473 0.0986694 0.0976996
474 0.0972887 0.0963131
475 0.095524 0.0945465
476 0.0933824 0.0924067
477 0.0908722 0.0899023
478 0.0880033 0.0870431
479 0.0847872 0.0838404
480 0.0812364 0.0803067
481 0.0773651 0.0764562
482 0.0731884 0.0723039
483 0.0687229 0.0678662
484 0.0639861 0.0631608
485 0.0589969 0.058206
486 0.0537748 0.0530216
487 0.0483405 0.0476279
488 0.0427154 0.0420462
489 0.0369217 0.0362986
490 0.0309823 0.0304077
491 0.0249206 0.0243968
492 0.0187606 0.0182897
493 0.0125266 0.0121103
494 0.00624306 0.0058832
495 -6.50656e-05 -0.000367144
496 -0.00637294 -0.00661604
497 -0.0126557 -0.0128388
498 -0.0188884 -0.019011
499 -0.0250467 -0.025108
500 -0.031106 -0.031106
501 -0.0370427 -0.0369813
502 -0.0428331 -0.0427106
503 -0.0484545 -0.0482713
504 -0.0538847 -0.0536415
505 -0.0591022 -0.0588001
506 -0.0640864 -0.0637265
507 -0.0688177 -0.0684015
508 -0.0732775 -0.0728065
509 -0.077448 -0.0769242
510 -0.0813129 -0.0807383
511 -0.0848569 -0.0842338
512 -0.088066 -0.0873968
513 -0.0909276 -0.090215
514 -0.0934303 -0.092677
515 -0.0955642 -0.0947734
516 -0.097321 -0.0964957
517 -0.0986938 -0.0978372
518 -0.099677 -0.0987925
519 -0.100267 -0.099358
520 -0.100461 -0.0995313
521 -0.100259 -0.0993119
522 -0.0996607 -0.0987005
523 -0.0986694 -0.0976996
524 -0.0972887 -0.0963131
525 -0.095524 -0.0945465
526 -0.0933824 -0.0924067
527 -0.0908722 -0.0899023
528 -0.0880033 -0.0870431
529 -0.0847872 -0.0838404
530 -0.0812364 -0.0803067
531 -0.0773651 -0.0764562
532 -0.0731884 -0.0723039
533 -0.0687229 -0.0678662
534 -0.0639861 -0.0631608
535 -0.0589969 -0.058206
536 -0.0537748 -0.0530216
537 -0.0483405 -0.0476279
538 -0.0427154 -0.0420462
539 -0.0369217 -0.0362986
540 -0.0309823 -0.0304077
541 -0.0249206 -0.0243968
542 -0.0187606 -0.0182897
543 -0.0125266 -0.0121103
544 -0.00624306 -0.0058832
545 6.50656e-05 0.000367144
546 0.00637294 0.00661604
547 0.0126557 0.0128388
548 0.0188884 0.019011
549 0.0250467 0.025108
550 0.031106 0.031106
551 0.0370427 0.0369813
552 0.0428331 0.0427106
553 0.0484545 0.0482713
554 0.0538847 0.0536415
555 0.0591022 0.0588001
556 0.0640864 0.0637265
557 0.0688177 0.0684015
558 0.0732775 0.0728065
559 0.077448 0.0769242
560 0.0813129 0.0807383
561 0.0848569 0.0842338
562 0.088066 0.0873968
563 0.0909276 0.090215
564 0.0934303 0.092677
565 0.0955642 0.0947734
566 0.097321 0.0964957
567 0.0986938 0.0978372
568 0.099677 0.0987925
569 0.100267 0.099358
570 0.100461 0.0995313
571 0.100259 0.0993119
572 0.0996607 0.0987005
573 0.0986694 0.0976996
574 0.0972887 0.0963131
575 0.095524 0.0945465
576 0.0933824 0.0924067
577 0.0908722 0.0899023
578 0.0880033 0.0870431
579 0.0847872 0.0838404
580 0.0812364 0.0803067
581 0.0773651 0.0764562
582 0.0731884 0.0723039
583 0.0687229 0.0678662
584 0.0639861 0.0631608
585 0.0589969 0.058206
586 0.0537748 0.0530216
587 0.0483405 0.0476279
588 0.0427154 0.0420462
589 0.0369217 0.0362986
590 0.0309823 0.0304077
591 0.0249206 0.0243968
592 0.0187606 0.0182897
593 0.0125266 0.0121103
594 0.00624306 0.0058832
595 -6.50656e-05 -0.000367144
596 -0.00637294 -0.00661604
597 -0.0126557 -0.0128388
598 -0.0188884 -0.019011
599 -0.0250467 -0.025108
600 -0.031106 -0.031106
601 -0.0370427 -0.0369813
602 -0.0428331 -0.0427106
603 -0.0484545 -0.0482713
604 -0.0538847 -0.0536415
605 -0.0591022 -0.0588001
606 -0.0640864 -0.0637265
607 -0.0688177 -0.0684015
608 -0.0732775 -0.0728065
609 -0.077448 -0.0769242
610 -0.0813129 -0.0807383
611 -0.0848569 -0.0842338
612 -0.088066 -0.0873968
613 -0.0909276 -0.090215
614 -0.0934303 -0.092677
615 -0.0955642 -0.0947734
616 -0.097321 -0.0964957
617 -0.0986938 -0.0978372
618 -0.099677 -0.0987925
619 -0.100267 -0.099358
620 -0.100461 -0.0995313
621 -0.100259 -0.0993119
622 -0.0996607 -0.0987005
623 -0.0986694 -0.0976996
624 -0.0972887 -0.0963131
625 -0.095524 -0.0945465
626 -0.0933824 -0.0924067
627 -0.0908722 -0.0899023
628 -0.0880033 -0.0870431
629 -0.0847872 -0.0838404
630 -0.0812364 -0.0803067
631 -0.0773651 -0.0764562
632 -0.0731884 -0.0723039
633 -0.0687229 -0.0678662
634 -0.0639861 -0.0631608
635 -0.0589969 -0.058206
636 -0.0537748 -0.0530216
637 -0.0483405 -0.0476279
638 -0.0427154 -0.0420462
639 -0.0369217 -0.0362986
640 -0.0309823 -0.0304077
641 -0.0249206 -0.0243968
642 -0.0187606 -0.0182897
643 -0.0125266 -0.0121103
644 -0.00624306 -0.0058832
645 6.50656e-05 0.000367144
646 0.00637294 0.00661604
647 0.0126557 0.0128388
648 0.0188884 0.019011
649 0.0250467 0.025108
650 0.031106 0.031106
651 0.0370427 0.0369813
652 0.0428331 0.0427106
653 0.0484545 0.0482713
654 0.0538847 0.0536415
655 0.0591022 0.0588001
656 0.0640864 0.0637265
657 0.0688177 0.0684015
658 0.0732775 0.0728065
659 0.077448 0.0769242
660 0.0813129 0.0807383
661 0.0848569 0.0842338
662 0.088066 0.0873968
663 0.0909276 0.090215
664 0.0934303 0.092677
665 0.0955642 0.0947734
666 0.097321 0.0964957
667 0.0986938 0.0978372
668 0.099677 0.0987925
669 0.100267 0.099358
670 0.100461 0.0995313
671 0.100259 0.0993119
672 0.0996607 0.0987005
673 0.0986694 0.0976996
674 0.0972887 0.0963131
675 0.095524 0.0945465
676 0.0933824 0.0924067
677 0.0908722 0.0899023
678 0.0880033 0.0870431
679 0.0847872 0.0838404
680 0.0812364 0.0803067
681 0.0773651 0.0764562
682 0.0731884 0.0723039
683 0.0687229 0.0678662
684 0.0639861 0.0631608
685 0.0589969 0.058206
686 0.0537748 0.0530216
687 0.0483405 0.0476279
688 0.0427154 0.0420462
689 0.0369217 0.0362986
690 0.0309823 0.0304077
691 0.0249206 0.0243968
692 0.0187606 0.0182897
693 0.0125266 0.0121103
694 0.00624306 0.0058832
695 -6.50656e-05 -0.000367144
696 -0.00637294 -0.00661604
697 -0.0126557 -0.0128388
698 -0.0188884 -0.019011
699 -0.0250467 -0.025108
700 -0.031106 -0.031106
701 -0.0370427 -0.0369813
702 -0.0428331 -0.0427106
703 -0.0484545 -0.0482713
704 -0.0538847 -0.0536415
705 -0.0591022 -0.0588001
706 -0.0640864 -0.0637265
707 -0.0688177 -0.0684015
708 -0.0732775 -0.0728065
709 -0.077448 -0.0769242
710 -0.0813129 -0.0807383
711 -0.0848569 -0.0842338
712 -0.088066 -0.0873968
713 -0.0909276 -0.090215
714 -0.0934303 -0.092677
715 -0.0955642 -0.0947734
716 -0.097321 -0.0964957
717 -0.0986938 -0.0978372
718 -0.099677 -0.0987925
719 -0.100267 -0.099358
720 -0.100461 -0.0995313
721 -0.100259 -0.0993119
722 -0.0996607 -0.0987005
723 -0.0986694 -0.0976996
724 -0.0972887 -0.0963131
725 -0.095524 -0.0945465
726 -0.0933824 -0.0924067
727 -0.0908722 -0.0899023
728 -0.0880033 -0.0870431
729 -0.0847872 -0.0838404
730 -0.0812364 -0.0803067
731 -0.0773651 -0.0764562
732 -0.0731884 -0.0723039
733 -0.0687229 -0.0678662
734 -0.0639861 -0.0631608
735 -0.0589969 -0.058206
736 -0.0537748 -0.0530216
737 -0.0483405 -0.0476279
738 -0.0427154 -0.0420462
739 -0.0369217 -0.0362986
740 -0.0309823 -0.0304077
741 -0.0249206 -0.0243968
742 -0.0187606 -0.0182897
743 -0.0125266 -0.0121103
744 -0.00624306 -0.0058832
745 6.50656e-05 0.000367144
746 0.00637294 0.00661604
747 0.0126557 0.0128388
748 0.0188884 0.019011
749 0.0250467 0.025108
750 0.031106 0.031106
751 0.0370427 0.0369813
752 0.0428331 0.0427106
753 0.0484545 0.0482713
754 0.0538847 0.0536415
755 0.0591022 0.0588001
756 0.0640864 0.0637265
757 0.0688177 0.0684015
758 0.0732775 0.0728065
759 0.077448 0.0769242
760 0.0813129 0.0807383
761 0.0848569 0.0842338
762 0.088066 0.0873968
763 0.0909276 0.090215
764 0.0934303 0.092677
765 0.0955642 0.0947734
766 0.097321 0.0964957
767 0.0986938 0.0978372
768 0.099677 0.0987925
769 0.100267 0.099358
770 0.100461 0.0995313
771 0.100259 0.0993119
772 0.0996607 0.0987005
773 0.0986694 0.0976996
774 0.0972887 0.0963131
775 0.095524 0.0945465
776 0.0933824 0.0924067
777 0.0908722 0.0899023
778 0.0880033 0.0870431
779 0.0847872 0.0838404
780 0.0812364 0.0803067
781 0.0773651 0.0764562
782 0.0731884 0.0723039
783 0.0687229 0.0678662
784 0.0639861 0.0631608
785 0.0589969 0.058206
786 0.0537748 0.0530216
787 0.0483405 0.0476279
788 0.0427154 0.0420462
789 0.0369217 0.0362986
790 0.0309823 0.0304077
791 0.0249206 0.0243968
792 0.0187606 0.0182897
793 0.0125266 0.0121103
794 0.00624306 0.0058832
795 -6.50656e-05 -0.000367144
796 -0.00637294 -0.00661604
797 -0.0126557 -0.0128388
798 -0.0188884 -0.019011
799 -0.0250467 -0.025108
800 -0.031106 -0.031106
801 -0.0370427 -0.0369813
802 -0.0428331 -0.0427106
803 -0.0484545 -0.0482713
804 -0.0538847 -0.0536415
805 -0.0591022 -0.0588001
806 -0.0640864 -0.0637265
807 -0.0688177 -0.0684015
808 -0.0732775 -0.0728065
809 -0.077448 -0.0769242
810 -0.0813129 -0.0807383
811 -0.0848569 -0.0842338
812 -0.088066 -0.0873968
813 -0.0909276 -0.090215
814 -0.0934303 -0.092677
815 -0.0955642 -0.0947734
816 -0.097321 -0.0964957
817 -0.0986938 -0.0978372
818 -0.099677 -0.0987925
819 -0.100267 -0.099358
820 -0.100461 -0.0995313
821 -0.100259 -0.0993119
822 -0.0996607 -0.0987005
823 -0.0986694 -0.0976996
824 -0.0972887 -0.0963131
825 -0.095524 -0.0945465
826 -0.0933824 -0.0924067
827 -0.0908722 -0.0899023
828 -0.0880033 -0.0870431
829 -0.0847872 -0.0838404
830 -0.0812364 -0.0803067
831 -0.0773651 -0.0764562
832 -0.0731884 -0.0723039
833 -0.0687229 -0.0678662
834 -0.0639861 -0.0631608
835 -0.0589969 -0.058206
836 -0.0537748 -0.0530216
837 -0.0483405 -0.0476279
838 -0.0427154 -0.0420462
839 -0.0369217 -0.0362986
840 -0.0309823 -0.0304077
841 -0.0249206 -0.0243968
842 -0.0187606 -0.0182897
843 -0.0125266 -0.0121103
844 -0.00624306 -0.0058832
845 6.50656e-05 0.000367144
846 0.00637294 0.00661604
847 0.0126557 0.0128388
848 0.0188884 0.019011
849 0.0250467 0.025108
850 0.031106 0.031106
851 0.0370427 0.0369813
852 0.0428331 0.0427106
853 0.0484545 0.0482713
854 0.0538847 0.0536415
855 0.0591022 0.0588001
856 0.0640864 0.0637265
857 0.0688177 0.0684015
858 0.0732775 0.0728065
859 0.077448 0.0769242
860 0.0813129 0.0807383
861 0.0848569 0.0842338
862 0.088066 0.0873968
863 0.0909276 0.090215
864 0.0934303 0.092677
865 0.0955642 0.0947734
866 0.097321 0.0964957
867 0.0986938 0.0978372
868 0.099677 0.0987925
869 0.100267 0.099358
870 0.100461 0.0995313
871 0.100259 0.0993119
872 0.0996607 0.0987005
873 0.0986694 0.0976996
874 0.0972887 0.0963131
875 0.095524 0.0945465
876 0.0933824 0.0924067
877 0.0908722 0.0899023
878 0.0880033 0.0870431
879 0.0847872 0.0838404
880 0.0812364 0.0803067
881 0.0773651 0.0764562
882 0.0731884 0.0723039
883 0.0687229 0.0678662
884 0.0639861 0.0631608
885 0.0589969 0.058206
886 0.0537748 0.0530216
887 0.0483405 0.0476279
888 0.0427154 0.0420462
889 0.0369217 0.0362986
890 0.0309823 0.0304077
891 0.0249206 0.0243968
892 0.0187606 0.0182897
893 0.0125266 0.0121103
894 0.00624306 0.0058832
895 -6.50656e-05 -0.000367144
896 -0.00637294 -0.00661604
897 -0.0126557 -0.0128388
898 -0.0188884 -0.019011
899 -0.0250467 -0.025108
900 -0.031106 -0.031106
901 -0.0370427 -0.0369813
902 -0.0428331 -0.0427106
903 -0.0484545 -0.0482713
904 -0.0538847 -0.0536415
905 -0.0591022 -0.0588001
906 -0.0640864 -0.0637265
907 -0.0688177 -0.0684015
908 -0.0732775 -0.0728065
909 -0.077448 -0.0769242
910 -0.0813129 -0.0807383
911 -0.0848569 -0.0842338
912 -0.088066 -0.0873968
913 -0.0909276 -0.090215
914 -0.0934303 -0.092677
915 -0.0955642 -0.0947734
916 -0.097321 -0.0964957
917 -0.0986938 -0.0978372
918 -0.099677 -0.0987925
919 -0.100267 -0.099358
920 -0.100461 -0.0995313
921 -0.100259 -0.0993119
922 -0.0996607 -0.0987005
923 -0.0986694 -0.0976996
924 -0.0972887 -0.0963131
925 -0.095524 -0.0945465
926 -0.0933824 -0.0924067
927 -0.0908722 -0.0899023
928 -0.0880033 -0.0870431
929 -0.0847872 -0.0838404
930 -0.0812364 -0.0803067
931 -0.0773651 -0.0764562
932 -0.0731884 -0.0723039
933 -0.0687229 -0.0678662
934 -0.0639861 -0.0631608
935 -0.0589969 -0.058206
936 -0.0537748 -0.0530216
937 -0.0483405 -0.0476279
938 -0.0427154 -0.0420462
939 -0.0369217 -0.0362986
940 -0.0309823 -0.0304077
941 -0.0249206 -0.0243968
942 -0.0187606 -0.0182897
943 -0.0125266 -0.0121103
944 -0.00624306 -0.0058832
945 6.50656e-05 0.000367144
946 0.00637294 0.00661604
947 0.0126557 0.0128388
948 0.0188884 0.019011
949 0.0250467 0.025108
950 0.031106 0.031106
951 0.0370427 0.0369813
952 0.0428331 0.0427106
953 0.0484545 0.0482713
954 0.0538847 0.0536415
955 0.0591022 0.0588001
956 0.0640864 0.0637265
957 0.0688177 0.0684015
958 0.0732775 0.0728065
959 0.077448 0.0769242
960 0.0813129 0.0807383
961 0.0848569 0.0842338
962 0.088066 0.0873968
963 0.0909276 0.090215
964 0.0934303 0.092677
965 0.0955642 0.0947734
966 0.097321 0.0964957
967 0.0986938 0.0978372
968 0.099677 0.0987925
969 0.100267 0.099358
970 0.100461 0.0995313
971 0.100259 0.0993119
972 0.0996607 0.0987005
973 0.0986694 0.0976996
974 0.0972887 0.0963131
975 0.095524 0.0945465
976 0.0933824 0.0924067
977 0.0908722 0.0899023
978 0.0880033 0.0870431
979 0.0847872 0.0838404
980 0.0812364 0.0803067
981 0.0773651 0.0764562
982 0.0731884 0.0723039
983 0.0687229 0.0678662
984 0.0639861 0.0631608
985 0.0589969 0.058206
986 0.0537748 0.0530216
987 0.0483405 0.0476279
988 0.0427154 0.0420462
989 0.0369217 0.0362986
990 0.0309823 0.0304077
991 0.0249206 0.0243968
992 0.0187606 0.0182897
993 0.0125266 0.0121103
994 0.00624306 0.0058832
995 -6.50656e-05 -0.000367144
996 -0.00637294 -0.00661604
997 -0.0126557 -0.0128388
998 -0.0188884 -0.019011
999 -0.0250467 -0.025108
