0 -0.0891011 -0.0891011
1 -0.0861667 -0.0859909
2 -0.0828922 -0.0825413
3 -0.0792906 -0.0787659
4 -0.0753761 -0.0746797
5 -0.071164 -0.0702988
6 -0.0666712 -0.0656404
7 -0.0619152 -0.060723
8 -0.0569149 -0.0555659
9 -0.0516899 -0.0501895
10 -0.046261 -0.0446151
11 -0.0406494 -0.0388646
12 -0.0348775 -0.0329607
13 -0.0289679 -0.0269267
14 -0.022944 -0.0207865
15 -0.0168295 -0.0145642
16 -0.0106486 -0.00828443
17 -0.00442573 -0.00197197
18 0.00181464 0.00434826
19 0.00804785 0.0106513
20 0.0142493 0.0169124
21 0.0203945 0.0231067
22 0.0264592 0.0292098
23 0.0324195 0.0351976
24 0.0382519 0.0410465
25 0.0439333 0.0467334
26 0.0494413 0.0522359
27 0.0547542 0.0575322
28 0.059851 0.0626015
29 0.0647116 0.0674237
30 0.0693168 0.0719799
31 0.0736485 0.0762519
32 0.0776894 0.0802231
33 0.0814238 0.0838776
34 0.0848369 0.0872011
35 0.0879151 0.0901804
36 0.0906464 0.0928039
37 0.0930199 0.0950611
38 0.0950263 0.0969431
39 0.0966577 0.0984426
40 0.0979077 0.0995535
41 0.0987712 0.100272
42 0.0992449 0.100594
43 0.099327 0.100519
44 0.099017 0.100048
45 0.0983163 0.0991816
46 0.0972276 0.097924
47 0.0957552 0.0962798
48 0.0939048 0.0942558
49 0.0916839 0.0918597
50 0.0891011 0.0891011
51 0.0861667 0.0859909
52 0.0828922 0.0825413
53 0.0792906 0.0787659
54 0.0753761 0.0746797
55 0.071164 0.0702988
56 0.0666712 0.0656404
57 0.0619152 0.060723
58 0.0569149 0.0555659
59 0.0516899 0.0501895
60 0.046261 0.0446151
61 0.0406494 0.0388646
62 0.0348775 0.0329607
63 0.0289679 0.0269267
64 0.022944 0.0207865
65 0.0168295 0.0145642
66 0.0106486 0.00828443
67 0.00442573 0.00197197
68 -0.00181464 -0.00434826
69 -0.00804785 -0.0106513
70 -0.0142493 -0.0169124
71 -0.0203945 -0.0231067
72 -0.0264592 -0.0292098
73 -0.0324195 -0.0351976
74 -0.0382519 -0.0410465
75 -0.0439333 -0.0467334
76 -0.0494413 -0.0522359
77 -0.0547542 -0.0575322
78 -0.059851 -0.0626015
79 -0.0647116 -0.0674237
80 -0.0693168 -0.0719799
81 -0.0736485 -0.0762519
82 -0.0776894 -0.0802231
83 -0.0814238 -0.0838776
84 -0.0848369 -0.0872011
85 -0.0879151 -0.0901804
86 -0.0906464 -0.0928039
87 -0.0930199 -0.0950611
88 -0.0950263 -0.0969431
89 -0.0966577 -0.0984426
90 -0.0979077 -0.0995535
91 -0.0987712 -0.100272
92 -0.0992449 -0.100594
93 -0.099327 -0.100519
94 -0.099017 -0.100048
95 -0.0983163 -0.0991816
96 -0.0972276 -0.097924
97 -0.0957552 -0.0962798
98 -0.0939048 -0.0942558
99 -0.0916839 -0.0918597
100 -0.0891011 -0.0891011
101 -0.0861667 -0.0859909
102 -0.0828922 -0.0825413
103 -0.0792906 -0.0787659
104 -0.0753761 -0.0746797
105 -0.071164 -0.0702988
106 -0.0666712 -0.0656404
107 -0.0619152 -0.060723
108 -0.0569149 -0.0555659
109 -0.0516899 -0.0501895
110 -0.046261 -0.0446151
111 -0.0406494 -0.0388646
112 -0.0348775 -0.0329607
113 -0.0289679 -0.0269267
114 -0.022944 -0.0207865
115 -0.0168295 -0.0145642
116 -0.0106486 -0.00828443
117 -0.00442573 -0.00197197
118 0.00181464 0.00434826
119 0.00804785 0.0106513
120 0.0142493 0.0169124
121 0.0203945 0.0231067
122 0.0264592 0.0292098
123 0.0324195 0.0351976
124 0.0382519 0.0410465
125 0.0439333 0.0467334
126 0.0494413 0.0522359
127 0.0547542 0.0575322
128 0.059851 0.0626015
129 0.0647116 0.0674237
130 0.0693168 0.0719799
131 0.0736485 0.0762519
132 0.0776894 0.0802231
133 0.0814238 0.0838776
134 0.0848369 0.0872011
135 0.0879151 0.0901804
136 0.0906464 0.0928039
137 0.0930199 0.0950611
138 0.0950263 0.0969431
139 0.0966577 0.0984426
140 0.0979077 0.0995535
141 0.0987712 0.100272
142 0.0992449 0.100594
143 0.099327 0.100519
144 0.099017 0.100048
145 0.0983163 0.0991816
146 0.0972276 0.097924
147 0.0957552 0.0962798
148 0.0939048 0.0942558
149 0.0916839 0.0918597
150 0.0891011 0.0891011
151 0.0861667 0.0859909
152 0.0828922 0.0825413
153 0.0792906 0.0787659
154 0.0753761 0.0746797
155 0.071164 0.0702988
156 0.0666712 0.0656404
157 0.0619152 0.060723
158 0.0569149 0.0555659
159 0.0516899 0.0501895
160 0.046261 0.0446151
161 0.0406494 0.0388646
162 0.0348775 0.0329607
163 0.0289679 0.0269267
164 0.022944 0.0207865
165 0.0168295 0.0145642
166 0.0106486 0.00828443
167 0.00442573 0.00197197
168 -0.00181464 -0.00434826
169 -0.00804785 -0.0106513
170 -0.0142493 -0.0169124
171 -0.0203945 -0.0231067
172 -0.0264592 -0.0292098
173 -0.0324195 -0.0351976
174 -0.0382519 -0.0410465
175 -0.0439333 -0.0467334
176 -0.0494413 -0.0522359
177 -0.0547542 -0.0575322
178 -0.059851 -0.0626015
179 -0.0647116 -0.0674237
180 -0.0693168 -0.0719799
181 -0.0736485 -0.0762519
182 -0.0776894 -0.0802231
183 -0.0814238 -0.0838776
184 -0.0848369 -0.0872011
185 -0.0879151 -0.0901804
186 -0.0906464 -0.0928039
187 -0.0930199 -0.0950611
188 -0.0950263 -0.0969431
189 -0.0966577 -0.0984426
190 -0.0979077 -0.0995535
191 -0.0987712 -0.100272
192 -0.0992449 -0.100594
193 -0.099327 -0.100519
194 -0.099017 -0.100048
195 -0.0983163 -0.0991816
196 -0.0972276 -0.097924
197 -0.0957552 -0.0962798
198 -0.0939048 -0.0942558
199 -0.0916839 -0.0918597
200 -0.0891011 -0.0891011
201 -0.0861667 -0.0859909
202 -0.0828922 -0.0825413
203 -0.0792906 -0.0787659
204 -0.0753761 -0.0746797
205 -0.071164 -0.0702988
206 -0.0666712 -0.0656404
207 -0.0619152 -0.060723
208 -0.0569149 -0.0555659
209 -0.0516899 -0.0501895
210 -0.046261 -0.0446151
211 -0.0406494 -0.0388646
212 -0.0348775 -0.0329607
213 -0.0289679 -0.0269267
214 -0.022944 -0.0207865
215 -0.0168295 -0.0145642
216 -0.0106486 -0.00828443
217 -0.00442573 -0.00197197
218 0.00181464 0.00434826
219 0.00804785 0.0106513
220 0.0142493 0.0169124
221 0.0203945 0.0231067
222 0.0264592 0.0292098
223 0.0324195 0.0351976
224 0.0382519 0.0410465
225 0.0439333 0.0467334
226 0.0494413 0.0522359
227 0.0547542 0.0575322
228 0.059851 0.0626015
229 0.0647116 0.0674237
230 0.0693168 0.0719799
231 0.0736485 0.0762519
232 0.0776894 0.0802231
233 0.0814238 0.0838776
234 0.0848369 0.0872011
235 0.0879151 0.0901804
236 0.0906464 0.0928039
237 0.0930199 0.0950611
238 0.0950263 0.0969431
239 0.0966577 0.0984426
240 0.0979077 0.0995535
241 0.0987712 0.100272
242 0.0992449 0.100594
243 0.099327 0.100519
244 0.099017 0.100048
245 0.0983163 0.0991816
246 0.0972276 0.097924
247 0.0957552 0.0962798
248 0.0939048 0.0942558
249 0.0916839 0.0918597
250 0.0891011 0.0891011
251 0.0861667 0.0859909
252 0.0828922 0.0825413
253 0.0792906 0.0787659
254 0.0753761 0.0746797
255 0.071164 0.0702988
256 0.0666712 0.0656404
257 0.0619152 0.060723
258 0.0569149 0.0555659
259 0.0516899 0.0501895
260 0.046261 0.0446151
261 0.0406494 0.0388646
262 0.0348775 0.0329607
263 0.0289679 0.0269267
264 0.022944 0.0207865
265 0.0168295 0.0145642
266 0.0106486 0.00828443
267 0.00442573 0.00197197
268 -0.00181464 -0.00434826
269 -0.00804785 -0.0106513
270 -0.0142493 -0.0169124
271 -0.0203945 -0.0231067
272 -0.0264592 -0.0292098
273 -0.0324195 -0.0351976
274 -0.0382519 -0.0410465
275 -0.0439333 -0.0467334
276 -0.0494413 -0.0522359
277 -0.0547542 -0.0575322
278 -0.059851 -0.0626015
279 -0.0647116 -0.0674237
280 -0.0693168 -0.0719799
281 -0.0736485 -0.0762519
282 -0.0776894 -0.0802231
283 -0.0814238 -0.0838776
284 -0.0848369 -0.0872011
285 -0.0879151 -0.0901804
286 -0.0906464 -0.0928039
287 -0.0930199 -0.0950611
288 -0.0950263 -0.0969431
289 -0.0966577 -0.0984426
290 -0.0979077 -0.0995535
291 -0.0987712 -0.100272
292 -0.0992449 -0.100594
293 -0.099327 -0.100519
294 -0.099017 -0.100048
295 -0.0983163 -0.0991816
296 -0.0972276 -0.097924
297 -0.0957552 -0.0962798
298 -0.0939048 -0.0942558
299 -0.0916839 -0.0918597
300 -0.0891011 -0.0891011
301 -0.0861667 -0.0859909
302 -0.0828922 -0.0825413
303 -0.0792906 -0.0787659
304 -0.0753761 -0.0746797
305 -0.071164 -0.0702988
306 -0.0666712 -0.0656404
307 -0.0619152 -0.060723
308 -0.0569149 -0.0555659
309 -0.0516899 -0.0501895
310 -0.046261 -0.0446151
311 -0.0406494 -0.0388646
312 -0.0348775 -0.0329607
313 -0.0289679 -0.0269267
314 -0.022944 -0.0207865
315 -0.0168295 -0.0145642
316 -0.0106486 -0.00828443
317 -0.00442573 -0.00197197
318 0.00181464 0.00434826
319 0.00804785 0.0106513
320 0.0142493 0.0169124
321 0.0203945 0.0231067
322 0.0264592 0.0292098
323 0.0324195 0.0351976
324 0.0382519 0.0410465
325 0.0439333 0.0467334
326 0.0494413 0.0522359
327 0.0547542 0.0575322
328 0.059851 0.0626015
329 0.0647116 0.0674237
330 0.0693168 0.0719799
331 0.0736485 0.0762519
332 0.0776894 0.0802231
333 0.0814238 0.0838776
334 0.0848369 0.0872011
335 0.0879151 0.0901804
336 0.0906464 0.0928039
337 0.0930199 0.0950611
338 0.0950263 0.0969431
339 0.0966577 0.0984426
340 0.0979077 0.0995535
341 0.0987712 0.100272
342 0.0992449 0.100594
343 0.099327 0.100519
344 0.099017 0.100048
345 0.0983163 0.0991816
346 0.0972276 0.097924
347 0.0957552 0.0962798
348 0.0939048 0.0942558
349 0.0916839 0.0918597
350 0.0891011 0.0891011
351 0.0861667 0.0859909
352 0.0828922 0.0825413
353 0.0792906 0.0787659
354 0.0753761 0.0746797
355 0.071164 0.0702988
356 0.0666712 0.0656404
357 0.0619152 0.060723
358 0.0569149 0.0555659
359 0.0516899 0.0501895
360 0.046261 0.0446151
361 0.0406494 0.0388646
362 0.0348775 0.0329607
363 0.0289679 0.0269267
364 0.022944 0.0207865
365 0.0168295 0.0145642
366 0.0106486 0.00828443
367 0.00442573 0.00197197
368 -0.00181464 -0.00434826
369 -0.00804785 -0.0106513
370 -0.0142493 -0.0169124
371 -0.0203945 -0.0231067
372 -0.0264592 -0.0292098
373 -0.0324195 -0.0351976
374 -0.0382519 -0.0410465
375 -0.0439333 -0.0467334
376 -0.0494413 -0.0522359
377 -0.0547542 -0.0575322
378 -0.059851 -0.0626015
379 -0.0647116 -0.0674237
380 -0.0693168 -0.0719799
381 -0.0736485 -0.0762519
382 -0.0776894 -0.0802231
383 -0.0814238 -0.0838776
384 -0.0848369 -0.0872011
385 -0.0879151 -0.0901804
386 -0.0906464 -0.0928039
387 -0.0930199 -0.0950611
388 -0.0950263 -0.0969431
389 -0.0966577 -0.0984426
390 -0.0979077 -0.0995535
391 -0.0987712 -0.100272
392 -0.0992449 -0.100594
393 -0.099327 -0.100519
394 -0.099017 -0.100048
395 -0.0983163 -0.0991816
396 -0.0972276 -0.097924
397 -0.0957552 -0.0962798
398 -0.0939048 -0.0942558
399 -0.0916839 -0.0918597
400 -0.0891011 -0.0891011
401 -0.0861667 -0.0859909
402 -0.0828922 -0.0825413
403 -0.0792906 -0.0787659
404 -0.0753761 -0.0746797
405 -0.071164 -0.0702988
406 -0.0666712 -0.0656404
407 -0.0619152 -0.060723
408 -0.0569149 -0.0555659
409 -0.0516899 -0.0501895
410 -0.046261 -0.0446151
411 -0.0406494 -0.0388646
412 -0.0348775 -0.0329607
413 -0.0289679 -0.0269267
414 -0.022944 -0.0207865
415 -0.0168295 -0.0145642
416 -0.0106486 -0.00828443
417 -0.00442573 -0.00197197
418 0.00181464 0.00434826
419 0.00804785 0.0106513
420 0.0142493 0.0169124
421 0.0203945 0.0231067
422 0.0264592 0.0292098
423 0.0324195 0.0351976
424 0.0382519 0.0410465
425 0.0439333 0.0467334
426 0.0494413 0.0522359
427 0.0547542 0.0575322
428 0.059851 0.0626015
429 0.0647116 0.0674237
430 0.0693168 0.0719799
431 0.0736485 0.0762519
432 0.0776894 0.0802231
433 0.0814238 0.0838776
434 0.0848369 0.0872011
435 0.0879151 0.0901804
436 0.0906464 0.0928039
437 0.0930199 0.0950611
438 0.0950263 0.0969431
439 0.0966577 0.0984426
440 0.0979077 0.0995535
441 0.0987712 0.100272
442 0.0992449 0.100594
443 0.099327 0.100519
444 0.099017 0.100048
445 0.0983163 0.0991816
446 0.0972276 0.097924
447 0.0957552 0.0962798
448 0.0939048 0.0942558
449 0.0916839 0.0918597
450 0.0891011 0.0891011
451 0.0861667 0.0859909
452 0.0828922 0.0825413
453 0.0792906 0.0787659
454 0.0753761 0.0746797
455 0.071164 0.0702988
456 0.0666712 0.0656404
457 0.0619152 0.060723
458 0.0569149 0.0555659
459 0.0516899 0.0501895
460 0.046261 0.0446151
461 0.0406494 0.0388646
462 0.0348775 0.0329607
463 0.0289679 0.0269267
464 0.022944 0.0207865
465 0.0168295 0.0145642
466 0.0106486 0.00828443
467 0.00442573 0.00197197
468 -0.00181464 -0.00434826
469 -0.00804785 -0.0106513
470 -0.0142493 -0.0169124
471 -0.0203945 -0.0231067
472 -0.0264592 -0.0292098
473 -0.0324195 -0.0351976
474 -0.0382519 -0.0410465
475 -0.0439333 -0.0467334
476 -0.0494413 -0.0522359
477 -0.0547542 -0.0575322
478 -0.059851 -0.0626015
479 -0.0647116 -0.0674237
480 -0.0693168 -0.0719799
481 -0.0736485 -0.0762519
482 -0.0776894 -0.0802231
483 -0.0814238 -0.0838776
484 -0.0848369 -0.0872011
485 -0.0879151 -0.0901804
486 -0.0906464 -0.0928039
487 -0.0930199 -0.0950611
488 -0.0950263 -0.0969431
489 -0.0966577 -0.0984426
490 -0.0979077 -0.0995535
491 -0.0987712 -0.100272
492 -0.0992449 -0.100594
493 -0.099327 -0.100519
494 -0.099017 -0.100048
495 -0.0983163 -0.0991816
496 -0.0972276 -0.097924
497 -0.0957552 -0.0962798
498 -0.0939048 -0.0942558
499 -0.0916839 -0.0918597
500 -0.0891011 -0.0891011
501 -0.0861667 -0.0859909
502 -0.0828922 -0.0825413
503 -0.0792906 -0.0787659
504 -0.0753761 -0.0746797
505 -0.071164 -0.0702988
506 -0.0666712 -0.0656404
507 -0.0619152 -0.060723
508 -0.0569149 -0.0555659
509 -0.0516899 -0.0501895
510 -0.046261 -0.0446151
511 -0.0406494 -0.0388646
512 -0.0348775 -0.0329607
513 -0.0289679 -0.0269267
514 -0.022944 -0.0207865
515 -0.0168295 -0.0145642
516 -0.0106486 -0.00828443
517 -0.00442573 -0.00197197
518 0.00181464 0.00434826
519 0.00804785 0.0106513
520 0.0142493 0.0169124
521 0.0203945 0.0231067
522 0.0264592 0.0292098
523 0.0324195 0.0351976
524 0.0382519 0.0410465
525 0.0439333 0.0467334
526 0.0494413 0.0522359
527 0.0547542 0.0575322
528 0.059851 0.0626015
529 0.0647116 0.0674237
530 0.0693168 0.0719799
531 0.0736485 0.0762519
532 0.0776894 0.0802231
533 0.0814238 0.0838776
534 0.0848369 0.0872011
535 0.0879151 0.0901804
536 0.0906464 0.0928039
537 0.0930199 0.0950611
538 0.0950263 0.0969431
539 0.0966577 0.0984426
540 0.0979077 0.0995535
541 0.0987712 0.100272
542 0.0992449 0.100594
543 0.099327 0.100519
544 0.099017 0.100048
545 0.0983163 0.0991816
546 0.0972276 0.097924
547 0.0957552 0.0962798
548 0.0939048 0.0942558
549 0.0916839 0.0918597
550 0.0891011 0.0891011
551 0.0861667 0.0859909
552 0.0828922 0.0825413
553 0.0792906 0.0787659
554 0.0753761 0.0746797
555 0.071164 0.0702988
556 0.0666712 0.0656404
557 0.0619152 0.060723
558 0.0569149 0.0555659
559 0.0516899 0.0501895
560 0.046261 0.0446151
561 0.0406494 0.0388646
562 0.0348775 0.0329607
563 0.0289679 0.0269267
564 0.022944 0.0207865
565 0.0168295 0.0145642
566 0.0106486 0.00828443
567 0.00442573 0.00197197
568 -0.00181464 -0.00434826
569 -0.00804785 -0.0106513
570 -0.0142493 -0.0169124
571 -0.0203945 -0.0231067
572 -0.0264592 -0.0292098
573 -0.0324195 -0.0351976
574 -0.0382519 -0.0410465
575 -0.0439333 -0.0467334
576 -0.0494413 -0.0522359
577 -0.0547542 -0.0575322
578 -0.059851 -0.0626015
579 -0.0647116 -0.0674237
580 -0.0693168 -0.0719799
581 -0.0736485 -0.0762519
582 -0.0776894 -0.0802231
583 -0.0814238 -0.0838776
584 -0.0848369 -0.0872011
585 -0.0879151 -0.0901804
586 -0.0906464 -0.0928039
587 -0.0930199 -0.0950611
588 -0.0950263 -0.0969431
589 -0.0966577 -0.0984426
590 -0.0979077 -0.0995535
591 -0.0987712 -0.100272
592 -0.0992449 -0.100594
593 -0.099327 -0.100519
594 -0.099017 -0.100048
595 -0.0983163 -0.0991816
596 -0.0972276 -0.097924
597 -0.0957552 -0.0962798
598 -0.0939048 -0.0942558
599 -0.0916839 -0.0918597
600 -0.0891011 -0.0891011
601 -0.0861667 -0.0859909
602 -0.0828922 -0.0825413
603 -0.0792906 -0.0787659
604 -0.0753761 -0.0746797
605 -0.071164 -0.0702988
606 -0.0666712 -0.0656404
607 -0.0619152 -0.060723
608 -0.0569149 -0.0555659
609 -0.0516899 -0.0501895
610 -0.046261 -0.0446151
611 -0.0406494 -0.0388646
612 -0.0348775 -0.0329607
613 -0.0289679 -0.0269267
614 -0.022944 -0.0207865
615 -0.0168295 -0.0145642
616 -0.0106486 -0.00828443
617 -0.00442573 -0.00197197
618 0.00181464 0.00434826
619 0.00804785 0.0106513
620 0.0142493 0.0169124
621 0.0203945 0.0231067
622 0.0264592 0.0292098
623 0.0324195 0.0351976
624 0.0382519 0.0410465
625 0.0439333 0.0467334
626 0.0494413 0.0522359
627 0.0547542 0.0575322
628 0.059851 0.0626015
629 0.0647116 0.0674237
630 0.0693168 0.0719799
631 0.0736485 0.0762519
632 0.0776894 0.0802231
633 0.0814238 0.0838776
634 0.0848369 0.0872011
635 0.0879151 0.0901804
636 0.0906464 0.0928039
637 0.0930199 0.0950611
638 0.0950263 0.0969431
639 0.0966577 0.0984426
640 0.0979077 0.0995535
641 0.0987712 0.100272
642 0.0992449 0.100594
643 0.099327 0.100519
644 0.099017 0.100048
645 0.0983163 0.0991816
646 0.0972276 0.097924
647 0.0957552 0.0962798
648 0.0939048 0.0942558
649 0.0916839 0.0918597
650 0.0891011 0.0891011
651 0.0861667 0.0859909
652 0.0828922 0.0825413
653 0.0792906 0.0787659
654 0.0753761 0.0746797
655 0.071164 0.0702988
656 0.0666712 0.0656404
657 0.0619152 0.060723
658 0.0569149 0.0555659
659 0.0516899 0.0501895
660 0.046261 0.0446151
661 0.0406494 0.0388646
662 0.0348775 0.0329607
663 0.0289679 0.0269267
664 0.022944 0.0207865
665 0.0168295 0.0145642
666 0.0106486 0.00828443
667 0.00442573 0.00197197
668 -0.00181464 -0.00434826
669 -0.00804785 -0.0106513
670 -0.0142493 -0.0169124
671 -0.0203945 -0.0231067
672 -0.0264592 -0.0292098
673 -0.0324195 -0.0351976
674 -0.0382519 -0.0410465
675 -0.0439333 -0.0467334
676 -0.0494413 -0.0522359
677 -0.0547542 -0.0575322
678 -0.059851 -0.0626015
679 -0.0647116 -0.0674237
680 -0.0693168 -0.0719799
681 -0.0736485 -0.0762519
682 -0.0776894 -0.0802231
683 -0.0814238 -0.0838776
684 -0.0848369 -0.0872011
685 -0.0879151 -0.0901804
686 -0.0906464 -0.0928039
687 -0.0930199 -0.0950611
688 -0.0950263 -0.0969431
689 -0.0966577 -0.0984426
690 -0.0979077 -0.0995535
691 -0.0987712 -0.100272
692 -0.0992449 -0.100594
693 -0.099327 -0.100519
694 -0.099017 -0.100048
695 -0.0983163 -0.0991816
696 -0.0972276 -0.097924
697 -0.0957552 -0.0962798
698 -0.0939048 -0.0942558
699 -0.0916839 -0.0918597
700 -0.0891011 -0.0891011
701 -0.0861667 -0.0859909
702 -0.0828922 -0.0825413
703 -0.0792906 -0.0787659
704 -0.0753761 -0.0746797
705 -0.071164 -0.0702988
706 -0.0666712 -0.0656404
707 -0.0619152 -0.060723
708 -0.0569149 -0.0555659
709 -0.0516899 -0.0501895
710 -0.046261 -0.0446151
711 -0.0406494 -0.0388646
712 -0.0348775 -0.0329607
713 -0.0289679 -0.0269267
714 -0.022944 -0.0207865
715 -0.0168295 -0.0145642
716 -0.0106486 -0.00828443
717 -0.00442573 -0.00197197
718 0.00181464 0.00434826
719 0.00804785 0.0106513
720 0.0142493 0.0169124
721 0.0203945 0.0231067
722 0.0264592 0.0292098
723 0.0324195 0.0351976
724 0.0382519 0.0410465
725 0.0439333 0.0467334
726 0.0494413 0.0522359
727 0.0547542 0.0575322
728 0.059851 0.0626015
729 0.0647116 0.0674237
730 0.0693168 0.0719799
731 0.0736485 0.0762519
732 0.0776894 0.0802231
733 0.0814238 0.0838776
734 0.0848369 0.0872011
735 0.0879151 0.0901804
736 0.0906464 0.0928039
737 0.0930199 0.0950611
738 0.0950263 0.0969431
739 0.0966577 0.0984426
740 0.0979077 0.0995535
741 0.0987712 0.100272
742 0.0992449 0.100594
743 0.099327 0.100519
744 0.099017 0.100048
745 0.0983163 0.0991816
746 0.0972276 0.097924
747 0.0957552 0.0962798
748 0.0939048 0.0942558
749 0.0916839 0.0918597
750 0.0891011 0.0891011
751 0.0861667 0.0859909
752 0.0828922 0.0825413
753 0.0792906 0.0787659
754 0.0753761 0.0746797
755 0.071164 0.0702988
756 0.0666712 0.0656404
757 0.0619152 0.060723
758 0.0569149 0.0555659
759 0.0516899 0.0501895
760 0.046261 0.0446151
761 0.0406494 0.0388646
762 0.0348775 0.0329607
763 0.0289679 0.0269267
764 0.022944 0.0207865
765 0.0168295 0.0145642
766 0.0106486 0.00828443
767 0.00442573 0.00197197
768 -0.00181464 -0.00434826
769 -0.00804785 -0.0106513
770 -0.0142493 -0.0169124
771 -0.0203945 -0.0231067
772 -0.0264592 -0.0292098
773 -0.0324195 -0.0351976
774 -0.0382519 -0.0410465
775 -0.0439333 -0.0467334
776 -0.0494413 -0.0522359
777 -0.0547542 -0.0575322
778 -0.059851 -0.0626015
779 -0.0647116 -0.0674237
780 -0.0693168 -0.0719799
781 -0.0736485 -0.0762519
782 -0.0776894 -0.0802231
783 -0.0814238 -0.0838776
784 -0.0848369 -0.0872011
785 -0.0879151 -0.0901804
786 -0.0906464 -0.0928039
787 -0.0930199 -0.0950611
788 -0.0950263 -0.0969431
789 -0.0966577 -0.0984426
790 -0.0979077 -0.0995535
791 -0.0987712 -0.100272
792 -0.0992449 -0.100594
793 -0.099327 -0.100519
794 -0.099017 -0.100048
795 -0.0983163 -0.0991816
796 -0.0972276 -0.097924
797 -0.0957552 -0.0962798
798 -0.0939048 -0.0942558
799 -0.0916839 -0.0918597
800 -0.0891011 -0.0891011
801 -0.0861667 -0.0859909
802 -0.0828922 -0.0825413
803 -0.0792906 -0.0787659
804 -0.0753761 -0.0746797
805 -0.071164 -0.0702988
806 -0.0666712 -0.0656404
807 -0.0619152 -0.060723
808 -0.0569149 -0.0555659
809 -0.0516899 -0.0501895
810 -0.046261 -0.0446151
811 -0.0406494 -0.0388646
812 -0.0348775 -0.0329607
813 -0.0289679 -0.0269267
814 -0.022944 -0.0207865
815 -0.0168295 -0.0145642
816 -0.0106486 -0.00828443
817 -0.00442573 -0.00197197
818 0.00181464 0.00434826
819 0.00804785 0.0106513
820 0.0142493 0.0169124
821 0.0203945 0.0231067
822 0.0264592 0.0292098
823 0.0324195 0.0351976
824 0.0382519 0.0410465
825 0.0439333 0.0467334
826 0.0494413 0.0522359
827 0.0547542 0.0575322
828 0.059851 0.0626015
829 0.0647116 0.0674237
830 0.0693168 0.0719799
831 0.0736485 0.0762519
832 0.0776894 0.0802231
833 0.0814238 0.0838776
834 0.0848369 0.0872011
835 0.0879151 0.0901804
836 0.0906464 0.0928039
837 0.0930199 0.0950611
838 0.0950263 0.0969431
839 0.0966577 0.0984426
840 0.0979077 0.0995535
841 0.0987712 0.100272
842 0.0992449 0.100594
843 0.099327 0.100519
844 0.099017 0.100048
845 0.0983163 0.0991816
846 0.0972276 0.097924
847 0.0957552 0.0962798
848 0.0939048 0.0942558
849 0.0916839 0.0918597
850 0.0891011 0.0891011
851 0.0861667 0.0859909
852 0.0828922 0.0825413
853 0.0792906 0.0787659
854 0.0753761 0.0746797
855 0.071164 0.0702988
856 0.0666712 0.0656404
857 0.0619152 0.060723
858 0.0569149 0.0555659
859 0.0516899 0.0501895
860 0.046261 0.0446151
861 0.0406494 0.0388646
862 0.0348775 0.0329607
863 0.0289679 0.0269267
864 0.022944 0.0207865
865 0.0168295 0.0145642
866 0.0106486 0.00828443
867 0.00442573 0.00197197
868 -0.00181464 -0.00434826
869 -0.00804785 -0.0106513
870 -0.0142493 -0.0169124
871 -0.0203945 -0.0231067
872 -0.0264592 -0.0292098
873 -0.0324195 -0.0351976
874 -0.0382519 -0.0410465
875 -0.0439333 -0.0467334
876 -0.0494413 -0.0522359
877 -0.0547542 -0.0575322
878 -0.059851 -0.0626015
879 -0.0647116 -0.0674237
880 -0.0693168 -0.0719799
881 -0.0736485 -0.0762519
882 -0.0776894 -0.0802231
883 -0.0814238 -0.0838776
884 -0.0848369 -0.0872011
885 -0.0879151 -0.0901804
886 -0.0906464 -0.0928039
887 -0.0930199 -0.0950611
888 -0.0950263 -0.0969431
889 -0.0966577 -0.0984426
890 -0.0979077 -0.0995535
891 -0.0987712 -0.100272
892 -0.0992449 -0.100594
893 -0.099327 -0.100519
894 -0.099017 -0.100048
895 -0.0983163 -0.0991816
896 -0.0972276 -0.097924
897 -0.0957552 -0.0962798
898 -0.0939048 -0.0942558
899 -0.0916839 -0.0918597
900 -0.0891011 -0.0891011
901 -0.0861667 -0.0859909
902 -0.0828922 -0.0825413
903 -0.0792906 -0.0787659
904 -0.0753761 -0.0746797
905 -0.071164 -0.0702988
906 -0.0666712 -0.0656404
907 -0.0619152 -0.060723
908 -0.0569149 -0.0555659
909 -0.0516899 -0.0501895
910 -0.046261 -0.0446151
911 -0.0406494 -0.0388646
912 -0.0348775 -0.0329607
913 -0.0289679 -0.0269267
914 -0.022944 -0.0207865
915 -0.0168295 -0.0145642
916 -0.0106486 -0.00828443
917 -0.00442573 -0.00197197
918 0.00181464 0.00434826
919 0.00804785 0.0106513
920 0.0142493 0.0169124
921 0.0203945 0.0231067
922 0.0264592 0.0292098
923 0.0324195 0.0351976
924 0.0382519 0.0410465
925 0.0439333 0.0467334
926 0.0494413 0.0522359
927 0.0547542 0.0575322
928 0.059851 0.0626015
929 0.0647116 0.0674237
930 0.0693168 0.0719799
931 0.0736485 0.0762519
932 0.0776894 0.0802231
933 0.0814238 0.0838776
934 0.0848369 0.0872011
935 0.0879151 0.0901804
936 0.0906464 0.0928039
937 0.0930199 0.0950611
938 0.0950263 0.0969431
939 0.0966577 0.0984426
940 0.0979077 0.0995535
941 0.0987712 0.100272
942 0.0992449 0.100594
943 0.099327 0.100519
944 0.099017 0.100048
945 0.0983163 0.0991816
946 0.0972276 0.097924
947 0.0957552 0.0962798
948 0.0939048 0.0942558
949 0.0916839 0.0918597
950 0.0891011 0.0891011
951 0.0861667 0.0859909
952 0.0828922 0.0825413
953 0.0792906 0.0787659
954 0.0753761 0.0746797
955 0.071164 0.0702988
956 0.0666712 0.0656404
957 0.0619152 0.060723
958 0.0569149 0.0555659
959 0.0516899 0.0501895
960 0.046261 0.0446151
961 0.0406494 0.0388646
962 0.0348775 0.0329607
963 0.0289679 0.0269267
964 0.022944 0.0207865
965 0.0168295 0.0145642
966 0.0106486 0.00828443
967 0.00442573 0.00197197
968 -0.00181464 -0.00434826
969 -0.00804785 -0.0106513
970 -0.0142493 -0.0169124
971 -0.0203945 -0.0231067
972 -0.0264592 -0.0292098
973 -0.0324195 -0.0351976
974 -0.0382519 -0.0410465
975 -0.0439333 -0.0467334
976 -0.0494413 -0.0522359
977 -0.0547542 -0.0575322
978 -0.059851 -0.0626015
979 -0.0647116 -0.0674237
980 -0.0693168 -0.0719799
981 -0.0736485 -0.0762519
982 -0.0776894 -0.0802231
983 -0.0814238 -0.0838776
984 -0.0848369 -0.0872011
985 -0.0879151 -0.0901804
986 -0.0906464 -0.0928039
987 -0.0930199 -0.0950611
988 -0.0950263 -0.0969431
989 -0.0966577 -0.0984426
990 -0.0979077 -0.0995535
991 -0.0987712 -0.100272
992 -0.0992449 -0.100594
993 -0.099327 -0.100519
994 -0.099017 -0.100048
995 -0.0983163 -0.0991816
996 -0.0972276 -0.097924
997 -0.0957552 -0.0962798
998 -0.0939048 -0.0942558
999 -0.0916839 -0.0918597
