0 0.0761224 0.0761224
1 0.0719774 0.0718272
2 0.0675484 0.0672486
3 0.0628529 0.0624046
4 0.0579092 0.0573143
5 0.0527371 0.0519978
6 0.0473568 0.0464761
7 0.0417896 0.040771
8 0.0360575 0.034905
9 0.0301831 0.0289012
10 0.0241895 0.0227834
11 0.0181005 0.0165757
12 0.0119401 0.0103025
13 0.00573254 0.00398867
14 -0.000497638 -0.00234089
15 -0.00672585 -0.00866122
16 -0.0129275 -0.0149474
17 -0.0190782 -0.0211745
18 -0.0251535 -0.0273181
19 -0.0311296 -0.0333539
20 -0.0369829 -0.039258
21 -0.0426901 -0.0450072
22 -0.048229 -0.0505788
23 -0.0535774 -0.0559508
24 -0.0587144 -0.061102
25 -0.0636197 -0.066012
26 -0.068274 -0.0706615
27 -0.0726587 -0.0750321
28 -0.0767568 -0.0791066
29 -0.0805519 -0.082869
30 -0.0840291 -0.0863042
31 -0.0871746 -0.0893989
32 -0.0899762 -0.0921407
33 -0.0924226 -0.094519
34 -0.0945043 -0.0965242
35 -0.096213 -0.0981484
36 -0.0975421 -0.0993853
37 -0.0984861 -0.10023
38 -0.0990415 -0.100679
39 -0.099206 -0.100731
40 -0.098979 -0.100385
41 -0.0983614 -0.0996432
42 -0.0973556 -0.098508
43 -0.0959655 -0.0969841
44 -0.0941968 -0.0950774
45 -0.0920562 -0.0927955
46 -0.0895524 -0.0901473
47 -0.0866952 -0.0871434
48 -0.0834958 -0.0837956
49 -0.0799669 -0.0801171
50 -0.0761224 -0.0761224
51 -0.0719774 -0.0718272
52 -0.0675484 -0.0672486
53 -0.0628529 -0.0624046
54 -0.0579092 -0.0573143
55 -0.0527371 -0.0519978
56 -0.0473568 -0.0464761
57 -0.0417896 -0.040771
58 -0.0360575 -0.034905
59 -0.0301831 -0.0289012
60 -0.0241895 -0.0227834
61 -0.0181005 -0.0165757
62 -0.0119401 -0.0103025
63 -0.00573254 -0.00398867
64 0.000497638 0.00234089
65 0.00672585 0.00866122
66 0.0129275 0.0149474
67 0.0190782 0.0211745
68 0.0251535 0.0273181
69 0.0311296 0.0333539
70 0.0369829 0.039258
71 0.0426901 0.0450072
72 0.048229 0.0505788
73 0.0535774 0.0559508
74 0.0587144 0.061102
75 0.0636197 0.066012
76 0.068274 0.0706615
77 0.0726587 0.0750321
78 0.0767568 0.0791066
79 0.0805519 0.082869
80 0.0840291 0.0863042
81 0.0871746 0.0893989
82 0.0899762 0.0921407
83 0.0924226 0.094519
84 0.0945043 0.0965242
85 0.096213 0.0981484
86 0.0975421 0.0993853
87 0.0984861 0.10023
88 0.0990415 0.100679
89 0.099206 0.100731
90 0.098979 0.100385
91 0.0983614 0.0996432
92 0.0973556 0.098508
93 0.0959655 0.0969841
94 0.0941968 0.0950774
95 0.0920562 0.0927955
96 0.0895524 0.0901473
97 0.0866952 0.0871434
98 0.0834958 0.0837956
99 0.0799669 0.0801171
100 0.0761224 0.0761224
101 0.0719774 0.0718272
102 0.0675484 0.0672486
103 0.0628529 0.0624046
104 0.0579092 0.0573143
105 0.0527371 0.0519978
106 0.0473568 0.0464761
107 0.0417896 0.040771
108 0.0360575 0.034905
109 0.0301831 0.0289012
110 0.0241895 0.0227834
111 0.0181005 0.0165757
112 0.0119401 0.0103025
113 0.00573254 0.00398867
114 -0.000497638 -0.00234089
115 -0.00672585 -0.00866122
116 -0.0129275 -0.0149474
117 -0.0190782 -0.0211745
118 -0.0251535 -0.0273181
119 -0.0311296 -0.0333539
120 -0.0369829 -0.039258
121 -0.0426901 -0.0450072
122 -0.048229 -0.0505788
123 -0.0535774 -0.0559508
124 -0.0587144 -0.061102
125 -0.0636197 -0.066012
126 -0.068274 -0.0706615
127 -0.0726587 -0.0750321
128 -0.0767568 -0.0791066
129 -0.0805519 -0.082869
130 -0.0840291 -0.0863042
131 -0.0871746 -0.0893989
132 -0.0899762 -0.0921407
133 -0.0924226 -0.094519
134 -0.0945043 -0.0965242
135 -0.096213 -0.0981484
136 -0.0975421 -0.0993853
137 -0.0984861 -0.10023
138 -0.0990415 -0.100679
139 -0.099206 -0.100731
140 -0.098979 -0.100385
141 -0.0983614 -0.0996432
142 -0.0973556 -0.098508
143 -0.0959655 -0.0969841
144 -0.0941968 -0.0950774
145 -0.0920562 -0.0927955
146 -0.0895524 -0.0901473
147 -0.0866952 -0.0871434
148 -0.0834958 -0.0837956
149 -0.0799669 -0.0801171
150 -0.0761224 -0.0761224
151 -0.0719774 -0.0718272
152 -0.0675484 -0.0672486
153 -0.0628529 -0.0624046
154 -0.0579092 -0.0573143
155 -0.0527371 -0.0519978
156 -0.0473568 -0.0464761
157 -0.0417896 -0.040771
158 -0.0360575 -0.034905
159 -0.0301831 -0.0289012
160 -0.0241895 -0.0227834
161 -0.0181005 -0.0165757
162 -0.0119401 -0.0103025
163 -0.00573254 -0.00398867
164 0.000497638 0.00234089
165 0.00672585 0.00866122
166 0.0129275 0.0149474
167 0.0190782 0.0211745
168 0.0251535 0.0273181
169 0.0311296 0.0333539
170 0.0369829 0.039258
171 0.0426901 0.0450072
172 0.048229 0.0505788
173 0.0535774 0.0559508
174 0.0587144 0.061102
175 0.0636197 0.066012
176 0.068274 0.0706615
177 0.0726587 0.0750321
178 0.0767568 0.0791066
179 0.0805519 0.082869
180 0.0840291 0.0863042
181 0.0871746 0.0893989
182 0.0899762 0.0921407
183 0.0924226 0.094519
184 0.0945043 0.0965242
185 0.096213 0.0981484
186 0.0975421 0.0993853
187 0.0984861 0.10023
188 0.0990415 0.100679
189 0.099206 0.100731
190 0.098979 0.100385
191 0.0983614 0.0996432
192 0.0973556 0.098508
193 0.0959655 0.0969841
194 0.0941968 0.0950774
195 0.0920562 0.0927955
196 0.0895524 0.0901473
197 0.0866952 0.0871434
198 0.0834958 0.0837956
199 0.0799669 0.0801171
200 0.0761224 0.0761224
201 0.0719774 0.0718272
202 0.0675484 0.0672486
203 0.0628529 0.0624046
204 0.0579092 0.0573143
205 0.0527371 0.0519978
206 0.0473568 0.0464761
207 0.0417896 0.040771
208 0.0360575 0.034905
209 0.0301831 0.0289012
210 0.0241895 0.0227834
211 0.0181005 0.0165757
212 0.0119401 0.0103025
213 0.00573254 0.00398867
214 -0.000497638 -0.00234089
215 -0.00672585 -0.00866122
216 -0.0129275 -0.0149474
217 -0.0190782 -0.0211745
218 -0.0251535 -0.0273181
219 -0.0311296 -0.0333539
220 -0.0369829 -0.039258
221 -0.0426901 -0.0450072
222 -0.048229 -0.0505788
223 -0.0535774 -0.0559508
224 -0.0587144 -0.061102
225 -0.0636197 -0.066012
226 -0.068274 -0.0706615
227 -0.0726587 -0.0750321
228 -0.0767568 -0.0791066
229 -0.0805519 -0.082869
230 -0.0840291 -0.0863042
231 -0.0871746 -0.0893989
232 -0.0899762 -0.0921407
233 -0.0924226 -0.094519
234 -0.0945043 -0.0965242
235 -0.096213 -0.0981484
236 -0.0975421 -0.0993853
237 -0.0984861 -0.10023
238 -0.0990415 -0.100679
239 -0.099206 -0.100731
240 -0.098979 -0.100385
241 -0.0983614 -0.0996432
242 -0.0973556 -0.098508
243 -0.0959655 -0.0969841
244 -0.0941968 -0.0950774
245 -0.0920562 -0.0927955
246 -0.0895524 -0.0901473
247 -0.0866952 -0.0871434
248 -0.0834958 -0.0837956
249 -0.0799669 -0.0801171
250 -0.0761224 -0.0761224
251 -0.0719774 -0.0718272
252 -0.0675484 -0.0672486
253 -0.0628529 -0.0624046
254 -0.0579092 -0.0573143
255 -0.0527371 -0.0519978
256 -0.0473568 -0.0464761
257 -0.0417896 -0.040771
258 -0.0360575 -0.034905
259 -0.0301831 -0.0289012
260 -0.0241895 -0.0227834
261 -0.0181005 -0.0165757
262 -0.0119401 -0.0103025
263 -0.00573254 -0.00398867
264 0.000497638 0.00234089
265 0.00672585 0.00866122
266 0.0129275 0.0149474
267 0.0190782 0.0211745
268 0.0251535 0.0273181
269 0.0311296 0.0333539
270 0.0369829 0.039258
271 0.0426901 0.0450072
272 0.048229 0.0505788
273 0.0535774 0.0559508
274 0.0587144 0.061102
275 0.0636197 0.066012
276 0.068274 0.0706615
277 0.0726587 0.0750321
278 0.0767568 0.0791066
279 0.0805519 0.082869
280 0.0840291 0.0863042
281 0.0871746 0.0893989
282 0.0899762 0.0921407
283 0.0924226 0.094519
284 0.0945043 0.0965242
285 0.096213 0.0981484
286 0.0975421 0.0993853
287 0.0984861 0.10023
288 0.0990415 0.100679
289 0.099206 0.100731
290 0.098979 0.100385
291 0.0983614 0.0996432
292 0.0973556 0.098508
293 0.0959655 0.0969841
294 0.0941968 0.0950774
295 0.0920562 0.0927955
296 0.0895524 0.0901473
297 0.0866952 0.0871434
298 0.0834958 0.0837956
299 0.0799669 0.0801171
300 0.0761224 0.0761224
301 0.0719774 0.0718272
302 0.0675484 0.0672486
303 0.0628529 0.0624046
304 0.0579092 0.0573143
305 0.0527371 0.0519978
306 0.0473568 0.0464761
307 0.0417896 0.040771
308 0.0360575 0.034905
309 0.0301831 0.0289012
310 0.0241895 0.0227834
311 0.0181005 0.0165757
312 0.0119401 0.0103025
313 0.00573254 0.00398867
314 -0.000497638 -0.00234089
315 -0.00672585 -0.00866122
316 -0.0129275 -0.0149474
317 -0.0190782 -0.0211745
318 -0.0251535 -0.0273181
319 -0.0311296 -0.0333539
320 -0.0369829 -0.039258
321 -0.0426901 -0.0450072
322 -0.048229 -0.0505788
323 -0.0535774 -0.0559508
324 -0.0587144 -0.061102
325 -0.0636197 -0.066012
326 -0.068274 -0.0706615
327 -0.0726587 -0.0750321
328 -0.0767568 -0.0791066
329 -0.0805519 -0.082869
330 -0.0840291 -0.0863042
331 -0.0871746 -0.0893989
332 -0.0899762 -0.0921407
333 -0.0924226 -0.094519
334 -0.0945043 -0.0965242
335 -0.096213 -0.0981484
336 -0.0975421 -0.0993853
337 -0.0984861 -0.10023
338 -0.0990415 -0.100679
339 -0.099206 -0.100731
340 -0.098979 -0.100385
341 -0.0983614 -0.0996432
342 -0.0973556 -0.098508
343 -0.0959655 -0.0969841
344 -0.0941968 -0.0950774
345 -0.0920562 -0.0927955
346 -0.0895524 -0.0901473
347 -0.0866952 -0.0871434
348 -0.0834958 -0.0837956
349 -0.0799669 -0.0801171
350 -0.0761224 -0.0761224
351 -0.0719774 -0.0718272
352 -0.0675484 -0.0672486
353 -0.0628529 -0.0624046
354 -0.0579092 -0.0573143
355 -0.0527371 -0.0519978
356 -0.0473568 -0.0464761
357 -0.0417896 -0.040771
358 -0.0360575 -0.034905
359 -0.0301831 -0.0289012
360 -0.0241895 -0.0227834
361 -0.0181005 -0.0165757
362 -0.0119401 -0.0103025
363 -0.00573254 -0.00398867
364 0.000497638 0.00234089
365 0.00672585 0.00866122
366 0.0129275 0.0149474
367 0.0190782 0.0211745
368 0.0251535 0.0273181
369 0.0311296 0.0333539
370 0.0369829 0.039258
371 0.0426901 0.0450072
372 0.048229 0.0505788
373 0.0535774 0.0559508
374 0.0587144 0.061102
375 0.0636197 0.066012
376 0.068274 0.0706615
377 0.0726587 0.0750321
378 0.0767568 0.0791066
379 0.0805519 0.082869
380 0.0840291 0.0863042
381 0.0871746 0.0893989
382 0.0899762 0.0921407
383 0.0924226 0.094519
384 0.0945043 0.0965242
385 0.096213 0.0981484
386 0.0975421 0.0993853
387 0.0984861 0.10023
388 0.0990415 0.100679
389 0.099206 0.100731
390 0.098979 0.100385
391 0.0983614 0.0996432
392 0.0973556 0.098508
393 0.0959655 0.0969841
394 0.0941968 0.0950774
395 0.0920562 0.0927955
396 0.0895524 0.0901473
397 0.0866952 0.0871434
398 0.0834958 0.0837956
399 0.0799669 0.0801171
400 0.0761224 0.0761224
401 0.0719774 0.0718272
402 0.0675484 0.0672486
403 0.0628529 0.0624046
404 0.0579092 0.0573143
405 0.0527371 0.0519978
406 0.0473568 0.0464761
407 0.0417896 0.040771
408 0.0360575 0.034905
409 0.0301831 0.0289012
410 0.0241895 0.0227834
411 0.0181005 0.0165757
412 0.0119401 0.0103025
413 0.00573254 0.00398867
414 -0.000497638 -0.00234089
415 -0.00672585 -0.00866122
416 -0.0129275 -0.0149474
417 -0.0190782 -0.0211745
418 -0.0251535 -0.0273181
419 -0.0311296 -0.0333539
420 -0.0369829 -0.039258
421 -0.0426901 -0.0450072
422 -0.048229 -0.0505788
423 -0.0535774 -0.0559508
424 -0.0587144 -0.061102
425 -0.0636197 -0.066012
426 -0.068274 -0.0706615
427 -0.0726587 -0.0750321
428 -0.0767568 -0.0791066
429 -0.0805519 -0.082869
430 -0.0840291 -0.0863042
431 -0.0871746 -0.0893989
432 -0.0899762 -0.0921407
433 -0.0924226 -0.094519
434 -0.0945043 -0.0965242
435 -0.096213 -0.0981484
436 -0.0975421 -0.0993853
437 -0.0984861 -0.10023
438 -0.0990415 -0.100679
439 -0.099206 -0.100731
440 -0.098979 -0.100385
441 -0.0983614 -0.0996432
442 -0.0973556 -0.098508
443 -0.0959655 -0.0969841
444 -0.0941968 -0.0950774
445 -0.0920562 -0.0927955
446 -0.0895524 -0.0901473
447 -0.0866952 -0.0871434
448 -0.0834958 -0.0837956
449 -0.0799669 -0.0801171
450 -0.0761224 -0.0761224
451 -0.0719774 -0.0718272
452 -0.0675484 -0.0672486
453 -0.0628529 -0.0624046
454 -0.0579092 -0.0573143
455 -0.0527371 -0.0519978
456 -0.0473568 -0.0464761
457 -0.0417896 -0.040771
458 -0.0360575 -0.034905
459 -0.0301831 -0.0289012
460 -0.0241895 -0.0227834
461 -0.0181005 -0.0165757
462 -0.0119401 -0.0103025
463 -0.00573254 -0.00398867
464 0.000497638 0.00234089
465 0.00672585 0.00866122
466 0.0129275 0.0149474
467 0.0190782 0.0211745
468 0.0251535 0.0273181
469 0.0311296 0.0333539
470 0.0369829 0.039258
471 0.0426901 0.0450072
472 0.048229 0.0505788
473 0.0535774 0.0559508
474 0.0587144 0.061102
475 0.0636197 0.066012
476 0.068274 0.0706615
477 0.0726587 0.0750321
478 0.0767568 0.0791066
479 0.0805519 0.082869
480 0.0840291 0.0863042
481 0.0871746 0.0893989
482 0.0899762 0.0921407
483 0.0924226 0.094519
484 0.0945043 0.0965242
485 0.096213 0.0981484
486 0.0975421 0.0993853
487 0.0984861 0.10023
488 0.0990415 0.100679
489 0.099206 0.100731
490 0.098979 0.100385
491 0.0983614 0.0996432
492 0.0973556 0.098508
493 0.0959655 0.0969841
494 0.0941968 0.0950774
495 0.0920562 0.0927955
496 0.0895524 0.0901473
497 0.0866952 0.0871434
498 0.0834958 0.0837956
499 0.0799669 0.0801171
500 0.0761224 0.0761224
501 0.0719774 0.0718272
502 0.0675484 0.0672486
503 0.0628529 0.0624046
504 0.0579092 0.0573143
505 0.0527371 0.0519978
506 0.0473568 0.0464761
507 0.0417896 0.040771
508 0.0360575 0.034905
509 0.0301831 0.0289012
510 0.0241895 0.0227834
511 0.0181005 0.0165757
512 0.0119401 0.0103025
513 0.00573254 0.00398867
514 -0.000497638 -0.00234089
515 -0.00672585 -0.00866122
516 -0.0129275 -0.0149474
517 -0.0190782 -0.0211745
518 -0.0251535 -0.0273181
519 -0.0311296 -0.0333539
520 -0.0369829 -0.039258
521 -0.0426901 -0.0450072
522 -0.048229 -0.0505788
523 -0.0535774 -0.0559508
524 -0.0587144 -0.061102
525 -0.0636197 -0.066012
526 -0.068274 -0.0706615
527 -0.0726587 -0.0750321
528 -0.0767568 -0.0791066
529 -0.0805519 -0.082869
530 -0.0840291 -0.0863042
531 -0.0871746 -0.0893989
532 -0.0899762 -0.0921407
533 -0.0924226 -0.094519
534 -0.0945043 -0.0965242
535 -0.096213 -0.0981484
536 -0.0975421 -0.0993853
537 -0.0984861 -0.10023
538 -0.0990415 -0.100679
539 -0.099206 -0.100731
540 -0.098979 -0.100385
541 -0.0983614 -0.0996432
542 -0.0973556 -0.098508
543 -0.0959655 -0.0969841
544 -0.0941968 -0.0950774
545 -0.0920562 -0.0927955
546 -0.0895524 -0.0901473
547 -0.0866952 -0.0871434
548 -0.0834958 -0.0837956
549 -0.0799669 -0.0801171
550 -0.0761224 -0.0761224
551 -0.0719774 -0.0718272
552 -0.0675484 -0.0672486
553 -0.0628529 -0.0624046
554 -0.0579092 -0.0573143
555 -0.0527371 -0.0519978
556 -0.0473568 -0.0464761
557 -0.0417896 -0.040771
558 -0.0360575 -0.034905
559 -0.0301831 -0.0289012
560 -0.0241895 -0.0227834
561 -0.0181005 -0.0165757
562 -0.0119401 -0.0103025
563 -0.00573254 -0.00398867
564 0.000497638 0.00234089
565 0.00672585 0.00866122
566 0.0129275 0.0149474
567 0.0190782 0.0211745
568 0.0251535 0.0273181
569 0.0311296 0.0333539
570 0.0369829 0.039258
571 0.0426901 0.0450072
572 0.048229 0.0505788
573 0.0535774 0.0559508
574 0.0587144 0.061102
575 0.0636197 0.066012
576 0.068274 0.0706615
577 0.0726587 0.0750321
578 0.0767568 0.0791066
579 0.0805519 0.082869
580 0.0840291 0.0863042
581 0.0871746 0.0893989
582 0.0899762 0.0921407
583 0.0924226 0.094519
584 0.0945043 0.0965242
585 0.096213 0.0981484
586 0.0975421 0.0993853
587 0.0984861 0.10023
588 0.0990415 0.100679
589 0.099206 0.100731
590 0.098979 0.100385
591 0.0983614 0.0996432
592 0.0973556 0.098508
593 0.0959655 0.0969841
594 0.0941968 0.0950774
595 0.0920562 0.0927955
596 0.0895524 0.0901473
597 0.0866952 0.0871434
598 0.0834958 0.0837956
599 0.0799669 0.0801171
600 0.0761224 0.0761224
601 0.0719774 0.0718272
602 0.0675484 0.0672486
603 0.0628529 0.0624046
604 0.0579092 0.0573143
605 0.0527371 0.0519978
606 0.0473568 0.0464761
607 0.0417896 0.040771
608 0.0360575 0.034905
609 0.0301831 0.0289012
610 0.0241895 0.0227834
611 0.0181005 0.0165757
612 0.0119401 0.0103025
613 0.00573254 0.00398867
614 -0.000497638 -0.00234089
615 -0.00672585 -0.00866122
616 -0.0129275 -0.0149474
617 -0.0190782 -0.0211745
618 -0.0251535 -0.0273181
619 -0.0311296 -0.0333539
620 -0.0369829 -0.039258
621 -0.0426901 -0.0450072
622 -0.048229 -0.0505788
623 -0.0535774 -0.0559508
624 -0.0587144 -0.061102
625 -0.0636197 -0.066012
626 -0.068274 -0.0706615
627 -0.0726587 -0.0750321
628 -0.0767568 -0.0791066
629 -0.0805519 -0.082869
630 -0.0840291 -0.0863042
631 -0.0871746 -0.0893989
632 -0.0899762 -0.0921407
633 -0.0924226 -0.094519
634 -0.0945043 -0.0965242
635 -0.096213 -0.0981484
636 -0.0975421 -0.0993853
637 -0.0984861 -0.10023
638 -0.0990415 -0.100679
639 -0.099206 -0.100731
640 -0.098979 -0.100385
641 -0.0983614 -0.0996432
642 -0.0973556 -0.098508
643 -0.0959655 -0.0969841
644 -0.0941968 -0.0950774
645 -0.0920562 -0.0927955
646 -0.0895524 -0.0901473
647 -0.0866952 -0.0871434
648 -0.0834958 -0.0837956
649 -0.0799669 -0.0801171
650 -0.0761224 -0.0761224
651 -0.0719774 -0.0718272
652 -0.0675484 -0.0672486
653 -0.0628529 -0.0624046
654 -0.0579092 -0.0573143
655 -0.0527371 -0.0519978
656 -0.0473568 -0.0464761
657 -0.0417896 -0.040771
658 -0.0360575 -0.034905
659 -0.0301831 -0.0289012
660 -0.0241895 -0.0227834
661 -0.0181005 -0.0165757
662 -0.0119401 -0.0103025
663 -0.00573254 -0.00398867
664 0.000497638 0.00234089
665 0.00672585 0.00866122
666 0.0129275 0.0149474
667 0.0190782 0.0211745
668 0.0251535 0.0273181
669 0.0311296 0.0333539
670 0.0369829 0.039258
671 0.0426901 0.0450072
672 0.048229 0.0505788
673 0.0535774 0.0559508
674 0.0587144 0.061102
675 0.0636197 0.066012
676 0.068274 0.0706615
677 0.0726587 0.0750321
678 0.0767568 0.0791066
679 0.0805519 0.082869
680 0.0840291 0.0863042
681 0.0871746 0.0893989
682 0.0899762 0.0921407
683 0.0924226 0.094519
684 0.0945043 0.0965242
685 0.096213 0.0981484
686 0.0975421 0.0993853
687 0.0984861 0.10023
688 0.0990415 0.100679
689 0.099206 0.100731
690 0.098979 0.100385
691 0.0983614 0.0996432
692 0.0973556 0.098508
693 0.0959655 0.0969841
694 0.0941968 0.0950774
695 0.0920562 0.0927955
696 0.0895524 0.0901473
697 0.0866952 0.0871434
698 0.0834958 0.0837956
699 0.0799669 0.0801171
700 0.0761224 0.0761224
701 0.0719774 0.0718272
702 0.0675484 0.0672486
703 0.0628529 0.0624046
704 0.0579092 0.0573143
705 0.0527371 0.0519978
706 0.0473568 0.0464761
707 0.0417896 0.040771
708 0.0360575 0.034905
709 0.0301831 0.0289012
710 0.0241895 0.0227834
711 0.0181005 0.0165757
712 0.0119401 0.0103025
713 0.00573254 0.00398867
714 -0.000497638 -0.00234089
715 -0.00672585 -0.00866122
716 -0.0129275 -0.0149474
717 -0.0190782 -0.0211745
718 -0.0251535 -0.0273181
719 -0.0311296 -0.0333539
720 -0.0369829 -0.039258
721 -0.0426901 -0.0450072
722 -0.048229 -0.0505788
723 -0.0535774 -0.0559508
724 -0.0587144 -0.061102
725 -0.0636197 -0.066012
726 -0.068274 -0.0706615
727 -0.0726587 -0.0750321
728 -0.0767568 -0.0791066
729 -0.0805519 -0.082869
730 -0.0840291 -0.0863042
731 -0.0871746 -0.0893989
732 -0.0899762 -0.0921407
733 -0.0924226 -0.094519
734 -0.0945043 -0.0965242
735 -0.096213 -0.0981484
736 -0.0975421 -0.0993853
737 -0.0984861 -0.10023
738 -0.0990415 -0.100679
739 -0.099206 -0.100731
740 -0.098979 -0.100385
741 -0.0983614 -0.0996432
742 -0.0973556 -0.098508
743 -0.0959655 -0.0969841
744 -0.0941968 -0.0950774
745 -0.0920562 -0.0927955
746 -0.0895524 -0.0901473
747 -0.0866952 -0.0871434
748 -0.0834958 -0.0837956
749 -0.0799669 -0.0801171
750 -0.0761224 -0.0761224
751 -0.0719774 -0.0718272
752 -0.0675484 -0.0672486
753 -0.0628529 -0.0624046
754 -0.0579092 -0.0573143
755 -0.0527371 -0.0519978
756 -0.0473568 -0.0464761
757 -0.0417896 -0.040771
758 -0.0360575 -0.034905
759 -0.0301831 -0.0289012
760 -0.0241895 -0.0227834
761 -0.0181005 -0.0165757
762 -0.0119401 -0.0103025
763 -0.00573254 -0.00398867
764 0.000497638 0.00234089
765 0.00672585 0.00866122
766 0.0129275 0.0149474
767 0.0190782 0.0211745
768 0.0251535 0.0273181
769 0.0311296 0.0333539
770 0.0369829 0.039258
771 0.0426901 0.0450072
772 0.048229 0.0505788
773 0.0535774 0.0559508
774 0.0587144 0.061102
775 0.0636197 0.066012
776 0.068274 0.0706615
777 0.0726587 0.0750321
778 0.0767568 0.0791066
779 0.0805519 0.082869
780 0.0840291 0.0863042
781 0.0871746 0.0893989
782 0.0899762 0.0921407
783 0.0924226 0.094519
784 0.0945043 0.0965242
785 0.096213 0.0981484
786 0.0975421 0.0993853
787 0.0984861 0.10023
788 0.0990415 0.100679
789 0.099206 0.100731
790 0.098979 0.100385
791 0.0983614 0.0996432
792 0.0973556 0.098508
793 0.0959655 0.0969841
794 0.0941968 0.0950774
795 0.0920562 0.0927955
796 0.0895524 0.0901473
797 0.0866952 0.0871434
798 0.0834958 0.0837956
799 0.0799669 0.0801171
800 0.0761224 0.0761224
801 0.0719774 0.0718272
802 0.0675484 0.0672486
803 0.0628529 0.0624046
804 0.0579092 0.0573143
805 0.0527371 0.0519978
806 0.0473568 0.0464761
807 0.0417896 0.040771
808 0.0360575 0.034905
809 0.0301831 0.0289012
810 0.0241895 0.0227834
811 0.0181005 0.0165757
812 0.0119401 0.0103025
813 0.00573254 0.00398867
814 -0.000497638 -0.00234089
815 -0.00672585 -0.00866122
816 -0.0129275 -0.0149474
817 -0.0190782 -0.0211745
818 -0.0251535 -0.0273181
819 -0.0311296 -0.0333539
820 -0.0369829 -0.039258
821 -0.0426901 -0.0450072
822 -0.048229 -0.0505788
823 -0.0535774 -0.0559508
824 -0.0587144 -0.061102
825 -0.0636197 -0.066012
826 -0.068274 -0.0706615
827 -0.0726587 -0.0750321
828 -0.0767568 -0.0791066
829 -0.0805519 -0.082869
830 -0.0840291 -0.0863042
831 -0.0871746 -0.0893989
832 -0.0899762 -0.0921407
833 -0.0924226 -0.094519
834 -0.0945043 -0.0965242
835 -0.096213 -0.0981484
836 -0.0975421 -0.0993853
837 -0.0984861 -0.10023
838 -0.0990415 -0.100679
839 -0.099206 -0.100731
840 -0.098979 -0.100385
841 -0.0983614 -0.0996432
842 -0.0973556 -0.098508
843 -0.0959655 -0.0969841
844 -0.0941968 -0.0950774
845 -0.0920562 -0.0927955
846 -0.0895524 -0.0901473
847 -0.0866952 -0.0871434
848 -0.0834958 -0.0837956
849 -0.0799669 -0.0801171
850 -0.0761224 -0.0761224
851 -0.0719774 -0.0718272
852 -0.0675484 -0.0672486
853 -0.0628529 -0.0624046
854 -0.0579092 -0.0573143
855 -0.0527371 -0.0519978
856 -0.0473568 -0.0464761
857 -0.0417896 -0.040771
858 -0.0360575 -0.034905
859 -0.0301831 -0.0289012
860 -0.0241895 -0.0227834
861 -0.0181005 -0.0165757
862 -0.0119401 -0.0103025
863 -0.00573254 -0.00398867
864 0.000497638 0.00234089
865 0.00672585 0.00866122
866 0.0129275 0.0149474
867 0.0190782 0.0211745
868 0.0251535 0.0273181
869 0.0311296 0.0333539
870 0.0369829 0.039258
871 0.0426901 0.0450072
872 0.048229 0.0505788
873 0.0535774 0.0559508
874 0.0587144 0.061102
875 0.0636197 0.066012
876 0.068274 0.0706615
877 0.0726587 0.0750321
878 0.0767568 0.0791066
879 0.0805519 0.082869
880 0.0840291 0.0863042
881 0.0871746 0.0893989
882 0.0899762 0.0921407
883 0.0924226 0.094519
884 0.0945043 0.0965242
885 0.096213 0.0981484
886 0.0975421 0.0993853
887 0.0984861 0.10023
888 0.0990415 0.100679
889 0.099206 0.100731
890 0.098979 0.100385
891 0.0983614 0.0996432
892 0.0973556 0.098508
893 0.0959655 0.0969841
894 0.0941968 0.0950774
895 0.0920562 0.0927955
896 0.0895524 0.0901473
897 0.0866952 0.0871434
898 0.0834958 0.0837956
899 0.0799669 0.0801171
900 0.0761224 0.0761224
901 0.0719774 0.0718272
902 0.0675484 0.0672486
903 0.0628529 0.0624046
904 0.0579092 0.0573143
905 0.0527371 0.0519978
906 0.0473568 0.0464761
907 0.0417896 0.040771
908 0.0360575 0.034905
909 0.0301831 0.0289012
910 0.0241895 0.0227834
911 0.0181005 0.0165757
912 0.0119401 0.0103025
913 0.00573254 0.00398867
914 -0.000497638 -0.00234089
915 -0.00672585 -0.00866122
916 -0.0129275 -0.0149474
917 -0.0190782 -0.0211745
918 -0.0251535 -0.0273181
919 -0.0311296 -0.0333539
920 -0.0369829 -0.039258
921 -0.0426901 -0.0450072
922 -0.048229 -0.0505788
923 -0.0535774 -0.0559508
924 -0.0587144 -0.061102
925 -0.0636197 -0.066012
926 -0.068274 -0.0706615
927 -0.0726587 -0.0750321
928 -0.0767568 -0.0791066
929 -0.0805519 -0.082869
930 -0.0840291 -0.0863042
931 -0.0871746 -0.0893989
932 -0.0899762 -0.0921407
933 -0.0924226 -0.094519
934 -0.0945043 -0.0965242
935 -0.096213 -0.0981484
936 -0.0975421 -0.0993853
937 -0.0984861 -0.10023
938 -0.0990415 -0.100679
939 -0.099206 -0.100731
940 -0.098979 -0.100385
941 -0.0983614 -0.0996432
942 -0.0973556 -0.098508
943 -0.0959655 -0.0969841
944 -0.0941968 -0.0950774
945 -0.0920562 -0.0927955
946 -0.0895524 -0.0901473
947 -0.0866952 -0.0871434
948 -0.0834958 -0.0837956
949 -0.0799669 -0.0801171
950 -0.0761224 -0.0761224
951 -0.0719774 -0.0718272
952 -0.0675484 -0.0672486
953 -0.0628529 -0.0624046
954 -0.0579092 -0.0573143
955 -0.0527371 -0.0519978
956 -0.0473568 -0.0464761
957 -0.0417896 -0.040771
958 -0.0360575 -0.034905
959 -0.0301831 -0.0289012
960 -0.0241895 -0.0227834
961 -0.0181005 -0.0165757
962 -0.0119401 -0.0103025
963 -0.00573254 -0.00398867
964 0.000497638 0.00234089
965 0.00672585 0.00866122
966 0.0129275 0.0149474
967 0.0190782 0.0211745
968 0.0251535 0.0273181
969 0.0311296 0.0333539
970 0.0369829 0.039258
971 0.0426901 0.0450072
972 0.048229 0.0505788
973 0.0535774 0.0559508
974 0.0587144 0.061102
975 0.0636197 0.066012
976 0.068274 0.0706615
977 0.0726587 0.0750321
978 0.0767568 0.0791066
979 0.0805519 0.082869
980 0.0840291 0.0863042
981 0.0871746 0.0893989
982 0.0899762 0.0921407
983 0.0924226 0.094519
984 0.0945043 0.0965242
985 0.096213 0.0981484
986 0.0975421 0.0993853
987 0.0984861 0.10023
988 0.0990415 0.100679
989 0.099206 0.100731
990 0.098979 0.100385
991 0.0983614 0.0996432
992 0.0973556 0.098508
993 0.0959655 0.0969841
994 0.0941968 0.0950774
995 0.0920562 0.0927955
996 0.0895524 0.0901473
997 0.0866952 0.0871434
998 0.0834958 0.0837956
999 0.0799669 0.0801171
