0 -0.0256488 -0.0256488
1 -0.0195546 -0.019504
2 -0.0133833 -0.0132823
3 -0.00715916 -0.00700812
4 -0.000906761 -0.000706306
5 0.00534921 0.00559829
6 0.0115841 0.0118808
7 0.0177732 0.0181164
8 0.0238922 0.0242805
9 0.0299169 0.0303488
10 0.0358236 0.0362974
11 0.0415888 0.0421026
12 0.04719 0.0477417
13 0.0526049 0.0531924
14 0.0578121 0.0584332
15 0.0627913 0.0634434
16 0.0675226 0.0682032
17 0.0719874 0.0726938
18 0.0761682 0.0768975
19 0.0800483 0.0807977
20 0.0836125 0.0843791
21 0.0868468 0.0876275
22 0.0897383 0.09053
23 0.0922756 0.0930753
24 0.0944488 0.0952532
25 0.0962492 0.0970553
26 0.0976698 0.0984742
27 0.0987049 0.0995046
28 0.0993505 0.100142
29 0.099604 0.100385
30 0.0994643 0.100231
31 0.0989322 0.0996816
32 0.0980096 0.0987389
33 0.0967002 0.0974066
34 0.0950092 0.0956898
35 0.0929432 0.0935953
36 0.0905104 0.0911315
37 0.0877204 0.088308
38 0.0845843 0.085136
39 0.0811143 0.0816281
40 0.0773242 0.0777979
41 0.0732289 0.0736608
42 0.0688446 0.0692329
43 0.0641886 0.0645318
44 0.0592793 0.059576
45 0.0541361 0.0543852
46 0.0487792 0.0489796
47 0.0432298 0.0433808
48 0.0375097 0.0376108
49 0.0316417 0.0316923
50 0.0256488 0.0256488
51 0.0195546 0.019504
52 0.0133833 0.0132823
53 0.00715916 0.00700812
54 0.000906761 0.000706306
55 -0.00534921 -0.00559829
56 -0.0115841 -0.0118808
57 -0.0177732 -0.0181164
58 -0.0238922 -0.0242805
59 -0.0299169 -0.0303488
60 -0.0358236 -0.0362974
61 -0.0415888 -0.0421026
62 -0.04719 -0.0477417
63 -0.0526049 -0.0531924
64 -0.0578121 -0.0584332
65 -0.0627913 -0.0634434
66 -0.0675226 -0.0682032
67 -0.0719874 -0.0726938
68 -0.0761682 -0.0768975
69 -0.0800483 -0.0807977
70 -0.0836125 -0.0843791
71 -0.0868468 -0.0876275
72 -0.0897383 -0.09053
73 -0.0922756 -0.0930753
74 -0.0944488 -0.0952532
75 -0.0962492 -0.0970553
76 -0.0976698 -0.0984742
77 -0.0987049 -0.0995046
78 -0.0993505 -0.100142
79 -0.099604 -0.100385
80 -0.0994643 -0.100231
81 -0.0989322 -0.0996816
82 -0.0980096 -0.0987389
83 -0.0967002 -0.0974066
84 -0.0950092 -0.0956898
85 -0.0929432 -0.0935953
86 -0.0905104 -0.0911315
87 -0.0877204 -0.088308
88 -0.0845843 -0.085136
89 -0.0811143 -0.0816281
90 -0.0773242 -0.0777979
91 -0.0732289 -0.0736608
92 -0.0688446 -0.0692329
93 -0.0641886 -0.0645318
94 -0.0592793 -0.059576
95 -0.0541361 -0.0543852
96 -0.0487792 -0.0489796
97 -0.0432298 -0.0433808
98 -0.0375097 -0.0376108
99 -0.0316417 -0.0316923
100 -0.0256488 -0.0256488
101 -0.0195546 -0.019504
102 -0.0133833 -0.0132823
103 -0.00715916 -0.00700812
104 -0.000906761 -0.000706306
105 0.00534921 0.00559829
106 0.0115841 0.0118808
107 0.0177732 0.0181164
108 0.0238922 0.0242805
109 0.0299169 0.0303488
110 0.0358236 0.0362974
111 0.0415888 0.0421026
112 0.04719 0.0477417
113 0.0526049 0.0531924
114 0.0578121 0.0584332
115 0.0627913 0.0634434
116 0.0675226 0.0682032
117 0.0719874 0.0726938
118 0.0761682 0.0768975
119 0.0800483 0.0807977
120 0.0836125 0.0843791
121 0.0868468 0.0876275
122 0.0897383 0.09053
123 0.0922756 0.0930753
124 0.0944488 0.0952532
125 0.0962492 0.0970553
126 0.0976698 0.0984742
127 0.0987049 0.0995046
128 0.0993505 0.100142
129 0.099604 0.100385
130 0.0994643 0.100231
131 0.0989322 0.0996816
132 0.0980096 0.0987389
133 0.0967002 0.0974066
134 0.0950092 0.0956898
135 0.0929432 0.0935953
136 0.0905104 0.0911315
137 0.0877204 0.088308
138 0.0845843 0.085136
139 0.0811143 0.0816281
140 0.0773242 0.0777979
141 0.0732289 0.0736608
142 0.0688446 0.0692329
143 0.0641886 0.0645318
144 0.0592793 0.059576
145 0.0541361 0.0543852
146 0.0487792 0.0489796
147 0.0432298 0.0433808
148 0.0375097 0.0376108
149 0.0316417 0.0316923
150 0.0256488 0.0256488
151 0.0195546 0.019504
152 0.0133833 0.0132823
153 0.00715916 0.00700812
154 0.000906761 0.000706306
155 -0.00534921 -0.00559829
156 -0.0115841 -0.0118808
157 -0.0177732 -0.0181164
158 -0.0238922 -0.0242805
159 -0.0299169 -0.0303488
160 -0.0358236 -0.0362974
161 -0.0415888 -0.0421026
162 -0.04719 -0.0477417
163 -0.0526049 -0.0531924
164 -0.0578121 -0.0584332
165 -0.0627913 -0.0634434
166 -0.0675226 -0.0682032
167 -0.0719874 -0.0726938
168 -0.0761682 -0.0768975
169 -0.0800483 -0.0807977
170 -0.0836125 -0.0843791
171 -0.0868468 -0.0876275
172 -0.0897383 -0.09053
173 -0.0922756 -0.0930753
174 -0.0944488 -0.0952532
175 -0.0962492 -0.0970553
176 -0.0976698 -0.0984742
177 -0.0987049 -0.0995046
178 -0.0993505 -0.100142
179 -0.099604 -0.100385
180 -0.0994643 -0.100231
181 -0.0989322 -0.0996816
182 -0.0980096 -0.0987389
183 -0.0967002 -0.0974066
184 -0.0950092 -0.0956898
185 -0.0929432 -0.0935953
186 -0.0905104 -0.0911315
187 -0.0877204 -0.088308
188 -0.0845843 -0.085136
189 -0.0811143 -0.0816281
190 -0.0773242 -0.0777979
191 -0.0732289 -0.0736608
192 -0.0688446 -0.0692329
193 -0.0641886 -0.0645318
194 -0.0592793 -0.059576
195 -0.0541361 -0.0543852
196 -0.0487792 -0.0489796
197 -0.0432298 -0.0433808
198 -0.0375097 -0.0376108
199 -0.0316417 -0.0316923
200 -0.0256488 -0.0256488
201 -0.0195546 -0.019504
202 -0.0133833 -0.0132823
203 -0.00715916 -0.00700812
204 -0.000906761 -0.000706306
205 0.00534921 0.00559829
206 0.0115841 0.0118808
207 0.0177732 0.0181164
208 0.0238922 0.0242805
209 0.0299169 0.0303488
210 0.0358236 0.0362974
211 0.0415888 0.0421026
212 0.04719 0.0477417
213 0.0526049 0.0531924
214 0.0578121 0.0584332
215 0.0627913 0.0634434
216 0.0675226 0.0682032
217 0.0719874 0.0726938
218 0.0761682 0.0768975
219 0.0800483 0.0807977
220 0.0836125 0.0843791
221 0.0868468 0.0876275
222 0.0897383 0.09053
223 0.0922756 0.0930753
224 0.0944488 0.0952532
225 0.0962492 0.0970553
226 0.0976698 0.0984742
227 0.0987049 0.0995046
228 0.0993505 0.100142
229 0.099604 0.100385
230 0.0994643 0.100231
231 0.0989322 0.0996816
232 0.0980096 0.0987389
233 0.0967002 0.0974066
234 0.0950092 0.0956898
235 0.0929432 0.0935953
236 0.0905104 0.0911315
237 0.0877204 0.088308
238 0.0845843 0.085136
239 0.0811143 0.0816281
240 0.0773242 0.0777979
241 0.0732289 0.0736608
242 0.0688446 0.0692329
243 0.0641886 0.0645318
244 0.0592793 0.059576
245 0.0541361 0.0543852
246 0.0487792 0.0489796
247 0.0432298 0.0433808
248 0.0375097 0.0376108
249 0.0316417 0.0316923
250 0.0256488 0.0256488
251 0.0195546 0.019504
252 0.0133833 0.0132823
253 0.00715916 0.00700812
254 0.000906761 0.000706306
255 -0.00534921 -0.00559829
256 -0.0115841 -0.0118808
257 -0.0177732 -0.0181164
258 -0.0238922 -0.0242805
259 -0.0299169 -0.0303488
260 -0.0358236 -0.0362974
261 -0.0415888 -0.0421026
262 -0.04719 -0.0477417
263 -0.0526049 -0.0531924
264 -0.0578121 -0.0584332
265 -0.0627913 -0.0634434
266 -0.0675226 -0.0682032
267 -0.0719874 -0.0726938
268 -0.0761682 -0.0768975
269 -0.0800483 -0.0807977
270 -0.0836125 -0.0843791
271 -0.0868468 -0.0876275
272 -0.0897383 -0.09053
273 -0.0922756 -0.0930753
274 -0.0944488 -0.0952532
275 -0.0962492 -0.0970553
276 -0.0976698 -0.0984742
277 -0.0987049 -0.0995046
278 -0.0993505 -0.100142
279 -0.099604 -0.100385
280 -0.0994643 -0.100231
281 -0.0989322 -0.0996816
282 -0.0980096 -0.0987389
283 -0.0967002 -0.0974066
284 -0.0950092 -0.0956898
285 -0.0929432 -0.0935953
286 -0.0905104 -0.0911315
287 -0.0877204 -0.088308
288 -0.0845843 -0.085136
289 -0.0811143 -0.0816281
290 -0.0773242 -0.0777979
291 -0.0732289 -0.0736608
292 -0.0688446 -0.0692329
293 -0.0641886 -0.0645318
294 -0.0592793 -0.059576
295 -0.0541361 -0.0543852
296 -0.0487792 -0.0489796
297 -0.0432298 -0.0433808
298 -0.0375097 -0.0376108
299 -0.0316417 -0.0316923
300 -0.0256488 -0.0256488
301 -0.0195546 -0.019504
302 -0.0133833 -0.0132823
303 -0.00715916 -0.00700812
304 -0.000906761 -0.000706306
305 0.00534921 0.00559829
306 0.0115841 0.0118808
307 0.0177732 0.0181164
308 0.0238922 0.0242805
309 0.0299169 0.0303488
310 0.0358236 0.0362974
311 0.0415888 0.0421026
312 0.04719 0.0477417
313 0.0526049 0.0531924
314 0.0578121 0.0584332
315 0.0627913 0.0634434
316 0.0675226 0.0682032
317 0.0719874 0.0726938
318 0.0761682 0.0768975
319 0.0800483 0.0807977
320 0.0836125 0.0843791
321 0.0868468 0.0876275
322 0.0897383 0.09053
323 0.0922756 0.0930753
324 0.0944488 0.0952532
325 0.0962492 0.0970553
326 0.0976698 0.0984742
327 0.0987049 0.0995046
328 0.0993505 0.100142
329 0.099604 0.100385
330 0.0994643 0.100231
331 0.0989322 0.0996816
332 0.0980096 0.0987389
333 0.0967002 0.0974066
334 0.0950092 0.0956898
335 0.0929432 0.0935953
336 0.0905104 0.0911315
337 0.0877204 0.088308
338 0.0845843 0.085136
339 0.0811143 0.0816281
340 0.0773242 0.0777979
341 0.0732289 0.0736608
342 0.0688446 0.0692329
343 0.0641886 0.0645318
344 0.0592793 0.059576
345 0.0541361 0.0543852
346 0.0487792 0.0489796
347 0.0432298 0.0433808
348 0.0375097 0.0376108
349 0.0316417 0.0316923
350 0.0256488 0.0256488
351 0.0195546 0.019504
352 0.0133833 0.0132823
353 0.00715916 0.00700812
354 0.000906761 0.000706306
355 -0.00534921 -0.00559829
356 -0.0115841 -0.0118808
357 -0.0177732 -0.0181164
358 -0.0238922 -0.0242805
359 -0.0299169 -0.0303488
360 -0.0358236 -0.0362974
361 -0.0415888 -0.0421026
362 -0.04719 -0.0477417
363 -0.0526049 -0.0531924
364 -0.0578121 -0.0584332
365 -0.0627913 -0.0634434
366 -0.0675226 -0.0682032
367 -0.0719874 -0.0726938
368 -0.0761682 -0.0768975
369 -0.0800483 -0.0807977
370 -0.0836125 -0.0843791
371 -0.0868468 -0.0876275
372 -0.0897383 -0.09053
373 -0.0922756 -0.0930753
374 -0.0944488 -0.0952532
375 -0.0962492 -0.0970553
376 -0.0976698 -0.0984742
377 -0.0987049 -0.0995046
378 -0.0993505 -0.100142
379 -0.099604 -0.100385
380 -0.0994643 -0.100231
381 -0.0989322 -0.0996816
382 -0.0980096 -0.0987389
383 -0.0967002 -0.0974066
384 -0.0950092 -0.0956898
385 -0.0929432 -0.0935953
386 -0.0905104 -0.0911315
387 -0.0877204 -0.088308
388 -0.0845843 -0.085136
389 -0.0811143 -0.0816281
390 -0.0773242 -0.0777979
391 -0.0732289 -0.0736608
392 -0.0688446 -0.0692329
393 -0.0641886 -0.0645318
394 -0.0592793 -0.059576
395 -0.0541361 -0.0543852
396 -0.0487792 -0.0489796
397 -0.0432298 -0.0433808
398 -0.0375097 -0.0376108
399 -0.0316417 -0.0316923
400 -0.0256488 -0.0256488
401 -0.0195546 -0.019504
402 -0.0133833 -0.0132823
403 -0.00715916 -0.00700812
404 -0.000906761 -0.000706306
405 0.00534921 0.00559829
406 0.0115841 0.0118808
407 0.0177732 0.0181164
408 0.0238922 0.0242805
409 0.0299169 0.0303488
410 0.0358236 0.0362974
411 0.0415888 0.0421026
412 0.04719 0.0477417
413 0.0526049 0.0531924
414 0.0578121 0.0584332
415 0.0627913 0.0634434
416 0.0675226 0.0682032
417 0.0719874 0.0726938
418 0.0761682 0.0768975
419 0.0800483 0.0807977
420 0.0836125 0.0843791
421 0.0868468 0.0876275
422 0.0897383 0.09053
423 0.0922756 0.0930753
424 0.0944488 0.0952532
425 0.0962492 0.0970553
426 0.0976698 0.0984742
427 0.0987049 0.0995046
428 0.0993505 0.100142
429 0.099604 0.100385
430 0.0994643 0.100231
431 0.0989322 0.0996816
432 0.0980096 0.0987389
433 0.0967002 0.0974066
434 0.0950092 0.0956898
435 0.0929432 0.0935953
436 0.0905104 0.0911315
437 0.0877204 0.088308
438 0.0845843 0.085136
439 0.0811143 0.0816281
440 0.0773242 0.0777979
441 0.0732289 0.0736608
442 0.0688446 0.0692329
443 0.0641886 0.0645318
444 0.0592793 0.059576
445 0.0541361 0.0543852
446 0.0487792 0.0489796
447 0.0432298 0.0433808
448 0.0375097 0.0376108
449 0.0316417 0.0316923
450 0.0256488 0.0256488
451 0.0195546 0.019504
452 0.0133833 0.0132823
453 0.00715916 0.00700812
454 0.000906761 0.000706306
455 -0.00534921 -0.00559829
456 -0.0115841 -0.0118808
457 -0.0177732 -0.0181164
458 -0.0238922 -0.0242805
459 -0.0299169 -0.0303488
460 -0.0358236 -0.0362974
461 -0.0415888 -0.0421026
462 -0.04719 -0.0477417
463 -0.0526049 -0.0531924
464 -0.0578121 -0.0584332
465 -0.0627913 -0.0634434
466 -0.0675226 -0.0682032
467 -0.0719874 -0.0726938
468 -0.0761682 -0.0768975
469 -0.0800483 -0.0807977
470 -0.0836125 -0.0843791
471 -0.0868468 -0.0876275
472 -0.0897383 -0.09053
473 -0.0922756 -0.0930753
474 -0.0944488 -0.0952532
475 -0.0962492 -0.0970553
476 -0.0976698 -0.0984742
477 -0.0987049 -0.0995046
478 -0.0993505 -0.100142
479 -0.099604 -0.100385
480 -0.0994643 -0.100231
481 -0.0989322 -0.0996816
482 -0.0980096 -0.0987389
483 -0.0967002 -0.0974066
484 -0.0950092 -0.0956898
485 -0.0929432 -0.0935953
486 -0.0905104 -0.0911315
487 -0.0877204 -0.088308
488 -0.0845843 -0.085136
489 -0.0811143 -0.0816281
490 -0.0773242 -0.0777979
491 -0.0732289 -0.0736608
492 -0.0688446 -0.0692329
493 -0.0641886 -0.0645318
494 -0.0592793 -0.059576
495 -0.0541361 -0.0543852
496 -0.0487792 -0.0489796
497 -0.0432298 -0.0433808
498 -0.0375097 -0.0376108
499 -0.0316417 -0.0316923
500 -0.0256488 -0.0256488
501 -0.0195546 -0.019504
502 -0.0133833 -0.0132823
503 -0.00715916 -0.00700812
504 -0.000906761 -0.000706306
505 0.00534921 0.00559829
506 0.0115841 0.0118808
507 0.0177732 0.0181164
508 0.0238922 0.0242805
509 0.0299169 0.0303488
510 0.0358236 0.0362974
511 0.0415888 0.0421026
512 0.04719 0.0477417
513 0.0526049 0.0531924
514 0.0578121 0.0584332
515 0.0627913 0.0634434
516 0.0675226 0.0682032
517 0.0719874 0.0726938
518 0.0761682 0.0768975
519 0.0800483 0.0807977
520 0.0836125 0.0843791
521 0.0868468 0.0876275
522 0.0897383 0.09053
523 0.0922756 0.0930753
524 0.0944488 0.0952532
525 0.0962492 0.0970553
526 0.0976698 0.0984742
527 0.0987049 0.0995046
528 0.0993505 0.100142
529 0.099604 0.100385
530 0.0994643 0.100231
531 0.0989322 0.0996816
532 0.0980096 0.0987389
533 0.0967002 0.0974066
534 0.0950092 0.0956898
535 0.0929432 0.0935953
536 0.0905104 0.0911315
537 0.0877204 0.088308
538 0.0845843 0.085136
539 0.0811143 0.0816281
540 0.0773242 0.0777979
541 0.0732289 0.0736608
542 0.0688446 0.0692329
543 0.0641886 0.0645318
544 0.0592793 0.059576
545 0.0541361 0.0543852
546 0.0487792 0.0489796
547 0.0432298 0.0433808
548 0.0375097 0.0376108
549 0.0316417 0.0316923
550 0.0256488 0.0256488
551 0.0195546 0.019504
552 0.0133833 0.0132823
553 0.00715916 0.00700812
554 0.000906761 0.000706306
555 -0.00534921 -0.00559829
556 -0.0115841 -0.0118808
557 -0.0177732 -0.0181164
558 -0.0238922 -0.0242805
559 -0.0299169 -0.0303488
560 -0.0358236 -0.0362974
561 -0.0415888 -0.0421026
562 -0.04719 -0.0477417
563 -0.0526049 -0.0531924
564 -0.0578121 -0.0584332
565 -0.0627913 -0.0634434
566 -0.0675226 -0.0682032
567 -0.0719874 -0.0726938
568 -0.0761682 -0.0768975
569 -0.0800483 -0.0807977
570 -0.0836125 -0.0843791
571 -0.0868468 -0.0876275
572 -0.0897383 -0.09053
573 -0.0922756 -0.0930753
574 -0.0944488 -0.0952532
575 -0.0962492 -0.0970553
576 -0.0976698 -0.0984742
577 -0.0987049 -0.0995046
578 -0.0993505 -0.100142
579 -0.099604 -0.100385
580 -0.0994643 -0.100231
581 -0.0989322 -0.0996816
582 -0.0980096 -0.0987389
583 -0.0967002 -0.0974066
584 -0.0950092 -0.0956898
585 -0.0929432 -0.0935953
586 -0.0905104 -0.0911315
587 -0.0877204 -0.088308
588 -0.0845843 -0.085136
589 -0.0811143 -0.0816281
590 -0.0773242 -0.0777979
591 -0.0732289 -0.0736608
592 -0.0688446 -0.0692329
593 -0.0641886 -0.0645318
594 -0.0592793 -0.059576
595 -0.0541361 -0.0543852
596 -0.0487792 -0.0489796
597 -0.0432298 -0.0433808
598 -0.0375097 -0.0376108
599 -0.0316417 -0.0316923
600 -0.0256488 -0.0256488
601 -0.0195546 -0.019504
602 -0.0133833 -0.0132823
603 -0.00715916 -0.00700812
604 -0.000906761 -0.000706306
605 0.00534921 0.00559829
606 0.0115841 0.0118808
607 0.0177732 0.0181164
608 0.0238922 0.0242805
609 0.0299169 0.0303488
610 0.0358236 0.0362974
611 0.0415888 0.0421026
612 0.04719 0.0477417
613 0.0526049 0.0531924
614 0.0578121 0.0584332
615 0.0627913 0.0634434
616 0.0675226 0.0682032
617 0.0719874 0.0726938
618 0.0761682 0.0768975
619 0.0800483 0.0807977
620 0.0836125 0.0843791
621 0.0868468 0.0876275
622 0.0897383 0.09053
623 0.0922756 0.0930753
624 0.0944488 0.0952532
625 0.0962492 0.0970553
626 0.0976698 0.0984742
627 0.0987049 0.0995046
628 0.0993505 0.100142
629 0.099604 0.100385
630 0.0994643 0.100231
631 0.0989322 0.0996816
632 0.0980096 0.0987389
633 0.0967002 0.0974066
634 0.0950092 0.0956898
635 0.0929432 0.0935953
636 0.0905104 0.0911315
637 0.0877204 0.088308
638 0.0845843 0.085136
639 0.0811143 0.0816281
640 0.0773242 0.0777979
641 0.0732289 0.0736608
642 0.0688446 0.0692329
643 0.0641886 0.0645318
644 0.0592793 0.059576
645 0.0541361 0.0543852
646 0.0487792 0.0489796
647 0.0432298 0.0433808
648 0.0375097 0.0376108
649 0.0316417 0.0316923
650 0.0256488 0.0256488
651 0.0195546 0.019504
652 0.0133833 0.0132823
653 0.00715916 0.00700812
654 0.000906761 0.000706306
655 -0.00534921 -0.00559829
656 -0.0115841 -0.0118808
657 -0.0177732 -0.0181164
658 -0.0238922 -0.0242805
659 -0.0299169 -0.0303488
660 -0.0358236 -0.0362974
661 -0.0415888 -0.0421026
662 -0.04719 -0.0477417
663 -0.0526049 -0.0531924
664 -0.0578121 -0.0584332
665 -0.0627913 -0.0634434
666 -0.0675226 -0.0682032
667 -0.0719874 -0.0726938
668 -0.0761682 -0.0768975
669 -0.0800483 -0.0807977
670 -0.0836125 -0.0843791
671 -0.0868468 -0.0876275
672 -0.0897383 -0.09053
673 -0.0922756 -0.0930753
674 -0.0944488 -0.0952532
675 -0.0962492 -0.0970553
676 -0.0976698 -0.0984742
677 -0.0987049 -0.0995046
678 -0.0993505 -0.100142
679 -0.099604 -0.100385
680 -0.0994643 -0.100231
681 -0.0989322 -0.0996816
682 -0.0980096 -0.0987389
683 -0.0967002 -0.0974066
684 -0.0950092 -0.0956898
685 -0.0929432 -0.0935953
686 -0.0905104 -0.0911315
687 -0.0877204 -0.088308
688 -0.0845843 -0.085136
689 -0.0811143 -0.0816281
690 -0.0773242 -0.0777979
691 -0.0732289 -0.0736608
692 -0.0688446 -0.0692329
693 -0.0641886 -0.0645318
694 -0.0592793 -0.059576
695 -0.0541361 -0.0543852
696 -0.0487792 -0.0489796
697 -0.0432298 -0.0433808
698 -0.0375097 -0.0376108
699 -0.0316417 -0.0316923
700 -0.0256488 -0.0256488
701 -0.0195546 -0.019504
702 -0.0133833 -0.0132823
703 -0.00715916 -0.00700812
704 -0.000906761 -0.000706306
705 0.00534921 0.00559829
706 0.0115841 0.0118808
707 0.0177732 0.0181164
708 0.0238922 0.0242805
709 0.0299169 0.0303488
710 0.0358236 0.0362974
711 0.0415888 0.0421026
712 0.04719 0.0477417
713 0.0526049 0.0531924
714 0.0578121 0.0584332
715 0.0627913 0.0634434
716 0.0675226 0.0682032
717 0.0719874 0.0726938
718 0.0761682 0.0768975
719 0.0800483 0.0807977
720 0.0836125 0.0843791
721 0.0868468 0.0876275
722 0.0897383 0.09053
723 0.0922756 0.0930753
724 0.0944488 0.0952532
725 0.0962492 0.0970553
726 0.0976698 0.0984742
727 0.0987049 0.0995046
728 0.0993505 0.100142
729 0.099604 0.100385
730 0.0994643 0.100231
731 0.0989322 0.0996816
732 0.0980096 0.0987389
733 0.0967002 0.0974066
734 0.0950092 0.0956898
735 0.0929432 0.0935953
736 0.0905104 0.0911315
737 0.0877204 0.088308
738 0.0845843 0.085136
739 0.0811143 0.0816281
740 0.0773242 0.0777979
741 0.0732289 0.0736608
742 0.0688446 0.0692329
743 0.0641886 0.0645318
744 0.0592793 0.059576
745 0.0541361 0.0543852
746 0.0487792 0.0489796
747 0.0432298 0.0433808
748 0.0375097 0.0376108
749 0.0316417 0.0316923
750 0.0256488 0.0256488
751 0.0195546 0.019504
752 0.0133833 0.0132823
753 0.00715916 0.00700812
754 0.000906761 0.000706306
755 -0.00534921 -0.00559829
756 -0.0115841 -0.0118808
757 -0.0177732 -0.0181164
758 -0.0238922 -0.0242805
759 -0.0299169 -0.0303488
760 -0.0358236 -0.0362974
761 -0.0415888 -0.0421026
762 -0.04719 -0.0477417
763 -0.0526049 -0.0531924
764 -0.0578121 -0.0584332
765 -0.0627913 -0.0634434
766 -0.0675226 -0.0682032
767 -0.0719874 -0.0726938
768 -0.0761682 -0.0768975
769 -0.0800483 -0.0807977
770 -0.0836125 -0.0843791
771 -0.0868468 -0.0876275
772 -0.0897383 -0.09053
773 -0.0922756 -0.0930753
774 -0.0944488 -0.0952532
775 -0.0962492 -0.0970553
776 -0.0976698 -0.0984742
777 -0.0987049 -0.0995046
778 -0.0993505 -0.100142
779 -0.099604 -0.100385
780 -0.0994643 -0.100231
781 -0.0989322 -0.0996816
782 -0.0980096 -0.0987389
783 -0.0967002 -0.0974066
784 -0.0950092 -0.0956898
785 -0.0929432 -0.0935953
786 -0.0905104 -0.0911315
787 -0.0877204 -0.088308
788 -0.0845843 -0.085136
789 -0.0811143 -0.0816281
790 -0.0773242 -0.0777979
791 -0.0732289 -0.0736608
792 -0.0688446 -0.0692329
793 -0.0641886 -0.0645318
794 -0.0592793 -0.059576
795 -0.0541361 -0.0543852
796 -0.0487792 -0.0489796
797 -0.0432298 -0.0433808
798 -0.0375097 -0.0376108
799 -0.0316417 -0.0316923
800 -0.0256488 -0.0256488
801 -0.0195546 -0.019504
802 -0.0133833 -0.0132823
803 -0.00715916 -0.00700812
804 -0.000906761 -0.000706306
805 0.00534921 0.00559829
806 0.0115841 0.0118808
807 0.0177732 0.0181164
808 0.0238922 0.0242805
809 0.0299169 0.0303488
810 0.0358236 0.0362974
811 0.0415888 0.0421026
812 0.04719 0.0477417
813 0.0526049 0.0531924
814 0.0578121 0.0584332
815 0.0627913 0.0634434
816 0.0675226 0.0682032
817 0.0719874 0.0726938
818 0.0761682 0.0768975
819 0.0800483 0.0807977
820 0.0836125 0.0843791
821 0.0868468 0.0876275
822 0.0897383 0.09053
823 0.0922756 0.0930753
824 0.0944488 0.0952532
825 0.0962492 0.0970553
826 0.0976698 0.0984742
827 0.0987049 0.0995046
828 0.0993505 0.100142
829 0.099604 0.100385
830 0.0994643 0.100231
831 0.0989322 0.0996816
832 0.0980096 0.0987389
833 0.0967002 0.0974066
834 0.0950092 0.0956898
835 0.0929432 0.0935953
836 0.0905104 0.0911315
837 0.0877204 0.088308
838 0.0845843 0.085136
839 0.0811143 0.0816281
840 0.0773242 0.0777979
841 0.0732289 0.0736608
842 0.0688446 0.0692329
843 0.0641886 0.0645318
844 0.0592793 0.059576
845 0.0541361 0.0543852
846 0.0487792 0.0489796
847 0.0432298 0.0433808
848 0.0375097 0.0376108
849 0.0316417 0.0316923
850 0.0256488 0.0256488
851 0.0195546 0.019504
852 0.0133833 0.0132823
853 0.00715916 0.00700812
854 0.000906761 0.000706306
855 -0.00534921 -0.00559829
856 -0.0115841 -0.0118808
857 -0.0177732 -0.0181164
858 -0.0238922 -0.0242805
859 -0.0299169 -0.0303488
860 -0.0358236 -0.0362974
861 -0.0415888 -0.0421026
862 -0.04719 -0.0477417
863 -0.0526049 -0.0531924
864 -0.0578121 -0.0584332
865 -0.0627913 -0.0634434
866 -0.0675226 -0.0682032
867 -0.0719874 -0.0726938
868 -0.0761682 -0.0768975
869 -0.0800483 -0.0807977
870 -0.0836125 -0.0843791
871 -0.0868468 -0.0876275
872 -0.0897383 -0.09053
873 -0.0922756 -0.0930753
874 -0.0944488 -0.0952532
875 -0.0962492 -0.0970553
876 -0.0976698 -0.0984742
877 -0.0987049 -0.0995046
878 -0.0993505 -0.100142
879 -0.099604 -0.100385
880 -0.0994643 -0.100231
881 -0.0989322 -0.0996816
882 -0.0980096 -0.0987389
883 -0.0967002 -0.0974066
884 -0.0950092 -0.0956898
885 -0.0929432 -0.0935953
886 -0.0905104 -0.0911315
887 -0.0877204 -0.088308
888 -0.0845843 -0.085136
889 -0.0811143 -0.0816281
890 -0.0773242 -0.0777979
891 -0.0732289 -0.0736608
892 -0.0688446 -0.0692329
893 -0.0641886 -0.0645318
894 -0.0592793 -0.059576
895 -0.0541361 -0.0543852
896 -0.0487792 -0.0489796
897 -0.0432298 -0.0433808
898 -0.0375097 -0.0376108
899 -0.0316417 -0.0316923
900 -0.0256488 -0.0256488
901 -0.0195546 -0.019504
902 -0.0133833 -0.0132823
903 -0.00715916 -0.00700812
904 -0.000906761 -0.000706306
905 0.00534921 0.00559829
906 0.0115841 0.0118808
907 0.0177732 0.0181164
908 0.0238922 0.0242805
909 0.0299169 0.0303488
910 0.0358236 0.0362974
911 0.0415888 0.0421026
912 0.04719 0.0477417
913 0.0526049 0.0531924
914 0.0578121 0.0584332
915 0.0627913 0.0634434
916 0.0675226 0.0682032
917 0.0719874 0.0726938
918 0.0761682 0.0768975
919 0.0800483 0.0807977
920 0.0836125 0.0843791
921 0.0868468 0.0876275
922 0.0897383 0.09053
923 0.0922756 0.0930753
924 0.0944488 0.0952532
925 0.0962492 0.0970553
926 0.0976698 0.0984742
927 0.0987049 0.0995046
928 0.0993505 0.100142
929 0.099604 0.100385
930 0.0994643 0.100231
931 0.0989322 0.0996816
932 0.0980096 0.0987389
933 0.0967002 0.0974066
934 0.0950092 0.0956898
935 0.0929432 0.0935953
936 0.0905104 0.0911315
937 0.0877204 0.088308
938 0.0845843 0.085136
939 0.0811143 0.0816281
940 0.0773242 0.0777979
941 0.0732289 0.0736608
942 0.0688446 0.0692329
943 0.0641886 0.0645318
944 0.0592793 0.059576
945 0.0541361 0.0543852
946 0.0487792 0.0489796
947 0.0432298 0.0433808
948 0.0375097 0.0376108
949 0.0316417 0.0316923
950 0.0256488 0.0256488
951 0.0195546 0.019504
952 0.0133833 0.0132823
953 0.00715916 0.00700812
954 0.000906761 0.000706306
955 -0.00534921 -0.00559829
956 -0.0115841 -0.0118808
957 -0.0177732 -0.0181164
958 -0.0238922 -0.0242805
959 -0.0299169 -0.0303488
960 -0.0358236 -0.0362974
961 -0.0415888 -0.0421026
962 -0.04719 -0.0477417
963 -0.0526049 -0.0531924
964 -0.0578121 -0.0584332
965 -0.0627913 -0.0634434
966 -0.0675226 -0.0682032
967 -0.0719874 -0.0726938
968 -0.0761682 -0.0768975
969 -0.0800483 -0.0807977
970 -0.0836125 -0.0843791
971 -0.0868468 -0.0876275
972 -0.0897383 -0.09053
973 -0.0922756 -0.0930753
974 -0.0944488 -0.0952532
975 -0.0962492 -0.0970553
976 -0.0976698 -0.0984742
977 -0.0987049 -0.0995046
978 -0.0993505 -0.100142
979 -0.099604 -0.100385
980 -0.0994643 -0.100231
981 -0.0989322 -0.0996816
982 -0.0980096 -0.0987389
983 -0.0967002 -0.0974066
984 -0.0950092 -0.0956898
985 -0.0929432 -0.0935953
986 -0.0905104 -0.0911315
987 -0.0877204 -0.088308
988 -0.0845843 -0.085136
989 -0.0811143 -0.0816281
990 -0.0773242 -0.0777979
991 -0.0732289 -0.0736608
992 -0.0688446 -0.0692329
993 -0.0641886 -0.0645318
994 -0.0592793 -0.059576
995 -0.0541361 -0.0543852
996 -0.0487792 -0.0489796
997 -0.0432298 -0.0433808
998 -0.0375097 -0.0376108
999 -0.0316417 -0.0316923
