0 -0.0989618 -0.0989618
1 -0.0979777 -0.0977824
2 -0.0966069 -0.0962171
3 -0.0948548 -0.0942721
4 -0.0927284 -0.091955
5 -0.0902361 -0.089275
6 -0.0873876 -0.0862427
7 -0.0841942 -0.0828701
8 -0.0806686 -0.0791704
9 -0.0768246 -0.0751582
10 -0.0726775 -0.0708494
11 -0.0682434 -0.0662611
12 -0.0635401 -0.0614112
13 -0.058586 -0.0563189
14 -0.0534007 -0.0510044
15 -0.0480047 -0.0454886
16 -0.0424191 -0.0397933
17 -0.0366662 -0.0339409
18 -0.0307686 -0.0279546
19 -0.0247495 -0.0218579
20 -0.0186328 -0.015675
21 -0.0124426 -0.00943027
22 -0.00620319 -0.00314828
23 6.06567e-05 0.00314613
24 0.00632427 0.00942813
25 0.0125629 0.0156729
26 0.018752 0.0218558
27 0.0248671 0.0279525
28 0.030884 0.0339389
29 0.036779 0.0397913
30 0.0425289 0.0454867
31 0.048111 0.0510026
32 0.0535031 0.0563171
33 0.0586842 0.0614095
34 0.0636336 0.0662594
35 0.0683319 0.0708479
36 0.0727605 0.0751568
37 0.076902 0.0791691
38 0.0807399 0.0828689
39 0.0842593 0.0862416
40 0.087446 0.0892741
41 0.0902877 0.0919541
42 0.0927731 0.0942713
43 0.0948923 0.0962165
44 0.096637 0.0977819
45 0.0980004 0.0989614
46 0.098977 0.0997504
47 0.0995629 0.100146
48 0.099756 0.100146
49 0.0995553 0.0997506
50 0.0989618 0.0989618
51 0.0979777 0.0977824
52 0.0966069 0.0962171
53 0.0948548 0.0942721
54 0.0927284 0.091955
55 0.0902361 0.089275
56 0.0873876 0.0862427
57 0.0841942 0.0828701
58 0.0806686 0.0791704
59 0.0768246 0.0751582
60 0.0726775 0.0708494
61 0.0682434 0.0662611
62 0.0635401 0.0614112
63 0.058586 0.0563189
64 0.0534007 0.0510044
65 0.0480047 0.0454886
66 0.0424191 0.0397933
67 0.0366662 0.0339409
68 0.0307686 0.0279546
69 0.0247495 0.0218579
70 0.0186328 0.015675
71 0.0124426 0.00943027
72 0.00620319 0.00314828
73 -6.06567e-05 -0.00314613
74 -0.00632427 -0.00942813
75 -0.0125629 -0.0156729
76 -0.018752 -0.0218558
77 -0.0248671 -0.0279525
78 -0.030884 -0.0339389
79 -0.036779 -0.0397913
80 -0.0425289 -0.0454867
81 -0.048111 -0.0510026
82 -0.0535031 -0.0563171
83 -0.0586842 -0.0614095
84 -0.0636336 -0.0662594
85 -0.0683319 -0.0708479
86 -0.0727605 -0.0751568
87 -0.076902 -0.0791691
88 -0.0807399 -0.0828689
89 -0.0842593 -0.0862416
90 -0.087446 -0.0892741
91 -0.0902877 -0.0919541
92 -0.0927731 -0.0942713
93 -0.0948923 -0.0962165
94 -0.096637 -0.0977819
95 -0.0980004 -0.0989614
96 -0.098977 -0.0997504
97 -0.0995629 -0.100146
98 -0.099756 -0.100146
99 -0.0995553 -0.0997506
100 -0.0989618 -0.0989618
101 -0.0979777 -0.0977824
102 -0.0966069 -0.0962171
103 -0.0948548 -0.0942721
104 -0.0927284 -0.091955
105 -0.0902361 -0.089275
106 -0.0873876 -0.0862427
107 -0.0841942 -0.0828701
108 -0.0806686 -0.0791704
109 -0.0768246 -0.0751582
110 -0.0726775 -0.0708494
111 -0.0682434 -0.0662611
112 -0.0635401 -0.0614112
113 -0.058586 -0.0563189
114 -0.0534007 -0.0510044
115 -0.0480047 -0.0454886
116 -0.0424191 -0.0397933
117 -0.0366662 -0.0339409
118 -0.0307686 -0.0279546
119 -0.0247495 -0.0218579
120 -0.0186328 -0.015675
121 -0.0124426 -0.00943027
122 -0.00620319 -0.00314828
123 6.06567e-05 0.00314613
124 0.00632427 0.00942813
125 0.0125629 0.0156729
126 0.018752 0.0218558
127 0.0248671 0.0279525
128 0.030884 0.0339389
129 0.036779 0.0397913
130 0.0425289 0.0454867
131 0.048111 0.0510026
132 0.0535031 0.0563171
133 0.0586842 0.0614095
134 0.0636336 0.0662594
135 0.0683319 0.0708479
136 0.0727605 0.0751568
137 0.076902 0.0791691
138 0.0807399 0.0828689
139 0.0842593 0.0862416
140 0.087446 0.0892741
141 0.0902877 0.0919541
142 0.0927731 0.0942713
143 0.0948923 0.0962165
144 0.096637 0.0977819
145 0.0980004 0.0989614
146 0.098977 0.0997504
147 0.0995629 0.100146
148 0.099756 0.100146
149 0.0995553 0.0997506
150 0.0989618 0.0989618
151 0.0979777 0.0977824
152 0.0966069 0.0962171
153 0.0948548 0.0942721
154 0.0927284 0.091955
155 0.0902361 0.089275
156 0.0873876 0.0862427
157 0.0841942 0.0828701
158 0.0806686 0.0791704
159 0.0768246 0.0751582
160 0.0726775 0.0708494
161 0.0682434 0.0662611
162 0.0635401 0.0614112
163 0.058586 0.0563189
164 0.0534007 0.0510044
165 0.0480047 0.0454886
166 0.0424191 0.0397933
167 0.0366662 0.0339409
168 0.0307686 0.0279546
169 0.0247495 0.0218579
170 0.0186328 0.015675
171 0.0124426 0.00943027
172 0.00620319 0.00314828
173 -6.06567e-05 -0.00314613
174 -0.00632427 -0.00942813
175 -0.0125629 -0.0156729
176 -0.018752 -0.0218558
177 -0.0248671 -0.0279525
178 -0.030884 -0.0339389
179 -0.036779 -0.0397913
180 -0.0425289 -0.0454867
181 -0.048111 -0.0510026
182 -0.0535031 -0.0563171
183 -0.0586842 -0.0614095
184 -0.0636336 -0.0662594
185 -0.0683319 -0.0708479
186 -0.0727605 -0.0751568
187 -0.076902 -0.0791691
188 -0.0807399 -0.0828689
189 -0.0842593 -0.0862416
190 -0.087446 -0.0892741
191 -0.0902877 -0.0919541
192 -0.0927731 -0.0942713
193 -0.0948923 -0.0962165
194 -0.096637 -0.0977819
195 -0.0980004 -0.0989614
196 -0.098977 -0.0997504
197 -0.0995629 -0.100146
198 -0.099756 -0.100146
199 -0.0995553 -0.0997506
200 -0.0989618 -0.0989618
201 -0.0979777 -0.0977824
202 -0.0966069 -0.0962171
203 -0.0948548 -0.0942721
204 -0.0927284 -0.091955
205 -0.0902361 -0.089275
206 -0.0873876 -0.0862427
207 -0.0841942 -0.0828701
208 -0.0806686 -0.0791704
209 -0.0768246 -0.0751582
210 -0.0726775 -0.0708494
211 -0.0682434 -0.0662611
212 -0.0635401 -0.0614112
213 -0.058586 -0.0563189
214 -0.0534007 -0.0510044
215 -0.0480047 -0.0454886
216 -0.0424191 -0.0397933
217 -0.0366662 -0.0339409
218 -0.0307686 -0.0279546
219 -0.0247495 -0.0218579
220 -0.0186328 -0.015675
221 -0.0124426 -0.00943027
222 -0.00620319 -0.00314828
223 6.06567e-05 0.00314613
224 0.00632427 0.00942813
225 0.0125629 0.0156729
226 0.018752 0.0218558
227 0.0248671 0.0279525
228 0.030884 0.0339389
229 0.036779 0.0397913
230 0.0425289 0.0454867
231 0.048111 0.0510026
232 0.0535031 0.0563171
233 0.0586842 0.0614095
234 0.0636336 0.0662594
235 0.0683319 0.0708479
236 0.0727605 0.0751568
237 0.076902 0.0791691
238 0.0807399 0.0828689
239 0.0842593 0.0862416
240 0.087446 0.0892741
241 0.0902877 0.0919541
242 0.0927731 0.0942713
243 0.0948923 0.0962165
244 0.096637 0.0977819
245 0.0980004 0.0989614
246 0.098977 0.0997504
247 0.0995629 0.100146
248 0.099756 0.100146
249 0.0995553 0.0997506
250 0.0989618 0.0989618
251 0.0979777 0.0977824
252 0.0966069 0.0962171
253 0.0948548 0.0942721
254 0.0927284 0.091955
255 0.0902361 0.089275
256 0.0873876 0.0862427
257 0.0841942 0.0828701
258 0.0806686 0.0791704
259 0.0768246 0.0751582
260 0.0726775 0.0708494
261 0.0682434 0.0662611
262 0.0635401 0.0614112
263 0.058586 0.0563189
264 0.0534007 0.0510044
265 0.0480047 0.0454886
266 0.0424191 0.0397933
267 0.0366662 0.0339409
268 0.0307686 0.0279546
269 0.0247495 0.0218579
270 0.0186328 0.015675
271 0.0124426 0.00943027
272 0.00620319 0.00314828
273 -6.06567e-05 -0.00314613
274 -0.00632427 -0.00942813
275 -0.0125629 -0.0156729
276 -0.018752 -0.0218558
277 -0.0248671 -0.0279525
278 -0.030884 -0.0339389
279 -0.036779 -0.0397913
280 -0.0425289 -0.0454867
281 -0.048111 -0.0510026
282 -0.0535031 -0.0563171
283 -0.0586842 -0.0614095
284 -0.0636336 -0.0662594
285 -0.0683319 -0.0708479
286 -0.0727605 -0.0751568
287 -0.076902 -0.0791691
288 -0.0807399 -0.0828689
289 -0.0842593 -0.0862416
290 -0.087446 -0.0892741
291 -0.0902877 -0.0919541
292 -0.0927731 -0.0942713
293 -0.0948923 -0.0962165
294 -0.096637 -0.0977819
295 -0.0980004 -0.0989614
296 -0.098977 -0.0997504
297 -0.0995629 -0.100146
298 -0.099756 -0.100146
299 -0.0995553 -0.0997506
300 -0.0989618 -0.0989618
301 -0.0979777 -0.0977824
302 -0.0966069 -0.0962171
303 -0.0948548 -0.0942721
304 -0.0927284 -0.091955
305 -0.0902361 -0.089275
306 -0.0873876 -0.0862427
307 -0.0841942 -0.0828701
308 -0.0806686 -0.0791704
309 -0.0768246 -0.0751582
310 -0.0726775 -0.0708494
311 -0.0682434 -0.0662611
312 -0.0635401 -0.0614112
313 -0.058586 -0.0563189
314 -0.0534007 -0.0510044
315 -0.0480047 -0.0454886
316 -0.0424191 -0.0397933
317 -0.0366662 -0.0339409
318 -0.0307686 -0.0279546
319 -0.0247495 -0.0218579
320 -0.0186328 -0.015675
321 -0.0124426 -0.00943027
322 -0.00620319 -0.00314828
323 6.06567e-05 0.00314613
324 0.00632427 0.00942813
325 0.0125629 0.0156729
326 0.018752 0.0218558
327 0.0248671 0.0279525
328 0.030884 0.0339389
329 0.036779 0.0397913
330 0.0425289 0.0454867
331 0.048111 0.0510026
332 0.0535031 0.0563171
333 0.0586842 0.0614095
334 0.0636336 0.0662594
335 0.0683319 0.0708479
336 0.0727605 0.0751568
337 0.076902 0.0791691
338 0.0807399 0.0828689
339 0.0842593 0.0862416
340 0.087446 0.0892741
341 0.0902877 0.0919541
342 0.0927731 0.0942713
343 0.0948923 0.0962165
344 0.096637 0.0977819
345 0.0980004 0.0989614
346 0.098977 0.0997504
347 0.0995629 0.100146
348 0.099756 0.100146
349 0.0995553 0.0997506
350 0.0989618 0.0989618
351 0.0979777 0.0977824
352 0.0966069 0.0962171
353 0.0948548 0.0942721
354 0.0927284 0.091955
355 0.0902361 0.089275
356 0.0873876 0.0862427
357 0.0841942 0.0828701
358 0.0806686 0.0791704
359 0.0768246 0.0751582
360 0.0726775 0.0708494
361 0.0682434 0.0662611
362 0.0635401 0.0614112
363 0.058586 0.0563189
364 0.0534007 0.0510044
365 0.0480047 0.0454886
366 0.0424191 0.0397933
367 0.0366662 0.0339409
368 0.0307686 0.0279546
369 0.0247495 0.0218579
370 0.0186328 0.015675
371 0.0124426 0.00943027
372 0.00620319 0.00314828
373 -6.06567e-05 -0.00314613
374 -0.00632427 -0.00942813
375 -0.0125629 -0.0156729
376 -0.018752 -0.0218558
377 -0.0248671 -0.0279525
378 -0.030884 -0.0339389
379 -0.036779 -0.0397913
380 -0.0425289 -0.0454867
381 -0.048111 -0.0510026
382 -0.0535031 -0.0563171
383 -0.0586842 -0.0614095
384 -0.0636336 -0.0662594
385 -0.0683319 -0.0708479
386 -0.0727605 -0.0751568
387 -0.076902 -0.0791691
388 -0.0807399 -0.0828689
389 -0.0842593 -0.0862416
390 -0.087446 -0.0892741
391 -0.0902877 -0.0919541
392 -0.0927731 -0.0942713
393 -0.0948923 -0.0962165
394 -0.096637 -0.0977819
395 -0.0980004 -0.0989614
396 -0.098977 -0.0997504
397 -0.0995629 -0.100146
398 -0.099756 -0.100146
399 -0.0995553 -0.0997506
400 -0.0989618 -0.0989618
401 -0.0979777 -0.0977824
402 -0.0966069 -0.0962171
403 -0.0948548 -0.0942721
404 -0.0927284 -0.091955
405 -0.0902361 -0.089275
406 -0.0873876 -0.0862427
407 -0.0841942 -0.0828701
408 -0.0806686 -0.0791704
409 -0.0768246 -0.0751582
410 -0.0726775 -0.0708494
411 -0.0682434 -0.0662611
412 -0.0635401 -0.0614112
413 -0.058586 -0.0563189
414 -0.0534007 -0.0510044
415 -0.0480047 -0.0454886
416 -0.0424191 -0.0397933
417 -0.0366662 -0.0339409
418 -0.0307686 -0.0279546
419 -0.0247495 -0.0218579
420 -0.0186328 -0.015675
421 -0.0124426 -0.00943027
422 -0.00620319 -0.00314828
423 6.06567e-05 0.00314613
424 0.00632427 0.00942813
425 0.0125629 0.0156729
426 0.018752 0.0218558
427 0.0248671 0.0279525
428 0.030884 0.0339389
429 0.036779 0.0397913
430 0.0425289 0.0454867
431 0.048111 0.0510026
432 0.0535031 0.0563171
433 0.0586842 0.0614095
434 0.0636336 0.0662594
435 0.0683319 0.0708479
436 0.0727605 0.0751568
437 0.076902 0.0791691
438 0.0807399 0.0828689
439 0.0842593 0.0862416
440 0.087446 0.0892741
441 0.0902877 0.0919541
442 0.0927731 0.0942713
443 0.0948923 0.0962165
444 0.096637 0.0977819
445 0.0980004 0.0989614
446 0.098977 0.0997504
447 0.0995629 0.100146
448 0.099756 0.100146
449 0.0995553 0.0997506
450 0.0989618 0.0989618
451 0.0979777 0.0977824
452 0.0966069 0.0962171
453 0.0948548 0.0942721
454 0.0927284 0.091955
455 0.0902361 0.089275
456 0.0873876 0.0862427
457 0.0841942 0.0828701
458 0.0806686 0.0791704
459 0.0768246 0.0751582
460 0.0726775 0.0708494
461 0.0682434 0.0662611
462 0.0635401 0.0614112
463 0.058586 0.0563189
464 0.0534007 0.0510044
465 0.0480047 0.0454886
466 0.0424191 0.0397933
467 0.0366662 0.0339409
468 0.0307686 0.0279546
469 0.0247495 0.0218579
470 0.0186328 0.015675
471 0.0124426 0.00943027
472 0.00620319 0.00314828
473 -6.06567e-05 -0.00314613
474 -0.00632427 -0.00942813
475 -0.0125629 -0.0156729
476 -0.018752 -0.0218558
477 -0.0248671 -0.0279525
478 -0.030884 -0.0339389
479 -0.036779 -0.0397913
480 -0.0425289 -0.0454867
481 -0.048111 -0.0510026
482 -0.0535031 -0.0563171
483 -0.0586842 -0.0614095
484 -0.0636336 -0.0662594
485 -0.0683319 -0.0708479
486 -0.0727605 -0.0751568
487 -0.076902 -0.0791691
488 -0.0807399 -0.0828689
489 -0.0842593 -0.0862416
490 -0.087446 -0.0892741
491 -0.0902877 -0.0919541
492 -0.0927731 -0.0942713
493 -0.0948923 -0.0962165
494 -0.096637 -0.0977819
495 -0.0980004 -0.0989614
496 -0.098977 -0.0997504
497 -0.0995629 -0.100146
498 -0.099756 -0.100146
499 -0.0995553 -0.0997506
500 -0.0989618 -0.0989618
501 -0.0979777 -0.0977824
502 -0.0966069 -0.0962171
503 -0.0948548 -0.0942721
504 -0.0927284 -0.091955
505 -0.0902361 -0.089275
506 -0.0873876 -0.0862427
507 -0.0841942 -0.0828701
508 -0.0806686 -0.0791704
509 -0.0768246 -0.0751582
510 -0.0726775 -0.0708494
511 -0.0682434 -0.0662611
512 -0.0635401 -0.0614112
513 -0.058586 -0.0563189
514 -0.0534007 -0.0510044
515 -0.0480047 -0.0454886
516 -0.0424191 -0.0397933
517 -0.0366662 -0.0339409
518 -0.0307686 -0.0279546
519 -0.0247495 -0.0218579
520 -0.0186328 -0.015675
521 -0.0124426 -0.00943027
522 -0.00620319 -0.00314828
523 6.06567e-05 0.00314613
524 0.00632427 0.00942813
525 0.0125629 0.0156729
526 0.018752 0.0218558
527 0.0248671 0.0279525
528 0.030884 0.0339389
529 0.036779 0.0397913
530 0.0425289 0.0454867
531 0.048111 0.0510026
532 0.0535031 0.0563171
533 0.0586842 0.0614095
534 0.0636336 0.0662594
535 0.0683319 0.0708479
536 0.0727605 0.0751568
537 0.076902 0.0791691
538 0.0807399 0.0828689
539 0.0842593 0.0862416
540 0.087446 0.0892741
541 0.0902877 0.0919541
542 0.0927731 0.0942713
543 0.0948923 0.0962165
544 0.096637 0.0977819
545 0.0980004 0.0989614
546 0.098977 0.0997504
547 0.0995629 0.100146
548 0.099756 0.100146
549 0.0995553 0.0997506
550 0.0989618 0.0989618
551 0.0979777 0.0977824
552 0.0966069 0.0962171
553 0.0948548 0.0942721
554 0.0927284 0.091955
555 0.0902361 0.089275
556 0.0873876 0.0862427
557 0.0841942 0.0828701
558 0.0806686 0.0791704
559 0.0768246 0.0751582
560 0.0726775 0.0708494
561 0.0682434 0.0662611
562 0.0635401 0.0614112
563 0.058586 0.0563189
564 0.0534007 0.0510044
565 0.0480047 0.0454886
566 0.0424191 0.0397933
567 0.0366662 0.0339409
568 0.0307686 0.0279546
569 0.0247495 0.0218579
570 0.0186328 0.015675
571 0.0124426 0.00943027
572 0.00620319 0.00314828
573 -6.06567e-05 -0.00314613
574 -0.00632427 -0.00942813
575 -0.0125629 -0.0156729
576 -0.018752 -0.0218558
577 -0.0248671 -0.0279525
578 -0.030884 -0.0339389
579 -0.036779 -0.0397913
580 -0.0425289 -0.0454867
581 -0.048111 -0.0510026
582 -0.0535031 -0.0563171
583 -0.0586842 -0.0614095
584 -0.0636336 -0.0662594
585 -0.0683319 -0.0708479
586 -0.0727605 -0.0751568
587 -0.076902 -0.0791691
588 -0.0807399 -0.0828689
589 -0.0842593 -0.0862416
590 -0.087446 -0.0892741
591 -0.0902877 -0.0919541
592 -0.0927731 -0.0942713
593 -0.0948923 -0.0962165
594 -0.096637 -0.0977819
595 -0.0980004 -0.0989614
596 -0.098977 -0.0997504
597 -0.0995629 -0.100146
598 -0.099756 -0.100146
599 -0.0995553 -0.0997506
600 -0.0989618 -0.0989618
601 -0.0979777 -0.0977824
602 -0.0966069 -0.0962171
603 -0.0948548 -0.0942721
604 -0.0927284 -0.091955
605 -0.0902361 -0.089275
606 -0.0873876 -0.0862427
607 -0.0841942 -0.0828701
608 -0.0806686 -0.0791704
609 -0.0768246 -0.0751582
610 -0.0726775 -0.0708494
611 -0.0682434 -0.0662611
612 -0.0635401 -0.0614112
613 -0.058586 -0.0563189
614 -0.0534007 -0.0510044
615 -0.0480047 -0.0454886
616 -0.0424191 -0.0397933
617 -0.0366662 -0.0339409
618 -0.0307686 -0.0279546
619 -0.0247495 -0.0218579
620 -0.0186328 -0.015675
621 -0.0124426 -0.00943027
622 -0.00620319 -0.00314828
623 6.06567e-05 0.00314613
624 0.00632427 0.00942813
625 0.0125629 0.0156729
626 0.018752 0.0218558
627 0.0248671 0.0279525
628 0.030884 0.0339389
629 0.036779 0.0397913
630 0.0425289 0.0454867
631 0.048111 0.0510026
632 0.0535031 0.0563171
633 0.0586842 0.0614095
634 0.0636336 0.0662594
635 0.0683319 0.0708479
636 0.0727605 0.0751568
637 0.076902 0.0791691
638 0.0807399 0.0828689
639 0.0842593 0.0862416
640 0.087446 0.0892741
641 0.0902877 0.0919541
642 0.0927731 0.0942713
643 0.0948923 0.0962165
644 0.096637 0.0977819
645 0.0980004 0.0989614
646 0.098977 0.0997504
647 0.0995629 0.100146
648 0.099756 0.100146
649 0.0995553 0.0997506
650 0.0989618 0.0989618
651 0.0979777 0.0977824
652 0.0966069 0.0962171
653 0.0948548 0.0942721
654 0.0927284 0.091955
655 0.0902361 0.089275
656 0.0873876 0.0862427
657 0.0841942 0.0828701
658 0.0806686 0.0791704
659 0.0768246 0.0751582
660 0.0726775 0.0708494
661 0.0682434 0.0662611
662 0.0635401 0.0614112
663 0.058586 0.0563189
664 0.0534007 0.0510044
665 0.0480047 0.0454886
666 0.0424191 0.0397933
667 0.0366662 0.0339409
668 0.0307686 0.0279546
669 0.0247495 0.0218579
670 0.0186328 0.015675
671 0.0124426 0.00943027
672 0.00620319 0.00314828
673 -6.06567e-05 -0.00314613
674 -0.00632427 -0.00942813
675 -0.0125629 -0.0156729
676 -0.018752 -0.0218558
677 -0.0248671 -0.0279525
678 -0.030884 -0.0339389
679 -0.036779 -0.0397913
680 -0.0425289 -0.0454867
681 -0.048111 -0.0510026
682 -0.0535031 -0.0563171
683 -0.0586842 -0.0614095
684 -0.0636336 -0.0662594
685 -0.0683319 -0.0708479
686 -0.0727605 -0.0751568
687 -0.076902 -0.0791691
688 -0.0807399 -0.0828689
689 -0.0842593 -0.0862416
690 -0.087446 -0.0892741
691 -0.0902877 -0.0919541
692 -0.0927731 -0.0942713
693 -0.0948923 -0.0962165
694 -0.096637 -0.0977819
695 -0.0980004 -0.0989614
696 -0.098977 -0.0997504
697 -0.0995629 -0.100146
698 -0.099756 -0.100146
699 -0.0995553 -0.0997506
700 -0.0989618 -0.0989618
701 -0.0979777 -0.0977824
702 -0.0966069 -0.0962171
703 -0.0948548 -0.0942721
704 -0.0927284 -0.091955
705 -0.0902361 -0.089275
706 -0.0873876 -0.0862427
707 -0.0841942 -0.0828701
708 -0.0806686 -0.0791704
709 -0.0768246 -0.0751582
710 -0.0726775 -0.0708494
711 -0.0682434 -0.0662611
712 -0.0635401 -0.0614112
713 -0.058586 -0.0563189
714 -0.0534007 -0.0510044
715 -0.0480047 -0.0454886
716 -0.0424191 -0.0397933
717 -0.0366662 -0.0339409
718 -0.0307686 -0.0279546
719 -0.0247495 -0.0218579
720 -0.0186328 -0.015675
721 -0.0124426 -0.00943027
722 -0.00620319 -0.00314828
723 6.06567e-05 0.00314613
724 0.00632427 0.00942813
725 0.0125629 0.0156729
726 0.018752 0.0218558
727 0.0248671 0.0279525
728 0.030884 0.0339389
729 0.036779 0.0397913
730 0.0425289 0.0454867
731 0.048111 0.0510026
732 0.0535031 0.0563171
733 0.0586842 0.0614095
734 0.0636336 0.0662594
735 0.0683319 0.0708479
736 0.0727605 0.0751568
737 0.076902 0.0791691
738 0.0807399 0.0828689
739 0.0842593 0.0862416
740 0.087446 0.0892741
741 0.0902877 0.0919541
742 0.0927731 0.0942713
743 0.0948923 0.0962165
744 0.096637 0.0977819
745 0.0980004 0.0989614
746 0.098977 0.0997504
747 0.0995629 0.100146
748 0.099756 0.100146
749 0.0995553 0.0997506
750 0.0989618 0.0989618
751 0.0979777 0.0977824
752 0.0966069 0.0962171
753 0.0948548 0.0942721
754 0.0927284 0.091955
755 0.0902361 0.089275
756 0.0873876 0.0862427
757 0.0841942 0.0828701
758 0.0806686 0.0791704
759 0.0768246 0.0751582
760 0.0726775 0.0708494
761 0.0682434 0.0662611
762 0.0635401 0.0614112
763 0.058586 0.0563189
764 0.0534007 0.0510044
765 0.0480047 0.0454886
766 0.0424191 0.0397933
767 0.0366662 0.0339409
768 0.0307686 0.0279546
769 0.0247495 0.0218579
770 0.0186328 0.015675
771 0.0124426 0.00943027
772 0.00620319 0.00314828
773 -6.06567e-05 -0.00314613
774 -0.00632427 -0.00942813
775 -0.0125629 -0.0156729
776 -0.018752 -0.0218558
777 -0.0248671 -0.0279525
778 -0.030884 -0.0339389
779 -0.036779 -0.0397913
780 -0.0425289 -0.0454867
781 -0.048111 -0.0510026
782 -0.0535031 -0.0563171
783 -0.0586842 -0.0614095
784 -0.0636336 -0.0662594
785 -0.0683319 -0.0708479
786 -0.0727605 -0.0751568
787 -0.076902 -0.0791691
788 -0.0807399 -0.0828689
789 -0.0842593 -0.0862416
790 -0.087446 -0.0892741
791 -0.0902877 -0.0919541
792 -0.0927731 -0.0942713
793 -0.0948923 -0.0962165
794 -0.096637 -0.0977819
795 -0.0980004 -0.0989614
796 -0.098977 -0.0997504
797 -0.0995629 -0.100146
798 -0.099756 -0.100146
799 -0.0995553 -0.0997506
800 -0.0989618 -0.0989618
801 -0.0979777 -0.0977824
802 -0.0966069 -0.0962171
803 -0.0948548 -0.0942721
804 -0.0927284 -0.091955
805 -0.0902361 -0.089275
806 -0.0873876 -0.0862427
807 -0.0841942 -0.0828701
808 -0.0806686 -0.0791704
809 -0.0768246 -0.0751582
810 -0.0726775 -0.0708494
811 -0.0682434 -0.0662611
812 -0.0635401 -0.0614112
813 -0.058586 -0.0563189
814 -0.0534007 -0.0510044
815 -0.0480047 -0.0454886
816 -0.0424191 -0.0397933
817 -0.0366662 -0.0339409
818 -0.0307686 -0.0279546
819 -0.0247495 -0.0218579
820 -0.0186328 -0.015675
821 -0.0124426 -0.00943027
822 -0.00620319 -0.00314828
823 6.06567e-05 0.00314613
824 0.00632427 0.00942813
825 0.0125629 0.0156729
826 0.018752 0.0218558
827 0.0248671 0.0279525
828 0.030884 0.0339389
829 0.036779 0.0397913
830 0.0425289 0.0454867
831 0.048111 0.0510026
832 0.0535031 0.0563171
833 0.0586842 0.0614095
834 0.0636336 0.0662594
835 0.0683319 0.0708479
836 0.0727605 0.0751568
837 0.076902 0.0791691
838 0.0807399 0.0828689
839 0.0842593 0.0862416
840 0.087446 0.0892741
841 0.0902877 0.0919541
842 0.0927731 0.0942713
843 0.0948923 0.0962165
844 0.096637 0.0977819
845 0.0980004 0.0989614
846 0.098977 0.0997504
847 0.0995629 0.100146
848 0.099756 0.100146
849 0.0995553 0.0997506
850 0.0989618 0.0989618
851 0.0979777 0.0977824
852 0.0966069 0.0962171
853 0.0948548 0.0942721
854 0.0927284 0.091955
855 0.0902361 0.089275
856 0.0873876 0.0862427
857 0.0841942 0.0828701
858 0.0806686 0.0791704
859 0.0768246 0.0751582
860 0.0726775 0.0708494
861 0.0682434 0.0662611
862 0.0635401 0.0614112
863 0.058586 0.0563189
864 0.0534007 0.0510044
865 0.0480047 0.0454886
866 0.0424191 0.0397933
867 0.0366662 0.0339409
868 0.0307686 0.0279546
869 0.0247495 0.0218579
870 0.0186328 0.015675
871 0.0124426 0.00943027
872 0.00620319 0.00314828
873 -6.06567e-05 -0.00314613
874 -0.00632427 -0.00942813
875 -0.0125629 -0.0156729
876 -0.018752 -0.0218558
877 -0.0248671 -0.0279525
878 -0.030884 -0.0339389
879 -0.036779 -0.0397913
880 -0.0425289 -0.0454867
881 -0.048111 -0.0510026
882 -0.0535031 -0.0563171
883 -0.0586842 -0.0614095
884 -0.0636336 -0.0662594
885 -0.0683319 -0.0708479
886 -0.0727605 -0.0751568
887 -0.076902 -0.0791691
888 -0.0807399 -0.0828689
889 -0.0842593 -0.0862416
890 -0.087446 -0.0892741
891 -0.0902877 -0.0919541
892 -0.0927731 -0.0942713
893 -0.0948923 -0.0962165
894 -0.096637 -0.0977819
895 -0.0980004 -0.0989614
896 -0.098977 -0.0997504
897 -0.0995629 -0.100146
898 -0.099756 -0.100146
899 -0.0995553 -0.0997506
900 -0.0989618 -0.0989618
901 -0.0979777 -0.0977824
902 -0.0966069 -0.0962171
903 -0.0948548 -0.0942721
904 -0.0927284 -0.091955
905 -0.0902361 -0.089275
906 -0.0873876 -0.0862427
907 -0.0841942 -0.0828701
908 -0.0806686 -0.0791704
909 -0.0768246 -0.0751582
910 -0.0726775 -0.0708494
911 -0.0682434 -0.0662611
912 -0.0635401 -0.0614112
913 -0.058586 -0.0563189
914 -0.0534007 -0.0510044
915 -0.0480047 -0.0454886
916 -0.0424191 -0.0397933
917 -0.0366662 -0.0339409
918 -0.0307686 -0.0279546
919 -0.0247495 -0.0218579
920 -0.0186328 -0.015675
921 -0.0124426 -0.00943027
922 -0.00620319 -0.00314828
923 6.06567e-05 0.00314613
924 0.00632427 0.00942813
925 0.0125629 0.0156729
926 0.018752 0.0218558
927 0.0248671 0.0279525
928 0.030884 0.0339389
929 0.036779 0.0397913
930 0.0425289 0.0454867
931 0.048111 0.0510026
932 0.0535031 0.0563171
933 0.0586842 0.0614095
934 0.0636336 0.0662594
935 0.0683319 0.0708479
936 0.0727605 0.0751568
937 0.076902 0.0791691
938 0.0807399 0.0828689
939 0.0842593 0.0862416
940 0.087446 0.0892741
941 0.0902877 0.0919541
942 0.0927731 0.0942713
943 0.0948923 0.0962165
944 0.096637 0.0977819
945 0.0980004 0.0989614
946 0.098977 0.0997504
947 0.0995629 0.100146
948 0.099756 0.100146
949 0.0995553 0.0997506
950 0.0989618 0.0989618
951 0.0979777 0.0977824
952 0.0966069 0.0962171
953 0.0948548 0.0942721
954 0.0927284 0.091955
955 0.0902361 0.089275
956 0.0873876 0.0862427
957 0.0841942 0.0828701
958 0.0806686 0.0791704
959 0.0768246 0.0751582
960 0.0726775 0.0708494
961 0.0682434 0.0662611
962 0.0635401 0.0614112
963 0.058586 0.0563189
964 0.0534007 0.0510044
965 0.0480047 0.0454886
966 0.0424191 0.0397933
967 0.0366662 0.0339409
968 0.0307686 0.0279546
969 0.0247495 0.0218579
970 0.0186328 0.015675
971 0.0124426 0.00943027
972 0.00620319 0.00314828
973 -6.06567e-05 -0.00314613
974 -0.00632427 -0.00942813
975 -0.0125629 -0.0156729
976 -0.018752 -0.0218558
977 -0.0248671 -0.0279525
978 -0.030884 -0.0339389
979 -0.036779 -0.0397913
980 -0.0425289 -0.0454867
981 -0.048111 -0.0510026
982 -0.0535031 -0.0563171
983 -0.0586842 -0.0614095
984 -0.0636336 -0.0662594
985 -0.0683319 -0.0708479
986 -0.0727605 -0.0751568
987 -0.076902 -0.0791691
988 -0.0807399 -0.0828689
989 -0.0842593 -0.0862416
990 -0.087446 -0.0892741
991 -0.0902877 -0.0919541
992 -0.0927731 -0.0942713
993 -0.0948923 -0.0962165
994 -0.096637 -0.0977819
995 -0.0980004 -0.0989614
996 -0.098977 -0.0997504
997 -0.0995629 -0.100146
998 -0.099756 -0.100146
999 -0.0995553 -0.0997506
