0 0.0806127 0.0806127
1 0.0842462 0.0840871
2 0.0875472 0.0872297
3 0.0905027 0.090028
4 0.093101 0.092471
5 0.0953319 0.0945491
6 0.0971866 0.096254
7 0.0986577 0.0975791
8 0.0997395 0.098519
9 0.100428 0.0990702
10 0.100719 0.0992304
11 0.100614 0.0989989
12 0.100111 0.0983767
13 0.0992131 0.0973663
14 0.0979237 0.0959717
15 0.0962478 0.0941983
16 0.0941921 0.0920531
17 0.0917646 0.0895446
18 0.088975 0.0866828
19 0.0858343 0.0834788
20 0.0823548 0.0799454
21 0.0785503 0.0760965
22 0.0744357 0.0719473
23 0.0700275 0.0675141
24 0.0653428 0.0628145
25 0.0604003 0.0578669
26 0.0552194 0.052691
27 0.0498206 0.0473072
28 0.0442251 0.0417366
29 0.0384551 0.0360014
30 0.0325334 0.030124
31 0.0264833 0.0241278
32 0.0203286 0.0180364
33 0.0140937 0.0118737
34 0.00780322 0.00566424
35 0.00148192 -0.000567603
36 -0.00484522 -0.00679721
37 -0.0111533 -0.013
38 -0.0174173 -0.0191515
39 -0.0236125 -0.0252274
40 -0.0297146 -0.0312037
41 -0.0356994 -0.0370569
42 -0.0415434 -0.0427638
43 -0.0472233 -0.048302
44 -0.0527169 -0.0536495
45 -0.0580025 -0.0587853
46 -0.0630591 -0.0636892
47 -0.0678669 -0.0683416
48 -0.0724068 -0.0727244
49 -0.076661 -0.0768201
50 -0.0806127 -0.0806127
51 -0.0842462 -0.0840871
52 -0.0875472 -0.0872297
53 -0.0905027 -0.090028
54 -0.093101 -0.092471
55 -0.0953319 -0.0945491
56 -0.0971866 -0.096254
57 -0.0986577 -0.0975791
58 -0.0997395 -0.098519
59 -0.100428 -0.0990702
60 -0.100719 -0.0992304
61 -0.100614 -0.0989989
62 -0.100111 -0.0983767
63 -0.0992131 -0.0973663
64 -0.0979237 -0.0959717
65 -0.0962478 -0.0941983
66 -0.0941921 -0.0920531
67 -0.0917646 -0.0895446
68 -0.088975 -0.0866828
69 -0.0858343 -0.0834788
70 -0.0823548 -0.0799454
71 -0.0785503 -0.0760965
72 -0.0744357 -0.0719473
73 -0.0700275 -0.0675141
74 -0.0653428 -0.0628145
75 -0.0604003 -0.0578669
76 -0.0552194 -0.052691
77 -0.0498206 -0.0473072
78 -0.0442251 -0.0417366
79 -0.0384551 -0.0360014
80 -0.0325334 -0.030124
81 -0.0264833 -0.0241278
82 -0.0203286 -0.0180364
83 -0.0140937 -0.0118737
84 -0.00780322 -0.00566424
85 -0.00148192 0.000567603
86 0.00484522 0.00679721
87 0.0111533 0.013
88 0.0174173 0.0191515
89 0.0236125 0.0252274
90 0.0297146 0.0312037
91 0.0356994 0.0370569
92 0.0415434 0.0427638
93 0.0472233 0.048302
94 0.0527169 0.0536495
95 0.0580025 0.0587853
96 0.0630591 0.0636892
97 0.0678669 0.0683416
98 0.0724068 0.0727244
99 0.076661 0.0768201
100 0.0806127 0.0806127
101 0.0842462 0.0840871
102 0.0875472 0.0872297
103 0.0905027 0.090028
104 0.093101 0.092471
105 0.0953319 0.0945491
106 0.0971866 0.096254
107 0.0986577 0.0975791
108 0.0997395 0.098519
109 0.100428 0.0990702
110 0.100719 0.0992304
111 0.100614 0.0989989
112 0.100111 0.0983767
113 0.0992131 0.0973663
114 0.0979237 0.0959717
115 0.0962478 0.0941983
116 0.0941921 0.0920531
117 0.0917646 0.0895446
118 0.088975 0.0866828
119 0.0858343 0.0834788
120 0.0823548 0.0799454
121 0.0785503 0.0760965
122 0.0744357 0.0719473
123 0.0700275 0.0675141
124 0.0653428 0.0628145
125 0.0604003 0.0578669
126 0.0552194 0.052691
127 0.0498206 0.0473072
128 0.0442251 0.0417366
129 0.0384551 0.0360014
130 0.0325334 0.030124
131 0.0264833 0.0241278
132 0.0203286 0.0180364
133 0.0140937 0.0118737
134 0.00780322 0.00566424
135 0.00148192 -0.000567603
136 -0.00484522 -0.00679721
137 -0.0111533 -0.013
138 -0.0174173 -0.0191515
139 -0.0236125 -0.0252274
140 -0.0297146 -0.0312037
141 -0.0356994 -0.0370569
142 -0.0415434 -0.0427638
143 -0.0472233 -0.048302
144 -0.0527169 -0.0536495
145 -0.0580025 -0.0587853
146 -0.0630591 -0.0636892
147 -0.0678669 -0.0683416
148 -0.0724068 -0.0727244
149 -0.076661 -0.0768201
150 -0.0806127 -0.0806127
151 -0.0842462 -0.0840871
152 -0.0875472 -0.0872297
153 -0.0905027 -0.090028
154 -0.093101 -0.092471
155 -0.0953319 -0.0945491
156 -0.0971866 -0.096254
157 -0.0986577 -0.0975791
158 -0.0997395 -0.098519
159 -0.100428 -0.0990702
160 -0.100719 -0.0992304
161 -0.100614 -0.0989989
162 -0.100111 -0.0983767
163 -0.0992131 -0.0973663
164 -0.0979237 -0.0959717
165 -0.0962478 -0.0941983
166 -0.0941921 -0.0920531
167 -0.0917646 -0.0895446
168 -0.088975 -0.0866828
169 -0.0858343 -0.0834788
170 -0.0823548 -0.0799454
171 -0.0785503 -0.0760965
172 -0.0744357 -0.0719473
173 -0.0700275 -0.0675141
174 -0.0653428 -0.0628145
175 -0.0604003 -0.0578669
176 -0.0552194 -0.052691
177 -0.0498206 -0.0473072
178 -0.0442251 -0.0417366
179 -0.0384551 -0.0360014
180 -0.0325334 -0.030124
181 -0.0264833 -0.0241278
182 -0.0203286 -0.0180364
183 -0.0140937 -0.0118737
184 -0.00780322 -0.00566424
185 -0.00148192 0.000567603
186 0.00484522 0.00679721
187 0.0111533 0.013
188 0.0174173 0.0191515
189 0.0236125 0.0252274
190 0.0297146 0.0312037
191 0.0356994 0.0370569
192 0.0415434 0.0427638
193 0.0472233 0.048302
194 0.0527169 0.0536495
195 0.0580025 0.0587853
196 0.0630591 0.0636892
197 0.0678669 0.0683416
198 0.0724068 0.0727244
199 0.076661 0.0768201
200 0.0806127 0.0806127
201 0.0842462 0.0840871
202 0.0875472 0.0872297
203 0.0905027 0.090028
204 0.093101 0.092471
205 0.0953319 0.0945491
206 0.0971866 0.096254
207 0.0986577 0.0975791
208 0.0997395 0.098519
209 0.100428 0.0990702
210 0.100719 0.0992304
211 0.100614 0.0989989
212 0.100111 0.0983767
213 0.0992131 0.0973663
214 0.0979237 0.0959717
215 0.0962478 0.0941983
216 0.0941921 0.0920531
217 0.0917646 0.0895446
218 0.088975 0.0866828
219 0.0858343 0.0834788
220 0.0823548 0.0799454
221 0.0785503 0.0760965
222 0.0744357 0.0719473
223 0.0700275 0.0675141
224 0.0653428 0.0628145
225 0.0604003 0.0578669
226 0.0552194 0.052691
227 0.0498206 0.0473072
228 0.0442251 0.0417366
229 0.0384551 0.0360014
230 0.0325334 0.030124
231 0.0264833 0.0241278
232 0.0203286 0.0180364
233 0.0140937 0.0118737
234 0.00780322 0.00566424
235 0.00148192 -0.000567603
236 -0.00484522 -0.00679721
237 -0.0111533 -0.013
238 -0.0174173 -0.0191515
239 -0.0236125 -0.0252274
240 -0.0297146 -0.0312037
241 -0.0356994 -0.0370569
242 -0.0415434 -0.0427638
243 -0.0472233 -0.048302
244 -0.0527169 -0.0536495
245 -0.0580025 -0.0587853
246 -0.0630591 -0.0636892
247 -0.0678669 -0.0683416
248 -0.0724068 -0.0727244
249 -0.076661 -0.0768201
250 -0.0806127 -0.0806127
251 -0.0842462 -0.0840871
252 -0.0875472 -0.0872297
253 -0.0905027 -0.090028
254 -0.093101 -0.092471
255 -0.0953319 -0.0945491
256 -0.0971866 -0.096254
257 -0.0986577 -0.0975791
258 -0.0997395 -0.098519
259 -0.100428 -0.0990702
260 -0.100719 -0.0992304
261 -0.100614 -0.0989989
262 -0.100111 -0.0983767
263 -0.0992131 -0.0973663
264 -0.0979237 -0.0959717
265 -0.0962478 -0.0941983
266 -0.0941921 -0.0920531
267 -0.0917646 -0.0895446
268 -0.088975 -0.0866828
269 -0.0858343 -0.0834788
270 -0.0823548 -0.0799454
271 -0.0785503 -0.0760965
272 -0.0744357 -0.0719473
273 -0.0700275 -0.0675141
274 -0.0653428 -0.0628145
275 -0.0604003 -0.0578669
276 -0.0552194 -0.052691
277 -0.0498206 -0.0473072
278 -0.0442251 -0.0417366
279 -0.0384551 -0.0360014
280 -0.0325334 -0.030124
281 -0.0264833 -0.0241278
282 -0.0203286 -0.0180364
283 -0.0140937 -0.0118737
284 -0.00780322 -0.00566424
285 -0.00148192 0.000567603
286 0.00484522 0.00679721
287 0.0111533 0.013
288 0.0174173 0.0191515
289 0.0236125 0.0252274
290 0.0297146 0.0312037
291 0.0356994 0.0370569
292 0.0415434 0.0427638
293 0.0472233 0.048302
294 0.0527169 0.0536495
295 0.0580025 0.0587853
296 0.0630591 0.0636892
297 0.0678669 0.0683416
298 0.0724068 0.0727244
299 0.076661 0.0768201
300 0.0806127 0.0806127
301 0.0842462 0.0840871
302 0.0875472 0.0872297
303 0.0905027 0.090028
304 0.093101 0.092471
305 0.0953319 0.0945491
306 0.0971866 0.096254
307 0.0986577 0.0975791
308 0.0997395 0.098519
309 0.100428 0.0990702
310 0.100719 0.0992304
311 0.100614 0.0989989
312 0.100111 0.0983767
313 0.0992131 0.0973663
314 0.0979237 0.0959717
315 0.0962478 0.0941983
316 0.0941921 0.0920531
317 0.0917646 0.0895446
318 0.088975 0.0866828
319 0.0858343 0.0834788
320 0.0823548 0.0799454
321 0.0785503 0.0760965
322 0.0744357 0.0719473
323 0.0700275 0.0675141
324 0.0653428 0.0628145
325 0.0604003 0.0578669
326 0.0552194 0.052691
327 0.0498206 0.0473072
328 0.0442251 0.0417366
329 0.0384551 0.0360014
330 0.0325334 0.030124
331 0.0264833 0.0241278
332 0.0203286 0.0180364
333 0.0140937 0.0118737
334 0.00780322 0.00566424
335 0.00148192 -0.000567603
336 -0.00484522 -0.00679721
337 -0.0111533 -0.013
338 -0.0174173 -0.0191515
339 -0.0236125 -0.0252274
340 -0.0297146 -0.0312037
341 -0.0356994 -0.0370569
342 -0.0415434 -0.0427638
343 -0.0472233 -0.048302
344 -0.0527169 -0.0536495
345 -0.0580025 -0.0587853
346 -0.0630591 -0.0636892
347 -0.0678669 -0.0683416
348 -0.0724068 -0.0727244
349 -0.076661 -0.0768201
350 -0.0806127 -0.0806127
351 -0.0842462 -0.0840871
352 -0.0875472 -0.0872297
353 -0.0905027 -0.090028
354 -0.093101 -0.092471
355 -0.0953319 -0.0945491
356 -0.0971866 -0.096254
357 -0.0986577 -0.0975791
358 -0.0997395 -0.098519
359 -0.100428 -0.0990702
360 -0.100719 -0.0992304
361 -0.100614 -0.0989989
362 -0.100111 -0.0983767
363 -0.0992131 -0.0973663
364 -0.0979237 -0.0959717
365 -0.0962478 -0.0941983
366 -0.0941921 -0.0920531
367 -0.0917646 -0.0895446
368 -0.088975 -0.0866828
369 -0.0858343 -0.0834788
370 -0.0823548 -0.0799454
371 -0.0785503 -0.0760965
372 -0.0744357 -0.0719473
373 -0.0700275 -0.0675141
374 -0.0653428 -0.0628145
375 -0.0604003 -0.0578669
376 -0.0552194 -0.052691
377 -0.0498206 -0.0473072
378 -0.0442251 -0.0417366
379 -0.0384551 -0.0360014
380 -0.0325334 -0.030124
381 -0.0264833 -0.0241278
382 -0.0203286 -0.0180364
383 -0.0140937 -0.0118737
384 -0.00780322 -0.00566424
385 -0.00148192 0.000567603
386 0.00484522 0.00679721
387 0.0111533 0.013
388 0.0174173 0.0191515
389 0.0236125 0.0252274
390 0.0297146 0.0312037
391 0.0356994 0.0370569
392 0.0415434 0.0427638
393 0.0472233 0.048302
394 0.0527169 0.0536495
395 0.0580025 0.0587853
396 0.0630591 0.0636892
397 0.0678669 0.0683416
398 0.0724068 0.0727244
399 0.076661 0.0768201
400 0.0806127 0.0806127
401 0.0842462 0.0840871
402 0.0875472 0.0872297
403 0.0905027 0.090028
404 0.093101 0.092471
405 0.0953319 0.0945491
406 0.0971866 0.096254
407 0.0986577 0.0975791
408 0.0997395 0.098519
409 0.100428 0.0990702
410 0.100719 0.0992304
411 0.100614 0.0989989
412 0.100111 0.0983767
413 0.0992131 0.0973663
414 0.0979237 0.0959717
415 0.0962478 0.0941983
416 0.0941921 0.0920531
417 0.0917646 0.0895446
418 0.088975 0.0866828
419 0.0858343 0.0834788
420 0.0823548 0.0799454
421 0.0785503 0.0760965
422 0.0744357 0.0719473
423 0.0700275 0.0675141
424 0.0653428 0.0628145
425 0.0604003 0.0578669
426 0.0552194 0.052691
427 0.0498206 0.0473072
428 0.0442251 0.0417366
429 0.0384551 0.0360014
430 0.0325334 0.030124
431 0.0264833 0.0241278
432 0.0203286 0.0180364
433 0.0140937 0.0118737
434 0.00780322 0.00566424
435 0.00148192 -0.000567603
436 -0.00484522 -0.00679721
437 -0.0111533 -0.013
438 -0.0174173 -0.0191515
439 -0.0236125 -0.0252274
440 -0.0297146 -0.0312037
441 -0.0356994 -0.0370569
442 -0.0415434 -0.0427638
443 -0.0472233 -0.048302
444 -0.0527169 -0.0536495
445 -0.0580025 -0.0587853
446 -0.0630591 -0.0636892
447 -0.0678669 -0.0683416
448 -0.0724068 -0.0727244
449 -0.076661 -0.0768201
450 -0.0806127 -0.0806127
451 -0.0842462 -0.0840871
452 -0.0875472 -0.0872297
453 -0.0905027 -0.090028
454 -0.093101 -0.092471
455 -0.0953319 -0.0945491
456 -0.0971866 -0.096254
457 -0.0986577 -0.0975791
458 -0.0997395 -0.098519
459 -0.100428 -0.0990702
460 -0.100719 -0.0992304
461 -0.100614 -0.0989989
462 -0.100111 -0.0983767
463 -0.0992131 -0.0973663
464 -0.0979237 -0.0959717
465 -0.0962478 -0.0941983
466 -0.0941921 -0.0920531
467 -0.0917646 -0.0895446
468 -0.088975 -0.0866828
469 -0.0858343 -0.0834788
470 -0.0823548 -0.0799454
471 -0.0785503 -0.0760965
472 -0.0744357 -0.0719473
473 -0.0700275 -0.0675141
474 -0.0653428 -0.0628145
475 -0.0604003 -0.0578669
476 -0.0552194 -0.052691
477 -0.0498206 -0.0473072
478 -0.0442251 -0.0417366
479 -0.0384551 -0.0360014
480 -0.0325334 -0.030124
481 -0.0264833 -0.0241278
482 -0.0203286 -0.0180364
483 -0.0140937 -0.0118737
484 -0.00780322 -0.00566424
485 -0.00148192 0.000567603
486 0.00484522 0.00679721
487 0.0111533 0.013
488 0.0174173 0.0191515
489 0.0236125 0.0252274
490 0.0297146 0.0312037
491 0.0356994 0.0370569
492 0.0415434 0.0427638
493 0.0472233 0.048302
494 0.0527169 0.0536495
495 0.0580025 0.0587853
496 0.0630591 0.0636892
497 0.0678669 0.0683416
498 0.0724068 0.0727244
499 0.076661 0.0768201
500 0.0806127 0.0806127
501 0.0842462 0.0840871
502 0.0875472 0.0872297
503 0.0905027 0.090028
504 0.093101 0.092471
505 0.0953319 0.0945491
506 0.0971866 0.096254
507 0.0986577 0.0975791
508 0.0997395 0.098519
509 0.100428 0.0990702
510 0.100719 0.0992304
511 0.100614 0.0989989
512 0.100111 0.0983767
513 0.0992131 0.0973663
514 0.0979237 0.0959717
515 0.0962478 0.0941983
516 0.0941921 0.0920531
517 0.0917646 0.0895446
518 0.088975 0.0866828
519 0.0858343 0.0834788
520 0.0823548 0.0799454
521 0.0785503 0.0760965
522 0.0744357 0.0719473
523 0.0700275 0.0675141
524 0.0653428 0.0628145
525 0.0604003 0.0578669
526 0.0552194 0.052691
527 0.0498206 0.0473072
528 0.0442251 0.0417366
529 0.0384551 0.0360014
530 0.0325334 0.030124
531 0.0264833 0.0241278
532 0.0203286 0.0180364
533 0.0140937 0.0118737
534 0.00780322 0.00566424
535 0.00148192 -0.000567603
536 -0.00484522 -0.00679721
537 -0.0111533 -0.013
538 -0.0174173 -0.0191515
539 -0.0236125 -0.0252274
540 -0.0297146 -0.0312037
541 -0.0356994 -0.0370569
542 -0.0415434 -0.0427638
543 -0.0472233 -0.048302
544 -0.0527169 -0.0536495
545 -0.0580025 -0.0587853
546 -0.0630591 -0.0636892
547 -0.0678669 -0.0683416
548 -0.0724068 -0.0727244
549 -0.076661 -0.0768201
550 -0.0806127 -0.0806127
551 -0.0842462 -0.0840871
552 -0.0875472 -0.0872297
553 -0.0905027 -0.090028
554 -0.093101 -0.092471
555 -0.0953319 -0.0945491
556 -0.0971866 -0.096254
557 -0.0986577 -0.0975791
558 -0.0997395 -0.098519
559 -0.100428 -0.0990702
560 -0.100719 -0.0992304
561 -0.100614 -0.0989989
562 -0.100111 -0.0983767
563 -0.0992131 -0.0973663
564 -0.0979237 -0.0959717
565 -0.0962478 -0.0941983
566 -0.0941921 -0.0920531
567 -0.0917646 -0.0895446
568 -0.088975 -0.0866828
569 -0.0858343 -0.0834788
570 -0.0823548 -0.0799454
571 -0.0785503 -0.0760965
572 -0.0744357 -0.0719473
573 -0.0700275 -0.0675141
574 -0.0653428 -0.0628145
575 -0.0604003 -0.0578669
576 -0.0552194 -0.052691
577 -0.0498206 -0.0473072
578 -0.0442251 -0.0417366
579 -0.0384551 -0.0360014
580 -0.0325334 -0.030124
581 -0.0264833 -0.0241278
582 -0.0203286 -0.0180364
583 -0.0140937 -0.0118737
584 -0.00780322 -0.00566424
585 -0.00148192 0.000567603
586 0.00484522 0.00679721
587 0.0111533 0.013
588 0.0174173 0.0191515
589 0.0236125 0.0252274
590 0.0297146 0.0312037
591 0.0356994 0.0370569
592 0.0415434 0.0427638
593 0.0472233 0.048302
594 0.0527169 0.0536495
595 0.0580025 0.0587853
596 0.0630591 0.0636892
597 0.0678669 0.0683416
598 0.0724068 0.0727244
599 0.076661 0.0768201
600 0.0806127 0.0806127
601 0.0842462 0.0840871
602 0.0875472 0.0872297
603 0.0905027 0.090028
604 0.093101 0.092471
605 0.0953319 0.0945491
606 0.0971866 0.096254
607 0.0986577 0.0975791
608 0.0997395 0.098519
609 0.100428 0.0990702
610 0.100719 0.0992304
611 0.100614 0.0989989
612 0.100111 0.0983767
613 0.0992131 0.0973663
614 0.0979237 0.0959717
615 0.0962478 0.0941983
616 0.0941921 0.0920531
617 0.0917646 0.0895446
618 0.088975 0.0866828
619 0.0858343 0.0834788
620 0.0823548 0.0799454
621 0.0785503 0.0760965
622 0.0744357 0.0719473
623 0.0700275 0.0675141
624 0.0653428 0.0628145
625 0.0604003 0.0578669
626 0.0552194 0.052691
627 0.0498206 0.0473072
628 0.0442251 0.0417366
629 0.0384551 0.0360014
630 0.0325334 0.030124
631 0.0264833 0.0241278
632 0.0203286 0.0180364
633 0.0140937 0.0118737
634 0.00780322 0.00566424
635 0.00148192 -0.000567603
636 -0.00484522 -0.00679721
637 -0.0111533 -0.013
638 -0.0174173 -0.0191515
639 -0.0236125 -0.0252274
640 -0.0297146 -0.0312037
641 -0.0356994 -0.0370569
642 -0.0415434 -0.0427638
643 -0.0472233 -0.048302
644 -0.0527169 -0.0536495
645 -0.0580025 -0.0587853
646 -0.0630591 -0.0636892
647 -0.0678669 -0.0683416
648 -0.0724068 -0.0727244
649 -0.076661 -0.0768201
650 -0.0806127 -0.0806127
651 -0.0842462 -0.0840871
652 -0.0875472 -0.0872297
653 -0.0905027 -0.090028
654 -0.093101 -0.092471
655 -0.0953319 -0.0945491
656 -0.0971866 -0.096254
657 -0.0986577 -0.0975791
658 -0.0997395 -0.098519
659 -0.100428 -0.0990702
660 -0.100719 -0.0992304
661 -0.100614 -0.0989989
662 -0.100111 -0.0983767
663 -0.0992131 -0.0973663
664 -0.0979237 -0.0959717
665 -0.0962478 -0.0941983
666 -0.0941921 -0.0920531
667 -0.0917646 -0.0895446
668 -0.088975 -0.0866828
669 -0.0858343 -0.0834788
670 -0.0823548 -0.0799454
671 -0.0785503 -0.0760965
672 -0.0744357 -0.0719473
673 -0.0700275 -0.0675141
674 -0.0653428 -0.0628145
675 -0.0604003 -0.0578669
676 -0.0552194 -0.052691
677 -0.0498206 -0.0473072
678 -0.0442251 -0.0417366
679 -0.0384551 -0.0360014
680 -0.0325334 -0.030124
681 -0.0264833 -0.0241278
682 -0.0203286 -0.0180364
683 -0.0140937 -0.0118737
684 -0.00780322 -0.00566424
685 -0.00148192 0.000567603
686 0.00484522 0.00679721
687 0.0111533 0.013
688 0.0174173 0.0191515
689 0.0236125 0.0252274
690 0.0297146 0.0312037
691 0.0356994 0.0370569
692 0.0415434 0.0427638
693 0.0472233 0.048302
694 0.0527169 0.0536495
695 0.0580025 0.0587853
696 0.0630591 0.0636892
697 0.0678669 0.0683416
698 0.0724068 0.0727244
699 0.076661 0.0768201
700 0.0806127 0.0806127
701 0.0842462 0.0840871
702 0.0875472 0.0872297
703 0.0905027 0.090028
704 0.093101 0.092471
705 0.0953319 0.0945491
706 0.0971866 0.096254
707 0.0986577 0.0975791
708 0.0997395 0.098519
709 0.100428 0.0990702
710 0.100719 0.0992304
711 0.100614 0.0989989
712 0.100111 0.0983767
713 0.0992131 0.0973663
714 0.0979237 0.0959717
715 0.0962478 0.0941983
716 0.0941921 0.0920531
717 0.0917646 0.0895446
718 0.088975 0.0866828
719 0.0858343 0.0834788
720 0.0823548 0.0799454
721 0.0785503 0.0760965
722 0.0744357 0.0719473
723 0.0700275 0.0675141
724 0.0653428 0.0628145
725 0.0604003 0.0578669
726 0.0552194 0.052691
727 0.0498206 0.0473072
728 0.0442251 0.0417366
729 0.0384551 0.0360014
730 0.0325334 0.030124
731 0.0264833 0.0241278
732 0.0203286 0.0180364
733 0.0140937 0.0118737
734 0.00780322 0.00566424
735 0.00148192 -0.000567603
736 -0.00484522 -0.00679721
737 -0.0111533 -0.013
738 -0.0174173 -0.0191515
739 -0.0236125 -0.0252274
740 -0.0297146 -0.0312037
741 -0.0356994 -0.0370569
742 -0.0415434 -0.0427638
743 -0.0472233 -0.048302
744 -0.0527169 -0.0536495
745 -0.0580025 -0.0587853
746 -0.0630591 -0.0636892
747 -0.0678669 -0.0683416
748 -0.0724068 -0.0727244
749 -0.076661 -0.0768201
750 -0.0806127 -0.0806127
751 -0.0842462 -0.0840871
752 -0.0875472 -0.0872297
753 -0.0905027 -0.090028
754 -0.093101 -0.092471
755 -0.0953319 -0.0945491
756 -0.0971866 -0.096254
757 -0.0986577 -0.0975791
758 -0.0997395 -0.098519
759 -0.100428 -0.0990702
760 -0.100719 -0.0992304
761 -0.100614 -0.0989989
762 -0.100111 -0.0983767
763 -0.0992131 -0.0973663
764 -0.0979237 -0.0959717
765 -0.0962478 -0.0941983
766 -0.0941921 -0.0920531
767 -0.0917646 -0.0895446
768 -0.088975 -0.0866828
769 -0.0858343 -0.0834788
770 -0.0823548 -0.0799454
771 -0.0785503 -0.0760965
772 -0.0744357 -0.0719473
773 -0.0700275 -0.0675141
774 -0.0653428 -0.0628145
775 -0.0604003 -0.0578669
776 -0.0552194 -0.052691
777 -0.0498206 -0.0473072
778 -0.0442251 -0.0417366
779 -0.0384551 -0.0360014
780 -0.0325334 -0.030124
781 -0.0264833 -0.0241278
782 -0.0203286 -0.0180364
783 -0.0140937 -0.0118737
784 -0.00780322 -0.00566424
785 -0.00148192 0.000567603
786 0.00484522 0.00679721
787 0.0111533 0.013
788 0.0174173 0.0191515
789 0.0236125 0.0252274
790 0.0297146 0.0312037
791 0.0356994 0.0370569
792 0.0415434 0.0427638
793 0.0472233 0.048302
794 0.0527169 0.0536495
795 0.0580025 0.0587853
796 0.0630591 0.0636892
797 0.0678669 0.0683416
798 0.0724068 0.0727244
799 0.076661 0.0768201
800 0.0806127 0.0806127
801 0.0842462 0.0840871
802 0.0875472 0.0872297
803 0.0905027 0.090028
804 0.093101 0.092471
805 0.0953319 0.0945491
806 0.0971866 0.096254
807 0.0986577 0.0975791
808 0.0997395 0.098519
809 0.100428 0.0990702
810 0.100719 0.0992304
811 0.100614 0.0989989
812 0.100111 0.0983767
813 0.0992131 0.0973663
814 0.0979237 0.0959717
815 0.0962478 0.0941983
816 0.0941921 0.0920531
817 0.0917646 0.0895446
818 0.088975 0.0866828
819 0.0858343 0.0834788
820 0.0823548 0.0799454
821 0.0785503 0.0760965
822 0.0744357 0.0719473
823 0.0700275 0.0675141
824 0.0653428 0.0628145
825 0.0604003 0.0578669
826 0.0552194 0.052691
827 0.0498206 0.0473072
828 0.0442251 0.0417366
829 0.0384551 0.0360014
830 0.0325334 0.030124
831 0.0264833 0.0241278
832 0.0203286 0.0180364
833 0.0140937 0.0118737
834 0.00780322 0.00566424
835 0.00148192 -0.000567603
836 -0.00484522 -0.00679721
837 -0.0111533 -0.013
838 -0.0174173 -0.0191515
839 -0.0236125 -0.0252274
840 -0.0297146 -0.0312037
841 -0.0356994 -0.0370569
842 -0.0415434 -0.0427638
843 -0.0472233 -0.048302
844 -0.0527169 -0.0536495
845 -0.0580025 -0.0587853
846 -0.0630591 -0.0636892
847 -0.0678669 -0.0683416
848 -0.0724068 -0.0727244
849 -0.076661 -0.0768201
850 -0.0806127 -0.0806127
851 -0.0842462 -0.0840871
852 -0.0875472 -0.0872297
853 -0.0905027 -0.090028
854 -0.093101 -0.092471
855 -0.0953319 -0.0945491
856 -0.0971866 -0.096254
857 -0.0986577 -0.0975791
858 -0.0997395 -0.098519
859 -0.100428 -0.0990702
860 -0.100719 -0.0992304
861 -0.100614 -0.0989989
862 -0.100111 -0.0983767
863 -0.0992131 -0.0973663
864 -0.0979237 -0.0959717
865 -0.0962478 -0.0941983
866 -0.0941921 -0.0920531
867 -0.0917646 -0.0895446
868 -0.088975 -0.0866828
869 -0.0858343 -0.0834788
870 -0.0823548 -0.0799454
871 -0.0785503 -0.0760965
872 -0.0744357 -0.0719473
873 -0.0700275 -0.0675141
874 -0.0653428 -0.0628145
875 -0.0604003 -0.0578669
876 -0.0552194 -0.052691
877 -0.0498206 -0.0473072
878 -0.0442251 -0.0417366
879 -0.0384551 -0.0360014
880 -0.0325334 -0.030124
881 -0.0264833 -0.0241278
882 -0.0203286 -0.0180364
883 -0.0140937 -0.0118737
884 -0.00780322 -0.00566424
885 -0.00148192 0.000567603
886 0.00484522 0.00679721
887 0.0111533 0.013
888 0.0174173 0.0191515
889 0.0236125 0.0252274
890 0.0297146 0.0312037
891 0.0356994 0.0370569
892 0.0415434 0.0427638
893 0.0472233 0.048302
894 0.0527169 0.0536495
895 0.0580025 0.0587853
896 0.0630591 0.0636892
897 0.0678669 0.0683416
898 0.0724068 0.0727244
899 0.076661 0.0768201
900 0.0806127 0.0806127
901 0.0842462 0.0840871
902 0.0875472 0.0872297
903 0.0905027 0.090028
904 0.093101 0.092471
905 0.0953319 0.0945491
906 0.0971866 0.096254
907 0.0986577 0.0975791
908 0.0997395 0.098519
909 0.100428 0.0990702
910 0.100719 0.0992304
911 0.100614 0.0989989
912 0.100111 0.0983767
913 0.0992131 0.0973663
914 0.0979237 0.0959717
915 0.0962478 0.0941983
916 0.0941921 0.0920531
917 0.0917646 0.0895446
918 0.088975 0.0866828
919 0.0858343 0.0834788
920 0.0823548 0.0799454
921 0.0785503 0.0760965
922 0.0744357 0.0719473
923 0.0700275 0.0675141
924 0.0653428 0.0628145
925 0.0604003 0.0578669
926 0.0552194 0.052691
927 0.0498206 0.0473072
928 0.0442251 0.0417366
929 0.0384551 0.0360014
930 0.0325334 0.030124
931 0.0264833 0.0241278
932 0.0203286 0.0180364
933 0.0140937 0.0118737
934 0.00780322 0.00566424
935 0.00148192 -0.000567603
936 -0.00484522 -0.00679721
937 -0.0111533 -0.013
938 -0.0174173 -0.0191515
939 -0.0236125 -0.0252274
940 -0.0297146 -0.0312037
941 -0.0356994 -0.0370569
942 -0.0415434 -0.0427638
943 -0.0472233 -0.048302
944 -0.0527169 -0.0536495
945 -0.0580025 -0.0587853
946 -0.0630591 -0.0636892
947 -0.0678669 -0.0683416
948 -0.0724068 -0.0727244
949 -0.076661 -0.0768201
950 -0.0806127 -0.0806127
951 -0.0842462 -0.0840871
952 -0.0875472 -0.0872297
953 -0.0905027 -0.090028
954 -0.093101 -0.092471
955 -0.0953319 -0.0945491
956 -0.0971866 -0.096254
957 -0.0986577 -0.0975791
958 -0.0997395 -0.098519
959 -0.100428 -0.0990702
960 -0.100719 -0.0992304
961 -0.100614 -0.0989989
962 -0.100111 -0.0983767
963 -0.0992131 -0.0973663
964 -0.0979237 -0.0959717
965 -0.0962478 -0.0941983
966 -0.0941921 -0.0920531
967 -0.0917646 -0.0895446
968 -0.088975 -0.0866828
969 -0.0858343 -0.0834788
970 -0.0823548 -0.0799454
971 -0.0785503 -0.0760965
972 -0.0744357 -0.0719473
973 -0.0700275 -0.0675141
974 -0.0653428 -0.0628145
975 -0.0604003 -0.0578669
976 -0.0552194 -0.052691
977 -0.0498206 -0.0473072
978 -0.0442251 -0.0417366
979 -0.0384551 -0.0360014
980 -0.0325334 -0.030124
981 -0.0264833 -0.0241278
982 -0.0203286 -0.0180364
983 -0.0140937 -0.0118737
984 -0.00780322 -0.00566424
985 -0.00148192 0.000567603
986 0.00484522 0.00679721
987 0.0111533 0.013
988 0.0174173 0.0191515
989 0.0236125 0.0252274
990 0.0297146 0.0312037
991 0.0356994 0.0370569
992 0.0415434 0.0427638
993 0.0472233 0.048302
994 0.0527169 0.0536495
995 0.0580025 0.0587853
996 0.0630591 0.0636892
997 0.0678669 0.0683416
998 0.0724068 0.0727244
999 0.076661 0.0768201
