0 0.0830158 0.0830158
1 0.0864318 0.086268
2 0.0895066 0.0891797
3 0.0922282 0.0917394
4 0.0945859 0.0939371
5 0.0965702 0.095764
6 0.0981735 0.0972131
7 0.0993892 0.0982784
8 0.100213 0.0989559
9 0.100641 0.0992429
10 0.100672 0.0991382
11 0.100305 0.0986423
12 0.0995429 0.097757
13 0.0983878 0.096486
14 0.0968443 0.0948342
15 0.0949187 0.0928081
16 0.0926185 0.0904157
17 0.0899527 0.0876665
18 0.0869319 0.0845713
19 0.0835681 0.0811424
20 0.0798744 0.0773932
21 0.0758655 0.0733386
22 0.0715572 0.0689946
23 0.0669665 0.0643782
24 0.0621116 0.0595078
25 0.0570115 0.0544026
26 0.0516863 0.0490826
27 0.0461573 0.043569
28 0.040446 0.0378833
29 0.0345751 0.0320482
30 0.0285678 0.0260866
31 0.0224478 0.0200221
32 0.0162391 0.0138785
33 0.00996635 0.00768017
34 0.00365427 0.00145152
35 -0.00267223 -0.00478286
36 -0.00898819 -0.0109984
37 -0.0152687 -0.0171705
38 -0.0214889 -0.0232748
39 -0.0276243 -0.0292873
40 -0.0336507 -0.0351842
41 -0.0395443 -0.0409422
42 -0.0452818 -0.0465387
43 -0.0508406 -0.0519515
44 -0.0561988 -0.0571592
45 -0.0613352 -0.0621414
46 -0.0662295 -0.0668783
47 -0.0708625 -0.0713513
48 -0.0752158 -0.0755427
49 -0.0792722 -0.079436
50 -0.0830158 -0.0830158
51 -0.0864318 -0.086268
52 -0.0895066 -0.0891797
53 -0.0922282 -0.0917394
54 -0.0945859 -0.0939371
55 -0.0965702 -0.095764
56 -0.0981735 -0.0972131
57 -0.0993892 -0.0982784
58 -0.100213 -0.0989559
59 -0.100641 -0.0992429
60 -0.100672 -0.0991382
61 -0.100305 -0.0986423
62 -0.0995429 -0.097757
63 -0.0983878 -0.096486
64 -0.0968443 -0.0948342
65 -0.0949187 -0.0928081
66 -0.0926185 -0.0904157
67 -0.0899527 -0.0876665
68 -0.0869319 -0.0845713
69 -0.0835681 -0.0811424
70 -0.0798744 -0.0773932
71 -0.0758655 -0.0733386
72 -0.0715572 -0.0689946
73 -0.0669665 -0.0643782
74 -0.0621116 -0.0595078
75 -0.0570115 -0.0544026
76 -0.0516863 -0.0490826
77 -0.0461573 -0.043569
78 -0.040446 -0.0378833
79 -0.0345751 -0.0320482
80 -0.0285678 -0.0260866
81 -0.0224478 -0.0200221
82 -0.0162391 -0.0138785
83 -0.00996635 -0.00768017
84 -0.00365427 -0.00145152
85 0.00267223 0.00478286
86 0.00898819 0.0109984
87 0.0152687 0.0171705
88 0.0214889 0.0232748
89 0.0276243 0.0292873
90 0.0336507 0.0351842
91 0.0395443 0.0409422
92 0.0452818 0.0465387
93 0.0508406 0.0519515
94 0.0561988 0.0571592
95 0.0613352 0.0621414
96 0.0662295 0.0668783
97 0.0708625 0.0713513
98 0.0752158 0.0755427
99 0.0792722 0.079436
100 0.0830158 0.0830158
101 0.0864318 0.086268
102 0.0895066 0.0891797
103 0.0922282 0.0917394
104 0.0945859 0.0939371
105 0.0965702 0.095764
106 0.0981735 0.0972131
107 0.0993892 0.0982784
108 0.100213 0.0989559
109 0.100641 0.0992429
110 0.100672 0.0991382
111 0.100305 0.0986423
112 0.0995429 0.097757
113 0.0983878 0.096486
114 0.0968443 0.0948342
115 0.0949187 0.0928081
116 0.0926185 0.0904157
117 0.0899527 0.0876665
118 0.0869319 0.0845713
119 0.0835681 0.0811424
120 0.0798744 0.0773932
121 0.0758655 0.0733386
122 0.0715572 0.0689946
123 0.0669665 0.0643782
124 0.0621116 0.0595078
125 0.0570115 0.0544026
126 0.0516863 0.0490826
127 0.0461573 0.043569
128 0.040446 0.0378833
129 0.0345751 0.0320482
130 0.0285678 0.0260866
131 0.0224478 0.0200221
132 0.0162391 0.0138785
133 0.00996635 0.00768017
134 0.00365427 0.00145152
135 -0.00267223 -0.00478286
136 -0.00898819 -0.0109984
137 -0.0152687 -0.0171705
138 -0.0214889 -0.0232748
139 -0.0276243 -0.0292873
140 -0.0336507 -0.0351842
141 -0.0395443 -0.0409422
142 -0.0452818 -0.0465387
143 -0.0508406 -0.0519515
144 -0.0561988 -0.0571592
145 -0.0613352 -0.0621414
146 -0.0662295 -0.0668783
147 -0.0708625 -0.0713513
148 -0.0752158 -0.0755427
149 -0.0792722 -0.079436
150 -0.0830158 -0.0830158
151 -0.0864318 -0.086268
152 -0.0895066 -0.0891797
153 -0.0922282 -0.0917394
154 -0.0945859 -0.0939371
155 -0.0965702 -0.095764
156 -0.0981735 -0.0972131
157 -0.0993892 -0.0982784
158 -0.100213 -0.0989559
159 -0.100641 -0.0992429
160 -0.100672 -0.0991382
161 -0.100305 -0.0986423
162 -0.0995429 -0.097757
163 -0.0983878 -0.096486
164 -0.0968443 -0.0948342
165 -0.0949187 -0.0928081
166 -0.0926185 -0.0904157
167 -0.0899527 -0.0876665
168 -0.0869319 -0.0845713
169 -0.0835681 -0.0811424
170 -0.0798744 -0.0773932
171 -0.0758655 -0.0733386
172 -0.0715572 -0.0689946
173 -0.0669665 -0.0643782
174 -0.0621116 -0.0595078
175 -0.0570115 -0.0544026
176 -0.0516863 -0.0490826
177 -0.0461573 -0.043569
178 -0.040446 -0.0378833
179 -0.0345751 -0.0320482
180 -0.0285678 -0.0260866
181 -0.0224478 -0.0200221
182 -0.0162391 -0.0138785
183 -0.00996635 -0.00768017
184 -0.00365427 -0.00145152
185 0.00267223 0.00478286
186 0.00898819 0.0109984
187 0.0152687 0.0171705
188 0.0214889 0.0232748
189 0.0276243 0.0292873
190 0.0336507 0.0351842
191 0.0395443 0.0409422
192 0.0452818 0.0465387
193 0.0508406 0.0519515
194 0.0561988 0.0571592
195 0.0613352 0.0621414
196 0.0662295 0.0668783
197 0.0708625 0.0713513
198 0.0752158 0.0755427
199 0.0792722 0.079436
200 0.0830158 0.0830158
201 0.0864318 0.086268
202 0.0895066 0.0891797
203 0.0922282 0.0917394
204 0.0945859 0.0939371
205 0.0965702 0.095764
206 0.0981735 0.0972131
207 0.0993892 0.0982784
208 0.100213 0.0989559
209 0.100641 0.0992429
210 0.100672 0.0991382
211 0.100305 0.0986423
212 0.0995429 0.097757
213 0.0983878 0.096486
214 0.0968443 0.0948342
215 0.0949187 0.0928081
216 0.0926185 0.0904157
217 0.0899527 0.0876665
218 0.0869319 0.0845713
219 0.0835681 0.0811424
220 0.0798744 0.0773932
221 0.0758655 0.0733386
222 0.0715572 0.0689946
223 0.0669665 0.0643782
224 0.0621116 0.0595078
225 0.0570115 0.0544026
226 0.0516863 0.0490826
227 0.0461573 0.043569
228 0.040446 0.0378833
229 0.0345751 0.0320482
230 0.0285678 0.0260866
231 0.0224478 0.0200221
232 0.0162391 0.0138785
233 0.00996635 0.00768017
234 0.00365427 0.00145152
235 -0.00267223 -0.00478286
236 -0.00898819 -0.0109984
237 -0.0152687 -0.0171705
238 -0.0214889 -0.0232748
239 -0.0276243 -0.0292873
240 -0.0336507 -0.0351842
241 -0.0395443 -0.0409422
242 -0.0452818 -0.0465387
243 -0.0508406 -0.0519515
244 -0.0561988 -0.0571592
245 -0.0613352 -0.0621414
246 -0.0662295 -0.0668783
247 -0.0708625 -0.0713513
248 -0.0752158 -0.0755427
249 -0.0792722 -0.079436
250 -0.0830158 -0.0830158
251 -0.0864318 -0.086268
252 -0.0895066 -0.0891797
253 -0.0922282 -0.0917394
254 -0.0945859 -0.0939371
255 -0.0965702 -0.095764
256 -0.0981735 -0.0972131
257 -0.0993892 -0.0982784
258 -0.100213 -0.0989559
259 -0.100641 -0.0992429
260 -0.100672 -0.0991382
261 -0.100305 -0.0986423
262 -0.0995429 -0.097757
263 -0.0983878 -0.096486
264 -0.0968443 -0.0948342
265 -0.0949187 -0.0928081
266 -0.0926185 -0.0904157
267 -0.0899527 -0.0876665
268 -0.0869319 -0.0845713
269 -0.0835681 -0.0811424
270 -0.0798744 -0.0773932
271 -0.0758655 -0.0733386
272 -0.0715572 -0.0689946
273 -0.0669665 -0.0643782
274 -0.0621116 -0.0595078
275 -0.0570115 -0.0544026
276 -0.0516863 -0.0490826
277 -0.0461573 -0.043569
278 -0.040446 -0.0378833
279 -0.0345751 -0.0320482
280 -0.0285678 -0.0260866
281 -0.0224478 -0.0200221
282 -0.0162391 -0.0138785
283 -0.00996635 -0.00768017
284 -0.00365427 -0.00145152
285 0.00267223 0.00478286
286 0.00898819 0.0109984
287 0.0152687 0.0171705
288 0.0214889 0.0232748
289 0.0276243 0.0292873
290 0.0336507 0.0351842
291 0.0395443 0.0409422
292 0.0452818 0.0465387
293 0.0508406 0.0519515
294 0.0561988 0.0571592
295 0.0613352 0.0621414
296 0.0662295 0.0668783
297 0.0708625 0.0713513
298 0.0752158 0.0755427
299 0.0792722 0.079436
300 0.0830158 0.0830158
301 0.0864318 0.086268
302 0.0895066 0.0891797
303 0.0922282 0.0917394
304 0.0945859 0.0939371
305 0.0965702 0.095764
306 0.0981735 0.0972131
307 0.0993892 0.0982784
308 0.100213 0.0989559
309 0.100641 0.0992429
310 0.100672 0.0991382
311 0.100305 0.0986423
312 0.0995429 0.097757
313 0.0983878 0.096486
314 0.0968443 0.0948342
315 0.0949187 0.0928081
316 0.0926185 0.0904157
317 0.0899527 0.0876665
318 0.0869319 0.0845713
319 0.0835681 0.0811424
320 0.0798744 0.0773932
321 0.0758655 0.0733386
322 0.0715572 0.0689946
323 0.0669665 0.0643782
324 0.0621116 0.0595078
325 0.0570115 0.0544026
326 0.0516863 0.0490826
327 0.0461573 0.043569
328 0.040446 0.0378833
329 0.0345751 0.0320482
330 0.0285678 0.0260866
331 0.0224478 0.0200221
332 0.0162391 0.0138785
333 0.00996635 0.00768017
334 0.00365427 0.00145152
335 -0.00267223 -0.00478286
336 -0.00898819 -0.0109984
337 -0.0152687 -0.0171705
338 -0.0214889 -0.0232748
339 -0.0276243 -0.0292873
340 -0.0336507 -0.0351842
341 -0.0395443 -0.0409422
342 -0.0452818 -0.0465387
343 -0.0508406 -0.0519515
344 -0.0561988 -0.0571592
345 -0.0613352 -0.0621414
346 -0.0662295 -0.0668783
347 -0.0708625 -0.0713513
348 -0.0752158 -0.0755427
349 -0.0792722 -0.079436
350 -0.0830158 -0.0830158
351 -0.0864318 -0.086268
352 -0.0895066 -0.0891797
353 -0.0922282 -0.0917394
354 -0.0945859 -0.0939371
355 -0.0965702 -0.095764
356 -0.0981735 -0.0972131
357 -0.0993892 -0.0982784
358 -0.100213 -0.0989559
359 -0.100641 -0.0992429
360 -0.100672 -0.0991382
361 -0.100305 -0.0986423
362 -0.0995429 -0.097757
363 -0.0983878 -0.096486
364 -0.0968443 -0.0948342
365 -0.0949187 -0.0928081
366 -0.0926185 -0.0904157
367 -0.0899527 -0.0876665
368 -0.0869319 -0.0845713
369 -0.0835681 -0.0811424
370 -0.0798744 -0.0773932
371 -0.0758655 -0.0733386
372 -0.0715572 -0.0689946
373 -0.0669665 -0.0643782
374 -0.0621116 -0.0595078
375 -0.0570115 -0.0544026
376 -0.0516863 -0.0490826
377 -0.0461573 -0.043569
378 -0.040446 -0.0378833
379 -0.0345751 -0.0320482
380 -0.0285678 -0.0260866
381 -0.0224478 -0.0200221
382 -0.0162391 -0.0138785
383 -0.00996635 -0.00768017
384 -0.00365427 -0.00145152
385 0.00267223 0.00478286
386 0.00898819 0.0109984
387 0.0152687 0.0171705
388 0.0214889 0.0232748
389 0.0276243 0.0292873
390 0.0336507 0.0351842
391 0.0395443 0.0409422
392 0.0452818 0.0465387
393 0.0508406 0.0519515
394 0.0561988 0.0571592
395 0.0613352 0.0621414
396 0.0662295 0.0668783
397 0.0708625 0.0713513
398 0.0752158 0.0755427
399 0.0792722 0.079436
400 0.0830158 0.0830158
401 0.0864318 0.086268
402 0.0895066 0.0891797
403 0.0922282 0.0917394
404 0.0945859 0.0939371
405 0.0965702 0.095764
406 0.0981735 0.0972131
407 0.0993892 0.0982784
408 0.100213 0.0989559
409 0.100641 0.0992429
410 0.100672 0.0991382
411 0.100305 0.0986423
412 0.0995429 0.097757
413 0.0983878 0.096486
414 0.0968443 0.0948342
415 0.0949187 0.0928081
416 0.0926185 0.0904157
417 0.0899527 0.0876665
418 0.0869319 0.0845713
419 0.0835681 0.0811424
420 0.0798744 0.0773932
421 0.0758655 0.0733386
422 0.0715572 0.0689946
423 0.0669665 0.0643782
424 0.0621116 0.0595078
425 0.0570115 0.0544026
426 0.0516863 0.0490826
427 0.0461573 0.043569
428 0.040446 0.0378833
429 0.0345751 0.0320482
430 0.0285678 0.0260866
431 0.0224478 0.0200221
432 0.0162391 0.0138785
433 0.00996635 0.00768017
434 0.00365427 0.00145152
435 -0.00267223 -0.00478286
436 -0.00898819 -0.0109984
437 -0.0152687 -0.0171705
438 -0.0214889 -0.0232748
439 -0.0276243 -0.0292873
440 -0.0336507 -0.0351842
441 -0.0395443 -0.0409422
442 -0.0452818 -0.0465387
443 -0.0508406 -0.0519515
444 -0.0561988 -0.0571592
445 -0.0613352 -0.0621414
446 -0.0662295 -0.0668783
447 -0.0708625 -0.0713513
448 -0.0752158 -0.0755427
449 -0.0792722 -0.079436
450 -0.0830158 -0.0830158
451 -0.0864318 -0.086268
452 -0.0895066 -0.0891797
453 -0.0922282 -0.0917394
454 -0.0945859 -0.0939371
455 -0.0965702 -0.095764
456 -0.0981735 -0.0972131
457 -0.0993892 -0.0982784
458 -0.100213 -0.0989559
459 -0.100641 -0.0992429
460 -0.100672 -0.0991382
461 -0.100305 -0.0986423
462 -0.0995429 -0.097757
463 -0.0983878 -0.096486
464 -0.0968443 -0.0948342
465 -0.0949187 -0.0928081
466 -0.0926185 -0.0904157
467 -0.0899527 -0.0876665
468 -0.0869319 -0.0845713
469 -0.0835681 -0.0811424
470 -0.0798744 -0.0773932
471 -0.0758655 -0.0733386
472 -0.0715572 -0.0689946
473 -0.0669665 -0.0643782
474 -0.0621116 -0.0595078
475 -0.0570115 -0.0544026
476 -0.0516863 -0.0490826
477 -0.0461573 -0.043569
478 -0.040446 -0.0378833
479 -0.0345751 -0.0320482
480 -0.0285678 -0.0260866
481 -0.0224478 -0.0200221
482 -0.0162391 -0.0138785
483 -0.00996635 -0.00768017
484 -0.00365427 -0.00145152
485 0.00267223 0.00478286
486 0.00898819 0.0109984
487 0.0152687 0.0171705
488 0.0214889 0.0232748
489 0.0276243 0.0292873
490 0.0336507 0.0351842
491 0.0395443 0.0409422
492 0.0452818 0.0465387
493 0.0508406 0.0519515
494 0.0561988 0.0571592
495 0.0613352 0.0621414
496 0.0662295 0.0668783
497 0.0708625 0.0713513
498 0.0752158 0.0755427
499 0.0792722 0.079436
500 0.0830158 0.0830158
501 0.0864318 0.086268
502 0.0895066 0.0891797
503 0.0922282 0.0917394
504 0.0945859 0.0939371
505 0.0965702 0.095764
506 0.0981735 0.0972131
507 0.0993892 0.0982784
508 0.100213 0.0989559
509 0.100641 0.0992429
510 0.100672 0.0991382
511 0.100305 0.0986423
512 0.0995429 0.097757
513 0.0983878 0.096486
514 0.0968443 0.0948342
515 0.0949187 0.0928081
516 0.0926185 0.0904157
517 0.0899527 0.0876665
518 0.0869319 0.0845713
519 0.0835681 0.0811424
520 0.0798744 0.0773932
521 0.0758655 0.0733386
522 0.0715572 0.0689946
523 0.0669665 0.0643782
524 0.0621116 0.0595078
525 0.0570115 0.0544026
526 0.0516863 0.0490826
527 0.0461573 0.043569
528 0.040446 0.0378833
529 0.0345751 0.0320482
530 0.0285678 0.0260866
531 0.0224478 0.0200221
532 0.0162391 0.0138785
533 0.00996635 0.00768017
534 0.00365427 0.00145152
535 -0.00267223 -0.00478286
536 -0.00898819 -0.0109984
537 -0.0152687 -0.0171705
538 -0.0214889 -0.0232748
539 -0.0276243 -0.0292873
540 -0.0336507 -0.0351842
541 -0.0395443 -0.0409422
542 -0.0452818 -0.0465387
543 -0.0508406 -0.0519515
544 -0.0561988 -0.0571592
545 -0.0613352 -0.0621414
546 -0.0662295 -0.0668783
547 -0.0708625 -0.0713513
548 -0.0752158 -0.0755427
549 -0.0792722 -0.079436
550 -0.0830158 -0.0830158
551 -0.0864318 -0.086268
552 -0.0895066 -0.0891797
553 -0.0922282 -0.0917394
554 -0.0945859 -0.0939371
555 -0.0965702 -0.095764
556 -0.0981735 -0.0972131
557 -0.0993892 -0.0982784
558 -0.100213 -0.0989559
559 -0.100641 -0.0992429
560 -0.100672 -0.0991382
561 -0.100305 -0.0986423
562 -0.0995429 -0.097757
563 -0.0983878 -0.096486
564 -0.0968443 -0.0948342
565 -0.0949187 -0.0928081
566 -0.0926185 -0.0904157
567 -0.0899527 -0.0876665
568 -0.0869319 -0.0845713
569 -0.0835681 -0.0811424
570 -0.0798744 -0.0773932
571 -0.0758655 -0.0733386
572 -0.0715572 -0.0689946
573 -0.0669665 -0.0643782
574 -0.0621116 -0.0595078
575 -0.0570115 -0.0544026
576 -0.0516863 -0.0490826
577 -0.0461573 -0.043569
578 -0.040446 -0.0378833
579 -0.0345751 -0.0320482
580 -0.0285678 -0.0260866
581 -0.0224478 -0.0200221
582 -0.0162391 -0.0138785
583 -0.00996635 -0.00768017
584 -0.00365427 -0.00145152
585 0.00267223 0.00478286
586 0.00898819 0.0109984
587 0.0152687 0.0171705
588 0.0214889 0.0232748
589 0.0276243 0.0292873
590 0.0336507 0.0351842
591 0.0395443 0.0409422
592 0.0452818 0.0465387
593 0.0508406 0.0519515
594 0.0561988 0.0571592
595 0.0613352 0.0621414
596 0.0662295 0.0668783
597 0.0708625 0.0713513
598 0.0752158 0.0755427
599 0.0792722 0.079436
600 0.0830158 0.0830158
601 0.0864318 0.086268
602 0.0895066 0.0891797
603 0.0922282 0.0917394
604 0.0945859 0.0939371
605 0.0965702 0.095764
606 0.0981735 0.0972131
607 0.0993892 0.0982784
608 0.100213 0.0989559
609 0.100641 0.0992429
610 0.100672 0.0991382
611 0.100305 0.0986423
612 0.0995429 0.097757
613 0.0983878 0.096486
614 0.0968443 0.0948342
615 0.0949187 0.0928081
616 0.0926185 0.0904157
617 0.0899527 0.0876665
618 0.0869319 0.0845713
619 0.0835681 0.0811424
620 0.0798744 0.0773932
621 0.0758655 0.0733386
622 0.0715572 0.0689946
623 0.0669665 0.0643782
624 0.0621116 0.0595078
625 0.0570115 0.0544026
626 0.0516863 0.0490826
627 0.0461573 0.043569
628 0.040446 0.0378833
629 0.0345751 0.0320482
630 0.0285678 0.0260866
631 0.0224478 0.0200221
632 0.0162391 0.0138785
633 0.00996635 0.00768017
634 0.00365427 0.00145152
635 -0.00267223 -0.00478286
636 -0.00898819 -0.0109984
637 -0.0152687 -0.0171705
638 -0.0214889 -0.0232748
639 -0.0276243 -0.0292873
640 -0.0336507 -0.0351842
641 -0.0395443 -0.0409422
642 -0.0452818 -0.0465387
643 -0.0508406 -0.0519515
644 -0.0561988 -0.0571592
645 -0.0613352 -0.0621414
646 -0.0662295 -0.0668783
647 -0.0708625 -0.0713513
648 -0.0752158 -0.0755427
649 -0.0792722 -0.079436
650 -0.0830158 -0.0830158
651 -0.0864318 -0.086268
652 -0.0895066 -0.0891797
653 -0.0922282 -0.0917394
654 -0.0945859 -0.0939371
655 -0.0965702 -0.095764
656 -0.0981735 -0.0972131
657 -0.0993892 -0.0982784
658 -0.100213 -0.0989559
659 -0.100641 -0.0992429
660 -0.100672 -0.0991382
661 -0.100305 -0.0986423
662 -0.0995429 -0.097757
663 -0.0983878 -0.096486
664 -0.0968443 -0.0948342
665 -0.0949187 -0.0928081
666 -0.0926185 -0.0904157
667 -0.0899527 -0.0876665
668 -0.0869319 -0.0845713
669 -0.0835681 -0.0811424
670 -0.0798744 -0.0773932
671 -0.0758655 -0.0733386
672 -0.0715572 -0.0689946
673 -0.0669665 -0.0643782
674 -0.0621116 -0.0595078
675 -0.0570115 -0.0544026
676 -0.0516863 -0.0490826
677 -0.0461573 -0.043569
678 -0.040446 -0.0378833
679 -0.0345751 -0.0320482
680 -0.0285678 -0.0260866
681 -0.0224478 -0.0200221
682 -0.0162391 -0.0138785
683 -0.00996635 -0.00768017
684 -0.00365427 -0.00145152
685 0.00267223 0.00478286
686 0.00898819 0.0109984
687 0.0152687 0.0171705
688 0.0214889 0.0232748
689 0.0276243 0.0292873
690 0.0336507 0.0351842
691 0.0395443 0.0409422
692 0.0452818 0.0465387
693 0.0508406 0.0519515
694 0.0561988 0.0571592
695 0.0613352 0.0621414
696 0.0662295 0.0668783
697 0.0708625 0.0713513
698 0.0752158 0.0755427
699 0.0792722 0.079436
700 0.0830158 0.0830158
701 0.0864318 0.086268
702 0.0895066 0.0891797
703 0.0922282 0.0917394
704 0.0945859 0.0939371
705 0.0965702 0.095764
706 0.0981735 0.0972131
707 0.0993892 0.0982784
708 0.100213 0.0989559
709 0.100641 0.0992429
710 0.100672 0.0991382
711 0.100305 0.0986423
712 0.0995429 0.097757
713 0.0983878 0.096486
714 0.0968443 0.0948342
715 0.0949187 0.0928081
716 0.0926185 0.0904157
717 0.0899527 0.0876665
718 0.0869319 0.0845713
719 0.0835681 0.0811424
720 0.0798744 0.0773932
721 0.0758655 0.0733386
722 0.0715572 0.0689946
723 0.0669665 0.0643782
724 0.0621116 0.0595078
725 0.0570115 0.0544026
726 0.0516863 0.0490826
727 0.0461573 0.043569
728 0.040446 0.0378833
729 0.0345751 0.0320482
730 0.0285678 0.0260866
731 0.0224478 0.0200221
732 0.0162391 0.0138785
733 0.00996635 0.00768017
734 0.00365427 0.00145152
735 -0.00267223 -0.00478286
736 -0.00898819 -0.0109984
737 -0.0152687 -0.0171705
738 -0.0214889 -0.0232748
739 -0.0276243 -0.0292873
740 -0.0336507 -0.0351842
741 -0.0395443 -0.0409422
742 -0.0452818 -0.0465387
743 -0.0508406 -0.0519515
744 -0.0561988 -0.0571592
745 -0.0613352 -0.0621414
746 -0.0662295 -0.0668783
747 -0.0708625 -0.0713513
748 -0.0752158 -0.0755427
749 -0.0792722 -0.079436
750 -0.0830158 -0.0830158
751 -0.0864318 -0.086268
752 -0.0895066 -0.0891797
753 -0.0922282 -0.0917394
754 -0.0945859 -0.0939371
755 -0.0965702 -0.095764
756 -0.0981735 -0.0972131
757 -0.0993892 -0.0982784
758 -0.100213 -0.0989559
759 -0.100641 -0.0992429
760 -0.100672 -0.0991382
761 -0.100305 -0.0986423
762 -0.0995429 -0.097757
763 -0.0983878 -0.096486
764 -0.0968443 -0.0948342
765 -0.0949187 -0.0928081
766 -0.0926185 -0.0904157
767 -0.0899527 -0.0876665
768 -0.0869319 -0.0845713
769 -0.0835681 -0.0811424
770 -0.0798744 -0.0773932
771 -0.0758655 -0.0733386
772 -0.0715572 -0.0689946
773 -0.0669665 -0.0643782
774 -0.0621116 -0.0595078
775 -0.0570115 -0.0544026
776 -0.0516863 -0.0490826
777 -0.0461573 -0.043569
778 -0.040446 -0.0378833
779 -0.0345751 -0.0320482
780 -0.0285678 -0.0260866
781 -0.0224478 -0.0200221
782 -0.0162391 -0.0138785
783 -0.00996635 -0.00768017
784 -0.00365427 -0.00145152
785 0.00267223 0.00478286
786 0.00898819 0.0109984
787 0.0152687 0.0171705
788 0.0214889 0.0232748
789 0.0276243 0.0292873
790 0.0336507 0.0351842
791 0.0395443 0.0409422
792 0.0452818 0.0465387
793 0.0508406 0.0519515
794 0.0561988 0.0571592
795 0.0613352 0.0621414
796 0.0662295 0.0668783
797 0.0708625 0.0713513
798 0.0752158 0.0755427
799 0.0792722 0.079436
800 0.0830158 0.0830158
801 0.0864318 0.086268
802 0.0895066 0.0891797
803 0.0922282 0.0917394
804 0.0945859 0.0939371
805 0.0965702 0.095764
806 0.0981735 0.0972131
807 0.0993892 0.0982784
808 0.100213 0.0989559
809 0.100641 0.0992429
810 0.100672 0.0991382
811 0.100305 0.0986423
812 0.0995429 0.097757
813 0.0983878 0.096486
814 0.0968443 0.0948342
815 0.0949187 0.0928081
816 0.0926185 0.0904157
817 0.0899527 0.0876665
818 0.0869319 0.0845713
819 0.0835681 0.0811424
820 0.0798744 0.0773932
821 0.0758655 0.0733386
822 0.0715572 0.0689946
823 0.0669665 0.0643782
824 0.0621116 0.0595078
825 0.0570115 0.0544026
826 0.0516863 0.0490826
827 0.0461573 0.043569
828 0.040446 0.0378833
829 0.0345751 0.0320482
830 0.0285678 0.0260866
831 0.0224478 0.0200221
832 0.0162391 0.0138785
833 0.00996635 0.00768017
834 0.00365427 0.00145152
835 -0.00267223 -0.00478286
836 -0.00898819 -0.0109984
837 -0.0152687 -0.0171705
838 -0.0214889 -0.0232748
839 -0.0276243 -0.0292873
840 -0.0336507 -0.0351842
841 -0.0395443 -0.0409422
842 -0.0452818 -0.0465387
843 -0.0508406 -0.0519515
844 -0.0561988 -0.0571592
845 -0.0613352 -0.0621414
846 -0.0662295 -0.0668783
847 -0.0708625 -0.0713513
848 -0.0752158 -0.0755427
849 -0.0792722 -0.079436
850 -0.0830158 -0.0830158
851 -0.0864318 -0.086268
852 -0.0895066 -0.0891797
853 -0.0922282 -0.0917394
854 -0.0945859 -0.0939371
855 -0.0965702 -0.095764
856 -0.0981735 -0.0972131
857 -0.0993892 -0.0982784
858 -0.100213 -0.0989559
859 -0.100641 -0.0992429
860 -0.100672 -0.0991382
861 -0.100305 -0.0986423
862 -0.0995429 -0.097757
863 -0.0983878 -0.096486
864 -0.0968443 -0.0948342
865 -0.0949187 -0.0928081
866 -0.0926185 -0.0904157
867 -0.0899527 -0.0876665
868 -0.0869319 -0.0845713
869 -0.0835681 -0.0811424
870 -0.0798744 -0.0773932
871 -0.0758655 -0.0733386
872 -0.0715572 -0.0689946
873 -0.0669665 -0.0643782
874 -0.0621116 -0.0595078
875 -0.0570115 -0.0544026
876 -0.0516863 -0.0490826
877 -0.0461573 -0.043569
878 -0.040446 -0.0378833
879 -0.0345751 -0.0320482
880 -0.0285678 -0.0260866
881 -0.0224478 -0.0200221
882 -0.0162391 -0.0138785
883 -0.00996635 -0.00768017
884 -0.00365427 -0.00145152
885 0.00267223 0.00478286
886 0.00898819 0.0109984
887 0.0152687 0.0171705
888 0.0214889 0.0232748
889 0.0276243 0.0292873
890 0.0336507 0.0351842
891 0.0395443 0.0409422
892 0.0452818 0.0465387
893 0.0508406 0.0519515
894 0.0561988 0.0571592
895 0.0613352 0.0621414
896 0.0662295 0.0668783
897 0.0708625 0.0713513
898 0.0752158 0.0755427
899 0.0792722 0.079436
900 0.0830158 0.0830158
901 0.0864318 0.086268
902 0.0895066 0.0891797
903 0.0922282 0.0917394
904 0.0945859 0.0939371
905 0.0965702 0.095764
906 0.0981735 0.0972131
907 0.0993892 0.0982784
908 0.100213 0.0989559
909 0.100641 0.0992429
910 0.100672 0.0991382
911 0.100305 0.0986423
912 0.0995429 0.097757
913 0.0983878 0.096486
914 0.0968443 0.0948342
915 0.0949187 0.0928081
916 0.0926185 0.0904157
917 0.0899527 0.0876665
918 0.0869319 0.0845713
919 0.0835681 0.0811424
920 0.0798744 0.0773932
921 0.0758655 0.0733386
922 0.0715572 0.0689946
923 0.0669665 0.0643782
924 0.0621116 0.0595078
925 0.0570115 0.0544026
926 0.0516863 0.0490826
927 0.0461573 0.043569
928 0.040446 0.0378833
929 0.0345751 0.0320482
930 0.0285678 0.0260866
931 0.0224478 0.0200221
932 0.0162391 0.0138785
933 0.00996635 0.00768017
934 0.00365427 0.00145152
935 -0.00267223 -0.00478286
936 -0.00898819 -0.0109984
937 -0.0152687 -0.0171705
938 -0.0214889 -0.0232748
939 -0.0276243 -0.0292873
940 -0.0336507 -0.0351842
941 -0.0395443 -0.0409422
942 -0.0452818 -0.0465387
943 -0.0508406 -0.0519515
944 -0.0561988 -0.0571592
945 -0.0613352 -0.0621414
946 -0.0662295 -0.0668783
947 -0.0708625 -0.0713513
948 -0.0752158 -0.0755427
949 -0.0792722 -0.079436
950 -0.0830158 -0.0830158
951 -0.0864318 -0.086268
952 -0.0895066 -0.0891797
953 -0.0922282 -0.0917394
954 -0.0945859 -0.0939371
955 -0.0965702 -0.095764
956 -0.0981735 -0.0972131
957 -0.0993892 -0.0982784
958 -0.100213 -0.0989559
959 -0.100641 -0.0992429
960 -0.100672 -0.0991382
961 -0.100305 -0.0986423
962 -0.0995429 -0.097757
963 -0.0983878 -0.096486
964 -0.0968443 -0.0948342
965 -0.0949187 -0.0928081
966 -0.0926185 -0.0904157
967 -0.0899527 -0.0876665
968 -0.0869319 -0.0845713
969 -0.0835681 -0.0811424
970 -0.0798744 -0.0773932
971 -0.0758655 -0.0733386
972 -0.0715572 -0.0689946
973 -0.0669665 -0.0643782
974 -0.0621116 -0.0595078
975 -0.0570115 -0.0544026
976 -0.0516863 -0.0490826
977 -0.0461573 -0.043569
978 -0.040446 -0.0378833
979 -0.0345751 -0.0320482
980 -0.0285678 -0.0260866
981 -0.0224478 -0.0200221
982 -0.0162391 -0.0138785
983 -0.00996635 -0.00768017
984 -0.00365427 -0.00145152
985 0.00267223 0.00478286
986 0.00898819 0.0109984
987 0.0152687 0.0171705
988 0.0214889 0.0232748
989 0.0276243 0.0292873
990 0.0336507 0.0351842
991 0.0395443 0.0409422
992 0.0452818 0.0465387
993 0.0508406 0.0519515
994 0.0561988 0.0571592
995 0.0613352 0.0621414
996 0.0662295 0.0668783
997 0.0708625 0.0713513
998 0.0752158 0.0755427
999 0.0792722 0.079436
