0 0.0570118 0.0570118
1 0.0621133 0.0620008
2 0.0669696 0.0667451
3 0.0715616 0.0712259
4 0.0758713 0.0754257
5 0.0798814 0.0793278
6 0.0835764 0.0829168
7 0.0869415 0.0861786
8 0.0899634 0.0891003
9 0.0926304 0.0916703
10 0.0949317 0.0938786
11 0.0968584 0.0957164
12 0.0984029 0.0971764
13 0.099559 0.0982529
14 0.100322 0.0989417
15 0.100689 0.0992399
16 0.100659 0.0991465
17 0.100232 0.0986619
18 0.099409 0.0977878
19 0.0981937 0.0965279
20 0.0965909 0.094887
21 0.0946069 0.0928716
22 0.0922496 0.0904896
23 0.0895282 0.0877506
24 0.0864534 0.0846653
25 0.0830375 0.0812458
26 0.0792938 0.0775057
27 0.0752372 0.0734597
28 0.0708837 0.0691237
29 0.0662504 0.064515
30 0.0613557 0.0596517
31 0.0562188 0.054553
32 0.0508601 0.0492389
33 0.0453006 0.0437306
34 0.0395624 0.0380496
35 0.033668 0.0322185
36 0.0276408 0.0262603
37 0.0215044 0.0201984
38 0.0152832 0.0140567
39 0.00900171 0.00785965
40 0.00268466 0.00163155
41 -0.00364297 -0.004603
42 -0.00995623 -0.0108194
43 -0.0162302 -0.0169931
44 -0.0224401 -0.0230997
45 -0.0285615 -0.0291151
46 -0.0345701 -0.0350157
47 -0.0404423 -0.040778
48 -0.0461549 -0.0463795
49 -0.0516853 -0.0517978
50 -0.0570118 -0.0570118
51 -0.0621133 -0.0620008
52 -0.0669696 -0.0667451
53 -0.0715616 -0.0712259
54 -0.0758713 -0.0754257
55 -0.0798814 -0.0793278
56 -0.0835764 -0.0829168
57 -0.0869415 -0.0861786
58 -0.0899634 -0.0891003
59 -0.0926304 -0.0916703
60 -0.0949317 -0.0938786
61 -0.0968584 -0.0957164
62 -0.0984029 -0.0971764
63 -0.099559 -0.0982529
64 -0.100322 -0.0989417
65 -0.100689 -0.0992399
66 -0.100659 -0.0991465
67 -0.100232 -0.0986619
68 -0.099409 -0.0977878
69 -0.0981937 -0.0965279
70 -0.0965909 -0.094887
71 -0.0946069 -0.0928716
72 -0.0922496 -0.0904896
73 -0.0895282 -0.0877506
74 -0.0864534 -0.0846653
75 -0.0830375 -0.0812458
76 -0.0792938 -0.0775057
77 -0.0752372 -0.0734597
78 -0.0708837 -0.0691237
79 -0.0662504 -0.064515
80 -0.0613557 -0.0596517
81 -0.0562188 -0.054553
82 -0.0508601 -0.0492389
83 -0.0453006 -0.0437306
84 -0.0395624 -0.0380496
85 -0.033668 -0.0322185
86 -0.0276408 -0.0262603
87 -0.0215044 -0.0201984
88 -0.0152832 -0.0140567
89 -0.00900171 -0.00785965
90 -0.00268466 -0.00163155
91 0.00364297 0.004603
92 0.00995623 0.0108194
93 0.0162302 0.0169931
94 0.0224401 0.0230997
95 0.0285615 0.0291151
96 0.0345701 0.0350157
97 0.0404423 0.040778
98 0.0461549 0.0463795
99 0.0516853 0.0517978
100 0.0570118 0.0570118
101 0.0621133 0.0620008
102 0.0669696 0.0667451
103 0.0715616 0.0712259
104 0.0758713 0.0754257
105 0.0798814 0.0793278
106 0.0835764 0.0829168
107 0.0869415 0.0861786
108 0.0899634 0.0891003
109 0.0926304 0.0916703
110 0.0949317 0.0938786
111 0.0968584 0.0957164
112 0.0984029 0.0971764
113 0.099559 0.0982529
114 0.100322 0.0989417
115 0.100689 0.0992399
116 0.100659 0.0991465
117 0.100232 0.0986619
118 0.099409 0.0977878
119 0.0981937 0.0965279
120 0.0965909 0.094887
121 0.0946069 0.0928716
122 0.0922496 0.0904896
123 0.0895282 0.0877506
124 0.0864534 0.0846653
125 0.0830375 0.0812458
126 0.0792938 0.0775057
127 0.0752372 0.0734597
128 0.0708837 0.0691237
129 0.0662504 0.064515
130 0.0613557 0.0596517
131 0.0562188 0.054553
132 0.0508601 0.0492389
133 0.0453006 0.0437306
134 0.0395624 0.0380496
135 0.033668 0.0322185
136 0.0276408 0.0262603
137 0.0215044 0.0201984
138 0.0152832 0.0140567
139 0.00900171 0.00785965
140 0.00268466 0.00163155
141 -0.00364297 -0.004603
142 -0.00995623 -0.0108194
143 -0.0162302 -0.0169931
144 -0.0224401 -0.0230997
145 -0.0285615 -0.0291151
146 -0.0345701 -0.0350157
147 -0.0404423 -0.040778
148 -0.0461549 -0.0463795
149 -0.0516853 -0.0517978
150 -0.0570118 -0.0570118
151 -0.0621133 -0.0620008
152 -0.0669696 -0.0667451
153 -0.0715616 -0.0712259
154 -0.0758713 -0.0754257
155 -0.0798814 -0.0793278
156 -0.0835764 -0.0829168
157 -0.0869415 -0.0861786
158 -0.0899634 -0.0891003
159 -0.0926304 -0.0916703
160 -0.0949317 -0.0938786
161 -0.0968584 -0.0957164
162 -0.0984029 -0.0971764
163 -0.099559 -0.0982529
164 -0.100322 -0.0989417
165 -0.100689 -0.0992399
166 -0.100659 -0.0991465
167 -0.100232 -0.0986619
168 -0.099409 -0.0977878
169 -0.0981937 -0.0965279
170 -0.0965909 -0.094887
171 -0.0946069 -0.0928716
172 -0.0922496 -0.0904896
173 -0.0895282 -0.0877506
174 -0.0864534 -0.0846653
175 -0.0830375 -0.0812458
176 -0.0792938 -0.0775057
177 -0.0752372 -0.0734597
178 -0.0708837 -0.0691237
179 -0.0662504 -0.064515
180 -0.0613557 -0.0596517
181 -0.0562188 -0.054553
182 -0.0508601 -0.0492389
183 -0.0453006 -0.0437306
184 -0.0395624 -0.0380496
185 -0.033668 -0.0322185
186 -0.0276408 -0.0262603
187 -0.0215044 -0.0201984
188 -0.0152832 -0.0140567
189 -0.00900171 -0.00785965
190 -0.00268466 -0.00163155
191 0.00364297 0.004603
192 0.00995623 0.0108194
193 0.0162302 0.0169931
194 0.0224401 0.0230997
195 0.0285615 0.0291151
196 0.0345701 0.0350157
197 0.0404423 0.040778
198 0.0461549 0.0463795
199 0.0516853 0.0517978
200 0.0570118 0.0570118
201 0.0621133 0.0620008
202 0.0669696 0.0667451
203 0.0715616 0.0712259
204 0.0758713 0.0754257
205 0.0798814 0.0793278
206 0.0835764 0.0829168
207 0.0869415 0.0861786
208 0.0899634 0.0891003
209 0.0926304 0.0916703
210 0.0949317 0.0938786
211 0.0968584 0.0957164
212 0.0984029 0.0971764
213 0.099559 0.0982529
214 0.100322 0.0989417
215 0.100689 0.0992399
216 0.100659 0.0991465
217 0.100232 0.0986619
218 0.099409 0.0977878
219 0.0981937 0.0965279
220 0.0965909 0.094887
221 0.0946069 0.0928716
222 0.0922496 0.0904896
223 0.0895282 0.0877506
224 0.0864534 0.0846653
225 0.0830375 0.0812458
226 0.0792938 0.0775057
227 0.0752372 0.0734597
228 0.0708837 0.0691237
229 0.0662504 0.064515
230 0.0613557 0.0596517
231 0.0562188 0.054553
232 0.0508601 0.0492389
233 0.0453006 0.0437306
234 0.0395624 0.0380496
235 0.033668 0.0322185
236 0.0276408 0.0262603
237 0.0215044 0.0201984
238 0.0152832 0.0140567
239 0.00900171 0.00785965
240 0.00268466 0.00163155
241 -0.00364297 -0.004603
242 -0.00995623 -0.0108194
243 -0.0162302 -0.0169931
244 -0.0224401 -0.0230997
245 -0.0285615 -0.0291151
246 -0.0345701 -0.0350157
247 -0.0404423 -0.040778
248 -0.0461549 -0.0463795
249 -0.0516853 -0.0517978
250 -0.0570118 -0.0570118
251 -0.0621133 -0.0620008
252 -0.0669696 -0.0667451
253 -0.0715616 -0.0712259
254 -0.0758713 -0.0754257
255 -0.0798814 -0.0793278
256 -0.0835764 -0.0829168
257 -0.0869415 -0.0861786
258 -0.0899634 -0.0891003
259 -0.0926304 -0.0916703
260 -0.0949317 -0.0938786
261 -0.0968584 -0.0957164
262 -0.0984029 -0.0971764
263 -0.099559 -0.0982529
264 -0.100322 -0.0989417
265 -0.100689 -0.0992399
266 -0.100659 -0.0991465
267 -0.100232 -0.0986619
268 -0.099409 -0.0977878
269 -0.0981937 -0.0965279
270 -0.0965909 -0.094887
271 -0.0946069 -0.0928716
272 -0.0922496 -0.0904896
273 -0.0895282 -0.0877506
274 -0.0864534 -0.0846653
275 -0.0830375 -0.0812458
276 -0.0792938 -0.0775057
277 -0.0752372 -0.0734597
278 -0.0708837 -0.0691237
279 -0.0662504 -0.064515
280 -0.0613557 -0.0596517
281 -0.0562188 -0.054553
282 -0.0508601 -0.0492389
283 -0.0453006 -0.0437306
284 -0.0395624 -0.0380496
285 -0.033668 -0.0322185
286 -0.0276408 -0.0262603
287 -0.0215044 -0.0201984
288 -0.0152832 -0.0140567
289 -0.00900171 -0.00785965
290 -0.00268466 -0.00163155
291 0.00364297 0.004603
292 0.00995623 0.0108194
293 0.0162302 0.0169931
294 0.0224401 0.0230997
295 0.0285615 0.0291151
296 0.0345701 0.0350157
297 0.0404423 0.040778
298 0.0461549 0.0463795
299 0.0516853 0.0517978
300 0.0570118 0.0570118
301 0.0621133 0.0620008
302 0.0669696 0.0667451
303 0.0715616 0.0712259
304 0.0758713 0.0754257
305 0.0798814 0.0793278
306 0.0835764 0.0829168
307 0.0869415 0.0861786
308 0.0899634 0.0891003
309 0.0926304 0.0916703
310 0.0949317 0.0938786
311 0.0968584 0.0957164
312 0.0984029 0.0971764
313 0.099559 0.0982529
314 0.100322 0.0989417
315 0.100689 0.0992399
316 0.100659 0.0991465
317 0.100232 0.0986619
318 0.099409 0.0977878
319 0.0981937 0.0965279
320 0.0965909 0.094887
321 0.0946069 0.0928716
322 0.0922496 0.0904896
323 0.0895282 0.0877506
324 0.0864534 0.0846653
325 0.0830375 0.0812458
326 0.0792938 0.0775057
327 0.0752372 0.0734597
328 0.0708837 0.0691237
329 0.0662504 0.064515
330 0.0613557 0.0596517
331 0.0562188 0.054553
332 0.0508601 0.0492389
333 0.0453006 0.0437306
334 0.0395624 0.0380496
335 0.033668 0.0322185
336 0.0276408 0.0262603
337 0.0215044 0.0201984
338 0.0152832 0.0140567
339 0.00900171 0.00785965
340 0.00268466 0.00163155
341 -0.00364297 -0.004603
342 -0.00995623 -0.0108194
343 -0.0162302 -0.0169931
344 -0.0224401 -0.0230997
345 -0.0285615 -0.0291151
346 -0.0345701 -0.0350157
347 -0.0404423 -0.040778
348 -0.0461549 -0.0463795
349 -0.0516853 -0.0517978
350 -0.0570118 -0.0570118
351 -0.0621133 -0.0620008
352 -0.0669696 -0.0667451
353 -0.0715616 -0.0712259
354 -0.0758713 -0.0754257
355 -0.0798814 -0.0793278
356 -0.0835764 -0.0829168
357 -0.0869415 -0.0861786
358 -0.0899634 -0.0891003
359 -0.0926304 -0.0916703
360 -0.0949317 -0.0938786
361 -0.0968584 -0.0957164
362 -0.0984029 -0.0971764
363 -0.099559 -0.0982529
364 -0.100322 -0.0989417
365 -0.100689 -0.0992399
366 -0.100659 -0.0991465
367 -0.100232 -0.0986619
368 -0.099409 -0.0977878
369 -0.0981937 -0.0965279
370 -0.0965909 -0.094887
371 -0.0946069 -0.0928716
372 -0.0922496 -0.0904896
373 -0.0895282 -0.0877506
374 -0.0864534 -0.0846653
375 -0.0830375 -0.0812458
376 -0.0792938 -0.0775057
377 -0.0752372 -0.0734597
378 -0.0708837 -0.0691237
379 -0.0662504 -0.064515
380 -0.0613557 -0.0596517
381 -0.0562188 -0.054553
382 -0.0508601 -0.0492389
383 -0.0453006 -0.0437306
384 -0.0395624 -0.0380496
385 -0.033668 -0.0322185
386 -0.0276408 -0.0262603
387 -0.0215044 -0.0201984
388 -0.0152832 -0.0140567
389 -0.00900171 -0.00785965
390 -0.00268466 -0.00163155
391 0.00364297 0.004603
392 0.00995623 0.0108194
393 0.0162302 0.0169931
394 0.0224401 0.0230997
395 0.0285615 0.0291151
396 0.0345701 0.0350157
397 0.0404423 0.040778
398 0.0461549 0.0463795
399 0.0516853 0.0517978
400 0.0570118 0.0570118
401 0.0621133 0.0620008
402 0.0669696 0.0667451
403 0.0715616 0.0712259
404 0.0758713 0.0754257
405 0.0798814 0.0793278
406 0.0835764 0.0829168
407 0.0869415 0.0861786
408 0.0899634 0.0891003
409 0.0926304 0.0916703
410 0.0949317 0.0938786
411 0.0968584 0.0957164
412 0.0984029 0.0971764
413 0.099559 0.0982529
414 0.100322 0.0989417
415 0.100689 0.0992399
416 0.100659 0.0991465
417 0.100232 0.0986619
418 0.099409 0.0977878
419 0.0981937 0.0965279
420 0.0965909 0.094887
421 0.0946069 0.0928716
422 0.0922496 0.0904896
423 0.0895282 0.0877506
424 0.0864534 0.0846653
425 0.0830375 0.0812458
426 0.0792938 0.0775057
427 0.0752372 0.0734597
428 0.0708837 0.0691237
429 0.0662504 0.064515
430 0.0613557 0.0596517
431 0.0562188 0.054553
432 0.0508601 0.0492389
433 0.0453006 0.0437306
434 0.0395624 0.0380496
435 0.033668 0.0322185
436 0.0276408 0.0262603
437 0.0215044 0.0201984
438 0.0152832 0.0140567
439 0.00900171 0.00785965
440 0.00268466 0.00163155
441 -0.00364297 -0.004603
442 -0.00995623 -0.0108194
443 -0.0162302 -0.0169931
444 -0.0224401 -0.0230997
445 -0.0285615 -0.0291151
446 -0.0345701 -0.0350157
447 -0.0404423 -0.040778
448 -0.0461549 -0.0463795
449 -0.0516853 -0.0517978
450 -0.0570118 -0.0570118
451 -0.0621133 -0.0620008
452 -0.0669696 -0.0667451
453 -0.0715616 -0.0712259
454 -0.0758713 -0.0754257
455 -0.0798814 -0.0793278
456 -0.0835764 -0.0829168
457 -0.0869415 -0.0861786
458 -0.0899634 -0.0891003
459 -0.0926304 -0.0916703
460 -0.0949317 -0.0938786
461 -0.0968584 -0.0957164
462 -0.0984029 -0.0971764
463 -0.099559 -0.0982529
464 -0.100322 -0.0989417
465 -0.100689 -0.0992399
466 -0.100659 -0.0991465
467 -0.100232 -0.0986619
468 -0.099409 -0.0977878
469 -0.0981937 -0.0965279
470 -0.0965909 -0.094887
471 -0.0946069 -0.0928716
472 -0.0922496 -0.0904896
473 -0.0895282 -0.0877506
474 -0.0864534 -0.0846653
475 -0.0830375 -0.0812458
476 -0.0792938 -0.0775057
477 -0.0752372 -0.0734597
478 -0.0708837 -0.0691237
479 -0.0662504 -0.064515
480 -0.0613557 -0.0596517
481 -0.0562188 -0.054553
482 -0.0508601 -0.0492389
483 -0.0453006 -0.0437306
484 -0.0395624 -0.0380496
485 -0.033668 -0.0322185
486 -0.0276408 -0.0262603
487 -0.0215044 -0.0201984
488 -0.0152832 -0.0140567
489 -0.00900171 -0.00785965
490 -0.00268466 -0.00163155
491 0.00364297 0.004603
492 0.00995623 0.0108194
493 0.0162302 0.0169931
494 0.0224401 0.0230997
495 0.0285615 0.0291151
496 0.0345701 0.0350157
497 0.0404423 0.040778
498 0.0461549 0.0463795
499 0.0516853 0.0517978
500 0.0570118 0.0570118
501 0.0621133 0.0620008
502 0.0669696 0.0667451
503 0.0715616 0.0712259
504 0.0758713 0.0754257
505 0.0798814 0.0793278
506 0.0835764 0.0829168
507 0.0869415 0.0861786
508 0.0899634 0.0891003
509 0.0926304 0.0916703
510 0.0949317 0.0938786
511 0.0968584 0.0957164
512 0.0984029 0.0971764
513 0.099559 0.0982529
514 0.100322 0.0989417
515 0.100689 0.0992399
516 0.100659 0.0991465
517 0.100232 0.0986619
518 0.099409 0.0977878
519 0.0981937 0.0965279
520 0.0965909 0.094887
521 0.0946069 0.0928716
522 0.0922496 0.0904896
523 0.0895282 0.0877506
524 0.0864534 0.0846653
525 0.0830375 0.0812458
526 0.0792938 0.0775057
527 0.0752372 0.0734597
528 0.0708837 0.0691237
529 0.0662504 0.064515
530 0.0613557 0.0596517
531 0.0562188 0.054553
532 0.0508601 0.0492389
533 0.0453006 0.0437306
534 0.0395624 0.0380496
535 0.033668 0.0322185
536 0.0276408 0.0262603
537 0.0215044 0.0201984
538 0.0152832 0.0140567
539 0.00900171 0.00785965
540 0.00268466 0.00163155
541 -0.00364297 -0.004603
542 -0.00995623 -0.0108194
543 -0.0162302 -0.0169931
544 -0.0224401 -0.0230997
545 -0.0285615 -0.0291151
546 -0.0345701 -0.0350157
547 -0.0404423 -0.040778
548 -0.0461549 -0.0463795
549 -0.0516853 -0.0517978
550 -0.0570118 -0.0570118
551 -0.0621133 -0.0620008
552 -0.0669696 -0.0667451
553 -0.0715616 -0.0712259
554 -0.0758713 -0.0754257
555 -0.0798814 -0.0793278
556 -0.0835764 -0.0829168
557 -0.0869415 -0.0861786
558 -0.0899634 -0.0891003
559 -0.0926304 -0.0916703
560 -0.0949317 -0.0938786
561 -0.0968584 -0.0957164
562 -0.0984029 -0.0971764
563 -0.099559 -0.0982529
564 -0.100322 -0.0989417
565 -0.100689 -0.0992399
566 -0.100659 -0.0991465
567 -0.100232 -0.0986619
568 -0.099409 -0.0977878
569 -0.0981937 -0.0965279
570 -0.0965909 -0.094887
571 -0.0946069 -0.0928716
572 -0.0922496 -0.0904896
573 -0.0895282 -0.0877506
574 -0.0864534 -0.0846653
575 -0.0830375 -0.0812458
576 -0.0792938 -0.0775057
577 -0.0752372 -0.0734597
578 -0.0708837 -0.0691237
579 -0.0662504 -0.064515
580 -0.0613557 -0.0596517
581 -0.0562188 -0.054553
582 -0.0508601 -0.0492389
583 -0.0453006 -0.0437306
584 -0.0395624 -0.0380496
585 -0.033668 -0.0322185
586 -0.0276408 -0.0262603
587 -0.0215044 -0.0201984
588 -0.0152832 -0.0140567
589 -0.00900171 -0.00785965
590 -0.00268466 -0.00163155
591 0.00364297 0.004603
592 0.00995623 0.0108194
593 0.0162302 0.0169931
594 0.0224401 0.0230997
595 0.0285615 0.0291151
596 0.0345701 0.0350157
597 0.0404423 0.040778
598 0.0461549 0.0463795
599 0.0516853 0.0517978
600 0.0570118 0.0570118
601 0.0621133 0.0620008
602 0.0669696 0.0667451
603 0.0715616 0.0712259
604 0.0758713 0.0754257
605 0.0798814 0.0793278
606 0.0835764 0.0829168
607 0.0869415 0.0861786
608 0.0899634 0.0891003
609 0.0926304 0.0916703
610 0.0949317 0.0938786
611 0.0968584 0.0957164
612 0.0984029 0.0971764
613 0.099559 0.0982529
614 0.100322 0.0989417
615 0.100689 0.0992399
616 0.100659 0.0991465
617 0.100232 0.0986619
618 0.099409 0.0977878
619 0.0981937 0.0965279
620 0.0965909 0.094887
621 0.0946069 0.0928716
622 0.0922496 0.0904896
623 0.0895282 0.0877506
624 0.0864534 0.0846653
625 0.0830375 0.0812458
626 0.0792938 0.0775057
627 0.0752372 0.0734597
628 0.0708837 0.0691237
629 0.0662504 0.064515
630 0.0613557 0.0596517
631 0.0562188 0.054553
632 0.0508601 0.0492389
633 0.0453006 0.0437306
634 0.0395624 0.0380496
635 0.033668 0.0322185
636 0.0276408 0.0262603
637 0.0215044 0.0201984
638 0.0152832 0.0140567
639 0.00900171 0.00785965
640 0.00268466 0.00163155
641 -0.00364297 -0.004603
642 -0.00995623 -0.0108194
643 -0.0162302 -0.0169931
644 -0.0224401 -0.0230997
645 -0.0285615 -0.0291151
646 -0.0345701 -0.0350157
647 -0.0404423 -0.040778
648 -0.0461549 -0.0463795
649 -0.0516853 -0.0517978
650 -0.0570118 -0.0570118
651 -0.0621133 -0.0620008
652 -0.0669696 -0.0667451
653 -0.0715616 -0.0712259
654 -0.0758713 -0.0754257
655 -0.0798814 -0.0793278
656 -0.0835764 -0.0829168
657 -0.0869415 -0.0861786
658 -0.0899634 -0.0891003
659 -0.0926304 -0.0916703
660 -0.0949317 -0.0938786
661 -0.0968584 -0.0957164
662 -0.0984029 -0.0971764
663 -0.099559 -0.0982529
664 -0.100322 -0.0989417
665 -0.100689 -0.0992399
666 -0.100659 -0.0991465
667 -0.100232 -0.0986619
668 -0.099409 -0.0977878
669 -0.0981937 -0.0965279
670 -0.0965909 -0.094887
671 -0.0946069 -0.0928716
672 -0.0922496 -0.0904896
673 -0.0895282 -0.0877506
674 -0.0864534 -0.0846653
675 -0.0830375 -0.0812458
676 -0.0792938 -0.0775057
677 -0.0752372 -0.0734597
678 -0.0708837 -0.0691237
679 -0.0662504 -0.064515
680 -0.0613557 -0.0596517
681 -0.0562188 -0.054553
682 -0.0508601 -0.0492389
683 -0.0453006 -0.0437306
684 -0.0395624 -0.0380496
685 -0.033668 -0.0322185
686 -0.0276408 -0.0262603
687 -0.0215044 -0.0201984
688 -0.0152832 -0.0140567
689 -0.00900171 -0.00785965
690 -0.00268466 -0.00163155
691 0.00364297 0.004603
692 0.00995623 0.0108194
693 0.0162302 0.0169931
694 0.0224401 0.0230997
695 0.0285615 0.0291151
696 0.0345701 0.0350157
697 0.0404423 0.040778
698 0.0461549 0.0463795
699 0.0516853 0.0517978
700 0.0570118 0.0570118
701 0.0621133 0.0620008
702 0.0669696 0.0667451
703 0.0715616 0.0712259
704 0.0758713 0.0754257
705 0.0798814 0.0793278
706 0.0835764 0.0829168
707 0.0869415 0.0861786
708 0.0899634 0.0891003
709 0.0926304 0.0916703
710 0.0949317 0.0938786
711 0.0968584 0.0957164
712 0.0984029 0.0971764
713 0.099559 0.0982529
714 0.100322 0.0989417
715 0.100689 0.0992399
716 0.100659 0.0991465
717 0.100232 0.0986619
718 0.099409 0.0977878
719 0.0981937 0.0965279
720 0.0965909 0.094887
721 0.0946069 0.0928716
722 0.0922496 0.0904896
723 0.0895282 0.0877506
724 0.0864534 0.0846653
725 0.0830375 0.0812458
726 0.0792938 0.0775057
727 0.0752372 0.0734597
728 0.0708837 0.0691237
729 0.0662504 0.064515
730 0.0613557 0.0596517
731 0.0562188 0.054553
732 0.0508601 0.0492389
733 0.0453006 0.0437306
734 0.0395624 0.0380496
735 0.033668 0.0322185
736 0.0276408 0.0262603
737 0.0215044 0.0201984
738 0.0152832 0.0140567
739 0.00900171 0.00785965
740 0.00268466 0.00163155
741 -0.00364297 -0.004603
742 -0.00995623 -0.0108194
743 -0.0162302 -0.0169931
744 -0.0224401 -0.0230997
745 -0.0285615 -0.0291151
746 -0.0345701 -0.0350157
747 -0.0404423 -0.040778
748 -0.0461549 -0.0463795
749 -0.0516853 -0.0517978
750 -0.0570118 -0.0570118
751 -0.0621133 -0.0620008
752 -0.0669696 -0.0667451
753 -0.0715616 -0.0712259
754 -0.0758713 -0.0754257
755 -0.0798814 -0.0793278
756 -0.0835764 -0.0829168
757 -0.0869415 -0.0861786
758 -0.0899634 -0.0891003
759 -0.0926304 -0.0916703
760 -0.0949317 -0.0938786
761 -0.0968584 -0.0957164
762 -0.0984029 -0.0971764
763 -0.099559 -0.0982529
764 -0.100322 -0.0989417
765 -0.100689 -0.0992399
766 -0.100659 -0.0991465
767 -0.100232 -0.0986619
768 -0.099409 -0.0977878
769 -0.0981937 -0.0965279
770 -0.0965909 -0.094887
771 -0.0946069 -0.0928716
772 -0.0922496 -0.0904896
773 -0.0895282 -0.0877506
774 -0.0864534 -0.0846653
775 -0.0830375 -0.0812458
776 -0.0792938 -0.0775057
777 -0.0752372 -0.0734597
778 -0.0708837 -0.0691237
779 -0.0662504 -0.064515
780 -0.0613557 -0.0596517
781 -0.0562188 -0.054553
782 -0.0508601 -0.0492389
783 -0.0453006 -0.0437306
784 -0.0395624 -0.0380496
785 -0.033668 -0.0322185
786 -0.0276408 -0.0262603
787 -0.0215044 -0.0201984
788 -0.0152832 -0.0140567
789 -0.00900171 -0.00785965
790 -0.00268466 -0.00163155
791 0.00364297 0.004603
792 0.00995623 0.0108194
793 0.0162302 0.0169931
794 0.0224401 0.0230997
795 0.0285615 0.0291151
796 0.0345701 0.0350157
797 0.0404423 0.040778
798 0.0461549 0.0463795
799 0.0516853 0.0517978
800 0.0570118 0.0570118
801 0.0621133 0.0620008
802 0.0669696 0.0667451
803 0.0715616 0.0712259
804 0.0758713 0.0754257
805 0.0798814 0.0793278
806 0.0835764 0.0829168
807 0.0869415 0.0861786
808 0.0899634 0.0891003
809 0.0926304 0.0916703
810 0.0949317 0.0938786
811 0.0968584 0.0957164
812 0.0984029 0.0971764
813 0.099559 0.0982529
814 0.100322 0.0989417
815 0.100689 0.0992399
816 0.100659 0.0991465
817 0.100232 0.0986619
818 0.099409 0.0977878
819 0.0981937 0.0965279
820 0.0965909 0.094887
821 0.0946069 0.0928716
822 0.0922496 0.0904896
823 0.0895282 0.0877506
824 0.0864534 0.0846653
825 0.0830375 0.0812458
826 0.0792938 0.0775057
827 0.0752372 0.0734597
828 0.0708837 0.0691237
829 0.0662504 0.064515
830 0.0613557 0.0596517
831 0.0562188 0.054553
832 0.0508601 0.0492389
833 0.0453006 0.0437306
834 0.0395624 0.0380496
835 0.033668 0.0322185
836 0.0276408 0.0262603
837 0.0215044 0.0201984
838 0.0152832 0.0140567
839 0.00900171 0.00785965
840 0.00268466 0.00163155
841 -0.00364297 -0.004603
842 -0.00995623 -0.0108194
843 -0.0162302 -0.0169931
844 -0.0224401 -0.0230997
845 -0.0285615 -0.0291151
846 -0.0345701 -0.0350157
847 -0.0404423 -0.040778
848 -0.0461549 -0.0463795
849 -0.0516853 -0.0517978
850 -0.0570118 -0.0570118
851 -0.0621133 -0.0620008
852 -0.0669696 -0.0667451
853 -0.0715616 -0.0712259
854 -0.0758713 -0.0754257
855 -0.0798814 -0.0793278
856 -0.0835764 -0.0829168
857 -0.0869415 -0.0861786
858 -0.0899634 -0.0891003
859 -0.0926304 -0.0916703
860 -0.0949317 -0.0938786
861 -0.0968584 -0.0957164
862 -0.0984029 -0.0971764
863 -0.099559 -0.0982529
864 -0.100322 -0.0989417
865 -0.100689 -0.0992399
866 -0.100659 -0.0991465
867 -0.100232 -0.0986619
868 -0.099409 -0.0977878
869 -0.0981937 -0.0965279
870 -0.0965909 -0.094887
871 -0.0946069 -0.0928716
872 -0.0922496 -0.0904896
873 -0.0895282 -0.0877506
874 -0.0864534 -0.0846653
875 -0.0830375 -0.0812458
876 -0.0792938 -0.0775057
877 -0.0752372 -0.0734597
878 -0.0708837 -0.0691237
879 -0.0662504 -0.064515
880 -0.0613557 -0.0596517
881 -0.0562188 -0.054553
882 -0.0508601 -0.0492389
883 -0.0453006 -0.0437306
884 -0.0395624 -0.0380496
885 -0.033668 -0.0322185
886 -0.0276408 -0.0262603
887 -0.0215044 -0.0201984
888 -0.0152832 -0.0140567
889 -0.00900171 -0.00785965
890 -0.00268466 -0.00163155
891 0.00364297 0.004603
892 0.00995623 0.0108194
893 0.0162302 0.0169931
894 0.0224401 0.0230997
895 0.0285615 0.0291151
896 0.0345701 0.0350157
897 0.0404423 0.040778
898 0.0461549 0.0463795
899 0.0516853 0.0517978
900 0.0570118 0.0570118
901 0.0621133 0.0620008
902 0.0669696 0.0667451
903 0.0715616 0.0712259
904 0.0758713 0.0754257
905 0.0798814 0.0793278
906 0.0835764 0.0829168
907 0.0869415 0.0861786
908 0.0899634 0.0891003
909 0.0926304 0.0916703
910 0.0949317 0.0938786
911 0.0968584 0.0957164
912 0.0984029 0.0971764
913 0.099559 0.0982529
914 0.100322 0.0989417
915 0.100689 0.0992399
916 0.100659 0.0991465
917 0.100232 0.0986619
918 0.099409 0.0977878
919 0.0981937 0.0965279
920 0.0965909 0.094887
921 0.0946069 0.0928716
922 0.0922496 0.0904896
923 0.0895282 0.0877506
924 0.0864534 0.0846653
925 0.0830375 0.0812458
926 0.0792938 0.0775057
927 0.0752372 0.0734597
928 0.0708837 0.0691237
929 0.0662504 0.064515
930 0.0613557 0.0596517
931 0.0562188 0.054553
932 0.0508601 0.0492389
933 0.0453006 0.0437306
934 0.0395624 0.0380496
935 0.033668 0.0322185
936 0.0276408 0.0262603
937 0.0215044 0.0201984
938 0.0152832 0.0140567
939 0.00900171 0.00785965
940 0.00268466 0.00163155
941 -0.00364297 -0.004603
942 -0.00995623 -0.0108194
943 -0.0162302 -0.0169931
944 -0.0224401 -0.0230997
945 -0.0285615 -0.0291151
946 -0.0345701 -0.0350157
947 -0.0404423 -0.040778
948 -0.0461549 -0.0463795
949 -0.0516853 -0.0517978
950 -0.0570118 -0.0570118
951 -0.0621133 -0.0620008
952 -0.0669696 -0.0667451
953 -0.0715616 -0.0712259
954 -0.0758713 -0.0754257
955 -0.0798814 -0.0793278
956 -0.0835764 -0.0829168
957 -0.0869415 -0.0861786
958 -0.0899634 -0.0891003
959 -0.0926304 -0.0916703
960 -0.0949317 -0.0938786
961 -0.0968584 -0.0957164
962 -0.0984029 -0.0971764
963 -0.099559 -0.0982529
964 -0.100322 -0.0989417
965 -0.100689 -0.0992399
966 -0.100659 -0.0991465
967 -0.100232 -0.0986619
968 -0.099409 -0.0977878
969 -0.0981937 -0.0965279
970 -0.0965909 -0.094887
971 -0.0946069 -0.0928716
972 -0.0922496 -0.0904896
973 -0.0895282 -0.0877506
974 -0.0864534 -0.0846653
975 -0.0830375 -0.0812458
976 -0.0792938 -0.0775057
977 -0.0752372 -0.0734597
978 -0.0708837 -0.0691237
979 -0.0662504 -0.064515
980 -0.0613557 -0.0596517
981 -0.0562188 -0.054553
982 -0.0508601 -0.0492389
983 -0.0453006 -0.0437306
984 -0.0395624 -0.0380496
985 -0.033668 -0.0322185
986 -0.0276408 -0.0262603
987 -0.0215044 -0.0201984
988 -0.0152832 -0.0140567
989 -0.00900171 -0.00785965
990 -0.00268466 -0.00163155
991 0.00364297 0.004603
992 0.00995623 0.0108194
993 0.0162302 0.0169931
994 0.0224401 0.0230997
995 0.0285615 0.0291151
996 0.0345701 0.0350157
997 0.0404423 0.040778
998 0.0461549 0.0463795
999 0.0516853 0.0517978
