0 -0.0894843 -0.0894843
1 -0.0865973 -0.0864207
2 -0.0833686 -0.0830161
3 -0.0798108 -0.0792839
4 -0.0759381 -0.0752388
5 -0.0717657 -0.0708967
6 -0.0673101 -0.0662748
7 -0.0625888 -0.0613914
8 -0.0576205 -0.0562657
9 -0.0524248 -0.050918
10 -0.0470222 -0.0453693
11 -0.0414341 -0.0396415
12 -0.0356824 -0.0337573
13 -0.0297899 -0.0277399
14 -0.0237798 -0.021613
15 -0.0176759 -0.0154008
16 -0.0115022 -0.00912779
17 -0.0052831 -0.00281879
18 0.000956827 0.00350134
19 0.00719298 0.00980765
20 0.0134007 0.0160753
21 0.0195556 0.0222794
22 0.0256333 0.0283957
23 0.0316098 0.0343998
24 0.0374616 0.0402682
25 0.0431656 0.0459777
26 0.0486992 0.0515058
27 0.0540406 0.0568305
28 0.0591687 0.061931
29 0.0640633 0.0667871
30 0.0687051 0.0713796
31 0.0730757 0.0756904
32 0.0771579 0.0797024
33 0.0809357 0.0834
34 0.084394 0.0867684
35 0.0875192 0.0897943
36 0.0902991 0.0924659
37 0.0927226 0.0947725
38 0.0947801 0.0967052
39 0.0964636 0.0982561
40 0.0977664 0.0994193
41 0.0986833 0.10019
42 0.0992108 0.100566
43 0.0993468 0.100544
44 0.0990907 0.100126
45 0.0984435 0.0993125
46 0.0974078 0.0981072
47 0.0959877 0.0965146
48 0.0941888 0.0945412
49 0.0920181 0.0921947
50 0.0894843 0.0894843
51 0.0865973 0.0864207
52 0.0833686 0.0830161
53 0.0798108 0.0792839
54 0.0759381 0.0752388
55 0.0717657 0.0708967
56 0.0673101 0.0662748
57 0.0625888 0.0613914
58 0.0576205 0.0562657
59 0.0524248 0.050918
60 0.0470222 0.0453693
61 0.0414341 0.0396415
62 0.0356824 0.0337573
63 0.0297899 0.0277399
64 0.0237798 0.021613
65 0.0176759 0.0154008
66 0.0115022 0.00912779
67 0.0052831 0.00281879
68 -0.000956827 -0.00350134
69 -0.00719298 -0.00980765
70 -0.0134007 -0.0160753
71 -0.0195556 -0.0222794
72 -0.0256333 -0.0283957
73 -0.0316098 -0.0343998
74 -0.0374616 -0.0402682
75 -0.0431656 -0.0459777
76 -0.0486992 -0.0515058
77 -0.0540406 -0.0568305
78 -0.0591687 -0.061931
79 -0.0640633 -0.0667871
80 -0.0687051 -0.0713796
81 -0.0730757 -0.0756904
82 -0.0771579 -0.0797024
83 -0.0809357 -0.0834
84 -0.084394 -0.0867684
85 -0.0875192 -0.0897943
86 -0.0902991 -0.0924659
87 -0.0927226 -0.0947725
88 -0.0947801 -0.0967052
89 -0.0964636 -0.0982561
90 -0.0977664 -0.0994193
91 -0.0986833 -0.10019
92 -0.0992108 -0.100566
93 -0.0993468 -0.100544
94 -0.0990907 -0.100126
95 -0.0984435 -0.0993125
96 -0.0974078 -0.0981072
97 -0.0959877 -0.0965146
98 -0.0941888 -0.0945412
99 -0.0920181 -0.0921947
100 -0.0894843 -0.0894843
101 -0.0865973 -0.0864207
102 -0.0833686 -0.0830161
103 -0.0798108 -0.0792839
104 -0.0759381 -0.0752388
105 -0.0717657 -0.0708967
106 -0.0673101 -0.0662748
107 -0.0625888 -0.0613914
108 -0.0576205 -0.0562657
109 -0.0524248 -0.050918
110 -0.0470222 -0.0453693
111 -0.0414341 -0.0396415
112 -0.0356824 -0.0337573
113 -0.0297899 -0.0277399
114 -0.0237798 -0.021613
115 -0.0176759 -0.0154008
116 -0.0115022 -0.00912779
117 -0.0052831 -0.00281879
118 0.000956827 0.00350134
119 0.00719298 0.00980765
120 0.0134007 0.0160753
121 0.0195556 0.0222794
122 0.0256333 0.0283957
123 0.0316098 0.0343998
124 0.0374616 0.0402682
125 0.0431656 0.0459777
126 0.0486992 0.0515058
127 0.0540406 0.0568305
128 0.0591687 0.061931
129 0.0640633 0.0667871
130 0.0687051 0.0713796
131 0.0730757 0.0756904
132 0.0771579 0.0797024
133 0.0809357 0.0834
134 0.084394 0.0867684
135 0.0875192 0.0897943
136 0.0902991 0.0924659
137 0.0927226 0.0947725
138 0.0947801 0.0967052
139 0.0964636 0.0982561
140 0.0977664 0.0994193
141 0.0986833 0.10019
142 0.0992108 0.100566
143 0.0993468 0.100544
144 0.0990907 0.100126
145 0.0984435 0.0993125
146 0.0974078 0.0981072
147 0.0959877 0.0965146
148 0.0941888 0.0945412
149 0.0920181 0.0921947
150 0.0894843 0.0894843
151 0.0865973 0.0864207
152 0.0833686 0.0830161
153 0.0798108 0.0792839
154 0.0759381 0.0752388
155 0.0717657 0.0708967
156 0.0673101 0.0662748
157 0.0625888 0.0613914
158 0.0576205 0.0562657
159 0.0524248 0.050918
160 0.0470222 0.0453693
161 0.0414341 0.0396415
162 0.0356824 0.0337573
163 0.0297899 0.0277399
164 0.0237798 0.021613
165 0.0176759 0.0154008
166 0.0115022 0.00912779
167 0.0052831 0.00281879
168 -0.000956827 -0.00350134
169 -0.00719298 -0.00980765
170 -0.0134007 -0.0160753
171 -0.0195556 -0.0222794
172 -0.0256333 -0.0283957
173 -0.0316098 -0.0343998
174 -0.0374616 -0.0402682
175 -0.0431656 -0.0459777
176 -0.0486992 -0.0515058
177 -0.0540406 -0.0568305
178 -0.0591687 -0.061931
179 -0.0640633 -0.0667871
180 -0.0687051 -0.0713796
181 -0.0730757 -0.0756904
182 -0.0771579 -0.0797024
183 -0.0809357 -0.0834
184 -0.084394 -0.0867684
185 -0.0875192 -0.0897943
186 -0.0902991 -0.0924659
187 -0.0927226 -0.0947725
188 -0.0947801 -0.0967052
189 -0.0964636 -0.0982561
190 -0.0977664 -0.0994193
191 -0.0986833 -0.10019
192 -0.0992108 -0.100566
193 -0.0993468 -0.100544
194 -0.0990907 -0.100126
195 -0.0984435 -0.0993125
196 -0.0974078 -0.0981072
197 -0.0959877 -0.0965146
198 -0.0941888 -0.0945412
199 -0.0920181 -0.0921947
200 -0.0894843 -0.0894843
201 -0.0865973 -0.0864207
202 -0.0833686 -0.0830161
203 -0.0798108 -0.0792839
204 -0.0759381 -0.0752388
205 -0.0717657 -0.0708967
206 -0.0673101 -0.0662748
207 -0.0625888 -0.0613914
208 -0.0576205 -0.0562657
209 -0.0524248 -0.050918
210 -0.0470222 -0.0453693
211 -0.0414341 -0.0396415
212 -0.0356824 -0.0337573
213 -0.0297899 -0.0277399
214 -0.0237798 -0.021613
215 -0.0176759 -0.0154008
216 -0.0115022 -0.00912779
217 -0.0052831 -0.00281879
218 0.000956827 0.00350134
219 0.00719298 0.00980765
220 0.0134007 0.0160753
221 0.0195556 0.0222794
222 0.0256333 0.0283957
223 0.0316098 0.0343998
224 0.0374616 0.0402682
225 0.0431656 0.0459777
226 0.0486992 0.0515058
227 0.0540406 0.0568305
228 0.0591687 0.061931
229 0.0640633 0.0667871
230 0.0687051 0.0713796
231 0.0730757 0.0756904
232 0.0771579 0.0797024
233 0.0809357 0.0834
234 0.084394 0.0867684
235 0.0875192 0.0897943
236 0.0902991 0.0924659
237 0.0927226 0.0947725
238 0.0947801 0.0967052
239 0.0964636 0.0982561
240 0.0977664 0.0994193
241 0.0986833 0.10019
242 0.0992108 0.100566
243 0.0993468 0.100544
244 0.0990907 0.100126
245 0.0984435 0.0993125
246 0.0974078 0.0981072
247 0.0959877 0.0965146
248 0.0941888 0.0945412
249 0.0920181 0.0921947
250 0.0894843 0.0894843
251 0.0865973 0.0864207
252 0.0833686 0.0830161
253 0.0798108 0.0792839
254 0.0759381 0.0752388
255 0.0717657 0.0708967
256 0.0673101 0.0662748
257 0.0625888 0.0613914
258 0.0576205 0.0562657
259 0.0524248 0.050918
260 0.0470222 0.0453693
261 0.0414341 0.0396415
262 0.0356824 0.0337573
263 0.0297899 0.0277399
264 0.0237798 0.021613
265 0.0176759 0.0154008
266 0.0115022 0.00912779
267 0.0052831 0.00281879
268 -0.000956827 -0.00350134
269 -0.00719298 -0.00980765
270 -0.0134007 -0.0160753
271 -0.0195556 -0.0222794
272 -0.0256333 -0.0283957
273 -0.0316098 -0.0343998
274 -0.0374616 -0.0402682
275 -0.0431656 -0.0459777
276 -0.0486992 -0.0515058
277 -0.0540406 -0.0568305
278 -0.0591687 -0.061931
279 -0.0640633 -0.0667871
280 -0.0687051 -0.0713796
281 -0.0730757 -0.0756904
282 -0.0771579 -0.0797024
283 -0.0809357 -0.0834
284 -0.084394 -0.0867684
285 -0.0875192 -0.0897943
286 -0.0902991 -0.0924659
287 -0.0927226 -0.0947725
288 -0.0947801 -0.0967052
289 -0.0964636 -0.0982561
290 -0.0977664 -0.0994193
291 -0.0986833 -0.10019
292 -0.0992108 -0.100566
293 -0.0993468 -0.100544
294 -0.0990907 -0.100126
295 -0.0984435 -0.0993125
296 -0.0974078 -0.0981072
297 -0.0959877 -0.0965146
298 -0.0941888 -0.0945412
299 -0.0920181 -0.0921947
300 -0.0894843 -0.0894843
301 -0.0865973 -0.0864207
302 -0.0833686 -0.0830161
303 -0.0798108 -0.0792839
304 -0.0759381 -0.0752388
305 -0.0717657 -0.0708967
306 -0.0673101 -0.0662748
307 -0.0625888 -0.0613914
308 -0.0576205 -0.0562657
309 -0.0524248 -0.050918
310 -0.0470222 -0.0453693
311 -0.0414341 -0.0396415
312 -0.0356824 -0.0337573
313 -0.0297899 -0.0277399
314 -0.0237798 -0.021613
315 -0.0176759 -0.0154008
316 -0.0115022 -0.00912779
317 -0.0052831 -0.00281879
318 0.000956827 0.00350134
319 0.00719298 0.00980765
320 0.0134007 0.0160753
321 0.0195556 0.0222794
322 0.0256333 0.0283957
323 0.0316098 0.0343998
324 0.0374616 0.0402682
325 0.0431656 0.0459777
326 0.0486992 0.0515058
327 0.0540406 0.0568305
328 0.0591687 0.061931
329 0.0640633 0.0667871
330 0.0687051 0.0713796
331 0.0730757 0.0756904
332 0.0771579 0.0797024
333 0.0809357 0.0834
334 0.084394 0.0867684
335 0.0875192 0.0897943
336 0.0902991 0.0924659
337 0.0927226 0.0947725
338 0.0947801 0.0967052
339 0.0964636 0.0982561
340 0.0977664 0.0994193
341 0.0986833 0.10019
342 0.0992108 0.100566
343 0.0993468 0.100544
344 0.0990907 0.100126
345 0.0984435 0.0993125
346 0.0974078 0.0981072
347 0.0959877 0.0965146
348 0.0941888 0.0945412
349 0.0920181 0.0921947
350 0.0894843 0.0894843
351 0.0865973 0.0864207
352 0.0833686 0.0830161
353 0.0798108 0.0792839
354 0.0759381 0.0752388
355 0.0717657 0.0708967
356 0.0673101 0.0662748
357 0.0625888 0.0613914
358 0.0576205 0.0562657
359 0.0524248 0.050918
360 0.0470222 0.0453693
361 0.0414341 0.0396415
362 0.0356824 0.0337573
363 0.0297899 0.0277399
364 0.0237798 0.021613
365 0.0176759 0.0154008
366 0.0115022 0.00912779
367 0.0052831 0.00281879
368 -0.000956827 -0.00350134
369 -0.00719298 -0.00980765
370 -0.0134007 -0.0160753
371 -0.0195556 -0.0222794
372 -0.0256333 -0.0283957
373 -0.0316098 -0.0343998
374 -0.0374616 -0.0402682
375 -0.0431656 -0.0459777
376 -0.0486992 -0.0515058
377 -0.0540406 -0.0568305
378 -0.0591687 -0.061931
379 -0.0640633 -0.0667871
380 -0.0687051 -0.0713796
381 -0.0730757 -0.0756904
382 -0.0771579 -0.0797024
383 -0.0809357 -0.0834
384 -0.084394 -0.0867684
385 -0.0875192 -0.0897943
386 -0.0902991 -0.0924659
387 -0.0927226 -0.0947725
388 -0.0947801 -0.0967052
389 -0.0964636 -0.0982561
390 -0.0977664 -0.0994193
391 -0.0986833 -0.10019
392 -0.0992108 -0.100566
393 -0.0993468 -0.100544
394 -0.0990907 -0.100126
395 -0.0984435 -0.0993125
396 -0.0974078 -0.0981072
397 -0.0959877 -0.0965146
398 -0.0941888 -0.0945412
399 -0.0920181 -0.0921947
400 -0.0894843 -0.0894843
401 -0.0865973 -0.0864207
402 -0.0833686 -0.0830161
403 -0.0798108 -0.0792839
404 -0.0759381 -0.0752388
405 -0.0717657 -0.0708967
406 -0.0673101 -0.0662748
407 -0.0625888 -0.0613914
408 -0.0576205 -0.0562657
409 -0.0524248 -0.050918
410 -0.0470222 -0.0453693
411 -0.0414341 -0.0396415
412 -0.0356824 -0.0337573
413 -0.0297899 -0.0277399
414 -0.0237798 -0.021613
415 -0.0176759 -0.0154008
416 -0.0115022 -0.00912779
417 -0.0052831 -0.00281879
418 0.000956827 0.00350134
419 0.00719298 0.00980765
420 0.0134007 0.0160753
421 0.0195556 0.0222794
422 0.0256333 0.0283957
423 0.0316098 0.0343998
424 0.0374616 0.0402682
425 0.0431656 0.0459777
426 0.0486992 0.0515058
427 0.0540406 0.0568305
428 0.0591687 0.061931
429 0.0640633 0.0667871
430 0.0687051 0.0713796
431 0.0730757 0.0756904
432 0.0771579 0.0797024
433 0.0809357 0.0834
434 0.084394 0.0867684
435 0.0875192 0.0897943
436 0.0902991 0.0924659
437 0.0927226 0.0947725
438 0.0947801 0.0967052
439 0.0964636 0.0982561
440 0.0977664 0.0994193
441 0.0986833 0.10019
442 0.0992108 0.100566
443 0.0993468 0.100544
444 0.0990907 0.100126
445 0.0984435 0.0993125
446 0.0974078 0.0981072
447 0.0959877 0.0965146
448 0.0941888 0.0945412
449 0.0920181 0.0921947
450 0.0894843 0.0894843
451 0.0865973 0.0864207
452 0.0833686 0.0830161
453 0.0798108 0.0792839
454 0.0759381 0.0752388
455 0.0717657 0.0708967
456 0.0673101 0.0662748
457 0.0625888 0.0613914
458 0.0576205 0.0562657
459 0.0524248 0.050918
460 0.0470222 0.0453693
461 0.0414341 0.0396415
462 0.0356824 0.0337573
463 0.0297899 0.0277399
464 0.0237798 0.021613
465 0.0176759 0.0154008
466 0.0115022 0.00912779
467 0.0052831 0.00281879
468 -0.000956827 -0.00350134
469 -0.00719298 -0.00980765
470 -0.0134007 -0.0160753
471 -0.0195556 -0.0222794
472 -0.0256333 -0.0283957
473 -0.0316098 -0.0343998
474 -0.0374616 -0.0402682
475 -0.0431656 -0.0459777
476 -0.0486992 -0.0515058
477 -0.0540406 -0.0568305
478 -0.0591687 -0.061931
479 -0.0640633 -0.0667871
480 -0.0687051 -0.0713796
481 -0.0730757 -0.0756904
482 -0.0771579 -0.0797024
483 -0.0809357 -0.0834
484 -0.084394 -0.0867684
485 -0.0875192 -0.0897943
486 -0.0902991 -0.0924659
487 -0.0927226 -0.0947725
488 -0.0947801 -0.0967052
489 -0.0964636 -0.0982561
490 -0.0977664 -0.0994193
491 -0.0986833 -0.10019
492 -0.0992108 -0.100566
493 -0.0993468 -0.100544
494 -0.0990907 -0.100126
495 -0.0984435 -0.0993125
496 -0.0974078 -0.0981072
497 -0.0959877 -0.0965146
498 -0.0941888 -0.0945412
499 -0.0920181 -0.0921947
500 -0.0894843 -0.0894843
501 -0.0865973 -0.0864207
502 -0.0833686 -0.0830161
503 -0.0798108 -0.0792839
504 -0.0759381 -0.0752388
505 -0.0717657 -0.0708967
506 -0.0673101 -0.0662748
507 -0.0625888 -0.0613914
508 -0.0576205 -0.0562657
509 -0.0524248 -0.050918
510 -0.0470222 -0.0453693
511 -0.0414341 -0.0396415
512 -0.0356824 -0.0337573
513 -0.0297899 -0.0277399
514 -0.0237798 -0.021613
515 -0.0176759 -0.0154008
516 -0.0115022 -0.00912779
517 -0.0052831 -0.00281879
518 0.000956827 0.00350134
519 0.00719298 0.00980765
520 0.0134007 0.0160753
521 0.0195556 0.0222794
522 0.0256333 0.0283957
523 0.0316098 0.0343998
524 0.0374616 0.0402682
525 0.0431656 0.0459777
526 0.0486992 0.0515058
527 0.0540406 0.0568305
528 0.0591687 0.061931
529 0.0640633 0.0667871
530 0.0687051 0.0713796
531 0.0730757 0.0756904
532 0.0771579 0.0797024
533 0.0809357 0.0834
534 0.084394 0.0867684
535 0.0875192 0.0897943
536 0.0902991 0.0924659
537 0.0927226 0.0947725
538 0.0947801 0.0967052
539 0.0964636 0.0982561
540 0.0977664 0.0994193
541 0.0986833 0.10019
542 0.0992108 0.100566
543 0.0993468 0.100544
544 0.0990907 0.100126
545 0.0984435 0.0993125
546 0.0974078 0.0981072
547 0.0959877 0.0965146
548 0.0941888 0.0945412
549 0.0920181 0.0921947
550 0.0894843 0.0894843
551 0.0865973 0.0864207
552 0.0833686 0.0830161
553 0.0798108 0.0792839
554 0.0759381 0.0752388
555 0.0717657 0.0708967
556 0.0673101 0.0662748
557 0.0625888 0.0613914
558 0.0576205 0.0562657
559 0.0524248 0.050918
560 0.0470222 0.0453693
561 0.0414341 0.0396415
562 0.0356824 0.0337573
563 0.0297899 0.0277399
564 0.0237798 0.021613
565 0.0176759 0.0154008
566 0.0115022 0.00912779
567 0.0052831 0.00281879
568 -0.000956827 -0.00350134
569 -0.00719298 -0.00980765
570 -0.0134007 -0.0160753
571 -0.0195556 -0.0222794
572 -0.0256333 -0.0283957
573 -0.0316098 -0.0343998
574 -0.0374616 -0.0402682
575 -0.0431656 -0.0459777
576 -0.0486992 -0.0515058
577 -0.0540406 -0.0568305
578 -0.0591687 -0.061931
579 -0.0640633 -0.0667871
580 -0.0687051 -0.0713796
581 -0.0730757 -0.0756904
582 -0.0771579 -0.0797024
583 -0.0809357 -0.0834
584 -0.084394 -0.0867684
585 -0.0875192 -0.0897943
586 -0.0902991 -0.0924659
587 -0.0927226 -0.0947725
588 -0.0947801 -0.0967052
589 -0.0964636 -0.0982561
590 -0.0977664 -0.0994193
591 -0.0986833 -0.10019
592 -0.0992108 -0.100566
593 -0.0993468 -0.100544
594 -0.0990907 -0.100126
595 -0.0984435 -0.0993125
596 -0.0974078 -0.0981072
597 -0.0959877 -0.0965146
598 -0.0941888 -0.0945412
599 -0.0920181 -0.0921947
600 -0.0894843 -0.0894843
601 -0.0865973 -0.0864207
602 -0.0833686 -0.0830161
603 -0.0798108 -0.0792839
604 -0.0759381 -0.0752388
605 -0.0717657 -0.0708967
606 -0.0673101 -0.0662748
607 -0.0625888 -0.0613914
608 -0.0576205 -0.0562657
609 -0.0524248 -0.050918
610 -0.0470222 -0.0453693
611 -0.0414341 -0.0396415
612 -0.0356824 -0.0337573
613 -0.0297899 -0.0277399
614 -0.0237798 -0.021613
615 -0.0176759 -0.0154008
616 -0.0115022 -0.00912779
617 -0.0052831 -0.00281879
618 0.000956827 0.00350134
619 0.00719298 0.00980765
620 0.0134007 0.0160753
621 0.0195556 0.0222794
622 0.0256333 0.0283957
623 0.0316098 0.0343998
624 0.0374616 0.0402682
625 0.0431656 0.0459777
626 0.0486992 0.0515058
627 0.0540406 0.0568305
628 0.0591687 0.061931
629 0.0640633 0.0667871
630 0.0687051 0.0713796
631 0.0730757 0.0756904
632 0.0771579 0.0797024
633 0.0809357 0.0834
634 0.084394 0.0867684
635 0.0875192 0.0897943
636 0.0902991 0.0924659
637 0.0927226 0.0947725
638 0.0947801 0.0967052
639 0.0964636 0.0982561
640 0.0977664 0.0994193
641 0.0986833 0.10019
642 0.0992108 0.100566
643 0.0993468 0.100544
644 0.0990907 0.100126
645 0.0984435 0.0993125
646 0.0974078 0.0981072
647 0.0959877 0.0965146
648 0.0941888 0.0945412
649 0.0920181 0.0921947
650 0.0894843 0.0894843
651 0.0865973 0.0864207
652 0.0833686 0.0830161
653 0.0798108 0.0792839
654 0.0759381 0.0752388
655 0.0717657 0.0708967
656 0.0673101 0.0662748
657 0.0625888 0.0613914
658 0.0576205 0.0562657
659 0.0524248 0.050918
660 0.0470222 0.0453693
661 0.0414341 0.0396415
662 0.0356824 0.0337573
663 0.0297899 0.0277399
664 0.0237798 0.021613
665 0.0176759 0.0154008
666 0.0115022 0.00912779
667 0.0052831 0.00281879
668 -0.000956827 -0.00350134
669 -0.00719298 -0.00980765
670 -0.0134007 -0.0160753
671 -0.0195556 -0.0222794
672 -0.0256333 -0.0283957
673 -0.0316098 -0.0343998
674 -0.0374616 -0.0402682
675 -0.0431656 -0.0459777
676 -0.0486992 -0.0515058
677 -0.0540406 -0.0568305
678 -0.0591687 -0.061931
679 -0.0640633 -0.0667871
680 -0.0687051 -0.0713796
681 -0.0730757 -0.0756904
682 -0.0771579 -0.0797024
683 -0.0809357 -0.0834
684 -0.084394 -0.0867684
685 -0.0875192 -0.0897943
686 -0.0902991 -0.0924659
687 -0.0927226 -0.0947725
688 -0.0947801 -0.0967052
689 -0.0964636 -0.0982561
690 -0.0977664 -0.0994193
691 -0.0986833 -0.10019
692 -0.0992108 -0.100566
693 -0.0993468 -0.100544
694 -0.0990907 -0.100126
695 -0.0984435 -0.0993125
696 -0.0974078 -0.0981072
697 -0.0959877 -0.0965146
698 -0.0941888 -0.0945412
699 -0.0920181 -0.0921947
700 -0.0894843 -0.0894843
701 -0.0865973 -0.0864207
702 -0.0833686 -0.0830161
703 -0.0798108 -0.0792839
704 -0.0759381 -0.0752388
705 -0.0717657 -0.0708967
706 -0.0673101 -0.0662748
707 -0.0625888 -0.0613914
708 -0.0576205 -0.0562657
709 -0.0524248 -0.050918
710 -0.0470222 -0.0453693
711 -0.0414341 -0.0396415
712 -0.0356824 -0.0337573
713 -0.0297899 -0.0277399
714 -0.0237798 -0.021613
715 -0.0176759 -0.0154008
716 -0.0115022 -0.00912779
717 -0.0052831 -0.00281879
718 0.000956827 0.00350134
719 0.00719298 0.00980765
720 0.0134007 0.0160753
721 0.0195556 0.0222794
722 0.0256333 0.0283957
723 0.0316098 0.0343998
724 0.0374616 0.0402682
725 0.0431656 0.0459777
726 0.0486992 0.0515058
727 0.0540406 0.0568305
728 0.0591687 0.061931
729 0.0640633 0.0667871
730 0.0687051 0.0713796
731 0.0730757 0.0756904
732 0.0771579 0.0797024
733 0.0809357 0.0834
734 0.084394 0.0867684
735 0.0875192 0.0897943
736 0.0902991 0.0924659
737 0.0927226 0.0947725
738 0.0947801 0.0967052
739 0.0964636 0.0982561
740 0.0977664 0.0994193
741 0.0986833 0.10019
742 0.0992108 0.100566
743 0.0993468 0.100544
744 0.0990907 0.100126
745 0.0984435 0.0993125
746 0.0974078 0.0981072
747 0.0959877 0.0965146
748 0.0941888 0.0945412
749 0.0920181 0.0921947
750 0.0894843 0.0894843
751 0.0865973 0.0864207
752 0.0833686 0.0830161
753 0.0798108 0.0792839
754 0.0759381 0.0752388
755 0.0717657 0.0708967
756 0.0673101 0.0662748
757 0.0625888 0.0613914
758 0.0576205 0.0562657
759 0.0524248 0.050918
760 0.0470222 0.0453693
761 0.0414341 0.0396415
762 0.0356824 0.0337573
763 0.0297899 0.0277399
764 0.0237798 0.021613
765 0.0176759 0.0154008
766 0.0115022 0.00912779
767 0.0052831 0.00281879
768 -0.000956827 -0.00350134
769 -0.00719298 -0.00980765
770 -0.0134007 -0.0160753
771 -0.0195556 -0.0222794
772 -0.0256333 -0.0283957
773 -0.0316098 -0.0343998
774 -0.0374616 -0.0402682
775 -0.0431656 -0.0459777
776 -0.0486992 -0.0515058
777 -0.0540406 -0.0568305
778 -0.0591687 -0.061931
779 -0.0640633 -0.0667871
780 -0.0687051 -0.0713796
781 -0.0730757 -0.0756904
782 -0.0771579 -0.0797024
783 -0.0809357 -0.0834
784 -0.084394 -0.0867684
785 -0.0875192 -0.0897943
786 -0.0902991 -0.0924659
787 -0.0927226 -0.0947725
788 -0.0947801 -0.0967052
789 -0.0964636 -0.0982561
790 -0.0977664 -0.0994193
791 -0.0986833 -0.10019
792 -0.0992108 -0.100566
793 -0.0993468 -0.100544
794 -0.0990907 -0.100126
795 -0.0984435 -0.0993125
796 -0.0974078 -0.0981072
797 -0.0959877 -0.0965146
798 -0.0941888 -0.0945412
799 -0.0920181 -0.0921947
800 -0.0894843 -0.0894843
801 -0.0865973 -0.0864207
802 -0.0833686 -0.0830161
803 -0.0798108 -0.0792839
804 -0.0759381 -0.0752388
805 -0.0717657 -0.0708967
806 -0.0673101 -0.0662748
807 -0.0625888 -0.0613914
808 -0.0576205 -0.0562657
809 -0.0524248 -0.050918
810 -0.0470222 -0.0453693
811 -0.0414341 -0.0396415
812 -0.0356824 -0.0337573
813 -0.0297899 -0.0277399
814 -0.0237798 -0.021613
815 -0.0176759 -0.0154008
816 -0.0115022 -0.00912779
817 -0.0052831 -0.00281879
818 0.000956827 0.00350134
819 0.00719298 0.00980765
820 0.0134007 0.0160753
821 0.0195556 0.0222794
822 0.0256333 0.0283957
823 0.0316098 0.0343998
824 0.0374616 0.0402682
825 0.0431656 0.0459777
826 0.0486992 0.0515058
827 0.0540406 0.0568305
828 0.0591687 0.061931
829 0.0640633 0.0667871
830 0.0687051 0.0713796
831 0.0730757 0.0756904
832 0.0771579 0.0797024
833 0.0809357 0.0834
834 0.084394 0.0867684
835 0.0875192 0.0897943
836 0.0902991 0.0924659
837 0.0927226 0.0947725
838 0.0947801 0.0967052
839 0.0964636 0.0982561
840 0.0977664 0.0994193
841 0.0986833 0.10019
842 0.0992108 0.100566
843 0.0993468 0.100544
844 0.0990907 0.100126
845 0.0984435 0.0993125
846 0.0974078 0.0981072
847 0.0959877 0.0965146
848 0.0941888 0.0945412
849 0.0920181 0.0921947
850 0.0894843 0.0894843
851 0.0865973 0.0864207
852 0.0833686 0.0830161
853 0.0798108 0.0792839
854 0.0759381 0.0752388
855 0.0717657 0.0708967
856 0.0673101 0.0662748
857 0.0625888 0.0613914
858 0.0576205 0.0562657
859 0.0524248 0.050918
860 0.0470222 0.0453693
861 0.0414341 0.0396415
862 0.0356824 0.0337573
863 0.0297899 0.0277399
864 0.0237798 0.021613
865 0.0176759 0.0154008
866 0.0115022 0.00912779
867 0.0052831 0.00281879
868 -0.000956827 -0.00350134
869 -0.00719298 -0.00980765
870 -0.0134007 -0.0160753
871 -0.0195556 -0.0222794
872 -0.0256333 -0.0283957
873 -0.0316098 -0.0343998
874 -0.0374616 -0.0402682
875 -0.0431656 -0.0459777
876 -0.0486992 -0.0515058
877 -0.0540406 -0.0568305
878 -0.0591687 -0.061931
879 -0.0640633 -0.0667871
880 -0.0687051 -0.0713796
881 -0.0730757 -0.0756904
882 -0.0771579 -0.0797024
883 -0.0809357 -0.0834
884 -0.084394 -0.0867684
885 -0.0875192 -0.0897943
886 -0.0902991 -0.0924659
887 -0.0927226 -0.0947725
888 -0.0947801 -0.0967052
889 -0.0964636 -0.0982561
890 -0.0977664 -0.0994193
891 -0.0986833 -0.10019
892 -0.0992108 -0.100566
893 -0.0993468 -0.100544
894 -0.0990907 -0.100126
895 -0.0984435 -0.0993125
896 -0.0974078 -0.0981072
897 -0.0959877 -0.0965146
898 -0.0941888 -0.0945412
899 -0.0920181 -0.0921947
900 -0.0894843 -0.0894843
901 -0.0865973 -0.0864207
902 -0.0833686 -0.0830161
903 -0.0798108 -0.0792839
904 -0.0759381 -0.0752388
905 -0.0717657 -0.0708967
906 -0.0673101 -0.0662748
907 -0.0625888 -0.0613914
908 -0.0576205 -0.0562657
909 -0.0524248 -0.050918
910 -0.0470222 -0.0453693
911 -0.0414341 -0.0396415
912 -0.0356824 -0.0337573
913 -0.0297899 -0.0277399
914 -0.0237798 -0.021613
915 -0.0176759 -0.0154008
916 -0.0115022 -0.00912779
917 -0.0052831 -0.00281879
918 0.000956827 0.00350134
919 0.00719298 0.00980765
920 0.0134007 0.0160753
921 0.0195556 0.0222794
922 0.0256333 0.0283957
923 0.0316098 0.0343998
924 0.0374616 0.0402682
925 0.0431656 0.0459777
926 0.0486992 0.0515058
927 0.0540406 0.0568305
928 0.0591687 0.061931
929 0.0640633 0.0667871
930 0.0687051 0.0713796
931 0.0730757 0.0756904
932 0.0771579 0.0797024
933 0.0809357 0.0834
934 0.084394 0.0867684
935 0.0875192 0.0897943
936 0.0902991 0.0924659
937 0.0927226 0.0947725
938 0.0947801 0.0967052
939 0.0964636 0.0982561
940 0.0977664 0.0994193
941 0.0986833 0.10019
942 0.0992108 0.100566
943 0.0993468 0.100544
944 0.0990907 0.100126
945 0.0984435 0.0993125
946 0.0974078 0.0981072
947 0.0959877 0.0965146
948 0.0941888 0.0945412
949 0.0920181 0.0921947
950 0.0894843 0.0894843
951 0.0865973 0.0864207
952 0.0833686 0.0830161
953 0.0798108 0.0792839
954 0.0759381 0.0752388
955 0.0717657 0.0708967
956 0.0673101 0.0662748
957 0.0625888 0.0613914
958 0.0576205 0.0562657
959 0.0524248 0.050918
960 0.0470222 0.0453693
961 0.0414341 0.0396415
962 0.0356824 0.0337573
963 0.0297899 0.0277399
964 0.0237798 0.021613
965 0.0176759 0.0154008
966 0.0115022 0.00912779
967 0.0052831 0.00281879
968 -0.000956827 -0.00350134
969 -0.00719298 -0.00980765
970 -0.0134007 -0.0160753
971 -0.0195556 -0.0222794
972 -0.0256333 -0.0283957
973 -0.0316098 -0.0343998
974 -0.0374616 -0.0402682
975 -0.0431656 -0.0459777
976 -0.0486992 -0.0515058
977 -0.0540406 -0.0568305
978 -0.0591687 -0.061931
979 -0.0640633 -0.0667871
980 -0.0687051 -0.0713796
981 -0.0730757 -0.0756904
982 -0.0771579 -0.0797024
983 -0.0809357 -0.0834
984 -0.084394 -0.0867684
985 -0.0875192 -0.0897943
986 -0.0902991 -0.0924659
987 -0.0927226 -0.0947725
988 -0.0947801 -0.0967052
989 -0.0964636 -0.0982561
990 -0.0977664 -0.0994193
991 -0.0986833 -0.10019
992 -0.0992108 -0.100566
993 -0.0993468 -0.100544
994 -0.0990907 -0.100126
995 -0.0984435 -0.0993125
996 -0.0974078 -0.0981072
997 -0.0959877 -0.0965146
998 -0.0941888 -0.0945412
999 -0.0920181 -0.0921947
