0 -0.0826471 -0.0826471
1 -0.0860977 -0.0859346
2 -0.0892085 -0.088883
3 -0.0919673 -0.0914806
4 -0.0943631 -0.0937172
5 -0.0963865 -0.0955839
6 -0.0980295 -0.0970734
7 -0.0992856 -0.0981797
8 -0.10015 -0.0988987
9 -0.100619 -0.0992273
10 -0.100691 -0.0991643
11 -0.100365 -0.0987099
12 -0.0996439 -0.097866
13 -0.0985292 -0.0966358
14 -0.0970255 -0.0950243
15 -0.095139 -0.0930378
16 -0.092877 -0.090684
17 -0.0902484 -0.0879724
18 -0.0872637 -0.0849136
19 -0.0839346 -0.0815197
20 -0.0802742 -0.0778041
21 -0.0762971 -0.0737814
22 -0.0720188 -0.0694675
23 -0.0674563 -0.0648795
24 -0.0626275 -0.0600354
25 -0.0575517 -0.0549544
26 -0.0522486 -0.0496565
27 -0.0467394 -0.0441626
28 -0.0410457 -0.0384945
29 -0.0351901 -0.0326744
30 -0.0291955 -0.0267254
31 -0.0230858 -0.0206709
32 -0.0168849 -0.0145348
33 -0.0106174 -0.00834135
34 -0.00430796 -0.00211499
35 0.00201846 0.00411971
36 0.00833691 0.0103382
37 0.0146225 0.0165158
38 0.0208503 0.0226283
39 0.0269959 0.0286514
40 0.0330349 0.0345615
41 0.0389435 0.0403352
42 0.0446985 0.0459497
43 0.050277 0.0513829
44 0.0556571 0.0566133
45 0.0608176 0.0616202
46 0.065738 0.066384
47 0.0703991 0.0708857
48 0.0747822 0.0751078
49 0.0788703 0.0790334
50 0.0826471 0.0826471
51 0.0860977 0.0859346
52 0.0892085 0.088883
53 0.0919673 0.0914806
54 0.0943631 0.0937172
55 0.0963865 0.0955839
56 0.0980295 0.0970734
57 0.0992856 0.0981797
58 0.10015 0.0988987
59 0.100619 0.0992273
60 0.100691 0.0991643
61 0.100365 0.0987099
62 0.0996439 0.097866
63 0.0985292 0.0966358
64 0.0970255 0.0950243
65 0.095139 0.0930378
66 0.092877 0.090684
67 0.0902484 0.0879724
68 0.0872637 0.0849136
69 0.0839346 0.0815197
70 0.0802742 0.0778041
71 0.0762971 0.0737814
72 0.0720188 0.0694675
73 0.0674563 0.0648795
74 0.0626275 0.0600354
75 0.0575517 0.0549544
76 0.0522486 0.0496565
77 0.0467394 0.0441626
78 0.0410457 0.0384945
79 0.0351901 0.0326744
80 0.0291955 0.0267254
81 0.0230858 0.0206709
82 0.0168849 0.0145348
83 0.0106174 0.00834135
84 0.00430796 0.00211499
85 -0.00201846 -0.00411971
86 -0.00833691 -0.0103382
87 -0.0146225 -0.0165158
88 -0.0208503 -0.0226283
89 -0.0269959 -0.0286514
90 -0.0330349 -0.0345615
91 -0.0389435 -0.0403352
92 -0.0446985 -0.0459497
93 -0.050277 -0.0513829
94 -0.0556571 -0.0566133
95 -0.0608176 -0.0616202
96 -0.065738 -0.066384
97 -0.0703991 -0.0708857
98 -0.0747822 -0.0751078
99 -0.0788703 -0.0790334
100 -0.0826471 -0.0826471
101 -0.0860977 -0.0859346
102 -0.0892085 -0.088883
103 -0.0919673 -0.0914806
104 -0.0943631 -0.0937172
105 -0.0963865 -0.0955839
106 -0.0980295 -0.0970734
107 -0.0992856 -0.0981797
108 -0.10015 -0.0988987
109 -0.100619 -0.0992273
110 -0.100691 -0.0991643
111 -0.100365 -0.0987099
112 -0.0996439 -0.097866
113 -0.0985292 -0.0966358
114 -0.0970255 -0.0950243
115 -0.095139 -0.0930378
116 -0.092877 -0.090684
117 -0.0902484 -0.0879724
118 -0.0872637 -0.0849136
119 -0.0839346 -0.0815197
120 -0.0802742 -0.0778041
121 -0.0762971 -0.0737814
122 -0.0720188 -0.0694675
123 -0.0674563 -0.0648795
124 -0.0626275 -0.0600354
125 -0.0575517 -0.0549544
126 -0.0522486 -0.0496565
127 -0.0467394 -0.0441626
128 -0.0410457 -0.0384945
129 -0.0351901 -0.0326744
130 -0.0291955 -0.0267254
131 -0.0230858 -0.0206709
132 -0.0168849 -0.0145348
133 -0.0106174 -0.00834135
134 -0.00430796 -0.00211499
135 0.00201846 0.00411971
136 0.00833691 0.0103382
137 0.0146225 0.0165158
138 0.0208503 0.0226283
139 0.0269959 0.0286514
140 0.0330349 0.0345615
141 0.0389435 0.0403352
142 0.0446985 0.0459497
143 0.050277 0.0513829
144 0.0556571 0.0566133
145 0.0608176 0.0616202
146 0.065738 0.066384
147 0.0703991 0.0708857
148 0.0747822 0.0751078
149 0.0788703 0.0790334
150 0.0826471 0.0826471
151 0.0860977 0.0859346
152 0.0892085 0.088883
153 0.0919673 0.0914806
154 0.0943631 0.0937172
155 0.0963865 0.0955839
156 0.0980295 0.0970734
157 0.0992856 0.0981797
158 0.10015 0.0988987
159 0.100619 0.0992273
160 0.100691 0.0991643
161 0.100365 0.0987099
162 0.0996439 0.097866
163 0.0985292 0.0966358
164 0.0970255 0.0950243
165 0.095139 0.0930378
166 0.092877 0.090684
167 0.0902484 0.0879724
168 0.0872637 0.0849136
169 0.0839346 0.0815197
170 0.0802742 0.0778041
171 0.0762971 0.0737814
172 0.0720188 0.0694675
173 0.0674563 0.0648795
174 0.0626275 0.0600354
175 0.0575517 0.0549544
176 0.0522486 0.0496565
177 0.0467394 0.0441626
178 0.0410457 0.0384945
179 0.0351901 0.0326744
180 0.0291955 0.0267254
181 0.0230858 0.0206709
182 0.0168849 0.0145348
183 0.0106174 0.00834135
184 0.00430796 0.00211499
185 -0.00201846 -0.00411971
186 -0.00833691 -0.0103382
187 -0.0146225 -0.0165158
188 -0.0208503 -0.0226283
189 -0.0269959 -0.0286514
190 -0.0330349 -0.0345615
191 -0.0389435 -0.0403352
192 -0.0446985 -0.0459497
193 -0.050277 -0.0513829
194 -0.0556571 -0.0566133
195 -0.0608176 -0.0616202
196 -0.065738 -0.066384
197 -0.0703991 -0.0708857
198 -0.0747822 -0.0751078
199 -0.0788703 -0.0790334
200 -0.0826471 -0.0826471
201 -0.0860977 -0.0859346
202 -0.0892085 -0.088883
203 -0.0919673 -0.0914806
204 -0.0943631 -0.0937172
205 -0.0963865 -0.0955839
206 -0.0980295 -0.0970734
207 -0.0992856 -0.0981797
208 -0.10015 -0.0988987
209 -0.100619 -0.0992273
210 -0.100691 -0.0991643
211 -0.100365 -0.0987099
212 -0.0996439 -0.097866
213 -0.0985292 -0.0966358
214 -0.0970255 -0.0950243
215 -0.095139 -0.0930378
216 -0.092877 -0.090684
217 -0.0902484 -0.0879724
218 -0.0872637 -0.0849136
219 -0.0839346 -0.0815197
220 -0.0802742 -0.0778041
221 -0.0762971 -0.0737814
222 -0.0720188 -0.0694675
223 -0.0674563 -0.0648795
224 -0.0626275 -0.0600354
225 -0.0575517 -0.0549544
226 -0.0522486 -0.0496565
227 -0.0467394 -0.0441626
228 -0.0410457 -0.0384945
229 -0.0351901 -0.0326744
230 -0.0291955 -0.0267254
231 -0.0230858 -0.0206709
232 -0.0168849 -0.0145348
233 -0.0106174 -0.00834135
234 -0.00430796 -0.00211499
235 0.00201846 0.00411971
236 0.00833691 0.0103382
237 0.0146225 0.0165158
238 0.0208503 0.0226283
239 0.0269959 0.0286514
240 0.0330349 0.0345615
241 0.0389435 0.0403352
242 0.0446985 0.0459497
243 0.050277 0.0513829
244 0.0556571 0.0566133
245 0.0608176 0.0616202
246 0.065738 0.066384
247 0.0703991 0.0708857
248 0.0747822 0.0751078
249 0.0788703 0.0790334
250 0.0826471 0.0826471
251 0.0860977 0.0859346
252 0.0892085 0.088883
253 0.0919673 0.0914806
254 0.0943631 0.0937172
255 0.0963865 0.0955839
256 0.0980295 0.0970734
257 0.0992856 0.0981797
258 0.10015 0.0988987
259 0.100619 0.0992273
260 0.100691 0.0991643
261 0.100365 0.0987099
262 0.0996439 0.097866
263 0.0985292 0.0966358
264 0.0970255 0.0950243
265 0.095139 0.0930378
266 0.092877 0.090684
267 0.0902484 0.0879724
268 0.0872637 0.0849136
269 0.0839346 0.0815197
270 0.0802742 0.0778041
271 0.0762971 0.0737814
272 0.0720188 0.0694675
273 0.0674563 0.0648795
274 0.0626275 0.0600354
275 0.0575517 0.0549544
276 0.0522486 0.0496565
277 0.0467394 0.0441626
278 0.0410457 0.0384945
279 0.0351901 0.0326744
280 0.0291955 0.0267254
281 0.0230858 0.0206709
282 0.0168849 0.0145348
283 0.0106174 0.00834135
284 0.00430796 0.00211499
285 -0.00201846 -0.00411971
286 -0.00833691 -0.0103382
287 -0.0146225 -0.0165158
288 -0.0208503 -0.0226283
289 -0.0269959 -0.0286514
290 -0.0330349 -0.0345615
291 -0.0389435 -0.0403352
292 -0.0446985 -0.0459497
293 -0.050277 -0.0513829
294 -0.0556571 -0.0566133
295 -0.0608176 -0.0616202
296 -0.065738 -0.066384
297 -0.0703991 -0.0708857
298 -0.0747822 -0.0751078
299 -0.0788703 -0.0790334
300 -0.0826471 -0.0826471
301 -0.0860977 -0.0859346
302 -0.0892085 -0.088883
303 -0.0919673 -0.0914806
304 -0.0943631 -0.0937172
305 -0.0963865 -0.0955839
306 -0.0980295 -0.0970734
307 -0.0992856 -0.0981797
308 -0.10015 -0.0988987
309 -0.100619 -0.0992273
310 -0.100691 -0.0991643
311 -0.100365 -0.0987099
312 -0.0996439 -0.097866
313 -0.0985292 -0.0966358
314 -0.0970255 -0.0950243
315 -0.095139 -0.0930378
316 -0.092877 -0.090684
317 -0.0902484 -0.0879724
318 -0.0872637 -0.0849136
319 -0.0839346 -0.0815197
320 -0.0802742 -0.0778041
321 -0.0762971 -0.0737814
322 -0.0720188 -0.0694675
323 -0.0674563 -0.0648795
324 -0.0626275 -0.0600354
325 -0.0575517 -0.0549544
326 -0.0522486 -0.0496565
327 -0.0467394 -0.0441626
328 -0.0410457 -0.0384945
329 -0.0351901 -0.0326744
330 -0.0291955 -0.0267254
331 -0.0230858 -0.0206709
332 -0.0168849 -0.0145348
333 -0.0106174 -0.00834135
334 -0.00430796 -0.00211499
335 0.00201846 0.00411971
336 0.00833691 0.0103382
337 0.0146225 0.0165158
338 0.0208503 0.0226283
339 0.0269959 0.0286514
340 0.0330349 0.0345615
341 0.0389435 0.0403352
342 0.0446985 0.0459497
343 0.050277 0.0513829
344 0.0556571 0.0566133
345 0.0608176 0.0616202
346 0.065738 0.066384
347 0.0703991 0.0708857
348 0.0747822 0.0751078
349 0.0788703 0.0790334
350 0.0826471 0.0826471
351 0.0860977 0.0859346
352 0.0892085 0.088883
353 0.0919673 0.0914806
354 0.0943631 0.0937172
355 0.0963865 0.0955839
356 0.0980295 0.0970734
357 0.0992856 0.0981797
358 0.10015 0.0988987
359 0.100619 0.0992273
360 0.100691 0.0991643
361 0.100365 0.0987099
362 0.0996439 0.097866
363 0.0985292 0.0966358
364 0.0970255 0.0950243
365 0.095139 0.0930378
366 0.092877 0.090684
367 0.0902484 0.0879724
368 0.0872637 0.0849136
369 0.0839346 0.0815197
370 0.0802742 0.0778041
371 0.0762971 0.0737814
372 0.0720188 0.0694675
373 0.0674563 0.0648795
374 0.0626275 0.0600354
375 0.0575517 0.0549544
376 0.0522486 0.0496565
377 0.0467394 0.0441626
378 0.0410457 0.0384945
379 0.0351901 0.0326744
380 0.0291955 0.0267254
381 0.0230858 0.0206709
382 0.0168849 0.0145348
383 0.0106174 0.00834135
384 0.00430796 0.00211499
385 -0.00201846 -0.00411971
386 -0.00833691 -0.0103382
387 -0.0146225 -0.0165158
388 -0.0208503 -0.0226283
389 -0.0269959 -0.0286514
390 -0.0330349 -0.0345615
391 -0.0389435 -0.0403352
392 -0.0446985 -0.0459497
393 -0.050277 -0.0513829
394 -0.0556571 -0.0566133
395 -0.0608176 -0.0616202
396 -0.065738 -0.066384
397 -0.0703991 -0.0708857
398 -0.0747822 -0.0751078
399 -0.0788703 -0.0790334
400 -0.0826471 -0.0826471
401 -0.0860977 -0.0859346
402 -0.0892085 -0.088883
403 -0.0919673 -0.0914806
404 -0.0943631 -0.0937172
405 -0.0963865 -0.0955839
406 -0.0980295 -0.0970734
407 -0.0992856 -0.0981797
408 -0.10015 -0.0988987
409 -0.100619 -0.0992273
410 -0.100691 -0.0991643
411 -0.100365 -0.0987099
412 -0.0996439 -0.097866
413 -0.0985292 -0.0966358
414 -0.0970255 -0.0950243
415 -0.095139 -0.0930378
416 -0.092877 -0.090684
417 -0.0902484 -0.0879724
418 -0.0872637 -0.0849136
419 -0.0839346 -0.0815197
420 -0.0802742 -0.0778041
421 -0.0762971 -0.0737814
422 -0.0720188 -0.0694675
423 -0.0674563 -0.0648795
424 -0.0626275 -0.0600354
425 -0.0575517 -0.0549544
426 -0.0522486 -0.0496565
427 -0.0467394 -0.0441626
428 -0.0410457 -0.0384945
429 -0.0351901 -0.0326744
430 -0.0291955 -0.0267254
431 -0.0230858 -0.0206709
432 -0.0168849 -0.0145348
433 -0.0106174 -0.00834135
434 -0.00430796 -0.00211499
435 0.00201846 0.00411971
436 0.00833691 0.0103382
437 0.0146225 0.0165158
438 0.0208503 0.0226283
439 0.0269959 0.0286514
440 0.0330349 0.0345615
441 0.0389435 0.0403352
442 0.0446985 0.0459497
443 0.050277 0.0513829
444 0.0556571 0.0566133
445 0.0608176 0.0616202
446 0.065738 0.066384
447 0.0703991 0.0708857
448 0.0747822 0.0751078
449 0.0788703 0.0790334
450 0.0826471 0.0826471
451 0.0860977 0.0859346
452 0.0892085 0.088883
453 0.0919673 0.0914806
454 0.0943631 0.0937172
455 0.0963865 0.0955839
456 0.0980295 0.0970734
457 0.0992856 0.0981797
458 0.10015 0.0988987
459 0.100619 0.0992273
460 0.100691 0.0991643
461 0.100365 0.0987099
462 0.0996439 0.097866
463 0.0985292 0.0966358
464 0.0970255 0.0950243
465 0.095139 0.0930378
466 0.092877 0.090684
467 0.0902484 0.0879724
468 0.0872637 0.0849136
469 0.0839346 0.0815197
470 0.0802742 0.0778041
471 0.0762971 0.0737814
472 0.0720188 0.0694675
473 0.0674563 0.0648795
474 0.0626275 0.0600354
475 0.0575517 0.0549544
476 0.0522486 0.0496565
477 0.0467394 0.0441626
478 0.0410457 0.0384945
479 0.0351901 0.0326744
480 0.0291955 0.0267254
481 0.0230858 0.0206709
482 0.0168849 0.0145348
483 0.0106174 0.00834135
484 0.00430796 0.00211499
485 -0.00201846 -0.00411971
486 -0.00833691 -0.0103382
487 -0.0146225 -0.0165158
488 -0.0208503 -0.0226283
489 -0.0269959 -0.0286514
490 -0.0330349 -0.0345615
491 -0.0389435 -0.0403352
492 -0.0446985 -0.0459497
493 -0.050277 -0.0513829
494 -0.0556571 -0.0566133
495 -0.0608176 -0.0616202
496 -0.065738 -0.066384
497 -0.0703991 -0.0708857
498 -0.0747822 -0.0751078
499 -0.0788703 -0.0790334
500 -0.0826471 -0.0826471
501 -0.0860977 -0.0859346
502 -0.0892085 -0.088883
503 -0.0919673 -0.0914806
504 -0.0943631 -0.0937172
505 -0.0963865 -0.0955839
506 -0.0980295 -0.0970734
507 -0.0992856 -0.0981797
508 -0.10015 -0.0988987
509 -0.100619 -0.0992273
510 -0.100691 -0.0991643
511 -0.100365 -0.0987099
512 -0.0996439 -0.097866
513 -0.0985292 -0.0966358
514 -0.0970255 -0.0950243
515 -0.095139 -0.0930378
516 -0.092877 -0.090684
517 -0.0902484 -0.0879724
518 -0.0872637 -0.0849136
519 -0.0839346 -0.0815197
520 -0.0802742 -0.0778041
521 -0.0762971 -0.0737814
522 -0.0720188 -0.0694675
523 -0.0674563 -0.0648795
524 -0.0626275 -0.0600354
525 -0.0575517 -0.0549544
526 -0.0522486 -0.0496565
527 -0.0467394 -0.0441626
528 -0.0410457 -0.0384945
529 -0.0351901 -0.0326744
530 -0.0291955 -0.0267254
531 -0.0230858 -0.0206709
532 -0.0168849 -0.0145348
533 -0.0106174 -0.00834135
534 -0.00430796 -0.00211499
535 0.00201846 0.00411971
536 0.00833691 0.0103382
537 0.0146225 0.0165158
538 0.0208503 0.0226283
539 0.0269959 0.0286514
540 0.0330349 0.0345615
541 0.0389435 0.0403352
542 0.0446985 0.0459497
543 0.050277 0.0513829
544 0.0556571 0.0566133
545 0.0608176 0.0616202
546 0.065738 0.066384
547 0.0703991 0.0708857
548 0.0747822 0.0751078
549 0.0788703 0.0790334
550 0.0826471 0.0826471
551 0.0860977 0.0859346
552 0.0892085 0.088883
553 0.0919673 0.0914806
554 0.0943631 0.0937172
555 0.0963865 0.0955839
556 0.0980295 0.0970734
557 0.0992856 0.0981797
558 0.10015 0.0988987
559 0.100619 0.0992273
560 0.100691 0.0991643
561 0.100365 0.0987099
562 0.0996439 0.097866
563 0.0985292 0.0966358
564 0.0970255 0.0950243
565 0.095139 0.0930378
566 0.092877 0.090684
567 0.0902484 0.0879724
568 0.0872637 0.0849136
569 0.0839346 0.0815197
570 0.0802742 0.0778041
571 0.0762971 0.0737814
572 0.0720188 0.0694675
573 0.0674563 0.0648795
574 0.0626275 0.0600354
575 0.0575517 0.0549544
576 0.0522486 0.0496565
577 0.0467394 0.0441626
578 0.0410457 0.0384945
579 0.0351901 0.0326744
580 0.0291955 0.0267254
581 0.0230858 0.0206709
582 0.0168849 0.0145348
583 0.0106174 0.00834135
584 0.00430796 0.00211499
585 -0.00201846 -0.00411971
586 -0.00833691 -0.0103382
587 -0.0146225 -0.0165158
588 -0.0208503 -0.0226283
589 -0.0269959 -0.0286514
590 -0.0330349 -0.0345615
591 -0.0389435 -0.0403352
592 -0.0446985 -0.0459497
593 -0.050277 -0.0513829
594 -0.0556571 -0.0566133
595 -0.0608176 -0.0616202
596 -0.065738 -0.066384
597 -0.0703991 -0.0708857
598 -0.0747822 -0.0751078
599 -0.0788703 -0.0790334
600 -0.0826471 -0.0826471
601 -0.0860977 -0.0859346
602 -0.0892085 -0.088883
603 -0.0919673 -0.0914806
604 -0.0943631 -0.0937172
605 -0.0963865 -0.0955839
606 -0.0980295 -0.0970734
607 -0.0992856 -0.0981797
608 -0.10015 -0.0988987
609 -0.100619 -0.0992273
610 -0.100691 -0.0991643
611 -0.100365 -0.0987099
612 -0.0996439 -0.097866
613 -0.0985292 -0.0966358
614 -0.0970255 -0.0950243
615 -0.095139 -0.0930378
616 -0.092877 -0.090684
617 -0.0902484 -0.0879724
618 -0.0872637 -0.0849136
619 -0.0839346 -0.0815197
620 -0.0802742 -0.0778041
621 -0.0762971 -0.0737814
622 -0.0720188 -0.0694675
623 -0.0674563 -0.0648795
624 -0.0626275 -0.0600354
625 -0.0575517 -0.0549544
626 -0.0522486 -0.0496565
627 -0.0467394 -0.0441626
628 -0.0410457 -0.0384945
629 -0.0351901 -0.0326744
630 -0.0291955 -0.0267254
631 -0.0230858 -0.0206709
632 -0.0168849 -0.0145348
633 -0.0106174 -0.00834135
634 -0.00430796 -0.00211499
635 0.00201846 0.00411971
636 0.00833691 0.0103382
637 0.0146225 0.0165158
638 0.0208503 0.0226283
639 0.0269959 0.0286514
640 0.0330349 0.0345615
641 0.0389435 0.0403352
642 0.0446985 0.0459497
643 0.050277 0.0513829
644 0.0556571 0.0566133
645 0.0608176 0.0616202
646 0.065738 0.066384
647 0.0703991 0.0708857
648 0.0747822 0.0751078
649 0.0788703 0.0790334
650 0.0826471 0.0826471
651 0.0860977 0.0859346
652 0.0892085 0.088883
653 0.0919673 0.0914806
654 0.0943631 0.0937172
655 0.0963865 0.0955839
656 0.0980295 0.0970734
657 0.0992856 0.0981797
658 0.10015 0.0988987
659 0.100619 0.0992273
660 0.100691 0.0991643
661 0.100365 0.0987099
662 0.0996439 0.097866
663 0.0985292 0.0966358
664 0.0970255 0.0950243
665 0.095139 0.0930378
666 0.092877 0.090684
667 0.0902484 0.0879724
668 0.0872637 0.0849136
669 0.0839346 0.0815197
670 0.0802742 0.0778041
671 0.0762971 0.0737814
672 0.0720188 0.0694675
673 0.0674563 0.0648795
674 0.0626275 0.0600354
675 0.0575517 0.0549544
676 0.0522486 0.0496565
677 0.0467394 0.0441626
678 0.0410457 0.0384945
679 0.0351901 0.0326744
680 0.0291955 0.0267254
681 0.0230858 0.0206709
682 0.0168849 0.0145348
683 0.0106174 0.00834135
684 0.00430796 0.00211499
685 -0.00201846 -0.00411971
686 -0.00833691 -0.0103382
687 -0.0146225 -0.0165158
688 -0.0208503 -0.0226283
689 -0.0269959 -0.0286514
690 -0.0330349 -0.0345615
691 -0.0389435 -0.0403352
692 -0.0446985 -0.0459497
693 -0.050277 -0.0513829
694 -0.0556571 -0.0566133
695 -0.0608176 -0.0616202
696 -0.065738 -0.066384
697 -0.0703991 -0.0708857
698 -0.0747822 -0.0751078
699 -0.0788703 -0.0790334
700 -0.0826471 -0.0826471
701 -0.0860977 -0.0859346
702 -0.0892085 -0.088883
703 -0.0919673 -0.0914806
704 -0.0943631 -0.0937172
705 -0.0963865 -0.0955839
706 -0.0980295 -0.0970734
707 -0.0992856 -0.0981797
708 -0.10015 -0.0988987
709 -0.100619 -0.0992273
710 -0.100691 -0.0991643
711 -0.100365 -0.0987099
712 -0.0996439 -0.097866
713 -0.0985292 -0.0966358
714 -0.0970255 -0.0950243
715 -0.095139 -0.0930378
716 -0.092877 -0.090684
717 -0.0902484 -0.0879724
718 -0.0872637 -0.0849136
719 -0.0839346 -0.0815197
720 -0.0802742 -0.0778041
721 -0.0762971 -0.0737814
722 -0.0720188 -0.0694675
723 -0.0674563 -0.0648795
724 -0.0626275 -0.0600354
725 -0.0575517 -0.0549544
726 -0.0522486 -0.0496565
727 -0.0467394 -0.0441626
728 -0.0410457 -0.0384945
729 -0.0351901 -0.0326744
730 -0.0291955 -0.0267254
731 -0.0230858 -0.0206709
732 -0.0168849 -0.0145348
733 -0.0106174 -0.00834135
734 -0.00430796 -0.00211499
735 0.00201846 0.00411971
736 0.00833691 0.0103382
737 0.0146225 0.0165158
738 0.0208503 0.0226283
739 0.0269959 0.0286514
740 0.0330349 0.0345615
741 0.0389435 0.0403352
742 0.0446985 0.0459497
743 0.050277 0.0513829
744 0.0556571 0.0566133
745 0.0608176 0.0616202
746 0.065738 0.066384
747 0.0703991 0.0708857
748 0.0747822 0.0751078
749 0.0788703 0.0790334
750 0.0826471 0.0826471
751 0.0860977 0.0859346
752 0.0892085 0.088883
753 0.0919673 0.0914806
754 0.0943631 0.0937172
755 0.0963865 0.0955839
756 0.0980295 0.0970734
757 0.0992856 0.0981797
758 0.10015 0.0988987
759 0.100619 0.0992273
760 0.100691 0.0991643
761 0.100365 0.0987099
762 0.0996439 0.097866
763 0.0985292 0.0966358
764 0.0970255 0.0950243
765 0.095139 0.0930378
766 0.092877 0.090684
767 0.0902484 0.0879724
768 0.0872637 0.0849136
769 0.0839346 0.0815197
770 0.0802742 0.0778041
771 0.0762971 0.0737814
772 0.0720188 0.0694675
773 0.0674563 0.0648795
774 0.0626275 0.0600354
775 0.0575517 0.0549544
776 0.0522486 0.0496565
777 0.0467394 0.0441626
778 0.0410457 0.0384945
779 0.0351901 0.0326744
780 0.0291955 0.0267254
781 0.0230858 0.0206709
782 0.0168849 0.0145348
783 0.0106174 0.00834135
784 0.00430796 0.00211499
785 -0.00201846 -0.00411971
786 -0.00833691 -0.0103382
787 -0.0146225 -0.0165158
788 -0.0208503 -0.0226283
789 -0.0269959 -0.0286514
790 -0.0330349 -0.0345615
791 -0.0389435 -0.0403352
792 -0.0446985 -0.0459497
793 -0.050277 -0.0513829
794 -0.0556571 -0.0566133
795 -0.0608176 -0.0616202
796 -0.065738 -0.066384
797 -0.0703991 -0.0708857
798 -0.0747822 -0.0751078
799 -0.0788703 -0.0790334
800 -0.0826471 -0.0826471
801 -0.0860977 -0.0859346
802 -0.0892085 -0.088883
803 -0.0919673 -0.0914806
804 -0.0943631 -0.0937172
805 -0.0963865 -0.0955839
806 -0.0980295 -0.0970734
807 -0.0992856 -0.0981797
808 -0.10015 -0.0988987
809 -0.100619 -0.0992273
810 -0.100691 -0.0991643
811 -0.100365 -0.0987099
812 -0.0996439 -0.097866
813 -0.0985292 -0.0966358
814 -0.0970255 -0.0950243
815 -0.095139 -0.0930378
816 -0.092877 -0.090684
817 -0.0902484 -0.0879724
818 -0.0872637 -0.0849136
819 -0.0839346 -0.0815197
820 -0.0802742 -0.0778041
821 -0.0762971 -0.0737814
822 -0.0720188 -0.0694675
823 -0.0674563 -0.0648795
824 -0.0626275 -0.0600354
825 -0.0575517 -0.0549544
826 -0.0522486 -0.0496565
827 -0.0467394 -0.0441626
828 -0.0410457 -0.0384945
829 -0.0351901 -0.0326744
830 -0.0291955 -0.0267254
831 -0.0230858 -0.0206709
832 -0.0168849 -0.0145348
833 -0.0106174 -0.00834135
834 -0.00430796 -0.00211499
835 0.00201846 0.00411971
836 0.00833691 0.0103382
837 0.0146225 0.0165158
838 0.0208503 0.0226283
839 0.0269959 0.0286514
840 0.0330349 0.0345615
841 0.0389435 0.0403352
842 0.0446985 0.0459497
843 0.050277 0.0513829
844 0.0556571 0.0566133
845 0.0608176 0.0616202
846 0.065738 0.066384
847 0.0703991 0.0708857
848 0.0747822 0.0751078
849 0.0788703 0.0790334
850 0.0826471 0.0826471
851 0.0860977 0.0859346
852 0.0892085 0.088883
853 0.0919673 0.0914806
854 0.0943631 0.0937172
855 0.0963865 0.0955839
856 0.0980295 0.0970734
857 0.0992856 0.0981797
858 0.10015 0.0988987
859 0.100619 0.0992273
860 0.100691 0.0991643
861 0.100365 0.0987099
862 0.0996439 0.097866
863 0.0985292 0.0966358
864 0.0970255 0.0950243
865 0.095139 0.0930378
866 0.092877 0.090684
867 0.0902484 0.0879724
868 0.0872637 0.0849136
869 0.0839346 0.0815197
870 0.0802742 0.0778041
871 0.0762971 0.0737814
872 0.0720188 0.0694675
873 0.0674563 0.0648795
874 0.0626275 0.0600354
875 0.0575517 0.0549544
876 0.0522486 0.0496565
877 0.0467394 0.0441626
878 0.0410457 0.0384945
879 0.0351901 0.0326744
880 0.0291955 0.0267254
881 0.0230858 0.0206709
882 0.0168849 0.0145348
883 0.0106174 0.00834135
884 0.00430796 0.00211499
885 -0.00201846 -0.00411971
886 -0.00833691 -0.0103382
887 -0.0146225 -0.0165158
888 -0.0208503 -0.0226283
889 -0.0269959 -0.0286514
890 -0.0330349 -0.0345615
891 -0.0389435 -0.0403352
892 -0.0446985 -0.0459497
893 -0.050277 -0.0513829
894 -0.0556571 -0.0566133
895 -0.0608176 -0.0616202
896 -0.065738 -0.066384
897 -0.0703991 -0.0708857
898 -0.0747822 -0.0751078
899 -0.0788703 -0.0790334
900 -0.0826471 -0.0826471
901 -0.0860977 -0.0859346
902 -0.0892085 -0.088883
903 -0.0919673 -0.0914806
904 -0.0943631 -0.0937172
905 -0.0963865 -0.0955839
906 -0.0980295 -0.0970734
907 -0.0992856 -0.0981797
908 -0.10015 -0.0988987
909 -0.100619 -0.0992273
910 -0.100691 -0.0991643
911 -0.100365 -0.0987099
912 -0.0996439 -0.097866
913 -0.0985292 -0.0966358
914 -0.0970255 -0.0950243
915 -0.095139 -0.0930378
916 -0.092877 -0.090684
917 -0.0902484 -0.0879724
918 -0.0872637 -0.0849136
919 -0.0839346 -0.0815197
920 -0.0802742 -0.0778041
921 -0.0762971 -0.0737814
922 -0.0720188 -0.0694675
923 -0.0674563 -0.0648795
924 -0.0626275 -0.0600354
925 -0.0575517 -0.0549544
926 -0.0522486 -0.0496565
927 -0.0467394 -0.0441626
928 -0.0410457 -0.0384945
929 -0.0351901 -0.0326744
930 -0.0291955 -0.0267254
931 -0.0230858 -0.0206709
932 -0.0168849 -0.0145348
933 -0.0106174 -0.00834135
934 -0.00430796 -0.00211499
935 0.00201846 0.00411971
936 0.00833691 0.0103382
937 0.0146225 0.0165158
938 0.0208503 0.0226283
939 0.0269959 0.0286514
940 0.0330349 0.0345615
941 0.0389435 0.0403352
942 0.0446985 0.0459497
943 0.050277 0.0513829
944 0.0556571 0.0566133
945 0.0608176 0.0616202
946 0.065738 0.066384
947 0.0703991 0.0708857
948 0.0747822 0.0751078
949 0.0788703 0.0790334
950 0.0826471 0.0826471
951 0.0860977 0.0859346
952 0.0892085 0.088883
953 0.0919673 0.0914806
954 0.0943631 0.0937172
955 0.0963865 0.0955839
956 0.0980295 0.0970734
957 0.0992856 0.0981797
958 0.10015 0.0988987
959 0.100619 0.0992273
960 0.100691 0.0991643
961 0.100365 0.0987099
962 0.0996439 0.097866
963 0.0985292 0.0966358
964 0.0970255 0.0950243
965 0.095139 0.0930378
966 0.092877 0.090684
967 0.0902484 0.0879724
968 0.0872637 0.0849136
969 0.0839346 0.0815197
970 0.0802742 0.0778041
971 0.0762971 0.0737814
972 0.0720188 0.0694675
973 0.0674563 0.0648795
974 0.0626275 0.0600354
975 0.0575517 0.0549544
976 0.0522486 0.0496565
977 0.0467394 0.0441626
978 0.0410457 0.0384945
979 0.0351901 0.0326744
980 0.0291955 0.0267254
981 0.0230858 0.0206709
982 0.0168849 0.0145348
983 0.0106174 0.00834135
984 0.00430796 0.00211499
985 -0.00201846 -0.00411971
986 -0.00833691 -0.0103382
987 -0.0146225 -0.0165158
988 -0.0208503 -0.0226283
989 -0.0269959 -0.0286514
990 -0.0330349 -0.0345615
991 -0.0389435 -0.0403352
992 -0.0446985 -0.0459497
993 -0.050277 -0.0513829
994 -0.0556571 -0.0566133
995 -0.0608176 -0.0616202
996 -0.065738 -0.066384
997 -0.0703991 -0.0708857
998 -0.0747822 -0.0751078
999 -0.0788703 -0.0790334
