0 -0.0583724 -0.0583724
1 -0.0634121 -0.0632969
2 -0.0682016 -0.0679716
3 -0.0727219 -0.0723781
4 -0.0769552 -0.076499
5 -0.0808848 -0.0803179
6 -0.0844951 -0.0838198
7 -0.0877721 -0.086991
8 -0.0907026 -0.0898188
9 -0.0932751 -0.0922922
10 -0.0954796 -0.0944013
11 -0.0973072 -0.0961379
12 -0.0987508 -0.0974951
13 -0.0998047 -0.0984675
14 -0.100465 -0.0990513
15 -0.100728 -0.0992441
16 -0.100594 -0.0990453
17 -0.100063 -0.0984557
18 -0.0991372 -0.0974774
19 -0.0978201 -0.0961145
20 -0.0961169 -0.0943722
21 -0.0940343 -0.0922575
22 -0.0915806 -0.0897787
23 -0.0887655 -0.0869456
24 -0.0856001 -0.0837693
25 -0.0820969 -0.0802625
26 -0.0782697 -0.0764389
27 -0.0741335 -0.0723136
28 -0.0697049 -0.0679029
29 -0.0650011 -0.0632243
30 -0.0600407 -0.0582961
31 -0.0548435 -0.0531379
32 -0.0494298 -0.0477699
33 -0.043821 -0.0422134
34 -0.0380392 -0.0364904
35 -0.0321074 -0.0306233
36 -0.0260488 -0.0246354
37 -0.0198874 -0.0185502
38 -0.0136476 -0.0123918
39 -0.00735385 -0.00618454
40 -0.00103111 4.71387e-05
41 0.0052957 0.00627864
42 0.0116016 0.0124854
43 0.0178617 0.0186428
44 0.0240514 0.0247267
45 0.0301461 0.030713
46 0.0361218 0.036578
47 0.041955 0.0422987
48 0.0476226 0.0478525
49 0.0531023 0.0532175
50 0.0583724 0.0583724
51 0.0634121 0.0632969
52 0.0682016 0.0679716
53 0.0727219 0.0723781
54 0.0769552 0.076499
55 0.0808848 0.0803179
56 0.0844951 0.0838198
57 0.0877721 0.086991
58 0.0907026 0.0898188
59 0.0932751 0.0922922
60 0.0954796 0.0944013
61 0.0973072 0.0961379
62 0.0987508 0.0974951
63 0.0998047 0.0984675
64 0.100465 0.0990513
65 0.100728 0.0992441
66 0.100594 0.0990453
67 0.100063 0.0984557
68 0.0991372 0.0974774
69 0.0978201 0.0961145
70 0.0961169 0.0943722
71 0.0940343 0.0922575
72 0.0915806 0.0897787
73 0.0887655 0.0869456
74 0.0856001 0.0837693
75 0.0820969 0.0802625
76 0.0782697 0.0764389
77 0.0741335 0.0723136
78 0.0697049 0.0679029
79 0.0650011 0.0632243
80 0.0600407 0.0582961
81 0.0548435 0.0531379
82 0.0494298 0.0477699
83 0.043821 0.0422134
84 0.0380392 0.0364904
85 0.0321074 0.0306233
86 0.0260488 0.0246354
87 0.0198874 0.0185502
88 0.0136476 0.0123918
89 0.00735385 0.00618454
90 0.00103111 -4.71387e-05
91 -0.0052957 -0.00627864
92 -0.0116016 -0.0124854
93 -0.0178617 -0.0186428
94 -0.0240514 -0.0247267
95 -0.0301461 -0.030713
96 -0.0361218 -0.036578
97 -0.041955 -0.0422987
98 -0.0476226 -0.0478525
99 -0.0531023 -0.0532175
100 -0.0583724 -0.0583724
101 -0.0634121 -0.0632969
102 -0.0682016 -0.0679716
103 -0.0727219 -0.0723781
104 -0.0769552 -0.076499
105 -0.0808848 -0.0803179
106 -0.0844951 -0.0838198
107 -0.0877721 -0.086991
108 -0.0907026 -0.0898188
109 -0.0932751 -0.0922922
110 -0.0954796 -0.0944013
111 -0.0973072 -0.0961379
112 -0.0987508 -0.0974951
113 -0.0998047 -0.0984675
114 -0.100465 -0.0990513
115 -0.100728 -0.0992441
116 -0.100594 -0.0990453
117 -0.100063 -0.0984557
118 -0.0991372 -0.0974774
119 -0.0978201 -0.0961145
120 -0.0961169 -0.0943722
121 -0.0940343 -0.0922575
122 -0.0915806 -0.0897787
123 -0.0887655 -0.0869456
124 -0.0856001 -0.0837693
125 -0.0820969 -0.0802625
126 -0.0782697 -0.0764389
127 -0.0741335 -0.0723136
128 -0.0697049 -0.0679029
129 -0.0650011 -0.0632243
130 -0.0600407 -0.0582961
131 -0.0548435 -0.0531379
132 -0.0494298 -0.0477699
133 -0.043821 -0.0422134
134 -0.0380392 -0.0364904
135 -0.0321074 -0.0306233
136 -0.0260488 -0.0246354
137 -0.0198874 -0.0185502
138 -0.0136476 -0.0123918
139 -0.00735385 -0.00618454
140 -0.00103111 4.71387e-05
141 0.0052957 0.00627864
142 0.0116016 0.0124854
143 0.0178617 0.0186428
144 0.0240514 0.0247267
145 0.0301461 0.030713
146 0.0361218 0.036578
147 0.041955 0.0422987
148 0.0476226 0.0478525
149 0.0531023 0.0532175
150 0.0583724 0.0583724
151 0.0634121 0.0632969
152 0.0682016 0.0679716
153 0.0727219 0.0723781
154 0.0769552 0.076499
155 0.0808848 0.0803179
156 0.0844951 0.0838198
157 0.0877721 0.086991
158 0.0907026 0.0898188
159 0.0932751 0.0922922
160 0.0954796 0.0944013
161 0.0973072 0.0961379
162 0.0987508 0.0974951
163 0.0998047 0.0984675
164 0.100465 0.0990513
165 0.100728 0.0992441
166 0.100594 0.0990453
167 0.100063 0.0984557
168 0.0991372 0.0974774
169 0.0978201 0.0961145
170 0.0961169 0.0943722
171 0.0940343 0.0922575
172 0.0915806 0.0897787
173 0.0887655 0.0869456
174 0.0856001 0.0837693
175 0.0820969 0.0802625
176 0.0782697 0.0764389
177 0.0741335 0.0723136
178 0.0697049 0.0679029
179 0.0650011 0.0632243
180 0.0600407 0.0582961
181 0.0548435 0.0531379
182 0.0494298 0.0477699
183 0.043821 0.0422134
184 0.0380392 0.0364904
185 0.0321074 0.0306233
186 0.0260488 0.0246354
187 0.0198874 0.0185502
188 0.0136476 0.0123918
189 0.00735385 0.00618454
190 0.00103111 -4.71387e-05
191 -0.0052957 -0.00627864
192 -0.0116016 -0.0124854
193 -0.0178617 -0.0186428
194 -0.0240514 -0.0247267
195 -0.0301461 -0.030713
196 -0.0361218 -0.036578
197 -0.041955 -0.0422987
198 -0.0476226 -0.0478525
199 -0.0531023 -0.0532175
200 -0.0583724 -0.0583724
201 -0.0634121 -0.0632969
202 -0.0682016 -0.0679716
203 -0.0727219 -0.0723781
204 -0.0769552 -0.076499
205 -0.0808848 -0.0803179
206 -0.0844951 -0.0838198
207 -0.0877721 -0.086991
208 -0.0907026 -0.0898188
209 -0.0932751 -0.0922922
210 -0.0954796 -0.0944013
211 -0.0973072 -0.0961379
212 -0.0987508 -0.0974951
213 -0.0998047 -0.0984675
214 -0.100465 -0.0990513
215 -0.100728 -0.0992441
216 -0.100594 -0.0990453
217 -0.100063 -0.0984557
218 -0.0991372 -0.0974774
219 -0.0978201 -0.0961145
220 -0.0961169 -0.0943722
221 -0.0940343 -0.0922575
222 -0.0915806 -0.0897787
223 -0.0887655 -0.0869456
224 -0.0856001 -0.0837693
225 -0.0820969 -0.0802625
226 -0.0782697 -0.0764389
227 -0.0741335 -0.0723136
228 -0.0697049 -0.0679029
229 -0.0650011 -0.0632243
230 -0.0600407 -0.0582961
231 -0.0548435 -0.0531379
232 -0.0494298 -0.0477699
233 -0.043821 -0.0422134
234 -0.0380392 -0.0364904
235 -0.0321074 -0.0306233
236 -0.0260488 -0.0246354
237 -0.0198874 -0.0185502
238 -0.0136476 -0.0123918
239 -0.00735385 -0.00618454
240 -0.00103111 4.71387e-05
241 0.0052957 0.00627864
242 0.0116016 0.0124854
243 0.0178617 0.0186428
244 0.0240514 0.0247267
245 0.0301461 0.030713
246 0.0361218 0.036578
247 0.041955 0.0422987
248 0.0476226 0.0478525
249 0.0531023 0.0532175
250 0.0583724 0.0583724
251 0.0634121 0.0632969
252 0.0682016 0.0679716
253 0.0727219 0.0723781
254 0.0769552 0.076499
255 0.0808848 0.0803179
256 0.0844951 0.0838198
257 0.0877721 0.086991
258 0.0907026 0.0898188
259 0.0932751 0.0922922
260 0.0954796 0.0944013
261 0.0973072 0.0961379
262 0.0987508 0.0974951
263 0.0998047 0.0984675
264 0.100465 0.0990513
265 0.100728 0.0992441
266 0.100594 0.0990453
267 0.100063 0.0984557
268 0.0991372 0.0974774
269 0.0978201 0.0961145
270 0.0961169 0.0943722
271 0.0940343 0.0922575
272 0.0915806 0.0897787
273 0.0887655 0.0869456
274 0.0856001 0.0837693
275 0.0820969 0.0802625
276 0.0782697 0.0764389
277 0.0741335 0.0723136
278 0.0697049 0.0679029
279 0.0650011 0.0632243
280 0.0600407 0.0582961
281 0.0548435 0.0531379
282 0.0494298 0.0477699
283 0.043821 0.0422134
284 0.0380392 0.0364904
285 0.0321074 0.0306233
286 0.0260488 0.0246354
287 0.0198874 0.0185502
288 0.0136476 0.0123918
289 0.00735385 0.00618454
290 0.00103111 -4.71387e-05
291 -0.0052957 -0.00627864
292 -0.0116016 -0.0124854
293 -0.0178617 -0.0186428
294 -0.0240514 -0.0247267
295 -0.0301461 -0.030713
296 -0.0361218 -0.036578
297 -0.041955 -0.0422987
298 -0.0476226 -0.0478525
299 -0.0531023 -0.0532175
300 -0.0583724 -0.0583724
301 -0.0634121 -0.0632969
302 -0.0682016 -0.0679716
303 -0.0727219 -0.0723781
304 -0.0769552 -0.076499
305 -0.0808848 -0.0803179
306 -0.0844951 -0.0838198
307 -0.0877721 -0.086991
308 -0.0907026 -0.0898188
309 -0.0932751 -0.0922922
310 -0.0954796 -0.0944013
311 -0.0973072 -0.0961379
312 -0.0987508 -0.0974951
313 -0.0998047 -0.0984675
314 -0.100465 -0.0990513
315 -0.100728 -0.0992441
316 -0.100594 -0.0990453
317 -0.100063 -0.0984557
318 -0.0991372 -0.0974774
319 -0.0978201 -0.0961145
320 -0.0961169 -0.0943722
321 -0.0940343 -0.0922575
322 -0.0915806 -0.0897787
323 -0.0887655 -0.0869456
324 -0.0856001 -0.0837693
325 -0.0820969 -0.0802625
326 -0.0782697 -0.0764389
327 -0.0741335 -0.0723136
328 -0.0697049 -0.0679029
329 -0.0650011 -0.0632243
330 -0.0600407 -0.0582961
331 -0.0548435 -0.0531379
332 -0.0494298 -0.0477699
333 -0.043821 -0.0422134
334 -0.0380392 -0.0364904
335 -0.0321074 -0.0306233
336 -0.0260488 -0.0246354
337 -0.0198874 -0.0185502
338 -0.0136476 -0.0123918
339 -0.00735385 -0.00618454
340 -0.00103111 4.71387e-05
341 0.0052957 0.00627864
342 0.0116016 0.0124854
343 0.0178617 0.0186428
344 0.0240514 0.0247267
345 0.0301461 0.030713
346 0.0361218 0.036578
347 0.041955 0.0422987
348 0.0476226 0.0478525
349 0.0531023 0.0532175
350 0.0583724 0.0583724
351 0.0634121 0.0632969
352 0.0682016 0.0679716
353 0.0727219 0.0723781
354 0.0769552 0.076499
355 0.0808848 0.0803179
356 0.0844951 0.0838198
357 0.0877721 0.086991
358 0.0907026 0.0898188
359 0.0932751 0.0922922
360 0.0954796 0.0944013
361 0.0973072 0.0961379
362 0.0987508 0.0974951
363 0.0998047 0.0984675
364 0.100465 0.0990513
365 0.100728 0.0992441
366 0.100594 0.0990453
367 0.100063 0.0984557
368 0.0991372 0.0974774
369 0.0978201 0.0961145
370 0.0961169 0.0943722
371 0.0940343 0.0922575
372 0.0915806 0.0897787
373 0.0887655 0.0869456
374 0.0856001 0.0837693
375 0.0820969 0.0802625
376 0.0782697 0.0764389
377 0.0741335 0.0723136
378 0.0697049 0.0679029
379 0.0650011 0.0632243
380 0.0600407 0.0582961
381 0.0548435 0.0531379
382 0.0494298 0.0477699
383 0.043821 0.0422134
384 0.0380392 0.0364904
385 0.0321074 0.0306233
386 0.0260488 0.0246354
387 0.0198874 0.0185502
388 0.0136476 0.0123918
389 0.00735385 0.00618454
390 0.00103111 -4.71387e-05
391 -0.0052957 -0.00627864
392 -0.0116016 -0.0124854
393 -0.0178617 -0.0186428
394 -0.0240514 -0.0247267
395 -0.0301461 -0.030713
396 -0.0361218 -0.036578
397 -0.041955 -0.0422987
398 -0.0476226 -0.0478525
399 -0.0531023 -0.0532175
400 -0.0583724 -0.0583724
401 -0.0634121 -0.0632969
402 -0.0682016 -0.0679716
403 -0.0727219 -0.0723781
404 -0.0769552 -0.076499
405 -0.0808848 -0.0803179
406 -0.0844951 -0.0838198
407 -0.0877721 -0.086991
408 -0.0907026 -0.0898188
409 -0.0932751 -0.0922922
410 -0.0954796 -0.0944013
411 -0.0973072 -0.0961379
412 -0.0987508 -0.0974951
413 -0.0998047 -0.0984675
414 -0.100465 -0.0990513
415 -0.100728 -0.0992441
416 -0.100594 -0.0990453
417 -0.100063 -0.0984557
418 -0.0991372 -0.0974774
419 -0.0978201 -0.0961145
420 -0.0961169 -0.0943722
421 -0.0940343 -0.0922575
422 -0.0915806 -0.0897787
423 -0.0887655 -0.0869456
424 -0.0856001 -0.0837693
425 -0.0820969 -0.0802625
426 -0.0782697 -0.0764389
427 -0.0741335 -0.0723136
428 -0.0697049 -0.0679029
429 -0.0650011 -0.0632243
430 -0.0600407 -0.0582961
431 -0.0548435 -0.0531379
432 -0.0494298 -0.0477699
433 -0.043821 -0.0422134
434 -0.0380392 -0.0364904
435 -0.0321074 -0.0306233
436 -0.0260488 -0.0246354
437 -0.0198874 -0.0185502
438 -0.0136476 -0.0123918
439 -0.00735385 -0.00618454
440 -0.00103111 4.71387e-05
441 0.0052957 0.00627864
442 0.0116016 0.0124854
443 0.0178617 0.0186428
444 0.0240514 0.0247267
445 0.0301461 0.030713
446 0.0361218 0.036578
447 0.041955 0.0422987
448 0.0476226 0.0478525
449 0.0531023 0.0532175
450 0.0583724 0.0583724
451 0.0634121 0.0632969
452 0.0682016 0.0679716
453 0.0727219 0.0723781
454 0.0769552 0.076499
455 0.0808848 0.0803179
456 0.0844951 0.0838198
457 0.0877721 0.086991
458 0.0907026 0.0898188
459 0.0932751 0.0922922
460 0.0954796 0.0944013
461 0.0973072 0.0961379
462 0.0987508 0.0974951
463 0.0998047 0.0984675
464 0.100465 0.0990513
465 0.100728 0.0992441
466 0.100594 0.0990453
467 0.100063 0.0984557
468 0.0991372 0.0974774
469 0.0978201 0.0961145
470 0.0961169 0.0943722
471 0.0940343 0.0922575
472 0.0915806 0.0897787
473 0.0887655 0.0869456
474 0.0856001 0.0837693
475 0.0820969 0.0802625
476 0.0782697 0.0764389
477 0.0741335 0.0723136
478 0.0697049 0.0679029
479 0.0650011 0.0632243
480 0.0600407 0.0582961
481 0.0548435 0.0531379
482 0.0494298 0.0477699
483 0.043821 0.0422134
484 0.0380392 0.0364904
485 0.0321074 0.0306233
486 0.0260488 0.0246354
487 0.0198874 0.0185502
488 0.0136476 0.0123918
489 0.00735385 0.00618454
490 0.00103111 -4.71387e-05
491 -0.0052957 -0.00627864
492 -0.0116016 -0.0124854
493 -0.0178617 -0.0186428
494 -0.0240514 -0.0247267
495 -0.0301461 -0.030713
496 -0.0361218 -0.036578
497 -0.041955 -0.0422987
498 -0.0476226 -0.0478525
499 -0.0531023 -0.0532175
500 -0.0583724 -0.0583724
501 -0.0634121 -0.0632969
502 -0.0682016 -0.0679716
503 -0.0727219 -0.0723781
504 -0.0769552 -0.076499
505 -0.0808848 -0.0803179
506 -0.0844951 -0.0838198
507 -0.0877721 -0.086991
508 -0.0907026 -0.0898188
509 -0.0932751 -0.0922922
510 -0.0954796 -0.0944013
511 -0.0973072 -0.0961379
512 -0.0987508 -0.0974951
513 -0.0998047 -0.0984675
514 -0.100465 -0.0990513
515 -0.100728 -0.0992441
516 -0.100594 -0.0990453
517 -0.100063 -0.0984557
518 -0.0991372 -0.0974774
519 -0.0978201 -0.0961145
520 -0.0961169 -0.0943722
521 -0.0940343 -0.0922575
522 -0.0915806 -0.0897787
523 -0.0887655 -0.0869456
524 -0.0856001 -0.0837693
525 -0.0820969 -0.0802625
526 -0.0782697 -0.0764389
527 -0.0741335 -0.0723136
528 -0.0697049 -0.0679029
529 -0.0650011 -0.0632243
530 -0.0600407 -0.0582961
531 -0.0548435 -0.0531379
532 -0.0494298 -0.0477699
533 -0.043821 -0.0422134
534 -0.0380392 -0.0364904
535 -0.0321074 -0.0306233
536 -0.0260488 -0.0246354
537 -0.0198874 -0.0185502
538 -0.0136476 -0.0123918
539 -0.00735385 -0.00618454
540 -0.00103111 4.71387e-05
541 0.0052957 0.00627864
542 0.0116016 0.0124854
543 0.0178617 0.0186428
544 0.0240514 0.0247267
545 0.0301461 0.030713
546 0.0361218 0.036578
547 0.041955 0.0422987
548 0.0476226 0.0478525
549 0.0531023 0.0532175
550 0.0583724 0.0583724
551 0.0634121 0.0632969
552 0.0682016 0.0679716
553 0.0727219 0.0723781
554 0.0769552 0.076499
555 0.0808848 0.0803179
556 0.0844951 0.0838198
557 0.0877721 0.086991
558 0.0907026 0.0898188
559 0.0932751 0.0922922
560 0.0954796 0.0944013
561 0.0973072 0.0961379
562 0.0987508 0.0974951
563 0.0998047 0.0984675
564 0.100465 0.0990513
565 0.100728 0.0992441
566 0.100594 0.0990453
567 0.100063 0.0984557
568 0.0991372 0.0974774
569 0.0978201 0.0961145
570 0.0961169 0.0943722
571 0.0940343 0.0922575
572 0.0915806 0.0897787
573 0.0887655 0.0869456
574 0.0856001 0.0837693
575 0.0820969 0.0802625
576 0.0782697 0.0764389
577 0.0741335 0.0723136
578 0.0697049 0.0679029
579 0.0650011 0.0632243
580 0.0600407 0.0582961
581 0.0548435 0.0531379
582 0.0494298 0.0477699
583 0.043821 0.0422134
584 0.0380392 0.0364904
585 0.0321074 0.0306233
586 0.0260488 0.0246354
587 0.0198874 0.0185502
588 0.0136476 0.0123918
589 0.00735385 0.00618454
590 0.00103111 -4.71387e-05
591 -0.0052957 -0.00627864
592 -0.0116016 -0.0124854
593 -0.0178617 -0.0186428
594 -0.0240514 -0.0247267
595 -0.0301461 -0.030713
596 -0.0361218 -0.036578
597 -0.041955 -0.0422987
598 -0.0476226 -0.0478525
599 -0.0531023 -0.0532175
600 -0.0583724 -0.0583724
601 -0.0634121 -0.0632969
602 -0.0682016 -0.0679716
603 -0.0727219 -0.0723781
604 -0.0769552 -0.076499
605 -0.0808848 -0.0803179
606 -0.0844951 -0.0838198
607 -0.0877721 -0.086991
608 -0.0907026 -0.0898188
609 -0.0932751 -0.0922922
610 -0.0954796 -0.0944013
611 -0.0973072 -0.0961379
612 -0.0987508 -0.0974951
613 -0.0998047 -0.0984675
614 -0.100465 -0.0990513
615 -0.100728 -0.0992441
616 -0.100594 -0.0990453
617 -0.100063 -0.0984557
618 -0.0991372 -0.0974774
619 -0.0978201 -0.0961145
620 -0.0961169 -0.0943722
621 -0.0940343 -0.0922575
622 -0.0915806 -0.0897787
623 -0.0887655 -0.0869456
624 -0.0856001 -0.0837693
625 -0.0820969 -0.0802625
626 -0.0782697 -0.0764389
627 -0.0741335 -0.0723136
628 -0.0697049 -0.0679029
629 -0.0650011 -0.0632243
630 -0.0600407 -0.0582961
631 -0.0548435 -0.0531379
632 -0.0494298 -0.0477699
633 -0.043821 -0.0422134
634 -0.0380392 -0.0364904
635 -0.0321074 -0.0306233
636 -0.0260488 -0.0246354
637 -0.0198874 -0.0185502
638 -0.0136476 -0.0123918
639 -0.00735385 -0.00618454
640 -0.00103111 4.71387e-05
641 0.0052957 0.00627864
642 0.0116016 0.0124854
643 0.0178617 0.0186428
644 0.0240514 0.0247267
645 0.0301461 0.030713
646 0.0361218 0.036578
647 0.041955 0.0422987
648 0.0476226 0.0478525
649 0.0531023 0.0532175
650 0.0583724 0.0583724
651 0.0634121 0.0632969
652 0.0682016 0.0679716
653 0.0727219 0.0723781
654 0.0769552 0.076499
655 0.0808848 0.0803179
656 0.0844951 0.0838198
657 0.0877721 0.086991
658 0.0907026 0.0898188
659 0.0932751 0.0922922
660 0.0954796 0.0944013
661 0.0973072 0.0961379
662 0.0987508 0.0974951
663 0.0998047 0.0984675
664 0.100465 0.0990513
665 0.100728 0.0992441
666 0.100594 0.0990453
667 0.100063 0.0984557
668 0.0991372 0.0974774
669 0.0978201 0.0961145
670 0.0961169 0.0943722
671 0.0940343 0.0922575
672 0.0915806 0.0897787
673 0.0887655 0.0869456
674 0.0856001 0.0837693
675 0.0820969 0.0802625
676 0.0782697 0.0764389
677 0.0741335 0.0723136
678 0.0697049 0.0679029
679 0.0650011 0.0632243
680 0.0600407 0.0582961
681 0.0548435 0.0531379
682 0.0494298 0.0477699
683 0.043821 0.0422134
684 0.0380392 0.0364904
685 0.0321074 0.0306233
686 0.0260488 0.0246354
687 0.0198874 0.0185502
688 0.0136476 0.0123918
689 0.00735385 0.00618454
690 0.00103111 -4.71387e-05
691 -0.0052957 -0.00627864
692 -0.0116016 -0.0124854
693 -0.0178617 -0.0186428
694 -0.0240514 -0.0247267
695 -0.0301461 -0.030713
696 -0.0361218 -0.036578
697 -0.041955 -0.0422987
698 -0.0476226 -0.0478525
699 -0.0531023 -0.0532175
700 -0.0583724 -0.0583724
701 -0.0634121 -0.0632969
702 -0.0682016 -0.0679716
703 -0.0727219 -0.0723781
704 -0.0769552 -0.076499
705 -0.0808848 -0.0803179
706 -0.0844951 -0.0838198
707 -0.0877721 -0.086991
708 -0.0907026 -0.0898188
709 -0.0932751 -0.0922922
710 -0.0954796 -0.0944013
711 -0.0973072 -0.0961379
712 -0.0987508 -0.0974951
713 -0.0998047 -0.0984675
714 -0.100465 -0.0990513
715 -0.100728 -0.0992441
716 -0.100594 -0.0990453
717 -0.100063 -0.0984557
718 -0.0991372 -0.0974774
719 -0.0978201 -0.0961145
720 -0.0961169 -0.0943722
721 -0.0940343 -0.0922575
722 -0.0915806 -0.0897787
723 -0.0887655 -0.0869456
724 -0.0856001 -0.0837693
725 -0.0820969 -0.0802625
726 -0.0782697 -0.0764389
727 -0.0741335 -0.0723136
728 -0.0697049 -0.0679029
729 -0.0650011 -0.0632243
730 -0.0600407 -0.0582961
731 -0.0548435 -0.0531379
732 -0.0494298 -0.0477699
733 -0.043821 -0.0422134
734 -0.0380392 -0.0364904
735 -0.0321074 -0.0306233
736 -0.0260488 -0.0246354
737 -0.0198874 -0.0185502
738 -0.0136476 -0.0123918
739 -0.00735385 -0.00618454
740 -0.00103111 4.71387e-05
741 0.0052957 0.00627864
742 0.0116016 0.0124854
743 0.0178617 0.0186428
744 0.0240514 0.0247267
745 0.0301461 0.030713
746 0.0361218 0.036578
747 0.041955 0.0422987
748 0.0476226 0.0478525
749 0.0531023 0.0532175
750 0.0583724 0.0583724
751 0.0634121 0.0632969
752 0.0682016 0.0679716
753 0.0727219 0.0723781
754 0.0769552 0.076499
755 0.0808848 0.0803179
756 0.0844951 0.0838198
757 0.0877721 0.086991
758 0.0907026 0.0898188
759 0.0932751 0.0922922
760 0.0954796 0.0944013
761 0.0973072 0.0961379
762 0.0987508 0.0974951
763 0.0998047 0.0984675
764 0.100465 0.0990513
765 0.100728 0.0992441
766 0.100594 0.0990453
767 0.100063 0.0984557
768 0.0991372 0.0974774
769 0.0978201 0.0961145
770 0.0961169 0.0943722
771 0.0940343 0.0922575
772 0.0915806 0.0897787
773 0.0887655 0.0869456
774 0.0856001 0.0837693
775 0.0820969 0.0802625
776 0.0782697 0.0764389
777 0.0741335 0.0723136
778 0.0697049 0.0679029
779 0.0650011 0.0632243
780 0.0600407 0.0582961
781 0.0548435 0.0531379
782 0.0494298 0.0477699
783 0.043821 0.0422134
784 0.0380392 0.0364904
785 0.0321074 0.0306233
786 0.0260488 0.0246354
787 0.0198874 0.0185502
788 0.0136476 0.0123918
789 0.00735385 0.00618454
790 0.00103111 -4.71387e-05
791 -0.0052957 -0.00627864
792 -0.0116016 -0.0124854
793 -0.0178617 -0.0186428
794 -0.0240514 -0.0247267
795 -0.0301461 -0.030713
796 -0.0361218 -0.036578
797 -0.041955 -0.0422987
798 -0.0476226 -0.0478525
799 -0.0531023 -0.0532175
800 -0.0583724 -0.0583724
801 -0.0634121 -0.0632969
802 -0.0682016 -0.0679716
803 -0.0727219 -0.0723781
804 -0.0769552 -0.076499
805 -0.0808848 -0.0803179
806 -0.0844951 -0.0838198
807 -0.0877721 -0.086991
808 -0.0907026 -0.0898188
809 -0.0932751 -0.0922922
810 -0.0954796 -0.0944013
811 -0.0973072 -0.0961379
812 -0.0987508 -0.0974951
813 -0.0998047 -0.0984675
814 -0.100465 -0.0990513
815 -0.100728 -0.0992441
816 -0.100594 -0.0990453
817 -0.100063 -0.0984557
818 -0.0991372 -0.0974774
819 -0.0978201 -0.0961145
820 -0.0961169 -0.0943722
821 -0.0940343 -0.0922575
822 -0.0915806 -0.0897787
823 -0.0887655 -0.0869456
824 -0.0856001 -0.0837693
825 -0.0820969 -0.0802625
826 -0.0782697 -0.0764389
827 -0.0741335 -0.0723136
828 -0.0697049 -0.0679029
829 -0.0650011 -0.0632243
830 -0.0600407 -0.0582961
831 -0.0548435 -0.0531379
832 -0.0494298 -0.0477699
833 -0.043821 -0.0422134
834 -0.0380392 -0.0364904
835 -0.0321074 -0.0306233
836 -0.0260488 -0.0246354
837 -0.0198874 -0.0185502
838 -0.0136476 -0.0123918
839 -0.00735385 -0.00618454
840 -0.00103111 4.71387e-05
841 0.0052957 0.00627864
842 0.0116016 0.0124854
843 0.0178617 0.0186428
844 0.0240514 0.0247267
845 0.0301461 0.030713
846 0.0361218 0.036578
847 0.041955 0.0422987
848 0.0476226 0.0478525
849 0.0531023 0.0532175
850 0.0583724 0.0583724
851 0.0634121 0.0632969
852 0.0682016 0.0679716
853 0.0727219 0.0723781
854 0.0769552 0.076499
855 0.0808848 0.0803179
856 0.0844951 0.0838198
857 0.0877721 0.086991
858 0.0907026 0.0898188
859 0.0932751 0.0922922
860 0.0954796 0.0944013
861 0.0973072 0.0961379
862 0.0987508 0.0974951
863 0.0998047 0.0984675
864 0.100465 0.0990513
865 0.100728 0.0992441
866 0.100594 0.0990453
867 0.100063 0.0984557
868 0.0991372 0.0974774
869 0.0978201 0.0961145
870 0.0961169 0.0943722
871 0.0940343 0.0922575
872 0.0915806 0.0897787
873 0.0887655 0.0869456
874 0.0856001 0.0837693
875 0.0820969 0.0802625
876 0.0782697 0.0764389
877 0.0741335 0.0723136
878 0.0697049 0.0679029
879 0.0650011 0.0632243
880 0.0600407 0.0582961
881 0.0548435 0.0531379
882 0.0494298 0.0477699
883 0.043821 0.0422134
884 0.0380392 0.0364904
885 0.0321074 0.0306233
886 0.0260488 0.0246354
887 0.0198874 0.0185502
888 0.0136476 0.0123918
889 0.00735385 0.00618454
890 0.00103111 -4.71387e-05
891 -0.0052957 -0.00627864
892 -0.0116016 -0.0124854
893 -0.0178617 -0.0186428
894 -0.0240514 -0.0247267
895 -0.0301461 -0.030713
896 -0.0361218 -0.036578
897 -0.041955 -0.0422987
898 -0.0476226 -0.0478525
899 -0.0531023 -0.0532175
900 -0.0583724 -0.0583724
901 -0.0634121 -0.0632969
902 -0.0682016 -0.0679716
903 -0.0727219 -0.0723781
904 -0.0769552 -0.076499
905 -0.0808848 -0.0803179
906 -0.0844951 -0.0838198
907 -0.0877721 -0.086991
908 -0.0907026 -0.0898188
909 -0.0932751 -0.0922922
910 -0.0954796 -0.0944013
911 -0.0973072 -0.0961379
912 -0.0987508 -0.0974951
913 -0.0998047 -0.0984675
914 -0.100465 -0.0990513
915 -0.100728 -0.0992441
916 -0.100594 -0.0990453
917 -0.100063 -0.0984557
918 -0.0991372 -0.0974774
919 -0.0978201 -0.0961145
920 -0.0961169 -0.0943722
921 -0.0940343 -0.0922575
922 -0.0915806 -0.0897787
923 -0.0887655 -0.0869456
924 -0.0856001 -0.0837693
925 -0.0820969 -0.0802625
926 -0.0782697 -0.0764389
927 -0.0741335 -0.0723136
928 -0.0697049 -0.0679029
929 -0.0650011 -0.0632243
930 -0.0600407 -0.0582961
931 -0.0548435 -0.0531379
932 -0.0494298 -0.0477699
933 -0.043821 -0.0422134
934 -0.0380392 -0.0364904
935 -0.0321074 -0.0306233
936 -0.0260488 -0.0246354
937 -0.0198874 -0.0185502
938 -0.0136476 -0.0123918
939 -0.00735385 -0.00618454
940 -0.00103111 4.71387e-05
941 0.0052957 0.00627864
942 0.0116016 0.0124854
943 0.0178617 0.0186428
944 0.0240514 0.0247267
945 0.0301461 0.030713
946 0.0361218 0.036578
947 0.041955 0.0422987
948 0.0476226 0.0478525
949 0.0531023 0.0532175
950 0.0583724 0.0583724
951 0.0634121 0.0632969
952 0.0682016 0.0679716
953 0.0727219 0.0723781
954 0.0769552 0.076499
955 0.0808848 0.0803179
956 0.0844951 0.0838198
957 0.0877721 0.086991
958 0.0907026 0.0898188
959 0.0932751 0.0922922
960 0.0954796 0.0944013
961 0.0973072 0.0961379
962 0.0987508 0.0974951
963 0.0998047 0.0984675
964 0.100465 0.0990513
965 0.100728 0.0992441
966 0.100594 0.0990453
967 0.100063 0.0984557
968 0.0991372 0.0974774
969 0.0978201 0.0961145
970 0.0961169 0.0943722
971 0.0940343 0.0922575
972 0.0915806 0.0897787
973 0.0887655 0.0869456
974 0.0856001 0.0837693
975 0.0820969 0.0802625
976 0.0782697 0.0764389
977 0.0741335 0.0723136
978 0.0697049 0.0679029
979 0.0650011 0.0632243
980 0.0600407 0.0582961
981 0.0548435 0.0531379
982 0.0494298 0.0477699
983 0.043821 0.0422134
984 0.0380392 0.0364904
985 0.0321074 0.0306233
986 0.0260488 0.0246354
987 0.0198874 0.0185502
988 0.0136476 0.0123918
989 0.00735385 0.00618454
990 0.00103111 -4.71387e-05
991 -0.0052957 -0.00627864
992 -0.0116016 -0.0124854
993 -0.0178617 -0.0186428
994 -0.0240514 -0.0247267
995 -0.0301461 -0.030713
996 -0.0361218 -0.036578
997 -0.041955 -0.0422987
998 -0.0476226 -0.0478525
999 -0.0531023 -0.0532175
