0 -0.0828644 -0.0828644
1 -0.0862947 -0.0861311
2 -0.0893843 -0.089058
3 -0.0921213 -0.0916333
4 -0.0944946 -0.093847
5 -0.0964951 -0.0956904
6 -0.0981147 -0.0971561
7 -0.0993471 -0.0982383
8 -0.100187 -0.0989329
9 -0.100632 -0.099237
10 -0.10068 -0.0991495
11 -0.100331 -0.0986706
12 -0.0995851 -0.0978024
13 -0.0984465 -0.0965482
14 -0.0969195 -0.094913
15 -0.0950099 -0.0929031
16 -0.0927254 -0.0905267
17 -0.0900749 -0.0877929
18 -0.087069 -0.0847127
19 -0.0837194 -0.0812982
20 -0.0800395 -0.0775628
21 -0.0760436 -0.0735213
22 -0.0717477 -0.0691897
23 -0.0671685 -0.064585
24 -0.0623244 -0.0597254
25 -0.0572342 -0.0546301
26 -0.0519182 -0.0493192
27 -0.0463972 -0.0438136
28 -0.0406932 -0.0381352
29 -0.0348285 -0.0323062
30 -0.0288264 -0.0263498
31 -0.0227106 -0.0202893
32 -0.0165051 -0.0141488
33 -0.0102345 -0.00795246
34 -0.00392346 -0.00172472
35 0.00240304 0.00450982
36 0.00872006 0.0107266
37 0.0150027 0.016901
38 0.0212261 0.0230087
39 0.0273657 0.0290256
40 0.0333973 0.034928
41 0.0392971 0.0406925
42 0.0450419 0.0462964
43 0.0506088 0.0517176
44 0.0559761 0.0569347
45 0.0611224 0.0619271
46 0.0660275 0.0666751
47 0.070672 0.07116
48 0.0750377 0.075364
49 0.0791071 0.0792706
50 0.0828644 0.0828644
51 0.0862947 0.0861311
52 0.0893843 0.089058
53 0.0921213 0.0916333
54 0.0944946 0.093847
55 0.0964951 0.0956904
56 0.0981147 0.0971561
57 0.0993471 0.0982383
58 0.100187 0.0989329
59 0.100632 0.099237
60 0.10068 0.0991495
61 0.100331 0.0986706
62 0.0995851 0.0978024
63 0.0984465 0.0965482
64 0.0969195 0.094913
65 0.0950099 0.0929031
66 0.0927254 0.0905267
67 0.0900749 0.0877929
68 0.087069 0.0847127
69 0.0837194 0.0812982
70 0.0800395 0.0775628
71 0.0760436 0.0735213
72 0.0717477 0.0691897
73 0.0671685 0.064585
74 0.0623244 0.0597254
75 0.0572342 0.0546301
76 0.0519182 0.0493192
77 0.0463972 0.0438136
78 0.0406932 0.0381352
79 0.0348285 0.0323062
80 0.0288264 0.0263498
81 0.0227106 0.0202893
82 0.0165051 0.0141488
83 0.0102345 0.00795246
84 0.00392346 0.00172472
85 -0.00240304 -0.00450982
86 -0.00872006 -0.0107266
87 -0.0150027 -0.016901
88 -0.0212261 -0.0230087
89 -0.0273657 -0.0290256
90 -0.0333973 -0.034928
91 -0.0392971 -0.0406925
92 -0.0450419 -0.0462964
93 -0.0506088 -0.0517176
94 -0.0559761 -0.0569347
95 -0.0611224 -0.0619271
96 -0.0660275 -0.0666751
97 -0.070672 -0.07116
98 -0.0750377 -0.075364
99 -0.0791071 -0.0792706
100 -0.0828644 -0.0828644
101 -0.0862947 -0.0861311
102 -0.0893843 -0.089058
103 -0.0921213 -0.0916333
104 -0.0944946 -0.093847
105 -0.0964951 -0.0956904
106 -0.0981147 -0.0971561
107 -0.0993471 -0.0982383
108 -0.100187 -0.0989329
109 -0.100632 -0.099237
110 -0.10068 -0.0991495
111 -0.100331 -0.0986706
112 -0.0995851 -0.0978024
113 -0.0984465 -0.0965482
114 -0.0969195 -0.094913
115 -0.0950099 -0.0929031
116 -0.0927254 -0.0905267
117 -0.0900749 -0.0877929
118 -0.087069 -0.0847127
119 -0.0837194 -0.0812982
120 -0.0800395 -0.0775628
121 -0.0760436 -0.0735213
122 -0.0717477 -0.0691897
123 -0.0671685 -0.064585
124 -0.0623244 -0.0597254
125 -0.0572342 -0.0546301
126 -0.0519182 -0.0493192
127 -0.0463972 -0.0438136
128 -0.0406932 -0.0381352
129 -0.0348285 -0.0323062
130 -0.0288264 -0.0263498
131 -0.0227106 -0.0202893
132 -0.0165051 -0.0141488
133 -0.0102345 -0.00795246
134 -0.00392346 -0.00172472
135 0.00240304 0.00450982
136 0.00872006 0.0107266
137 0.0150027 0.016901
138 0.0212261 0.0230087
139 0.0273657 0.0290256
140 0.0333973 0.034928
141 0.0392971 0.0406925
142 0.0450419 0.0462964
143 0.0506088 0.0517176
144 0.0559761 0.0569347
145 0.0611224 0.0619271
146 0.0660275 0.0666751
147 0.070672 0.07116
148 0.0750377 0.075364
149 0.0791071 0.0792706
150 0.0828644 0.0828644
151 0.0862947 0.0861311
152 0.0893843 0.089058
153 0.0921213 0.0916333
154 0.0944946 0.093847
155 0.0964951 0.0956904
156 0.0981147 0.0971561
157 0.0993471 0.0982383
158 0.100187 0.0989329
159 0.100632 0.099237
160 0.10068 0.0991495
161 0.100331 0.0986706
162 0.0995851 0.0978024
163 0.0984465 0.0965482
164 0.0969195 0.094913
165 0.0950099 0.0929031
166 0.0927254 0.0905267
167 0.0900749 0.0877929
168 0.087069 0.0847127
169 0.0837194 0.0812982
170 0.0800395 0.0775628
171 0.0760436 0.0735213
172 0.0717477 0.0691897
173 0.0671685 0.064585
174 0.0623244 0.0597254
175 0.0572342 0.0546301
176 0.0519182 0.0493192
177 0.0463972 0.0438136
178 0.0406932 0.0381352
179 0.0348285 0.0323062
180 0.0288264 0.0263498
181 0.0227106 0.0202893
182 0.0165051 0.0141488
183 0.0102345 0.00795246
184 0.00392346 0.00172472
185 -0.00240304 -0.00450982
186 -0.00872006 -0.0107266
187 -0.0150027 -0.016901
188 -0.0212261 -0.0230087
189 -0.0273657 -0.0290256
190 -0.0333973 -0.034928
191 -0.0392971 -0.0406925
192 -0.0450419 -0.0462964
193 -0.0506088 -0.0517176
194 -0.0559761 -0.0569347
195 -0.0611224 -0.0619271
196 -0.0660275 -0.0666751
197 -0.070672 -0.07116
198 -0.0750377 -0.075364
199 -0.0791071 -0.0792706
200 -0.0828644 -0.0828644
201 -0.0862947 -0.0861311
202 -0.0893843 -0.089058
203 -0.0921213 -0.0916333
204 -0.0944946 -0.093847
205 -0.0964951 -0.0956904
206 -0.0981147 -0.0971561
207 -0.0993471 -0.0982383
208 -0.100187 -0.0989329
209 -0.100632 -0.099237
210 -0.10068 -0.0991495
211 -0.100331 -0.0986706
212 -0.0995851 -0.0978024
213 -0.0984465 -0.0965482
214 -0.0969195 -0.094913
215 -0.0950099 -0.0929031
216 -0.0927254 -0.0905267
217 -0.0900749 -0.0877929
218 -0.087069 -0.0847127
219 -0.0837194 -0.0812982
220 -0.0800395 -0.0775628
221 -0.0760436 -0.0735213
222 -0.0717477 -0.0691897
223 -0.0671685 -0.064585
224 -0.0623244 -0.0597254
225 -0.0572342 -0.0546301
226 -0.0519182 -0.0493192
227 -0.0463972 -0.0438136
228 -0.0406932 -0.0381352
229 -0.0348285 -0.0323062
230 -0.0288264 -0.0263498
231 -0.0227106 -0.0202893
232 -0.0165051 -0.0141488
233 -0.0102345 -0.00795246
234 -0.00392346 -0.00172472
235 0.00240304 0.00450982
236 0.00872006 0.0107266
237 0.0150027 0.016901
238 0.0212261 0.0230087
239 0.0273657 0.0290256
240 0.0333973 0.034928
241 0.0392971 0.0406925
242 0.0450419 0.0462964
243 0.0506088 0.0517176
244 0.0559761 0.0569347
245 0.0611224 0.0619271
246 0.0660275 0.0666751
247 0.070672 0.07116
248 0.0750377 0.075364
249 0.0791071 0.0792706
250 0.0828644 0.0828644
251 0.0862947 0.0861311
252 0.0893843 0.089058
253 0.0921213 0.0916333
254 0.0944946 0.093847
255 0.0964951 0.0956904
256 0.0981147 0.0971561
257 0.0993471 0.0982383
258 0.100187 0.0989329
259 0.100632 0.099237
260 0.10068 0.0991495
261 0.100331 0.0986706
262 0.0995851 0.0978024
263 0.0984465 0.0965482
264 0.0969195 0.094913
265 0.0950099 0.0929031
266 0.0927254 0.0905267
267 0.0900749 0.0877929
268 0.087069 0.0847127
269 0.0837194 0.0812982
270 0.0800395 0.0775628
271 0.0760436 0.0735213
272 0.0717477 0.0691897
273 0.0671685 0.064585
274 0.0623244 0.0597254
275 0.0572342 0.0546301
276 0.0519182 0.0493192
277 0.0463972 0.0438136
278 0.0406932 0.0381352
279 0.0348285 0.0323062
280 0.0288264 0.0263498
281 0.0227106 0.0202893
282 0.0165051 0.0141488
283 0.0102345 0.00795246
284 0.00392346 0.00172472
285 -0.00240304 -0.00450982
286 -0.00872006 -0.0107266
287 -0.0150027 -0.016901
288 -0.0212261 -0.0230087
289 -0.0273657 -0.0290256
290 -0.0333973 -0.034928
291 -0.0392971 -0.0406925
292 -0.0450419 -0.0462964
293 -0.0506088 -0.0517176
294 -0.0559761 -0.0569347
295 -0.0611224 -0.0619271
296 -0.0660275 -0.0666751
297 -0.070672 -0.07116
298 -0.0750377 -0.075364
299 -0.0791071 -0.0792706
300 -0.0828644 -0.0828644
301 -0.0862947 -0.0861311
302 -0.0893843 -0.089058
303 -0.0921213 -0.0916333
304 -0.0944946 -0.093847
305 -0.0964951 -0.0956904
306 -0.0981147 -0.0971561
307 -0.0993471 -0.0982383
308 -0.100187 -0.0989329
309 -0.100632 -0.099237
310 -0.10068 -0.0991495
311 -0.100331 -0.0986706
312 -0.0995851 -0.0978024
313 -0.0984465 -0.0965482
314 -0.0969195 -0.094913
315 -0.0950099 -0.0929031
316 -0.0927254 -0.0905267
317 -0.0900749 -0.0877929
318 -0.087069 -0.0847127
319 -0.0837194 -0.0812982
320 -0.0800395 -0.0775628
321 -0.0760436 -0.0735213
322 -0.0717477 -0.0691897
323 -0.0671685 -0.064585
324 -0.0623244 -0.0597254
325 -0.0572342 -0.0546301
326 -0.0519182 -0.0493192
327 -0.0463972 -0.0438136
328 -0.0406932 -0.0381352
329 -0.0348285 -0.0323062
330 -0.0288264 -0.0263498
331 -0.0227106 -0.0202893
332 -0.0165051 -0.0141488
333 -0.0102345 -0.00795246
334 -0.00392346 -0.00172472
335 0.00240304 0.00450982
336 0.00872006 0.0107266
337 0.0150027 0.016901
338 0.0212261 0.0230087
339 0.0273657 0.0290256
340 0.0333973 0.034928
341 0.0392971 0.0406925
342 0.0450419 0.0462964
343 0.0506088 0.0517176
344 0.0559761 0.0569347
345 0.0611224 0.0619271
346 0.0660275 0.0666751
347 0.070672 0.07116
348 0.0750377 0.075364
349 0.0791071 0.0792706
350 0.0828644 0.0828644
351 0.0862947 0.0861311
352 0.0893843 0.089058
353 0.0921213 0.0916333
354 0.0944946 0.093847
355 0.0964951 0.0956904
356 0.0981147 0.0971561
357 0.0993471 0.0982383
358 0.100187 0.0989329
359 0.100632 0.099237
360 0.10068 0.0991495
361 0.100331 0.0986706
362 0.0995851 0.0978024
363 0.0984465 0.0965482
364 0.0969195 0.094913
365 0.0950099 0.0929031
366 0.0927254 0.0905267
367 0.0900749 0.0877929
368 0.087069 0.0847127
369 0.0837194 0.0812982
370 0.0800395 0.0775628
371 0.0760436 0.0735213
372 0.0717477 0.0691897
373 0.0671685 0.064585
374 0.0623244 0.0597254
375 0.0572342 0.0546301
376 0.0519182 0.0493192
377 0.0463972 0.0438136
378 0.0406932 0.0381352
379 0.0348285 0.0323062
380 0.0288264 0.0263498
381 0.0227106 0.0202893
382 0.0165051 0.0141488
383 0.0102345 0.00795246
384 0.00392346 0.00172472
385 -0.00240304 -0.00450982
386 -0.00872006 -0.0107266
387 -0.0150027 -0.016901
388 -0.0212261 -0.0230087
389 -0.0273657 -0.0290256
390 -0.0333973 -0.034928
391 -0.0392971 -0.0406925
392 -0.0450419 -0.0462964
393 -0.0506088 -0.0517176
394 -0.0559761 -0.0569347
395 -0.0611224 -0.0619271
396 -0.0660275 -0.0666751
397 -0.070672 -0.07116
398 -0.0750377 -0.075364
399 -0.0791071 -0.0792706
400 -0.0828644 -0.0828644
401 -0.0862947 -0.0861311
402 -0.0893843 -0.089058
403 -0.0921213 -0.0916333
404 -0.0944946 -0.093847
405 -0.0964951 -0.0956904
406 -0.0981147 -0.0971561
407 -0.0993471 -0.0982383
408 -0.100187 -0.0989329
409 -0.100632 -0.099237
410 -0.10068 -0.0991495
411 -0.100331 -0.0986706
412 -0.0995851 -0.0978024
413 -0.0984465 -0.0965482
414 -0.0969195 -0.094913
415 -0.0950099 -0.0929031
416 -0.0927254 -0.0905267
417 -0.0900749 -0.0877929
418 -0.087069 -0.0847127
419 -0.0837194 -0.0812982
420 -0.0800395 -0.0775628
421 -0.0760436 -0.0735213
422 -0.0717477 -0.0691897
423 -0.0671685 -0.064585
424 -0.0623244 -0.0597254
425 -0.0572342 -0.0546301
426 -0.0519182 -0.0493192
427 -0.0463972 -0.0438136
428 -0.0406932 -0.0381352
429 -0.0348285 -0.0323062
430 -0.0288264 -0.0263498
431 -0.0227106 -0.0202893
432 -0.0165051 -0.0141488
433 -0.0102345 -0.00795246
434 -0.00392346 -0.00172472
435 0.00240304 0.00450982
436 0.00872006 0.0107266
437 0.0150027 0.016901
438 0.0212261 0.0230087
439 0.0273657 0.0290256
440 0.0333973 0.034928
441 0.0392971 0.0406925
442 0.0450419 0.0462964
443 0.0506088 0.0517176
444 0.0559761 0.0569347
445 0.0611224 0.0619271
446 0.0660275 0.0666751
447 0.070672 0.07116
448 0.0750377 0.075364
449 0.0791071 0.0792706
450 0.0828644 0.0828644
451 0.0862947 0.0861311
452 0.0893843 0.089058
453 0.0921213 0.0916333
454 0.0944946 0.093847
455 0.0964951 0.0956904
456 0.0981147 0.0971561
457 0.0993471 0.0982383
458 0.100187 0.0989329
459 0.100632 0.099237
460 0.10068 0.0991495
461 0.100331 0.0986706
462 0.0995851 0.0978024
463 0.0984465 0.0965482
464 0.0969195 0.094913
465 0.0950099 0.0929031
466 0.0927254 0.0905267
467 0.0900749 0.0877929
468 0.087069 0.0847127
469 0.0837194 0.0812982
470 0.0800395 0.0775628
471 0.0760436 0.0735213
472 0.0717477 0.0691897
473 0.0671685 0.064585
474 0.0623244 0.0597254
475 0.0572342 0.0546301
476 0.0519182 0.0493192
477 0.0463972 0.0438136
478 0.0406932 0.0381352
479 0.0348285 0.0323062
480 0.0288264 0.0263498
481 0.0227106 0.0202893
482 0.0165051 0.0141488
483 0.0102345 0.00795246
484 0.00392346 0.00172472
485 -0.00240304 -0.00450982
486 -0.00872006 -0.0107266
487 -0.0150027 -0.016901
488 -0.0212261 -0.0230087
489 -0.0273657 -0.0290256
490 -0.0333973 -0.034928
491 -0.0392971 -0.0406925
492 -0.0450419 -0.0462964
493 -0.0506088 -0.0517176
494 -0.0559761 -0.0569347
495 -0.0611224 -0.0619271
496 -0.0660275 -0.0666751
497 -0.070672 -0.07116
498 -0.0750377 -0.075364
499 -0.0791071 -0.0792706
500 -0.0828644 -0.0828644
501 -0.0862947 -0.0861311
502 -0.0893843 -0.089058
503 -0.0921213 -0.0916333
504 -0.0944946 -0.093847
505 -0.0964951 -0.0956904
506 -0.0981147 -0.0971561
507 -0.0993471 -0.0982383
508 -0.100187 -0.0989329
509 -0.100632 -0.099237
510 -0.10068 -0.0991495
511 -0.100331 -0.0986706
512 -0.0995851 -0.0978024
513 -0.0984465 -0.0965482
514 -0.0969195 -0.094913
515 -0.0950099 -0.0929031
516 -0.0927254 -0.0905267
517 -0.0900749 -0.0877929
518 -0.087069 -0.0847127
519 -0.0837194 -0.0812982
520 -0.0800395 -0.0775628
521 -0.0760436 -0.0735213
522 -0.0717477 -0.0691897
523 -0.0671685 -0.064585
524 -0.0623244 -0.0597254
525 -0.0572342 -0.0546301
526 -0.0519182 -0.0493192
527 -0.0463972 -0.0438136
528 -0.0406932 -0.0381352
529 -0.0348285 -0.0323062
530 -0.0288264 -0.0263498
531 -0.0227106 -0.0202893
532 -0.0165051 -0.0141488
533 -0.0102345 -0.00795246
534 -0.00392346 -0.00172472
535 0.00240304 0.00450982
536 0.00872006 0.0107266
537 0.0150027 0.016901
538 0.0212261 0.0230087
539 0.0273657 0.0290256
540 0.0333973 0.034928
541 0.0392971 0.0406925
542 0.0450419 0.0462964
543 0.0506088 0.0517176
544 0.0559761 0.0569347
545 0.0611224 0.0619271
546 0.0660275 0.0666751
547 0.070672 0.07116
548 0.0750377 0.075364
549 0.0791071 0.0792706
550 0.0828644 0.0828644
551 0.0862947 0.0861311
552 0.0893843 0.089058
553 0.0921213 0.0916333
554 0.0944946 0.093847
555 0.0964951 0.0956904
556 0.0981147 0.0971561
557 0.0993471 0.0982383
558 0.100187 0.0989329
559 0.100632 0.099237
560 0.10068 0.0991495
561 0.100331 0.0986706
562 0.0995851 0.0978024
563 0.0984465 0.0965482
564 0.0969195 0.094913
565 0.0950099 0.0929031
566 0.0927254 0.0905267
567 0.0900749 0.0877929
568 0.087069 0.0847127
569 0.0837194 0.0812982
570 0.0800395 0.0775628
571 0.0760436 0.0735213
572 0.0717477 0.0691897
573 0.0671685 0.064585
574 0.0623244 0.0597254
575 0.0572342 0.0546301
576 0.0519182 0.0493192
577 0.0463972 0.0438136
578 0.0406932 0.0381352
579 0.0348285 0.0323062
580 0.0288264 0.0263498
581 0.0227106 0.0202893
582 0.0165051 0.0141488
583 0.0102345 0.00795246
584 0.00392346 0.00172472
585 -0.00240304 -0.00450982
586 -0.00872006 -0.0107266
587 -0.0150027 -0.016901
588 -0.0212261 -0.0230087
589 -0.0273657 -0.0290256
590 -0.0333973 -0.034928
591 -0.0392971 -0.0406925
592 -0.0450419 -0.0462964
593 -0.0506088 -0.0517176
594 -0.0559761 -0.0569347
595 -0.0611224 -0.0619271
596 -0.0660275 -0.0666751
597 -0.070672 -0.07116
598 -0.0750377 -0.075364
599 -0.0791071 -0.0792706
600 -0.0828644 -0.0828644
601 -0.0862947 -0.0861311
602 -0.0893843 -0.089058
603 -0.0921213 -0.0916333
604 -0.0944946 -0.093847
605 -0.0964951 -0.0956904
606 -0.0981147 -0.0971561
607 -0.0993471 -0.0982383
608 -0.100187 -0.0989329
609 -0.100632 -0.099237
610 -0.10068 -0.0991495
611 -0.100331 -0.0986706
612 -0.0995851 -0.0978024
613 -0.0984465 -0.0965482
614 -0.0969195 -0.094913
615 -0.0950099 -0.0929031
616 -0.0927254 -0.0905267
617 -0.0900749 -0.0877929
618 -0.087069 -0.0847127
619 -0.0837194 -0.0812982
620 -0.0800395 -0.0775628
621 -0.0760436 -0.0735213
622 -0.0717477 -0.0691897
623 -0.0671685 -0.064585
624 -0.0623244 -0.0597254
625 -0.0572342 -0.0546301
626 -0.0519182 -0.0493192
627 -0.0463972 -0.0438136
628 -0.0406932 -0.0381352
629 -0.0348285 -0.0323062
630 -0.0288264 -0.0263498
631 -0.0227106 -0.0202893
632 -0.0165051 -0.0141488
633 -0.0102345 -0.00795246
634 -0.00392346 -0.00172472
635 0.00240304 0.00450982
636 0.00872006 0.0107266
637 0.0150027 0.016901
638 0.0212261 0.0230087
639 0.0273657 0.0290256
640 0.0333973 0.034928
641 0.0392971 0.0406925
642 0.0450419 0.0462964
643 0.0506088 0.0517176
644 0.0559761 0.0569347
645 0.0611224 0.0619271
646 0.0660275 0.0666751
647 0.070672 0.07116
648 0.0750377 0.075364
649 0.0791071 0.0792706
650 0.0828644 0.0828644
651 0.0862947 0.0861311
652 0.0893843 0.089058
653 0.0921213 0.0916333
654 0.0944946 0.093847
655 0.0964951 0.0956904
656 0.0981147 0.0971561
657 0.0993471 0.0982383
658 0.100187 0.0989329
659 0.100632 0.099237
660 0.10068 0.0991495
661 0.100331 0.0986706
662 0.0995851 0.0978024
663 0.0984465 0.0965482
664 0.0969195 0.094913
665 0.0950099 0.0929031
666 0.0927254 0.0905267
667 0.0900749 0.0877929
668 0.087069 0.0847127
669 0.0837194 0.0812982
670 0.0800395 0.0775628
671 0.0760436 0.0735213
672 0.0717477 0.0691897
673 0.0671685 0.064585
674 0.0623244 0.0597254
675 0.0572342 0.0546301
676 0.0519182 0.0493192
677 0.0463972 0.0438136
678 0.0406932 0.0381352
679 0.0348285 0.0323062
680 0.0288264 0.0263498
681 0.0227106 0.0202893
682 0.0165051 0.0141488
683 0.0102345 0.00795246
684 0.00392346 0.00172472
685 -0.00240304 -0.00450982
686 -0.00872006 -0.0107266
687 -0.0150027 -0.016901
688 -0.0212261 -0.0230087
689 -0.0273657 -0.0290256
690 -0.0333973 -0.034928
691 -0.0392971 -0.0406925
692 -0.0450419 -0.0462964
693 -0.0506088 -0.0517176
694 -0.0559761 -0.0569347
695 -0.0611224 -0.0619271
696 -0.0660275 -0.0666751
697 -0.070672 -0.07116
698 -0.0750377 -0.075364
699 -0.0791071 -0.0792706
700 -0.0828644 -0.0828644
701 -0.0862947 -0.0861311
702 -0.0893843 -0.089058
703 -0.0921213 -0.0916333
704 -0.0944946 -0.093847
705 -0.0964951 -0.0956904
706 -0.0981147 -0.0971561
707 -0.0993471 -0.0982383
708 -0.100187 -0.0989329
709 -0.100632 -0.099237
710 -0.10068 -0.0991495
711 -0.100331 -0.0986706
712 -0.0995851 -0.0978024
713 -0.0984465 -0.0965482
714 -0.0969195 -0.094913
715 -0.0950099 -0.0929031
716 -0.0927254 -0.0905267
717 -0.0900749 -0.0877929
718 -0.087069 -0.0847127
719 -0.0837194 -0.0812982
720 -0.0800395 -0.0775628
721 -0.0760436 -0.0735213
722 -0.0717477 -0.0691897
723 -0.0671685 -0.064585
724 -0.0623244 -0.0597254
725 -0.0572342 -0.0546301
726 -0.0519182 -0.0493192
727 -0.0463972 -0.0438136
728 -0.0406932 -0.0381352
729 -0.0348285 -0.0323062
730 -0.0288264 -0.0263498
731 -0.0227106 -0.0202893
732 -0.0165051 -0.0141488
733 -0.0102345 -0.00795246
734 -0.00392346 -0.00172472
735 0.00240304 0.00450982
736 0.00872006 0.0107266
737 0.0150027 0.016901
738 0.0212261 0.0230087
739 0.0273657 0.0290256
740 0.0333973 0.034928
741 0.0392971 0.0406925
742 0.0450419 0.0462964
743 0.0506088 0.0517176
744 0.0559761 0.0569347
745 0.0611224 0.0619271
746 0.0660275 0.0666751
747 0.070672 0.07116
748 0.0750377 0.075364
749 0.0791071 0.0792706
750 0.0828644 0.0828644
751 0.0862947 0.0861311
752 0.0893843 0.089058
753 0.0921213 0.0916333
754 0.0944946 0.093847
755 0.0964951 0.0956904
756 0.0981147 0.0971561
757 0.0993471 0.0982383
758 0.100187 0.0989329
759 0.100632 0.099237
760 0.10068 0.0991495
761 0.100331 0.0986706
762 0.0995851 0.0978024
763 0.0984465 0.0965482
764 0.0969195 0.094913
765 0.0950099 0.0929031
766 0.0927254 0.0905267
767 0.0900749 0.0877929
768 0.087069 0.0847127
769 0.0837194 0.0812982
770 0.0800395 0.0775628
771 0.0760436 0.0735213
772 0.0717477 0.0691897
773 0.0671685 0.064585
774 0.0623244 0.0597254
775 0.0572342 0.0546301
776 0.0519182 0.0493192
777 0.0463972 0.0438136
778 0.0406932 0.0381352
779 0.0348285 0.0323062
780 0.0288264 0.0263498
781 0.0227106 0.0202893
782 0.0165051 0.0141488
783 0.0102345 0.00795246
784 0.00392346 0.00172472
785 -0.00240304 -0.00450982
786 -0.00872006 -0.0107266
787 -0.0150027 -0.016901
788 -0.0212261 -0.0230087
789 -0.0273657 -0.0290256
790 -0.0333973 -0.034928
791 -0.0392971 -0.0406925
792 -0.0450419 -0.0462964
793 -0.0506088 -0.0517176
794 -0.0559761 -0.0569347
795 -0.0611224 -0.0619271
796 -0.0660275 -0.0666751
797 -0.070672 -0.07116
798 -0.0750377 -0.075364
799 -0.0791071 -0.0792706
800 -0.0828644 -0.0828644
801 -0.0862947 -0.0861311
802 -0.0893843 -0.089058
803 -0.0921213 -0.0916333
804 -0.0944946 -0.093847
805 -0.0964951 -0.0956904
806 -0.0981147 -0.0971561
807 -0.0993471 -0.0982383
808 -0.100187 -0.0989329
809 -0.100632 -0.099237
810 -0.10068 -0.0991495
811 -0.100331 -0.0986706
812 -0.0995851 -0.0978024
813 -0.0984465 -0.0965482
814 -0.0969195 -0.094913
815 -0.0950099 -0.0929031
816 -0.0927254 -0.0905267
817 -0.0900749 -0.0877929
818 -0.087069 -0.0847127
819 -0.0837194 -0.0812982
820 -0.0800395 -0.0775628
821 -0.0760436 -0.0735213
822 -0.0717477 -0.0691897
823 -0.0671685 -0.064585
824 -0.0623244 -0.0597254
825 -0.0572342 -0.0546301
826 -0.0519182 -0.0493192
827 -0.0463972 -0.0438136
828 -0.0406932 -0.0381352
829 -0.0348285 -0.0323062
830 -0.0288264 -0.0263498
831 -0.0227106 -0.0202893
832 -0.0165051 -0.0141488
833 -0.0102345 -0.00795246
834 -0.00392346 -0.00172472
835 0.00240304 0.00450982
836 0.00872006 0.0107266
837 0.0150027 0.016901
838 0.0212261 0.0230087
839 0.0273657 0.0290256
840 0.0333973 0.034928
841 0.0392971 0.0406925
842 0.0450419 0.0462964
843 0.0506088 0.0517176
844 0.0559761 0.0569347
845 0.0611224 0.0619271
846 0.0660275 0.0666751
847 0.070672 0.07116
848 0.0750377 0.075364
849 0.0791071 0.0792706
850 0.0828644 0.0828644
851 0.0862947 0.0861311
852 0.0893843 0.089058
853 0.0921213 0.0916333
854 0.0944946 0.093847
855 0.0964951 0.0956904
856 0.0981147 0.0971561
857 0.0993471 0.0982383
858 0.100187 0.0989329
859 0.100632 0.099237
860 0.10068 0.0991495
861 0.100331 0.0986706
862 0.0995851 0.0978024
863 0.0984465 0.0965482
864 0.0969195 0.094913
865 0.0950099 0.0929031
866 0.0927254 0.0905267
867 0.0900749 0.0877929
868 0.087069 0.0847127
869 0.0837194 0.0812982
870 0.0800395 0.0775628
871 0.0760436 0.0735213
872 0.0717477 0.0691897
873 0.0671685 0.064585
874 0.0623244 0.0597254
875 0.0572342 0.0546301
876 0.0519182 0.0493192
877 0.0463972 0.0438136
878 0.0406932 0.0381352
879 0.0348285 0.0323062
880 0.0288264 0.0263498
881 0.0227106 0.0202893
882 0.0165051 0.0141488
883 0.0102345 0.00795246
884 0.00392346 0.00172472
885 -0.00240304 -0.00450982
886 -0.00872006 -0.0107266
887 -0.0150027 -0.016901
888 -0.0212261 -0.0230087
889 -0.0273657 -0.0290256
890 -0.0333973 -0.034928
891 -0.0392971 -0.0406925
892 -0.0450419 -0.0462964
893 -0.0506088 -0.0517176
894 -0.0559761 -0.0569347
895 -0.0611224 -0.0619271
896 -0.0660275 -0.0666751
897 -0.070672 -0.07116
898 -0.0750377 -0.075364
899 -0.0791071 -0.0792706
900 -0.0828644 -0.0828644
901 -0.0862947 -0.0861311
902 -0.0893843 -0.089058
903 -0.0921213 -0.0916333
904 -0.0944946 -0.093847
905 -0.0964951 -0.0956904
906 -0.0981147 -0.0971561
907 -0.0993471 -0.0982383
908 -0.100187 -0.0989329
909 -0.100632 -0.099237
910 -0.10068 -0.0991495
911 -0.100331 -0.0986706
912 -0.0995851 -0.0978024
913 -0.0984465 -0.0965482
914 -0.0969195 -0.094913
915 -0.0950099 -0.0929031
916 -0.0927254 -0.0905267
917 -0.0900749 -0.0877929
918 -0.087069 -0.0847127
919 -0.0837194 -0.0812982
920 -0.0800395 -0.0775628
921 -0.0760436 -0.0735213
922 -0.0717477 -0.0691897
923 -0.0671685 -0.064585
924 -0.0623244 -0.0597254
925 -0.0572342 -0.0546301
926 -0.0519182 -0.0493192
927 -0.0463972 -0.0438136
928 -0.0406932 -0.0381352
929 -0.0348285 -0.0323062
930 -0.0288264 -0.0263498
931 -0.0227106 -0.0202893
932 -0.0165051 -0.0141488
933 -0.0102345 -0.00795246
934 -0.00392346 -0.00172472
935 0.00240304 0.00450982
936 0.00872006 0.0107266
937 0.0150027 0.016901
938 0.0212261 0.0230087
939 0.0273657 0.0290256
940 0.0333973 0.034928
941 0.0392971 0.0406925
942 0.0450419 0.0462964
943 0.0506088 0.0517176
944 0.0559761 0.0569347
945 0.0611224 0.0619271
946 0.0660275 0.0666751
947 0.070672 0.07116
948 0.0750377 0.075364
949 0.0791071 0.0792706
950 0.0828644 0.0828644
951 0.0862947 0.0861311
952 0.0893843 0.089058
953 0.0921213 0.0916333
954 0.0944946 0.093847
955 0.0964951 0.0956904
956 0.0981147 0.0971561
957 0.0993471 0.0982383
958 0.100187 0.0989329
959 0.100632 0.099237
960 0.10068 0.0991495
961 0.100331 0.0986706
962 0.0995851 0.0978024
963 0.0984465 0.0965482
964 0.0969195 0.094913
965 0.0950099 0.0929031
966 0.0927254 0.0905267
967 0.0900749 0.0877929
968 0.087069 0.0847127
969 0.0837194 0.0812982
970 0.0800395 0.0775628
971 0.0760436 0.0735213
972 0.0717477 0.0691897
973 0.0671685 0.064585
974 0.0623244 0.0597254
975 0.0572342 0.0546301
976 0.0519182 0.0493192
977 0.0463972 0.0438136
978 0.0406932 0.0381352
979 0.0348285 0.0323062
980 0.0288264 0.0263498
981 0.0227106 0.0202893
982 0.0165051 0.0141488
983 0.0102345 0.00795246
984 0.00392346 0.00172472
985 -0.00240304 -0.00450982
986 -0.00872006 -0.0107266
987 -0.0150027 -0.016901
988 -0.0212261 -0.0230087
989 -0.0273657 -0.0290256
990 -0.0333973 -0.034928
991 -0.0392971 -0.0406925
992 -0.0450419 -0.0462964
993 -0.0506088 -0.0517176
994 -0.0559761 -0.0569347
995 -0.0611224 -0.0619271
996 -0.0660275 -0.0666751
997 -0.070672 -0.07116
998 -0.0750377 -0.075364
999 -0.0791071 -0.0792706
