0 -0.0301133 -0.0301133
1 -0.0240962 -0.0240368
2 -0.017984 -0.0178654
3 -0.0118008 -0.0116235
4 -0.00557112 -0.00533577
5 0.000680592 0.000973029
6 0.00692962 0.00727799
7 0.0131513 0.0135542
8 0.0193211 0.019777
9 0.0254146 0.0259217
10 0.0314078 0.0319641
11 0.0372771 0.0378803
12 0.0429993 0.0436471
13 0.0485517 0.0492416
14 0.0539126 0.0546417
15 0.0590606 0.0598263
16 0.0639756 0.0647747
17 0.0686381 0.0694674
18 0.0730298 0.0738861
19 0.0771332 0.0780131
20 0.0809322 0.0818322
21 0.0844118 0.0853284
22 0.0875583 0.0884878
23 0.0903592 0.0912981
24 0.0928035 0.093748
25 0.0948815 0.0958279
26 0.0965851 0.0975296
27 0.0979076 0.0988464
28 0.0988436 0.0997732
29 0.0993895 0.100306
30 0.0995432 0.100443
31 0.099304 0.100184
32 0.098673 0.0995293
33 0.0976525 0.0984818
34 0.0962466 0.0970456
35 0.0944609 0.0952265
36 0.0923024 0.0930316
37 0.0897796 0.0904695
38 0.0869025 0.0875503
39 0.0836824 0.0842857
40 0.0801321 0.0806884
41 0.0762655 0.0767726
42 0.072098 0.0725539
43 0.0676459 0.0680488
44 0.0629268 0.0632752
45 0.0579594 0.0582519
46 0.0527633 0.0529986
47 0.0473589 0.0475362
48 0.0417676 0.0418862
49 0.0360115 0.0360709
50 0.0301133 0.0301133
51 0.0240962 0.0240368
52 0.017984 0.0178654
53 0.0118008 0.0116235
54 0.00557112 0.00533577
55 -0.000680592 -0.000973029
56 -0.00692962 -0.00727799
57 -0.0131513 -0.0135542
58 -0.0193211 -0.019777
59 -0.0254146 -0.0259217
60 -0.0314078 -0.0319641
61 -0.0372771 -0.0378803
62 -0.0429993 -0.0436471
63 -0.0485517 -0.0492416
64 -0.0539126 -0.0546417
65 -0.0590606 -0.0598263
66 -0.0639756 -0.0647747
67 -0.0686381 -0.0694674
68 -0.0730298 -0.0738861
69 -0.0771332 -0.0780131
70 -0.0809322 -0.0818322
71 -0.0844118 -0.0853284
72 -0.0875583 -0.0884878
73 -0.0903592 -0.0912981
74 -0.0928035 -0.093748
75 -0.0948815 -0.0958279
76 -0.0965851 -0.0975296
77 -0.0979076 -0.0988464
78 -0.0988436 -0.0997732
79 -0.0993895 -0.100306
80 -0.0995432 -0.100443
81 -0.099304 -0.100184
82 -0.098673 -0.0995293
83 -0.0976525 -0.0984818
84 -0.0962466 -0.0970456
85 -0.0944609 -0.0952265
86 -0.0923024 -0.0930316
87 -0.0897796 -0.0904695
88 -0.0869025 -0.0875503
89 -0.0836824 -0.0842857
90 -0.0801321 -0.0806884
91 -0.0762655 -0.0767726
92 -0.072098 -0.0725539
93 -0.0676459 -0.0680488
94 -0.0629268 -0.0632752
95 -0.0579594 -0.0582519
96 -0.0527633 -0.0529986
97 -0.0473589 -0.0475362
98 -0.0417676 -0.0418862
99 -0.0360115 -0.0360709
100 -0.0301133 -0.0301133
101 -0.0240962 -0.0240368
102 -0.017984 -0.0178654
103 -0.0118008 -0.0116235
104 -0.00557112 -0.00533577
105 0.000680592 0.000973029
106 0.00692962 0.00727799
107 0.0131513 0.0135542
108 0.0193211 0.019777
109 0.0254146 0.0259217
110 0.0314078 0.0319641
111 0.0372771 0.0378803
112 0.0429993 0.0436471
113 0.0485517 0.0492416
114 0.0539126 0.0546417
115 0.0590606 0.0598263
116 0.0639756 0.0647747
117 0.0686381 0.0694674
118 0.0730298 0.0738861
119 0.0771332 0.0780131
120 0.0809322 0.0818322
121 0.0844118 0.0853284
122 0.0875583 0.0884878
123 0.0903592 0.0912981
124 0.0928035 0.093748
125 0.0948815 0.0958279
126 0.0965851 0.0975296
127 0.0979076 0.0988464
128 0.0988436 0.0997732
129 0.0993895 0.100306
130 0.0995432 0.100443
131 0.099304 0.100184
132 0.098673 0.0995293
133 0.0976525 0.0984818
134 0.0962466 0.0970456
135 0.0944609 0.0952265
136 0.0923024 0.0930316
137 0.0897796 0.0904695
138 0.0869025 0.0875503
139 0.0836824 0.0842857
140 0.0801321 0.0806884
141 0.0762655 0.0767726
142 0.072098 0.0725539
143 0.0676459 0.0680488
144 0.0629268 0.0632752
145 0.0579594 0.0582519
146 0.0527633 0.0529986
147 0.0473589 0.0475362
148 0.0417676 0.0418862
149 0.0360115 0.0360709
150 0.0301133 0.0301133
151 0.0240962 0.0240368
152 0.017984 0.0178654
153 0.0118008 0.0116235
154 0.00557112 0.00533577
155 -0.000680592 -0.000973029
156 -0.00692962 -0.00727799
157 -0.0131513 -0.0135542
158 -0.0193211 -0.019777
159 -0.0254146 -0.0259217
160 -0.0314078 -0.0319641
161 -0.0372771 -0.0378803
162 -0.0429993 -0.0436471
163 -0.0485517 -0.0492416
164 -0.0539126 -0.0546417
165 -0.0590606 -0.0598263
166 -0.0639756 -0.0647747
167 -0.0686381 -0.0694674
168 -0.0730298 -0.0738861
169 -0.0771332 -0.0780131
170 -0.0809322 -0.0818322
171 -0.0844118 -0.0853284
172 -0.0875583 -0.0884878
173 -0.0903592 -0.0912981
174 -0.0928035 -0.093748
175 -0.0948815 -0.0958279
176 -0.0965851 -0.0975296
177 -0.0979076 -0.0988464
178 -0.0988436 -0.0997732
179 -0.0993895 -0.100306
180 -0.0995432 -0.100443
181 -0.099304 -0.100184
182 -0.098673 -0.0995293
183 -0.0976525 -0.0984818
184 -0.0962466 -0.0970456
185 -0.0944609 -0.0952265
186 -0.0923024 -0.0930316
187 -0.0897796 -0.0904695
188 -0.0869025 -0.0875503
189 -0.0836824 -0.0842857
190 -0.0801321 -0.0806884
191 -0.0762655 -0.0767726
192 -0.072098 -0.0725539
193 -0.0676459 -0.0680488
194 -0.0629268 -0.0632752
195 -0.0579594 -0.0582519
196 -0.0527633 -0.0529986
197 -0.0473589 -0.0475362
198 -0.0417676 -0.0418862
199 -0.0360115 -0.0360709
200 -0.0301133 -0.0301133
201 -0.0240962 -0.0240368
202 -0.017984 -0.0178654
203 -0.0118008 -0.0116235
204 -0.00557112 -0.00533577
205 0.000680592 0.000973029
206 0.00692962 0.00727799
207 0.0131513 0.0135542
208 0.0193211 0.019777
209 0.0254146 0.0259217
210 0.0314078 0.0319641
211 0.0372771 0.0378803
212 0.0429993 0.0436471
213 0.0485517 0.0492416
214 0.0539126 0.0546417
215 0.0590606 0.0598263
216 0.0639756 0.0647747
217 0.0686381 0.0694674
218 0.0730298 0.0738861
219 0.0771332 0.0780131
220 0.0809322 0.0818322
221 0.0844118 0.0853284
222 0.0875583 0.0884878
223 0.0903592 0.0912981
224 0.0928035 0.093748
225 0.0948815 0.0958279
226 0.0965851 0.0975296
227 0.0979076 0.0988464
228 0.0988436 0.0997732
229 0.0993895 0.100306
230 0.0995432 0.100443
231 0.099304 0.100184
232 0.098673 0.0995293
233 0.0976525 0.0984818
234 0.0962466 0.0970456
235 0.0944609 0.0952265
236 0.0923024 0.0930316
237 0.0897796 0.0904695
238 0.0869025 0.0875503
239 0.0836824 0.0842857
240 0.0801321 0.0806884
241 0.0762655 0.0767726
242 0.072098 0.0725539
243 0.0676459 0.0680488
244 0.0629268 0.0632752
245 0.0579594 0.0582519
246 0.0527633 0.0529986
247 0.0473589 0.0475362
248 0.0417676 0.0418862
249 0.0360115 0.0360709
250 0.0301133 0.0301133
251 0.0240962 0.0240368
252 0.017984 0.0178654
253 0.0118008 0.0116235
254 0.00557112 0.00533577
255 -0.000680592 -0.000973029
256 -0.00692962 -0.00727799
257 -0.0131513 -0.0135542
258 -0.0193211 -0.019777
259 -0.0254146 -0.0259217
260 -0.0314078 -0.0319641
261 -0.0372771 -0.0378803
262 -0.0429993 -0.0436471
263 -0.0485517 -0.0492416
264 -0.0539126 -0.0546417
265 -0.0590606 -0.0598263
266 -0.0639756 -0.0647747
267 -0.0686381 -0.0694674
268 -0.0730298 -0.0738861
269 -0.0771332 -0.0780131
270 -0.0809322 -0.0818322
271 -0.0844118 -0.0853284
272 -0.0875583 -0.0884878
273 -0.0903592 -0.0912981
274 -0.0928035 -0.093748
275 -0.0948815 -0.0958279
276 -0.0965851 -0.0975296
277 -0.0979076 -0.0988464
278 -0.0988436 -0.0997732
279 -0.0993895 -0.100306
280 -0.0995432 -0.100443
281 -0.099304 -0.100184
282 -0.098673 -0.0995293
283 -0.0976525 -0.0984818
284 -0.0962466 -0.0970456
285 -0.0944609 -0.0952265
286 -0.0923024 -0.0930316
287 -0.0897796 -0.0904695
288 -0.0869025 -0.0875503
289 -0.0836824 -0.0842857
290 -0.0801321 -0.0806884
291 -0.0762655 -0.0767726
292 -0.072098 -0.0725539
293 -0.0676459 -0.0680488
294 -0.0629268 -0.0632752
295 -0.0579594 -0.0582519
296 -0.0527633 -0.0529986
297 -0.0473589 -0.0475362
298 -0.0417676 -0.0418862
299 -0.0360115 -0.0360709
300 -0.0301133 -0.0301133
301 -0.0240962 -0.0240368
302 -0.017984 -0.0178654
303 -0.0118008 -0.0116235
304 -0.00557112 -0.00533577
305 0.000680592 0.000973029
306 0.00692962 0.00727799
307 0.0131513 0.0135542
308 0.0193211 0.019777
309 0.0254146 0.0259217
310 0.0314078 0.0319641
311 0.0372771 0.0378803
312 0.0429993 0.0436471
313 0.0485517 0.0492416
314 0.0539126 0.0546417
315 0.0590606 0.0598263
316 0.0639756 0.0647747
317 0.0686381 0.0694674
318 0.0730298 0.0738861
319 0.0771332 0.0780131
320 0.0809322 0.0818322
321 0.0844118 0.0853284
322 0.0875583 0.0884878
323 0.0903592 0.0912981
324 0.0928035 0.093748
325 0.0948815 0.0958279
326 0.0965851 0.0975296
327 0.0979076 0.0988464
328 0.0988436 0.0997732
329 0.0993895 0.100306
330 0.0995432 0.100443
331 0.099304 0.100184
332 0.098673 0.0995293
333 0.0976525 0.0984818
334 0.0962466 0.0970456
335 0.0944609 0.0952265
336 0.0923024 0.0930316
337 0.0897796 0.0904695
338 0.0869025 0.0875503
339 0.0836824 0.0842857
340 0.0801321 0.0806884
341 0.0762655 0.0767726
342 0.072098 0.0725539
343 0.0676459 0.0680488
344 0.0629268 0.0632752
345 0.0579594 0.0582519
346 0.0527633 0.0529986
347 0.0473589 0.0475362
348 0.0417676 0.0418862
349 0.0360115 0.0360709
350 0.0301133 0.0301133
351 0.0240962 0.0240368
352 0.017984 0.0178654
353 0.0118008 0.0116235
354 0.00557112 0.00533577
355 -0.000680592 -0.000973029
356 -0.00692962 -0.00727799
357 -0.0131513 -0.0135542
358 -0.0193211 -0.019777
359 -0.0254146 -0.0259217
360 -0.0314078 -0.0319641
361 -0.0372771 -0.0378803
362 -0.0429993 -0.0436471
363 -0.0485517 -0.0492416
364 -0.0539126 -0.0546417
365 -0.0590606 -0.0598263
366 -0.0639756 -0.0647747
367 -0.0686381 -0.0694674
368 -0.0730298 -0.0738861
369 -0.0771332 -0.0780131
370 -0.0809322 -0.0818322
371 -0.0844118 -0.0853284
372 -0.0875583 -0.0884878
373 -0.0903592 -0.0912981
374 -0.0928035 -0.093748
375 -0.0948815 -0.0958279
376 -0.0965851 -0.0975296
377 -0.0979076 -0.0988464
378 -0.0988436 -0.0997732
379 -0.0993895 -0.100306
380 -0.0995432 -0.100443
381 -0.099304 -0.100184
382 -0.098673 -0.0995293
383 -0.0976525 -0.0984818
384 -0.0962466 -0.0970456
385 -0.0944609 -0.0952265
386 -0.0923024 -0.0930316
387 -0.0897796 -0.0904695
388 -0.0869025 -0.0875503
389 -0.0836824 -0.0842857
390 -0.0801321 -0.0806884
391 -0.0762655 -0.0767726
392 -0.072098 -0.0725539
393 -0.0676459 -0.0680488
394 -0.0629268 -0.0632752
395 -0.0579594 -0.0582519
396 -0.0527633 -0.0529986
397 -0.0473589 -0.0475362
398 -0.0417676 -0.0418862
399 -0.0360115 -0.0360709
400 -0.0301133 -0.0301133
401 -0.0240962 -0.0240368
402 -0.017984 -0.0178654
403 -0.0118008 -0.0116235
404 -0.00557112 -0.00533577
405 0.000680592 0.000973029
406 0.00692962 0.00727799
407 0.0131513 0.0135542
408 0.0193211 0.019777
409 0.0254146 0.0259217
410 0.0314078 0.0319641
411 0.0372771 0.0378803
412 0.0429993 0.0436471
413 0.0485517 0.0492416
414 0.0539126 0.0546417
415 0.0590606 0.0598263
416 0.0639756 0.0647747
417 0.0686381 0.0694674
418 0.0730298 0.0738861
419 0.0771332 0.0780131
420 0.0809322 0.0818322
421 0.0844118 0.0853284
422 0.0875583 0.0884878
423 0.0903592 0.0912981
424 0.0928035 0.093748
425 0.0948815 0.0958279
426 0.0965851 0.0975296
427 0.0979076 0.0988464
428 0.0988436 0.0997732
429 0.0993895 0.100306
430 0.0995432 0.100443
431 0.099304 0.100184
432 0.098673 0.0995293
433 0.0976525 0.0984818
434 0.0962466 0.0970456
435 0.0944609 0.0952265
436 0.0923024 0.0930316
437 0.0897796 0.0904695
438 0.0869025 0.0875503
439 0.0836824 0.0842857
440 0.0801321 0.0806884
441 0.0762655 0.0767726
442 0.072098 0.0725539
443 0.0676459 0.0680488
444 0.0629268 0.0632752
445 0.0579594 0.0582519
446 0.0527633 0.0529986
447 0.0473589 0.0475362
448 0.0417676 0.0418862
449 0.0360115 0.0360709
450 0.0301133 0.0301133
451 0.0240962 0.0240368
452 0.017984 0.0178654
453 0.0118008 0.0116235
454 0.00557112 0.00533577
455 -0.000680592 -0.000973029
456 -0.00692962 -0.00727799
457 -0.0131513 -0.0135542
458 -0.0193211 -0.019777
459 -0.0254146 -0.0259217
460 -0.0314078 -0.0319641
461 -0.0372771 -0.0378803
462 -0.0429993 -0.0436471
463 -0.0485517 -0.0492416
464 -0.0539126 -0.0546417
465 -0.0590606 -0.0598263
466 -0.0639756 -0.0647747
467 -0.0686381 -0.0694674
468 -0.0730298 -0.0738861
469 -0.0771332 -0.0780131
470 -0.0809322 -0.0818322
471 -0.0844118 -0.0853284
472 -0.0875583 -0.0884878
473 -0.0903592 -0.0912981
474 -0.0928035 -0.093748
475 -0.0948815 -0.0958279
476 -0.0965851 -0.0975296
477 -0.0979076 -0.0988464
478 -0.0988436 -0.0997732
479 -0.0993895 -0.100306
480 -0.0995432 -0.100443
481 -0.099304 -0.100184
482 -0.098673 -0.0995293
483 -0.0976525 -0.0984818
484 -0.0962466 -0.0970456
485 -0.0944609 -0.0952265
486 -0.0923024 -0.0930316
487 -0.0897796 -0.0904695
488 -0.0869025 -0.0875503
489 -0.0836824 -0.0842857
490 -0.0801321 -0.0806884
491 -0.0762655 -0.0767726
492 -0.072098 -0.0725539
493 -0.0676459 -0.0680488
494 -0.0629268 -0.0632752
495 -0.0579594 -0.0582519
496 -0.0527633 -0.0529986
497 -0.0473589 -0.0475362
498 -0.0417676 -0.0418862
499 -0.0360115 -0.0360709
500 -0.0301133 -0.0301133
501 -0.0240962 -0.0240368
502 -0.017984 -0.0178654
503 -0.0118008 -0.0116235
504 -0.00557112 -0.00533577
505 0.000680592 0.000973029
506 0.00692962 0.00727799
507 0.0131513 0.0135542
508 0.0193211 0.019777
509 0.0254146 0.0259217
510 0.0314078 0.0319641
511 0.0372771 0.0378803
512 0.0429993 0.0436471
513 0.0485517 0.0492416
514 0.0539126 0.0546417
515 0.0590606 0.0598263
516 0.0639756 0.0647747
517 0.0686381 0.0694674
518 0.0730298 0.0738861
519 0.0771332 0.0780131
520 0.0809322 0.0818322
521 0.0844118 0.0853284
522 0.0875583 0.0884878
523 0.0903592 0.0912981
524 0.0928035 0.093748
525 0.0948815 0.0958279
526 0.0965851 0.0975296
527 0.0979076 0.0988464
528 0.0988436 0.0997732
529 0.0993895 0.100306
530 0.0995432 0.100443
531 0.099304 0.100184
532 0.098673 0.0995293
533 0.0976525 0.0984818
534 0.0962466 0.0970456
535 0.0944609 0.0952265
536 0.0923024 0.0930316
537 0.0897796 0.0904695
538 0.0869025 0.0875503
539 0.0836824 0.0842857
540 0.0801321 0.0806884
541 0.0762655 0.0767726
542 0.072098 0.0725539
543 0.0676459 0.0680488
544 0.0629268 0.0632752
545 0.0579594 0.0582519
546 0.0527633 0.0529986
547 0.0473589 0.0475362
548 0.0417676 0.0418862
549 0.0360115 0.0360709
550 0.0301133 0.0301133
551 0.0240962 0.0240368
552 0.017984 0.0178654
553 0.0118008 0.0116235
554 0.00557112 0.00533577
555 -0.000680592 -0.000973029
556 -0.00692962 -0.00727799
557 -0.0131513 -0.0135542
558 -0.0193211 -0.019777
559 -0.0254146 -0.0259217
560 -0.0314078 -0.0319641
561 -0.0372771 -0.0378803
562 -0.0429993 -0.0436471
563 -0.0485517 -0.0492416
564 -0.0539126 -0.0546417
565 -0.0590606 -0.0598263
566 -0.0639756 -0.0647747
567 -0.0686381 -0.0694674
568 -0.0730298 -0.0738861
569 -0.0771332 -0.0780131
570 -0.0809322 -0.0818322
571 -0.0844118 -0.0853284
572 -0.0875583 -0.0884878
573 -0.0903592 -0.0912981
574 -0.0928035 -0.093748
575 -0.0948815 -0.0958279
576 -0.0965851 -0.0975296
577 -0.0979076 -0.0988464
578 -0.0988436 -0.0997732
579 -0.0993895 -0.100306
580 -0.0995432 -0.100443
581 -0.099304 -0.100184
582 -0.098673 -0.0995293
583 -0.0976525 -0.0984818
584 -0.0962466 -0.0970456
585 -0.0944609 -0.0952265
586 -0.0923024 -0.0930316
587 -0.0897796 -0.0904695
588 -0.0869025 -0.0875503
589 -0.0836824 -0.0842857
590 -0.0801321 -0.0806884
591 -0.0762655 -0.0767726
592 -0.072098 -0.0725539
593 -0.0676459 -0.0680488
594 -0.0629268 -0.0632752
595 -0.0579594 -0.0582519
596 -0.0527633 -0.0529986
597 -0.0473589 -0.0475362
598 -0.0417676 -0.0418862
599 -0.0360115 -0.0360709
600 -0.0301133 -0.0301133
601 -0.0240962 -0.0240368
602 -0.017984 -0.0178654
603 -0.0118008 -0.0116235
604 -0.00557112 -0.00533577
605 0.000680592 0.000973029
606 0.00692962 0.00727799
607 0.0131513 0.0135542
608 0.0193211 0.019777
609 0.0254146 0.0259217
610 0.0314078 0.0319641
611 0.0372771 0.0378803
612 0.0429993 0.0436471
613 0.0485517 0.0492416
614 0.0539126 0.0546417
615 0.0590606 0.0598263
616 0.0639756 0.0647747
617 0.0686381 0.0694674
618 0.0730298 0.0738861
619 0.0771332 0.0780131
620 0.0809322 0.0818322
621 0.0844118 0.0853284
622 0.0875583 0.0884878
623 0.0903592 0.0912981
624 0.0928035 0.093748
625 0.0948815 0.0958279
626 0.0965851 0.0975296
627 0.0979076 0.0988464
628 0.0988436 0.0997732
629 0.0993895 0.100306
630 0.0995432 0.100443
631 0.099304 0.100184
632 0.098673 0.0995293
633 0.0976525 0.0984818
634 0.0962466 0.0970456
635 0.0944609 0.0952265
636 0.0923024 0.0930316
637 0.0897796 0.0904695
638 0.0869025 0.0875503
639 0.0836824 0.0842857
640 0.0801321 0.0806884
641 0.0762655 0.0767726
642 0.072098 0.0725539
643 0.0676459 0.0680488
644 0.0629268 0.0632752
645 0.0579594 0.0582519
646 0.0527633 0.0529986
647 0.0473589 0.0475362
648 0.0417676 0.0418862
649 0.0360115 0.0360709
650 0.0301133 0.0301133
651 0.0240962 0.0240368
652 0.017984 0.0178654
653 0.0118008 0.0116235
654 0.00557112 0.00533577
655 -0.000680592 -0.000973029
656 -0.00692962 -0.00727799
657 -0.0131513 -0.0135542
658 -0.0193211 -0.019777
659 -0.0254146 -0.0259217
660 -0.0314078 -0.0319641
661 -0.0372771 -0.0378803
662 -0.0429993 -0.0436471
663 -0.0485517 -0.0492416
664 -0.0539126 -0.0546417
665 -0.0590606 -0.0598263
666 -0.0639756 -0.0647747
667 -0.0686381 -0.0694674
668 -0.0730298 -0.0738861
669 -0.0771332 -0.0780131
670 -0.0809322 -0.0818322
671 -0.0844118 -0.0853284
672 -0.0875583 -0.0884878
673 -0.0903592 -0.0912981
674 -0.0928035 -0.093748
675 -0.0948815 -0.0958279
676 -0.0965851 -0.0975296
677 -0.0979076 -0.0988464
678 -0.0988436 -0.0997732
679 -0.0993895 -0.100306
680 -0.0995432 -0.100443
681 -0.099304 -0.100184
682 -0.098673 -0.0995293
683 -0.0976525 -0.0984818
684 -0.0962466 -0.0970456
685 -0.0944609 -0.0952265
686 -0.0923024 -0.0930316
687 -0.0897796 -0.0904695
688 -0.0869025 -0.0875503
689 -0.0836824 -0.0842857
690 -0.0801321 -0.0806884
691 -0.0762655 -0.0767726
692 -0.072098 -0.0725539
693 -0.0676459 -0.0680488
694 -0.0629268 -0.0632752
695 -0.0579594 -0.0582519
696 -0.0527633 -0.0529986
697 -0.0473589 -0.0475362
698 -0.0417676 -0.0418862
699 -0.0360115 -0.0360709
700 -0.0301133 -0.0301133
701 -0.0240962 -0.0240368
702 -0.017984 -0.0178654
703 -0.0118008 -0.0116235
704 -0.00557112 -0.00533577
705 0.000680592 0.000973029
706 0.00692962 0.00727799
707 0.0131513 0.0135542
708 0.0193211 0.019777
709 0.0254146 0.0259217
710 0.0314078 0.0319641
711 0.0372771 0.0378803
712 0.0429993 0.0436471
713 0.0485517 0.0492416
714 0.0539126 0.0546417
715 0.0590606 0.0598263
716 0.0639756 0.0647747
717 0.0686381 0.0694674
718 0.0730298 0.0738861
719 0.0771332 0.0780131
720 0.0809322 0.0818322
721 0.0844118 0.0853284
722 0.0875583 0.0884878
723 0.0903592 0.0912981
724 0.0928035 0.093748
725 0.0948815 0.0958279
726 0.0965851 0.0975296
727 0.0979076 0.0988464
728 0.0988436 0.0997732
729 0.0993895 0.100306
730 0.0995432 0.100443
731 0.099304 0.100184
732 0.098673 0.0995293
733 0.0976525 0.0984818
734 0.0962466 0.0970456
735 0.0944609 0.0952265
736 0.0923024 0.0930316
737 0.0897796 0.0904695
738 0.0869025 0.0875503
739 0.0836824 0.0842857
740 0.0801321 0.0806884
741 0.0762655 0.0767726
742 0.072098 0.0725539
743 0.0676459 0.0680488
744 0.0629268 0.0632752
745 0.0579594 0.0582519
746 0.0527633 0.0529986
747 0.0473589 0.0475362
748 0.0417676 0.0418862
749 0.0360115 0.0360709
750 0.0301133 0.0301133
751 0.0240962 0.0240368
752 0.017984 0.0178654
753 0.0118008 0.0116235
754 0.00557112 0.00533577
755 -0.000680592 -0.000973029
756 -0.00692962 -0.00727799
757 -0.0131513 -0.0135542
758 -0.0193211 -0.019777
759 -0.0254146 -0.0259217
760 -0.0314078 -0.0319641
761 -0.0372771 -0.0378803
762 -0.0429993 -0.0436471
763 -0.0485517 -0.0492416
764 -0.0539126 -0.0546417
765 -0.0590606 -0.0598263
766 -0.0639756 -0.0647747
767 -0.0686381 -0.0694674
768 -0.0730298 -0.0738861
769 -0.0771332 -0.0780131
770 -0.0809322 -0.0818322
771 -0.0844118 -0.0853284
772 -0.0875583 -0.0884878
773 -0.0903592 -0.0912981
774 -0.0928035 -0.093748
775 -0.0948815 -0.0958279
776 -0.0965851 -0.0975296
777 -0.0979076 -0.0988464
778 -0.0988436 -0.0997732
779 -0.0993895 -0.100306
780 -0.0995432 -0.100443
781 -0.099304 -0.100184
782 -0.098673 -0.0995293
783 -0.0976525 -0.0984818
784 -0.0962466 -0.0970456
785 -0.0944609 -0.0952265
786 -0.0923024 -0.0930316
787 -0.0897796 -0.0904695
788 -0.0869025 -0.0875503
789 -0.0836824 -0.0842857
790 -0.0801321 -0.0806884
791 -0.0762655 -0.0767726
792 -0.072098 -0.0725539
793 -0.0676459 -0.0680488
794 -0.0629268 -0.0632752
795 -0.0579594 -0.0582519
796 -0.0527633 -0.0529986
797 -0.0473589 -0.0475362
798 -0.0417676 -0.0418862
799 -0.0360115 -0.0360709
800 -0.0301133 -0.0301133
801 -0.0240962 -0.0240368
802 -0.017984 -0.0178654
803 -0.0118008 -0.0116235
804 -0.00557112 -0.00533577
805 0.000680592 0.000973029
806 0.00692962 0.00727799
807 0.0131513 0.0135542
808 0.0193211 0.019777
809 0.0254146 0.0259217
810 0.0314078 0.0319641
811 0.0372771 0.0378803
812 0.0429993 0.0436471
813 0.0485517 0.0492416
814 0.0539126 0.0546417
815 0.0590606 0.0598263
816 0.0639756 0.0647747
817 0.0686381 0.0694674
818 0.0730298 0.0738861
819 0.0771332 0.0780131
820 0.0809322 0.0818322
821 0.0844118 0.0853284
822 0.0875583 0.0884878
823 0.0903592 0.0912981
824 0.0928035 0.093748
825 0.0948815 0.0958279
826 0.0965851 0.0975296
827 0.0979076 0.0988464
828 0.0988436 0.0997732
829 0.0993895 0.100306
830 0.0995432 0.100443
831 0.099304 0.100184
832 0.098673 0.0995293
833 0.0976525 0.0984818
834 0.0962466 0.0970456
835 0.0944609 0.0952265
836 0.0923024 0.0930316
837 0.0897796 0.0904695
838 0.0869025 0.0875503
839 0.0836824 0.0842857
840 0.0801321 0.0806884
841 0.0762655 0.0767726
842 0.072098 0.0725539
843 0.0676459 0.0680488
844 0.0629268 0.0632752
845 0.0579594 0.0582519
846 0.0527633 0.0529986
847 0.0473589 0.0475362
848 0.0417676 0.0418862
849 0.0360115 0.0360709
850 0.0301133 0.0301133
851 0.0240962 0.0240368
852 0.017984 0.0178654
853 0.0118008 0.0116235
854 0.00557112 0.00533577
855 -0.000680592 -0.000973029
856 -0.00692962 -0.00727799
857 -0.0131513 -0.0135542
858 -0.0193211 -0.019777
859 -0.0254146 -0.0259217
860 -0.0314078 -0.0319641
861 -0.0372771 -0.0378803
862 -0.0429993 -0.0436471
863 -0.0485517 -0.0492416
864 -0.0539126 -0.0546417
865 -0.0590606 -0.0598263
866 -0.0639756 -0.0647747
867 -0.0686381 -0.0694674
868 -0.0730298 -0.0738861
869 -0.0771332 -0.0780131
870 -0.0809322 -0.0818322
871 -0.0844118 -0.0853284
872 -0.0875583 -0.0884878
873 -0.0903592 -0.0912981
874 -0.0928035 -0.093748
875 -0.0948815 -0.0958279
876 -0.0965851 -0.0975296
877 -0.0979076 -0.0988464
878 -0.0988436 -0.0997732
879 -0.0993895 -0.100306
880 -0.0995432 -0.100443
881 -0.099304 -0.100184
882 -0.098673 -0.0995293
883 -0.0976525 -0.0984818
884 -0.0962466 -0.0970456
885 -0.0944609 -0.0952265
886 -0.0923024 -0.0930316
887 -0.0897796 -0.0904695
888 -0.0869025 -0.0875503
889 -0.0836824 -0.0842857
890 -0.0801321 -0.0806884
891 -0.0762655 -0.0767726
892 -0.072098 -0.0725539
893 -0.0676459 -0.0680488
894 -0.0629268 -0.0632752
895 -0.0579594 -0.0582519
896 -0.0527633 -0.0529986
897 -0.0473589 -0.0475362
898 -0.0417676 -0.0418862
899 -0.0360115 -0.0360709
900 -0.0301133 -0.0301133
901 -0.0240962 -0.0240368
902 -0.017984 -0.0178654
903 -0.0118008 -0.0116235
904 -0.00557112 -0.00533577
905 0.000680592 0.000973029
906 0.00692962 0.00727799
907 0.0131513 0.0135542
908 0.0193211 0.019777
909 0.0254146 0.0259217
910 0.0314078 0.0319641
911 0.0372771 0.0378803
912 0.0429993 0.0436471
913 0.0485517 0.0492416
914 0.0539126 0.0546417
915 0.0590606 0.0598263
916 0.0639756 0.0647747
917 0.0686381 0.0694674
918 0.0730298 0.0738861
919 0.0771332 0.0780131
920 0.0809322 0.0818322
921 0.0844118 0.0853284
922 0.0875583 0.0884878
923 0.0903592 0.0912981
924 0.0928035 0.093748
925 0.0948815 0.0958279
926 0.0965851 0.0975296
927 0.0979076 0.0988464
928 0.0988436 0.0997732
929 0.0993895 0.100306
930 0.0995432 0.100443
931 0.099304 0.100184
932 0.098673 0.0995293
933 0.0976525 0.0984818
934 0.0962466 0.0970456
935 0.0944609 0.0952265
936 0.0923024 0.0930316
937 0.0897796 0.0904695
938 0.0869025 0.0875503
939 0.0836824 0.0842857
940 0.0801321 0.0806884
941 0.0762655 0.0767726
942 0.072098 0.0725539
943 0.0676459 0.0680488
944 0.0629268 0.0632752
945 0.0579594 0.0582519
946 0.0527633 0.0529986
947 0.0473589 0.0475362
948 0.0417676 0.0418862
949 0.0360115 0.0360709
950 0.0301133 0.0301133
951 0.0240962 0.0240368
952 0.017984 0.0178654
953 0.0118008 0.0116235
954 0.00557112 0.00533577
955 -0.000680592 -0.000973029
956 -0.00692962 -0.00727799
957 -0.0131513 -0.0135542
958 -0.0193211 -0.019777
959 -0.0254146 -0.0259217
960 -0.0314078 -0.0319641
961 -0.0372771 -0.0378803
962 -0.0429993 -0.0436471
963 -0.0485517 -0.0492416
964 -0.0539126 -0.0546417
965 -0.0590606 -0.0598263
966 -0.0639756 -0.0647747
967 -0.0686381 -0.0694674
968 -0.0730298 -0.0738861
969 -0.0771332 -0.0780131
970 -0.0809322 -0.0818322
971 -0.0844118 -0.0853284
972 -0.0875583 -0.0884878
973 -0.0903592 -0.0912981
974 -0.0928035 -0.093748
975 -0.0948815 -0.0958279
976 -0.0965851 -0.0975296
977 -0.0979076 -0.0988464
978 -0.0988436 -0.0997732
979 -0.0993895 -0.100306
980 -0.0995432 -0.100443
981 -0.099304 -0.100184
982 -0.098673 -0.0995293
983 -0.0976525 -0.0984818
984 -0.0962466 -0.0970456
985 -0.0944609 -0.0952265
986 -0.0923024 -0.0930316
987 -0.0897796 -0.0904695
988 -0.0869025 -0.0875503
989 -0.0836824 -0.0842857
990 -0.0801321 -0.0806884
991 -0.0762655 -0.0767726
992 -0.072098 -0.0725539
993 -0.0676459 -0.0680488
994 -0.0629268 -0.0632752
995 -0.0579594 -0.0582519
996 -0.0527633 -0.0529986
997 -0.0473589 -0.0475362
998 -0.0417676 -0.0418862
999 -0.0360115 -0.0360709
