0 -0.0697052 -0.0697052
1 -0.074137 -0.0739995
2 -0.0782763 -0.0780018
3 -0.0821067 -0.0816962
4 -0.085613 -0.0850682
5 -0.0887814 -0.0881045
6 -0.0915995 -0.0907931
7 -0.0940561 -0.0931234
8 -0.0961414 -0.0950861
9 -0.0978474 -0.0966736
10 -0.0991671 -0.0978796
11 -0.100096 -0.0986992
12 -0.100629 -0.0991294
13 -0.100765 -0.0991683
14 -0.100504 -0.0988159
15 -0.0998457 -0.0980735
16 -0.0987936 -0.096944
17 -0.0973515 -0.0954319
18 -0.0955253 -0.0935432
19 -0.0933221 -0.0912854
20 -0.0907506 -0.0886673
21 -0.087821 -0.0856992
22 -0.0845447 -0.0823929
23 -0.0809348 -0.0787615
24 -0.0770055 -0.0748192
25 -0.0727723 -0.0705817
26 -0.0682518 -0.0660656
27 -0.063462 -0.0612887
28 -0.0584218 -0.05627
29 -0.053151 -0.0510293
30 -0.0476704 -0.0455871
31 -0.0420017 -0.039965
32 -0.0361673 -0.0341852
33 -0.0301901 -0.0282705
34 -0.0240937 -0.0222442
35 -0.0179023 -0.0161301
36 -0.0116402 -0.00995236
37 -0.00533221 -0.00373535
38 0.000996856 0.00249641
39 0.00732199 0.00871831
40 0.0136182 0.0149058
41 0.0198607 0.0210345
42 0.0260248 0.0270801
43 0.0320862 0.0330189
44 0.038021 0.0388274
45 0.0438057 0.0444826
46 0.0494175 0.0499623
47 0.0548344 0.0552448
48 0.0600348 0.0603093
49 0.0649982 0.0651358
50 0.0697052 0.0697052
51 0.074137 0.0739995
52 0.0782763 0.0780018
53 0.0821067 0.0816962
54 0.085613 0.0850682
55 0.0887814 0.0881045
56 0.0915995 0.0907931
57 0.0940561 0.0931234
58 0.0961414 0.0950861
59 0.0978474 0.0966736
60 0.0991671 0.0978796
61 0.100096 0.0986992
62 0.100629 0.0991294
63 0.100765 0.0991683
64 0.100504 0.0988159
65 0.0998457 0.0980735
66 0.0987936 0.096944
67 0.0973515 0.0954319
68 0.0955253 0.0935432
69 0.0933221 0.0912854
70 0.0907506 0.0886673
71 0.087821 0.0856992
72 0.0845447 0.0823929
73 0.0809348 0.0787615
74 0.0770055 0.0748192
75 0.0727723 0.0705817
76 0.0682518 0.0660656
77 0.063462 0.0612887
78 0.0584218 0.05627
79 0.053151 0.0510293
80 0.0476704 0.0455871
81 0.0420017 0.039965
82 0.0361673 0.0341852
83 0.0301901 0.0282705
84 0.0240937 0.0222442
85 0.0179023 0.0161301
86 0.0116402 0.00995236
87 0.00533221 0.00373535
88 -0.000996856 -0.00249641
89 -0.00732199 -0.00871831
90 -0.0136182 -0.0149058
91 -0.0198607 -0.0210345
92 -0.0260248 -0.0270801
93 -0.0320862 -0.0330189
94 -0.038021 -0.0388274
95 -0.0438057 -0.0444826
96 -0.0494175 -0.0499623
97 -0.0548344 -0.0552448
98 -0.0600348 -0.0603093
99 -0.0649982 -0.0651358
100 -0.0697052 -0.0697052
101 -0.074137 -0.0739995
102 -0.0782763 -0.0780018
103 -0.0821067 -0.0816962
104 -0.085613 -0.0850682
105 -0.0887814 -0.0881045
106 -0.0915995 -0.0907931
107 -0.0940561 -0.0931234
108 -0.0961414 -0.0950861
109 -0.0978474 -0.0966736
110 -0.0991671 -0.0978796
111 -0.100096 -0.0986992
112 -0.100629 -0.0991294
113 -0.100765 -0.0991683
114 -0.100504 -0.0988159
115 -0.0998457 -0.0980735
116 -0.0987936 -0.096944
117 -0.0973515 -0.0954319
118 -0.0955253 -0.0935432
119 -0.0933221 -0.0912854
120 -0.0907506 -0.0886673
121 -0.087821 -0.0856992
122 -0.0845447 -0.0823929
123 -0.0809348 -0.0787615
124 -0.0770055 -0.0748192
125 -0.0727723 -0.0705817
126 -0.0682518 -0.0660656
127 -0.063462 -0.0612887
128 -0.0584218 -0.05627
129 -0.053151 -0.0510293
130 -0.0476704 -0.0455871
131 -0.0420017 -0.039965
132 -0.0361673 -0.0341852
133 -0.0301901 -0.0282705
134 -0.0240937 -0.0222442
135 -0.0179023 -0.0161301
136 -0.0116402 -0.00995236
137 -0.00533221 -0.00373535
138 0.000996856 0.00249641
139 0.00732199 0.00871831
140 0.0136182 0.0149058
141 0.0198607 0.0210345
142 0.0260248 0.0270801
143 0.0320862 0.0330189
144 0.038021 0.0388274
145 0.0438057 0.0444826
146 0.0494175 0.0499623
147 0.0548344 0.0552448
148 0.0600348 0.0603093
149 0.0649982 0.0651358
150 0.0697052 0.0697052
151 0.074137 0.0739995
152 0.0782763 0.0780018
153 0.0821067 0.0816962
154 0.085613 0.0850682
155 0.0887814 0.0881045
156 0.0915995 0.0907931
157 0.0940561 0.0931234
158 0.0961414 0.0950861
159 0.0978474 0.0966736
160 0.0991671 0.0978796
161 0.100096 0.0986992
162 0.100629 0.0991294
163 0.100765 0.0991683
164 0.100504 0.0988159
165 0.0998457 0.0980735
166 0.0987936 0.096944
167 0.0973515 0.0954319
168 0.0955253 0.0935432
169 0.0933221 0.0912854
170 0.0907506 0.0886673
171 0.087821 0.0856992
172 0.0845447 0.0823929
173 0.0809348 0.0787615
174 0.0770055 0.0748192
175 0.0727723 0.0705817
176 0.0682518 0.0660656
177 0.063462 0.0612887
178 0.0584218 0.05627
179 0.053151 0.0510293
180 0.0476704 0.0455871
181 0.0420017 0.039965
182 0.0361673 0.0341852
183 0.0301901 0.0282705
184 0.0240937 0.0222442
185 0.0179023 0.0161301
186 0.0116402 0.00995236
187 0.00533221 0.00373535
188 -0.000996856 -0.00249641
189 -0.00732199 -0.00871831
190 -0.0136182 -0.0149058
191 -0.0198607 -0.0210345
192 -0.0260248 -0.0270801
193 -0.0320862 -0.0330189
194 -0.038021 -0.0388274
195 -0.0438057 -0.0444826
196 -0.0494175 -0.0499623
197 -0.0548344 -0.0552448
198 -0.0600348 -0.0603093
199 -0.0649982 -0.0651358
200 -0.0697052 -0.0697052
201 -0.074137 -0.0739995
202 -0.0782763 -0.0780018
203 -0.0821067 -0.0816962
204 -0.085613 -0.0850682
205 -0.0887814 -0.0881045
206 -0.0915995 -0.0907931
207 -0.0940561 -0.0931234
208 -0.0961414 -0.0950861
209 -0.0978474 -0.0966736
210 -0.0991671 -0.0978796
211 -0.100096 -0.0986992
212 -0.100629 -0.0991294
213 -0.100765 -0.0991683
214 -0.100504 -0.0988159
215 -0.0998457 -0.0980735
216 -0.0987936 -0.096944
217 -0.0973515 -0.0954319
218 -0.0955253 -0.0935432
219 -0.0933221 -0.0912854
220 -0.0907506 -0.0886673
221 -0.087821 -0.0856992
222 -0.0845447 -0.0823929
223 -0.0809348 -0.0787615
224 -0.0770055 -0.0748192
225 -0.0727723 -0.0705817
226 -0.0682518 -0.0660656
227 -0.063462 -0.0612887
228 -0.0584218 -0.05627
229 -0.053151 -0.0510293
230 -0.0476704 -0.0455871
231 -0.0420017 -0.039965
232 -0.0361673 -0.0341852
233 -0.0301901 -0.0282705
234 -0.0240937 -0.0222442
235 -0.0179023 -0.0161301
236 -0.0116402 -0.00995236
237 -0.00533221 -0.00373535
238 0.000996856 0.00249641
239 0.00732199 0.00871831
240 0.0136182 0.0149058
241 0.0198607 0.0210345
242 0.0260248 0.0270801
243 0.0320862 0.0330189
244 0.038021 0.0388274
245 0.0438057 0.0444826
246 0.0494175 0.0499623
247 0.0548344 0.0552448
248 0.0600348 0.0603093
249 0.0649982 0.0651358
250 0.0697052 0.0697052
251 0.074137 0.0739995
252 0.0782763 0.0780018
253 0.0821067 0.0816962
254 0.085613 0.0850682
255 0.0887814 0.0881045
256 0.0915995 0.0907931
257 0.0940561 0.0931234
258 0.0961414 0.0950861
259 0.0978474 0.0966736
260 0.0991671 0.0978796
261 0.100096 0.0986992
262 0.100629 0.0991294
263 0.100765 0.0991683
264 0.100504 0.0988159
265 0.0998457 0.0980735
266 0.0987936 0.096944
267 0.0973515 0.0954319
268 0.0955253 0.0935432
269 0.0933221 0.0912854
270 0.0907506 0.0886673
271 0.087821 0.0856992
272 0.0845447 0.0823929
273 0.0809348 0.0787615
274 0.0770055 0.0748192
275 0.0727723 0.0705817
276 0.0682518 0.0660656
277 0.063462 0.0612887
278 0.0584218 0.05627
279 0.053151 0.0510293
280 0.0476704 0.0455871
281 0.0420017 0.039965
282 0.0361673 0.0341852
283 0.0301901 0.0282705
284 0.0240937 0.0222442
285 0.0179023 0.0161301
286 0.0116402 0.00995236
287 0.00533221 0.00373535
288 -0.000996856 -0.00249641
289 -0.00732199 -0.00871831
290 -0.0136182 -0.0149058
291 -0.0198607 -0.0210345
292 -0.0260248 -0.0270801
293 -0.0320862 -0.0330189
294 -0.038021 -0.0388274
295 -0.0438057 -0.0444826
296 -0.0494175 -0.0499623
297 -0.0548344 -0.0552448
298 -0.0600348 -0.0603093
299 -0.0649982 -0.0651358
300 -0.0697052 -0.0697052
301 -0.074137 -0.0739995
302 -0.0782763 -0.0780018
303 -0.0821067 -0.0816962
304 -0.085613 -0.0850682
305 -0.0887814 -0.0881045
306 -0.0915995 -0.0907931
307 -0.0940561 -0.0931234
308 -0.0961414 -0.0950861
309 -0.0978474 -0.0966736
310 -0.0991671 -0.0978796
311 -0.100096 -0.0986992
312 -0.100629 -0.0991294
313 -0.100765 -0.0991683
314 -0.100504 -0.0988159
315 -0.0998457 -0.0980735
316 -0.0987936 -0.096944
317 -0.0973515 -0.0954319
318 -0.0955253 -0.0935432
319 -0.0933221 -0.0912854
320 -0.0907506 -0.0886673
321 -0.087821 -0.0856992
322 -0.0845447 -0.0823929
323 -0.0809348 -0.0787615
324 -0.0770055 -0.0748192
325 -0.0727723 -0.0705817
326 -0.0682518 -0.0660656
327 -0.063462 -0.0612887
328 -0.0584218 -0.05627
329 -0.053151 -0.0510293
330 -0.0476704 -0.0455871
331 -0.0420017 -0.039965
332 -0.0361673 -0.0341852
333 -0.0301901 -0.0282705
334 -0.0240937 -0.0222442
335 -0.0179023 -0.0161301
336 -0.0116402 -0.00995236
337 -0.00533221 -0.00373535
338 0.000996856 0.00249641
339 0.00732199 0.00871831
340 0.0136182 0.0149058
341 0.0198607 0.0210345
342 0.0260248 0.0270801
343 0.0320862 0.0330189
344 0.038021 0.0388274
345 0.0438057 0.0444826
346 0.0494175 0.0499623
347 0.0548344 0.0552448
348 0.0600348 0.0603093
349 0.0649982 0.0651358
350 0.0697052 0.0697052
351 0.074137 0.0739995
352 0.0782763 0.0780018
353 0.0821067 0.0816962
354 0.085613 0.0850682
355 0.0887814 0.0881045
356 0.0915995 0.0907931
357 0.0940561 0.0931234
358 0.0961414 0.0950861
359 0.0978474 0.0966736
360 0.0991671 0.0978796
361 0.100096 0.0986992
362 0.100629 0.0991294
363 0.100765 0.0991683
364 0.100504 0.0988159
365 0.0998457 0.0980735
366 0.0987936 0.096944
367 0.0973515 0.0954319
368 0.0955253 0.0935432
369 0.0933221 0.0912854
370 0.0907506 0.0886673
371 0.087821 0.0856992
372 0.0845447 0.0823929
373 0.0809348 0.0787615
374 0.0770055 0.0748192
375 0.0727723 0.0705817
376 0.0682518 0.0660656
377 0.063462 0.0612887
378 0.0584218 0.05627
379 0.053151 0.0510293
380 0.0476704 0.0455871
381 0.0420017 0.039965
382 0.0361673 0.0341852
383 0.0301901 0.0282705
384 0.0240937 0.0222442
385 0.0179023 0.0161301
386 0.0116402 0.00995236
387 0.00533221 0.00373535
388 -0.000996856 -0.00249641
389 -0.00732199 -0.00871831
390 -0.0136182 -0.0149058
391 -0.0198607 -0.0210345
392 -0.0260248 -0.0270801
393 -0.0320862 -0.0330189
394 -0.038021 -0.0388274
395 -0.0438057 -0.0444826
396 -0.0494175 -0.0499623
397 -0.0548344 -0.0552448
398 -0.0600348 -0.0603093
399 -0.0649982 -0.0651358
400 -0.0697052 -0.0697052
401 -0.074137 -0.0739995
402 -0.0782763 -0.0780018
403 -0.0821067 -0.0816962
404 -0.085613 -0.0850682
405 -0.0887814 -0.0881045
406 -0.0915995 -0.0907931
407 -0.0940561 -0.0931234
408 -0.0961414 -0.0950861
409 -0.0978474 -0.0966736
410 -0.0991671 -0.0978796
411 -0.100096 -0.0986992
412 -0.100629 -0.0991294
413 -0.100765 -0.0991683
414 -0.100504 -0.0988159
415 -0.0998457 -0.0980735
416 -0.0987936 -0.096944
417 -0.0973515 -0.0954319
418 -0.0955253 -0.0935432
419 -0.0933221 -0.0912854
420 -0.0907506 -0.0886673
421 -0.087821 -0.0856992
422 -0.0845447 -0.0823929
423 -0.0809348 -0.0787615
424 -0.0770055 -0.0748192
425 -0.0727723 -0.0705817
426 -0.0682518 -0.0660656
427 -0.063462 -0.0612887
428 -0.0584218 -0.05627
429 -0.053151 -0.0510293
430 -0.0476704 -0.0455871
431 -0.0420017 -0.039965
432 -0.0361673 -0.0341852
433 -0.0301901 -0.0282705
434 -0.0240937 -0.0222442
435 -0.0179023 -0.0161301
436 -0.0116402 -0.00995236
437 -0.00533221 -0.00373535
438 0.000996856 0.00249641
439 0.00732199 0.00871831
440 0.0136182 0.0149058
441 0.0198607 0.0210345
442 0.0260248 0.0270801
443 0.0320862 0.0330189
444 0.038021 0.0388274
445 0.0438057 0.0444826
446 0.0494175 0.0499623
447 0.0548344 0.0552448
448 0.0600348 0.0603093
449 0.0649982 0.0651358
450 0.0697052 0.0697052
451 0.074137 0.0739995
452 0.0782763 0.0780018
453 0.0821067 0.0816962
454 0.085613 0.0850682
455 0.0887814 0.0881045
456 0.0915995 0.0907931
457 0.0940561 0.0931234
458 0.0961414 0.0950861
459 0.0978474 0.0966736
460 0.0991671 0.0978796
461 0.100096 0.0986992
462 0.100629 0.0991294
463 0.100765 0.0991683
464 0.100504 0.0988159
465 0.0998457 0.0980735
466 0.0987936 0.096944
467 0.0973515 0.0954319
468 0.0955253 0.0935432
469 0.0933221 0.0912854
470 0.0907506 0.0886673
471 0.087821 0.0856992
472 0.0845447 0.0823929
473 0.0809348 0.0787615
474 0.0770055 0.0748192
475 0.0727723 0.0705817
476 0.0682518 0.0660656
477 0.063462 0.0612887
478 0.0584218 0.05627
479 0.053151 0.0510293
480 0.0476704 0.0455871
481 0.0420017 0.039965
482 0.0361673 0.0341852
483 0.0301901 0.0282705
484 0.0240937 0.0222442
485 0.0179023 0.0161301
486 0.0116402 0.00995236
487 0.00533221 0.00373535
488 -0.000996856 -0.00249641
489 -0.00732199 -0.00871831
490 -0.0136182 -0.0149058
491 -0.0198607 -0.0210345
492 -0.0260248 -0.0270801
493 -0.0320862 -0.0330189
494 -0.038021 -0.0388274
495 -0.0438057 -0.0444826
496 -0.0494175 -0.0499623
497 -0.0548344 -0.0552448
498 -0.0600348 -0.0603093
499 -0.0649982 -0.0651358
500 -0.0697052 -0.0697052
501 -0.074137 -0.0739995
502 -0.0782763 -0.0780018
503 -0.0821067 -0.0816962
504 -0.085613 -0.0850682
505 -0.0887814 -0.0881045
506 -0.0915995 -0.0907931
507 -0.0940561 -0.0931234
508 -0.0961414 -0.0950861
509 -0.0978474 -0.0966736
510 -0.0991671 -0.0978796
511 -0.100096 -0.0986992
512 -0.100629 -0.0991294
513 -0.100765 -0.0991683
514 -0.100504 -0.0988159
515 -0.0998457 -0.0980735
516 -0.0987936 -0.096944
517 -0.0973515 -0.0954319
518 -0.0955253 -0.0935432
519 -0.0933221 -0.0912854
520 -0.0907506 -0.0886673
521 -0.087821 -0.0856992
522 -0.0845447 -0.0823929
523 -0.0809348 -0.0787615
524 -0.0770055 -0.0748192
525 -0.0727723 -0.0705817
526 -0.0682518 -0.0660656
527 -0.063462 -0.0612887
528 -0.0584218 -0.05627
529 -0.053151 -0.0510293
530 -0.0476704 -0.0455871
531 -0.0420017 -0.039965
532 -0.0361673 -0.0341852
533 -0.0301901 -0.0282705
534 -0.0240937 -0.0222442
535 -0.0179023 -0.0161301
536 -0.0116402 -0.00995236
537 -0.00533221 -0.00373535
538 0.000996856 0.00249641
539 0.00732199 0.00871831
540 0.0136182 0.0149058
541 0.0198607 0.0210345
542 0.0260248 0.0270801
543 0.0320862 0.0330189
544 0.038021 0.0388274
545 0.0438057 0.0444826
546 0.0494175 0.0499623
547 0.0548344 0.0552448
548 0.0600348 0.0603093
549 0.0649982 0.0651358
550 0.0697052 0.0697052
551 0.074137 0.0739995
552 0.0782763 0.0780018
553 0.0821067 0.0816962
554 0.085613 0.0850682
555 0.0887814 0.0881045
556 0.0915995 0.0907931
557 0.0940561 0.0931234
558 0.0961414 0.0950861
559 0.0978474 0.0966736
560 0.0991671 0.0978796
561 0.100096 0.0986992
562 0.100629 0.0991294
563 0.100765 0.0991683
564 0.100504 0.0988159
565 0.0998457 0.0980735
566 0.0987936 0.096944
567 0.0973515 0.0954319
568 0.0955253 0.0935432
569 0.0933221 0.0912854
570 0.0907506 0.0886673
571 0.087821 0.0856992
572 0.0845447 0.0823929
573 0.0809348 0.0787615
574 0.0770055 0.0748192
575 0.0727723 0.0705817
576 0.0682518 0.0660656
577 0.063462 0.0612887
578 0.0584218 0.05627
579 0.053151 0.0510293
580 0.0476704 0.0455871
581 0.0420017 0.039965
582 0.0361673 0.0341852
583 0.0301901 0.0282705
584 0.0240937 0.0222442
585 0.0179023 0.0161301
586 0.0116402 0.00995236
587 0.00533221 0.00373535
588 -0.000996856 -0.00249641
589 -0.00732199 -0.00871831
590 -0.0136182 -0.0149058
591 -0.0198607 -0.0210345
592 -0.0260248 -0.0270801
593 -0.0320862 -0.0330189
594 -0.038021 -0.0388274
595 -0.0438057 -0.0444826
596 -0.0494175 -0.0499623
597 -0.0548344 -0.0552448
598 -0.0600348 -0.0603093
599 -0.0649982 -0.0651358
600 -0.0697052 -0.0697052
601 -0.074137 -0.0739995
602 -0.0782763 -0.0780018
603 -0.0821067 -0.0816962
604 -0.085613 -0.0850682
605 -0.0887814 -0.0881045
606 -0.0915995 -0.0907931
607 -0.0940561 -0.0931234
608 -0.0961414 -0.0950861
609 -0.0978474 -0.0966736
610 -0.0991671 -0.0978796
611 -0.100096 -0.0986992
612 -0.100629 -0.0991294
613 -0.100765 -0.0991683
614 -0.100504 -0.0988159
615 -0.0998457 -0.0980735
616 -0.0987936 -0.096944
617 -0.0973515 -0.0954319
618 -0.0955253 -0.0935432
619 -0.0933221 -0.0912854
620 -0.0907506 -0.0886673
621 -0.087821 -0.0856992
622 -0.0845447 -0.0823929
623 -0.0809348 -0.0787615
624 -0.0770055 -0.0748192
625 -0.0727723 -0.0705817
626 -0.0682518 -0.0660656
627 -0.063462 -0.0612887
628 -0.0584218 -0.05627
629 -0.053151 -0.0510293
630 -0.0476704 -0.0455871
631 -0.0420017 -0.039965
632 -0.0361673 -0.0341852
633 -0.0301901 -0.0282705
634 -0.0240937 -0.0222442
635 -0.0179023 -0.0161301
636 -0.0116402 -0.00995236
637 -0.00533221 -0.00373535
638 0.000996856 0.00249641
639 0.00732199 0.00871831
640 0.0136182 0.0149058
641 0.0198607 0.0210345
642 0.0260248 0.0270801
643 0.0320862 0.0330189
644 0.038021 0.0388274
645 0.0438057 0.0444826
646 0.0494175 0.0499623
647 0.0548344 0.0552448
648 0.0600348 0.0603093
649 0.0649982 0.0651358
650 0.0697052 0.0697052
651 0.074137 0.0739995
652 0.0782763 0.0780018
653 0.0821067 0.0816962
654 0.085613 0.0850682
655 0.0887814 0.0881045
656 0.0915995 0.0907931
657 0.0940561 0.0931234
658 0.0961414 0.0950861
659 0.0978474 0.0966736
660 0.0991671 0.0978796
661 0.100096 0.0986992
662 0.100629 0.0991294
663 0.100765 0.0991683
664 0.100504 0.0988159
665 0.0998457 0.0980735
666 0.0987936 0.096944
667 0.0973515 0.0954319
668 0.0955253 0.0935432
669 0.0933221 0.0912854
670 0.0907506 0.0886673
671 0.087821 0.0856992
672 0.0845447 0.0823929
673 0.0809348 0.0787615
674 0.0770055 0.0748192
675 0.0727723 0.0705817
676 0.0682518 0.0660656
677 0.063462 0.0612887
678 0.0584218 0.05627
679 0.053151 0.0510293
680 0.0476704 0.0455871
681 0.0420017 0.039965
682 0.0361673 0.0341852
683 0.0301901 0.0282705
684 0.0240937 0.0222442
685 0.0179023 0.0161301
686 0.0116402 0.00995236
687 0.00533221 0.00373535
688 -0.000996856 -0.00249641
689 -0.00732199 -0.00871831
690 -0.0136182 -0.0149058
691 -0.0198607 -0.0210345
692 -0.0260248 -0.0270801
693 -0.0320862 -0.0330189
694 -0.038021 -0.0388274
695 -0.0438057 -0.0444826
696 -0.0494175 -0.0499623
697 -0.0548344 -0.0552448
698 -0.0600348 -0.0603093
699 -0.0649982 -0.0651358
700 -0.0697052 -0.0697052
701 -0.074137 -0.0739995
702 -0.0782763 -0.0780018
703 -0.0821067 -0.0816962
704 -0.085613 -0.0850682
705 -0.0887814 -0.0881045
706 -0.0915995 -0.0907931
707 -0.0940561 -0.0931234
708 -0.0961414 -0.0950861
709 -0.0978474 -0.0966736
710 -0.0991671 -0.0978796
711 -0.100096 -0.0986992
712 -0.100629 -0.0991294
713 -0.100765 -0.0991683
714 -0.100504 -0.0988159
715 -0.0998457 -0.0980735
716 -0.0987936 -0.096944
717 -0.0973515 -0.0954319
718 -0.0955253 -0.0935432
719 -0.0933221 -0.0912854
720 -0.0907506 -0.0886673
721 -0.087821 -0.0856992
722 -0.0845447 -0.0823929
723 -0.0809348 -0.0787615
724 -0.0770055 -0.0748192
725 -0.0727723 -0.0705817
726 -0.0682518 -0.0660656
727 -0.063462 -0.0612887
728 -0.0584218 -0.05627
729 -0.053151 -0.0510293
730 -0.0476704 -0.0455871
731 -0.0420017 -0.039965
732 -0.0361673 -0.0341852
733 -0.0301901 -0.0282705
734 -0.0240937 -0.0222442
735 -0.0179023 -0.0161301
736 -0.0116402 -0.00995236
737 -0.00533221 -0.00373535
738 0.000996856 0.00249641
739 0.00732199 0.00871831
740 0.0136182 0.0149058
741 0.0198607 0.0210345
742 0.0260248 0.0270801
743 0.0320862 0.0330189
744 0.038021 0.0388274
745 0.0438057 0.0444826
746 0.0494175 0.0499623
747 0.0548344 0.0552448
748 0.0600348 0.0603093
749 0.0649982 0.0651358
750 0.0697052 0.0697052
751 0.074137 0.0739995
752 0.0782763 0.0780018
753 0.0821067 0.0816962
754 0.085613 0.0850682
755 0.0887814 0.0881045
756 0.0915995 0.0907931
757 0.0940561 0.0931234
758 0.0961414 0.0950861
759 0.0978474 0.0966736
760 0.0991671 0.0978796
761 0.100096 0.0986992
762 0.100629 0.0991294
763 0.100765 0.0991683
764 0.100504 0.0988159
765 0.0998457 0.0980735
766 0.0987936 0.096944
767 0.0973515 0.0954319
768 0.0955253 0.0935432
769 0.0933221 0.0912854
770 0.0907506 0.0886673
771 0.087821 0.0856992
772 0.0845447 0.0823929
773 0.0809348 0.0787615
774 0.0770055 0.0748192
775 0.0727723 0.0705817
776 0.0682518 0.0660656
777 0.063462 0.0612887
778 0.0584218 0.05627
779 0.053151 0.0510293
780 0.0476704 0.0455871
781 0.0420017 0.039965
782 0.0361673 0.0341852
783 0.0301901 0.0282705
784 0.0240937 0.0222442
785 0.0179023 0.0161301
786 0.0116402 0.00995236
787 0.00533221 0.00373535
788 -0.000996856 -0.00249641
789 -0.00732199 -0.00871831
790 -0.0136182 -0.0149058
791 -0.0198607 -0.0210345
792 -0.0260248 -0.0270801
793 -0.0320862 -0.0330189
794 -0.038021 -0.0388274
795 -0.0438057 -0.0444826
796 -0.0494175 -0.0499623
797 -0.0548344 -0.0552448
798 -0.0600348 -0.0603093
799 -0.0649982 -0.0651358
800 -0.0697052 -0.0697052
801 -0.074137 -0.0739995
802 -0.0782763 -0.0780018
803 -0.0821067 -0.0816962
804 -0.085613 -0.0850682
805 -0.0887814 -0.0881045
806 -0.0915995 -0.0907931
807 -0.0940561 -0.0931234
808 -0.0961414 -0.0950861
809 -0.0978474 -0.0966736
810 -0.0991671 -0.0978796
811 -0.100096 -0.0986992
812 -0.100629 -0.0991294
813 -0.100765 -0.0991683
814 -0.100504 -0.0988159
815 -0.0998457 -0.0980735
816 -0.0987936 -0.096944
817 -0.0973515 -0.0954319
818 -0.0955253 -0.0935432
819 -0.0933221 -0.0912854
820 -0.0907506 -0.0886673
821 -0.087821 -0.0856992
822 -0.0845447 -0.0823929
823 -0.0809348 -0.0787615
824 -0.0770055 -0.0748192
825 -0.0727723 -0.0705817
826 -0.0682518 -0.0660656
827 -0.063462 -0.0612887
828 -0.0584218 -0.05627
829 -0.053151 -0.0510293
830 -0.0476704 -0.0455871
831 -0.0420017 -0.039965
832 -0.0361673 -0.0341852
833 -0.0301901 -0.0282705
834 -0.0240937 -0.0222442
835 -0.0179023 -0.0161301
836 -0.0116402 -0.00995236
837 -0.00533221 -0.00373535
838 0.000996856 0.00249641
839 0.00732199 0.00871831
840 0.0136182 0.0149058
841 0.0198607 0.0210345
842 0.0260248 0.0270801
843 0.0320862 0.0330189
844 0.038021 0.0388274
845 0.0438057 0.0444826
846 0.0494175 0.0499623
847 0.0548344 0.0552448
848 0.0600348 0.0603093
849 0.0649982 0.0651358
850 0.0697052 0.0697052
851 0.074137 0.0739995
852 0.0782763 0.0780018
853 0.0821067 0.0816962
854 0.085613 0.0850682
855 0.0887814 0.0881045
856 0.0915995 0.0907931
857 0.0940561 0.0931234
858 0.0961414 0.0950861
859 0.0978474 0.0966736
860 0.0991671 0.0978796
861 0.100096 0.0986992
862 0.100629 0.0991294
863 0.100765 0.0991683
864 0.100504 0.0988159
865 0.0998457 0.0980735
866 0.0987936 0.096944
867 0.0973515 0.0954319
868 0.0955253 0.0935432
869 0.0933221 0.0912854
870 0.0907506 0.0886673
871 0.087821 0.0856992
872 0.0845447 0.0823929
873 0.0809348 0.0787615
874 0.0770055 0.0748192
875 0.0727723 0.0705817
876 0.0682518 0.0660656
877 0.063462 0.0612887
878 0.0584218 0.05627
879 0.053151 0.0510293
880 0.0476704 0.0455871
881 0.0420017 0.039965
882 0.0361673 0.0341852
883 0.0301901 0.0282705
884 0.0240937 0.0222442
885 0.0179023 0.0161301
886 0.0116402 0.00995236
887 0.00533221 0.00373535
888 -0.000996856 -0.00249641
889 -0.00732199 -0.00871831
890 -0.0136182 -0.0149058
891 -0.0198607 -0.0210345
892 -0.0260248 -0.0270801
893 -0.0320862 -0.0330189
894 -0.038021 -0.0388274
895 -0.0438057 -0.0444826
896 -0.0494175 -0.0499623
897 -0.0548344 -0.0552448
898 -0.0600348 -0.0603093
899 -0.0649982 -0.0651358
900 -0.0697052 -0.0697052
901 -0.074137 -0.0739995
902 -0.0782763 -0.0780018
903 -0.0821067 -0.0816962
904 -0.085613 -0.0850682
905 -0.0887814 -0.0881045
906 -0.0915995 -0.0907931
907 -0.0940561 -0.0931234
908 -0.0961414 -0.0950861
909 -0.0978474 -0.0966736
910 -0.0991671 -0.0978796
911 -0.100096 -0.0986992
912 -0.100629 -0.0991294
913 -0.100765 -0.0991683
914 -0.100504 -0.0988159
915 -0.0998457 -0.0980735
916 -0.0987936 -0.096944
917 -0.0973515 -0.0954319
918 -0.0955253 -0.0935432
919 -0.0933221 -0.0912854
920 -0.0907506 -0.0886673
921 -0.087821 -0.0856992
922 -0.0845447 -0.0823929
923 -0.0809348 -0.0787615
924 -0.0770055 -0.0748192
925 -0.0727723 -0.0705817
926 -0.0682518 -0.0660656
927 -0.063462 -0.0612887
928 -0.0584218 -0.05627
929 -0.053151 -0.0510293
930 -0.0476704 -0.0455871
931 -0.0420017 -0.039965
932 -0.0361673 -0.0341852
933 -0.0301901 -0.0282705
934 -0.0240937 -0.0222442
935 -0.0179023 -0.0161301
936 -0.0116402 -0.00995236
937 -0.00533221 -0.00373535
938 0.000996856 0.00249641
939 0.00732199 0.00871831
940 0.0136182 0.0149058
941 0.0198607 0.0210345
942 0.0260248 0.0270801
943 0.0320862 0.0330189
944 0.038021 0.0388274
945 0.0438057 0.0444826
946 0.0494175 0.0499623
947 0.0548344 0.0552448
948 0.0600348 0.0603093
949 0.0649982 0.0651358
950 0.0697052 0.0697052
951 0.074137 0.0739995
952 0.0782763 0.0780018
953 0.0821067 0.0816962
954 0.085613 0.0850682
955 0.0887814 0.0881045
956 0.0915995 0.0907931
957 0.0940561 0.0931234
958 0.0961414 0.0950861
959 0.0978474 0.0966736
960 0.0991671 0.0978796
961 0.100096 0.0986992
962 0.100629 0.0991294
963 0.100765 0.0991683
964 0.100504 0.0988159
965 0.0998457 0.0980735
966 0.0987936 0.096944
967 0.0973515 0.0954319
968 0.0955253 0.0935432
969 0.0933221 0.0912854
970 0.0907506 0.0886673
971 0.087821 0.0856992
972 0.0845447 0.0823929
973 0.0809348 0.0787615
974 0.0770055 0.0748192
975 0.0727723 0.0705817
976 0.0682518 0.0660656
977 0.063462 0.0612887
978 0.0584218 0.05627
979 0.053151 0.0510293
980 0.0476704 0.0455871
981 0.0420017 0.039965
982 0.0361673 0.0341852
983 0.0301901 0.0282705
984 0.0240937 0.0222442
985 0.0179023 0.0161301
986 0.0116402 0.00995236
987 0.00533221 0.00373535
988 -0.000996856 -0.00249641
989 -0.00732199 -0.00871831
990 -0.0136182 -0.0149058
991 -0.0198607 -0.0210345
992 -0.0260248 -0.0270801
993 -0.0320862 -0.0330189
994 -0.038021 -0.0388274
995 -0.0438057 -0.0444826
996 -0.0494175 -0.0499623
997 -0.0548344 -0.0552448
998 -0.0600348 -0.0603093
999 -0.0649982 -0.0651358
