0 -0.0486 -0.0486
1 -0.043065 -0.0429691
2 -0.0373601 -0.0371687
3 -0.0315078 -0.0312216
4 -0.0255311 -0.0251512
5 -0.0194536 -0.0189816
6 -0.0132994 -0.0127371
7 -0.00709265 -0.00644235
8 -0.000857934 -0.000122144
9 0.00538017 0.00619854
10 0.011597 0.0124948
11 0.0177681 0.0187417
12 0.0238691 0.0249146
13 0.0298759 0.0309893
14 0.0357648 0.0369416
15 0.0415125 0.0427481
16 0.0470964 0.0483859
17 0.0524944 0.0538328
18 0.0576852 0.0590672
19 0.0626484 0.0640685
20 0.0673644 0.068817
21 0.0718145 0.0732938
22 0.0759812 0.0774814
23 0.079848 0.0813632
24 0.0833997 0.084924
25 0.0866222 0.0881495
26 0.0895029 0.0910272
27 0.0920304 0.0935456
28 0.0941946 0.0956949
29 0.0959871 0.0974665
30 0.0974008 0.0988534
31 0.0984302 0.0998502
32 0.099071 0.100453
33 0.0993209 0.100659
34 0.0991787 0.100468
35 0.0986452 0.0998808
36 0.0977224 0.0988992
37 0.0964139 0.0975272
38 0.0947249 0.0957704
39 0.092662 0.0936356
40 0.0902335 0.0911312
41 0.0874488 0.0882672
42 0.0843191 0.0850549
43 0.0808565 0.0815068
44 0.0770749 0.0776371
45 0.0729891 0.073461
46 0.0686152 0.068995
47 0.0639705 0.0642567
48 0.0590734 0.0592648
49 0.0539432 0.0540391
50 0.0486 0.0486
51 0.043065 0.0429691
52 0.0373601 0.0371687
53 0.0315078 0.0312216
54 0.0255311 0.0251512
55 0.0194536 0.0189816
56 0.0132994 0.0127371
57 0.00709265 0.00644235
58 0.000857934 0.000122144
59 -0.00538017 -0.00619854
60 -0.011597 -0.0124948
61 -0.0177681 -0.0187417
62 -0.0238691 -0.0249146
63 -0.0298759 -0.0309893
64 -0.0357648 -0.0369416
65 -0.0415125 -0.0427481
66 -0.0470964 -0.0483859
67 -0.0524944 -0.0538328
68 -0.0576852 -0.0590672
69 -0.0626484 -0.0640685
70 -0.0673644 -0.068817
71 -0.0718145 -0.0732938
72 -0.0759812 -0.0774814
73 -0.079848 -0.0813632
74 -0.0833997 -0.084924
75 -0.0866222 -0.0881495
76 -0.0895029 -0.0910272
77 -0.0920304 -0.0935456
78 -0.0941946 -0.0956949
79 -0.0959871 -0.0974665
80 -0.0974008 -0.0988534
81 -0.0984302 -0.0998502
82 -0.099071 -0.100453
83 -0.0993209 -0.100659
84 -0.0991787 -0.100468
85 -0.0986452 -0.0998808
86 -0.0977224 -0.0988992
87 -0.0964139 -0.0975272
88 -0.0947249 -0.0957704
89 -0.092662 -0.0936356
90 -0.0902335 -0.0911312
91 -0.0874488 -0.0882672
92 -0.0843191 -0.0850549
93 -0.0808565 -0.0815068
94 -0.0770749 -0.0776371
95 -0.0729891 -0.073461
96 -0.0686152 -0.068995
97 -0.0639705 -0.0642567
98 -0.0590734 -0.0592648
99 -0.0539432 -0.0540391
100 -0.0486 -0.0486
101 -0.043065 -0.0429691
102 -0.0373601 -0.0371687
103 -0.0315078 -0.0312216
104 -0.0255311 -0.0251512
105 -0.0194536 -0.0189816
106 -0.0132994 -0.0127371
107 -0.00709265 -0.00644235
108 -0.000857934 -0.000122144
109 0.00538017 0.00619854
110 0.011597 0.0124948
111 0.0177681 0.0187417
112 0.0238691 0.0249146
113 0.0298759 0.0309893
114 0.0357648 0.0369416
115 0.0415125 0.0427481
116 0.0470964 0.0483859
117 0.0524944 0.0538328
118 0.0576852 0.0590672
119 0.0626484 0.0640685
120 0.0673644 0.068817
121 0.0718145 0.0732938
122 0.0759812 0.0774814
123 0.079848 0.0813632
124 0.0833997 0.084924
125 0.0866222 0.0881495
126 0.0895029 0.0910272
127 0.0920304 0.0935456
128 0.0941946 0.0956949
129 0.0959871 0.0974665
130 0.0974008 0.0988534
131 0.0984302 0.0998502
132 0.099071 0.100453
133 0.0993209 0.100659
134 0.0991787 0.100468
135 0.0986452 0.0998808
136 0.0977224 0.0988992
137 0.0964139 0.0975272
138 0.0947249 0.0957704
139 0.092662 0.0936356
140 0.0902335 0.0911312
141 0.0874488 0.0882672
142 0.0843191 0.0850549
143 0.0808565 0.0815068
144 0.0770749 0.0776371
145 0.0729891 0.073461
146 0.0686152 0.068995
147 0.0639705 0.0642567
148 0.0590734 0.0592648
149 0.0539432 0.0540391
150 0.0486 0.0486
151 0.043065 0.0429691
152 0.0373601 0.0371687
153 0.0315078 0.0312216
154 0.0255311 0.0251512
155 0.0194536 0.0189816
156 0.0132994 0.0127371
157 0.00709265 0.00644235
158 0.000857934 0.000122144
159 -0.00538017 -0.00619854
160 -0.011597 -0.0124948
161 -0.0177681 -0.0187417
162 -0.0238691 -0.0249146
163 -0.0298759 -0.0309893
164 -0.0357648 -0.0369416
165 -0.0415125 -0.0427481
166 -0.0470964 -0.0483859
167 -0.0524944 -0.0538328
168 -0.0576852 -0.0590672
169 -0.0626484 -0.0640685
170 -0.0673644 -0.068817
171 -0.0718145 -0.0732938
172 -0.0759812 -0.0774814
173 -0.079848 -0.0813632
174 -0.0833997 -0.084924
175 -0.0866222 -0.0881495
176 -0.0895029 -0.0910272
177 -0.0920304 -0.0935456
178 -0.0941946 -0.0956949
179 -0.0959871 -0.0974665
180 -0.0974008 -0.0988534
181 -0.0984302 -0.0998502
182 -0.099071 -0.100453
183 -0.0993209 -0.100659
184 -0.0991787 -0.100468
185 -0.0986452 -0.0998808
186 -0.0977224 -0.0988992
187 -0.0964139 -0.0975272
188 -0.0947249 -0.0957704
189 -0.092662 -0.0936356
190 -0.0902335 -0.0911312
191 -0.0874488 -0.0882672
192 -0.0843191 -0.0850549
193 -0.0808565 -0.0815068
194 -0.0770749 -0.0776371
195 -0.0729891 -0.073461
196 -0.0686152 -0.068995
197 -0.0639705 -0.0642567
198 -0.0590734 -0.0592648
199 -0.0539432 -0.0540391
200 -0.0486 -0.0486
201 -0.043065 -0.0429691
202 -0.0373601 -0.0371687
203 -0.0315078 -0.0312216
204 -0.0255311 -0.0251512
205 -0.0194536 -0.0189816
206 -0.0132994 -0.0127371
207 -0.00709265 -0.00644235
208 -0.000857934 -0.000122144
209 0.00538017 0.00619854
210 0.011597 0.0124948
211 0.0177681 0.0187417
212 0.0238691 0.0249146
213 0.0298759 0.0309893
214 0.0357648 0.0369416
215 0.0415125 0.0427481
216 0.0470964 0.0483859
217 0.0524944 0.0538328
218 0.0576852 0.0590672
219 0.0626484 0.0640685
220 0.0673644 0.068817
221 0.0718145 0.0732938
222 0.0759812 0.0774814
223 0.079848 0.0813632
224 0.0833997 0.084924
225 0.0866222 0.0881495
226 0.0895029 0.0910272
227 0.0920304 0.0935456
228 0.0941946 0.0956949
229 0.0959871 0.0974665
230 0.0974008 0.0988534
231 0.0984302 0.0998502
232 0.099071 0.100453
233 0.0993209 0.100659
234 0.0991787 0.100468
235 0.0986452 0.0998808
236 0.0977224 0.0988992
237 0.0964139 0.0975272
238 0.0947249 0.0957704
239 0.092662 0.0936356
240 0.0902335 0.0911312
241 0.0874488 0.0882672
242 0.0843191 0.0850549
243 0.0808565 0.0815068
244 0.0770749 0.0776371
245 0.0729891 0.073461
246 0.0686152 0.068995
247 0.0639705 0.0642567
248 0.0590734 0.0592648
249 0.0539432 0.0540391
250 0.0486 0.0486
251 0.043065 0.0429691
252 0.0373601 0.0371687
253 0.0315078 0.0312216
254 0.0255311 0.0251512
255 0.0194536 0.0189816
256 0.0132994 0.0127371
257 0.00709265 0.00644235
258 0.000857934 0.000122144
259 -0.00538017 -0.00619854
260 -0.011597 -0.0124948
261 -0.0177681 -0.0187417
262 -0.0238691 -0.0249146
263 -0.0298759 -0.0309893
264 -0.0357648 -0.0369416
265 -0.0415125 -0.0427481
266 -0.0470964 -0.0483859
267 -0.0524944 -0.0538328
268 -0.0576852 -0.0590672
269 -0.0626484 -0.0640685
270 -0.0673644 -0.068817
271 -0.0718145 -0.0732938
272 -0.0759812 -0.0774814
273 -0.079848 -0.0813632
274 -0.0833997 -0.084924
275 -0.0866222 -0.0881495
276 -0.0895029 -0.0910272
277 -0.0920304 -0.0935456
278 -0.0941946 -0.0956949
279 -0.0959871 -0.0974665
280 -0.0974008 -0.0988534
281 -0.0984302 -0.0998502
282 -0.099071 -0.100453
283 -0.0993209 -0.100659
284 -0.0991787 -0.100468
285 -0.0986452 -0.0998808
286 -0.0977224 -0.0988992
287 -0.0964139 -0.0975272
288 -0.0947249 -0.0957704
289 -0.092662 -0.0936356
290 -0.0902335 -0.0911312
291 -0.0874488 -0.0882672
292 -0.0843191 -0.0850549
293 -0.0808565 -0.0815068
294 -0.0770749 -0.0776371
295 -0.0729891 -0.073461
296 -0.0686152 -0.068995
297 -0.0639705 -0.0642567
298 -0.0590734 -0.0592648
299 -0.0539432 -0.0540391
300 -0.0486 -0.0486
301 -0.043065 -0.0429691
302 -0.0373601 -0.0371687
303 -0.0315078 -0.0312216
304 -0.0255311 -0.0251512
305 -0.0194536 -0.0189816
306 -0.0132994 -0.0127371
307 -0.00709265 -0.00644235
308 -0.000857934 -0.000122144
309 0.00538017 0.00619854
310 0.011597 0.0124948
311 0.0177681 0.0187417
312 0.0238691 0.0249146
313 0.0298759 0.0309893
314 0.0357648 0.0369416
315 0.0415125 0.0427481
316 0.0470964 0.0483859
317 0.0524944 0.0538328
318 0.0576852 0.0590672
319 0.0626484 0.0640685
320 0.0673644 0.068817
321 0.0718145 0.0732938
322 0.0759812 0.0774814
323 0.079848 0.0813632
324 0.0833997 0.084924
325 0.0866222 0.0881495
326 0.0895029 0.0910272
327 0.0920304 0.0935456
328 0.0941946 0.0956949
329 0.0959871 0.0974665
330 0.0974008 0.0988534
331 0.0984302 0.0998502
332 0.099071 0.100453
333 0.0993209 0.100659
334 0.0991787 0.100468
335 0.0986452 0.0998808
336 0.0977224 0.0988992
337 0.0964139 0.0975272
338 0.0947249 0.0957704
339 0.092662 0.0936356
340 0.0902335 0.0911312
341 0.0874488 0.0882672
342 0.0843191 0.0850549
343 0.0808565 0.0815068
344 0.0770749 0.0776371
345 0.0729891 0.073461
346 0.0686152 0.068995
347 0.0639705 0.0642567
348 0.0590734 0.0592648
349 0.0539432 0.0540391
350 0.0486 0.0486
351 0.043065 0.0429691
352 0.0373601 0.0371687
353 0.0315078 0.0312216
354 0.0255311 0.0251512
355 0.0194536 0.0189816
356 0.0132994 0.0127371
357 0.00709265 0.00644235
358 0.000857934 0.000122144
359 -0.00538017 -0.00619854
360 -0.011597 -0.0124948
361 -0.0177681 -0.0187417
362 -0.0238691 -0.0249146
363 -0.0298759 -0.0309893
364 -0.0357648 -0.0369416
365 -0.0415125 -0.0427481
366 -0.0470964 -0.0483859
367 -0.0524944 -0.0538328
368 -0.0576852 -0.0590672
369 -0.0626484 -0.0640685
370 -0.0673644 -0.068817
371 -0.0718145 -0.0732938
372 -0.0759812 -0.0774814
373 -0.079848 -0.0813632
374 -0.0833997 -0.084924
375 -0.0866222 -0.0881495
376 -0.0895029 -0.0910272
377 -0.0920304 -0.0935456
378 -0.0941946 -0.0956949
379 -0.0959871 -0.0974665
380 -0.0974008 -0.0988534
381 -0.0984302 -0.0998502
382 -0.099071 -0.100453
383 -0.0993209 -0.100659
384 -0.0991787 -0.100468
385 -0.0986452 -0.0998808
386 -0.0977224 -0.0988992
387 -0.0964139 -0.0975272
388 -0.0947249 -0.0957704
389 -0.092662 -0.0936356
390 -0.0902335 -0.0911312
391 -0.0874488 -0.0882672
392 -0.0843191 -0.0850549
393 -0.0808565 -0.0815068
394 -0.0770749 -0.0776371
395 -0.0729891 -0.073461
396 -0.0686152 -0.068995
397 -0.0639705 -0.0642567
398 -0.0590734 -0.0592648
399 -0.0539432 -0.0540391
400 -0.0486 -0.0486
401 -0.043065 -0.0429691
402 -0.0373601 -0.0371687
403 -0.0315078 -0.0312216
404 -0.0255311 -0.0251512
405 -0.0194536 -0.0189816
406 -0.0132994 -0.0127371
407 -0.00709265 -0.00644235
408 -0.000857934 -0.000122144
409 0.00538017 0.00619854
410 0.011597 0.0124948
411 0.0177681 0.0187417
412 0.0238691 0.0249146
413 0.0298759 0.0309893
414 0.0357648 0.0369416
415 0.0415125 0.0427481
416 0.0470964 0.0483859
417 0.0524944 0.0538328
418 0.0576852 0.0590672
419 0.0626484 0.0640685
420 0.0673644 0.068817
421 0.0718145 0.0732938
422 0.0759812 0.0774814
423 0.079848 0.0813632
424 0.0833997 0.084924
425 0.0866222 0.0881495
426 0.0895029 0.0910272
427 0.0920304 0.0935456
428 0.0941946 0.0956949
429 0.0959871 0.0974665
430 0.0974008 0.0988534
431 0.0984302 0.0998502
432 0.099071 0.100453
433 0.0993209 0.100659
434 0.0991787 0.100468
435 0.0986452 0.0998808
436 0.0977224 0.0988992
437 0.0964139 0.0975272
438 0.0947249 0.0957704
439 0.092662 0.0936356
440 0.0902335 0.0911312
441 0.0874488 0.0882672
442 0.0843191 0.0850549
443 0.0808565 0.0815068
444 0.0770749 0.0776371
445 0.0729891 0.073461
446 0.0686152 0.068995
447 0.0639705 0.0642567
448 0.0590734 0.0592648
449 0.0539432 0.0540391
450 0.0486 0.0486
451 0.043065 0.0429691
452 0.0373601 0.0371687
453 0.0315078 0.0312216
454 0.0255311 0.0251512
455 0.0194536 0.0189816
456 0.0132994 0.0127371
457 0.00709265 0.00644235
458 0.000857934 0.000122144
459 -0.00538017 -0.00619854
460 -0.011597 -0.0124948
461 -0.0177681 -0.0187417
462 -0.0238691 -0.0249146
463 -0.0298759 -0.0309893
464 -0.0357648 -0.0369416
465 -0.0415125 -0.0427481
466 -0.0470964 -0.0483859
467 -0.0524944 -0.0538328
468 -0.0576852 -0.0590672
469 -0.0626484 -0.0640685
470 -0.0673644 -0.068817
471 -0.0718145 -0.0732938
472 -0.0759812 -0.0774814
473 -0.079848 -0.0813632
474 -0.0833997 -0.084924
475 -0.0866222 -0.0881495
476 -0.0895029 -0.0910272
477 -0.0920304 -0.0935456
478 -0.0941946 -0.0956949
479 -0.0959871 -0.0974665
480 -0.0974008 -0.0988534
481 -0.0984302 -0.0998502
482 -0.099071 -0.100453
483 -0.0993209 -0.100659
484 -0.0991787 -0.100468
485 -0.0986452 -0.0998808
486 -0.0977224 -0.0988992
487 -0.0964139 -0.0975272
488 -0.0947249 -0.0957704
489 -0.092662 -0.0936356
490 -0.0902335 -0.0911312
491 -0.0874488 -0.0882672
492 -0.0843191 -0.0850549
493 -0.0808565 -0.0815068
494 -0.0770749 -0.0776371
495 -0.0729891 -0.073461
496 -0.0686152 -0.068995
497 -0.0639705 -0.0642567
498 -0.0590734 -0.0592648
499 -0.0539432 -0.0540391
500 -0.0486 -0.0486
501 -0.043065 -0.0429691
502 -0.0373601 -0.0371687
503 -0.0315078 -0.0312216
504 -0.0255311 -0.0251512
505 -0.0194536 -0.0189816
506 -0.0132994 -0.0127371
507 -0.00709265 -0.00644235
508 -0.000857934 -0.000122144
509 0.00538017 0.00619854
510 0.011597 0.0124948
511 0.0177681 0.0187417
512 0.0238691 0.0249146
513 0.0298759 0.0309893
514 0.0357648 0.0369416
515 0.0415125 0.0427481
516 0.0470964 0.0483859
517 0.0524944 0.0538328
518 0.0576852 0.0590672
519 0.0626484 0.0640685
520 0.0673644 0.068817
521 0.0718145 0.0732938
522 0.0759812 0.0774814
523 0.079848 0.0813632
524 0.0833997 0.084924
525 0.0866222 0.0881495
526 0.0895029 0.0910272
527 0.0920304 0.0935456
528 0.0941946 0.0956949
529 0.0959871 0.0974665
530 0.0974008 0.0988534
531 0.0984302 0.0998502
532 0.099071 0.100453
533 0.0993209 0.100659
534 0.0991787 0.100468
535 0.0986452 0.0998808
536 0.0977224 0.0988992
537 0.0964139 0.0975272
538 0.0947249 0.0957704
539 0.092662 0.0936356
540 0.0902335 0.0911312
541 0.0874488 0.0882672
542 0.0843191 0.0850549
543 0.0808565 0.0815068
544 0.0770749 0.0776371
545 0.0729891 0.073461
546 0.0686152 0.068995
547 0.0639705 0.0642567
548 0.0590734 0.0592648
549 0.0539432 0.0540391
550 0.0486 0.0486
551 0.043065 0.0429691
552 0.0373601 0.0371687
553 0.0315078 0.0312216
554 0.0255311 0.0251512
555 0.0194536 0.0189816
556 0.0132994 0.0127371
557 0.00709265 0.00644235
558 0.000857934 0.000122144
559 -0.00538017 -0.00619854
560 -0.011597 -0.0124948
561 -0.0177681 -0.0187417
562 -0.0238691 -0.0249146
563 -0.0298759 -0.0309893
564 -0.0357648 -0.0369416
565 -0.0415125 -0.0427481
566 -0.0470964 -0.0483859
567 -0.0524944 -0.0538328
568 -0.0576852 -0.0590672
569 -0.0626484 -0.0640685
570 -0.0673644 -0.068817
571 -0.0718145 -0.0732938
572 -0.0759812 -0.0774814
573 -0.079848 -0.0813632
574 -0.0833997 -0.084924
575 -0.0866222 -0.0881495
576 -0.0895029 -0.0910272
577 -0.0920304 -0.0935456
578 -0.0941946 -0.0956949
579 -0.0959871 -0.0974665
580 -0.0974008 -0.0988534
581 -0.0984302 -0.0998502
582 -0.099071 -0.100453
583 -0.0993209 -0.100659
584 -0.0991787 -0.100468
585 -0.0986452 -0.0998808
586 -0.0977224 -0.0988992
587 -0.0964139 -0.0975272
588 -0.0947249 -0.0957704
589 -0.092662 -0.0936356
590 -0.0902335 -0.0911312
591 -0.0874488 -0.0882672
592 -0.0843191 -0.0850549
593 -0.0808565 -0.0815068
594 -0.0770749 -0.0776371
595 -0.0729891 -0.073461
596 -0.0686152 -0.068995
597 -0.0639705 -0.0642567
598 -0.0590734 -0.0592648
599 -0.0539432 -0.0540391
600 -0.0486 -0.0486
601 -0.043065 -0.0429691
602 -0.0373601 -0.0371687
603 -0.0315078 -0.0312216
604 -0.0255311 -0.0251512
605 -0.0194536 -0.0189816
606 -0.0132994 -0.0127371
607 -0.00709265 -0.00644235
608 -0.000857934 -0.000122144
609 0.00538017 0.00619854
610 0.011597 0.0124948
611 0.0177681 0.0187417
612 0.0238691 0.0249146
613 0.0298759 0.0309893
614 0.0357648 0.0369416
615 0.0415125 0.0427481
616 0.0470964 0.0483859
617 0.0524944 0.0538328
618 0.0576852 0.0590672
619 0.0626484 0.0640685
620 0.0673644 0.068817
621 0.0718145 0.0732938
622 0.0759812 0.0774814
623 0.079848 0.0813632
624 0.0833997 0.084924
625 0.0866222 0.0881495
626 0.0895029 0.0910272
627 0.0920304 0.0935456
628 0.0941946 0.0956949
629 0.0959871 0.0974665
630 0.0974008 0.0988534
631 0.0984302 0.0998502
632 0.099071 0.100453
633 0.0993209 0.100659
634 0.0991787 0.100468
635 0.0986452 0.0998808
636 0.0977224 0.0988992
637 0.0964139 0.0975272
638 0.0947249 0.0957704
639 0.092662 0.0936356
640 0.0902335 0.0911312
641 0.0874488 0.0882672
642 0.0843191 0.0850549
643 0.0808565 0.0815068
644 0.0770749 0.0776371
645 0.0729891 0.073461
646 0.0686152 0.068995
647 0.0639705 0.0642567
648 0.0590734 0.0592648
649 0.0539432 0.0540391
650 0.0486 0.0486
651 0.043065 0.0429691
652 0.0373601 0.0371687
653 0.0315078 0.0312216
654 0.0255311 0.0251512
655 0.0194536 0.0189816
656 0.0132994 0.0127371
657 0.00709265 0.00644235
658 0.000857934 0.000122144
659 -0.00538017 -0.00619854
660 -0.011597 -0.0124948
661 -0.0177681 -0.0187417
662 -0.0238691 -0.0249146
663 -0.0298759 -0.0309893
664 -0.0357648 -0.0369416
665 -0.0415125 -0.0427481
666 -0.0470964 -0.0483859
667 -0.0524944 -0.0538328
668 -0.0576852 -0.0590672
669 -0.0626484 -0.0640685
670 -0.0673644 -0.068817
671 -0.0718145 -0.0732938
672 -0.0759812 -0.0774814
673 -0.079848 -0.0813632
674 -0.0833997 -0.084924
675 -0.0866222 -0.0881495
676 -0.0895029 -0.0910272
677 -0.0920304 -0.0935456
678 -0.0941946 -0.0956949
679 -0.0959871 -0.0974665
680 -0.0974008 -0.0988534
681 -0.0984302 -0.0998502
682 -0.099071 -0.100453
683 -0.0993209 -0.100659
684 -0.0991787 -0.100468
685 -0.0986452 -0.0998808
686 -0.0977224 -0.0988992
687 -0.0964139 -0.0975272
688 -0.0947249 -0.0957704
689 -0.092662 -0.0936356
690 -0.0902335 -0.0911312
691 -0.0874488 -0.0882672
692 -0.0843191 -0.0850549
693 -0.0808565 -0.0815068
694 -0.0770749 -0.0776371
695 -0.0729891 -0.073461
696 -0.0686152 -0.068995
697 -0.0639705 -0.0642567
698 -0.0590734 -0.0592648
699 -0.0539432 -0.0540391
700 -0.0486 -0.0486
701 -0.043065 -0.0429691
702 -0.0373601 -0.0371687
703 -0.0315078 -0.0312216
704 -0.0255311 -0.0251512
705 -0.0194536 -0.0189816
706 -0.0132994 -0.0127371
707 -0.00709265 -0.00644235
708 -0.000857934 -0.000122144
709 0.00538017 0.00619854
710 0.011597 0.0124948
711 0.0177681 0.0187417
712 0.0238691 0.0249146
713 0.0298759 0.0309893
714 0.0357648 0.0369416
715 0.0415125 0.0427481
716 0.0470964 0.0483859
717 0.0524944 0.0538328
718 0.0576852 0.0590672
719 0.0626484 0.0640685
720 0.0673644 0.068817
721 0.0718145 0.0732938
722 0.0759812 0.0774814
723 0.079848 0.0813632
724 0.0833997 0.084924
725 0.0866222 0.0881495
726 0.0895029 0.0910272
727 0.0920304 0.0935456
728 0.0941946 0.0956949
729 0.0959871 0.0974665
730 0.0974008 0.0988534
731 0.0984302 0.0998502
732 0.099071 0.100453
733 0.0993209 0.100659
734 0.0991787 0.100468
735 0.0986452 0.0998808
736 0.0977224 0.0988992
737 0.0964139 0.0975272
738 0.0947249 0.0957704
739 0.092662 0.0936356
740 0.0902335 0.0911312
741 0.0874488 0.0882672
742 0.0843191 0.0850549
743 0.0808565 0.0815068
744 0.0770749 0.0776371
745 0.0729891 0.073461
746 0.0686152 0.068995
747 0.0639705 0.0642567
748 0.0590734 0.0592648
749 0.0539432 0.0540391
750 0.0486 0.0486
751 0.043065 0.0429691
752 0.0373601 0.0371687
753 0.0315078 0.0312216
754 0.0255311 0.0251512
755 0.0194536 0.0189816
756 0.0132994 0.0127371
757 0.00709265 0.00644235
758 0.000857934 0.000122144
759 -0.00538017 -0.00619854
760 -0.011597 -0.0124948
761 -0.0177681 -0.0187417
762 -0.0238691 -0.0249146
763 -0.0298759 -0.0309893
764 -0.0357648 -0.0369416
765 -0.0415125 -0.0427481
766 -0.0470964 -0.0483859
767 -0.0524944 -0.0538328
768 -0.0576852 -0.0590672
769 -0.0626484 -0.0640685
770 -0.0673644 -0.068817
771 -0.0718145 -0.0732938
772 -0.0759812 -0.0774814
773 -0.079848 -0.0813632
774 -0.0833997 -0.084924
775 -0.0866222 -0.0881495
776 -0.0895029 -0.0910272
777 -0.0920304 -0.0935456
778 -0.0941946 -0.0956949
779 -0.0959871 -0.0974665
780 -0.0974008 -0.0988534
781 -0.0984302 -0.0998502
782 -0.099071 -0.100453
783 -0.0993209 -0.100659
784 -0.0991787 -0.100468
785 -0.0986452 -0.0998808
786 -0.0977224 -0.0988992
787 -0.0964139 -0.0975272
788 -0.0947249 -0.0957704
789 -0.092662 -0.0936356
790 -0.0902335 -0.0911312
791 -0.0874488 -0.0882672
792 -0.0843191 -0.0850549
793 -0.0808565 -0.0815068
794 -0.0770749 -0.0776371
795 -0.0729891 -0.073461
796 -0.0686152 -0.068995
797 -0.0639705 -0.0642567
798 -0.0590734 -0.0592648
799 -0.0539432 -0.0540391
800 -0.0486 -0.0486
801 -0.043065 -0.0429691
802 -0.0373601 -0.0371687
803 -0.0315078 -0.0312216
804 -0.0255311 -0.0251512
805 -0.0194536 -0.0189816
806 -0.0132994 -0.0127371
807 -0.00709265 -0.00644235
808 -0.000857934 -0.000122144
809 0.00538017 0.00619854
810 0.011597 0.0124948
811 0.0177681 0.0187417
812 0.0238691 0.0249146
813 0.0298759 0.0309893
814 0.0357648 0.0369416
815 0.0415125 0.0427481
816 0.0470964 0.0483859
817 0.0524944 0.0538328
818 0.0576852 0.0590672
819 0.0626484 0.0640685
820 0.0673644 0.068817
821 0.0718145 0.0732938
822 0.0759812 0.0774814
823 0.079848 0.0813632
824 0.0833997 0.084924
825 0.0866222 0.0881495
826 0.0895029 0.0910272
827 0.0920304 0.0935456
828 0.0941946 0.0956949
829 0.0959871 0.0974665
830 0.0974008 0.0988534
831 0.0984302 0.0998502
832 0.099071 0.100453
833 0.0993209 0.100659
834 0.0991787 0.100468
835 0.0986452 0.0998808
836 0.0977224 0.0988992
837 0.0964139 0.0975272
838 0.0947249 0.0957704
839 0.092662 0.0936356
840 0.0902335 0.0911312
841 0.0874488 0.0882672
842 0.0843191 0.0850549
843 0.0808565 0.0815068
844 0.0770749 0.0776371
845 0.0729891 0.073461
846 0.0686152 0.068995
847 0.0639705 0.0642567
848 0.0590734 0.0592648
849 0.0539432 0.0540391
850 0.0486 0.0486
851 0.043065 0.0429691
852 0.0373601 0.0371687
853 0.0315078 0.0312216
854 0.0255311 0.0251512
855 0.0194536 0.0189816
856 0.0132994 0.0127371
857 0.00709265 0.00644235
858 0.000857934 0.000122144
859 -0.00538017 -0.00619854
860 -0.011597 -0.0124948
861 -0.0177681 -0.0187417
862 -0.0238691 -0.0249146
863 -0.0298759 -0.0309893
864 -0.0357648 -0.0369416
865 -0.0415125 -0.0427481
866 -0.0470964 -0.0483859
867 -0.0524944 -0.0538328
868 -0.0576852 -0.0590672
869 -0.0626484 -0.0640685
870 -0.0673644 -0.068817
871 -0.0718145 -0.0732938
872 -0.0759812 -0.0774814
873 -0.079848 -0.0813632
874 -0.0833997 -0.084924
875 -0.0866222 -0.0881495
876 -0.0895029 -0.0910272
877 -0.0920304 -0.0935456
878 -0.0941946 -0.0956949
879 -0.0959871 -0.0974665
880 -0.0974008 -0.0988534
881 -0.0984302 -0.0998502
882 -0.099071 -0.100453
883 -0.0993209 -0.100659
884 -0.0991787 -0.100468
885 -0.0986452 -0.0998808
886 -0.0977224 -0.0988992
887 -0.0964139 -0.0975272
888 -0.0947249 -0.0957704
889 -0.092662 -0.0936356
890 -0.0902335 -0.0911312
891 -0.0874488 -0.0882672
892 -0.0843191 -0.0850549
893 -0.0808565 -0.0815068
894 -0.0770749 -0.0776371
895 -0.0729891 -0.073461
896 -0.0686152 -0.068995
897 -0.0639705 -0.0642567
898 -0.0590734 -0.0592648
899 -0.0539432 -0.0540391
900 -0.0486 -0.0486
901 -0.043065 -0.0429691
902 -0.0373601 -0.0371687
903 -0.0315078 -0.0312216
904 -0.0255311 -0.0251512
905 -0.0194536 -0.0189816
906 -0.0132994 -0.0127371
907 -0.00709265 -0.00644235
908 -0.000857934 -0.000122144
909 0.00538017 0.00619854
910 0.011597 0.0124948
911 0.0177681 0.0187417
912 0.0238691 0.0249146
913 0.0298759 0.0309893
914 0.0357648 0.0369416
915 0.0415125 0.0427481
916 0.0470964 0.0483859
917 0.0524944 0.0538328
918 0.0576852 0.0590672
919 0.0626484 0.0640685
920 0.0673644 0.068817
921 0.0718145 0.0732938
922 0.0759812 0.0774814
923 0.079848 0.0813632
924 0.0833997 0.084924
925 0.0866222 0.0881495
926 0.0895029 0.0910272
927 0.0920304 0.0935456
928 0.0941946 0.0956949
929 0.0959871 0.0974665
930 0.0974008 0.0988534
931 0.0984302 0.0998502
932 0.099071 0.100453
933 0.0993209 0.100659
934 0.0991787 0.100468
935 0.0986452 0.0998808
936 0.0977224 0.0988992
937 0.0964139 0.0975272
938 0.0947249 0.0957704
939 0.092662 0.0936356
940 0.0902335 0.0911312
941 0.0874488 0.0882672
942 0.0843191 0.0850549
943 0.0808565 0.0815068
944 0.0770749 0.0776371
945 0.0729891 0.073461
946 0.0686152 0.068995
947 0.0639705 0.0642567
948 0.0590734 0.0592648
949 0.0539432 0.0540391
950 0.0486 0.0486
951 0.043065 0.0429691
952 0.0373601 0.0371687
953 0.0315078 0.0312216
954 0.0255311 0.0251512
955 0.0194536 0.0189816
956 0.0132994 0.0127371
957 0.00709265 0.00644235
958 0.000857934 0.000122144
959 -0.00538017 -0.00619854
960 -0.011597 -0.0124948
961 -0.0177681 -0.0187417
962 -0.0238691 -0.0249146
963 -0.0298759 -0.0309893
964 -0.0357648 -0.0369416
965 -0.0415125 -0.0427481
966 -0.0470964 -0.0483859
967 -0.0524944 -0.0538328
968 -0.0576852 -0.0590672
969 -0.0626484 -0.0640685
970 -0.0673644 -0.068817
971 -0.0718145 -0.0732938
972 -0.0759812 -0.0774814
973 -0.079848 -0.0813632
974 -0.0833997 -0.084924
975 -0.0866222 -0.0881495
976 -0.0895029 -0.0910272
977 -0.0920304 -0.0935456
978 -0.0941946 -0.0956949
979 -0.0959871 -0.0974665
980 -0.0974008 -0.0988534
981 -0.0984302 -0.0998502
982 -0.099071 -0.100453
983 -0.0993209 -0.100659
984 -0.0991787 -0.100468
985 -0.0986452 -0.0998808
986 -0.0977224 -0.0988992
987 -0.0964139 -0.0975272
988 -0.0947249 -0.0957704
989 -0.092662 -0.0936356
990 -0.0902335 -0.0911312
991 -0.0874488 -0.0882672
992 -0.0843191 -0.0850549
993 -0.0808565 -0.0815068
994 -0.0770749 -0.0776371
995 -0.0729891 -0.073461
996 -0.0686152 -0.068995
997 -0.0639705 -0.0642567
998 -0.0590734 -0.0592648
999 -0.0539432 -0.0540391
