0 -0.0532663 -0.0532663
1 -0.0479004 -0.0477953
2 -0.0423455 -0.0421357
3 -0.0366234 -0.0363097
4 -0.0307568 -0.0303405
5 -0.0247688 -0.0242515
6 -0.0186831 -0.0180668
7 -0.0125236 -0.0118109
8 -0.0063147 -0.00550826
9 -8.08829e-05 0.000816071
10 0.00615325 0.00713718
11 0.0123631 0.0134301
12 0.0185242 0.0196701
13 0.0246121 0.0258324
14 0.0306029 0.0318928
15 0.036473 0.0378272
16 0.0421991 0.0436125
17 0.0477587 0.0492256
18 0.0531297 0.0546444
19 0.0582911 0.0598475
20 0.0632225 0.0648145
21 0.0679043 0.0695257
22 0.0723182 0.0739625
23 0.0764466 0.0781074
24 0.0802734 0.081944
25 0.0837833 0.0854573
26 0.0869626 0.0886333
27 0.0897987 0.0914595
28 0.0922804 0.0939247
29 0.0943979 0.0960193
30 0.0961429 0.0977349
31 0.0975084 0.0990648
32 0.0984891 0.100004
33 0.0990811 0.100548
34 0.0992821 0.100696
35 0.0990913 0.100446
36 0.0985094 0.0997992
37 0.0975387 0.098759
38 0.0961831 0.097329
39 0.0944479 0.0955149
40 0.09234 0.0933239
41 0.0898676 0.0907645
42 0.0870406 0.087847
43 0.08387 0.0845828
44 0.0803685 0.0809847
45 0.0765498 0.077067
46 0.0724289 0.0728452
47 0.0680223 0.0683359
48 0.0633471 0.0635569
49 0.058422 0.0585271
50 0.0532663 0.0532663
51 0.0479004 0.0477953
52 0.0423455 0.0421357
53 0.0366234 0.0363097
54 0.0307568 0.0303405
55 0.0247688 0.0242515
56 0.0186831 0.0180668
57 0.0125236 0.0118109
58 0.0063147 0.00550826
59 8.08829e-05 -0.000816071
60 -0.00615325 -0.00713718
61 -0.0123631 -0.0134301
62 -0.0185242 -0.0196701
63 -0.0246121 -0.0258324
64 -0.0306029 -0.0318928
65 -0.036473 -0.0378272
66 -0.0421991 -0.0436125
67 -0.0477587 -0.0492256
68 -0.0531297 -0.0546444
69 -0.0582911 -0.0598475
70 -0.0632225 -0.0648145
71 -0.0679043 -0.0695257
72 -0.0723182 -0.0739625
73 -0.0764466 -0.0781074
74 -0.0802734 -0.081944
75 -0.0837833 -0.0854573
76 -0.0869626 -0.0886333
77 -0.0897987 -0.0914595
78 -0.0922804 -0.0939247
79 -0.0943979 -0.0960193
80 -0.0961429 -0.0977349
81 -0.0975084 -0.0990648
82 -0.0984891 -0.100004
83 -0.0990811 -0.100548
84 -0.0992821 -0.100696
85 -0.0990913 -0.100446
86 -0.0985094 -0.0997992
87 -0.0975387 -0.098759
88 -0.0961831 -0.097329
89 -0.0944479 -0.0955149
90 -0.09234 -0.0933239
91 -0.0898676 -0.0907645
92 -0.0870406 -0.087847
93 -0.08387 -0.0845828
94 -0.0803685 -0.0809847
95 -0.0765498 -0.077067
96 -0.0724289 -0.0728452
97 -0.0680223 -0.0683359
98 -0.0633471 -0.0635569
99 -0.058422 -0.0585271
100 -0.0532663 -0.0532663
101 -0.0479004 -0.0477953
102 -0.0423455 -0.0421357
103 -0.0366234 -0.0363097
104 -0.0307568 -0.0303405
105 -0.0247688 -0.0242515
106 -0.0186831 -0.0180668
107 -0.0125236 -0.0118109
108 -0.0063147 -0.00550826
109 -8.08829e-05 0.000816071
110 0.00615325 0.00713718
111 0.0123631 0.0134301
112 0.0185242 0.0196701
113 0.0246121 0.0258324
114 0.0306029 0.0318928
115 0.036473 0.0378272
116 0.0421991 0.0436125
117 0.0477587 0.0492256
118 0.0531297 0.0546444
119 0.0582911 0.0598475
120 0.0632225 0.0648145
121 0.0679043 0.0695257
122 0.0723182 0.0739625
123 0.0764466 0.0781074
124 0.0802734 0.081944
125 0.0837833 0.0854573
126 0.0869626 0.0886333
127 0.0897987 0.0914595
128 0.0922804 0.0939247
129 0.0943979 0.0960193
130 0.0961429 0.0977349
131 0.0975084 0.0990648
132 0.0984891 0.100004
133 0.0990811 0.100548
134 0.0992821 0.100696
135 0.0990913 0.100446
136 0.0985094 0.0997992
137 0.0975387 0.098759
138 0.0961831 0.097329
139 0.0944479 0.0955149
140 0.09234 0.0933239
141 0.0898676 0.0907645
142 0.0870406 0.087847
143 0.08387 0.0845828
144 0.0803685 0.0809847
145 0.0765498 0.077067
146 0.0724289 0.0728452
147 0.0680223 0.0683359
148 0.0633471 0.0635569
149 0.058422 0.0585271
150 0.0532663 0.0532663
151 0.0479004 0.0477953
152 0.0423455 0.0421357
153 0.0366234 0.0363097
154 0.0307568 0.0303405
155 0.0247688 0.0242515
156 0.0186831 0.0180668
157 0.0125236 0.0118109
158 0.0063147 0.00550826
159 8.08829e-05 -0.000816071
160 -0.00615325 -0.00713718
161 -0.0123631 -0.0134301
162 -0.0185242 -0.0196701
163 -0.0246121 -0.0258324
164 -0.0306029 -0.0318928
165 -0.036473 -0.0378272
166 -0.0421991 -0.0436125
167 -0.0477587 -0.0492256
168 -0.0531297 -0.0546444
169 -0.0582911 -0.0598475
170 -0.0632225 -0.0648145
171 -0.0679043 -0.0695257
172 -0.0723182 -0.0739625
173 -0.0764466 -0.0781074
174 -0.0802734 -0.081944
175 -0.0837833 -0.0854573
176 -0.0869626 -0.0886333
177 -0.0897987 -0.0914595
178 -0.0922804 -0.0939247
179 -0.0943979 -0.0960193
180 -0.0961429 -0.0977349
181 -0.0975084 -0.0990648
182 -0.0984891 -0.100004
183 -0.0990811 -0.100548
184 -0.0992821 -0.100696
185 -0.0990913 -0.100446
186 -0.0985094 -0.0997992
187 -0.0975387 -0.098759
188 -0.0961831 -0.097329
189 -0.0944479 -0.0955149
190 -0.09234 -0.0933239
191 -0.0898676 -0.0907645
192 -0.0870406 -0.087847
193 -0.08387 -0.0845828
194 -0.0803685 -0.0809847
195 -0.0765498 -0.077067
196 -0.0724289 -0.0728452
197 -0.0680223 -0.0683359
198 -0.0633471 -0.0635569
199 -0.058422 -0.0585271
200 -0.0532663 -0.0532663
201 -0.0479004 -0.0477953
202 -0.0423455 -0.0421357
203 -0.0366234 -0.0363097
204 -0.0307568 -0.0303405
205 -0.0247688 -0.0242515
206 -0.0186831 -0.0180668
207 -0.0125236 -0.0118109
208 -0.0063147 -0.00550826
209 -8.08829e-05 0.000816071
210 0.00615325 0.00713718
211 0.0123631 0.0134301
212 0.0185242 0.0196701
213 0.0246121 0.0258324
214 0.0306029 0.0318928
215 0.036473 0.0378272
216 0.0421991 0.0436125
217 0.0477587 0.0492256
218 0.0531297 0.0546444
219 0.0582911 0.0598475
220 0.0632225 0.0648145
221 0.0679043 0.0695257
222 0.0723182 0.0739625
223 0.0764466 0.0781074
224 0.0802734 0.081944
225 0.0837833 0.0854573
226 0.0869626 0.0886333
227 0.0897987 0.0914595
228 0.0922804 0.0939247
229 0.0943979 0.0960193
230 0.0961429 0.0977349
231 0.0975084 0.0990648
232 0.0984891 0.100004
233 0.0990811 0.100548
234 0.0992821 0.100696
235 0.0990913 0.100446
236 0.0985094 0.0997992
237 0.0975387 0.098759
238 0.0961831 0.097329
239 0.0944479 0.0955149
240 0.09234 0.0933239
241 0.0898676 0.0907645
242 0.0870406 0.087847
243 0.08387 0.0845828
244 0.0803685 0.0809847
245 0.0765498 0.077067
246 0.0724289 0.0728452
247 0.0680223 0.0683359
248 0.0633471 0.0635569
249 0.058422 0.0585271
250 0.0532663 0.0532663
251 0.0479004 0.0477953
252 0.0423455 0.0421357
253 0.0366234 0.0363097
254 0.0307568 0.0303405
255 0.0247688 0.0242515
256 0.0186831 0.0180668
257 0.0125236 0.0118109
258 0.0063147 0.00550826
259 8.08829e-05 -0.000816071
260 -0.00615325 -0.00713718
261 -0.0123631 -0.0134301
262 -0.0185242 -0.0196701
263 -0.0246121 -0.0258324
264 -0.0306029 -0.0318928
265 -0.036473 -0.0378272
266 -0.0421991 -0.0436125
267 -0.0477587 -0.0492256
268 -0.0531297 -0.0546444
269 -0.0582911 -0.0598475
270 -0.0632225 -0.0648145
271 -0.0679043 -0.0695257
272 -0.0723182 -0.0739625
273 -0.0764466 -0.0781074
274 -0.0802734 -0.081944
275 -0.0837833 -0.0854573
276 -0.0869626 -0.0886333
277 -0.0897987 -0.0914595
278 -0.0922804 -0.0939247
279 -0.0943979 -0.0960193
280 -0.0961429 -0.0977349
281 -0.0975084 -0.0990648
282 -0.0984891 -0.100004
283 -0.0990811 -0.100548
284 -0.0992821 -0.100696
285 -0.0990913 -0.100446
286 -0.0985094 -0.0997992
287 -0.0975387 -0.098759
288 -0.0961831 -0.097329
289 -0.0944479 -0.0955149
290 -0.09234 -0.0933239
291 -0.0898676 -0.0907645
292 -0.0870406 -0.087847
293 -0.08387 -0.0845828
294 -0.0803685 -0.0809847
295 -0.0765498 -0.077067
296 -0.0724289 -0.0728452
297 -0.0680223 -0.0683359
298 -0.0633471 -0.0635569
299 -0.058422 -0.0585271
300 -0.0532663 -0.0532663
301 -0.0479004 -0.0477953
302 -0.0423455 -0.0421357
303 -0.0366234 -0.0363097
304 -0.0307568 -0.0303405
305 -0.0247688 -0.0242515
306 -0.0186831 -0.0180668
307 -0.0125236 -0.0118109
308 -0.0063147 -0.00550826
309 -8.08829e-05 0.000816071
310 0.00615325 0.00713718
311 0.0123631 0.0134301
312 0.0185242 0.0196701
313 0.0246121 0.0258324
314 0.0306029 0.0318928
315 0.036473 0.0378272
316 0.0421991 0.0436125
317 0.0477587 0.0492256
318 0.0531297 0.0546444
319 0.0582911 0.0598475
320 0.0632225 0.0648145
321 0.0679043 0.0695257
322 0.0723182 0.0739625
323 0.0764466 0.0781074
324 0.0802734 0.081944
325 0.0837833 0.0854573
326 0.0869626 0.0886333
327 0.0897987 0.0914595
328 0.0922804 0.0939247
329 0.0943979 0.0960193
330 0.0961429 0.0977349
331 0.0975084 0.0990648
332 0.0984891 0.100004
333 0.0990811 0.100548
334 0.0992821 0.100696
335 0.0990913 0.100446
336 0.0985094 0.0997992
337 0.0975387 0.098759
338 0.0961831 0.097329
339 0.0944479 0.0955149
340 0.09234 0.0933239
341 0.0898676 0.0907645
342 0.0870406 0.087847
343 0.08387 0.0845828
344 0.0803685 0.0809847
345 0.0765498 0.077067
346 0.0724289 0.0728452
347 0.0680223 0.0683359
348 0.0633471 0.0635569
349 0.058422 0.0585271
350 0.0532663 0.0532663
351 0.0479004 0.0477953
352 0.0423455 0.0421357
353 0.0366234 0.0363097
354 0.0307568 0.0303405
355 0.0247688 0.0242515
356 0.0186831 0.0180668
357 0.0125236 0.0118109
358 0.0063147 0.00550826
359 8.08829e-05 -0.000816071
360 -0.00615325 -0.00713718
361 -0.0123631 -0.0134301
362 -0.0185242 -0.0196701
363 -0.0246121 -0.0258324
364 -0.0306029 -0.0318928
365 -0.036473 -0.0378272
366 -0.0421991 -0.0436125
367 -0.0477587 -0.0492256
368 -0.0531297 -0.0546444
369 -0.0582911 -0.0598475
370 -0.0632225 -0.0648145
371 -0.0679043 -0.0695257
372 -0.0723182 -0.0739625
373 -0.0764466 -0.0781074
374 -0.0802734 -0.081944
375 -0.0837833 -0.0854573
376 -0.0869626 -0.0886333
377 -0.0897987 -0.0914595
378 -0.0922804 -0.0939247
379 -0.0943979 -0.0960193
380 -0.0961429 -0.0977349
381 -0.0975084 -0.0990648
382 -0.0984891 -0.100004
383 -0.0990811 -0.100548
384 -0.0992821 -0.100696
385 -0.0990913 -0.100446
386 -0.0985094 -0.0997992
387 -0.0975387 -0.098759
388 -0.0961831 -0.097329
389 -0.0944479 -0.0955149
390 -0.09234 -0.0933239
391 -0.0898676 -0.0907645
392 -0.0870406 -0.087847
393 -0.08387 -0.0845828
394 -0.0803685 -0.0809847
395 -0.0765498 -0.077067
396 -0.0724289 -0.0728452
397 -0.0680223 -0.0683359
398 -0.0633471 -0.0635569
399 -0.058422 -0.0585271
400 -0.0532663 -0.0532663
401 -0.0479004 -0.0477953
402 -0.0423455 -0.0421357
403 -0.0366234 -0.0363097
404 -0.0307568 -0.0303405
405 -0.0247688 -0.0242515
406 -0.0186831 -0.0180668
407 -0.0125236 -0.0118109
408 -0.0063147 -0.00550826
409 -8.08829e-05 0.000816071
410 0.00615325 0.00713718
411 0.0123631 0.0134301
412 0.0185242 0.0196701
413 0.0246121 0.0258324
414 0.0306029 0.0318928
415 0.036473 0.0378272
416 0.0421991 0.0436125
417 0.0477587 0.0492256
418 0.0531297 0.0546444
419 0.0582911 0.0598475
420 0.0632225 0.0648145
421 0.0679043 0.0695257
422 0.0723182 0.0739625
423 0.0764466 0.0781074
424 0.0802734 0.081944
425 0.0837833 0.0854573
426 0.0869626 0.0886333
427 0.0897987 0.0914595
428 0.0922804 0.0939247
429 0.0943979 0.0960193
430 0.0961429 0.0977349
431 0.0975084 0.0990648
432 0.0984891 0.100004
433 0.0990811 0.100548
434 0.0992821 0.100696
435 0.0990913 0.100446
436 0.0985094 0.0997992
437 0.0975387 0.098759
438 0.0961831 0.097329
439 0.0944479 0.0955149
440 0.09234 0.0933239
441 0.0898676 0.0907645
442 0.0870406 0.087847
443 0.08387 0.0845828
444 0.0803685 0.0809847
445 0.0765498 0.077067
446 0.0724289 0.0728452
447 0.0680223 0.0683359
448 0.0633471 0.0635569
449 0.058422 0.0585271
450 0.0532663 0.0532663
451 0.0479004 0.0477953
452 0.0423455 0.0421357
453 0.0366234 0.0363097
454 0.0307568 0.0303405
455 0.0247688 0.0242515
456 0.0186831 0.0180668
457 0.0125236 0.0118109
458 0.0063147 0.00550826
459 8.08829e-05 -0.000816071
460 -0.00615325 -0.00713718
461 -0.0123631 -0.0134301
462 -0.0185242 -0.0196701
463 -0.0246121 -0.0258324
464 -0.0306029 -0.0318928
465 -0.036473 -0.0378272
466 -0.0421991 -0.0436125
467 -0.0477587 -0.0492256
468 -0.0531297 -0.0546444
469 -0.0582911 -0.0598475
470 -0.0632225 -0.0648145
471 -0.0679043 -0.0695257
472 -0.0723182 -0.0739625
473 -0.0764466 -0.0781074
474 -0.0802734 -0.081944
475 -0.0837833 -0.0854573
476 -0.0869626 -0.0886333
477 -0.0897987 -0.0914595
478 -0.0922804 -0.0939247
479 -0.0943979 -0.0960193
480 -0.0961429 -0.0977349
481 -0.0975084 -0.0990648
482 -0.0984891 -0.100004
483 -0.0990811 -0.100548
484 -0.0992821 -0.100696
485 -0.0990913 -0.100446
486 -0.0985094 -0.0997992
487 -0.0975387 -0.098759
488 -0.0961831 -0.097329
489 -0.0944479 -0.0955149
490 -0.09234 -0.0933239
491 -0.0898676 -0.0907645
492 -0.0870406 -0.087847
493 -0.08387 -0.0845828
494 -0.0803685 -0.0809847
495 -0.0765498 -0.077067
496 -0.0724289 -0.0728452
497 -0.0680223 -0.0683359
498 -0.0633471 -0.0635569
499 -0.058422 -0.0585271
500 -0.0532663 -0.0532663
501 -0.0479004 -0.0477953
502 -0.0423455 -0.0421357
503 -0.0366234 -0.0363097
504 -0.0307568 -0.0303405
505 -0.0247688 -0.0242515
506 -0.0186831 -0.0180668
507 -0.0125236 -0.0118109
508 -0.0063147 -0.00550826
509 -8.08829e-05 0.000816071
510 0.00615325 0.00713718
511 0.0123631 0.0134301
512 0.0185242 0.0196701
513 0.0246121 0.0258324
514 0.0306029 0.0318928
515 0.036473 0.0378272
516 0.0421991 0.0436125
517 0.0477587 0.0492256
518 0.0531297 0.0546444
519 0.0582911 0.0598475
520 0.0632225 0.0648145
521 0.0679043 0.0695257
522 0.0723182 0.0739625
523 0.0764466 0.0781074
524 0.0802734 0.081944
525 0.0837833 0.0854573
526 0.0869626 0.0886333
527 0.0897987 0.0914595
528 0.0922804 0.0939247
529 0.0943979 0.0960193
530 0.0961429 0.0977349
531 0.0975084 0.0990648
532 0.0984891 0.100004
533 0.0990811 0.100548
534 0.0992821 0.100696
535 0.0990913 0.100446
536 0.0985094 0.0997992
537 0.0975387 0.098759
538 0.0961831 0.097329
539 0.0944479 0.0955149
540 0.09234 0.0933239
541 0.0898676 0.0907645
542 0.0870406 0.087847
543 0.08387 0.0845828
544 0.0803685 0.0809847
545 0.0765498 0.077067
546 0.0724289 0.0728452
547 0.0680223 0.0683359
548 0.0633471 0.0635569
549 0.058422 0.0585271
550 0.0532663 0.0532663
551 0.0479004 0.0477953
552 0.0423455 0.0421357
553 0.0366234 0.0363097
554 0.0307568 0.0303405
555 0.0247688 0.0242515
556 0.0186831 0.0180668
557 0.0125236 0.0118109
558 0.0063147 0.00550826
559 8.08829e-05 -0.000816071
560 -0.00615325 -0.00713718
561 -0.0123631 -0.0134301
562 -0.0185242 -0.0196701
563 -0.0246121 -0.0258324
564 -0.0306029 -0.0318928
565 -0.036473 -0.0378272
566 -0.0421991 -0.0436125
567 -0.0477587 -0.0492256
568 -0.0531297 -0.0546444
569 -0.0582911 -0.0598475
570 -0.0632225 -0.0648145
571 -0.0679043 -0.0695257
572 -0.0723182 -0.0739625
573 -0.0764466 -0.0781074
574 -0.0802734 -0.081944
575 -0.0837833 -0.0854573
576 -0.0869626 -0.0886333
577 -0.0897987 -0.0914595
578 -0.0922804 -0.0939247
579 -0.0943979 -0.0960193
580 -0.0961429 -0.0977349
581 -0.0975084 -0.0990648
582 -0.0984891 -0.100004
583 -0.0990811 -0.100548
584 -0.0992821 -0.100696
585 -0.0990913 -0.100446
586 -0.0985094 -0.0997992
587 -0.0975387 -0.098759
588 -0.0961831 -0.097329
589 -0.0944479 -0.0955149
590 -0.09234 -0.0933239
591 -0.0898676 -0.0907645
592 -0.0870406 -0.087847
593 -0.08387 -0.0845828
594 -0.0803685 -0.0809847
595 -0.0765498 -0.077067
596 -0.0724289 -0.0728452
597 -0.0680223 -0.0683359
598 -0.0633471 -0.0635569
599 -0.058422 -0.0585271
600 -0.0532663 -0.0532663
601 -0.0479004 -0.0477953
602 -0.0423455 -0.0421357
603 -0.0366234 -0.0363097
604 -0.0307568 -0.0303405
605 -0.0247688 -0.0242515
606 -0.0186831 -0.0180668
607 -0.0125236 -0.0118109
608 -0.0063147 -0.00550826
609 -8.08829e-05 0.000816071
610 0.00615325 0.00713718
611 0.0123631 0.0134301
612 0.0185242 0.0196701
613 0.0246121 0.0258324
614 0.0306029 0.0318928
615 0.036473 0.0378272
616 0.0421991 0.0436125
617 0.0477587 0.0492256
618 0.0531297 0.0546444
619 0.0582911 0.0598475
620 0.0632225 0.0648145
621 0.0679043 0.0695257
622 0.0723182 0.0739625
623 0.0764466 0.0781074
624 0.0802734 0.081944
625 0.0837833 0.0854573
626 0.0869626 0.0886333
627 0.0897987 0.0914595
628 0.0922804 0.0939247
629 0.0943979 0.0960193
630 0.0961429 0.0977349
631 0.0975084 0.0990648
632 0.0984891 0.100004
633 0.0990811 0.100548
634 0.0992821 0.100696
635 0.0990913 0.100446
636 0.0985094 0.0997992
637 0.0975387 0.098759
638 0.0961831 0.097329
639 0.0944479 0.0955149
640 0.09234 0.0933239
641 0.0898676 0.0907645
642 0.0870406 0.087847
643 0.08387 0.0845828
644 0.0803685 0.0809847
645 0.0765498 0.077067
646 0.0724289 0.0728452
647 0.0680223 0.0683359
648 0.0633471 0.0635569
649 0.058422 0.0585271
650 0.0532663 0.0532663
651 0.0479004 0.0477953
652 0.0423455 0.0421357
653 0.0366234 0.0363097
654 0.0307568 0.0303405
655 0.0247688 0.0242515
656 0.0186831 0.0180668
657 0.0125236 0.0118109
658 0.0063147 0.00550826
659 8.08829e-05 -0.000816071
660 -0.00615325 -0.00713718
661 -0.0123631 -0.0134301
662 -0.0185242 -0.0196701
663 -0.0246121 -0.0258324
664 -0.0306029 -0.0318928
665 -0.036473 -0.0378272
666 -0.0421991 -0.0436125
667 -0.0477587 -0.0492256
668 -0.0531297 -0.0546444
669 -0.0582911 -0.0598475
670 -0.0632225 -0.0648145
671 -0.0679043 -0.0695257
672 -0.0723182 -0.0739625
673 -0.0764466 -0.0781074
674 -0.0802734 -0.081944
675 -0.0837833 -0.0854573
676 -0.0869626 -0.0886333
677 -0.0897987 -0.0914595
678 -0.0922804 -0.0939247
679 -0.0943979 -0.0960193
680 -0.0961429 -0.0977349
681 -0.0975084 -0.0990648
682 -0.0984891 -0.100004
683 -0.0990811 -0.100548
684 -0.0992821 -0.100696
685 -0.0990913 -0.100446
686 -0.0985094 -0.0997992
687 -0.0975387 -0.098759
688 -0.0961831 -0.097329
689 -0.0944479 -0.0955149
690 -0.09234 -0.0933239
691 -0.0898676 -0.0907645
692 -0.0870406 -0.087847
693 -0.08387 -0.0845828
694 -0.0803685 -0.0809847
695 -0.0765498 -0.077067
696 -0.0724289 -0.0728452
697 -0.0680223 -0.0683359
698 -0.0633471 -0.0635569
699 -0.058422 -0.0585271
700 -0.0532663 -0.0532663
701 -0.0479004 -0.0477953
702 -0.0423455 -0.0421357
703 -0.0366234 -0.0363097
704 -0.0307568 -0.0303405
705 -0.0247688 -0.0242515
706 -0.0186831 -0.0180668
707 -0.0125236 -0.0118109
708 -0.0063147 -0.00550826
709 -8.08829e-05 0.000816071
710 0.00615325 0.00713718
711 0.0123631 0.0134301
712 0.0185242 0.0196701
713 0.0246121 0.0258324
714 0.0306029 0.0318928
715 0.036473 0.0378272
716 0.0421991 0.0436125
717 0.0477587 0.0492256
718 0.0531297 0.0546444
719 0.0582911 0.0598475
720 0.0632225 0.0648145
721 0.0679043 0.0695257
722 0.0723182 0.0739625
723 0.0764466 0.0781074
724 0.0802734 0.081944
725 0.0837833 0.0854573
726 0.0869626 0.0886333
727 0.0897987 0.0914595
728 0.0922804 0.0939247
729 0.0943979 0.0960193
730 0.0961429 0.0977349
731 0.0975084 0.0990648
732 0.0984891 0.100004
733 0.0990811 0.100548
734 0.0992821 0.100696
735 0.0990913 0.100446
736 0.0985094 0.0997992
737 0.0975387 0.098759
738 0.0961831 0.097329
739 0.0944479 0.0955149
740 0.09234 0.0933239
741 0.0898676 0.0907645
742 0.0870406 0.087847
743 0.08387 0.0845828
744 0.0803685 0.0809847
745 0.0765498 0.077067
746 0.0724289 0.0728452
747 0.0680223 0.0683359
748 0.0633471 0.0635569
749 0.058422 0.0585271
750 0.0532663 0.0532663
751 0.0479004 0.0477953
752 0.0423455 0.0421357
753 0.0366234 0.0363097
754 0.0307568 0.0303405
755 0.0247688 0.0242515
756 0.0186831 0.0180668
757 0.0125236 0.0118109
758 0.0063147 0.00550826
759 8.08829e-05 -0.000816071
760 -0.00615325 -0.00713718
761 -0.0123631 -0.0134301
762 -0.0185242 -0.0196701
763 -0.0246121 -0.0258324
764 -0.0306029 -0.0318928
765 -0.036473 -0.0378272
766 -0.0421991 -0.0436125
767 -0.0477587 -0.0492256
768 -0.0531297 -0.0546444
769 -0.0582911 -0.0598475
770 -0.0632225 -0.0648145
771 -0.0679043 -0.0695257
772 -0.0723182 -0.0739625
773 -0.0764466 -0.0781074
774 -0.0802734 -0.081944
775 -0.0837833 -0.0854573
776 -0.0869626 -0.0886333
777 -0.0897987 -0.0914595
778 -0.0922804 -0.0939247
779 -0.0943979 -0.0960193
780 -0.0961429 -0.0977349
781 -0.0975084 -0.0990648
782 -0.0984891 -0.100004
783 -0.0990811 -0.100548
784 -0.0992821 -0.100696
785 -0.0990913 -0.100446
786 -0.0985094 -0.0997992
787 -0.0975387 -0.098759
788 -0.0961831 -0.097329
789 -0.0944479 -0.0955149
790 -0.09234 -0.0933239
791 -0.0898676 -0.0907645
792 -0.0870406 -0.087847
793 -0.08387 -0.0845828
794 -0.0803685 -0.0809847
795 -0.0765498 -0.077067
796 -0.0724289 -0.0728452
797 -0.0680223 -0.0683359
798 -0.0633471 -0.0635569
799 -0.058422 -0.0585271
800 -0.0532663 -0.0532663
801 -0.0479004 -0.0477953
802 -0.0423455 -0.0421357
803 -0.0366234 -0.0363097
804 -0.0307568 -0.0303405
805 -0.0247688 -0.0242515
806 -0.0186831 -0.0180668
807 -0.0125236 -0.0118109
808 -0.0063147 -0.00550826
809 -8.08829e-05 0.000816071
810 0.00615325 0.00713718
811 0.0123631 0.0134301
812 0.0185242 0.0196701
813 0.0246121 0.0258324
814 0.0306029 0.0318928
815 0.036473 0.0378272
816 0.0421991 0.0436125
817 0.0477587 0.0492256
818 0.0531297 0.0546444
819 0.0582911 0.0598475
820 0.0632225 0.0648145
821 0.0679043 0.0695257
822 0.0723182 0.0739625
823 0.0764466 0.0781074
824 0.0802734 0.081944
825 0.0837833 0.0854573
826 0.0869626 0.0886333
827 0.0897987 0.0914595
828 0.0922804 0.0939247
829 0.0943979 0.0960193
830 0.0961429 0.0977349
831 0.0975084 0.0990648
832 0.0984891 0.100004
833 0.0990811 0.100548
834 0.0992821 0.100696
835 0.0990913 0.100446
836 0.0985094 0.0997992
837 0.0975387 0.098759
838 0.0961831 0.097329
839 0.0944479 0.0955149
840 0.09234 0.0933239
841 0.0898676 0.0907645
842 0.0870406 0.087847
843 0.08387 0.0845828
844 0.0803685 0.0809847
845 0.0765498 0.077067
846 0.0724289 0.0728452
847 0.0680223 0.0683359
848 0.0633471 0.0635569
849 0.058422 0.0585271
850 0.0532663 0.0532663
851 0.0479004 0.0477953
852 0.0423455 0.0421357
853 0.0366234 0.0363097
854 0.0307568 0.0303405
855 0.0247688 0.0242515
856 0.0186831 0.0180668
857 0.0125236 0.0118109
858 0.0063147 0.00550826
859 8.08829e-05 -0.000816071
860 -0.00615325 -0.00713718
861 -0.0123631 -0.0134301
862 -0.0185242 -0.0196701
863 -0.0246121 -0.0258324
864 -0.0306029 -0.0318928
865 -0.036473 -0.0378272
866 -0.0421991 -0.0436125
867 -0.0477587 -0.0492256
868 -0.0531297 -0.0546444
869 -0.0582911 -0.0598475
870 -0.0632225 -0.0648145
871 -0.0679043 -0.0695257
872 -0.0723182 -0.0739625
873 -0.0764466 -0.0781074
874 -0.0802734 -0.081944
875 -0.0837833 -0.0854573
876 -0.0869626 -0.0886333
877 -0.0897987 -0.0914595
878 -0.0922804 -0.0939247
879 -0.0943979 -0.0960193
880 -0.0961429 -0.0977349
881 -0.0975084 -0.0990648
882 -0.0984891 -0.100004
883 -0.0990811 -0.100548
884 -0.0992821 -0.100696
885 -0.0990913 -0.100446
886 -0.0985094 -0.0997992
887 -0.0975387 -0.098759
888 -0.0961831 -0.097329
889 -0.0944479 -0.0955149
890 -0.09234 -0.0933239
891 -0.0898676 -0.0907645
892 -0.0870406 -0.087847
893 -0.08387 -0.0845828
894 -0.0803685 -0.0809847
895 -0.0765498 -0.077067
896 -0.0724289 -0.0728452
897 -0.0680223 -0.0683359
898 -0.0633471 -0.0635569
899 -0.058422 -0.0585271
900 -0.0532663 -0.0532663
901 -0.0479004 -0.0477953
902 -0.0423455 -0.0421357
903 -0.0366234 -0.0363097
904 -0.0307568 -0.0303405
905 -0.0247688 -0.0242515
906 -0.0186831 -0.0180668
907 -0.0125236 -0.0118109
908 -0.0063147 -0.00550826
909 -8.08829e-05 0.000816071
910 0.00615325 0.00713718
911 0.0123631 0.0134301
912 0.0185242 0.0196701
913 0.0246121 0.0258324
914 0.0306029 0.0318928
915 0.036473 0.0378272
916 0.0421991 0.0436125
917 0.0477587 0.0492256
918 0.0531297 0.0546444
919 0.0582911 0.0598475
920 0.0632225 0.0648145
921 0.0679043 0.0695257
922 0.0723182 0.0739625
923 0.0764466 0.0781074
924 0.0802734 0.081944
925 0.0837833 0.0854573
926 0.0869626 0.0886333
927 0.0897987 0.0914595
928 0.0922804 0.0939247
929 0.0943979 0.0960193
930 0.0961429 0.0977349
931 0.0975084 0.0990648
932 0.0984891 0.100004
933 0.0990811 0.100548
934 0.0992821 0.100696
935 0.0990913 0.100446
936 0.0985094 0.0997992
937 0.0975387 0.098759
938 0.0961831 0.097329
939 0.0944479 0.0955149
940 0.09234 0.0933239
941 0.0898676 0.0907645
942 0.0870406 0.087847
943 0.08387 0.0845828
944 0.0803685 0.0809847
945 0.0765498 0.077067
946 0.0724289 0.0728452
947 0.0680223 0.0683359
948 0.0633471 0.0635569
949 0.058422 0.0585271
950 0.0532663 0.0532663
951 0.0479004 0.0477953
952 0.0423455 0.0421357
953 0.0366234 0.0363097
954 0.0307568 0.0303405
955 0.0247688 0.0242515
956 0.0186831 0.0180668
957 0.0125236 0.0118109
958 0.0063147 0.00550826
959 8.08829e-05 -0.000816071
960 -0.00615325 -0.00713718
961 -0.0123631 -0.0134301
962 -0.0185242 -0.0196701
963 -0.0246121 -0.0258324
964 -0.0306029 -0.0318928
965 -0.036473 -0.0378272
966 -0.0421991 -0.0436125
967 -0.0477587 -0.0492256
968 -0.0531297 -0.0546444
969 -0.0582911 -0.0598475
970 -0.0632225 -0.0648145
971 -0.0679043 -0.0695257
972 -0.0723182 -0.0739625
973 -0.0764466 -0.0781074
974 -0.0802734 -0.081944
975 -0.0837833 -0.0854573
976 -0.0869626 -0.0886333
977 -0.0897987 -0.0914595
978 -0.0922804 -0.0939247
979 -0.0943979 -0.0960193
980 -0.0961429 -0.0977349
981 -0.0975084 -0.0990648
982 -0.0984891 -0.100004
983 -0.0990811 -0.100548
984 -0.0992821 -0.100696
985 -0.0990913 -0.100446
986 -0.0985094 -0.0997992
987 -0.0975387 -0.098759
988 -0.0961831 -0.097329
989 -0.0944479 -0.0955149
990 -0.09234 -0.0933239
991 -0.0898676 -0.0907645
992 -0.0870406 -0.087847
993 -0.08387 -0.0845828
994 -0.0803685 -0.0809847
995 -0.0765498 -0.077067
996 -0.0724289 -0.0728452
997 -0.0680223 -0.0683359
998 -0.0633471 -0.0635569
999 -0.058422 -0.0585271
