0 -0.0883243 -0.0883243
1 -0.0911777 -0.0910034
2 -0.0936712 -0.0933233
3 -0.095795 -0.0952748
4 -0.0975407 -0.0968504
5 -0.0989015 -0.0980438
6 -0.099872 -0.0988502
7 -0.100448 -0.0992665
8 -0.100628 -0.099291
9 -0.100411 -0.0989237
10 -0.0997975 -0.098166
11 -0.0987902 -0.0970209
12 -0.0973929 -0.0954928
13 -0.0956113 -0.0935879
14 -0.0934524 -0.0913137
15 -0.0909247 -0.0886791
16 -0.0880381 -0.0856945
17 -0.084804 -0.0823717
18 -0.0812353 -0.0787238
19 -0.077346 -0.0747652
20 -0.0731515 -0.0705116
21 -0.0686682 -0.0659797
22 -0.0639139 -0.0611874
23 -0.0589074 -0.0561536
24 -0.0536685 -0.0508982
25 -0.0482177 -0.045442
26 -0.0425766 -0.0398064
27 -0.0367675 -0.0340137
28 -0.0308133 -0.0280867
29 -0.0247375 -0.022049
30 -0.018564 -0.0159242
31 -0.0123173 -0.00973652
32 -0.00602198 -0.00351045
33 0.000297102 0.00272947
34 0.00661502 0.00895862
35 0.0129068 0.0151524
36 0.0191477 0.0212864
37 0.025313 0.0273364
38 0.0313784 0.0332785
39 0.03732 0.0390893
40 0.0431143 0.0447458
41 0.0487384 0.0502257
42 0.0541702 0.0555074
43 0.0593882 0.06057
44 0.0643718 0.0653936
45 0.0691014 0.0699591
46 0.0735582 0.0742485
47 0.0777248 0.0782449
48 0.0815846 0.0819325
49 0.0851224 0.0852967
50 0.0883243 0.0883243
51 0.0911777 0.0910034
52 0.0936712 0.0933233
53 0.095795 0.0952748
54 0.0975407 0.0968504
55 0.0989015 0.0980438
56 0.099872 0.0988502
57 0.100448 0.0992665
58 0.100628 0.099291
59 0.100411 0.0989237
60 0.0997975 0.098166
61 0.0987902 0.0970209
62 0.0973929 0.0954928
63 0.0956113 0.0935879
64 0.0934524 0.0913137
65 0.0909247 0.0886791
66 0.0880381 0.0856945
67 0.084804 0.0823717
68 0.0812353 0.0787238
69 0.077346 0.0747652
70 0.0731515 0.0705116
71 0.0686682 0.0659797
72 0.0639139 0.0611874
73 0.0589074 0.0561536
74 0.0536685 0.0508982
75 0.0482177 0.045442
76 0.0425766 0.0398064
77 0.0367675 0.0340137
78 0.0308133 0.0280867
79 0.0247375 0.022049
80 0.018564 0.0159242
81 0.0123173 0.00973652
82 0.00602198 0.00351045
83 -0.000297102 -0.00272947
84 -0.00661502 -0.00895862
85 -0.0129068 -0.0151524
86 -0.0191477 -0.0212864
87 -0.025313 -0.0273364
88 -0.0313784 -0.0332785
89 -0.03732 -0.0390893
90 -0.0431143 -0.0447458
91 -0.0487384 -0.0502257
92 -0.0541702 -0.0555074
93 -0.0593882 -0.06057
94 -0.0643718 -0.0653936
95 -0.0691014 -0.0699591
96 -0.0735582 -0.0742485
97 -0.0777248 -0.0782449
98 -0.0815846 -0.0819325
99 -0.0851224 -0.0852967
100 -0.0883243 -0.0883243
101 -0.0911777 -0.0910034
102 -0.0936712 -0.0933233
103 -0.095795 -0.0952748
104 -0.0975407 -0.0968504
105 -0.0989015 -0.0980438
106 -0.099872 -0.0988502
107 -0.100448 -0.0992665
108 -0.100628 -0.099291
109 -0.100411 -0.0989237
110 -0.0997975 -0.098166
111 -0.0987902 -0.0970209
112 -0.0973929 -0.0954928
113 -0.0956113 -0.0935879
114 -0.0934524 -0.0913137
115 -0.0909247 -0.0886791
116 -0.0880381 -0.0856945
117 -0.084804 -0.0823717
118 -0.0812353 -0.0787238
119 -0.077346 -0.0747652
120 -0.0731515 -0.0705116
121 -0.0686682 -0.0659797
122 -0.0639139 -0.0611874
123 -0.0589074 -0.0561536
124 -0.0536685 -0.0508982
125 -0.0482177 -0.045442
126 -0.0425766 -0.0398064
127 -0.0367675 -0.0340137
128 -0.0308133 -0.0280867
129 -0.0247375 -0.022049
130 -0.018564 -0.0159242
131 -0.0123173 -0.00973652
132 -0.00602198 -0.00351045
133 0.000297102 0.00272947
134 0.00661502 0.00895862
135 0.0129068 0.0151524
136 0.0191477 0.0212864
137 0.025313 0.0273364
138 0.0313784 0.0332785
139 0.03732 0.0390893
140 0.0431143 0.0447458
141 0.0487384 0.0502257
142 0.0541702 0.0555074
143 0.0593882 0.06057
144 0.0643718 0.0653936
145 0.0691014 0.0699591
146 0.0735582 0.0742485
147 0.0777248 0.0782449
148 0.0815846 0.0819325
149 0.0851224 0.0852967
150 0.0883243 0.0883243
151 0.0911777 0.0910034
152 0.0936712 0.0933233
153 0.095795 0.0952748
154 0.0975407 0.0968504
155 0.0989015 0.0980438
156 0.099872 0.0988502
157 0.100448 0.0992665
158 0.100628 0.099291
159 0.100411 0.0989237
160 0.0997975 0.098166
161 0.0987902 0.0970209
162 0.0973929 0.0954928
163 0.0956113 0.0935879
164 0.0934524 0.0913137
165 0.0909247 0.0886791
166 0.0880381 0.0856945
167 0.084804 0.0823717
168 0.0812353 0.0787238
169 0.077346 0.0747652
170 0.0731515 0.0705116
171 0.0686682 0.0659797
172 0.0639139 0.0611874
173 0.0589074 0.0561536
174 0.0536685 0.0508982
175 0.0482177 0.045442
176 0.0425766 0.0398064
177 0.0367675 0.0340137
178 0.0308133 0.0280867
179 0.0247375 0.022049
180 0.018564 0.0159242
181 0.0123173 0.00973652
182 0.00602198 0.00351045
183 -0.000297102 -0.00272947
184 -0.00661502 -0.00895862
185 -0.0129068 -0.0151524
186 -0.0191477 -0.0212864
187 -0.025313 -0.0273364
188 -0.0313784 -0.0332785
189 -0.03732 -0.0390893
190 -0.0431143 -0.0447458
191 -0.0487384 -0.0502257
192 -0.0541702 -0.0555074
193 -0.0593882 -0.06057
194 -0.0643718 -0.0653936
195 -0.0691014 -0.0699591
196 -0.0735582 -0.0742485
197 -0.0777248 -0.0782449
198 -0.0815846 -0.0819325
199 -0.0851224 -0.0852967
200 -0.0883243 -0.0883243
201 -0.0911777 -0.0910034
202 -0.0936712 -0.0933233
203 -0.095795 -0.0952748
204 -0.0975407 -0.0968504
205 -0.0989015 -0.0980438
206 -0.099872 -0.0988502
207 -0.100448 -0.0992665
208 -0.100628 -0.099291
209 -0.100411 -0.0989237
210 -0.0997975 -0.098166
211 -0.0987902 -0.0970209
212 -0.0973929 -0.0954928
213 -0.0956113 -0.0935879
214 -0.0934524 -0.0913137
215 -0.0909247 -0.0886791
216 -0.0880381 -0.0856945
217 -0.084804 -0.0823717
218 -0.0812353 -0.0787238
219 -0.077346 -0.0747652
220 -0.0731515 -0.0705116
221 -0.0686682 -0.0659797
222 -0.0639139 -0.0611874
223 -0.0589074 -0.0561536
224 -0.0536685 -0.0508982
225 -0.0482177 -0.045442
226 -0.0425766 -0.0398064
227 -0.0367675 -0.0340137
228 -0.0308133 -0.0280867
229 -0.0247375 -0.022049
230 -0.018564 -0.0159242
231 -0.0123173 -0.00973652
232 -0.00602198 -0.00351045
233 0.000297102 0.00272947
234 0.00661502 0.00895862
235 0.0129068 0.0151524
236 0.0191477 0.0212864
237 0.025313 0.0273364
238 0.0313784 0.0332785
239 0.03732 0.0390893
240 0.0431143 0.0447458
241 0.0487384 0.0502257
242 0.0541702 0.0555074
243 0.0593882 0.06057
244 0.0643718 0.0653936
245 0.0691014 0.0699591
246 0.0735582 0.0742485
247 0.0777248 0.0782449
248 0.0815846 0.0819325
249 0.0851224 0.0852967
250 0.0883243 0.0883243
251 0.0911777 0.0910034
252 0.0936712 0.0933233
253 0.095795 0.0952748
254 0.0975407 0.0968504
255 0.0989015 0.0980438
256 0.099872 0.0988502
257 0.100448 0.0992665
258 0.100628 0.099291
259 0.100411 0.0989237
260 0.0997975 0.098166
261 0.0987902 0.0970209
262 0.0973929 0.0954928
263 0.0956113 0.0935879
264 0.0934524 0.0913137
265 0.0909247 0.0886791
266 0.0880381 0.0856945
267 0.084804 0.0823717
268 0.0812353 0.0787238
269 0.077346 0.0747652
270 0.0731515 0.0705116
271 0.0686682 0.0659797
272 0.0639139 0.0611874
273 0.0589074 0.0561536
274 0.0536685 0.0508982
275 0.0482177 0.045442
276 0.0425766 0.0398064
277 0.0367675 0.0340137
278 0.0308133 0.0280867
279 0.0247375 0.022049
280 0.018564 0.0159242
281 0.0123173 0.00973652
282 0.00602198 0.00351045
283 -0.000297102 -0.00272947
284 -0.00661502 -0.00895862
285 -0.0129068 -0.0151524
286 -0.0191477 -0.0212864
287 -0.025313 -0.0273364
288 -0.0313784 -0.0332785
289 -0.03732 -0.0390893
290 -0.0431143 -0.0447458
291 -0.0487384 -0.0502257
292 -0.0541702 -0.0555074
293 -0.0593882 -0.06057
294 -0.0643718 -0.0653936
295 -0.0691014 -0.0699591
296 -0.0735582 -0.0742485
297 -0.0777248 -0.0782449
298 -0.0815846 -0.0819325
299 -0.0851224 -0.0852967
300 -0.0883243 -0.0883243
301 -0.0911777 -0.0910034
302 -0.0936712 -0.0933233
303 -0.095795 -0.0952748
304 -0.0975407 -0.0968504
305 -0.0989015 -0.0980438
306 -0.099872 -0.0988502
307 -0.100448 -0.0992665
308 -0.100628 -0.099291
309 -0.100411 -0.0989237
310 -0.0997975 -0.098166
311 -0.0987902 -0.0970209
312 -0.0973929 -0.0954928
313 -0.0956113 -0.0935879
314 -0.0934524 -0.0913137
315 -0.0909247 -0.0886791
316 -0.0880381 -0.0856945
317 -0.084804 -0.0823717
318 -0.0812353 -0.0787238
319 -0.077346 -0.0747652
320 -0.0731515 -0.0705116
321 -0.0686682 -0.0659797
322 -0.0639139 -0.0611874
323 -0.0589074 -0.0561536
324 -0.0536685 -0.0508982
325 -0.0482177 -0.045442
326 -0.0425766 -0.0398064
327 -0.0367675 -0.0340137
328 -0.0308133 -0.0280867
329 -0.0247375 -0.022049
330 -0.018564 -0.0159242
331 -0.0123173 -0.00973652
332 -0.00602198 -0.00351045
333 0.000297102 0.00272947
334 0.00661502 0.00895862
335 0.0129068 0.0151524
336 0.0191477 0.0212864
337 0.025313 0.0273364
338 0.0313784 0.0332785
339 0.03732 0.0390893
340 0.0431143 0.0447458
341 0.0487384 0.0502257
342 0.0541702 0.0555074
343 0.0593882 0.06057
344 0.0643718 0.0653936
345 0.0691014 0.0699591
346 0.0735582 0.0742485
347 0.0777248 0.0782449
348 0.0815846 0.0819325
349 0.0851224 0.0852967
350 0.0883243 0.0883243
351 0.0911777 0.0910034
352 0.0936712 0.0933233
353 0.095795 0.0952748
354 0.0975407 0.0968504
355 0.0989015 0.0980438
356 0.099872 0.0988502
357 0.100448 0.0992665
358 0.100628 0.099291
359 0.100411 0.0989237
360 0.0997975 0.098166
361 0.0987902 0.0970209
362 0.0973929 0.0954928
363 0.0956113 0.0935879
364 0.0934524 0.0913137
365 0.0909247 0.0886791
366 0.0880381 0.0856945
367 0.084804 0.0823717
368 0.0812353 0.0787238
369 0.077346 0.0747652
370 0.0731515 0.0705116
371 0.0686682 0.0659797
372 0.0639139 0.0611874
373 0.0589074 0.0561536
374 0.0536685 0.0508982
375 0.0482177 0.045442
376 0.0425766 0.0398064
377 0.0367675 0.0340137
378 0.0308133 0.0280867
379 0.0247375 0.022049
380 0.018564 0.0159242
381 0.0123173 0.00973652
382 0.00602198 0.00351045
383 -0.000297102 -0.00272947
384 -0.00661502 -0.00895862
385 -0.0129068 -0.0151524
386 -0.0191477 -0.0212864
387 -0.025313 -0.0273364
388 -0.0313784 -0.0332785
389 -0.03732 -0.0390893
390 -0.0431143 -0.0447458
391 -0.0487384 -0.0502257
392 -0.0541702 -0.0555074
393 -0.0593882 -0.06057
394 -0.0643718 -0.0653936
395 -0.0691014 -0.0699591
396 -0.0735582 -0.0742485
397 -0.0777248 -0.0782449
398 -0.0815846 -0.0819325
399 -0.0851224 -0.0852967
400 -0.0883243 -0.0883243
401 -0.0911777 -0.0910034
402 -0.0936712 -0.0933233
403 -0.095795 -0.0952748
404 -0.0975407 -0.0968504
405 -0.0989015 -0.0980438
406 -0.099872 -0.0988502
407 -0.100448 -0.0992665
408 -0.100628 -0.099291
409 -0.100411 -0.0989237
410 -0.0997975 -0.098166
411 -0.0987902 -0.0970209
412 -0.0973929 -0.0954928
413 -0.0956113 -0.0935879
414 -0.0934524 -0.0913137
415 -0.0909247 -0.0886791
416 -0.0880381 -0.0856945
417 -0.084804 -0.0823717
418 -0.0812353 -0.0787238
419 -0.077346 -0.0747652
420 -0.0731515 -0.0705116
421 -0.0686682 -0.0659797
422 -0.0639139 -0.0611874
423 -0.0589074 -0.0561536
424 -0.0536685 -0.0508982
425 -0.0482177 -0.045442
426 -0.0425766 -0.0398064
427 -0.0367675 -0.0340137
428 -0.0308133 -0.0280867
429 -0.0247375 -0.022049
430 -0.018564 -0.0159242
431 -0.0123173 -0.00973652
432 -0.00602198 -0.00351045
433 0.000297102 0.00272947
434 0.00661502 0.00895862
435 0.0129068 0.0151524
436 0.0191477 0.0212864
437 0.025313 0.0273364
438 0.0313784 0.0332785
439 0.03732 0.0390893
440 0.0431143 0.0447458
441 0.0487384 0.0502257
442 0.0541702 0.0555074
443 0.0593882 0.06057
444 0.0643718 0.0653936
445 0.0691014 0.0699591
446 0.0735582 0.0742485
447 0.0777248 0.0782449
448 0.0815846 0.0819325
449 0.0851224 0.0852967
450 0.0883243 0.0883243
451 0.0911777 0.0910034
452 0.0936712 0.0933233
453 0.095795 0.0952748
454 0.0975407 0.0968504
455 0.0989015 0.0980438
456 0.099872 0.0988502
457 0.100448 0.0992665
458 0.100628 0.099291
459 0.100411 0.0989237
460 0.0997975 0.098166
461 0.0987902 0.0970209
462 0.0973929 0.0954928
463 0.0956113 0.0935879
464 0.0934524 0.0913137
465 0.0909247 0.0886791
466 0.0880381 0.0856945
467 0.084804 0.0823717
468 0.0812353 0.0787238
469 0.077346 0.0747652
470 0.0731515 0.0705116
471 0.0686682 0.0659797
472 0.0639139 0.0611874
473 0.0589074 0.0561536
474 0.0536685 0.0508982
475 0.0482177 0.045442
476 0.0425766 0.0398064
477 0.0367675 0.0340137
478 0.0308133 0.0280867
479 0.0247375 0.022049
480 0.018564 0.0159242
481 0.0123173 0.00973652
482 0.00602198 0.00351045
483 -0.000297102 -0.00272947
484 -0.00661502 -0.00895862
485 -0.0129068 -0.0151524
486 -0.0191477 -0.0212864
487 -0.025313 -0.0273364
488 -0.0313784 -0.0332785
489 -0.03732 -0.0390893
490 -0.0431143 -0.0447458
491 -0.0487384 -0.0502257
492 -0.0541702 -0.0555074
493 -0.0593882 -0.06057
494 -0.0643718 -0.0653936
495 -0.0691014 -0.0699591
496 -0.0735582 -0.0742485
497 -0.0777248 -0.0782449
498 -0.0815846 -0.0819325
499 -0.0851224 -0.0852967
500 -0.0883243 -0.0883243
501 -0.0911777 -0.0910034
502 -0.0936712 -0.0933233
503 -0.095795 -0.0952748
504 -0.0975407 -0.0968504
505 -0.0989015 -0.0980438
506 -0.099872 -0.0988502
507 -0.100448 -0.0992665
508 -0.100628 -0.099291
509 -0.100411 -0.0989237
510 -0.0997975 -0.098166
511 -0.0987902 -0.0970209
512 -0.0973929 -0.0954928
513 -0.0956113 -0.0935879
514 -0.0934524 -0.0913137
515 -0.0909247 -0.0886791
516 -0.0880381 -0.0856945
517 -0.084804 -0.0823717
518 -0.0812353 -0.0787238
519 -0.077346 -0.0747652
520 -0.0731515 -0.0705116
521 -0.0686682 -0.0659797
522 -0.0639139 -0.0611874
523 -0.0589074 -0.0561536
524 -0.0536685 -0.0508982
525 -0.0482177 -0.045442
526 -0.0425766 -0.0398064
527 -0.0367675 -0.0340137
528 -0.0308133 -0.0280867
529 -0.0247375 -0.022049
530 -0.018564 -0.0159242
531 -0.0123173 -0.00973652
532 -0.00602198 -0.00351045
533 0.000297102 0.00272947
534 0.00661502 0.00895862
535 0.0129068 0.0151524
536 0.0191477 0.0212864
537 0.025313 0.0273364
538 0.0313784 0.0332785
539 0.03732 0.0390893
540 0.0431143 0.0447458
541 0.0487384 0.0502257
542 0.0541702 0.0555074
543 0.0593882 0.06057
544 0.0643718 0.0653936
545 0.0691014 0.0699591
546 0.0735582 0.0742485
547 0.0777248 0.0782449
548 0.0815846 0.0819325
549 0.0851224 0.0852967
550 0.0883243 0.0883243
551 0.0911777 0.0910034
552 0.0936712 0.0933233
553 0.095795 0.0952748
554 0.0975407 0.0968504
555 0.0989015 0.0980438
556 0.099872 0.0988502
557 0.100448 0.0992665
558 0.100628 0.099291
559 0.100411 0.0989237
560 0.0997975 0.098166
561 0.0987902 0.0970209
562 0.0973929 0.0954928
563 0.0956113 0.0935879
564 0.0934524 0.0913137
565 0.0909247 0.0886791
566 0.0880381 0.0856945
567 0.084804 0.0823717
568 0.0812353 0.0787238
569 0.077346 0.0747652
570 0.0731515 0.0705116
571 0.0686682 0.0659797
572 0.0639139 0.0611874
573 0.0589074 0.0561536
574 0.0536685 0.0508982
575 0.0482177 0.045442
576 0.0425766 0.0398064
577 0.0367675 0.0340137
578 0.0308133 0.0280867
579 0.0247375 0.022049
580 0.018564 0.0159242
581 0.0123173 0.00973652
582 0.00602198 0.00351045
583 -0.000297102 -0.00272947
584 -0.00661502 -0.00895862
585 -0.0129068 -0.0151524
586 -0.0191477 -0.0212864
587 -0.025313 -0.0273364
588 -0.0313784 -0.0332785
589 -0.03732 -0.0390893
590 -0.0431143 -0.0447458
591 -0.0487384 -0.0502257
592 -0.0541702 -0.0555074
593 -0.0593882 -0.06057
594 -0.0643718 -0.0653936
595 -0.0691014 -0.0699591
596 -0.0735582 -0.0742485
597 -0.0777248 -0.0782449
598 -0.0815846 -0.0819325
599 -0.0851224 -0.0852967
600 -0.0883243 -0.0883243
601 -0.0911777 -0.0910034
602 -0.0936712 -0.0933233
603 -0.095795 -0.0952748
604 -0.0975407 -0.0968504
605 -0.0989015 -0.0980438
606 -0.099872 -0.0988502
607 -0.100448 -0.0992665
608 -0.100628 -0.099291
609 -0.100411 -0.0989237
610 -0.0997975 -0.098166
611 -0.0987902 -0.0970209
612 -0.0973929 -0.0954928
613 -0.0956113 -0.0935879
614 -0.0934524 -0.0913137
615 -0.0909247 -0.0886791
616 -0.0880381 -0.0856945
617 -0.084804 -0.0823717
618 -0.0812353 -0.0787238
619 -0.077346 -0.0747652
620 -0.0731515 -0.0705116
621 -0.0686682 -0.0659797
622 -0.0639139 -0.0611874
623 -0.0589074 -0.0561536
624 -0.0536685 -0.0508982
625 -0.0482177 -0.045442
626 -0.0425766 -0.0398064
627 -0.0367675 -0.0340137
628 -0.0308133 -0.0280867
629 -0.0247375 -0.022049
630 -0.018564 -0.0159242
631 -0.0123173 -0.00973652
632 -0.00602198 -0.00351045
633 0.000297102 0.00272947
634 0.00661502 0.00895862
635 0.0129068 0.0151524
636 0.0191477 0.0212864
637 0.025313 0.0273364
638 0.0313784 0.0332785
639 0.03732 0.0390893
640 0.0431143 0.0447458
641 0.0487384 0.0502257
642 0.0541702 0.0555074
643 0.0593882 0.06057
644 0.0643718 0.0653936
645 0.0691014 0.0699591
646 0.0735582 0.0742485
647 0.0777248 0.0782449
648 0.0815846 0.0819325
649 0.0851224 0.0852967
650 0.0883243 0.0883243
651 0.0911777 0.0910034
652 0.0936712 0.0933233
653 0.095795 0.0952748
654 0.0975407 0.0968504
655 0.0989015 0.0980438
656 0.099872 0.0988502
657 0.100448 0.0992665
658 0.100628 0.099291
659 0.100411 0.0989237
660 0.0997975 0.098166
661 0.0987902 0.0970209
662 0.0973929 0.0954928
663 0.0956113 0.0935879
664 0.0934524 0.0913137
665 0.0909247 0.0886791
666 0.0880381 0.0856945
667 0.084804 0.0823717
668 0.0812353 0.0787238
669 0.077346 0.0747652
670 0.0731515 0.0705116
671 0.0686682 0.0659797
672 0.0639139 0.0611874
673 0.0589074 0.0561536
674 0.0536685 0.0508982
675 0.0482177 0.045442
676 0.0425766 0.0398064
677 0.0367675 0.0340137
678 0.0308133 0.0280867
679 0.0247375 0.022049
680 0.018564 0.0159242
681 0.0123173 0.00973652
682 0.00602198 0.00351045
683 -0.000297102 -0.00272947
684 -0.00661502 -0.00895862
685 -0.0129068 -0.0151524
686 -0.0191477 -0.0212864
687 -0.025313 -0.0273364
688 -0.0313784 -0.0332785
689 -0.03732 -0.0390893
690 -0.0431143 -0.0447458
691 -0.0487384 -0.0502257
692 -0.0541702 -0.0555074
693 -0.0593882 -0.06057
694 -0.0643718 -0.0653936
695 -0.0691014 -0.0699591
696 -0.0735582 -0.0742485
697 -0.0777248 -0.0782449
698 -0.0815846 -0.0819325
699 -0.0851224 -0.0852967
700 -0.0883243 -0.0883243
701 -0.0911777 -0.0910034
702 -0.0936712 -0.0933233
703 -0.095795 -0.0952748
704 -0.0975407 -0.0968504
705 -0.0989015 -0.0980438
706 -0.099872 -0.0988502
707 -0.100448 -0.0992665
708 -0.100628 -0.099291
709 -0.100411 -0.0989237
710 -0.0997975 -0.098166
711 -0.0987902 -0.0970209
712 -0.0973929 -0.0954928
713 -0.0956113 -0.0935879
714 -0.0934524 -0.0913137
715 -0.0909247 -0.0886791
716 -0.0880381 -0.0856945
717 -0.084804 -0.0823717
718 -0.0812353 -0.0787238
719 -0.077346 -0.0747652
720 -0.0731515 -0.0705116
721 -0.0686682 -0.0659797
722 -0.0639139 -0.0611874
723 -0.0589074 -0.0561536
724 -0.0536685 -0.0508982
725 -0.0482177 -0.045442
726 -0.0425766 -0.0398064
727 -0.0367675 -0.0340137
728 -0.0308133 -0.0280867
729 -0.0247375 -0.022049
730 -0.018564 -0.0159242
731 -0.0123173 -0.00973652
732 -0.00602198 -0.00351045
733 0.000297102 0.00272947
734 0.00661502 0.00895862
735 0.0129068 0.0151524
736 0.0191477 0.0212864
737 0.025313 0.0273364
738 0.0313784 0.0332785
739 0.03732 0.0390893
740 0.0431143 0.0447458
741 0.0487384 0.0502257
742 0.0541702 0.0555074
743 0.0593882 0.06057
744 0.0643718 0.0653936
745 0.0691014 0.0699591
746 0.0735582 0.0742485
747 0.0777248 0.0782449
748 0.0815846 0.0819325
749 0.0851224 0.0852967
750 0.0883243 0.0883243
751 0.0911777 0.0910034
752 0.0936712 0.0933233
753 0.095795 0.0952748
754 0.0975407 0.0968504
755 0.0989015 0.0980438
756 0.099872 0.0988502
757 0.100448 0.0992665
758 0.100628 0.099291
759 0.100411 0.0989237
760 0.0997975 0.098166
761 0.0987902 0.0970209
762 0.0973929 0.0954928
763 0.0956113 0.0935879
764 0.0934524 0.0913137
765 0.0909247 0.0886791
766 0.0880381 0.0856945
767 0.084804 0.0823717
768 0.0812353 0.0787238
769 0.077346 0.0747652
770 0.0731515 0.0705116
771 0.0686682 0.0659797
772 0.0639139 0.0611874
773 0.0589074 0.0561536
774 0.0536685 0.0508982
775 0.0482177 0.045442
776 0.0425766 0.0398064
777 0.0367675 0.0340137
778 0.0308133 0.0280867
779 0.0247375 0.022049
780 0.018564 0.0159242
781 0.0123173 0.00973652
782 0.00602198 0.00351045
783 -0.000297102 -0.00272947
784 -0.00661502 -0.00895862
785 -0.0129068 -0.0151524
786 -0.0191477 -0.0212864
787 -0.025313 -0.0273364
788 -0.0313784 -0.0332785
789 -0.03732 -0.0390893
790 -0.0431143 -0.0447458
791 -0.0487384 -0.0502257
792 -0.0541702 -0.0555074
793 -0.0593882 -0.06057
794 -0.0643718 -0.0653936
795 -0.0691014 -0.0699591
796 -0.0735582 -0.0742485
797 -0.0777248 -0.0782449
798 -0.0815846 -0.0819325
799 -0.0851224 -0.0852967
800 -0.0883243 -0.0883243
801 -0.0911777 -0.0910034
802 -0.0936712 -0.0933233
803 -0.095795 -0.0952748
804 -0.0975407 -0.0968504
805 -0.0989015 -0.0980438
806 -0.099872 -0.0988502
807 -0.100448 -0.0992665
808 -0.100628 -0.099291
809 -0.100411 -0.0989237
810 -0.0997975 -0.098166
811 -0.0987902 -0.0970209
812 -0.0973929 -0.0954928
813 -0.0956113 -0.0935879
814 -0.0934524 -0.0913137
815 -0.0909247 -0.0886791
816 -0.0880381 -0.0856945
817 -0.084804 -0.0823717
818 -0.0812353 -0.0787238
819 -0.077346 -0.0747652
820 -0.0731515 -0.0705116
821 -0.0686682 -0.0659797
822 -0.0639139 -0.0611874
823 -0.0589074 -0.0561536
824 -0.0536685 -0.0508982
825 -0.0482177 -0.045442
826 -0.0425766 -0.0398064
827 -0.0367675 -0.0340137
828 -0.0308133 -0.0280867
829 -0.0247375 -0.022049
830 -0.018564 -0.0159242
831 -0.0123173 -0.00973652
832 -0.00602198 -0.00351045
833 0.000297102 0.00272947
834 0.00661502 0.00895862
835 0.0129068 0.0151524
836 0.0191477 0.0212864
837 0.025313 0.0273364
838 0.0313784 0.0332785
839 0.03732 0.0390893
840 0.0431143 0.0447458
841 0.0487384 0.0502257
842 0.0541702 0.0555074
843 0.0593882 0.06057
844 0.0643718 0.0653936
845 0.0691014 0.0699591
846 0.0735582 0.0742485
847 0.0777248 0.0782449
848 0.0815846 0.0819325
849 0.0851224 0.0852967
850 0.0883243 0.0883243
851 0.0911777 0.0910034
852 0.0936712 0.0933233
853 0.095795 0.0952748
854 0.0975407 0.0968504
855 0.0989015 0.0980438
856 0.099872 0.0988502
857 0.100448 0.0992665
858 0.100628 0.099291
859 0.100411 0.0989237
860 0.0997975 0.098166
861 0.0987902 0.0970209
862 0.0973929 0.0954928
863 0.0956113 0.0935879
864 0.0934524 0.0913137
865 0.0909247 0.0886791
866 0.0880381 0.0856945
867 0.084804 0.0823717
868 0.0812353 0.0787238
869 0.077346 0.0747652
870 0.0731515 0.0705116
871 0.0686682 0.0659797
872 0.0639139 0.0611874
873 0.0589074 0.0561536
874 0.0536685 0.0508982
875 0.0482177 0.045442
876 0.0425766 0.0398064
877 0.0367675 0.0340137
878 0.0308133 0.0280867
879 0.0247375 0.022049
880 0.018564 0.0159242
881 0.0123173 0.00973652
882 0.00602198 0.00351045
883 -0.000297102 -0.00272947
884 -0.00661502 -0.00895862
885 -0.0129068 -0.0151524
886 -0.0191477 -0.0212864
887 -0.025313 -0.0273364
888 -0.0313784 -0.0332785
889 -0.03732 -0.0390893
890 -0.0431143 -0.0447458
891 -0.0487384 -0.0502257
892 -0.0541702 -0.0555074
893 -0.0593882 -0.06057
894 -0.0643718 -0.0653936
895 -0.0691014 -0.0699591
896 -0.0735582 -0.0742485
897 -0.0777248 -0.0782449
898 -0.0815846 -0.0819325
899 -0.0851224 -0.0852967
900 -0.0883243 -0.0883243
901 -0.0911777 -0.0910034
902 -0.0936712 -0.0933233
903 -0.095795 -0.0952748
904 -0.0975407 -0.0968504
905 -0.0989015 -0.0980438
906 -0.099872 -0.0988502
907 -0.100448 -0.0992665
908 -0.100628 -0.099291
909 -0.100411 -0.0989237
910 -0.0997975 -0.098166
911 -0.0987902 -0.0970209
912 -0.0973929 -0.0954928
913 -0.0956113 -0.0935879
914 -0.0934524 -0.0913137
915 -0.0909247 -0.0886791
916 -0.0880381 -0.0856945
917 -0.084804 -0.0823717
918 -0.0812353 -0.0787238
919 -0.077346 -0.0747652
920 -0.0731515 -0.0705116
921 -0.0686682 -0.0659797
922 -0.0639139 -0.0611874
923 -0.0589074 -0.0561536
924 -0.0536685 -0.0508982
925 -0.0482177 -0.045442
926 -0.0425766 -0.0398064
927 -0.0367675 -0.0340137
928 -0.0308133 -0.0280867
929 -0.0247375 -0.022049
930 -0.018564 -0.0159242
931 -0.0123173 -0.00973652
932 -0.00602198 -0.00351045
933 0.000297102 0.00272947
934 0.00661502 0.00895862
935 0.0129068 0.0151524
936 0.0191477 0.0212864
937 0.025313 0.0273364
938 0.0313784 0.0332785
939 0.03732 0.0390893
940 0.0431143 0.0447458
941 0.0487384 0.0502257
942 0.0541702 0.0555074
943 0.0593882 0.06057
944 0.0643718 0.0653936
945 0.0691014 0.0699591
946 0.0735582 0.0742485
947 0.0777248 0.0782449
948 0.0815846 0.0819325
949 0.0851224 0.0852967
950 0.0883243 0.0883243
951 0.0911777 0.0910034
952 0.0936712 0.0933233
953 0.095795 0.0952748
954 0.0975407 0.0968504
955 0.0989015 0.0980438
956 0.099872 0.0988502
957 0.100448 0.0992665
958 0.100628 0.099291
959 0.100411 0.0989237
960 0.0997975 0.098166
961 0.0987902 0.0970209
962 0.0973929 0.0954928
963 0.0956113 0.0935879
964 0.0934524 0.0913137
965 0.0909247 0.0886791
966 0.0880381 0.0856945
967 0.084804 0.0823717
968 0.0812353 0.0787238
969 0.077346 0.0747652
970 0.0731515 0.0705116
971 0.0686682 0.0659797
972 0.0639139 0.0611874
973 0.0589074 0.0561536
974 0.0536685 0.0508982
975 0.0482177 0.045442
976 0.0425766 0.0398064
977 0.0367675 0.0340137
978 0.0308133 0.0280867
979 0.0247375 0.022049
980 0.018564 0.0159242
981 0.0123173 0.00973652
982 0.00602198 0.00351045
983 -0.000297102 -0.00272947
984 -0.00661502 -0.00895862
985 -0.0129068 -0.0151524
986 -0.0191477 -0.0212864
987 -0.025313 -0.0273364
988 -0.0313784 -0.0332785
989 -0.03732 -0.0390893
990 -0.0431143 -0.0447458
991 -0.0487384 -0.0502257
992 -0.0541702 -0.0555074
993 -0.0593882 -0.06057
994 -0.0643718 -0.0653936
995 -0.0691014 -0.0699591
996 -0.0735582 -0.0742485
997 -0.0777248 -0.0782449
998 -0.0815846 -0.0819325
999 -0.0851224 -0.0852967
