0 -0.0657164 -0.0657164
1 -0.0703831 -0.0702534
2 -0.074772 -0.0745131
3 -0.0788657 -0.0784788
4 -0.0826483 -0.0821347
5 -0.0861046 -0.0854665
6 -0.0892212 -0.0884609
7 -0.0919856 -0.0911063
8 -0.094387 -0.0933921
9 -0.0964159 -0.0953093
10 -0.0980643 -0.0968504
11 -0.0993257 -0.0980093
12 -0.100195 -0.0987814
13 -0.100669 -0.0991636
14 -0.100746 -0.0991545
15 -0.100425 -0.098754
16 -0.0997076 -0.0979638
17 -0.0985968 -0.096787
18 -0.0970969 -0.0952283
19 -0.0952139 -0.0932937
20 -0.092955 -0.0909909
21 -0.0903293 -0.088329
22 -0.0873471 -0.0853185
23 -0.0840203 -0.0819713
24 -0.0803618 -0.0783006
25 -0.0763861 -0.0743209
26 -0.072109 -0.0700479
27 -0.0675473 -0.0654984
28 -0.0627191 -0.0606904
29 -0.0576433 -0.055643
30 -0.05234 -0.0503759
31 -0.0468302 -0.04491
32 -0.0411355 -0.0392669
33 -0.0352785 -0.0334688
34 -0.0292823 -0.0275386
35 -0.0231705 -0.0214997
36 -0.0169673 -0.015376
37 -0.0106971 -0.00919162
38 -0.00438469 -0.00297094
39 0.00194503 0.00326145
40 0.00826707 0.00948098
41 0.0145565 0.0156631
42 0.0207884 0.0217834
43 0.0269384 0.0278177
44 0.032982 0.0337422
45 0.0388954 0.0395336
46 0.0446554 0.045169
47 0.0502391 0.0506261
48 0.0556245 0.0558834
49 0.0607904 0.0609201
50 0.0657164 0.0657164
51 0.0703831 0.0702534
52 0.074772 0.0745131
53 0.0788657 0.0784788
54 0.0826483 0.0821347
55 0.0861046 0.0854665
56 0.0892212 0.0884609
57 0.0919856 0.0911063
58 0.094387 0.0933921
59 0.0964159 0.0953093
60 0.0980643 0.0968504
61 0.0993257 0.0980093
62 0.100195 0.0987814
63 0.100669 0.0991636
64 0.100746 0.0991545
65 0.100425 0.098754
66 0.0997076 0.0979638
67 0.0985968 0.096787
68 0.0970969 0.0952283
69 0.0952139 0.0932937
70 0.092955 0.0909909
71 0.0903293 0.088329
72 0.0873471 0.0853185
73 0.0840203 0.0819713
74 0.0803618 0.0783006
75 0.0763861 0.0743209
76 0.072109 0.0700479
77 0.0675473 0.0654984
78 0.0627191 0.0606904
79 0.0576433 0.055643
80 0.05234 0.0503759
81 0.0468302 0.04491
82 0.0411355 0.0392669
83 0.0352785 0.0334688
84 0.0292823 0.0275386
85 0.0231705 0.0214997
86 0.0169673 0.015376
87 0.0106971 0.00919162
88 0.00438469 0.00297094
89 -0.00194503 -0.00326145
90 -0.00826707 -0.00948098
91 -0.0145565 -0.0156631
92 -0.0207884 -0.0217834
93 -0.0269384 -0.0278177
94 -0.032982 -0.0337422
95 -0.0388954 -0.0395336
96 -0.0446554 -0.045169
97 -0.0502391 -0.0506261
98 -0.0556245 -0.0558834
99 -0.0607904 -0.0609201
100 -0.0657164 -0.0657164
101 -0.0703831 -0.0702534
102 -0.074772 -0.0745131
103 -0.0788657 -0.0784788
104 -0.0826483 -0.0821347
105 -0.0861046 -0.0854665
106 -0.0892212 -0.0884609
107 -0.0919856 -0.0911063
108 -0.094387 -0.0933921
109 -0.0964159 -0.0953093
110 -0.0980643 -0.0968504
111 -0.0993257 -0.0980093
112 -0.100195 -0.0987814
113 -0.100669 -0.0991636
114 -0.100746 -0.0991545
115 -0.100425 -0.098754
116 -0.0997076 -0.0979638
117 -0.0985968 -0.096787
118 -0.0970969 -0.0952283
119 -0.0952139 -0.0932937
120 -0.092955 -0.0909909
121 -0.0903293 -0.088329
122 -0.0873471 -0.0853185
123 -0.0840203 -0.0819713
124 -0.0803618 -0.0783006
125 -0.0763861 -0.0743209
126 -0.072109 -0.0700479
127 -0.0675473 -0.0654984
128 -0.0627191 -0.0606904
129 -0.0576433 -0.055643
130 -0.05234 -0.0503759
131 -0.0468302 -0.04491
132 -0.0411355 -0.0392669
133 -0.0352785 -0.0334688
134 -0.0292823 -0.0275386
135 -0.0231705 -0.0214997
136 -0.0169673 -0.015376
137 -0.0106971 -0.00919162
138 -0.00438469 -0.00297094
139 0.00194503 0.00326145
140 0.00826707 0.00948098
141 0.0145565 0.0156631
142 0.0207884 0.0217834
143 0.0269384 0.0278177
144 0.032982 0.0337422
145 0.0388954 0.0395336
146 0.0446554 0.045169
147 0.0502391 0.0506261
148 0.0556245 0.0558834
149 0.0607904 0.0609201
150 0.0657164 0.0657164
151 0.0703831 0.0702534
152 0.074772 0.0745131
153 0.0788657 0.0784788
154 0.0826483 0.0821347
155 0.0861046 0.0854665
156 0.0892212 0.0884609
157 0.0919856 0.0911063
158 0.094387 0.0933921
159 0.0964159 0.0953093
160 0.0980643 0.0968504
161 0.0993257 0.0980093
162 0.100195 0.0987814
163 0.100669 0.0991636
164 0.100746 0.0991545
165 0.100425 0.098754
166 0.0997076 0.0979638
167 0.0985968 0.096787
168 0.0970969 0.0952283
169 0.0952139 0.0932937
170 0.092955 0.0909909
171 0.0903293 0.088329
172 0.0873471 0.0853185
173 0.0840203 0.0819713
174 0.0803618 0.0783006
175 0.0763861 0.0743209
176 0.072109 0.0700479
177 0.0675473 0.0654984
178 0.0627191 0.0606904
179 0.0576433 0.055643
180 0.05234 0.0503759
181 0.0468302 0.04491
182 0.0411355 0.0392669
183 0.0352785 0.0334688
184 0.0292823 0.0275386
185 0.0231705 0.0214997
186 0.0169673 0.015376
187 0.0106971 0.00919162
188 0.00438469 0.00297094
189 -0.00194503 -0.00326145
190 -0.00826707 -0.00948098
191 -0.0145565 -0.0156631
192 -0.0207884 -0.0217834
193 -0.0269384 -0.0278177
194 -0.032982 -0.0337422
195 -0.0388954 -0.0395336
196 -0.0446554 -0.045169
197 -0.0502391 -0.0506261
198 -0.0556245 -0.0558834
199 -0.0607904 -0.0609201
200 -0.0657164 -0.0657164
201 -0.0703831 -0.0702534
202 -0.074772 -0.0745131
203 -0.0788657 -0.0784788
204 -0.0826483 -0.0821347
205 -0.0861046 -0.0854665
206 -0.0892212 -0.0884609
207 -0.0919856 -0.0911063
208 -0.094387 -0.0933921
209 -0.0964159 -0.0953093
210 -0.0980643 -0.0968504
211 -0.0993257 -0.0980093
212 -0.100195 -0.0987814
213 -0.100669 -0.0991636
214 -0.100746 -0.0991545
215 -0.100425 -0.098754
216 -0.0997076 -0.0979638
217 -0.0985968 -0.096787
218 -0.0970969 -0.0952283
219 -0.0952139 -0.0932937
220 -0.092955 -0.0909909
221 -0.0903293 -0.088329
222 -0.0873471 -0.0853185
223 -0.0840203 -0.0819713
224 -0.0803618 -0.0783006
225 -0.0763861 -0.0743209
226 -0.072109 -0.0700479
227 -0.0675473 -0.0654984
228 -0.0627191 -0.0606904
229 -0.0576433 -0.055643
230 -0.05234 -0.0503759
231 -0.0468302 -0.04491
232 -0.0411355 -0.0392669
233 -0.0352785 -0.0334688
234 -0.0292823 -0.0275386
235 -0.0231705 -0.0214997
236 -0.0169673 -0.015376
237 -0.0106971 -0.00919162
238 -0.00438469 -0.00297094
239 0.00194503 0.00326145
240 0.00826707 0.00948098
241 0.0145565 0.0156631
242 0.0207884 0.0217834
243 0.0269384 0.0278177
244 0.032982 0.0337422
245 0.0388954 0.0395336
246 0.0446554 0.045169
247 0.0502391 0.0506261
248 0.0556245 0.0558834
249 0.0607904 0.0609201
250 0.0657164 0.0657164
251 0.0703831 0.0702534
252 0.074772 0.0745131
253 0.0788657 0.0784788
254 0.0826483 0.0821347
255 0.0861046 0.0854665
256 0.0892212 0.0884609
257 0.0919856 0.0911063
258 0.094387 0.0933921
259 0.0964159 0.0953093
260 0.0980643 0.0968504
261 0.0993257 0.0980093
262 0.100195 0.0987814
263 0.100669 0.0991636
264 0.100746 0.0991545
265 0.100425 0.098754
266 0.0997076 0.0979638
267 0.0985968 0.096787
268 0.0970969 0.0952283
269 0.0952139 0.0932937
270 0.092955 0.0909909
271 0.0903293 0.088329
272 0.0873471 0.0853185
273 0.0840203 0.0819713
274 0.0803618 0.0783006
275 0.0763861 0.0743209
276 0.072109 0.0700479
277 0.0675473 0.0654984
278 0.0627191 0.0606904
279 0.0576433 0.055643
280 0.05234 0.0503759
281 0.0468302 0.04491
282 0.0411355 0.0392669
283 0.0352785 0.0334688
284 0.0292823 0.0275386
285 0.0231705 0.0214997
286 0.0169673 0.015376
287 0.0106971 0.00919162
288 0.00438469 0.00297094
289 -0.00194503 -0.00326145
290 -0.00826707 -0.00948098
291 -0.0145565 -0.0156631
292 -0.0207884 -0.0217834
293 -0.0269384 -0.0278177
294 -0.032982 -0.0337422
295 -0.0388954 -0.0395336
296 -0.0446554 -0.045169
297 -0.0502391 -0.0506261
298 -0.0556245 -0.0558834
299 -0.0607904 -0.0609201
300 -0.0657164 -0.0657164
301 -0.0703831 -0.0702534
302 -0.074772 -0.0745131
303 -0.0788657 -0.0784788
304 -0.0826483 -0.0821347
305 -0.0861046 -0.0854665
306 -0.0892212 -0.0884609
307 -0.0919856 -0.0911063
308 -0.094387 -0.0933921
309 -0.0964159 -0.0953093
310 -0.0980643 -0.0968504
311 -0.0993257 -0.0980093
312 -0.100195 -0.0987814
313 -0.100669 -0.0991636
314 -0.100746 -0.0991545
315 -0.100425 -0.098754
316 -0.0997076 -0.0979638
317 -0.0985968 -0.096787
318 -0.0970969 -0.0952283
319 -0.0952139 -0.0932937
320 -0.092955 -0.0909909
321 -0.0903293 -0.088329
322 -0.0873471 -0.0853185
323 -0.0840203 -0.0819713
324 -0.0803618 -0.0783006
325 -0.0763861 -0.0743209
326 -0.072109 -0.0700479
327 -0.0675473 -0.0654984
328 -0.0627191 -0.0606904
329 -0.0576433 -0.055643
330 -0.05234 -0.0503759
331 -0.0468302 -0.04491
332 -0.0411355 -0.0392669
333 -0.0352785 -0.0334688
334 -0.0292823 -0.0275386
335 -0.0231705 -0.0214997
336 -0.0169673 -0.015376
337 -0.0106971 -0.00919162
338 -0.00438469 -0.00297094
339 0.00194503 0.00326145
340 0.00826707 0.00948098
341 0.0145565 0.0156631
342 0.0207884 0.0217834
343 0.0269384 0.0278177
344 0.032982 0.0337422
345 0.0388954 0.0395336
346 0.0446554 0.045169
347 0.0502391 0.0506261
348 0.0556245 0.0558834
349 0.0607904 0.0609201
350 0.0657164 0.0657164
351 0.0703831 0.0702534
352 0.074772 0.0745131
353 0.0788657 0.0784788
354 0.0826483 0.0821347
355 0.0861046 0.0854665
356 0.0892212 0.0884609
357 0.0919856 0.0911063
358 0.094387 0.0933921
359 0.0964159 0.0953093
360 0.0980643 0.0968504
361 0.0993257 0.0980093
362 0.100195 0.0987814
363 0.100669 0.0991636
364 0.100746 0.0991545
365 0.100425 0.098754
366 0.0997076 0.0979638
367 0.0985968 0.096787
368 0.0970969 0.0952283
369 0.0952139 0.0932937
370 0.092955 0.0909909
371 0.0903293 0.088329
372 0.0873471 0.0853185
373 0.0840203 0.0819713
374 0.0803618 0.0783006
375 0.0763861 0.0743209
376 0.072109 0.0700479
377 0.0675473 0.0654984
378 0.0627191 0.0606904
379 0.0576433 0.055643
380 0.05234 0.0503759
381 0.0468302 0.04491
382 0.0411355 0.0392669
383 0.0352785 0.0334688
384 0.0292823 0.0275386
385 0.0231705 0.0214997
386 0.0169673 0.015376
387 0.0106971 0.00919162
388 0.00438469 0.00297094
389 -0.00194503 -0.00326145
390 -0.00826707 -0.00948098
391 -0.0145565 -0.0156631
392 -0.0207884 -0.0217834
393 -0.0269384 -0.0278177
394 -0.032982 -0.0337422
395 -0.0388954 -0.0395336
396 -0.0446554 -0.045169
397 -0.0502391 -0.0506261
398 -0.0556245 -0.0558834
399 -0.0607904 -0.0609201
400 -0.0657164 -0.0657164
401 -0.0703831 -0.0702534
402 -0.074772 -0.0745131
403 -0.0788657 -0.0784788
404 -0.0826483 -0.0821347
405 -0.0861046 -0.0854665
406 -0.0892212 -0.0884609
407 -0.0919856 -0.0911063
408 -0.094387 -0.0933921
409 -0.0964159 -0.0953093
410 -0.0980643 -0.0968504
411 -0.0993257 -0.0980093
412 -0.100195 -0.0987814
413 -0.100669 -0.0991636
414 -0.100746 -0.0991545
415 -0.100425 -0.098754
416 -0.0997076 -0.0979638
417 -0.0985968 -0.096787
418 -0.0970969 -0.0952283
419 -0.0952139 -0.0932937
420 -0.092955 -0.0909909
421 -0.0903293 -0.088329
422 -0.0873471 -0.0853185
423 -0.0840203 -0.0819713
424 -0.0803618 -0.0783006
425 -0.0763861 -0.0743209
426 -0.072109 -0.0700479
427 -0.0675473 -0.0654984
428 -0.0627191 -0.0606904
429 -0.0576433 -0.055643
430 -0.05234 -0.0503759
431 -0.0468302 -0.04491
432 -0.0411355 -0.0392669
433 -0.0352785 -0.0334688
434 -0.0292823 -0.0275386
435 -0.0231705 -0.0214997
436 -0.0169673 -0.015376
437 -0.0106971 -0.00919162
438 -0.00438469 -0.00297094
439 0.00194503 0.00326145
440 0.00826707 0.00948098
441 0.0145565 0.0156631
442 0.0207884 0.0217834
443 0.0269384 0.0278177
444 0.032982 0.0337422
445 0.0388954 0.0395336
446 0.0446554 0.045169
447 0.0502391 0.0506261
448 0.0556245 0.0558834
449 0.0607904 0.0609201
450 0.0657164 0.0657164
451 0.0703831 0.0702534
452 0.074772 0.0745131
453 0.0788657 0.0784788
454 0.0826483 0.0821347
455 0.0861046 0.0854665
456 0.0892212 0.0884609
457 0.0919856 0.0911063
458 0.094387 0.0933921
459 0.0964159 0.0953093
460 0.0980643 0.0968504
461 0.0993257 0.0980093
462 0.100195 0.0987814
463 0.100669 0.0991636
464 0.100746 0.0991545
465 0.100425 0.098754
466 0.0997076 0.0979638
467 0.0985968 0.096787
468 0.0970969 0.0952283
469 0.0952139 0.0932937
470 0.092955 0.0909909
471 0.0903293 0.088329
472 0.0873471 0.0853185
473 0.0840203 0.0819713
474 0.0803618 0.0783006
475 0.0763861 0.0743209
476 0.072109 0.0700479
477 0.0675473 0.0654984
478 0.0627191 0.0606904
479 0.0576433 0.055643
480 0.05234 0.0503759
481 0.0468302 0.04491
482 0.0411355 0.0392669
483 0.0352785 0.0334688
484 0.0292823 0.0275386
485 0.0231705 0.0214997
486 0.0169673 0.015376
487 0.0106971 0.00919162
488 0.00438469 0.00297094
489 -0.00194503 -0.00326145
490 -0.00826707 -0.00948098
491 -0.0145565 -0.0156631
492 -0.0207884 -0.0217834
493 -0.0269384 -0.0278177
494 -0.032982 -0.0337422
495 -0.0388954 -0.0395336
496 -0.0446554 -0.045169
497 -0.0502391 -0.0506261
498 -0.0556245 -0.0558834
499 -0.0607904 -0.0609201
500 -0.0657164 -0.0657164
501 -0.0703831 -0.0702534
502 -0.074772 -0.0745131
503 -0.0788657 -0.0784788
504 -0.0826483 -0.0821347
505 -0.0861046 -0.0854665
506 -0.0892212 -0.0884609
507 -0.0919856 -0.0911063
508 -0.094387 -0.0933921
509 -0.0964159 -0.0953093
510 -0.0980643 -0.0968504
511 -0.0993257 -0.0980093
512 -0.100195 -0.0987814
513 -0.100669 -0.0991636
514 -0.100746 -0.0991545
515 -0.100425 -0.098754
516 -0.0997076 -0.0979638
517 -0.0985968 -0.096787
518 -0.0970969 -0.0952283
519 -0.0952139 -0.0932937
520 -0.092955 -0.0909909
521 -0.0903293 -0.088329
522 -0.0873471 -0.0853185
523 -0.0840203 -0.0819713
524 -0.0803618 -0.0783006
525 -0.0763861 -0.0743209
526 -0.072109 -0.0700479
527 -0.0675473 -0.0654984
528 -0.0627191 -0.0606904
529 -0.0576433 -0.055643
530 -0.05234 -0.0503759
531 -0.0468302 -0.04491
532 -0.0411355 -0.0392669
533 -0.0352785 -0.0334688
534 -0.0292823 -0.0275386
535 -0.0231705 -0.0214997
536 -0.0169673 -0.015376
537 -0.0106971 -0.00919162
538 -0.00438469 -0.00297094
539 0.00194503 0.00326145
540 0.00826707 0.00948098
541 0.0145565 0.0156631
542 0.0207884 0.0217834
543 0.0269384 0.0278177
544 0.032982 0.0337422
545 0.0388954 0.0395336
546 0.0446554 0.045169
547 0.0502391 0.0506261
548 0.0556245 0.0558834
549 0.0607904 0.0609201
550 0.0657164 0.0657164
551 0.0703831 0.0702534
552 0.074772 0.0745131
553 0.0788657 0.0784788
554 0.0826483 0.0821347
555 0.0861046 0.0854665
556 0.0892212 0.0884609
557 0.0919856 0.0911063
558 0.094387 0.0933921
559 0.0964159 0.0953093
560 0.0980643 0.0968504
561 0.0993257 0.0980093
562 0.100195 0.0987814
563 0.100669 0.0991636
564 0.100746 0.0991545
565 0.100425 0.098754
566 0.0997076 0.0979638
567 0.0985968 0.096787
568 0.0970969 0.0952283
569 0.0952139 0.0932937
570 0.092955 0.0909909
571 0.0903293 0.088329
572 0.0873471 0.0853185
573 0.0840203 0.0819713
574 0.0803618 0.0783006
575 0.0763861 0.0743209
576 0.072109 0.0700479
577 0.0675473 0.0654984
578 0.0627191 0.0606904
579 0.0576433 0.055643
580 0.05234 0.0503759
581 0.0468302 0.04491
582 0.0411355 0.0392669
583 0.0352785 0.0334688
584 0.0292823 0.0275386
585 0.0231705 0.0214997
586 0.0169673 0.015376
587 0.0106971 0.00919162
588 0.00438469 0.00297094
589 -0.00194503 -0.00326145
590 -0.00826707 -0.00948098
591 -0.0145565 -0.0156631
592 -0.0207884 -0.0217834
593 -0.0269384 -0.0278177
594 -0.032982 -0.0337422
595 -0.0388954 -0.0395336
596 -0.0446554 -0.045169
597 -0.0502391 -0.0506261
598 -0.0556245 -0.0558834
599 -0.0607904 -0.0609201
600 -0.0657164 -0.0657164
601 -0.0703831 -0.0702534
602 -0.074772 -0.0745131
603 -0.0788657 -0.0784788
604 -0.0826483 -0.0821347
605 -0.0861046 -0.0854665
606 -0.0892212 -0.0884609
607 -0.0919856 -0.0911063
608 -0.094387 -0.0933921
609 -0.0964159 -0.0953093
610 -0.0980643 -0.0968504
611 -0.0993257 -0.0980093
612 -0.100195 -0.0987814
613 -0.100669 -0.0991636
614 -0.100746 -0.0991545
615 -0.100425 -0.098754
616 -0.0997076 -0.0979638
617 -0.0985968 -0.096787
618 -0.0970969 -0.0952283
619 -0.0952139 -0.0932937
620 -0.092955 -0.0909909
621 -0.0903293 -0.088329
622 -0.0873471 -0.0853185
623 -0.0840203 -0.0819713
624 -0.0803618 -0.0783006
625 -0.0763861 -0.0743209
626 -0.072109 -0.0700479
627 -0.0675473 -0.0654984
628 -0.0627191 -0.0606904
629 -0.0576433 -0.055643
630 -0.05234 -0.0503759
631 -0.0468302 -0.04491
632 -0.0411355 -0.0392669
633 -0.0352785 -0.0334688
634 -0.0292823 -0.0275386
635 -0.0231705 -0.0214997
636 -0.0169673 -0.015376
637 -0.0106971 -0.00919162
638 -0.00438469 -0.00297094
639 0.00194503 0.00326145
640 0.00826707 0.00948098
641 0.0145565 0.0156631
642 0.0207884 0.0217834
643 0.0269384 0.0278177
644 0.032982 0.0337422
645 0.0388954 0.0395336
646 0.0446554 0.045169
647 0.0502391 0.0506261
648 0.0556245 0.0558834
649 0.0607904 0.0609201
650 0.0657164 0.0657164
651 0.0703831 0.0702534
652 0.074772 0.0745131
653 0.0788657 0.0784788
654 0.0826483 0.0821347
655 0.0861046 0.0854665
656 0.0892212 0.0884609
657 0.0919856 0.0911063
658 0.094387 0.0933921
659 0.0964159 0.0953093
660 0.0980643 0.0968504
661 0.0993257 0.0980093
662 0.100195 0.0987814
663 0.100669 0.0991636
664 0.100746 0.0991545
665 0.100425 0.098754
666 0.0997076 0.0979638
667 0.0985968 0.096787
668 0.0970969 0.0952283
669 0.0952139 0.0932937
670 0.092955 0.0909909
671 0.0903293 0.088329
672 0.0873471 0.0853185
673 0.0840203 0.0819713
674 0.0803618 0.0783006
675 0.0763861 0.0743209
676 0.072109 0.0700479
677 0.0675473 0.0654984
678 0.0627191 0.0606904
679 0.0576433 0.055643
680 0.05234 0.0503759
681 0.0468302 0.04491
682 0.0411355 0.0392669
683 0.0352785 0.0334688
684 0.0292823 0.0275386
685 0.0231705 0.0214997
686 0.0169673 0.015376
687 0.0106971 0.00919162
688 0.00438469 0.00297094
689 -0.00194503 -0.00326145
690 -0.00826707 -0.00948098
691 -0.0145565 -0.0156631
692 -0.0207884 -0.0217834
693 -0.0269384 -0.0278177
694 -0.032982 -0.0337422
695 -0.0388954 -0.0395336
696 -0.0446554 -0.045169
697 -0.0502391 -0.0506261
698 -0.0556245 -0.0558834
699 -0.0607904 -0.0609201
700 -0.0657164 -0.0657164
701 -0.0703831 -0.0702534
702 -0.074772 -0.0745131
703 -0.0788657 -0.0784788
704 -0.0826483 -0.0821347
705 -0.0861046 -0.0854665
706 -0.0892212 -0.0884609
707 -0.0919856 -0.0911063
708 -0.094387 -0.0933921
709 -0.0964159 -0.0953093
710 -0.0980643 -0.0968504
711 -0.0993257 -0.0980093
712 -0.100195 -0.0987814
713 -0.100669 -0.0991636
714 -0.100746 -0.0991545
715 -0.100425 -0.098754
716 -0.0997076 -0.0979638
717 -0.0985968 -0.096787
718 -0.0970969 -0.0952283
719 -0.0952139 -0.0932937
720 -0.092955 -0.0909909
721 -0.0903293 -0.088329
722 -0.0873471 -0.0853185
723 -0.0840203 -0.0819713
724 -0.0803618 -0.0783006
725 -0.0763861 -0.0743209
726 -0.072109 -0.0700479
727 -0.0675473 -0.0654984
728 -0.0627191 -0.0606904
729 -0.0576433 -0.055643
730 -0.05234 -0.0503759
731 -0.0468302 -0.04491
732 -0.0411355 -0.0392669
733 -0.0352785 -0.0334688
734 -0.0292823 -0.0275386
735 -0.0231705 -0.0214997
736 -0.0169673 -0.015376
737 -0.0106971 -0.00919162
738 -0.00438469 -0.00297094
739 0.00194503 0.00326145
740 0.00826707 0.00948098
741 0.0145565 0.0156631
742 0.0207884 0.0217834
743 0.0269384 0.0278177
744 0.032982 0.0337422
745 0.0388954 0.0395336
746 0.0446554 0.045169
747 0.0502391 0.0506261
748 0.0556245 0.0558834
749 0.0607904 0.0609201
750 0.0657164 0.0657164
751 0.0703831 0.0702534
752 0.074772 0.0745131
753 0.0788657 0.0784788
754 0.0826483 0.0821347
755 0.0861046 0.0854665
756 0.0892212 0.0884609
757 0.0919856 0.0911063
758 0.094387 0.0933921
759 0.0964159 0.0953093
760 0.0980643 0.0968504
761 0.0993257 0.0980093
762 0.100195 0.0987814
763 0.100669 0.0991636
764 0.100746 0.0991545
765 0.100425 0.098754
766 0.0997076 0.0979638
767 0.0985968 0.096787
768 0.0970969 0.0952283
769 0.0952139 0.0932937
770 0.092955 0.0909909
771 0.0903293 0.088329
772 0.0873471 0.0853185
773 0.0840203 0.0819713
774 0.0803618 0.0783006
775 0.0763861 0.0743209
776 0.072109 0.0700479
777 0.0675473 0.0654984
778 0.0627191 0.0606904
779 0.0576433 0.055643
780 0.05234 0.0503759
781 0.0468302 0.04491
782 0.0411355 0.0392669
783 0.0352785 0.0334688
784 0.0292823 0.0275386
785 0.0231705 0.0214997
786 0.0169673 0.015376
787 0.0106971 0.00919162
788 0.00438469 0.00297094
789 -0.00194503 -0.00326145
790 -0.00826707 -0.00948098
791 -0.0145565 -0.0156631
792 -0.0207884 -0.0217834
793 -0.0269384 -0.0278177
794 -0.032982 -0.0337422
795 -0.0388954 -0.0395336
796 -0.0446554 -0.045169
797 -0.0502391 -0.0506261
798 -0.0556245 -0.0558834
799 -0.0607904 -0.0609201
800 -0.0657164 -0.0657164
801 -0.0703831 -0.0702534
802 -0.074772 -0.0745131
803 -0.0788657 -0.0784788
804 -0.0826483 -0.0821347
805 -0.0861046 -0.0854665
806 -0.0892212 -0.0884609
807 -0.0919856 -0.0911063
808 -0.094387 -0.0933921
809 -0.0964159 -0.0953093
810 -0.0980643 -0.0968504
811 -0.0993257 -0.0980093
812 -0.100195 -0.0987814
813 -0.100669 -0.0991636
814 -0.100746 -0.0991545
815 -0.100425 -0.098754
816 -0.0997076 -0.0979638
817 -0.0985968 -0.096787
818 -0.0970969 -0.0952283
819 -0.0952139 -0.0932937
820 -0.092955 -0.0909909
821 -0.0903293 -0.088329
822 -0.0873471 -0.0853185
823 -0.0840203 -0.0819713
824 -0.0803618 -0.0783006
825 -0.0763861 -0.0743209
826 -0.072109 -0.0700479
827 -0.0675473 -0.0654984
828 -0.0627191 -0.0606904
829 -0.0576433 -0.055643
830 -0.05234 -0.0503759
831 -0.0468302 -0.04491
832 -0.0411355 -0.0392669
833 -0.0352785 -0.0334688
834 -0.0292823 -0.0275386
835 -0.0231705 -0.0214997
836 -0.0169673 -0.015376
837 -0.0106971 -0.00919162
838 -0.00438469 -0.00297094
839 0.00194503 0.00326145
840 0.00826707 0.00948098
841 0.0145565 0.0156631
842 0.0207884 0.0217834
843 0.0269384 0.0278177
844 0.032982 0.0337422
845 0.0388954 0.0395336
846 0.0446554 0.045169
847 0.0502391 0.0506261
848 0.0556245 0.0558834
849 0.0607904 0.0609201
850 0.0657164 0.0657164
851 0.0703831 0.0702534
852 0.074772 0.0745131
853 0.0788657 0.0784788
854 0.0826483 0.0821347
855 0.0861046 0.0854665
856 0.0892212 0.0884609
857 0.0919856 0.0911063
858 0.094387 0.0933921
859 0.0964159 0.0953093
860 0.0980643 0.0968504
861 0.0993257 0.0980093
862 0.100195 0.0987814
863 0.100669 0.0991636
864 0.100746 0.0991545
865 0.100425 0.098754
866 0.0997076 0.0979638
867 0.0985968 0.096787
868 0.0970969 0.0952283
869 0.0952139 0.0932937
870 0.092955 0.0909909
871 0.0903293 0.088329
872 0.0873471 0.0853185
873 0.0840203 0.0819713
874 0.0803618 0.0783006
875 0.0763861 0.0743209
876 0.072109 0.0700479
877 0.0675473 0.0654984
878 0.0627191 0.0606904
879 0.0576433 0.055643
880 0.05234 0.0503759
881 0.0468302 0.04491
882 0.0411355 0.0392669
883 0.0352785 0.0334688
884 0.0292823 0.0275386
885 0.0231705 0.0214997
886 0.0169673 0.015376
887 0.0106971 0.00919162
888 0.00438469 0.00297094
889 -0.00194503 -0.00326145
890 -0.00826707 -0.00948098
891 -0.0145565 -0.0156631
892 -0.0207884 -0.0217834
893 -0.0269384 -0.0278177
894 -0.032982 -0.0337422
895 -0.0388954 -0.0395336
896 -0.0446554 -0.045169
897 -0.0502391 -0.0506261
898 -0.0556245 -0.0558834
899 -0.0607904 -0.0609201
900 -0.0657164 -0.0657164
901 -0.0703831 -0.0702534
902 -0.074772 -0.0745131
903 -0.0788657 -0.0784788
904 -0.0826483 -0.0821347
905 -0.0861046 -0.0854665
906 -0.0892212 -0.0884609
907 -0.0919856 -0.0911063
908 -0.094387 -0.0933921
909 -0.0964159 -0.0953093
910 -0.0980643 -0.0968504
911 -0.0993257 -0.0980093
912 -0.100195 -0.0987814
913 -0.100669 -0.0991636
914 -0.100746 -0.0991545
915 -0.100425 -0.098754
916 -0.0997076 -0.0979638
917 -0.0985968 -0.096787
918 -0.0970969 -0.0952283
919 -0.0952139 -0.0932937
920 -0.092955 -0.0909909
921 -0.0903293 -0.088329
922 -0.0873471 -0.0853185
923 -0.0840203 -0.0819713
924 -0.0803618 -0.0783006
925 -0.0763861 -0.0743209
926 -0.072109 -0.0700479
927 -0.0675473 -0.0654984
928 -0.0627191 -0.0606904
929 -0.0576433 -0.055643
930 -0.05234 -0.0503759
931 -0.0468302 -0.04491
932 -0.0411355 -0.0392669
933 -0.0352785 -0.0334688
934 -0.0292823 -0.0275386
935 -0.0231705 -0.0214997
936 -0.0169673 -0.015376
937 -0.0106971 -0.00919162
938 -0.00438469 -0.00297094
939 0.00194503 0.00326145
940 0.00826707 0.00948098
941 0.0145565 0.0156631
942 0.0207884 0.0217834
943 0.0269384 0.0278177
944 0.032982 0.0337422
945 0.0388954 0.0395336
946 0.0446554 0.045169
947 0.0502391 0.0506261
948 0.0556245 0.0558834
949 0.0607904 0.0609201
950 0.0657164 0.0657164
951 0.0703831 0.0702534
952 0.074772 0.0745131
953 0.0788657 0.0784788
954 0.0826483 0.0821347
955 0.0861046 0.0854665
956 0.0892212 0.0884609
957 0.0919856 0.0911063
958 0.094387 0.0933921
959 0.0964159 0.0953093
960 0.0980643 0.0968504
961 0.0993257 0.0980093
962 0.100195 0.0987814
963 0.100669 0.0991636
964 0.100746 0.0991545
965 0.100425 0.098754
966 0.0997076 0.0979638
967 0.0985968 0.096787
968 0.0970969 0.0952283
969 0.0952139 0.0932937
970 0.092955 0.0909909
971 0.0903293 0.088329
972 0.0873471 0.0853185
973 0.0840203 0.0819713
974 0.0803618 0.0783006
975 0.0763861 0.0743209
976 0.072109 0.0700479
977 0.0675473 0.0654984
978 0.0627191 0.0606904
979 0.0576433 0.055643
980 0.05234 0.0503759
981 0.0468302 0.04491
982 0.0411355 0.0392669
983 0.0352785 0.0334688
984 0.0292823 0.0275386
985 0.0231705 0.0214997
986 0.0169673 0.015376
987 0.0106971 0.00919162
988 0.00438469 0.00297094
989 -0.00194503 -0.00326145
990 -0.00826707 -0.00948098
991 -0.0145565 -0.0156631
992 -0.0207884 -0.0217834
993 -0.0269384 -0.0278177
994 -0.032982 -0.0337422
995 -0.0388954 -0.0395336
996 -0.0446554 -0.045169
997 -0.0502391 -0.0506261
998 -0.0556245 -0.0558834
999 -0.0607904 -0.0609201
