0 -0.0710261 -0.0710261
1 -0.0753744 -0.0752343
2 -0.0794253 -0.0791455
3 -0.0831627 -0.0827444
4 -0.0865719 -0.0860168
5 -0.0896394 -0.0889496
6 -0.0923532 -0.0915315
7 -0.0947025 -0.0937521
8 -0.096678 -0.0956027
9 -0.098272 -0.097076
10 -0.0994782 -0.0981662
11 -0.100292 -0.098869
12 -0.10071 -0.0991815
13 -0.10073 -0.0991027
14 -0.100353 -0.0986327
15 -0.0995793 -0.0977735
16 -0.0984131 -0.0965285
17 -0.0968584 -0.0949024
18 -0.0949215 -0.0929019
19 -0.09261 -0.0905346
20 -0.089933 -0.0878101
21 -0.086901 -0.0847391
22 -0.0835261 -0.0813336
23 -0.0798216 -0.0776071
24 -0.0758021 -0.0735744
25 -0.0714833 -0.0692513
26 -0.0668825 -0.0646548
27 -0.0620177 -0.0598033
28 -0.0569082 -0.0547157
29 -0.0515741 -0.0494121
30 -0.0460364 -0.0439136
31 -0.0403171 -0.0382417
32 -0.0344386 -0.032419
33 -0.0284242 -0.0264683
34 -0.0222977 -0.0204131
35 -0.0160831 -0.0142774
36 -0.00980512 -0.00808527
37 -0.00348841 -0.00186129
38 0.00284208 0.00437005
39 0.00916135 0.0105841
40 0.0154445 0.0167565
41 0.0216666 0.0228626
42 0.0278033 0.0288786
43 0.0338302 0.0347806
44 0.0397236 0.0405453
45 0.0454603 0.04615
46 0.0510175 0.0515726
47 0.0563734 0.0567916
48 0.0615068 0.0617866
49 0.0663975 0.0665376
50 0.0710261 0.0710261
51 0.0753744 0.0752343
52 0.0794253 0.0791455
53 0.0831627 0.0827444
54 0.0865719 0.0860168
55 0.0896394 0.0889496
56 0.0923532 0.0915315
57 0.0947025 0.0937521
58 0.096678 0.0956027
59 0.098272 0.097076
60 0.0994782 0.0981662
61 0.100292 0.098869
62 0.10071 0.0991815
63 0.10073 0.0991027
64 0.100353 0.0986327
65 0.0995793 0.0977735
66 0.0984131 0.0965285
67 0.0968584 0.0949024
68 0.0949215 0.0929019
69 0.09261 0.0905346
70 0.089933 0.0878101
71 0.086901 0.0847391
72 0.0835261 0.0813336
73 0.0798216 0.0776071
74 0.0758021 0.0735744
75 0.0714833 0.0692513
76 0.0668825 0.0646548
77 0.0620177 0.0598033
78 0.0569082 0.0547157
79 0.0515741 0.0494121
80 0.0460364 0.0439136
81 0.0403171 0.0382417
82 0.0344386 0.032419
83 0.0284242 0.0264683
84 0.0222977 0.0204131
85 0.0160831 0.0142774
86 0.00980512 0.00808527
87 0.00348841 0.00186129
88 -0.00284208 -0.00437005
89 -0.00916135 -0.0105841
90 -0.0154445 -0.0167565
91 -0.0216666 -0.0228626
92 -0.0278033 -0.0288786
93 -0.0338302 -0.0347806
94 -0.0397236 -0.0405453
95 -0.0454603 -0.04615
96 -0.0510175 -0.0515726
97 -0.0563734 -0.0567916
98 -0.0615068 -0.0617866
99 -0.0663975 -0.0665376
100 -0.0710261 -0.0710261
101 -0.0753744 -0.0752343
102 -0.0794253 -0.0791455
103 -0.0831627 -0.0827444
104 -0.0865719 -0.0860168
105 -0.0896394 -0.0889496
106 -0.0923532 -0.0915315
107 -0.0947025 -0.0937521
108 -0.096678 -0.0956027
109 -0.098272 -0.097076
110 -0.0994782 -0.0981662
111 -0.100292 -0.098869
112 -0.10071 -0.0991815
113 -0.10073 -0.0991027
114 -0.100353 -0.0986327
115 -0.0995793 -0.0977735
116 -0.0984131 -0.0965285
117 -0.0968584 -0.0949024
118 -0.0949215 -0.0929019
119 -0.09261 -0.0905346
120 -0.089933 -0.0878101
121 -0.086901 -0.0847391
122 -0.0835261 -0.0813336
123 -0.0798216 -0.0776071
124 -0.0758021 -0.0735744
125 -0.0714833 -0.0692513
126 -0.0668825 -0.0646548
127 -0.0620177 -0.0598033
128 -0.0569082 -0.0547157
129 -0.0515741 -0.0494121
130 -0.0460364 -0.0439136
131 -0.0403171 -0.0382417
132 -0.0344386 -0.032419
133 -0.0284242 -0.0264683
134 -0.0222977 -0.0204131
135 -0.0160831 -0.0142774
136 -0.00980512 -0.00808527
137 -0.00348841 -0.00186129
138 0.00284208 0.00437005
139 0.00916135 0.0105841
140 0.0154445 0.0167565
141 0.0216666 0.0228626
142 0.0278033 0.0288786
143 0.0338302 0.0347806
144 0.0397236 0.0405453
145 0.0454603 0.04615
146 0.0510175 0.0515726
147 0.0563734 0.0567916
148 0.0615068 0.0617866
149 0.0663975 0.0665376
150 0.0710261 0.0710261
151 0.0753744 0.0752343
152 0.0794253 0.0791455
153 0.0831627 0.0827444
154 0.0865719 0.0860168
155 0.0896394 0.0889496
156 0.0923532 0.0915315
157 0.0947025 0.0937521
158 0.096678 0.0956027
159 0.098272 0.097076
160 0.0994782 0.0981662
161 0.100292 0.098869
162 0.10071 0.0991815
163 0.10073 0.0991027
164 0.100353 0.0986327
165 0.0995793 0.0977735
166 0.0984131 0.0965285
167 0.0968584 0.0949024
168 0.0949215 0.0929019
169 0.09261 0.0905346
170 0.089933 0.0878101
171 0.086901 0.0847391
172 0.0835261 0.0813336
173 0.0798216 0.0776071
174 0.0758021 0.0735744
175 0.0714833 0.0692513
176 0.0668825 0.0646548
177 0.0620177 0.0598033
178 0.0569082 0.0547157
179 0.0515741 0.0494121
180 0.0460364 0.0439136
181 0.0403171 0.0382417
182 0.0344386 0.032419
183 0.0284242 0.0264683
184 0.0222977 0.0204131
185 0.0160831 0.0142774
186 0.00980512 0.00808527
187 0.00348841 0.00186129
188 -0.00284208 -0.00437005
189 -0.00916135 -0.0105841
190 -0.0154445 -0.0167565
191 -0.0216666 -0.0228626
192 -0.0278033 -0.0288786
193 -0.0338302 -0.0347806
194 -0.0397236 -0.0405453
195 -0.0454603 -0.04615
196 -0.0510175 -0.0515726
197 -0.0563734 -0.0567916
198 -0.0615068 -0.0617866
199 -0.0663975 -0.0665376
200 -0.0710261 -0.0710261
201 -0.0753744 -0.0752343
202 -0.0794253 -0.0791455
203 -0.0831627 -0.0827444
204 -0.0865719 -0.0860168
205 -0.0896394 -0.0889496
206 -0.0923532 -0.0915315
207 -0.0947025 -0.0937521
208 -0.096678 -0.0956027
209 -0.098272 -0.097076
210 -0.0994782 -0.0981662
211 -0.100292 -0.098869
212 -0.10071 -0.0991815
213 -0.10073 -0.0991027
214 -0.100353 -0.0986327
215 -0.0995793 -0.0977735
216 -0.0984131 -0.0965285
217 -0.0968584 -0.0949024
218 -0.0949215 -0.0929019
219 -0.09261 -0.0905346
220 -0.089933 -0.0878101
221 -0.086901 -0.0847391
222 -0.0835261 -0.0813336
223 -0.0798216 -0.0776071
224 -0.0758021 -0.0735744
225 -0.0714833 -0.0692513
226 -0.0668825 -0.0646548
227 -0.0620177 -0.0598033
228 -0.0569082 -0.0547157
229 -0.0515741 -0.0494121
230 -0.0460364 -0.0439136
231 -0.0403171 -0.0382417
232 -0.0344386 -0.032419
233 -0.0284242 -0.0264683
234 -0.0222977 -0.0204131
235 -0.0160831 -0.0142774
236 -0.00980512 -0.00808527
237 -0.00348841 -0.00186129
238 0.00284208 0.00437005
239 0.00916135 0.0105841
240 0.0154445 0.0167565
241 0.0216666 0.0228626
242 0.0278033 0.0288786
243 0.0338302 0.0347806
244 0.0397236 0.0405453
245 0.0454603 0.04615
246 0.0510175 0.0515726
247 0.0563734 0.0567916
248 0.0615068 0.0617866
249 0.0663975 0.0665376
250 0.0710261 0.0710261
251 0.0753744 0.0752343
252 0.0794253 0.0791455
253 0.0831627 0.0827444
254 0.0865719 0.0860168
255 0.0896394 0.0889496
256 0.0923532 0.0915315
257 0.0947025 0.0937521
258 0.096678 0.0956027
259 0.098272 0.097076
260 0.0994782 0.0981662
261 0.100292 0.098869
262 0.10071 0.0991815
263 0.10073 0.0991027
264 0.100353 0.0986327
265 0.0995793 0.0977735
266 0.0984131 0.0965285
267 0.0968584 0.0949024
268 0.0949215 0.0929019
269 0.09261 0.0905346
270 0.089933 0.0878101
271 0.086901 0.0847391
272 0.0835261 0.0813336
273 0.0798216 0.0776071
274 0.0758021 0.0735744
275 0.0714833 0.0692513
276 0.0668825 0.0646548
277 0.0620177 0.0598033
278 0.0569082 0.0547157
279 0.0515741 0.0494121
280 0.0460364 0.0439136
281 0.0403171 0.0382417
282 0.0344386 0.032419
283 0.0284242 0.0264683
284 0.0222977 0.0204131
285 0.0160831 0.0142774
286 0.00980512 0.00808527
287 0.00348841 0.00186129
288 -0.00284208 -0.00437005
289 -0.00916135 -0.0105841
290 -0.0154445 -0.0167565
291 -0.0216666 -0.0228626
292 -0.0278033 -0.0288786
293 -0.0338302 -0.0347806
294 -0.0397236 -0.0405453
295 -0.0454603 -0.04615
296 -0.0510175 -0.0515726
297 -0.0563734 -0.0567916
298 -0.0615068 -0.0617866
299 -0.0663975 -0.0665376
300 -0.0710261 -0.0710261
301 -0.0753744 -0.0752343
302 -0.0794253 -0.0791455
303 -0.0831627 -0.0827444
304 -0.0865719 -0.0860168
305 -0.0896394 -0.0889496
306 -0.0923532 -0.0915315
307 -0.0947025 -0.0937521
308 -0.096678 -0.0956027
309 -0.098272 -0.097076
310 -0.0994782 -0.0981662
311 -0.100292 -0.098869
312 -0.10071 -0.0991815
313 -0.10073 -0.0991027
314 -0.100353 -0.0986327
315 -0.0995793 -0.0977735
316 -0.0984131 -0.0965285
317 -0.0968584 -0.0949024
318 -0.0949215 -0.0929019
319 -0.09261 -0.0905346
320 -0.089933 -0.0878101
321 -0.086901 -0.0847391
322 -0.0835261 -0.0813336
323 -0.0798216 -0.0776071
324 -0.0758021 -0.0735744
325 -0.0714833 -0.0692513
326 -0.0668825 -0.0646548
327 -0.0620177 -0.0598033
328 -0.0569082 -0.0547157
329 -0.0515741 -0.0494121
330 -0.0460364 -0.0439136
331 -0.0403171 -0.0382417
332 -0.0344386 -0.032419
333 -0.0284242 -0.0264683
334 -0.0222977 -0.0204131
335 -0.0160831 -0.0142774
336 -0.00980512 -0.00808527
337 -0.00348841 -0.00186129
338 0.00284208 0.00437005
339 0.00916135 0.0105841
340 0.0154445 0.0167565
341 0.0216666 0.0228626
342 0.0278033 0.0288786
343 0.0338302 0.0347806
344 0.0397236 0.0405453
345 0.0454603 0.04615
346 0.0510175 0.0515726
347 0.0563734 0.0567916
348 0.0615068 0.0617866
349 0.0663975 0.0665376
350 0.0710261 0.0710261
351 0.0753744 0.0752343
352 0.0794253 0.0791455
353 0.0831627 0.0827444
354 0.0865719 0.0860168
355 0.0896394 0.0889496
356 0.0923532 0.0915315
357 0.0947025 0.0937521
358 0.096678 0.0956027
359 0.098272 0.097076
360 0.0994782 0.0981662
361 0.100292 0.098869
362 0.10071 0.0991815
363 0.10073 0.0991027
364 0.100353 0.0986327
365 0.0995793 0.0977735
366 0.0984131 0.0965285
367 0.0968584 0.0949024
368 0.0949215 0.0929019
369 0.09261 0.0905346
370 0.089933 0.0878101
371 0.086901 0.0847391
372 0.0835261 0.0813336
373 0.0798216 0.0776071
374 0.0758021 0.0735744
375 0.0714833 0.0692513
376 0.0668825 0.0646548
377 0.0620177 0.0598033
378 0.0569082 0.0547157
379 0.0515741 0.0494121
380 0.0460364 0.0439136
381 0.0403171 0.0382417
382 0.0344386 0.032419
383 0.0284242 0.0264683
384 0.0222977 0.0204131
385 0.0160831 0.0142774
386 0.00980512 0.00808527
387 0.00348841 0.00186129
388 -0.00284208 -0.00437005
389 -0.00916135 -0.0105841
390 -0.0154445 -0.0167565
391 -0.0216666 -0.0228626
392 -0.0278033 -0.0288786
393 -0.0338302 -0.0347806
394 -0.0397236 -0.0405453
395 -0.0454603 -0.04615
396 -0.0510175 -0.0515726
397 -0.0563734 -0.0567916
398 -0.0615068 -0.0617866
399 -0.0663975 -0.0665376
400 -0.0710261 -0.0710261
401 -0.0753744 -0.0752343
402 -0.0794253 -0.0791455
403 -0.0831627 -0.0827444
404 -0.0865719 -0.0860168
405 -0.0896394 -0.0889496
406 -0.0923532 -0.0915315
407 -0.0947025 -0.0937521
408 -0.096678 -0.0956027
409 -0.098272 -0.097076
410 -0.0994782 -0.0981662
411 -0.100292 -0.098869
412 -0.10071 -0.0991815
413 -0.10073 -0.0991027
414 -0.100353 -0.0986327
415 -0.0995793 -0.0977735
416 -0.0984131 -0.0965285
417 -0.0968584 -0.0949024
418 -0.0949215 -0.0929019
419 -0.09261 -0.0905346
420 -0.089933 -0.0878101
421 -0.086901 -0.0847391
422 -0.0835261 -0.0813336
423 -0.0798216 -0.0776071
424 -0.0758021 -0.0735744
425 -0.0714833 -0.0692513
426 -0.0668825 -0.0646548
427 -0.0620177 -0.0598033
428 -0.0569082 -0.0547157
429 -0.0515741 -0.0494121
430 -0.0460364 -0.0439136
431 -0.0403171 -0.0382417
432 -0.0344386 -0.032419
433 -0.0284242 -0.0264683
434 -0.0222977 -0.0204131
435 -0.0160831 -0.0142774
436 -0.00980512 -0.00808527
437 -0.00348841 -0.00186129
438 0.00284208 0.00437005
439 0.00916135 0.0105841
440 0.0154445 0.0167565
441 0.0216666 0.0228626
442 0.0278033 0.0288786
443 0.0338302 0.0347806
444 0.0397236 0.0405453
445 0.0454603 0.04615
446 0.0510175 0.0515726
447 0.0563734 0.0567916
448 0.0615068 0.0617866
449 0.0663975 0.0665376
450 0.0710261 0.0710261
451 0.0753744 0.0752343
452 0.0794253 0.0791455
453 0.0831627 0.0827444
454 0.0865719 0.0860168
455 0.0896394 0.0889496
456 0.0923532 0.0915315
457 0.0947025 0.0937521
458 0.096678 0.0956027
459 0.098272 0.097076
460 0.0994782 0.0981662
461 0.100292 0.098869
462 0.10071 0.0991815
463 0.10073 0.0991027
464 0.100353 0.0986327
465 0.0995793 0.0977735
466 0.0984131 0.0965285
467 0.0968584 0.0949024
468 0.0949215 0.0929019
469 0.09261 0.0905346
470 0.089933 0.0878101
471 0.086901 0.0847391
472 0.0835261 0.0813336
473 0.0798216 0.0776071
474 0.0758021 0.0735744
475 0.0714833 0.0692513
476 0.0668825 0.0646548
477 0.0620177 0.0598033
478 0.0569082 0.0547157
479 0.0515741 0.0494121
480 0.0460364 0.0439136
481 0.0403171 0.0382417
482 0.0344386 0.032419
483 0.0284242 0.0264683
484 0.0222977 0.0204131
485 0.0160831 0.0142774
486 0.00980512 0.00808527
487 0.00348841 0.00186129
488 -0.00284208 -0.00437005
489 -0.00916135 -0.0105841
490 -0.0154445 -0.0167565
491 -0.0216666 -0.0228626
492 -0.0278033 -0.0288786
493 -0.0338302 -0.0347806
494 -0.0397236 -0.0405453
495 -0.0454603 -0.04615
496 -0.0510175 -0.0515726
497 -0.0563734 -0.0567916
498 -0.0615068 -0.0617866
499 -0.0663975 -0.0665376
500 -0.0710261 -0.0710261
501 -0.0753744 -0.0752343
502 -0.0794253 -0.0791455
503 -0.0831627 -0.0827444
504 -0.0865719 -0.0860168
505 -0.0896394 -0.0889496
506 -0.0923532 -0.0915315
507 -0.0947025 -0.0937521
508 -0.096678 -0.0956027
509 -0.098272 -0.097076
510 -0.0994782 -0.0981662
511 -0.100292 -0.098869
512 -0.10071 -0.0991815
513 -0.10073 -0.0991027
514 -0.100353 -0.0986327
515 -0.0995793 -0.0977735
516 -0.0984131 -0.0965285
517 -0.0968584 -0.0949024
518 -0.0949215 -0.0929019
519 -0.09261 -0.0905346
520 -0.089933 -0.0878101
521 -0.086901 -0.0847391
522 -0.0835261 -0.0813336
523 -0.0798216 -0.0776071
524 -0.0758021 -0.0735744
525 -0.0714833 -0.0692513
526 -0.0668825 -0.0646548
527 -0.0620177 -0.0598033
528 -0.0569082 -0.0547157
529 -0.0515741 -0.0494121
530 -0.0460364 -0.0439136
531 -0.0403171 -0.0382417
532 -0.0344386 -0.032419
533 -0.0284242 -0.0264683
534 -0.0222977 -0.0204131
535 -0.0160831 -0.0142774
536 -0.00980512 -0.00808527
537 -0.00348841 -0.00186129
538 0.00284208 0.00437005
539 0.00916135 0.0105841
540 0.0154445 0.0167565
541 0.0216666 0.0228626
542 0.0278033 0.0288786
543 0.0338302 0.0347806
544 0.0397236 0.0405453
545 0.0454603 0.04615
546 0.0510175 0.0515726
547 0.0563734 0.0567916
548 0.0615068 0.0617866
549 0.0663975 0.0665376
550 0.0710261 0.0710261
551 0.0753744 0.0752343
552 0.0794253 0.0791455
553 0.0831627 0.0827444
554 0.0865719 0.0860168
555 0.0896394 0.0889496
556 0.0923532 0.0915315
557 0.0947025 0.0937521
558 0.096678 0.0956027
559 0.098272 0.097076
560 0.0994782 0.0981662
561 0.100292 0.098869
562 0.10071 0.0991815
563 0.10073 0.0991027
564 0.100353 0.0986327
565 0.0995793 0.0977735
566 0.0984131 0.0965285
567 0.0968584 0.0949024
568 0.0949215 0.0929019
569 0.09261 0.0905346
570 0.089933 0.0878101
571 0.086901 0.0847391
572 0.0835261 0.0813336
573 0.0798216 0.0776071
574 0.0758021 0.0735744
575 0.0714833 0.0692513
576 0.0668825 0.0646548
577 0.0620177 0.0598033
578 0.0569082 0.0547157
579 0.0515741 0.0494121
580 0.0460364 0.0439136
581 0.0403171 0.0382417
582 0.0344386 0.032419
583 0.0284242 0.0264683
584 0.0222977 0.0204131
585 0.0160831 0.0142774
586 0.00980512 0.00808527
587 0.00348841 0.00186129
588 -0.00284208 -0.00437005
589 -0.00916135 -0.0105841
590 -0.0154445 -0.0167565
591 -0.0216666 -0.0228626
592 -0.0278033 -0.0288786
593 -0.0338302 -0.0347806
594 -0.0397236 -0.0405453
595 -0.0454603 -0.04615
596 -0.0510175 -0.0515726
597 -0.0563734 -0.0567916
598 -0.0615068 -0.0617866
599 -0.0663975 -0.0665376
600 -0.0710261 -0.0710261
601 -0.0753744 -0.0752343
602 -0.0794253 -0.0791455
603 -0.0831627 -0.0827444
604 -0.0865719 -0.0860168
605 -0.0896394 -0.0889496
606 -0.0923532 -0.0915315
607 -0.0947025 -0.0937521
608 -0.096678 -0.0956027
609 -0.098272 -0.097076
610 -0.0994782 -0.0981662
611 -0.100292 -0.098869
612 -0.10071 -0.0991815
613 -0.10073 -0.0991027
614 -0.100353 -0.0986327
615 -0.0995793 -0.0977735
616 -0.0984131 -0.0965285
617 -0.0968584 -0.0949024
618 -0.0949215 -0.0929019
619 -0.09261 -0.0905346
620 -0.089933 -0.0878101
621 -0.086901 -0.0847391
622 -0.0835261 -0.0813336
623 -0.0798216 -0.0776071
624 -0.0758021 -0.0735744
625 -0.0714833 -0.0692513
626 -0.0668825 -0.0646548
627 -0.0620177 -0.0598033
628 -0.0569082 -0.0547157
629 -0.0515741 -0.0494121
630 -0.0460364 -0.0439136
631 -0.0403171 -0.0382417
632 -0.0344386 -0.032419
633 -0.0284242 -0.0264683
634 -0.0222977 -0.0204131
635 -0.0160831 -0.0142774
636 -0.00980512 -0.00808527
637 -0.00348841 -0.00186129
638 0.00284208 0.00437005
639 0.00916135 0.0105841
640 0.0154445 0.0167565
641 0.0216666 0.0228626
642 0.0278033 0.0288786
643 0.0338302 0.0347806
644 0.0397236 0.0405453
645 0.0454603 0.04615
646 0.0510175 0.0515726
647 0.0563734 0.0567916
648 0.0615068 0.0617866
649 0.0663975 0.0665376
650 0.0710261 0.0710261
651 0.0753744 0.0752343
652 0.0794253 0.0791455
653 0.0831627 0.0827444
654 0.0865719 0.0860168
655 0.0896394 0.0889496
656 0.0923532 0.0915315
657 0.0947025 0.0937521
658 0.096678 0.0956027
659 0.098272 0.097076
660 0.0994782 0.0981662
661 0.100292 0.098869
662 0.10071 0.0991815
663 0.10073 0.0991027
664 0.100353 0.0986327
665 0.0995793 0.0977735
666 0.0984131 0.0965285
667 0.0968584 0.0949024
668 0.0949215 0.0929019
669 0.09261 0.0905346
670 0.089933 0.0878101
671 0.086901 0.0847391
672 0.0835261 0.0813336
673 0.0798216 0.0776071
674 0.0758021 0.0735744
675 0.0714833 0.0692513
676 0.0668825 0.0646548
677 0.0620177 0.0598033
678 0.0569082 0.0547157
679 0.0515741 0.0494121
680 0.0460364 0.0439136
681 0.0403171 0.0382417
682 0.0344386 0.032419
683 0.0284242 0.0264683
684 0.0222977 0.0204131
685 0.0160831 0.0142774
686 0.00980512 0.00808527
687 0.00348841 0.00186129
688 -0.00284208 -0.00437005
689 -0.00916135 -0.0105841
690 -0.0154445 -0.0167565
691 -0.0216666 -0.0228626
692 -0.0278033 -0.0288786
693 -0.0338302 -0.0347806
694 -0.0397236 -0.0405453
695 -0.0454603 -0.04615
696 -0.0510175 -0.0515726
697 -0.0563734 -0.0567916
698 -0.0615068 -0.0617866
699 -0.0663975 -0.0665376
700 -0.0710261 -0.0710261
701 -0.0753744 -0.0752343
702 -0.0794253 -0.0791455
703 -0.0831627 -0.0827444
704 -0.0865719 -0.0860168
705 -0.0896394 -0.0889496
706 -0.0923532 -0.0915315
707 -0.0947025 -0.0937521
708 -0.096678 -0.0956027
709 -0.098272 -0.097076
710 -0.0994782 -0.0981662
711 -0.100292 -0.098869
712 -0.10071 -0.0991815
713 -0.10073 -0.0991027
714 -0.100353 -0.0986327
715 -0.0995793 -0.0977735
716 -0.0984131 -0.0965285
717 -0.0968584 -0.0949024
718 -0.0949215 -0.0929019
719 -0.09261 -0.0905346
720 -0.089933 -0.0878101
721 -0.086901 -0.0847391
722 -0.0835261 -0.0813336
723 -0.0798216 -0.0776071
724 -0.0758021 -0.0735744
725 -0.0714833 -0.0692513
726 -0.0668825 -0.0646548
727 -0.0620177 -0.0598033
728 -0.0569082 -0.0547157
729 -0.0515741 -0.0494121
730 -0.0460364 -0.0439136
731 -0.0403171 -0.0382417
732 -0.0344386 -0.032419
733 -0.0284242 -0.0264683
734 -0.0222977 -0.0204131
735 -0.0160831 -0.0142774
736 -0.00980512 -0.00808527
737 -0.00348841 -0.00186129
738 0.00284208 0.00437005
739 0.00916135 0.0105841
740 0.0154445 0.0167565
741 0.0216666 0.0228626
742 0.0278033 0.0288786
743 0.0338302 0.0347806
744 0.0397236 0.0405453
745 0.0454603 0.04615
746 0.0510175 0.0515726
747 0.0563734 0.0567916
748 0.0615068 0.0617866
749 0.0663975 0.0665376
750 0.0710261 0.0710261
751 0.0753744 0.0752343
752 0.0794253 0.0791455
753 0.0831627 0.0827444
754 0.0865719 0.0860168
755 0.0896394 0.0889496
756 0.0923532 0.0915315
757 0.0947025 0.0937521
758 0.096678 0.0956027
759 0.098272 0.097076
760 0.0994782 0.0981662
761 0.100292 0.098869
762 0.10071 0.0991815
763 0.10073 0.0991027
764 0.100353 0.0986327
765 0.0995793 0.0977735
766 0.0984131 0.0965285
767 0.0968584 0.0949024
768 0.0949215 0.0929019
769 0.09261 0.0905346
770 0.089933 0.0878101
771 0.086901 0.0847391
772 0.0835261 0.0813336
773 0.0798216 0.0776071
774 0.0758021 0.0735744
775 0.0714833 0.0692513
776 0.0668825 0.0646548
777 0.0620177 0.0598033
778 0.0569082 0.0547157
779 0.0515741 0.0494121
780 0.0460364 0.0439136
781 0.0403171 0.0382417
782 0.0344386 0.032419
783 0.0284242 0.0264683
784 0.0222977 0.0204131
785 0.0160831 0.0142774
786 0.00980512 0.00808527
787 0.00348841 0.00186129
788 -0.00284208 -0.00437005
789 -0.00916135 -0.0105841
790 -0.0154445 -0.0167565
791 -0.0216666 -0.0228626
792 -0.0278033 -0.0288786
793 -0.0338302 -0.0347806
794 -0.0397236 -0.0405453
795 -0.0454603 -0.04615
796 -0.0510175 -0.0515726
797 -0.0563734 -0.0567916
798 -0.0615068 -0.0617866
799 -0.0663975 -0.0665376
800 -0.0710261 -0.0710261
801 -0.0753744 -0.0752343
802 -0.0794253 -0.0791455
803 -0.0831627 -0.0827444
804 -0.0865719 -0.0860168
805 -0.0896394 -0.0889496
806 -0.0923532 -0.0915315
807 -0.0947025 -0.0937521
808 -0.096678 -0.0956027
809 -0.098272 -0.097076
810 -0.0994782 -0.0981662
811 -0.100292 -0.098869
812 -0.10071 -0.0991815
813 -0.10073 -0.0991027
814 -0.100353 -0.0986327
815 -0.0995793 -0.0977735
816 -0.0984131 -0.0965285
817 -0.0968584 -0.0949024
818 -0.0949215 -0.0929019
819 -0.09261 -0.0905346
820 -0.089933 -0.0878101
821 -0.086901 -0.0847391
822 -0.0835261 -0.0813336
823 -0.0798216 -0.0776071
824 -0.0758021 -0.0735744
825 -0.0714833 -0.0692513
826 -0.0668825 -0.0646548
827 -0.0620177 -0.0598033
828 -0.0569082 -0.0547157
829 -0.0515741 -0.0494121
830 -0.0460364 -0.0439136
831 -0.0403171 -0.0382417
832 -0.0344386 -0.032419
833 -0.0284242 -0.0264683
834 -0.0222977 -0.0204131
835 -0.0160831 -0.0142774
836 -0.00980512 -0.00808527
837 -0.00348841 -0.00186129
838 0.00284208 0.00437005
839 0.00916135 0.0105841
840 0.0154445 0.0167565
841 0.0216666 0.0228626
842 0.0278033 0.0288786
843 0.0338302 0.0347806
844 0.0397236 0.0405453
845 0.0454603 0.04615
846 0.0510175 0.0515726
847 0.0563734 0.0567916
848 0.0615068 0.0617866
849 0.0663975 0.0665376
850 0.0710261 0.0710261
851 0.0753744 0.0752343
852 0.0794253 0.0791455
853 0.0831627 0.0827444
854 0.0865719 0.0860168
855 0.0896394 0.0889496
856 0.0923532 0.0915315
857 0.0947025 0.0937521
858 0.096678 0.0956027
859 0.098272 0.097076
860 0.0994782 0.0981662
861 0.100292 0.098869
862 0.10071 0.0991815
863 0.10073 0.0991027
864 0.100353 0.0986327
865 0.0995793 0.0977735
866 0.0984131 0.0965285
867 0.0968584 0.0949024
868 0.0949215 0.0929019
869 0.09261 0.0905346
870 0.089933 0.0878101
871 0.086901 0.0847391
872 0.0835261 0.0813336
873 0.0798216 0.0776071
874 0.0758021 0.0735744
875 0.0714833 0.0692513
876 0.0668825 0.0646548
877 0.0620177 0.0598033
878 0.0569082 0.0547157
879 0.0515741 0.0494121
880 0.0460364 0.0439136
881 0.0403171 0.0382417
882 0.0344386 0.032419
883 0.0284242 0.0264683
884 0.0222977 0.0204131
885 0.0160831 0.0142774
886 0.00980512 0.00808527
887 0.00348841 0.00186129
888 -0.00284208 -0.00437005
889 -0.00916135 -0.0105841
890 -0.0154445 -0.0167565
891 -0.0216666 -0.0228626
892 -0.0278033 -0.0288786
893 -0.0338302 -0.0347806
894 -0.0397236 -0.0405453
895 -0.0454603 -0.04615
896 -0.0510175 -0.0515726
897 -0.0563734 -0.0567916
898 -0.0615068 -0.0617866
899 -0.0663975 -0.0665376
900 -0.0710261 -0.0710261
901 -0.0753744 -0.0752343
902 -0.0794253 -0.0791455
903 -0.0831627 -0.0827444
904 -0.0865719 -0.0860168
905 -0.0896394 -0.0889496
906 -0.0923532 -0.0915315
907 -0.0947025 -0.0937521
908 -0.096678 -0.0956027
909 -0.098272 -0.097076
910 -0.0994782 -0.0981662
911 -0.100292 -0.098869
912 -0.10071 -0.0991815
913 -0.10073 -0.0991027
914 -0.100353 -0.0986327
915 -0.0995793 -0.0977735
916 -0.0984131 -0.0965285
917 -0.0968584 -0.0949024
918 -0.0949215 -0.0929019
919 -0.09261 -0.0905346
920 -0.089933 -0.0878101
921 -0.086901 -0.0847391
922 -0.0835261 -0.0813336
923 -0.0798216 -0.0776071
924 -0.0758021 -0.0735744
925 -0.0714833 -0.0692513
926 -0.0668825 -0.0646548
927 -0.0620177 -0.0598033
928 -0.0569082 -0.0547157
929 -0.0515741 -0.0494121
930 -0.0460364 -0.0439136
931 -0.0403171 -0.0382417
932 -0.0344386 -0.032419
933 -0.0284242 -0.0264683
934 -0.0222977 -0.0204131
935 -0.0160831 -0.0142774
936 -0.00980512 -0.00808527
937 -0.00348841 -0.00186129
938 0.00284208 0.00437005
939 0.00916135 0.0105841
940 0.0154445 0.0167565
941 0.0216666 0.0228626
942 0.0278033 0.0288786
943 0.0338302 0.0347806
944 0.0397236 0.0405453
945 0.0454603 0.04615
946 0.0510175 0.0515726
947 0.0563734 0.0567916
948 0.0615068 0.0617866
949 0.0663975 0.0665376
950 0.0710261 0.0710261
951 0.0753744 0.0752343
952 0.0794253 0.0791455
953 0.0831627 0.0827444
954 0.0865719 0.0860168
955 0.0896394 0.0889496
956 0.0923532 0.0915315
957 0.0947025 0.0937521
958 0.096678 0.0956027
959 0.098272 0.097076
960 0.0994782 0.0981662
961 0.100292 0.098869
962 0.10071 0.0991815
963 0.10073 0.0991027
964 0.100353 0.0986327
965 0.0995793 0.0977735
966 0.0984131 0.0965285
967 0.0968584 0.0949024
968 0.0949215 0.0929019
969 0.09261 0.0905346
970 0.089933 0.0878101
971 0.086901 0.0847391
972 0.0835261 0.0813336
973 0.0798216 0.0776071
974 0.0758021 0.0735744
975 0.0714833 0.0692513
976 0.0668825 0.0646548
977 0.0620177 0.0598033
978 0.0569082 0.0547157
979 0.0515741 0.0494121
980 0.0460364 0.0439136
981 0.0403171 0.0382417
982 0.0344386 0.032419
983 0.0284242 0.0264683
984 0.0222977 0.0204131
985 0.0160831 0.0142774
986 0.00980512 0.00808527
987 0.00348841 0.00186129
988 -0.00284208 -0.00437005
989 -0.00916135 -0.0105841
990 -0.0154445 -0.0167565
991 -0.0216666 -0.0228626
992 -0.0278033 -0.0288786
993 -0.0338302 -0.0347806
994 -0.0397236 -0.0405453
995 -0.0454603 -0.04615
996 -0.0510175 -0.0515726
997 -0.0563734 -0.0567916
998 -0.0615068 -0.0617866
999 -0.0663975 -0.0665376
