0 -0.0144387 -0.0144387
1 -0.0206376 -0.0206091
2 -0.0267551 -0.0266983
3 -0.0327671 -0.032682
4 -0.0386497 -0.0385368
5 -0.0443797 -0.0442395
6 -0.0499347 -0.0497676
7 -0.0552925 -0.0550993
8 -0.0604322 -0.0602136
9 -0.0653333 -0.0650902
10 -0.0699766 -0.0697099
11 -0.0743438 -0.0740545
12 -0.0784175 -0.0781069
13 -0.0821818 -0.081851
14 -0.0856217 -0.0852721
15 -0.0887237 -0.0883566
16 -0.0914756 -0.0910925
17 -0.0938664 -0.0934688
18 -0.0958868 -0.0954763
19 -0.0975288 -0.0971069
20 -0.0987859 -0.0983543
21 -0.0996531 -0.0992136
22 -0.100127 -0.0996813
23 -0.100206 -0.0997557
24 -0.0998891 -0.0994363
25 -0.0991782 -0.0987245
26 -0.0980759 -0.0976231
27 -0.0965865 -0.0961364
28 -0.094716 -0.0942703
29 -0.0924716 -0.0920321
30 -0.0898623 -0.0894308
31 -0.0868984 -0.0864765
32 -0.0835915 -0.0831809
33 -0.0799547 -0.079557
34 -0.0760023 -0.0756192
35 -0.07175 -0.071383
36 -0.0672146 -0.066865
37 -0.0624139 -0.0620831
38 -0.0573668 -0.0570562
39 -0.0520934 -0.0518042
40 -0.0466144 -0.0463477
41 -0.0409514 -0.0407083
42 -0.0351268 -0.0349082
43 -0.0291636 -0.0289704
44 -0.0230852 -0.0229182
45 -0.0169158 -0.0167756
46 -0.0106796 -0.0105667
47 -0.00440124 -0.00431622
48 0.00189447 0.00195134
49 0.00818271 0.0082112
50 0.0144387 0.0144387
51 0.0206376 0.0206091
52 0.0267551 0.0266983
53 0.0327671 0.032682
54 0.0386497 0.0385368
55 0.0443797 0.0442395
56 0.0499347 0.0497676
57 0.0552925 0.0550993
58 0.0604322 0.0602136
59 0.0653333 0.0650902
60 0.0699766 0.0697099
61 0.0743438 0.0740545
62 0.0784175 0.0781069
63 0.0821818 0.081851
64 0.0856217 0.0852721
65 0.0887237 0.0883566
66 0.0914756 0.0910925
67 0.0938664 0.0934688
68 0.0958868 0.0954763
69 0.0975288 0.0971069
70 0.0987859 0.0983543
71 0.0996531 0.0992136
72 0.100127 0.0996813
73 0.100206 0.0997557
74 0.0998891 0.0994363
75 0.0991782 0.0987245
76 0.0980759 0.0976231
77 0.0965865 0.0961364
78 0.094716 0.0942703
79 0.0924716 0.0920321
80 0.0898623 0.0894308
81 0.0868984 0.0864765
82 0.0835915 0.0831809
83 0.0799547 0.079557
84 0.0760023 0.0756192
85 0.07175 0.071383
86 0.0672146 0.066865
87 0.0624139 0.0620831
88 0.0573668 0.0570562
89 0.0520934 0.0518042
90 0.0466144 0.0463477
91 0.0409514 0.0407083
92 0.0351268 0.0349082
93 0.0291636 0.0289704
94 0.0230852 0.0229182
95 0.0169158 0.0167756
96 0.0106796 0.0105667
97 0.00440124 0.00431622
98 -0.00189447 -0.00195134
99 -0.00818271 -0.0082112
100 -0.0144387 -0.0144387
101 -0.0206376 -0.0206091
102 -0.0267551 -0.0266983
103 -0.0327671 -0.032682
104 -0.0386497 -0.0385368
105 -0.0443797 -0.0442395
106 -0.0499347 -0.0497676
107 -0.0552925 -0.0550993
108 -0.0604322 -0.0602136
109 -0.0653333 -0.0650902
110 -0.0699766 -0.0697099
111 -0.0743438 -0.0740545
112 -0.0784175 -0.0781069
113 -0.0821818 -0.081851
114 -0.0856217 -0.0852721
115 -0.0887237 -0.0883566
116 -0.0914756 -0.0910925
117 -0.0938664 -0.0934688
118 -0.0958868 -0.0954763
119 -0.0975288 -0.0971069
120 -0.0987859 -0.0983543
121 -0.0996531 -0.0992136
122 -0.100127 -0.0996813
123 -0.100206 -0.0997557
124 -0.0998891 -0.0994363
125 -0.0991782 -0.0987245
126 -0.0980759 -0.0976231
127 -0.0965865 -0.0961364
128 -0.094716 -0.0942703
129 -0.0924716 -0.0920321
130 -0.0898623 -0.0894308
131 -0.0868984 -0.0864765
132 -0.0835915 -0.0831809
133 -0.0799547 -0.079557
134 -0.0760023 -0.0756192
135 -0.07175 -0.071383
136 -0.0672146 -0.066865
137 -0.0624139 -0.0620831
138 -0.0573668 -0.0570562
139 -0.0520934 -0.0518042
140 -0.0466144 -0.0463477
141 -0.0409514 -0.0407083
142 -0.0351268 -0.0349082
143 -0.0291636 -0.0289704
144 -0.0230852 -0.0229182
145 -0.0169158 -0.0167756
146 -0.0106796 -0.0105667
147 -0.00440124 -0.00431622
148 0.00189447 0.00195134
149 0.00818271 0.0082112
150 0.0144387 0.0144387
151 0.0206376 0.0206091
152 0.0267551 0.0266983
153 0.0327671 0.032682
154 0.0386497 0.0385368
155 0.0443797 0.0442395
156 0.0499347 0.0497676
157 0.0552925 0.0550993
158 0.0604322 0.0602136
159 0.0653333 0.0650902
160 0.0699766 0.0697099
161 0.0743438 0.0740545
162 0.0784175 0.0781069
163 0.0821818 0.081851
164 0.0856217 0.0852721
165 0.0887237 0.0883566
166 0.0914756 0.0910925
167 0.0938664 0.0934688
168 0.0958868 0.0954763
169 0.0975288 0.0971069
170 0.0987859 0.0983543
171 0.0996531 0.0992136
172 0.100127 0.0996813
173 0.100206 0.0997557
174 0.0998891 0.0994363
175 0.0991782 0.0987245
176 0.0980759 0.0976231
177 0.0965865 0.0961364
178 0.094716 0.0942703
179 0.0924716 0.0920321
180 0.0898623 0.0894308
181 0.0868984 0.0864765
182 0.0835915 0.0831809
183 0.0799547 0.079557
184 0.0760023 0.0756192
185 0.07175 0.071383
186 0.0672146 0.066865
187 0.0624139 0.0620831
188 0.0573668 0.0570562
189 0.0520934 0.0518042
190 0.0466144 0.0463477
191 0.0409514 0.0407083
192 0.0351268 0.0349082
193 0.0291636 0.0289704
194 0.0230852 0.0229182
195 0.0169158 0.0167756
196 0.0106796 0.0105667
197 0.00440124 0.00431622
198 -0.00189447 -0.00195134
199 -0.00818271 -0.0082112
200 -0.0144387 -0.0144387
201 -0.0206376 -0.0206091
202 -0.0267551 -0.0266983
203 -0.0327671 -0.032682
204 -0.0386497 -0.0385368
205 -0.0443797 -0.0442395
206 -0.0499347 -0.0497676
207 -0.0552925 -0.0550993
208 -0.0604322 -0.0602136
209 -0.0653333 -0.0650902
210 -0.0699766 -0.0697099
211 -0.0743438 -0.0740545
212 -0.0784175 -0.0781069
213 -0.0821818 -0.081851
214 -0.0856217 -0.0852721
215 -0.0887237 -0.0883566
216 -0.0914756 -0.0910925
217 -0.0938664 -0.0934688
218 -0.0958868 -0.0954763
219 -0.0975288 -0.0971069
220 -0.0987859 -0.0983543
221 -0.0996531 -0.0992136
222 -0.100127 -0.0996813
223 -0.100206 -0.0997557
224 -0.0998891 -0.0994363
225 -0.0991782 -0.0987245
226 -0.0980759 -0.0976231
227 -0.0965865 -0.0961364
228 -0.094716 -0.0942703
229 -0.0924716 -0.0920321
230 -0.0898623 -0.0894308
231 -0.0868984 -0.0864765
232 -0.0835915 -0.0831809
233 -0.0799547 -0.079557
234 -0.0760023 -0.0756192
235 -0.07175 -0.071383
236 -0.0672146 -0.066865
237 -0.0624139 -0.0620831
238 -0.0573668 -0.0570562
239 -0.0520934 -0.0518042
240 -0.0466144 -0.0463477
241 -0.0409514 -0.0407083
242 -0.0351268 -0.0349082
243 -0.0291636 -0.0289704
244 -0.0230852 -0.0229182
245 -0.0169158 -0.0167756
246 -0.0106796 -0.0105667
247 -0.00440124 -0.00431622
248 0.00189447 0.00195134
249 0.00818271 0.0082112
250 0.0144387 0.0144387
251 0.0206376 0.0206091
252 0.0267551 0.0266983
253 0.0327671 0.032682
254 0.0386497 0.0385368
255 0.0443797 0.0442395
256 0.0499347 0.0497676
257 0.0552925 0.0550993
258 0.0604322 0.0602136
259 0.0653333 0.0650902
260 0.0699766 0.0697099
261 0.0743438 0.0740545
262 0.0784175 0.0781069
263 0.0821818 0.081851
264 0.0856217 0.0852721
265 0.0887237 0.0883566
266 0.0914756 0.0910925
267 0.0938664 0.0934688
268 0.0958868 0.0954763
269 0.0975288 0.0971069
270 0.0987859 0.0983543
271 0.0996531 0.0992136
272 0.100127 0.0996813
273 0.100206 0.0997557
274 0.0998891 0.0994363
275 0.0991782 0.0987245
276 0.0980759 0.0976231
277 0.0965865 0.0961364
278 0.094716 0.0942703
279 0.0924716 0.0920321
280 0.0898623 0.0894308
281 0.0868984 0.0864765
282 0.0835915 0.0831809
283 0.0799547 0.079557
284 0.0760023 0.0756192
285 0.07175 0.071383
286 0.0672146 0.066865
287 0.0624139 0.0620831
288 0.0573668 0.0570562
289 0.0520934 0.0518042
290 0.0466144 0.0463477
291 0.0409514 0.0407083
292 0.0351268 0.0349082
293 0.0291636 0.0289704
294 0.0230852 0.0229182
295 0.0169158 0.0167756
296 0.0106796 0.0105667
297 0.00440124 0.00431622
298 -0.00189447 -0.00195134
299 -0.00818271 -0.0082112
300 -0.0144387 -0.0144387
301 -0.0206376 -0.0206091
302 -0.0267551 -0.0266983
303 -0.0327671 -0.032682
304 -0.0386497 -0.0385368
305 -0.0443797 -0.0442395
306 -0.0499347 -0.0497676
307 -0.0552925 -0.0550993
308 -0.0604322 -0.0602136
309 -0.0653333 -0.0650902
310 -0.0699766 -0.0697099
311 -0.0743438 -0.0740545
312 -0.0784175 -0.0781069
313 -0.0821818 -0.081851
314 -0.0856217 -0.0852721
315 -0.0887237 -0.0883566
316 -0.0914756 -0.0910925
317 -0.0938664 -0.0934688
318 -0.0958868 -0.0954763
319 -0.0975288 -0.0971069
320 -0.0987859 -0.0983543
321 -0.0996531 -0.0992136
322 -0.100127 -0.0996813
323 -0.100206 -0.0997557
324 -0.0998891 -0.0994363
325 -0.0991782 -0.0987245
326 -0.0980759 -0.0976231
327 -0.0965865 -0.0961364
328 -0.094716 -0.0942703
329 -0.0924716 -0.0920321
330 -0.0898623 -0.0894308
331 -0.0868984 -0.0864765
332 -0.0835915 -0.0831809
333 -0.0799547 -0.079557
334 -0.0760023 -0.0756192
335 -0.07175 -0.071383
336 -0.0672146 -0.066865
337 -0.0624139 -0.0620831
338 -0.0573668 -0.0570562
339 -0.0520934 -0.0518042
340 -0.0466144 -0.0463477
341 -0.0409514 -0.0407083
342 -0.0351268 -0.0349082
343 -0.0291636 -0.0289704
344 -0.0230852 -0.0229182
345 -0.0169158 -0.0167756
346 -0.0106796 -0.0105667
347 -0.00440124 -0.00431622
348 0.00189447 0.00195134
349 0.00818271 0.0082112
350 0.0144387 0.0144387
351 0.0206376 0.0206091
352 0.0267551 0.0266983
353 0.0327671 0.032682
354 0.0386497 0.0385368
355 0.0443797 0.0442395
356 0.0499347 0.0497676
357 0.0552925 0.0550993
358 0.0604322 0.0602136
359 0.0653333 0.0650902
360 0.0699766 0.0697099
361 0.0743438 0.0740545
362 0.0784175 0.0781069
363 0.0821818 0.081851
364 0.0856217 0.0852721
365 0.0887237 0.0883566
366 0.0914756 0.0910925
367 0.0938664 0.0934688
368 0.0958868 0.0954763
369 0.0975288 0.0971069
370 0.0987859 0.0983543
371 0.0996531 0.0992136
372 0.100127 0.0996813
373 0.100206 0.0997557
374 0.0998891 0.0994363
375 0.0991782 0.0987245
376 0.0980759 0.0976231
377 0.0965865 0.0961364
378 0.094716 0.0942703
379 0.0924716 0.0920321
380 0.0898623 0.0894308
381 0.0868984 0.0864765
382 0.0835915 0.0831809
383 0.0799547 0.079557
384 0.0760023 0.0756192
385 0.07175 0.071383
386 0.0672146 0.066865
387 0.0624139 0.0620831
388 0.0573668 0.0570562
389 0.0520934 0.0518042
390 0.0466144 0.0463477
391 0.0409514 0.0407083
392 0.0351268 0.0349082
393 0.0291636 0.0289704
394 0.0230852 0.0229182
395 0.0169158 0.0167756
396 0.0106796 0.0105667
397 0.00440124 0.00431622
398 -0.00189447 -0.00195134
399 -0.00818271 -0.0082112
400 -0.0144387 -0.0144387
401 -0.0206376 -0.0206091
402 -0.0267551 -0.0266983
403 -0.0327671 -0.032682
404 -0.0386497 -0.0385368
405 -0.0443797 -0.0442395
406 -0.0499347 -0.0497676
407 -0.0552925 -0.0550993
408 -0.0604322 -0.0602136
409 -0.0653333 -0.0650902
410 -0.0699766 -0.0697099
411 -0.0743438 -0.0740545
412 -0.0784175 -0.0781069
413 -0.0821818 -0.081851
414 -0.0856217 -0.0852721
415 -0.0887237 -0.0883566
416 -0.0914756 -0.0910925
417 -0.0938664 -0.0934688
418 -0.0958868 -0.0954763
419 -0.0975288 -0.0971069
420 -0.0987859 -0.0983543
421 -0.0996531 -0.0992136
422 -0.100127 -0.0996813
423 -0.100206 -0.0997557
424 -0.0998891 -0.0994363
425 -0.0991782 -0.0987245
426 -0.0980759 -0.0976231
427 -0.0965865 -0.0961364
428 -0.094716 -0.0942703
429 -0.0924716 -0.0920321
430 -0.0898623 -0.0894308
431 -0.0868984 -0.0864765
432 -0.0835915 -0.0831809
433 -0.0799547 -0.079557
434 -0.0760023 -0.0756192
435 -0.07175 -0.071383
436 -0.0672146 -0.066865
437 -0.0624139 -0.0620831
438 -0.0573668 -0.0570562
439 -0.0520934 -0.0518042
440 -0.0466144 -0.0463477
441 -0.0409514 -0.0407083
442 -0.0351268 -0.0349082
443 -0.0291636 -0.0289704
444 -0.0230852 -0.0229182
445 -0.0169158 -0.0167756
446 -0.0106796 -0.0105667
447 -0.00440124 -0.00431622
448 0.00189447 0.00195134
449 0.00818271 0.0082112
450 0.0144387 0.0144387
451 0.0206376 0.0206091
452 0.0267551 0.0266983
453 0.0327671 0.032682
454 0.0386497 0.0385368
455 0.0443797 0.0442395
456 0.0499347 0.0497676
457 0.0552925 0.0550993
458 0.0604322 0.0602136
459 0.0653333 0.0650902
460 0.0699766 0.0697099
461 0.0743438 0.0740545
462 0.0784175 0.0781069
463 0.0821818 0.081851
464 0.0856217 0.0852721
465 0.0887237 0.0883566
466 0.0914756 0.0910925
467 0.0938664 0.0934688
468 0.0958868 0.0954763
469 0.0975288 0.0971069
470 0.0987859 0.0983543
471 0.0996531 0.0992136
472 0.100127 0.0996813
473 0.100206 0.0997557
474 0.0998891 0.0994363
475 0.0991782 0.0987245
476 0.0980759 0.0976231
477 0.0965865 0.0961364
478 0.094716 0.0942703
479 0.0924716 0.0920321
480 0.0898623 0.0894308
481 0.0868984 0.0864765
482 0.0835915 0.0831809
483 0.0799547 0.079557
484 0.0760023 0.0756192
485 0.07175 0.071383
486 0.0672146 0.066865
487 0.0624139 0.0620831
488 0.0573668 0.0570562
489 0.0520934 0.0518042
490 0.0466144 0.0463477
491 0.0409514 0.0407083
492 0.0351268 0.0349082
493 0.0291636 0.0289704
494 0.0230852 0.0229182
495 0.0169158 0.0167756
496 0.0106796 0.0105667
497 0.00440124 0.00431622
498 -0.00189447 -0.00195134
499 -0.00818271 -0.0082112
500 -0.0144387 -0.0144387
501 -0.0206376 -0.0206091
502 -0.0267551 -0.0266983
503 -0.0327671 -0.032682
504 -0.0386497 -0.0385368
505 -0.0443797 -0.0442395
506 -0.0499347 -0.0497676
507 -0.0552925 -0.0550993
508 -0.0604322 -0.0602136
509 -0.0653333 -0.0650902
510 -0.0699766 -0.0697099
511 -0.0743438 -0.0740545
512 -0.0784175 -0.0781069
513 -0.0821818 -0.081851
514 -0.0856217 -0.0852721
515 -0.0887237 -0.0883566
516 -0.0914756 -0.0910925
517 -0.0938664 -0.0934688
518 -0.0958868 -0.0954763
519 -0.0975288 -0.0971069
520 -0.0987859 -0.0983543
521 -0.0996531 -0.0992136
522 -0.100127 -0.0996813
523 -0.100206 -0.0997557
524 -0.0998891 -0.0994363
525 -0.0991782 -0.0987245
526 -0.0980759 -0.0976231
527 -0.0965865 -0.0961364
528 -0.094716 -0.0942703
529 -0.0924716 -0.0920321
530 -0.0898623 -0.0894308
531 -0.0868984 -0.0864765
532 -0.0835915 -0.0831809
533 -0.0799547 -0.079557
534 -0.0760023 -0.0756192
535 -0.07175 -0.071383
536 -0.0672146 -0.066865
537 -0.0624139 -0.0620831
538 -0.0573668 -0.0570562
539 -0.0520934 -0.0518042
540 -0.0466144 -0.0463477
541 -0.0409514 -0.0407083
542 -0.0351268 -0.0349082
543 -0.0291636 -0.0289704
544 -0.0230852 -0.0229182
545 -0.0169158 -0.0167756
546 -0.0106796 -0.0105667
547 -0.00440124 -0.00431622
548 0.00189447 0.00195134
549 0.00818271 0.0082112
550 0.0144387 0.0144387
551 0.0206376 0.0206091
552 0.0267551 0.0266983
553 0.0327671 0.032682
554 0.0386497 0.0385368
555 0.0443797 0.0442395
556 0.0499347 0.0497676
557 0.0552925 0.0550993
558 0.0604322 0.0602136
559 0.0653333 0.0650902
560 0.0699766 0.0697099
561 0.0743438 0.0740545
562 0.0784175 0.0781069
563 0.0821818 0.081851
564 0.0856217 0.0852721
565 0.0887237 0.0883566
566 0.0914756 0.0910925
567 0.0938664 0.0934688
568 0.0958868 0.0954763
569 0.0975288 0.0971069
570 0.0987859 0.0983543
571 0.0996531 0.0992136
572 0.100127 0.0996813
573 0.100206 0.0997557
574 0.0998891 0.0994363
575 0.0991782 0.0987245
576 0.0980759 0.0976231
577 0.0965865 0.0961364
578 0.094716 0.0942703
579 0.0924716 0.0920321
580 0.0898623 0.0894308
581 0.0868984 0.0864765
582 0.0835915 0.0831809
583 0.0799547 0.079557
584 0.0760023 0.0756192
585 0.07175 0.071383
586 0.0672146 0.066865
587 0.0624139 0.0620831
588 0.0573668 0.0570562
589 0.0520934 0.0518042
590 0.0466144 0.0463477
591 0.0409514 0.0407083
592 0.0351268 0.0349082
593 0.0291636 0.0289704
594 0.0230852 0.0229182
595 0.0169158 0.0167756
596 0.0106796 0.0105667
597 0.00440124 0.00431622
598 -0.00189447 -0.00195134
599 -0.00818271 -0.0082112
600 -0.0144387 -0.0144387
601 -0.0206376 -0.0206091
602 -0.0267551 -0.0266983
603 -0.0327671 -0.032682
604 -0.0386497 -0.0385368
605 -0.0443797 -0.0442395
606 -0.0499347 -0.0497676
607 -0.0552925 -0.0550993
608 -0.0604322 -0.0602136
609 -0.0653333 -0.0650902
610 -0.0699766 -0.0697099
611 -0.0743438 -0.0740545
612 -0.0784175 -0.0781069
613 -0.0821818 -0.081851
614 -0.0856217 -0.0852721
615 -0.0887237 -0.0883566
616 -0.0914756 -0.0910925
617 -0.0938664 -0.0934688
618 -0.0958868 -0.0954763
619 -0.0975288 -0.0971069
620 -0.0987859 -0.0983543
621 -0.0996531 -0.0992136
622 -0.100127 -0.0996813
623 -0.100206 -0.0997557
624 -0.0998891 -0.0994363
625 -0.0991782 -0.0987245
626 -0.0980759 -0.0976231
627 -0.0965865 -0.0961364
628 -0.094716 -0.0942703
629 -0.0924716 -0.0920321
630 -0.0898623 -0.0894308
631 -0.0868984 -0.0864765
632 -0.0835915 -0.0831809
633 -0.0799547 -0.079557
634 -0.0760023 -0.0756192
635 -0.07175 -0.071383
636 -0.0672146 -0.066865
637 -0.0624139 -0.0620831
638 -0.0573668 -0.0570562
639 -0.0520934 -0.0518042
640 -0.0466144 -0.0463477
641 -0.0409514 -0.0407083
642 -0.0351268 -0.0349082
643 -0.0291636 -0.0289704
644 -0.0230852 -0.0229182
645 -0.0169158 -0.0167756
646 -0.0106796 -0.0105667
647 -0.00440124 -0.00431622
648 0.00189447 0.00195134
649 0.00818271 0.0082112
650 0.0144387 0.0144387
651 0.0206376 0.0206091
652 0.0267551 0.0266983
653 0.0327671 0.032682
654 0.0386497 0.0385368
655 0.0443797 0.0442395
656 0.0499347 0.0497676
657 0.0552925 0.0550993
658 0.0604322 0.0602136
659 0.0653333 0.0650902
660 0.0699766 0.0697099
661 0.0743438 0.0740545
662 0.0784175 0.0781069
663 0.0821818 0.081851
664 0.0856217 0.0852721
665 0.0887237 0.0883566
666 0.0914756 0.0910925
667 0.0938664 0.0934688
668 0.0958868 0.0954763
669 0.0975288 0.0971069
670 0.0987859 0.0983543
671 0.0996531 0.0992136
672 0.100127 0.0996813
673 0.100206 0.0997557
674 0.0998891 0.0994363
675 0.0991782 0.0987245
676 0.0980759 0.0976231
677 0.0965865 0.0961364
678 0.094716 0.0942703
679 0.0924716 0.0920321
680 0.0898623 0.0894308
681 0.0868984 0.0864765
682 0.0835915 0.0831809
683 0.0799547 0.079557
684 0.0760023 0.0756192
685 0.07175 0.071383
686 0.0672146 0.066865
687 0.0624139 0.0620831
688 0.0573668 0.0570562
689 0.0520934 0.0518042
690 0.0466144 0.0463477
691 0.0409514 0.0407083
692 0.0351268 0.0349082
693 0.0291636 0.0289704
694 0.0230852 0.0229182
695 0.0169158 0.0167756
696 0.0106796 0.0105667
697 0.00440124 0.00431622
698 -0.00189447 -0.00195134
699 -0.00818271 -0.0082112
700 -0.0144387 -0.0144387
701 -0.0206376 -0.0206091
702 -0.0267551 -0.0266983
703 -0.0327671 -0.032682
704 -0.0386497 -0.0385368
705 -0.0443797 -0.0442395
706 -0.0499347 -0.0497676
707 -0.0552925 -0.0550993
708 -0.0604322 -0.0602136
709 -0.0653333 -0.0650902
710 -0.0699766 -0.0697099
711 -0.0743438 -0.0740545
712 -0.0784175 -0.0781069
713 -0.0821818 -0.081851
714 -0.0856217 -0.0852721
715 -0.0887237 -0.0883566
716 -0.0914756 -0.0910925
717 -0.0938664 -0.0934688
718 -0.0958868 -0.0954763
719 -0.0975288 -0.0971069
720 -0.0987859 -0.0983543
721 -0.0996531 -0.0992136
722 -0.100127 -0.0996813
723 -0.100206 -0.0997557
724 -0.0998891 -0.0994363
725 -0.0991782 -0.0987245
726 -0.0980759 -0.0976231
727 -0.0965865 -0.0961364
728 -0.094716 -0.0942703
729 -0.0924716 -0.0920321
730 -0.0898623 -0.0894308
731 -0.0868984 -0.0864765
732 -0.0835915 -0.0831809
733 -0.0799547 -0.079557
734 -0.0760023 -0.0756192
735 -0.07175 -0.071383
736 -0.0672146 -0.066865
737 -0.0624139 -0.0620831
738 -0.0573668 -0.0570562
739 -0.0520934 -0.0518042
740 -0.0466144 -0.0463477
741 -0.0409514 -0.0407083
742 -0.0351268 -0.0349082
743 -0.0291636 -0.0289704
744 -0.0230852 -0.0229182
745 -0.0169158 -0.0167756
746 -0.0106796 -0.0105667
747 -0.00440124 -0.00431622
748 0.00189447 0.00195134
749 0.00818271 0.0082112
750 0.0144387 0.0144387
751 0.0206376 0.0206091
752 0.0267551 0.0266983
753 0.0327671 0.032682
754 0.0386497 0.0385368
755 0.0443797 0.0442395
756 0.0499347 0.0497676
757 0.0552925 0.0550993
758 0.0604322 0.0602136
759 0.0653333 0.0650902
760 0.0699766 0.0697099
761 0.0743438 0.0740545
762 0.0784175 0.0781069
763 0.0821818 0.081851
764 0.0856217 0.0852721
765 0.0887237 0.0883566
766 0.0914756 0.0910925
767 0.0938664 0.0934688
768 0.0958868 0.0954763
769 0.0975288 0.0971069
770 0.0987859 0.0983543
771 0.0996531 0.0992136
772 0.100127 0.0996813
773 0.100206 0.0997557
774 0.0998891 0.0994363
775 0.0991782 0.0987245
776 0.0980759 0.0976231
777 0.0965865 0.0961364
778 0.094716 0.0942703
779 0.0924716 0.0920321
780 0.0898623 0.0894308
781 0.0868984 0.0864765
782 0.0835915 0.0831809
783 0.0799547 0.079557
784 0.0760023 0.0756192
785 0.07175 0.071383
786 0.0672146 0.066865
787 0.0624139 0.0620831
788 0.0573668 0.0570562
789 0.0520934 0.0518042
790 0.0466144 0.0463477
791 0.0409514 0.0407083
792 0.0351268 0.0349082
793 0.0291636 0.0289704
794 0.0230852 0.0229182
795 0.0169158 0.0167756
796 0.0106796 0.0105667
797 0.00440124 0.00431622
798 -0.00189447 -0.00195134
799 -0.00818271 -0.0082112
800 -0.0144387 -0.0144387
801 -0.0206376 -0.0206091
802 -0.0267551 -0.0266983
803 -0.0327671 -0.032682
804 -0.0386497 -0.0385368
805 -0.0443797 -0.0442395
806 -0.0499347 -0.0497676
807 -0.0552925 -0.0550993
808 -0.0604322 -0.0602136
809 -0.0653333 -0.0650902
810 -0.0699766 -0.0697099
811 -0.0743438 -0.0740545
812 -0.0784175 -0.0781069
813 -0.0821818 -0.081851
814 -0.0856217 -0.0852721
815 -0.0887237 -0.0883566
816 -0.0914756 -0.0910925
817 -0.0938664 -0.0934688
818 -0.0958868 -0.0954763
819 -0.0975288 -0.0971069
820 -0.0987859 -0.0983543
821 -0.0996531 -0.0992136
822 -0.100127 -0.0996813
823 -0.100206 -0.0997557
824 -0.0998891 -0.0994363
825 -0.0991782 -0.0987245
826 -0.0980759 -0.0976231
827 -0.0965865 -0.0961364
828 -0.094716 -0.0942703
829 -0.0924716 -0.0920321
830 -0.0898623 -0.0894308
831 -0.0868984 -0.0864765
832 -0.0835915 -0.0831809
833 -0.0799547 -0.079557
834 -0.0760023 -0.0756192
835 -0.07175 -0.071383
836 -0.0672146 -0.066865
837 -0.0624139 -0.0620831
838 -0.0573668 -0.0570562
839 -0.0520934 -0.0518042
840 -0.0466144 -0.0463477
841 -0.0409514 -0.0407083
842 -0.0351268 -0.0349082
843 -0.0291636 -0.0289704
844 -0.0230852 -0.0229182
845 -0.0169158 -0.0167756
846 -0.0106796 -0.0105667
847 -0.00440124 -0.00431622
848 0.00189447 0.00195134
849 0.00818271 0.0082112
850 0.0144387 0.0144387
851 0.0206376 0.0206091
852 0.0267551 0.0266983
853 0.0327671 0.032682
854 0.0386497 0.0385368
855 0.0443797 0.0442395
856 0.0499347 0.0497676
857 0.0552925 0.0550993
858 0.0604322 0.0602136
859 0.0653333 0.0650902
860 0.0699766 0.0697099
861 0.0743438 0.0740545
862 0.0784175 0.0781069
863 0.0821818 0.081851
864 0.0856217 0.0852721
865 0.0887237 0.0883566
866 0.0914756 0.0910925
867 0.0938664 0.0934688
868 0.0958868 0.0954763
869 0.0975288 0.0971069
870 0.0987859 0.0983543
871 0.0996531 0.0992136
872 0.100127 0.0996813
873 0.100206 0.0997557
874 0.0998891 0.0994363
875 0.0991782 0.0987245
876 0.0980759 0.0976231
877 0.0965865 0.0961364
878 0.094716 0.0942703
879 0.0924716 0.0920321
880 0.0898623 0.0894308
881 0.0868984 0.0864765
882 0.0835915 0.0831809
883 0.0799547 0.079557
884 0.0760023 0.0756192
885 0.07175 0.071383
886 0.0672146 0.066865
887 0.0624139 0.0620831
888 0.0573668 0.0570562
889 0.0520934 0.0518042
890 0.0466144 0.0463477
891 0.0409514 0.0407083
892 0.0351268 0.0349082
893 0.0291636 0.0289704
894 0.0230852 0.0229182
895 0.0169158 0.0167756
896 0.0106796 0.0105667
897 0.00440124 0.00431622
898 -0.00189447 -0.00195134
899 -0.00818271 -0.0082112
900 -0.0144387 -0.0144387
901 -0.0206376 -0.0206091
902 -0.0267551 -0.0266983
903 -0.0327671 -0.032682
904 -0.0386497 -0.0385368
905 -0.0443797 -0.0442395
906 -0.0499347 -0.0497676
907 -0.0552925 -0.0550993
908 -0.0604322 -0.0602136
909 -0.0653333 -0.0650902
910 -0.0699766 -0.0697099
911 -0.0743438 -0.0740545
912 -0.0784175 -0.0781069
913 -0.0821818 -0.081851
914 -0.0856217 -0.0852721
915 -0.0887237 -0.0883566
916 -0.0914756 -0.0910925
917 -0.0938664 -0.0934688
918 -0.0958868 -0.0954763
919 -0.0975288 -0.0971069
920 -0.0987859 -0.0983543
921 -0.0996531 -0.0992136
922 -0.100127 -0.0996813
923 -0.100206 -0.0997557
924 -0.0998891 -0.0994363
925 -0.0991782 -0.0987245
926 -0.0980759 -0.0976231
927 -0.0965865 -0.0961364
928 -0.094716 -0.0942703
929 -0.0924716 -0.0920321
930 -0.0898623 -0.0894308
931 -0.0868984 -0.0864765
932 -0.0835915 -0.0831809
933 -0.0799547 -0.079557
934 -0.0760023 -0.0756192
935 -0.07175 -0.071383
936 -0.0672146 -0.066865
937 -0.0624139 -0.0620831
938 -0.0573668 -0.0570562
939 -0.0520934 -0.0518042
940 -0.0466144 -0.0463477
941 -0.0409514 -0.0407083
942 -0.0351268 -0.0349082
943 -0.0291636 -0.0289704
944 -0.0230852 -0.0229182
945 -0.0169158 -0.0167756
946 -0.0106796 -0.0105667
947 -0.00440124 -0.00431622
948 0.00189447 0.00195134
949 0.00818271 0.0082112
950 0.0144387 0.0144387
951 0.0206376 0.0206091
952 0.0267551 0.0266983
953 0.0327671 0.032682
954 0.0386497 0.0385368
955 0.0443797 0.0442395
956 0.0499347 0.0497676
957 0.0552925 0.0550993
958 0.0604322 0.0602136
959 0.0653333 0.0650902
960 0.0699766 0.0697099
961 0.0743438 0.0740545
962 0.0784175 0.0781069
963 0.0821818 0.081851
964 0.0856217 0.0852721
965 0.0887237 0.0883566
966 0.0914756 0.0910925
967 0.0938664 0.0934688
968 0.0958868 0.0954763
969 0.0975288 0.0971069
970 0.0987859 0.0983543
971 0.0996531 0.0992136
972 0.100127 0.0996813
973 0.100206 0.0997557
974 0.0998891 0.0994363
975 0.0991782 0.0987245
976 0.0980759 0.0976231
977 0.0965865 0.0961364
978 0.094716 0.0942703
979 0.0924716 0.0920321
980 0.0898623 0.0894308
981 0.0868984 0.0864765
982 0.0835915 0.0831809
983 0.0799547 0.079557
984 0.0760023 0.0756192
985 0.07175 0.071383
986 0.0672146 0.066865
987 0.0624139 0.0620831
988 0.0573668 0.0570562
989 0.0520934 0.0518042
990 0.0466144 0.0463477
991 0.0409514 0.0407083
992 0.0351268 0.0349082
993 0.0291636 0.0289704
994 0.0230852 0.0229182
995 0.0169158 0.0167756
996 0.0106796 0.0105667
997 0.00440124 0.00431622
998 -0.00189447 -0.00195134
999 -0.00818271 -0.0082112
