0 0.0588432 0.0588432
1 0.063861 0.0637449
2 0.0686269 0.0683951
3 0.0731219 0.0727753
4 0.0773283 0.0768684
5 0.0812295 0.080658
6 0.0848101 0.0841294
7 0.0880561 0.0872687
8 0.0909545 0.0900636
9 0.093494 0.0925031
10 0.0956645 0.0945775
11 0.0974574 0.0962787
12 0.0988658 0.0975999
13 0.0998839 0.0985359
14 0.100508 0.099083
15 0.100735 0.0992391
16 0.100565 0.0990036
17 0.0999978 0.0983773
18 0.099036 0.0973627
19 0.0976833 0.095964
20 0.0959452 0.0941865
21 0.0938284 0.0920373
22 0.0913413 0.0895248
23 0.0884937 0.0866591
24 0.0852969 0.0834513
25 0.0817634 0.0799142
26 0.0779073 0.0760617
27 0.0737437 0.0719091
28 0.0692891 0.0674726
29 0.064561 0.0627698
30 0.0595781 0.0578194
31 0.0543601 0.0526407
32 0.0489276 0.0472543
33 0.0433019 0.0416814
34 0.0375054 0.035944
35 0.0315608 0.0300648
36 0.0254917 0.0240669
37 0.019322 0.017974
38 0.0130761 0.0118102
39 0.00677851 0.00559978
40 0.000454197 -0.000632748
41 -0.00587191 -0.00686277
42 -0.0121748 -0.0130657
43 -0.0184297 -0.0192171
44 -0.0246119 -0.0252926
45 -0.0306969 -0.0312684
46 -0.0366608 -0.0371207
47 -0.04248 -0.0428265
48 -0.0481315 -0.0483633
49 -0.0535931 -0.0537092
50 -0.0588432 -0.0588432
51 -0.063861 -0.0637449
52 -0.0686269 -0.0683951
53 -0.0731219 -0.0727753
54 -0.0773283 -0.0768684
55 -0.0812295 -0.080658
56 -0.0848101 -0.0841294
57 -0.0880561 -0.0872687
58 -0.0909545 -0.0900636
59 -0.093494 -0.0925031
60 -0.0956645 -0.0945775
61 -0.0974574 -0.0962787
62 -0.0988658 -0.0975999
63 -0.0998839 -0.0985359
64 -0.100508 -0.099083
65 -0.100735 -0.0992391
66 -0.100565 -0.0990036
67 -0.0999978 -0.0983773
68 -0.099036 -0.0973627
69 -0.0976833 -0.095964
70 -0.0959452 -0.0941865
71 -0.0938284 -0.0920373
72 -0.0913413 -0.0895248
73 -0.0884937 -0.0866591
74 -0.0852969 -0.0834513
75 -0.0817634 -0.0799142
76 -0.0779073 -0.0760617
77 -0.0737437 -0.0719091
78 -0.0692891 -0.0674726
79 -0.064561 -0.0627698
80 -0.0595781 -0.0578194
81 -0.0543601 -0.0526407
82 -0.0489276 -0.0472543
83 -0.0433019 -0.0416814
84 -0.0375054 -0.035944
85 -0.0315608 -0.0300648
86 -0.0254917 -0.0240669
87 -0.019322 -0.017974
88 -0.0130761 -0.0118102
89 -0.00677851 -0.00559978
90 -0.000454197 0.000632748
91 0.00587191 0.00686277
92 0.0121748 0.0130657
93 0.0184297 0.0192171
94 0.0246119 0.0252926
95 0.0306969 0.0312684
96 0.0366608 0.0371207
97 0.04248 0.0428265
98 0.0481315 0.0483633
99 0.0535931 0.0537092
100 0.0588432 0.0588432
101 0.063861 0.0637449
102 0.0686269 0.0683951
103 0.0731219 0.0727753
104 0.0773283 0.0768684
105 0.0812295 0.080658
106 0.0848101 0.0841294
107 0.0880561 0.0872687
108 0.0909545 0.0900636
109 0.093494 0.0925031
110 0.0956645 0.0945775
111 0.0974574 0.0962787
112 0.0988658 0.0975999
113 0.0998839 0.0985359
114 0.100508 0.099083
115 0.100735 0.0992391
116 0.100565 0.0990036
117 0.0999978 0.0983773
118 0.099036 0.0973627
119 0.0976833 0.095964
120 0.0959452 0.0941865
121 0.0938284 0.0920373
122 0.0913413 0.0895248
123 0.0884937 0.0866591
124 0.0852969 0.0834513
125 0.0817634 0.0799142
126 0.0779073 0.0760617
127 0.0737437 0.0719091
128 0.0692891 0.0674726
129 0.064561 0.0627698
130 0.0595781 0.0578194
131 0.0543601 0.0526407
132 0.0489276 0.0472543
133 0.0433019 0.0416814
134 0.0375054 0.035944
135 0.0315608 0.0300648
136 0.0254917 0.0240669
137 0.019322 0.017974
138 0.0130761 0.0118102
139 0.00677851 0.00559978
140 0.000454197 -0.000632748
141 -0.00587191 -0.00686277
142 -0.0121748 -0.0130657
143 -0.0184297 -0.0192171
144 -0.0246119 -0.0252926
145 -0.0306969 -0.0312684
146 -0.0366608 -0.0371207
147 -0.04248 -0.0428265
148 -0.0481315 -0.0483633
149 -0.0535931 -0.0537092
150 -0.0588432 -0.0588432
151 -0.063861 -0.0637449
152 -0.0686269 -0.0683951
153 -0.0731219 -0.0727753
154 -0.0773283 -0.0768684
155 -0.0812295 -0.080658
156 -0.0848101 -0.0841294
157 -0.0880561 -0.0872687
158 -0.0909545 -0.0900636
159 -0.093494 -0.0925031
160 -0.0956645 -0.0945775
161 -0.0974574 -0.0962787
162 -0.0988658 -0.0975999
163 -0.0998839 -0.0985359
164 -0.100508 -0.099083
165 -0.100735 -0.0992391
166 -0.100565 -0.0990036
167 -0.0999978 -0.0983773
168 -0.099036 -0.0973627
169 -0.0976833 -0.095964
170 -0.0959452 -0.0941865
171 -0.0938284 -0.0920373
172 -0.0913413 -0.0895248
173 -0.0884937 -0.0866591
174 -0.0852969 -0.0834513
175 -0.0817634 -0.0799142
176 -0.0779073 -0.0760617
177 -0.0737437 -0.0719091
178 -0.0692891 -0.0674726
179 -0.064561 -0.0627698
180 -0.0595781 -0.0578194
181 -0.0543601 -0.0526407
182 -0.0489276 -0.0472543
183 -0.0433019 -0.0416814
184 -0.0375054 -0.035944
185 -0.0315608 -0.0300648
186 -0.0254917 -0.0240669
187 -0.019322 -0.017974
188 -0.0130761 -0.0118102
189 -0.00677851 -0.00559978
190 -0.000454197 0.000632748
191 0.00587191 0.00686277
192 0.0121748 0.0130657
193 0.0184297 0.0192171
194 0.0246119 0.0252926
195 0.0306969 0.0312684
196 0.0366608 0.0371207
197 0.04248 0.0428265
198 0.0481315 0.0483633
199 0.0535931 0.0537092
200 0.0588432 0.0588432
201 0.063861 0.0637449
202 0.0686269 0.0683951
203 0.0731219 0.0727753
204 0.0773283 0.0768684
205 0.0812295 0.080658
206 0.0848101 0.0841294
207 0.0880561 0.0872687
208 0.0909545 0.0900636
209 0.093494 0.0925031
210 0.0956645 0.0945775
211 0.0974574 0.0962787
212 0.0988658 0.0975999
213 0.0998839 0.0985359
214 0.100508 0.099083
215 0.100735 0.0992391
216 0.100565 0.0990036
217 0.0999978 0.0983773
218 0.099036 0.0973627
219 0.0976833 0.095964
220 0.0959452 0.0941865
221 0.0938284 0.0920373
222 0.0913413 0.0895248
223 0.0884937 0.0866591
224 0.0852969 0.0834513
225 0.0817634 0.0799142
226 0.0779073 0.0760617
227 0.0737437 0.0719091
228 0.0692891 0.0674726
229 0.064561 0.0627698
230 0.0595781 0.0578194
231 0.0543601 0.0526407
232 0.0489276 0.0472543
233 0.0433019 0.0416814
234 0.0375054 0.035944
235 0.0315608 0.0300648
236 0.0254917 0.0240669
237 0.019322 0.017974
238 0.0130761 0.0118102
239 0.00677851 0.00559978
240 0.000454197 -0.000632748
241 -0.00587191 -0.00686277
242 -0.0121748 -0.0130657
243 -0.0184297 -0.0192171
244 -0.0246119 -0.0252926
245 -0.0306969 -0.0312684
246 -0.0366608 -0.0371207
247 -0.04248 -0.0428265
248 -0.0481315 -0.0483633
249 -0.0535931 -0.0537092
250 -0.0588432 -0.0588432
251 -0.063861 -0.0637449
252 -0.0686269 -0.0683951
253 -0.0731219 -0.0727753
254 -0.0773283 -0.0768684
255 -0.0812295 -0.080658
256 -0.0848101 -0.0841294
257 -0.0880561 -0.0872687
258 -0.0909545 -0.0900636
259 -0.093494 -0.0925031
260 -0.0956645 -0.0945775
261 -0.0974574 -0.0962787
262 -0.0988658 -0.0975999
263 -0.0998839 -0.0985359
264 -0.100508 -0.099083
265 -0.100735 -0.0992391
266 -0.100565 -0.0990036
267 -0.0999978 -0.0983773
268 -0.099036 -0.0973627
269 -0.0976833 -0.095964
270 -0.0959452 -0.0941865
271 -0.0938284 -0.0920373
272 -0.0913413 -0.0895248
273 -0.0884937 -0.0866591
274 -0.0852969 -0.0834513
275 -0.0817634 -0.0799142
276 -0.0779073 -0.0760617
277 -0.0737437 -0.0719091
278 -0.0692891 -0.0674726
279 -0.064561 -0.0627698
280 -0.0595781 -0.0578194
281 -0.0543601 -0.0526407
282 -0.0489276 -0.0472543
283 -0.0433019 -0.0416814
284 -0.0375054 -0.035944
285 -0.0315608 -0.0300648
286 -0.0254917 -0.0240669
287 -0.019322 -0.017974
288 -0.0130761 -0.0118102
289 -0.00677851 -0.00559978
290 -0.000454197 0.000632748
291 0.00587191 0.00686277
292 0.0121748 0.0130657
293 0.0184297 0.0192171
294 0.0246119 0.0252926
295 0.0306969 0.0312684
296 0.0366608 0.0371207
297 0.04248 0.0428265
298 0.0481315 0.0483633
299 0.0535931 0.0537092
300 0.0588432 0.0588432
301 0.063861 0.0637449
302 0.0686269 0.0683951
303 0.0731219 0.0727753
304 0.0773283 0.0768684
305 0.0812295 0.080658
306 0.0848101 0.0841294
307 0.0880561 0.0872687
308 0.0909545 0.0900636
309 0.093494 0.0925031
310 0.0956645 0.0945775
311 0.0974574 0.0962787
312 0.0988658 0.0975999
313 0.0998839 0.0985359
314 0.100508 0.099083
315 0.100735 0.0992391
316 0.100565 0.0990036
317 0.0999978 0.0983773
318 0.099036 0.0973627
319 0.0976833 0.095964
320 0.0959452 0.0941865
321 0.0938284 0.0920373
322 0.0913413 0.0895248
323 0.0884937 0.0866591
324 0.0852969 0.0834513
325 0.0817634 0.0799142
326 0.0779073 0.0760617
327 0.0737437 0.0719091
328 0.0692891 0.0674726
329 0.064561 0.0627698
330 0.0595781 0.0578194
331 0.0543601 0.0526407
332 0.0489276 0.0472543
333 0.0433019 0.0416814
334 0.0375054 0.035944
335 0.0315608 0.0300648
336 0.0254917 0.0240669
337 0.019322 0.017974
338 0.0130761 0.0118102
339 0.00677851 0.00559978
340 0.000454197 -0.000632748
341 -0.00587191 -0.00686277
342 -0.0121748 -0.0130657
343 -0.0184297 -0.0192171
344 -0.0246119 -0.0252926
345 -0.0306969 -0.0312684
346 -0.0366608 -0.0371207
347 -0.04248 -0.0428265
348 -0.0481315 -0.0483633
349 -0.0535931 -0.0537092
350 -0.0588432 -0.0588432
351 -0.063861 -0.0637449
352 -0.0686269 -0.0683951
353 -0.0731219 -0.0727753
354 -0.0773283 -0.0768684
355 -0.0812295 -0.080658
356 -0.0848101 -0.0841294
357 -0.0880561 -0.0872687
358 -0.0909545 -0.0900636
359 -0.093494 -0.0925031
360 -0.0956645 -0.0945775
361 -0.0974574 -0.0962787
362 -0.0988658 -0.0975999
363 -0.0998839 -0.0985359
364 -0.100508 -0.099083
365 -0.100735 -0.0992391
366 -0.100565 -0.0990036
367 -0.0999978 -0.0983773
368 -0.099036 -0.0973627
369 -0.0976833 -0.095964
370 -0.0959452 -0.0941865
371 -0.0938284 -0.0920373
372 -0.0913413 -0.0895248
373 -0.0884937 -0.0866591
374 -0.0852969 -0.0834513
375 -0.0817634 -0.0799142
376 -0.0779073 -0.0760617
377 -0.0737437 -0.0719091
378 -0.0692891 -0.0674726
379 -0.064561 -0.0627698
380 -0.0595781 -0.0578194
381 -0.0543601 -0.0526407
382 -0.0489276 -0.0472543
383 -0.0433019 -0.0416814
384 -0.0375054 -0.035944
385 -0.0315608 -0.0300648
386 -0.0254917 -0.0240669
387 -0.019322 -0.017974
388 -0.0130761 -0.0118102
389 -0.00677851 -0.00559978
390 -0.000454197 0.000632748
391 0.00587191 0.00686277
392 0.0121748 0.0130657
393 0.0184297 0.0192171
394 0.0246119 0.0252926
395 0.0306969 0.0312684
396 0.0366608 0.0371207
397 0.04248 0.0428265
398 0.0481315 0.0483633
399 0.0535931 0.0537092
400 0.0588432 0.0588432
401 0.063861 0.0637449
402 0.0686269 0.0683951
403 0.0731219 0.0727753
404 0.0773283 0.0768684
405 0.0812295 0.080658
406 0.0848101 0.0841294
407 0.0880561 0.0872687
408 0.0909545 0.0900636
409 0.093494 0.0925031
410 0.0956645 0.0945775
411 0.0974574 0.0962787
412 0.0988658 0.0975999
413 0.0998839 0.0985359
414 0.100508 0.099083
415 0.100735 0.0992391
416 0.100565 0.0990036
417 0.0999978 0.0983773
418 0.099036 0.0973627
419 0.0976833 0.095964
420 0.0959452 0.0941865
421 0.0938284 0.0920373
422 0.0913413 0.0895248
423 0.0884937 0.0866591
424 0.0852969 0.0834513
425 0.0817634 0.0799142
426 0.0779073 0.0760617
427 0.0737437 0.0719091
428 0.0692891 0.0674726
429 0.064561 0.0627698
430 0.0595781 0.0578194
431 0.0543601 0.0526407
432 0.0489276 0.0472543
433 0.0433019 0.0416814
434 0.0375054 0.035944
435 0.0315608 0.0300648
436 0.0254917 0.0240669
437 0.019322 0.017974
438 0.0130761 0.0118102
439 0.00677851 0.00559978
440 0.000454197 -0.000632748
441 -0.00587191 -0.00686277
442 -0.0121748 -0.0130657
443 -0.0184297 -0.0192171
444 -0.0246119 -0.0252926
445 -0.0306969 -0.0312684
446 -0.0366608 -0.0371207
447 -0.04248 -0.0428265
448 -0.0481315 -0.0483633
449 -0.0535931 -0.0537092
450 -0.0588432 -0.0588432
451 -0.063861 -0.0637449
452 -0.0686269 -0.0683951
453 -0.0731219 -0.0727753
454 -0.0773283 -0.0768684
455 -0.0812295 -0.080658
456 -0.0848101 -0.0841294
457 -0.0880561 -0.0872687
458 -0.0909545 -0.0900636
459 -0.093494 -0.0925031
460 -0.0956645 -0.0945775
461 -0.0974574 -0.0962787
462 -0.0988658 -0.0975999
463 -0.0998839 -0.0985359
464 -0.100508 -0.099083
465 -0.100735 -0.0992391
466 -0.100565 -0.0990036
467 -0.0999978 -0.0983773
468 -0.099036 -0.0973627
469 -0.0976833 -0.095964
470 -0.0959452 -0.0941865
471 -0.0938284 -0.0920373
472 -0.0913413 -0.0895248
473 -0.0884937 -0.0866591
474 -0.0852969 -0.0834513
475 -0.0817634 -0.0799142
476 -0.0779073 -0.0760617
477 -0.0737437 -0.0719091
478 -0.0692891 -0.0674726
479 -0.064561 -0.0627698
480 -0.0595781 -0.0578194
481 -0.0543601 -0.0526407
482 -0.0489276 -0.0472543
483 -0.0433019 -0.0416814
484 -0.0375054 -0.035944
485 -0.0315608 -0.0300648
486 -0.0254917 -0.0240669
487 -0.019322 -0.017974
488 -0.0130761 -0.0118102
489 -0.00677851 -0.00559978
490 -0.000454197 0.000632748
491 0.00587191 0.00686277
492 0.0121748 0.0130657
493 0.0184297 0.0192171
494 0.0246119 0.0252926
495 0.0306969 0.0312684
496 0.0366608 0.0371207
497 0.04248 0.0428265
498 0.0481315 0.0483633
499 0.0535931 0.0537092
500 0.0588432 0.0588432
501 0.063861 0.0637449
502 0.0686269 0.0683951
503 0.0731219 0.0727753
504 0.0773283 0.0768684
505 0.0812295 0.080658
506 0.0848101 0.0841294
507 0.0880561 0.0872687
508 0.0909545 0.0900636
509 0.093494 0.0925031
510 0.0956645 0.0945775
511 0.0974574 0.0962787
512 0.0988658 0.0975999
513 0.0998839 0.0985359
514 0.100508 0.099083
515 0.100735 0.0992391
516 0.100565 0.0990036
517 0.0999978 0.0983773
518 0.099036 0.0973627
519 0.0976833 0.095964
520 0.0959452 0.0941865
521 0.0938284 0.0920373
522 0.0913413 0.0895248
523 0.0884937 0.0866591
524 0.0852969 0.0834513
525 0.0817634 0.0799142
526 0.0779073 0.0760617
527 0.0737437 0.0719091
528 0.0692891 0.0674726
529 0.064561 0.0627698
530 0.0595781 0.0578194
531 0.0543601 0.0526407
532 0.0489276 0.0472543
533 0.0433019 0.0416814
534 0.0375054 0.035944
535 0.0315608 0.0300648
536 0.0254917 0.0240669
537 0.019322 0.017974
538 0.0130761 0.0118102
539 0.00677851 0.00559978
540 0.000454197 -0.000632748
541 -0.00587191 -0.00686277
542 -0.0121748 -0.0130657
543 -0.0184297 -0.0192171
544 -0.0246119 -0.0252926
545 -0.0306969 -0.0312684
546 -0.0366608 -0.0371207
547 -0.04248 -0.0428265
548 -0.0481315 -0.0483633
549 -0.0535931 -0.0537092
550 -0.0588432 -0.0588432
551 -0.063861 -0.0637449
552 -0.0686269 -0.0683951
553 -0.0731219 -0.0727753
554 -0.0773283 -0.0768684
555 -0.0812295 -0.080658
556 -0.0848101 -0.0841294
557 -0.0880561 -0.0872687
558 -0.0909545 -0.0900636
559 -0.093494 -0.0925031
560 -0.0956645 -0.0945775
561 -0.0974574 -0.0962787
562 -0.0988658 -0.0975999
563 -0.0998839 -0.0985359
564 -0.100508 -0.099083
565 -0.100735 -0.0992391
566 -0.100565 -0.0990036
567 -0.0999978 -0.0983773
568 -0.099036 -0.0973627
569 -0.0976833 -0.095964
570 -0.0959452 -0.0941865
571 -0.0938284 -0.0920373
572 -0.0913413 -0.0895248
573 -0.0884937 -0.0866591
574 -0.0852969 -0.0834513
575 -0.0817634 -0.0799142
576 -0.0779073 -0.0760617
577 -0.0737437 -0.0719091
578 -0.0692891 -0.0674726
579 -0.064561 -0.0627698
580 -0.0595781 -0.0578194
581 -0.0543601 -0.0526407
582 -0.0489276 -0.0472543
583 -0.0433019 -0.0416814
584 -0.0375054 -0.035944
585 -0.0315608 -0.0300648
586 -0.0254917 -0.0240669
587 -0.019322 -0.017974
588 -0.0130761 -0.0118102
589 -0.00677851 -0.00559978
590 -0.000454197 0.000632748
591 0.00587191 0.00686277
592 0.0121748 0.0130657
593 0.0184297 0.0192171
594 0.0246119 0.0252926
595 0.0306969 0.0312684
596 0.0366608 0.0371207
597 0.04248 0.0428265
598 0.0481315 0.0483633
599 0.0535931 0.0537092
600 0.0588432 0.0588432
601 0.063861 0.0637449
602 0.0686269 0.0683951
603 0.0731219 0.0727753
604 0.0773283 0.0768684
605 0.0812295 0.080658
606 0.0848101 0.0841294
607 0.0880561 0.0872687
608 0.0909545 0.0900636
609 0.093494 0.0925031
610 0.0956645 0.0945775
611 0.0974574 0.0962787
612 0.0988658 0.0975999
613 0.0998839 0.0985359
614 0.100508 0.099083
615 0.100735 0.0992391
616 0.100565 0.0990036
617 0.0999978 0.0983773
618 0.099036 0.0973627
619 0.0976833 0.095964
620 0.0959452 0.0941865
621 0.0938284 0.0920373
622 0.0913413 0.0895248
623 0.0884937 0.0866591
624 0.0852969 0.0834513
625 0.0817634 0.0799142
626 0.0779073 0.0760617
627 0.0737437 0.0719091
628 0.0692891 0.0674726
629 0.064561 0.0627698
630 0.0595781 0.0578194
631 0.0543601 0.0526407
632 0.0489276 0.0472543
633 0.0433019 0.0416814
634 0.0375054 0.035944
635 0.0315608 0.0300648
636 0.0254917 0.0240669
637 0.019322 0.017974
638 0.0130761 0.0118102
639 0.00677851 0.00559978
640 0.000454197 -0.000632748
641 -0.00587191 -0.00686277
642 -0.0121748 -0.0130657
643 -0.0184297 -0.0192171
644 -0.0246119 -0.0252926
645 -0.0306969 -0.0312684
646 -0.0366608 -0.0371207
647 -0.04248 -0.0428265
648 -0.0481315 -0.0483633
649 -0.0535931 -0.0537092
650 -0.0588432 -0.0588432
651 -0.063861 -0.0637449
652 -0.0686269 -0.0683951
653 -0.0731219 -0.0727753
654 -0.0773283 -0.0768684
655 -0.0812295 -0.080658
656 -0.0848101 -0.0841294
657 -0.0880561 -0.0872687
658 -0.0909545 -0.0900636
659 -0.093494 -0.0925031
660 -0.0956645 -0.0945775
661 -0.0974574 -0.0962787
662 -0.0988658 -0.0975999
663 -0.0998839 -0.0985359
664 -0.100508 -0.099083
665 -0.100735 -0.0992391
666 -0.100565 -0.0990036
667 -0.0999978 -0.0983773
668 -0.099036 -0.0973627
669 -0.0976833 -0.095964
670 -0.0959452 -0.0941865
671 -0.0938284 -0.0920373
672 -0.0913413 -0.0895248
673 -0.0884937 -0.0866591
674 -0.0852969 -0.0834513
675 -0.0817634 -0.0799142
676 -0.0779073 -0.0760617
677 -0.0737437 -0.0719091
678 -0.0692891 -0.0674726
679 -0.064561 -0.0627698
680 -0.0595781 -0.0578194
681 -0.0543601 -0.0526407
682 -0.0489276 -0.0472543
683 -0.0433019 -0.0416814
684 -0.0375054 -0.035944
685 -0.0315608 -0.0300648
686 -0.0254917 -0.0240669
687 -0.019322 -0.017974
688 -0.0130761 -0.0118102
689 -0.00677851 -0.00559978
690 -0.000454197 0.000632748
691 0.00587191 0.00686277
692 0.0121748 0.0130657
693 0.0184297 0.0192171
694 0.0246119 0.0252926
695 0.0306969 0.0312684
696 0.0366608 0.0371207
697 0.04248 0.0428265
698 0.0481315 0.0483633
699 0.0535931 0.0537092
700 0.0588432 0.0588432
701 0.063861 0.0637449
702 0.0686269 0.0683951
703 0.0731219 0.0727753
704 0.0773283 0.0768684
705 0.0812295 0.080658
706 0.0848101 0.0841294
707 0.0880561 0.0872687
708 0.0909545 0.0900636
709 0.093494 0.0925031
710 0.0956645 0.0945775
711 0.0974574 0.0962787
712 0.0988658 0.0975999
713 0.0998839 0.0985359
714 0.100508 0.099083
715 0.100735 0.0992391
716 0.100565 0.0990036
717 0.0999978 0.0983773
718 0.099036 0.0973627
719 0.0976833 0.095964
720 0.0959452 0.0941865
721 0.0938284 0.0920373
722 0.0913413 0.0895248
723 0.0884937 0.0866591
724 0.0852969 0.0834513
725 0.0817634 0.0799142
726 0.0779073 0.0760617
727 0.0737437 0.0719091
728 0.0692891 0.0674726
729 0.064561 0.0627698
730 0.0595781 0.0578194
731 0.0543601 0.0526407
732 0.0489276 0.0472543
733 0.0433019 0.0416814
734 0.0375054 0.035944
735 0.0315608 0.0300648
736 0.0254917 0.0240669
737 0.019322 0.017974
738 0.0130761 0.0118102
739 0.00677851 0.00559978
740 0.000454197 -0.000632748
741 -0.00587191 -0.00686277
742 -0.0121748 -0.0130657
743 -0.0184297 -0.0192171
744 -0.0246119 -0.0252926
745 -0.0306969 -0.0312684
746 -0.0366608 -0.0371207
747 -0.04248 -0.0428265
748 -0.0481315 -0.0483633
749 -0.0535931 -0.0537092
750 -0.0588432 -0.0588432
751 -0.063861 -0.0637449
752 -0.0686269 -0.0683951
753 -0.0731219 -0.0727753
754 -0.0773283 -0.0768684
755 -0.0812295 -0.080658
756 -0.0848101 -0.0841294
757 -0.0880561 -0.0872687
758 -0.0909545 -0.0900636
759 -0.093494 -0.0925031
760 -0.0956645 -0.0945775
761 -0.0974574 -0.0962787
762 -0.0988658 -0.0975999
763 -0.0998839 -0.0985359
764 -0.100508 -0.099083
765 -0.100735 -0.0992391
766 -0.100565 -0.0990036
767 -0.0999978 -0.0983773
768 -0.099036 -0.0973627
769 -0.0976833 -0.095964
770 -0.0959452 -0.0941865
771 -0.0938284 -0.0920373
772 -0.0913413 -0.0895248
773 -0.0884937 -0.0866591
774 -0.0852969 -0.0834513
775 -0.0817634 -0.0799142
776 -0.0779073 -0.0760617
777 -0.0737437 -0.0719091
778 -0.0692891 -0.0674726
779 -0.064561 -0.0627698
780 -0.0595781 -0.0578194
781 -0.0543601 -0.0526407
782 -0.0489276 -0.0472543
783 -0.0433019 -0.0416814
784 -0.0375054 -0.035944
785 -0.0315608 -0.0300648
786 -0.0254917 -0.0240669
787 -0.019322 -0.017974
788 -0.0130761 -0.0118102
789 -0.00677851 -0.00559978
790 -0.000454197 0.000632748
791 0.00587191 0.00686277
792 0.0121748 0.0130657
793 0.0184297 0.0192171
794 0.0246119 0.0252926
795 0.0306969 0.0312684
796 0.0366608 0.0371207
797 0.04248 0.0428265
798 0.0481315 0.0483633
799 0.0535931 0.0537092
800 0.0588432 0.0588432
801 0.063861 0.0637449
802 0.0686269 0.0683951
803 0.0731219 0.0727753
804 0.0773283 0.0768684
805 0.0812295 0.080658
806 0.0848101 0.0841294
807 0.0880561 0.0872687
808 0.0909545 0.0900636
809 0.093494 0.0925031
810 0.0956645 0.0945775
811 0.0974574 0.0962787
812 0.0988658 0.0975999
813 0.0998839 0.0985359
814 0.100508 0.099083
815 0.100735 0.0992391
816 0.100565 0.0990036
817 0.0999978 0.0983773
818 0.099036 0.0973627
819 0.0976833 0.095964
820 0.0959452 0.0941865
821 0.0938284 0.0920373
822 0.0913413 0.0895248
823 0.0884937 0.0866591
824 0.0852969 0.0834513
825 0.0817634 0.0799142
826 0.0779073 0.0760617
827 0.0737437 0.0719091
828 0.0692891 0.0674726
829 0.064561 0.0627698
830 0.0595781 0.0578194
831 0.0543601 0.0526407
832 0.0489276 0.0472543
833 0.0433019 0.0416814
834 0.0375054 0.035944
835 0.0315608 0.0300648
836 0.0254917 0.0240669
837 0.019322 0.017974
838 0.0130761 0.0118102
839 0.00677851 0.00559978
840 0.000454197 -0.000632748
841 -0.00587191 -0.00686277
842 -0.0121748 -0.0130657
843 -0.0184297 -0.0192171
844 -0.0246119 -0.0252926
845 -0.0306969 -0.0312684
846 -0.0366608 -0.0371207
847 -0.04248 -0.0428265
848 -0.0481315 -0.0483633
849 -0.0535931 -0.0537092
850 -0.0588432 -0.0588432
851 -0.063861 -0.0637449
852 -0.0686269 -0.0683951
853 -0.0731219 -0.0727753
854 -0.0773283 -0.0768684
855 -0.0812295 -0.080658
856 -0.0848101 -0.0841294
857 -0.0880561 -0.0872687
858 -0.0909545 -0.0900636
859 -0.093494 -0.0925031
860 -0.0956645 -0.0945775
861 -0.0974574 -0.0962787
862 -0.0988658 -0.0975999
863 -0.0998839 -0.0985359
864 -0.100508 -0.099083
865 -0.100735 -0.0992391
866 -0.100565 -0.0990036
867 -0.0999978 -0.0983773
868 -0.099036 -0.0973627
869 -0.0976833 -0.095964
870 -0.0959452 -0.0941865
871 -0.0938284 -0.0920373
872 -0.0913413 -0.0895248
873 -0.0884937 -0.0866591
874 -0.0852969 -0.0834513
875 -0.0817634 -0.0799142
876 -0.0779073 -0.0760617
877 -0.0737437 -0.0719091
878 -0.0692891 -0.0674726
879 -0.064561 -0.0627698
880 -0.0595781 -0.0578194
881 -0.0543601 -0.0526407
882 -0.0489276 -0.0472543
883 -0.0433019 -0.0416814
884 -0.0375054 -0.035944
885 -0.0315608 -0.0300648
886 -0.0254917 -0.0240669
887 -0.019322 -0.017974
888 -0.0130761 -0.0118102
889 -0.00677851 -0.00559978
890 -0.000454197 0.000632748
891 0.00587191 0.00686277
892 0.0121748 0.0130657
893 0.0184297 0.0192171
894 0.0246119 0.0252926
895 0.0306969 0.0312684
896 0.0366608 0.0371207
897 0.04248 0.0428265
898 0.0481315 0.0483633
899 0.0535931 0.0537092
900 0.0588432 0.0588432
901 0.063861 0.0637449
902 0.0686269 0.0683951
903 0.0731219 0.0727753
904 0.0773283 0.0768684
905 0.0812295 0.080658
906 0.0848101 0.0841294
907 0.0880561 0.0872687
908 0.0909545 0.0900636
909 0.093494 0.0925031
910 0.0956645 0.0945775
911 0.0974574 0.0962787
912 0.0988658 0.0975999
913 0.0998839 0.0985359
914 0.100508 0.099083
915 0.100735 0.0992391
916 0.100565 0.0990036
917 0.0999978 0.0983773
918 0.099036 0.0973627
919 0.0976833 0.095964
920 0.0959452 0.0941865
921 0.0938284 0.0920373
922 0.0913413 0.0895248
923 0.0884937 0.0866591
924 0.0852969 0.0834513
925 0.0817634 0.0799142
926 0.0779073 0.0760617
927 0.0737437 0.0719091
928 0.0692891 0.0674726
929 0.064561 0.0627698
930 0.0595781 0.0578194
931 0.0543601 0.0526407
932 0.0489276 0.0472543
933 0.0433019 0.0416814
934 0.0375054 0.035944
935 0.0315608 0.0300648
936 0.0254917 0.0240669
937 0.019322 0.017974
938 0.0130761 0.0118102
939 0.00677851 0.00559978
940 0.000454197 -0.000632748
941 -0.00587191 -0.00686277
942 -0.0121748 -0.0130657
943 -0.0184297 -0.0192171
944 -0.0246119 -0.0252926
945 -0.0306969 -0.0312684
946 -0.0366608 -0.0371207
947 -0.04248 -0.0428265
948 -0.0481315 -0.0483633
949 -0.0535931 -0.0537092
950 -0.0588432 -0.0588432
951 -0.063861 -0.0637449
952 -0.0686269 -0.0683951
953 -0.0731219 -0.0727753
954 -0.0773283 -0.0768684
955 -0.0812295 -0.080658
956 -0.0848101 -0.0841294
957 -0.0880561 -0.0872687
958 -0.0909545 -0.0900636
959 -0.093494 -0.0925031
960 -0.0956645 -0.0945775
961 -0.0974574 -0.0962787
962 -0.0988658 -0.0975999
963 -0.0998839 -0.0985359
964 -0.100508 -0.099083
965 -0.100735 -0.0992391
966 -0.100565 -0.0990036
967 -0.0999978 -0.0983773
968 -0.099036 -0.0973627
969 -0.0976833 -0.095964
970 -0.0959452 -0.0941865
971 -0.0938284 -0.0920373
972 -0.0913413 -0.0895248
973 -0.0884937 -0.0866591
974 -0.0852969 -0.0834513
975 -0.0817634 -0.0799142
976 -0.0779073 -0.0760617
977 -0.0737437 -0.0719091
978 -0.0692891 -0.0674726
979 -0.064561 -0.0627698
980 -0.0595781 -0.0578194
981 -0.0543601 -0.0526407
982 -0.0489276 -0.0472543
983 -0.0433019 -0.0416814
984 -0.0375054 -0.035944
985 -0.0315608 -0.0300648
986 -0.0254917 -0.0240669
987 -0.019322 -0.017974
988 -0.0130761 -0.0118102
989 -0.00677851 -0.00559978
990 -0.000454197 0.000632748
991 0.00587191 0.00686277
992 0.0121748 0.0130657
993 0.0184297 0.0192171
994 0.0246119 0.0252926
995 0.0306969 0.0312684
996 0.0366608 0.0371207
997 0.04248 0.0428265
998 0.0481315 0.0483633
999 0.0535931 0.0537092
