0 0.0475469 0.0475469
1 0.0419767 0.0418829
2 0.0362408 0.0360536
3 0.030362 0.030082
4 0.0243632 0.0239916
5 0.0182684 0.0178066
6 0.0121014 0.0115514
7 0.0058867 0.00525049
8 -0.000351256 -0.0010711
9 -0.00658782 -0.00738846
10 -0.0127984 -0.0136767
11 -0.0189584 -0.0199109
12 -0.0250437 -0.0260665
13 -0.0310301 -0.0321193
14 -0.036894 -0.0380453
15 -0.0426124 -0.0438212
16 -0.0481625 -0.0494241
17 -0.0535226 -0.054832
18 -0.0586715 -0.0600235
19 -0.0635888 -0.0649781
20 -0.0682551 -0.0696762
21 -0.0726521 -0.0740994
22 -0.0767624 -0.0782301
23 -0.0805697 -0.0820521
24 -0.084059 -0.0855503
25 -0.0872166 -0.0887108
26 -0.09003 -0.0915213
27 -0.0924881 -0.0939705
28 -0.0945812 -0.0960489
29 -0.096301 -0.0977483
30 -0.0976407 -0.0990618
31 -0.0985951 -0.0999844
32 -0.0991604 -0.100512
33 -0.0993344 -0.100644
34 -0.0991163 -0.100378
35 -0.0985071 -0.0997159
36 -0.0975091 -0.0986604
37 -0.0961263 -0.0972155
38 -0.0943641 -0.0953869
39 -0.0922295 -0.0931819
40 -0.0897309 -0.0906092
41 -0.0868782 -0.0876788
42 -0.0836826 -0.0844024
43 -0.0801568 -0.080793
44 -0.0763146 -0.0768646
45 -0.0721712 -0.0726329
46 -0.067743 -0.0681146
47 -0.0630475 -0.0633275
48 -0.0581031 -0.0582904
49 -0.0529295 -0.0530233
50 -0.0475469 -0.0475469
51 -0.0419767 -0.0418829
52 -0.0362408 -0.0360536
53 -0.030362 -0.030082
54 -0.0243632 -0.0239916
55 -0.0182684 -0.0178066
56 -0.0121014 -0.0115514
57 -0.0058867 -0.00525049
58 0.000351256 0.0010711
59 0.00658782 0.00738846
60 0.0127984 0.0136767
61 0.0189584 0.0199109
62 0.0250437 0.0260665
63 0.0310301 0.0321193
64 0.036894 0.0380453
65 0.0426124 0.0438212
66 0.0481625 0.0494241
67 0.0535226 0.054832
68 0.0586715 0.0600235
69 0.0635888 0.0649781
70 0.0682551 0.0696762
71 0.0726521 0.0740994
72 0.0767624 0.0782301
73 0.0805697 0.0820521
74 0.084059 0.0855503
75 0.0872166 0.0887108
76 0.09003 0.0915213
77 0.0924881 0.0939705
78 0.0945812 0.0960489
79 0.096301 0.0977483
80 0.0976407 0.0990618
81 0.0985951 0.0999844
82 0.0991604 0.100512
83 0.0993344 0.100644
84 0.0991163 0.100378
85 0.0985071 0.0997159
86 0.0975091 0.0986604
87 0.0961263 0.0972155
88 0.0943641 0.0953869
89 0.0922295 0.0931819
90 0.0897309 0.0906092
91 0.0868782 0.0876788
92 0.0836826 0.0844024
93 0.0801568 0.080793
94 0.0763146 0.0768646
95 0.0721712 0.0726329
96 0.067743 0.0681146
97 0.0630475 0.0633275
98 0.0581031 0.0582904
99 0.0529295 0.0530233
100 0.0475469 0.0475469
101 0.0419767 0.0418829
102 0.0362408 0.0360536
103 0.030362 0.030082
104 0.0243632 0.0239916
105 0.0182684 0.0178066
106 0.0121014 0.0115514
107 0.0058867 0.00525049
108 -0.000351256 -0.0010711
109 -0.00658782 -0.00738846
110 -0.0127984 -0.0136767
111 -0.0189584 -0.0199109
112 -0.0250437 -0.0260665
113 -0.0310301 -0.0321193
114 -0.036894 -0.0380453
115 -0.0426124 -0.0438212
116 -0.0481625 -0.0494241
117 -0.0535226 -0.054832
118 -0.0586715 -0.0600235
119 -0.0635888 -0.0649781
120 -0.0682551 -0.0696762
121 -0.0726521 -0.0740994
122 -0.0767624 -0.0782301
123 -0.0805697 -0.0820521
124 -0.084059 -0.0855503
125 -0.0872166 -0.0887108
126 -0.09003 -0.0915213
127 -0.0924881 -0.0939705
128 -0.0945812 -0.0960489
129 -0.096301 -0.0977483
130 -0.0976407 -0.0990618
131 -0.0985951 -0.0999844
132 -0.0991604 -0.100512
133 -0.0993344 -0.100644
134 -0.0991163 -0.100378
135 -0.0985071 -0.0997159
136 -0.0975091 -0.0986604
137 -0.0961263 -0.0972155
138 -0.0943641 -0.0953869
139 -0.0922295 -0.0931819
140 -0.0897309 -0.0906092
141 -0.0868782 -0.0876788
142 -0.0836826 -0.0844024
143 -0.0801568 -0.080793
144 -0.0763146 -0.0768646
145 -0.0721712 -0.0726329
146 -0.067743 -0.0681146
147 -0.0630475 -0.0633275
148 -0.0581031 -0.0582904
149 -0.0529295 -0.0530233
150 -0.0475469 -0.0475469
151 -0.0419767 -0.0418829
152 -0.0362408 -0.0360536
153 -0.030362 -0.030082
154 -0.0243632 -0.0239916
155 -0.0182684 -0.0178066
156 -0.0121014 -0.0115514
157 -0.0058867 -0.00525049
158 0.000351256 0.0010711
159 0.00658782 0.00738846
160 0.0127984 0.0136767
161 0.0189584 0.0199109
162 0.0250437 0.0260665
163 0.0310301 0.0321193
164 0.036894 0.0380453
165 0.0426124 0.0438212
166 0.0481625 0.0494241
167 0.0535226 0.054832
168 0.0586715 0.0600235
169 0.0635888 0.0649781
170 0.0682551 0.0696762
171 0.0726521 0.0740994
172 0.0767624 0.0782301
173 0.0805697 0.0820521
174 0.084059 0.0855503
175 0.0872166 0.0887108
176 0.09003 0.0915213
177 0.0924881 0.0939705
178 0.0945812 0.0960489
179 0.096301 0.0977483
180 0.0976407 0.0990618
181 0.0985951 0.0999844
182 0.0991604 0.100512
183 0.0993344 0.100644
184 0.0991163 0.100378
185 0.0985071 0.0997159
186 0.0975091 0.0986604
187 0.0961263 0.0972155
188 0.0943641 0.0953869
189 0.0922295 0.0931819
190 0.0897309 0.0906092
191 0.0868782 0.0876788
192 0.0836826 0.0844024
193 0.0801568 0.080793
194 0.0763146 0.0768646
195 0.0721712 0.0726329
196 0.067743 0.0681146
197 0.0630475 0.0633275
198 0.0581031 0.0582904
199 0.0529295 0.0530233
200 0.0475469 0.0475469
201 0.0419767 0.0418829
202 0.0362408 0.0360536
203 0.030362 0.030082
204 0.0243632 0.0239916
205 0.0182684 0.0178066
206 0.0121014 0.0115514
207 0.0058867 0.00525049
208 -0.000351256 -0.0010711
209 -0.00658782 -0.00738846
210 -0.0127984 -0.0136767
211 -0.0189584 -0.0199109
212 -0.0250437 -0.0260665
213 -0.0310301 -0.0321193
214 -0.036894 -0.0380453
215 -0.0426124 -0.0438212
216 -0.0481625 -0.0494241
217 -0.0535226 -0.054832
218 -0.0586715 -0.0600235
219 -0.0635888 -0.0649781
220 -0.0682551 -0.0696762
221 -0.0726521 -0.0740994
222 -0.0767624 -0.0782301
223 -0.0805697 -0.0820521
224 -0.084059 -0.0855503
225 -0.0872166 -0.0887108
226 -0.09003 -0.0915213
227 -0.0924881 -0.0939705
228 -0.0945812 -0.0960489
229 -0.096301 -0.0977483
230 -0.0976407 -0.0990618
231 -0.0985951 -0.0999844
232 -0.0991604 -0.100512
233 -0.0993344 -0.100644
234 -0.0991163 -0.100378
235 -0.0985071 -0.0997159
236 -0.0975091 -0.0986604
237 -0.0961263 -0.0972155
238 -0.0943641 -0.0953869
239 -0.0922295 -0.0931819
240 -0.0897309 -0.0906092
241 -0.0868782 -0.0876788
242 -0.0836826 -0.0844024
243 -0.0801568 -0.080793
244 -0.0763146 -0.0768646
245 -0.0721712 -0.0726329
246 -0.067743 -0.0681146
247 -0.0630475 -0.0633275
248 -0.0581031 -0.0582904
249 -0.0529295 -0.0530233
250 -0.0475469 -0.0475469
251 -0.0419767 -0.0418829
252 -0.0362408 -0.0360536
253 -0.030362 -0.030082
254 -0.0243632 -0.0239916
255 -0.0182684 -0.0178066
256 -0.0121014 -0.0115514
257 -0.0058867 -0.00525049
258 0.000351256 0.0010711
259 0.00658782 0.00738846
260 0.0127984 0.0136767
261 0.0189584 0.0199109
262 0.0250437 0.0260665
263 0.0310301 0.0321193
264 0.036894 0.0380453
265 0.0426124 0.0438212
266 0.0481625 0.0494241
267 0.0535226 0.054832
268 0.0586715 0.0600235
269 0.0635888 0.0649781
270 0.0682551 0.0696762
271 0.0726521 0.0740994
272 0.0767624 0.0782301
273 0.0805697 0.0820521
274 0.084059 0.0855503
275 0.0872166 0.0887108
276 0.09003 0.0915213
277 0.0924881 0.0939705
278 0.0945812 0.0960489
279 0.096301 0.0977483
280 0.0976407 0.0990618
281 0.0985951 0.0999844
282 0.0991604 0.100512
283 0.0993344 0.100644
284 0.0991163 0.100378
285 0.0985071 0.0997159
286 0.0975091 0.0986604
287 0.0961263 0.0972155
288 0.0943641 0.0953869
289 0.0922295 0.0931819
290 0.0897309 0.0906092
291 0.0868782 0.0876788
292 0.0836826 0.0844024
293 0.0801568 0.080793
294 0.0763146 0.0768646
295 0.0721712 0.0726329
296 0.067743 0.0681146
297 0.0630475 0.0633275
298 0.0581031 0.0582904
299 0.0529295 0.0530233
300 0.0475469 0.0475469
301 0.0419767 0.0418829
302 0.0362408 0.0360536
303 0.030362 0.030082
304 0.0243632 0.0239916
305 0.0182684 0.0178066
306 0.0121014 0.0115514
307 0.0058867 0.00525049
308 -0.000351256 -0.0010711
309 -0.00658782 -0.00738846
310 -0.0127984 -0.0136767
311 -0.0189584 -0.0199109
312 -0.0250437 -0.0260665
313 -0.0310301 -0.0321193
314 -0.036894 -0.0380453
315 -0.0426124 -0.0438212
316 -0.0481625 -0.0494241
317 -0.0535226 -0.054832
318 -0.0586715 -0.0600235
319 -0.0635888 -0.0649781
320 -0.0682551 -0.0696762
321 -0.0726521 -0.0740994
322 -0.0767624 -0.0782301
323 -0.0805697 -0.0820521
324 -0.084059 -0.0855503
325 -0.0872166 -0.0887108
326 -0.09003 -0.0915213
327 -0.0924881 -0.0939705
328 -0.0945812 -0.0960489
329 -0.096301 -0.0977483
330 -0.0976407 -0.0990618
331 -0.0985951 -0.0999844
332 -0.0991604 -0.100512
333 -0.0993344 -0.100644
334 -0.0991163 -0.100378
335 -0.0985071 -0.0997159
336 -0.0975091 -0.0986604
337 -0.0961263 -0.0972155
338 -0.0943641 -0.0953869
339 -0.0922295 -0.0931819
340 -0.0897309 -0.0906092
341 -0.0868782 -0.0876788
342 -0.0836826 -0.0844024
343 -0.0801568 -0.080793
344 -0.0763146 -0.0768646
345 -0.0721712 -0.0726329
346 -0.067743 -0.0681146
347 -0.0630475 -0.0633275
348 -0.0581031 -0.0582904
349 -0.0529295 -0.0530233
350 -0.0475469 -0.0475469
351 -0.0419767 -0.0418829
352 -0.0362408 -0.0360536
353 -0.030362 -0.030082
354 -0.0243632 -0.0239916
355 -0.0182684 -0.0178066
356 -0.0121014 -0.0115514
357 -0.0058867 -0.00525049
358 0.000351256 0.0010711
359 0.00658782 0.00738846
360 0.0127984 0.0136767
361 0.0189584 0.0199109
362 0.0250437 0.0260665
363 0.0310301 0.0321193
364 0.036894 0.0380453
365 0.0426124 0.0438212
366 0.0481625 0.0494241
367 0.0535226 0.054832
368 0.0586715 0.0600235
369 0.0635888 0.0649781
370 0.0682551 0.0696762
371 0.0726521 0.0740994
372 0.0767624 0.0782301
373 0.0805697 0.0820521
374 0.084059 0.0855503
375 0.0872166 0.0887108
376 0.09003 0.0915213
377 0.0924881 0.0939705
378 0.0945812 0.0960489
379 0.096301 0.0977483
380 0.0976407 0.0990618
381 0.0985951 0.0999844
382 0.0991604 0.100512
383 0.0993344 0.100644
384 0.0991163 0.100378
385 0.0985071 0.0997159
386 0.0975091 0.0986604
387 0.0961263 0.0972155
388 0.0943641 0.0953869
389 0.0922295 0.0931819
390 0.0897309 0.0906092
391 0.0868782 0.0876788
392 0.0836826 0.0844024
393 0.0801568 0.080793
394 0.0763146 0.0768646
395 0.0721712 0.0726329
396 0.067743 0.0681146
397 0.0630475 0.0633275
398 0.0581031 0.0582904
399 0.0529295 0.0530233
400 0.0475469 0.0475469
401 0.0419767 0.0418829
402 0.0362408 0.0360536
403 0.030362 0.030082
404 0.0243632 0.0239916
405 0.0182684 0.0178066
406 0.0121014 0.0115514
407 0.0058867 0.00525049
408 -0.000351256 -0.0010711
409 -0.00658782 -0.00738846
410 -0.0127984 -0.0136767
411 -0.0189584 -0.0199109
412 -0.0250437 -0.0260665
413 -0.0310301 -0.0321193
414 -0.036894 -0.0380453
415 -0.0426124 -0.0438212
416 -0.0481625 -0.0494241
417 -0.0535226 -0.054832
418 -0.0586715 -0.0600235
419 -0.0635888 -0.0649781
420 -0.0682551 -0.0696762
421 -0.0726521 -0.0740994
422 -0.0767624 -0.0782301
423 -0.0805697 -0.0820521
424 -0.084059 -0.0855503
425 -0.0872166 -0.0887108
426 -0.09003 -0.0915213
427 -0.0924881 -0.0939705
428 -0.0945812 -0.0960489
429 -0.096301 -0.0977483
430 -0.0976407 -0.0990618
431 -0.0985951 -0.0999844
432 -0.0991604 -0.100512
433 -0.0993344 -0.100644
434 -0.0991163 -0.100378
435 -0.0985071 -0.0997159
436 -0.0975091 -0.0986604
437 -0.0961263 -0.0972155
438 -0.0943641 -0.0953869
439 -0.0922295 -0.0931819
440 -0.0897309 -0.0906092
441 -0.0868782 -0.0876788
442 -0.0836826 -0.0844024
443 -0.0801568 -0.080793
444 -0.0763146 -0.0768646
445 -0.0721712 -0.0726329
446 -0.067743 -0.0681146
447 -0.0630475 -0.0633275
448 -0.0581031 -0.0582904
449 -0.0529295 -0.0530233
450 -0.0475469 -0.0475469
451 -0.0419767 -0.0418829
452 -0.0362408 -0.0360536
453 -0.030362 -0.030082
454 -0.0243632 -0.0239916
455 -0.0182684 -0.0178066
456 -0.0121014 -0.0115514
457 -0.0058867 -0.00525049
458 0.000351256 0.0010711
459 0.00658782 0.00738846
460 0.0127984 0.0136767
461 0.0189584 0.0199109
462 0.0250437 0.0260665
463 0.0310301 0.0321193
464 0.036894 0.0380453
465 0.0426124 0.0438212
466 0.0481625 0.0494241
467 0.0535226 0.054832
468 0.0586715 0.0600235
469 0.0635888 0.0649781
470 0.0682551 0.0696762
471 0.0726521 0.0740994
472 0.0767624 0.0782301
473 0.0805697 0.0820521
474 0.084059 0.0855503
475 0.0872166 0.0887108
476 0.09003 0.0915213
477 0.0924881 0.0939705
478 0.0945812 0.0960489
479 0.096301 0.0977483
480 0.0976407 0.0990618
481 0.0985951 0.0999844
482 0.0991604 0.100512
483 0.0993344 0.100644
484 0.0991163 0.100378
485 0.0985071 0.0997159
486 0.0975091 0.0986604
487 0.0961263 0.0972155
488 0.0943641 0.0953869
489 0.0922295 0.0931819
490 0.0897309 0.0906092
491 0.0868782 0.0876788
492 0.0836826 0.0844024
493 0.0801568 0.080793
494 0.0763146 0.0768646
495 0.0721712 0.0726329
496 0.067743 0.0681146
497 0.0630475 0.0633275
498 0.0581031 0.0582904
499 0.0529295 0.0530233
500 0.0475469 0.0475469
501 0.0419767 0.0418829
502 0.0362408 0.0360536
503 0.030362 0.030082
504 0.0243632 0.0239916
505 0.0182684 0.0178066
506 0.0121014 0.0115514
507 0.0058867 0.00525049
508 -0.000351256 -0.0010711
509 -0.00658782 -0.00738846
510 -0.0127984 -0.0136767
511 -0.0189584 -0.0199109
512 -0.0250437 -0.0260665
513 -0.0310301 -0.0321193
514 -0.036894 -0.0380453
515 -0.0426124 -0.0438212
516 -0.0481625 -0.0494241
517 -0.0535226 -0.054832
518 -0.0586715 -0.0600235
519 -0.0635888 -0.0649781
520 -0.0682551 -0.0696762
521 -0.0726521 -0.0740994
522 -0.0767624 -0.0782301
523 -0.0805697 -0.0820521
524 -0.084059 -0.0855503
525 -0.0872166 -0.0887108
526 -0.09003 -0.0915213
527 -0.0924881 -0.0939705
528 -0.0945812 -0.0960489
529 -0.096301 -0.0977483
530 -0.0976407 -0.0990618
531 -0.0985951 -0.0999844
532 -0.0991604 -0.100512
533 -0.0993344 -0.100644
534 -0.0991163 -0.100378
535 -0.0985071 -0.0997159
536 -0.0975091 -0.0986604
537 -0.0961263 -0.0972155
538 -0.0943641 -0.0953869
539 -0.0922295 -0.0931819
540 -0.0897309 -0.0906092
541 -0.0868782 -0.0876788
542 -0.0836826 -0.0844024
543 -0.0801568 -0.080793
544 -0.0763146 -0.0768646
545 -0.0721712 -0.0726329
546 -0.067743 -0.0681146
547 -0.0630475 -0.0633275
548 -0.0581031 -0.0582904
549 -0.0529295 -0.0530233
550 -0.0475469 -0.0475469
551 -0.0419767 -0.0418829
552 -0.0362408 -0.0360536
553 -0.030362 -0.030082
554 -0.0243632 -0.0239916
555 -0.0182684 -0.0178066
556 -0.0121014 -0.0115514
557 -0.0058867 -0.00525049
558 0.000351256 0.0010711
559 0.00658782 0.00738846
560 0.0127984 0.0136767
561 0.0189584 0.0199109
562 0.0250437 0.0260665
563 0.0310301 0.0321193
564 0.036894 0.0380453
565 0.0426124 0.0438212
566 0.0481625 0.0494241
567 0.0535226 0.054832
568 0.0586715 0.0600235
569 0.0635888 0.0649781
570 0.0682551 0.0696762
571 0.0726521 0.0740994
572 0.0767624 0.0782301
573 0.0805697 0.0820521
574 0.084059 0.0855503
575 0.0872166 0.0887108
576 0.09003 0.0915213
577 0.0924881 0.0939705
578 0.0945812 0.0960489
579 0.096301 0.0977483
580 0.0976407 0.0990618
581 0.0985951 0.0999844
582 0.0991604 0.100512
583 0.0993344 0.100644
584 0.0991163 0.100378
585 0.0985071 0.0997159
586 0.0975091 0.0986604
587 0.0961263 0.0972155
588 0.0943641 0.0953869
589 0.0922295 0.0931819
590 0.0897309 0.0906092
591 0.0868782 0.0876788
592 0.0836826 0.0844024
593 0.0801568 0.080793
594 0.0763146 0.0768646
595 0.0721712 0.0726329
596 0.067743 0.0681146
597 0.0630475 0.0633275
598 0.0581031 0.0582904
599 0.0529295 0.0530233
600 0.0475469 0.0475469
601 0.0419767 0.0418829
602 0.0362408 0.0360536
603 0.030362 0.030082
604 0.0243632 0.0239916
605 0.0182684 0.0178066
606 0.0121014 0.0115514
607 0.0058867 0.00525049
608 -0.000351256 -0.0010711
609 -0.00658782 -0.00738846
610 -0.0127984 -0.0136767
611 -0.0189584 -0.0199109
612 -0.0250437 -0.0260665
613 -0.0310301 -0.0321193
614 -0.036894 -0.0380453
615 -0.0426124 -0.0438212
616 -0.0481625 -0.0494241
617 -0.0535226 -0.054832
618 -0.0586715 -0.0600235
619 -0.0635888 -0.0649781
620 -0.0682551 -0.0696762
621 -0.0726521 -0.0740994
622 -0.0767624 -0.0782301
623 -0.0805697 -0.0820521
624 -0.084059 -0.0855503
625 -0.0872166 -0.0887108
626 -0.09003 -0.0915213
627 -0.0924881 -0.0939705
628 -0.0945812 -0.0960489
629 -0.096301 -0.0977483
630 -0.0976407 -0.0990618
631 -0.0985951 -0.0999844
632 -0.0991604 -0.100512
633 -0.0993344 -0.100644
634 -0.0991163 -0.100378
635 -0.0985071 -0.0997159
636 -0.0975091 -0.0986604
637 -0.0961263 -0.0972155
638 -0.0943641 -0.0953869
639 -0.0922295 -0.0931819
640 -0.0897309 -0.0906092
641 -0.0868782 -0.0876788
642 -0.0836826 -0.0844024
643 -0.0801568 -0.080793
644 -0.0763146 -0.0768646
645 -0.0721712 -0.0726329
646 -0.067743 -0.0681146
647 -0.0630475 -0.0633275
648 -0.0581031 -0.0582904
649 -0.0529295 -0.0530233
650 -0.0475469 -0.0475469
651 -0.0419767 -0.0418829
652 -0.0362408 -0.0360536
653 -0.030362 -0.030082
654 -0.0243632 -0.0239916
655 -0.0182684 -0.0178066
656 -0.0121014 -0.0115514
657 -0.0058867 -0.00525049
658 0.000351256 0.0010711
659 0.00658782 0.00738846
660 0.0127984 0.0136767
661 0.0189584 0.0199109
662 0.0250437 0.0260665
663 0.0310301 0.0321193
664 0.036894 0.0380453
665 0.0426124 0.0438212
666 0.0481625 0.0494241
667 0.0535226 0.054832
668 0.0586715 0.0600235
669 0.0635888 0.0649781
670 0.0682551 0.0696762
671 0.0726521 0.0740994
672 0.0767624 0.0782301
673 0.0805697 0.0820521
674 0.084059 0.0855503
675 0.0872166 0.0887108
676 0.09003 0.0915213
677 0.0924881 0.0939705
678 0.0945812 0.0960489
679 0.096301 0.0977483
680 0.0976407 0.0990618
681 0.0985951 0.0999844
682 0.0991604 0.100512
683 0.0993344 0.100644
684 0.0991163 0.100378
685 0.0985071 0.0997159
686 0.0975091 0.0986604
687 0.0961263 0.0972155
688 0.0943641 0.0953869
689 0.0922295 0.0931819
690 0.0897309 0.0906092
691 0.0868782 0.0876788
692 0.0836826 0.0844024
693 0.0801568 0.080793
694 0.0763146 0.0768646
695 0.0721712 0.0726329
696 0.067743 0.0681146
697 0.0630475 0.0633275
698 0.0581031 0.0582904
699 0.0529295 0.0530233
700 0.0475469 0.0475469
701 0.0419767 0.0418829
702 0.0362408 0.0360536
703 0.030362 0.030082
704 0.0243632 0.0239916
705 0.0182684 0.0178066
706 0.0121014 0.0115514
707 0.0058867 0.00525049
708 -0.000351256 -0.0010711
709 -0.00658782 -0.00738846
710 -0.0127984 -0.0136767
711 -0.0189584 -0.0199109
712 -0.0250437 -0.0260665
713 -0.0310301 -0.0321193
714 -0.036894 -0.0380453
715 -0.0426124 -0.0438212
716 -0.0481625 -0.0494241
717 -0.0535226 -0.054832
718 -0.0586715 -0.0600235
719 -0.0635888 -0.0649781
720 -0.0682551 -0.0696762
721 -0.0726521 -0.0740994
722 -0.0767624 -0.0782301
723 -0.0805697 -0.0820521
724 -0.084059 -0.0855503
725 -0.0872166 -0.0887108
726 -0.09003 -0.0915213
727 -0.0924881 -0.0939705
728 -0.0945812 -0.0960489
729 -0.096301 -0.0977483
730 -0.0976407 -0.0990618
731 -0.0985951 -0.0999844
732 -0.0991604 -0.100512
733 -0.0993344 -0.100644
734 -0.0991163 -0.100378
735 -0.0985071 -0.0997159
736 -0.0975091 -0.0986604
737 -0.0961263 -0.0972155
738 -0.0943641 -0.0953869
739 -0.0922295 -0.0931819
740 -0.0897309 -0.0906092
741 -0.0868782 -0.0876788
742 -0.0836826 -0.0844024
743 -0.0801568 -0.080793
744 -0.0763146 -0.0768646
745 -0.0721712 -0.0726329
746 -0.067743 -0.0681146
747 -0.0630475 -0.0633275
748 -0.0581031 -0.0582904
749 -0.0529295 -0.0530233
750 -0.0475469 -0.0475469
751 -0.0419767 -0.0418829
752 -0.0362408 -0.0360536
753 -0.030362 -0.030082
754 -0.0243632 -0.0239916
755 -0.0182684 -0.0178066
756 -0.0121014 -0.0115514
757 -0.0058867 -0.00525049
758 0.000351256 0.0010711
759 0.00658782 0.00738846
760 0.0127984 0.0136767
761 0.0189584 0.0199109
762 0.0250437 0.0260665
763 0.0310301 0.0321193
764 0.036894 0.0380453
765 0.0426124 0.0438212
766 0.0481625 0.0494241
767 0.0535226 0.054832
768 0.0586715 0.0600235
769 0.0635888 0.0649781
770 0.0682551 0.0696762
771 0.0726521 0.0740994
772 0.0767624 0.0782301
773 0.0805697 0.0820521
774 0.084059 0.0855503
775 0.0872166 0.0887108
776 0.09003 0.0915213
777 0.0924881 0.0939705
778 0.0945812 0.0960489
779 0.096301 0.0977483
780 0.0976407 0.0990618
781 0.0985951 0.0999844
782 0.0991604 0.100512
783 0.0993344 0.100644
784 0.0991163 0.100378
785 0.0985071 0.0997159
786 0.0975091 0.0986604
787 0.0961263 0.0972155
788 0.0943641 0.0953869
789 0.0922295 0.0931819
790 0.0897309 0.0906092
791 0.0868782 0.0876788
792 0.0836826 0.0844024
793 0.0801568 0.080793
794 0.0763146 0.0768646
795 0.0721712 0.0726329
796 0.067743 0.0681146
797 0.0630475 0.0633275
798 0.0581031 0.0582904
799 0.0529295 0.0530233
800 0.0475469 0.0475469
801 0.0419767 0.0418829
802 0.0362408 0.0360536
803 0.030362 0.030082
804 0.0243632 0.0239916
805 0.0182684 0.0178066
806 0.0121014 0.0115514
807 0.0058867 0.00525049
808 -0.000351256 -0.0010711
809 -0.00658782 -0.00738846
810 -0.0127984 -0.0136767
811 -0.0189584 -0.0199109
812 -0.0250437 -0.0260665
813 -0.0310301 -0.0321193
814 -0.036894 -0.0380453
815 -0.0426124 -0.0438212
816 -0.0481625 -0.0494241
817 -0.0535226 -0.054832
818 -0.0586715 -0.0600235
819 -0.0635888 -0.0649781
820 -0.0682551 -0.0696762
821 -0.0726521 -0.0740994
822 -0.0767624 -0.0782301
823 -0.0805697 -0.0820521
824 -0.084059 -0.0855503
825 -0.0872166 -0.0887108
826 -0.09003 -0.0915213
827 -0.0924881 -0.0939705
828 -0.0945812 -0.0960489
829 -0.096301 -0.0977483
830 -0.0976407 -0.0990618
831 -0.0985951 -0.0999844
832 -0.0991604 -0.100512
833 -0.0993344 -0.100644
834 -0.0991163 -0.100378
835 -0.0985071 -0.0997159
836 -0.0975091 -0.0986604
837 -0.0961263 -0.0972155
838 -0.0943641 -0.0953869
839 -0.0922295 -0.0931819
840 -0.0897309 -0.0906092
841 -0.0868782 -0.0876788
842 -0.0836826 -0.0844024
843 -0.0801568 -0.080793
844 -0.0763146 -0.0768646
845 -0.0721712 -0.0726329
846 -0.067743 -0.0681146
847 -0.0630475 -0.0633275
848 -0.0581031 -0.0582904
849 -0.0529295 -0.0530233
850 -0.0475469 -0.0475469
851 -0.0419767 -0.0418829
852 -0.0362408 -0.0360536
853 -0.030362 -0.030082
854 -0.0243632 -0.0239916
855 -0.0182684 -0.0178066
856 -0.0121014 -0.0115514
857 -0.0058867 -0.00525049
858 0.000351256 0.0010711
859 0.00658782 0.00738846
860 0.0127984 0.0136767
861 0.0189584 0.0199109
862 0.0250437 0.0260665
863 0.0310301 0.0321193
864 0.036894 0.0380453
865 0.0426124 0.0438212
866 0.0481625 0.0494241
867 0.0535226 0.054832
868 0.0586715 0.0600235
869 0.0635888 0.0649781
870 0.0682551 0.0696762
871 0.0726521 0.0740994
872 0.0767624 0.0782301
873 0.0805697 0.0820521
874 0.084059 0.0855503
875 0.0872166 0.0887108
876 0.09003 0.0915213
877 0.0924881 0.0939705
878 0.0945812 0.0960489
879 0.096301 0.0977483
880 0.0976407 0.0990618
881 0.0985951 0.0999844
882 0.0991604 0.100512
883 0.0993344 0.100644
884 0.0991163 0.100378
885 0.0985071 0.0997159
886 0.0975091 0.0986604
887 0.0961263 0.0972155
888 0.0943641 0.0953869
889 0.0922295 0.0931819
890 0.0897309 0.0906092
891 0.0868782 0.0876788
892 0.0836826 0.0844024
893 0.0801568 0.080793
894 0.0763146 0.0768646
895 0.0721712 0.0726329
896 0.067743 0.0681146
897 0.0630475 0.0633275
898 0.0581031 0.0582904
899 0.0529295 0.0530233
900 0.0475469 0.0475469
901 0.0419767 0.0418829
902 0.0362408 0.0360536
903 0.030362 0.030082
904 0.0243632 0.0239916
905 0.0182684 0.0178066
906 0.0121014 0.0115514
907 0.0058867 0.00525049
908 -0.000351256 -0.0010711
909 -0.00658782 -0.00738846
910 -0.0127984 -0.0136767
911 -0.0189584 -0.0199109
912 -0.0250437 -0.0260665
913 -0.0310301 -0.0321193
914 -0.036894 -0.0380453
915 -0.0426124 -0.0438212
916 -0.0481625 -0.0494241
917 -0.0535226 -0.054832
918 -0.0586715 -0.0600235
919 -0.0635888 -0.0649781
920 -0.0682551 -0.0696762
921 -0.0726521 -0.0740994
922 -0.0767624 -0.0782301
923 -0.0805697 -0.0820521
924 -0.084059 -0.0855503
925 -0.0872166 -0.0887108
926 -0.09003 -0.0915213
927 -0.0924881 -0.0939705
928 -0.0945812 -0.0960489
929 -0.096301 -0.0977483
930 -0.0976407 -0.0990618
931 -0.0985951 -0.0999844
932 -0.0991604 -0.100512
933 -0.0993344 -0.100644
934 -0.0991163 -0.100378
935 -0.0985071 -0.0997159
936 -0.0975091 -0.0986604
937 -0.0961263 -0.0972155
938 -0.0943641 -0.0953869
939 -0.0922295 -0.0931819
940 -0.0897309 -0.0906092
941 -0.0868782 -0.0876788
942 -0.0836826 -0.0844024
943 -0.0801568 -0.080793
944 -0.0763146 -0.0768646
945 -0.0721712 -0.0726329
946 -0.067743 -0.0681146
947 -0.0630475 -0.0633275
948 -0.0581031 -0.0582904
949 -0.0529295 -0.0530233
950 -0.0475469 -0.0475469
951 -0.0419767 -0.0418829
952 -0.0362408 -0.0360536
953 -0.030362 -0.030082
954 -0.0243632 -0.0239916
955 -0.0182684 -0.0178066
956 -0.0121014 -0.0115514
957 -0.0058867 -0.00525049
958 0.000351256 0.0010711
959 0.00658782 0.00738846
960 0.0127984 0.0136767
961 0.0189584 0.0199109
962 0.0250437 0.0260665
963 0.0310301 0.0321193
964 0.036894 0.0380453
965 0.0426124 0.0438212
966 0.0481625 0.0494241
967 0.0535226 0.054832
968 0.0586715 0.0600235
969 0.0635888 0.0649781
970 0.0682551 0.0696762
971 0.0726521 0.0740994
972 0.0767624 0.0782301
973 0.0805697 0.0820521
974 0.084059 0.0855503
975 0.0872166 0.0887108
976 0.09003 0.0915213
977 0.0924881 0.0939705
978 0.0945812 0.0960489
979 0.096301 0.0977483
980 0.0976407 0.0990618
981 0.0985951 0.0999844
982 0.0991604 0.100512
983 0.0993344 0.100644
984 0.0991163 0.100378
985 0.0985071 0.0997159
986 0.0975091 0.0986604
987 0.0961263 0.0972155
988 0.0943641 0.0953869
989 0.0922295 0.0931819
990 0.0897309 0.0906092
991 0.0868782 0.0876788
992 0.0836826 0.0844024
993 0.0801568 0.080793
994 0.0763146 0.0768646
995 0.0721712 0.0726329
996 0.067743 0.0681146
997 0.0630475 0.0633275
998 0.0581031 0.0582904
999 0.0529295 0.0530233
