0 -0.0309587 -0.0309587
1 -0.0368985 -0.0368374
2 -0.0426927 -0.0425707
3 -0.0483184 -0.0481361
4 -0.0537533 -0.0535114
5 -0.0589762 -0.0586755
6 -0.0639663 -0.0636081
7 -0.0687039 -0.0682897
8 -0.0731705 -0.0727017
9 -0.0773482 -0.0768269
10 -0.0812207 -0.0806488
11 -0.0847726 -0.0841524
12 -0.08799 -0.087324
13 -0.0908601 -0.0901509
14 -0.0933717 -0.092622
15 -0.0955147 -0.0947276
16 -0.0972808 -0.0964593
17 -0.098663 -0.0978104
18 -0.0996558 -0.0987754
19 -0.100255 -0.0993507
20 -0.100459 -0.0995338
21 -0.100266 -0.0993241
22 -0.0996781 -0.0987224
23 -0.0986964 -0.0977311
24 -0.0973252 -0.0963542
25 -0.0955698 -0.0945969
26 -0.0934373 -0.0924663
27 -0.0909361 -0.0899708
28 -0.0880759 -0.0871203
29 -0.0848682 -0.0839259
30 -0.0813255 -0.0804002
31 -0.0774619 -0.0765573
32 -0.0732926 -0.0724123
33 -0.068834 -0.0679814
34 -0.0641038 -0.0632823
35 -0.0591205 -0.0583334
36 -0.053904 -0.0531543
37 -0.0484747 -0.0477655
38 -0.0428541 -0.0421881
39 -0.0370644 -0.0364442
40 -0.0311284 -0.0305565
41 -0.0250696 -0.0245482
42 -0.0189118 -0.0184431
43 -0.0126794 -0.0122651
44 -0.00639691 -0.00603876
45 -8.92079e-05 0.00021144
46 0.00621885 0.0064608
47 0.0125024 0.0126847
48 0.0187365 0.0188585
49 0.0248968 0.0249578
50 0.0309587 0.0309587
51 0.0368985 0.0368374
52 0.0426927 0.0425707
53 0.0483184 0.0481361
54 0.0537533 0.0535114
55 0.0589762 0.0586755
56 0.0639663 0.0636081
57 0.0687039 0.0682897
58 0.0731705 0.0727017
59 0.0773482 0.0768269
60 0.0812207 0.0806488
61 0.0847726 0.0841524
62 0.08799 0.087324
63 0.0908601 0.0901509
64 0.0933717 0.092622
65 0.0955147 0.0947276
66 0.0972808 0.0964593
67 0.098663 0.0978104
68 0.0996558 0.0987754
69 0.100255 0.0993507
70 0.100459 0.0995338
71 0.100266 0.0993241
72 0.0996781 0.0987224
73 0.0986964 0.0977311
74 0.0973252 0.0963542
75 0.0955698 0.0945969
76 0.0934373 0.0924663
77 0.0909361 0.0899708
78 0.0880759 0.0871203
79 0.0848682 0.0839259
80 0.0813255 0.0804002
81 0.0774619 0.0765573
82 0.0732926 0.0724123
83 0.068834 0.0679814
84 0.0641038 0.0632823
85 0.0591205 0.0583334
86 0.053904 0.0531543
87 0.0484747 0.0477655
88 0.0428541 0.0421881
89 0.0370644 0.0364442
90 0.0311284 0.0305565
91 0.0250696 0.0245482
92 0.0189118 0.0184431
93 0.0126794 0.0122651
94 0.00639691 0.00603876
95 8.92079e-05 -0.00021144
96 -0.00621885 -0.0064608
97 -0.0125024 -0.0126847
98 -0.0187365 -0.0188585
99 -0.0248968 -0.0249578
100 -0.0309587 -0.0309587
101 -0.0368985 -0.0368374
102 -0.0426927 -0.0425707
103 -0.0483184 -0.0481361
104 -0.0537533 -0.0535114
105 -0.0589762 -0.0586755
106 -0.0639663 -0.0636081
107 -0.0687039 -0.0682897
108 -0.0731705 -0.0727017
109 -0.0773482 -0.0768269
110 -0.0812207 -0.0806488
111 -0.0847726 -0.0841524
112 -0.08799 -0.087324
113 -0.0908601 -0.0901509
114 -0.0933717 -0.092622
115 -0.0955147 -0.0947276
116 -0.0972808 -0.0964593
117 -0.098663 -0.0978104
118 -0.0996558 -0.0987754
119 -0.100255 -0.0993507
120 -0.100459 -0.0995338
121 -0.100266 -0.0993241
122 -0.0996781 -0.0987224
123 -0.0986964 -0.0977311
124 -0.0973252 -0.0963542
125 -0.0955698 -0.0945969
126 -0.0934373 -0.0924663
127 -0.0909361 -0.0899708
128 -0.0880759 -0.0871203
129 -0.0848682 -0.0839259
130 -0.0813255 -0.0804002
131 -0.0774619 -0.0765573
132 -0.0732926 -0.0724123
133 -0.068834 -0.0679814
134 -0.0641038 -0.0632823
135 -0.0591205 -0.0583334
136 -0.053904 -0.0531543
137 -0.0484747 -0.0477655
138 -0.0428541 -0.0421881
139 -0.0370644 -0.0364442
140 -0.0311284 -0.0305565
141 -0.0250696 -0.0245482
142 -0.0189118 -0.0184431
143 -0.0126794 -0.0122651
144 -0.00639691 -0.00603876
145 -8.92079e-05 0.00021144
146 0.00621885 0.0064608
147 0.0125024 0.0126847
148 0.0187365 0.0188585
149 0.0248968 0.0249578
150 0.0309587 0.0309587
151 0.0368985 0.0368374
152 0.0426927 0.0425707
153 0.0483184 0.0481361
154 0.0537533 0.0535114
155 0.0589762 0.0586755
156 0.0639663 0.0636081
157 0.0687039 0.0682897
158 0.0731705 0.0727017
159 0.0773482 0.0768269
160 0.0812207 0.0806488
161 0.0847726 0.0841524
162 0.08799 0.087324
163 0.0908601 0.0901509
164 0.0933717 0.092622
165 0.0955147 0.0947276
166 0.0972808 0.0964593
167 0.098663 0.0978104
168 0.0996558 0.0987754
169 0.100255 0.0993507
170 0.100459 0.0995338
171 0.100266 0.0993241
172 0.0996781 0.0987224
173 0.0986964 0.0977311
174 0.0973252 0.0963542
175 0.0955698 0.0945969
176 0.0934373 0.0924663
177 0.0909361 0.0899708
178 0.0880759 0.0871203
179 0.0848682 0.0839259
180 0.0813255 0.0804002
181 0.0774619 0.0765573
182 0.0732926 0.0724123
183 0.068834 0.0679814
184 0.0641038 0.0632823
185 0.0591205 0.0583334
186 0.053904 0.0531543
187 0.0484747 0.0477655
188 0.0428541 0.0421881
189 0.0370644 0.0364442
190 0.0311284 0.0305565
191 0.0250696 0.0245482
192 0.0189118 0.0184431
193 0.0126794 0.0122651
194 0.00639691 0.00603876
195 8.92079e-05 -0.00021144
196 -0.00621885 -0.0064608
197 -0.0125024 -0.0126847
198 -0.0187365 -0.0188585
199 -0.0248968 -0.0249578
200 -0.0309587 -0.0309587
201 -0.0368985 -0.0368374
202 -0.0426927 -0.0425707
203 -0.0483184 -0.0481361
204 -0.0537533 -0.0535114
205 -0.0589762 -0.0586755
206 -0.0639663 -0.0636081
207 -0.0687039 -0.0682897
208 -0.0731705 -0.0727017
209 -0.0773482 -0.0768269
210 -0.0812207 -0.0806488
211 -0.0847726 -0.0841524
212 -0.08799 -0.087324
213 -0.0908601 -0.0901509
214 -0.0933717 -0.092622
215 -0.0955147 -0.0947276
216 -0.0972808 -0.0964593
217 -0.098663 -0.0978104
218 -0.0996558 -0.0987754
219 -0.100255 -0.0993507
220 -0.100459 -0.0995338
221 -0.100266 -0.0993241
222 -0.0996781 -0.0987224
223 -0.0986964 -0.0977311
224 -0.0973252 -0.0963542
225 -0.0955698 -0.0945969
226 -0.0934373 -0.0924663
227 -0.0909361 -0.0899708
228 -0.0880759 -0.0871203
229 -0.0848682 -0.0839259
230 -0.0813255 -0.0804002
231 -0.0774619 -0.0765573
232 -0.0732926 -0.0724123
233 -0.068834 -0.0679814
234 -0.0641038 -0.0632823
235 -0.0591205 -0.0583334
236 -0.053904 -0.0531543
237 -0.0484747 -0.0477655
238 -0.0428541 -0.0421881
239 -0.0370644 -0.0364442
240 -0.0311284 -0.0305565
241 -0.0250696 -0.0245482
242 -0.0189118 -0.0184431
243 -0.0126794 -0.0122651
244 -0.00639691 -0.00603876
245 -8.92079e-05 0.00021144
246 0.00621885 0.0064608
247 0.0125024 0.0126847
248 0.0187365 0.0188585
249 0.0248968 0.0249578
250 0.0309587 0.0309587
251 0.0368985 0.0368374
252 0.0426927 0.0425707
253 0.0483184 0.0481361
254 0.0537533 0.0535114
255 0.0589762 0.0586755
256 0.0639663 0.0636081
257 0.0687039 0.0682897
258 0.0731705 0.0727017
259 0.0773482 0.0768269
260 0.0812207 0.0806488
261 0.0847726 0.0841524
262 0.08799 0.087324
263 0.0908601 0.0901509
264 0.0933717 0.092622
265 0.0955147 0.0947276
266 0.0972808 0.0964593
267 0.098663 0.0978104
268 0.0996558 0.0987754
269 0.100255 0.0993507
270 0.100459 0.0995338
271 0.100266 0.0993241
272 0.0996781 0.0987224
273 0.0986964 0.0977311
274 0.0973252 0.0963542
275 0.0955698 0.0945969
276 0.0934373 0.0924663
277 0.0909361 0.0899708
278 0.0880759 0.0871203
279 0.0848682 0.0839259
280 0.0813255 0.0804002
281 0.0774619 0.0765573
282 0.0732926 0.0724123
283 0.068834 0.0679814
284 0.0641038 0.0632823
285 0.0591205 0.0583334
286 0.053904 0.0531543
287 0.0484747 0.0477655
288 0.0428541 0.0421881
289 0.0370644 0.0364442
290 0.0311284 0.0305565
291 0.0250696 0.0245482
292 0.0189118 0.0184431
293 0.0126794 0.0122651
294 0.00639691 0.00603876
295 8.92079e-05 -0.00021144
296 -0.00621885 -0.0064608
297 -0.0125024 -0.0126847
298 -0.0187365 -0.0188585
299 -0.0248968 -0.0249578
300 -0.0309587 -0.0309587
301 -0.0368985 -0.0368374
302 -0.0426927 -0.0425707
303 -0.0483184 -0.0481361
304 -0.0537533 -0.0535114
305 -0.0589762 -0.0586755
306 -0.0639663 -0.0636081
307 -0.0687039 -0.0682897
308 -0.0731705 -0.0727017
309 -0.0773482 -0.0768269
310 -0.0812207 -0.0806488
311 -0.0847726 -0.0841524
312 -0.08799 -0.087324
313 -0.0908601 -0.0901509
314 -0.0933717 -0.092622
315 -0.0955147 -0.0947276
316 -0.0972808 -0.0964593
317 -0.098663 -0.0978104
318 -0.0996558 -0.0987754
319 -0.100255 -0.0993507
320 -0.100459 -0.0995338
321 -0.100266 -0.0993241
322 -0.0996781 -0.0987224
323 -0.0986964 -0.0977311
324 -0.0973252 -0.0963542
325 -0.0955698 -0.0945969
326 -0.0934373 -0.0924663
327 -0.0909361 -0.0899708
328 -0.0880759 -0.0871203
329 -0.0848682 -0.0839259
330 -0.0813255 -0.0804002
331 -0.0774619 -0.0765573
332 -0.0732926 -0.0724123
333 -0.068834 -0.0679814
334 -0.0641038 -0.0632823
335 -0.0591205 -0.0583334
336 -0.053904 -0.0531543
337 -0.0484747 -0.0477655
338 -0.0428541 -0.0421881
339 -0.0370644 -0.0364442
340 -0.0311284 -0.0305565
341 -0.0250696 -0.0245482
342 -0.0189118 -0.0184431
343 -0.0126794 -0.0122651
344 -0.00639691 -0.00603876
345 -8.92079e-05 0.00021144
346 0.00621885 0.0064608
347 0.0125024 0.0126847
348 0.0187365 0.0188585
349 0.0248968 0.0249578
350 0.0309587 0.0309587
351 0.0368985 0.0368374
352 0.0426927 0.0425707
353 0.0483184 0.0481361
354 0.0537533 0.0535114
355 0.0589762 0.0586755
356 0.0639663 0.0636081
357 0.0687039 0.0682897
358 0.0731705 0.0727017
359 0.0773482 0.0768269
360 0.0812207 0.0806488
361 0.0847726 0.0841524
362 0.08799 0.087324
363 0.0908601 0.0901509
364 0.0933717 0.092622
365 0.0955147 0.0947276
366 0.0972808 0.0964593
367 0.098663 0.0978104
368 0.0996558 0.0987754
369 0.100255 0.0993507
370 0.100459 0.0995338
371 0.100266 0.0993241
372 0.0996781 0.0987224
373 0.0986964 0.0977311
374 0.0973252 0.0963542
375 0.0955698 0.0945969
376 0.0934373 0.0924663
377 0.0909361 0.0899708
378 0.0880759 0.0871203
379 0.0848682 0.0839259
380 0.0813255 0.0804002
381 0.0774619 0.0765573
382 0.0732926 0.0724123
383 0.068834 0.0679814
384 0.0641038 0.0632823
385 0.0591205 0.0583334
386 0.053904 0.0531543
387 0.0484747 0.0477655
388 0.0428541 0.0421881
389 0.0370644 0.0364442
390 0.0311284 0.0305565
391 0.0250696 0.0245482
392 0.0189118 0.0184431
393 0.0126794 0.0122651
394 0.00639691 0.00603876
395 8.92079e-05 -0.00021144
396 -0.00621885 -0.0064608
397 -0.0125024 -0.0126847
398 -0.0187365 -0.0188585
399 -0.0248968 -0.0249578
400 -0.0309587 -0.0309587
401 -0.0368985 -0.0368374
402 -0.0426927 -0.0425707
403 -0.0483184 -0.0481361
404 -0.0537533 -0.0535114
405 -0.0589762 -0.0586755
406 -0.0639663 -0.0636081
407 -0.0687039 -0.0682897
408 -0.0731705 -0.0727017
409 -0.0773482 -0.0768269
410 -0.0812207 -0.0806488
411 -0.0847726 -0.0841524
412 -0.08799 -0.087324
413 -0.0908601 -0.0901509
414 -0.0933717 -0.092622
415 -0.0955147 -0.0947276
416 -0.0972808 -0.0964593
417 -0.098663 -0.0978104
418 -0.0996558 -0.0987754
419 -0.100255 -0.0993507
420 -0.100459 -0.0995338
421 -0.100266 -0.0993241
422 -0.0996781 -0.0987224
423 -0.0986964 -0.0977311
424 -0.0973252 -0.0963542
425 -0.0955698 -0.0945969
426 -0.0934373 -0.0924663
427 -0.0909361 -0.0899708
428 -0.0880759 -0.0871203
429 -0.0848682 -0.0839259
430 -0.0813255 -0.0804002
431 -0.0774619 -0.0765573
432 -0.0732926 -0.0724123
433 -0.068834 -0.0679814
434 -0.0641038 -0.0632823
435 -0.0591205 -0.0583334
436 -0.053904 -0.0531543
437 -0.0484747 -0.0477655
438 -0.0428541 -0.0421881
439 -0.0370644 -0.0364442
440 -0.0311284 -0.0305565
441 -0.0250696 -0.0245482
442 -0.0189118 -0.0184431
443 -0.0126794 -0.0122651
444 -0.00639691 -0.00603876
445 -8.92079e-05 0.00021144
446 0.00621885 0.0064608
447 0.0125024 0.0126847
448 0.0187365 0.0188585
449 0.0248968 0.0249578
450 0.0309587 0.0309587
451 0.0368985 0.0368374
452 0.0426927 0.0425707
453 0.0483184 0.0481361
454 0.0537533 0.0535114
455 0.0589762 0.0586755
456 0.0639663 0.0636081
457 0.0687039 0.0682897
458 0.0731705 0.0727017
459 0.0773482 0.0768269
460 0.0812207 0.0806488
461 0.0847726 0.0841524
462 0.08799 0.087324
463 0.0908601 0.0901509
464 0.0933717 0.092622
465 0.0955147 0.0947276
466 0.0972808 0.0964593
467 0.098663 0.0978104
468 0.0996558 0.0987754
469 0.100255 0.0993507
470 0.100459 0.0995338
471 0.100266 0.0993241
472 0.0996781 0.0987224
473 0.0986964 0.0977311
474 0.0973252 0.0963542
475 0.0955698 0.0945969
476 0.0934373 0.0924663
477 0.0909361 0.0899708
478 0.0880759 0.0871203
479 0.0848682 0.0839259
480 0.0813255 0.0804002
481 0.0774619 0.0765573
482 0.0732926 0.0724123
483 0.068834 0.0679814
484 0.0641038 0.0632823
485 0.0591205 0.0583334
486 0.053904 0.0531543
487 0.0484747 0.0477655
488 0.0428541 0.0421881
489 0.0370644 0.0364442
490 0.0311284 0.0305565
491 0.0250696 0.0245482
492 0.0189118 0.0184431
493 0.0126794 0.0122651
494 0.00639691 0.00603876
495 8.92079e-05 -0.00021144
496 -0.00621885 -0.0064608
497 -0.0125024 -0.0126847
498 -0.0187365 -0.0188585
499 -0.0248968 -0.0249578
500 -0.0309587 -0.0309587
501 -0.0368985 -0.0368374
502 -0.0426927 -0.0425707
503 -0.0483184 -0.0481361
504 -0.0537533 -0.0535114
505 -0.0589762 -0.0586755
506 -0.0639663 -0.0636081
507 -0.0687039 -0.0682897
508 -0.0731705 -0.0727017
509 -0.0773482 -0.0768269
510 -0.0812207 -0.0806488
511 -0.0847726 -0.0841524
512 -0.08799 -0.087324
513 -0.0908601 -0.0901509
514 -0.0933717 -0.092622
515 -0.0955147 -0.0947276
516 -0.0972808 -0.0964593
517 -0.098663 -0.0978104
518 -0.0996558 -0.0987754
519 -0.100255 -0.0993507
520 -0.100459 -0.0995338
521 -0.100266 -0.0993241
522 -0.0996781 -0.0987224
523 -0.0986964 -0.0977311
524 -0.0973252 -0.0963542
525 -0.0955698 -0.0945969
526 -0.0934373 -0.0924663
527 -0.0909361 -0.0899708
528 -0.0880759 -0.0871203
529 -0.0848682 -0.0839259
530 -0.0813255 -0.0804002
531 -0.0774619 -0.0765573
532 -0.0732926 -0.0724123
533 -0.068834 -0.0679814
534 -0.0641038 -0.0632823
535 -0.0591205 -0.0583334
536 -0.053904 -0.0531543
537 -0.0484747 -0.0477655
538 -0.0428541 -0.0421881
539 -0.0370644 -0.0364442
540 -0.0311284 -0.0305565
541 -0.0250696 -0.0245482
542 -0.0189118 -0.0184431
543 -0.0126794 -0.0122651
544 -0.00639691 -0.00603876
545 -8.92079e-05 0.00021144
546 0.00621885 0.0064608
547 0.0125024 0.0126847
548 0.0187365 0.0188585
549 0.0248968 0.0249578
550 0.0309587 0.0309587
551 0.0368985 0.0368374
552 0.0426927 0.0425707
553 0.0483184 0.0481361
554 0.0537533 0.0535114
555 0.0589762 0.0586755
556 0.0639663 0.0636081
557 0.0687039 0.0682897
558 0.0731705 0.0727017
559 0.0773482 0.0768269
560 0.0812207 0.0806488
561 0.0847726 0.0841524
562 0.08799 0.087324
563 0.0908601 0.0901509
564 0.0933717 0.092622
565 0.0955147 0.0947276
566 0.0972808 0.0964593
567 0.098663 0.0978104
568 0.0996558 0.0987754
569 0.100255 0.0993507
570 0.100459 0.0995338
571 0.100266 0.0993241
572 0.0996781 0.0987224
573 0.0986964 0.0977311
574 0.0973252 0.0963542
575 0.0955698 0.0945969
576 0.0934373 0.0924663
577 0.0909361 0.0899708
578 0.0880759 0.0871203
579 0.0848682 0.0839259
580 0.0813255 0.0804002
581 0.0774619 0.0765573
582 0.0732926 0.0724123
583 0.068834 0.0679814
584 0.0641038 0.0632823
585 0.0591205 0.0583334
586 0.053904 0.0531543
587 0.0484747 0.0477655
588 0.0428541 0.0421881
589 0.0370644 0.0364442
590 0.0311284 0.0305565
591 0.0250696 0.0245482
592 0.0189118 0.0184431
593 0.0126794 0.0122651
594 0.00639691 0.00603876
595 8.92079e-05 -0.00021144
596 -0.00621885 -0.0064608
597 -0.0125024 -0.0126847
598 -0.0187365 -0.0188585
599 -0.0248968 -0.0249578
600 -0.0309587 -0.0309587
601 -0.0368985 -0.0368374
602 -0.0426927 -0.0425707
603 -0.0483184 -0.0481361
604 -0.0537533 -0.0535114
605 -0.0589762 -0.0586755
606 -0.0639663 -0.0636081
607 -0.0687039 -0.0682897
608 -0.0731705 -0.0727017
609 -0.0773482 -0.0768269
610 -0.0812207 -0.0806488
611 -0.0847726 -0.0841524
612 -0.08799 -0.087324
613 -0.0908601 -0.0901509
614 -0.0933717 -0.092622
615 -0.0955147 -0.0947276
616 -0.0972808 -0.0964593
617 -0.098663 -0.0978104
618 -0.0996558 -0.0987754
619 -0.100255 -0.0993507
620 -0.100459 -0.0995338
621 -0.100266 -0.0993241
622 -0.0996781 -0.0987224
623 -0.0986964 -0.0977311
624 -0.0973252 -0.0963542
625 -0.0955698 -0.0945969
626 -0.0934373 -0.0924663
627 -0.0909361 -0.0899708
628 -0.0880759 -0.0871203
629 -0.0848682 -0.0839259
630 -0.0813255 -0.0804002
631 -0.0774619 -0.0765573
632 -0.0732926 -0.0724123
633 -0.068834 -0.0679814
634 -0.0641038 -0.0632823
635 -0.0591205 -0.0583334
636 -0.053904 -0.0531543
637 -0.0484747 -0.0477655
638 -0.0428541 -0.0421881
639 -0.0370644 -0.0364442
640 -0.0311284 -0.0305565
641 -0.0250696 -0.0245482
642 -0.0189118 -0.0184431
643 -0.0126794 -0.0122651
644 -0.00639691 -0.00603876
645 -8.92079e-05 0.00021144
646 0.00621885 0.0064608
647 0.0125024 0.0126847
648 0.0187365 0.0188585
649 0.0248968 0.0249578
650 0.0309587 0.0309587
651 0.0368985 0.0368374
652 0.0426927 0.0425707
653 0.0483184 0.0481361
654 0.0537533 0.0535114
655 0.0589762 0.0586755
656 0.0639663 0.0636081
657 0.0687039 0.0682897
658 0.0731705 0.0727017
659 0.0773482 0.0768269
660 0.0812207 0.0806488
661 0.0847726 0.0841524
662 0.08799 0.087324
663 0.0908601 0.0901509
664 0.0933717 0.092622
665 0.0955147 0.0947276
666 0.0972808 0.0964593
667 0.098663 0.0978104
668 0.0996558 0.0987754
669 0.100255 0.0993507
670 0.100459 0.0995338
671 0.100266 0.0993241
672 0.0996781 0.0987224
673 0.0986964 0.0977311
674 0.0973252 0.0963542
675 0.0955698 0.0945969
676 0.0934373 0.0924663
677 0.0909361 0.0899708
678 0.0880759 0.0871203
679 0.0848682 0.0839259
680 0.0813255 0.0804002
681 0.0774619 0.0765573
682 0.0732926 0.0724123
683 0.068834 0.0679814
684 0.0641038 0.0632823
685 0.0591205 0.0583334
686 0.053904 0.0531543
687 0.0484747 0.0477655
688 0.0428541 0.0421881
689 0.0370644 0.0364442
690 0.0311284 0.0305565
691 0.0250696 0.0245482
692 0.0189118 0.0184431
693 0.0126794 0.0122651
694 0.00639691 0.00603876
695 8.92079e-05 -0.00021144
696 -0.00621885 -0.0064608
697 -0.0125024 -0.0126847
698 -0.0187365 -0.0188585
699 -0.0248968 -0.0249578
700 -0.0309587 -0.0309587
701 -0.0368985 -0.0368374
702 -0.0426927 -0.0425707
703 -0.0483184 -0.0481361
704 -0.0537533 -0.0535114
705 -0.0589762 -0.0586755
706 -0.0639663 -0.0636081
707 -0.0687039 -0.0682897
708 -0.0731705 -0.0727017
709 -0.0773482 -0.0768269
710 -0.0812207 -0.0806488
711 -0.0847726 -0.0841524
712 -0.08799 -0.087324
713 -0.0908601 -0.0901509
714 -0.0933717 -0.092622
715 -0.0955147 -0.0947276
716 -0.0972808 -0.0964593
717 -0.098663 -0.0978104
718 -0.0996558 -0.0987754
719 -0.100255 -0.0993507
720 -0.100459 -0.0995338
721 -0.100266 -0.0993241
722 -0.0996781 -0.0987224
723 -0.0986964 -0.0977311
724 -0.0973252 -0.0963542
725 -0.0955698 -0.0945969
726 -0.0934373 -0.0924663
727 -0.0909361 -0.0899708
728 -0.0880759 -0.0871203
729 -0.0848682 -0.0839259
730 -0.0813255 -0.0804002
731 -0.0774619 -0.0765573
732 -0.0732926 -0.0724123
733 -0.068834 -0.0679814
734 -0.0641038 -0.0632823
735 -0.0591205 -0.0583334
736 -0.053904 -0.0531543
737 -0.0484747 -0.0477655
738 -0.0428541 -0.0421881
739 -0.0370644 -0.0364442
740 -0.0311284 -0.0305565
741 -0.0250696 -0.0245482
742 -0.0189118 -0.0184431
743 -0.0126794 -0.0122651
744 -0.00639691 -0.00603876
745 -8.92079e-05 0.00021144
746 0.00621885 0.0064608
747 0.0125024 0.0126847
748 0.0187365 0.0188585
749 0.0248968 0.0249578
750 0.0309587 0.0309587
751 0.0368985 0.0368374
752 0.0426927 0.0425707
753 0.0483184 0.0481361
754 0.0537533 0.0535114
755 0.0589762 0.0586755
756 0.0639663 0.0636081
757 0.0687039 0.0682897
758 0.0731705 0.0727017
759 0.0773482 0.0768269
760 0.0812207 0.0806488
761 0.0847726 0.0841524
762 0.08799 0.087324
763 0.0908601 0.0901509
764 0.0933717 0.092622
765 0.0955147 0.0947276
766 0.0972808 0.0964593
767 0.098663 0.0978104
768 0.0996558 0.0987754
769 0.100255 0.0993507
770 0.100459 0.0995338
771 0.100266 0.0993241
772 0.0996781 0.0987224
773 0.0986964 0.0977311
774 0.0973252 0.0963542
775 0.0955698 0.0945969
776 0.0934373 0.0924663
777 0.0909361 0.0899708
778 0.0880759 0.0871203
779 0.0848682 0.0839259
780 0.0813255 0.0804002
781 0.0774619 0.0765573
782 0.0732926 0.0724123
783 0.068834 0.0679814
784 0.0641038 0.0632823
785 0.0591205 0.0583334
786 0.053904 0.0531543
787 0.0484747 0.0477655
788 0.0428541 0.0421881
789 0.0370644 0.0364442
790 0.0311284 0.0305565
791 0.0250696 0.0245482
792 0.0189118 0.0184431
793 0.0126794 0.0122651
794 0.00639691 0.00603876
795 8.92079e-05 -0.00021144
796 -0.00621885 -0.0064608
797 -0.0125024 -0.0126847
798 -0.0187365 -0.0188585
799 -0.0248968 -0.0249578
800 -0.0309587 -0.0309587
801 -0.0368985 -0.0368374
802 -0.0426927 -0.0425707
803 -0.0483184 -0.0481361
804 -0.0537533 -0.0535114
805 -0.0589762 -0.0586755
806 -0.0639663 -0.0636081
807 -0.0687039 -0.0682897
808 -0.0731705 -0.0727017
809 -0.0773482 -0.0768269
810 -0.0812207 -0.0806488
811 -0.0847726 -0.0841524
812 -0.08799 -0.087324
813 -0.0908601 -0.0901509
814 -0.0933717 -0.092622
815 -0.0955147 -0.0947276
816 -0.0972808 -0.0964593
817 -0.098663 -0.0978104
818 -0.0996558 -0.0987754
819 -0.100255 -0.0993507
820 -0.100459 -0.0995338
821 -0.100266 -0.0993241
822 -0.0996781 -0.0987224
823 -0.0986964 -0.0977311
824 -0.0973252 -0.0963542
825 -0.0955698 -0.0945969
826 -0.0934373 -0.0924663
827 -0.0909361 -0.0899708
828 -0.0880759 -0.0871203
829 -0.0848682 -0.0839259
830 -0.0813255 -0.0804002
831 -0.0774619 -0.0765573
832 -0.0732926 -0.0724123
833 -0.068834 -0.0679814
834 -0.0641038 -0.0632823
835 -0.0591205 -0.0583334
836 -0.053904 -0.0531543
837 -0.0484747 -0.0477655
838 -0.0428541 -0.0421881
839 -0.0370644 -0.0364442
840 -0.0311284 -0.0305565
841 -0.0250696 -0.0245482
842 -0.0189118 -0.0184431
843 -0.0126794 -0.0122651
844 -0.00639691 -0.00603876
845 -8.92079e-05 0.00021144
846 0.00621885 0.0064608
847 0.0125024 0.0126847
848 0.0187365 0.0188585
849 0.0248968 0.0249578
850 0.0309587 0.0309587
851 0.0368985 0.0368374
852 0.0426927 0.0425707
853 0.0483184 0.0481361
854 0.0537533 0.0535114
855 0.0589762 0.0586755
856 0.0639663 0.0636081
857 0.0687039 0.0682897
858 0.0731705 0.0727017
859 0.0773482 0.0768269
860 0.0812207 0.0806488
861 0.0847726 0.0841524
862 0.08799 0.087324
863 0.0908601 0.0901509
864 0.0933717 0.092622
865 0.0955147 0.0947276
866 0.0972808 0.0964593
867 0.098663 0.0978104
868 0.0996558 0.0987754
869 0.100255 0.0993507
870 0.100459 0.0995338
871 0.100266 0.0993241
872 0.0996781 0.0987224
873 0.0986964 0.0977311
874 0.0973252 0.0963542
875 0.0955698 0.0945969
876 0.0934373 0.0924663
877 0.0909361 0.0899708
878 0.0880759 0.0871203
879 0.0848682 0.0839259
880 0.0813255 0.0804002
881 0.0774619 0.0765573
882 0.0732926 0.0724123
883 0.068834 0.0679814
884 0.0641038 0.0632823
885 0.0591205 0.0583334
886 0.053904 0.0531543
887 0.0484747 0.0477655
888 0.0428541 0.0421881
889 0.0370644 0.0364442
890 0.0311284 0.0305565
891 0.0250696 0.0245482
892 0.0189118 0.0184431
893 0.0126794 0.0122651
894 0.00639691 0.00603876
895 8.92079e-05 -0.00021144
896 -0.00621885 -0.0064608
897 -0.0125024 -0.0126847
898 -0.0187365 -0.0188585
899 -0.0248968 -0.0249578
900 -0.0309587 -0.0309587
901 -0.0368985 -0.0368374
902 -0.0426927 -0.0425707
903 -0.0483184 -0.0481361
904 -0.0537533 -0.0535114
905 -0.0589762 -0.0586755
906 -0.0639663 -0.0636081
907 -0.0687039 -0.0682897
908 -0.0731705 -0.0727017
909 -0.0773482 -0.0768269
910 -0.0812207 -0.0806488
911 -0.0847726 -0.0841524
912 -0.08799 -0.087324
913 -0.0908601 -0.0901509
914 -0.0933717 -0.092622
915 -0.0955147 -0.0947276
916 -0.0972808 -0.0964593
917 -0.098663 -0.0978104
918 -0.0996558 -0.0987754
919 -0.100255 -0.0993507
920 -0.100459 -0.0995338
921 -0.100266 -0.0993241
922 -0.0996781 -0.0987224
923 -0.0986964 -0.0977311
924 -0.0973252 -0.0963542
925 -0.0955698 -0.0945969
926 -0.0934373 -0.0924663
927 -0.0909361 -0.0899708
928 -0.0880759 -0.0871203
929 -0.0848682 -0.0839259
930 -0.0813255 -0.0804002
931 -0.0774619 -0.0765573
932 -0.0732926 -0.0724123
933 -0.068834 -0.0679814
934 -0.0641038 -0.0632823
935 -0.0591205 -0.0583334
936 -0.053904 -0.0531543
937 -0.0484747 -0.0477655
938 -0.0428541 -0.0421881
939 -0.0370644 -0.0364442
940 -0.0311284 -0.0305565
941 -0.0250696 -0.0245482
942 -0.0189118 -0.0184431
943 -0.0126794 -0.0122651
944 -0.00639691 -0.00603876
945 -8.92079e-05 0.00021144
946 0.00621885 0.0064608
947 0.0125024 0.0126847
948 0.0187365 0.0188585
949 0.0248968 0.0249578
950 0.0309587 0.0309587
951 0.0368985 0.0368374
952 0.0426927 0.0425707
953 0.0483184 0.0481361
954 0.0537533 0.0535114
955 0.0589762 0.0586755
956 0.0639663 0.0636081
957 0.0687039 0.0682897
958 0.0731705 0.0727017
959 0.0773482 0.0768269
960 0.0812207 0.0806488
961 0.0847726 0.0841524
962 0.08799 0.087324
963 0.0908601 0.0901509
964 0.0933717 0.092622
965 0.0955147 0.0947276
966 0.0972808 0.0964593
967 0.098663 0.0978104
968 0.0996558 0.0987754
969 0.100255 0.0993507
970 0.100459 0.0995338
971 0.100266 0.0993241
972 0.0996781 0.0987224
973 0.0986964 0.0977311
974 0.0973252 0.0963542
975 0.0955698 0.0945969
976 0.0934373 0.0924663
977 0.0909361 0.0899708
978 0.0880759 0.0871203
979 0.0848682 0.0839259
980 0.0813255 0.0804002
981 0.0774619 0.0765573
982 0.0732926 0.0724123
983 0.068834 0.0679814
984 0.0641038 0.0632823
985 0.0591205 0.0583334
986 0.053904 0.0531543
987 0.0484747 0.0477655
988 0.0428541 0.0421881
989 0.0370644 0.0364442
990 0.0311284 0.0305565
991 0.0250696 0.0245482
992 0.0189118 0.0184431
993 0.0126794 0.0122651
994 0.00639691 0.00603876
995 8.92079e-05 -0.00021144
996 -0.00621885 -0.0064608
997 -0.0125024 -0.0126847
998 -0.0187365 -0.0188585
999 -0.0248968 -0.0249578
