0 0.080475 0.080475
1 0.0841204 0.0839616
2 0.0874338 0.0871168
3 0.0904021 0.0899282
4 0.0930137 0.0923848
5 0.0952582 0.0944767
6 0.0971268 0.0961958
7 0.098612 0.0975352
8 0.0997081 0.0984897
9 0.100411 0.0990555
10 0.100717 0.0992304
11 0.100626 0.0990136
12 0.100137 0.0984061
13 0.0992539 0.0974103
14 0.0979786 0.09603
15 0.0963167 0.0942707
16 0.0942747 0.0921394
17 0.0918606 0.0896444
18 0.089084 0.0867957
19 0.0859558 0.0836044
20 0.0824884 0.0800831
21 0.0786954 0.0762458
22 0.0745919 0.0721077
23 0.070194 0.0676849
24 0.065519 0.062995
25 0.0605855 0.0580565
26 0.0554129 0.0528889
27 0.0500216 0.0475125
28 0.0444329 0.0419486
29 0.0386688 0.0362192
30 0.0327521 0.0303469
31 0.0267062 0.0243547
32 0.0205548 0.0182665
33 0.0143224 0.0121062
34 0.00803339 0.00589806
35 0.0017127 -0.000333325
36 -0.00461474 -0.00656339
37 -0.010924 -0.0127676
38 -0.0171901 -0.0189213
39 -0.0233884 -0.0250004
40 -0.0294944 -0.0309809
41 -0.0354839 -0.0368391
42 -0.0413335 -0.0425518
43 -0.0470199 -0.0480967
44 -0.0525207 -0.0534517
45 -0.0578143 -0.0585958
46 -0.0628797 -0.0635087
47 -0.067697 -0.0681708
48 -0.072247 -0.072564
49 -0.076512 -0.0766708
50 -0.080475 -0.080475
51 -0.0841204 -0.0839616
52 -0.0874338 -0.0871168
53 -0.0904021 -0.0899282
54 -0.0930137 -0.0923848
55 -0.0952582 -0.0944767
56 -0.0971268 -0.0961958
57 -0.098612 -0.0975352
58 -0.0997081 -0.0984897
59 -0.100411 -0.0990555
60 -0.100717 -0.0992304
61 -0.100626 -0.0990136
62 -0.100137 -0.0984061
63 -0.0992539 -0.0974103
64 -0.0979786 -0.09603
65 -0.0963167 -0.0942707
66 -0.0942747 -0.0921394
67 -0.0918606 -0.0896444
68 -0.089084 -0.0867957
69 -0.0859558 -0.0836044
70 -0.0824884 -0.0800831
71 -0.0786954 -0.0762458
72 -0.0745919 -0.0721077
73 -0.070194 -0.0676849
74 -0.065519 -0.062995
75 -0.0605855 -0.0580565
76 -0.0554129 -0.0528889
77 -0.0500216 -0.0475125
78 -0.0444329 -0.0419486
79 -0.0386688 -0.0362192
80 -0.0327521 -0.0303469
81 -0.0267062 -0.0243547
82 -0.0205548 -0.0182665
83 -0.0143224 -0.0121062
84 -0.00803339 -0.00589806
85 -0.0017127 0.000333325
86 0.00461474 0.00656339
87 0.010924 0.0127676
88 0.0171901 0.0189213
89 0.0233884 0.0250004
90 0.0294944 0.0309809
91 0.0354839 0.0368391
92 0.0413335 0.0425518
93 0.0470199 0.0480967
94 0.0525207 0.0534517
95 0.0578143 0.0585958
96 0.0628797 0.0635087
97 0.067697 0.0681708
98 0.072247 0.072564
99 0.076512 0.0766708
100 0.080475 0.080475
101 0.0841204 0.0839616
102 0.0874338 0.0871168
103 0.0904021 0.0899282
104 0.0930137 0.0923848
105 0.0952582 0.0944767
106 0.0971268 0.0961958
107 0.098612 0.0975352
108 0.0997081 0.0984897
109 0.100411 0.0990555
110 0.100717 0.0992304
111 0.100626 0.0990136
112 0.100137 0.0984061
113 0.0992539 0.0974103
114 0.0979786 0.09603
115 0.0963167 0.0942707
116 0.0942747 0.0921394
117 0.0918606 0.0896444
118 0.089084 0.0867957
119 0.0859558 0.0836044
120 0.0824884 0.0800831
121 0.0786954 0.0762458
122 0.0745919 0.0721077
123 0.070194 0.0676849
124 0.065519 0.062995
125 0.0605855 0.0580565
126 0.0554129 0.0528889
127 0.0500216 0.0475125
128 0.0444329 0.0419486
129 0.0386688 0.0362192
130 0.0327521 0.0303469
131 0.0267062 0.0243547
132 0.0205548 0.0182665
133 0.0143224 0.0121062
134 0.00803339 0.00589806
135 0.0017127 -0.000333325
136 -0.00461474 -0.00656339
137 -0.010924 -0.0127676
138 -0.0171901 -0.0189213
139 -0.0233884 -0.0250004
140 -0.0294944 -0.0309809
141 -0.0354839 -0.0368391
142 -0.0413335 -0.0425518
143 -0.0470199 -0.0480967
144 -0.0525207 -0.0534517
145 -0.0578143 -0.0585958
146 -0.0628797 -0.0635087
147 -0.067697 -0.0681708
148 -0.072247 -0.072564
149 -0.076512 -0.0766708
150 -0.080475 -0.080475
151 -0.0841204 -0.0839616
152 -0.0874338 -0.0871168
153 -0.0904021 -0.0899282
154 -0.0930137 -0.0923848
155 -0.0952582 -0.0944767
156 -0.0971268 -0.0961958
157 -0.098612 -0.0975352
158 -0.0997081 -0.0984897
159 -0.100411 -0.0990555
160 -0.100717 -0.0992304
161 -0.100626 -0.0990136
162 -0.100137 -0.0984061
163 -0.0992539 -0.0974103
164 -0.0979786 -0.09603
165 -0.0963167 -0.0942707
166 -0.0942747 -0.0921394
167 -0.0918606 -0.0896444
168 -0.089084 -0.0867957
169 -0.0859558 -0.0836044
170 -0.0824884 -0.0800831
171 -0.0786954 -0.0762458
172 -0.0745919 -0.0721077
173 -0.070194 -0.0676849
174 -0.065519 -0.062995
175 -0.0605855 -0.0580565
176 -0.0554129 -0.0528889
177 -0.0500216 -0.0475125
178 -0.0444329 -0.0419486
179 -0.0386688 -0.0362192
180 -0.0327521 -0.0303469
181 -0.0267062 -0.0243547
182 -0.0205548 -0.0182665
183 -0.0143224 -0.0121062
184 -0.00803339 -0.00589806
185 -0.0017127 0.000333325
186 0.00461474 0.00656339
187 0.010924 0.0127676
188 0.0171901 0.0189213
189 0.0233884 0.0250004
190 0.0294944 0.0309809
191 0.0354839 0.0368391
192 0.0413335 0.0425518
193 0.0470199 0.0480967
194 0.0525207 0.0534517
195 0.0578143 0.0585958
196 0.0628797 0.0635087
197 0.067697 0.0681708
198 0.072247 0.072564
199 0.076512 0.0766708
200 0.080475 0.080475
201 0.0841204 0.0839616
202 0.0874338 0.0871168
203 0.0904021 0.0899282
204 0.0930137 0.0923848
205 0.0952582 0.0944767
206 0.0971268 0.0961958
207 0.098612 0.0975352
208 0.0997081 0.0984897
209 0.100411 0.0990555
210 0.100717 0.0992304
211 0.100626 0.0990136
212 0.100137 0.0984061
213 0.0992539 0.0974103
214 0.0979786 0.09603
215 0.0963167 0.0942707
216 0.0942747 0.0921394
217 0.0918606 0.0896444
218 0.089084 0.0867957
219 0.0859558 0.0836044
220 0.0824884 0.0800831
221 0.0786954 0.0762458
222 0.0745919 0.0721077
223 0.070194 0.0676849
224 0.065519 0.062995
225 0.0605855 0.0580565
226 0.0554129 0.0528889
227 0.0500216 0.0475125
228 0.0444329 0.0419486
229 0.0386688 0.0362192
230 0.0327521 0.0303469
231 0.0267062 0.0243547
232 0.0205548 0.0182665
233 0.0143224 0.0121062
234 0.00803339 0.00589806
235 0.0017127 -0.000333325
236 -0.00461474 -0.00656339
237 -0.010924 -0.0127676
238 -0.0171901 -0.0189213
239 -0.0233884 -0.0250004
240 -0.0294944 -0.0309809
241 -0.0354839 -0.0368391
242 -0.0413335 -0.0425518
243 -0.0470199 -0.0480967
244 -0.0525207 -0.0534517
245 -0.0578143 -0.0585958
246 -0.0628797 -0.0635087
247 -0.067697 -0.0681708
248 -0.072247 -0.072564
249 -0.076512 -0.0766708
250 -0.080475 -0.080475
251 -0.0841204 -0.0839616
252 -0.0874338 -0.0871168
253 -0.0904021 -0.0899282
254 -0.0930137 -0.0923848
255 -0.0952582 -0.0944767
256 -0.0971268 -0.0961958
257 -0.098612 -0.0975352
258 -0.0997081 -0.0984897
259 -0.100411 -0.0990555
260 -0.100717 -0.0992304
261 -0.100626 -0.0990136
262 -0.100137 -0.0984061
263 -0.0992539 -0.0974103
264 -0.0979786 -0.09603
265 -0.0963167 -0.0942707
266 -0.0942747 -0.0921394
267 -0.0918606 -0.0896444
268 -0.089084 -0.0867957
269 -0.0859558 -0.0836044
270 -0.0824884 -0.0800831
271 -0.0786954 -0.0762458
272 -0.0745919 -0.0721077
273 -0.070194 -0.0676849
274 -0.065519 -0.062995
275 -0.0605855 -0.0580565
276 -0.0554129 -0.0528889
277 -0.0500216 -0.0475125
278 -0.0444329 -0.0419486
279 -0.0386688 -0.0362192
280 -0.0327521 -0.0303469
281 -0.0267062 -0.0243547
282 -0.0205548 -0.0182665
283 -0.0143224 -0.0121062
284 -0.00803339 -0.00589806
285 -0.0017127 0.000333325
286 0.00461474 0.00656339
287 0.010924 0.0127676
288 0.0171901 0.0189213
289 0.0233884 0.0250004
290 0.0294944 0.0309809
291 0.0354839 0.0368391
292 0.0413335 0.0425518
293 0.0470199 0.0480967
294 0.0525207 0.0534517
295 0.0578143 0.0585958
296 0.0628797 0.0635087
297 0.067697 0.0681708
298 0.072247 0.072564
299 0.076512 0.0766708
300 0.080475 0.080475
301 0.0841204 0.0839616
302 0.0874338 0.0871168
303 0.0904021 0.0899282
304 0.0930137 0.0923848
305 0.0952582 0.0944767
306 0.0971268 0.0961958
307 0.098612 0.0975352
308 0.0997081 0.0984897
309 0.100411 0.0990555
310 0.100717 0.0992304
311 0.100626 0.0990136
312 0.100137 0.0984061
313 0.0992539 0.0974103
314 0.0979786 0.09603
315 0.0963167 0.0942707
316 0.0942747 0.0921394
317 0.0918606 0.0896444
318 0.089084 0.0867957
319 0.0859558 0.0836044
320 0.0824884 0.0800831
321 0.0786954 0.0762458
322 0.0745919 0.0721077
323 0.070194 0.0676849
324 0.065519 0.062995
325 0.0605855 0.0580565
326 0.0554129 0.0528889
327 0.0500216 0.0475125
328 0.0444329 0.0419486
329 0.0386688 0.0362192
330 0.0327521 0.0303469
331 0.0267062 0.0243547
332 0.0205548 0.0182665
333 0.0143224 0.0121062
334 0.00803339 0.00589806
335 0.0017127 -0.000333325
336 -0.00461474 -0.00656339
337 -0.010924 -0.0127676
338 -0.0171901 -0.0189213
339 -0.0233884 -0.0250004
340 -0.0294944 -0.0309809
341 -0.0354839 -0.0368391
342 -0.0413335 -0.0425518
343 -0.0470199 -0.0480967
344 -0.0525207 -0.0534517
345 -0.0578143 -0.0585958
346 -0.0628797 -0.0635087
347 -0.067697 -0.0681708
348 -0.072247 -0.072564
349 -0.076512 -0.0766708
350 -0.080475 -0.080475
351 -0.0841204 -0.0839616
352 -0.0874338 -0.0871168
353 -0.0904021 -0.0899282
354 -0.0930137 -0.0923848
355 -0.0952582 -0.0944767
356 -0.0971268 -0.0961958
357 -0.098612 -0.0975352
358 -0.0997081 -0.0984897
359 -0.100411 -0.0990555
360 -0.100717 -0.0992304
361 -0.100626 -0.0990136
362 -0.100137 -0.0984061
363 -0.0992539 -0.0974103
364 -0.0979786 -0.09603
365 -0.0963167 -0.0942707
366 -0.0942747 -0.0921394
367 -0.0918606 -0.0896444
368 -0.089084 -0.0867957
369 -0.0859558 -0.0836044
370 -0.0824884 -0.0800831
371 -0.0786954 -0.0762458
372 -0.0745919 -0.0721077
373 -0.070194 -0.0676849
374 -0.065519 -0.062995
375 -0.0605855 -0.0580565
376 -0.0554129 -0.0528889
377 -0.0500216 -0.0475125
378 -0.0444329 -0.0419486
379 -0.0386688 -0.0362192
380 -0.0327521 -0.0303469
381 -0.0267062 -0.0243547
382 -0.0205548 -0.0182665
383 -0.0143224 -0.0121062
384 -0.00803339 -0.00589806
385 -0.0017127 0.000333325
386 0.00461474 0.00656339
387 0.010924 0.0127676
388 0.0171901 0.0189213
389 0.0233884 0.0250004
390 0.0294944 0.0309809
391 0.0354839 0.0368391
392 0.0413335 0.0425518
393 0.0470199 0.0480967
394 0.0525207 0.0534517
395 0.0578143 0.0585958
396 0.0628797 0.0635087
397 0.067697 0.0681708
398 0.072247 0.072564
399 0.076512 0.0766708
400 0.080475 0.080475
401 0.0841204 0.0839616
402 0.0874338 0.0871168
403 0.0904021 0.0899282
404 0.0930137 0.0923848
405 0.0952582 0.0944767
406 0.0971268 0.0961958
407 0.098612 0.0975352
408 0.0997081 0.0984897
409 0.100411 0.0990555
410 0.100717 0.0992304
411 0.100626 0.0990136
412 0.100137 0.0984061
413 0.0992539 0.0974103
414 0.0979786 0.09603
415 0.0963167 0.0942707
416 0.0942747 0.0921394
417 0.0918606 0.0896444
418 0.089084 0.0867957
419 0.0859558 0.0836044
420 0.0824884 0.0800831
421 0.0786954 0.0762458
422 0.0745919 0.0721077
423 0.070194 0.0676849
424 0.065519 0.062995
425 0.0605855 0.0580565
426 0.0554129 0.0528889
427 0.0500216 0.0475125
428 0.0444329 0.0419486
429 0.0386688 0.0362192
430 0.0327521 0.0303469
431 0.0267062 0.0243547
432 0.0205548 0.0182665
433 0.0143224 0.0121062
434 0.00803339 0.00589806
435 0.0017127 -0.000333325
436 -0.00461474 -0.00656339
437 -0.010924 -0.0127676
438 -0.0171901 -0.0189213
439 -0.0233884 -0.0250004
440 -0.0294944 -0.0309809
441 -0.0354839 -0.0368391
442 -0.0413335 -0.0425518
443 -0.0470199 -0.0480967
444 -0.0525207 -0.0534517
445 -0.0578143 -0.0585958
446 -0.0628797 -0.0635087
447 -0.067697 -0.0681708
448 -0.072247 -0.072564
449 -0.076512 -0.0766708
450 -0.080475 -0.080475
451 -0.0841204 -0.0839616
452 -0.0874338 -0.0871168
453 -0.0904021 -0.0899282
454 -0.0930137 -0.0923848
455 -0.0952582 -0.0944767
456 -0.0971268 -0.0961958
457 -0.098612 -0.0975352
458 -0.0997081 -0.0984897
459 -0.100411 -0.0990555
460 -0.100717 -0.0992304
461 -0.100626 -0.0990136
462 -0.100137 -0.0984061
463 -0.0992539 -0.0974103
464 -0.0979786 -0.09603
465 -0.0963167 -0.0942707
466 -0.0942747 -0.0921394
467 -0.0918606 -0.0896444
468 -0.089084 -0.0867957
469 -0.0859558 -0.0836044
470 -0.0824884 -0.0800831
471 -0.0786954 -0.0762458
472 -0.0745919 -0.0721077
473 -0.070194 -0.0676849
474 -0.065519 -0.062995
475 -0.0605855 -0.0580565
476 -0.0554129 -0.0528889
477 -0.0500216 -0.0475125
478 -0.0444329 -0.0419486
479 -0.0386688 -0.0362192
480 -0.0327521 -0.0303469
481 -0.0267062 -0.0243547
482 -0.0205548 -0.0182665
483 -0.0143224 -0.0121062
484 -0.00803339 -0.00589806
485 -0.0017127 0.000333325
486 0.00461474 0.00656339
487 0.010924 0.0127676
488 0.0171901 0.0189213
489 0.0233884 0.0250004
490 0.0294944 0.0309809
491 0.0354839 0.0368391
492 0.0413335 0.0425518
493 0.0470199 0.0480967
494 0.0525207 0.0534517
495 0.0578143 0.0585958
496 0.0628797 0.0635087
497 0.067697 0.0681708
498 0.072247 0.072564
499 0.076512 0.0766708
500 0.080475 0.080475
501 0.0841204 0.0839616
502 0.0874338 0.0871168
503 0.0904021 0.0899282
504 0.0930137 0.0923848
505 0.0952582 0.0944767
506 0.0971268 0.0961958
507 0.098612 0.0975352
508 0.0997081 0.0984897
509 0.100411 0.0990555
510 0.100717 0.0992304
511 0.100626 0.0990136
512 0.100137 0.0984061
513 0.0992539 0.0974103
514 0.0979786 0.09603
515 0.0963167 0.0942707
516 0.0942747 0.0921394
517 0.0918606 0.0896444
518 0.089084 0.0867957
519 0.0859558 0.0836044
520 0.0824884 0.0800831
521 0.0786954 0.0762458
522 0.0745919 0.0721077
523 0.070194 0.0676849
524 0.065519 0.062995
525 0.0605855 0.0580565
526 0.0554129 0.0528889
527 0.0500216 0.0475125
528 0.0444329 0.0419486
529 0.0386688 0.0362192
530 0.0327521 0.0303469
531 0.0267062 0.0243547
532 0.0205548 0.0182665
533 0.0143224 0.0121062
534 0.00803339 0.00589806
535 0.0017127 -0.000333325
536 -0.00461474 -0.00656339
537 -0.010924 -0.0127676
538 -0.0171901 -0.0189213
539 -0.0233884 -0.0250004
540 -0.0294944 -0.0309809
541 -0.0354839 -0.0368391
542 -0.0413335 -0.0425518
543 -0.0470199 -0.0480967
544 -0.0525207 -0.0534517
545 -0.0578143 -0.0585958
546 -0.0628797 -0.0635087
547 -0.067697 -0.0681708
548 -0.072247 -0.072564
549 -0.076512 -0.0766708
550 -0.080475 -0.080475
551 -0.0841204 -0.0839616
552 -0.0874338 -0.0871168
553 -0.0904021 -0.0899282
554 -0.0930137 -0.0923848
555 -0.0952582 -0.0944767
556 -0.0971268 -0.0961958
557 -0.098612 -0.0975352
558 -0.0997081 -0.0984897
559 -0.100411 -0.0990555
560 -0.100717 -0.0992304
561 -0.100626 -0.0990136
562 -0.100137 -0.0984061
563 -0.0992539 -0.0974103
564 -0.0979786 -0.09603
565 -0.0963167 -0.0942707
566 -0.0942747 -0.0921394
567 -0.0918606 -0.0896444
568 -0.089084 -0.0867957
569 -0.0859558 -0.0836044
570 -0.0824884 -0.0800831
571 -0.0786954 -0.0762458
572 -0.0745919 -0.0721077
573 -0.070194 -0.0676849
574 -0.065519 -0.062995
575 -0.0605855 -0.0580565
576 -0.0554129 -0.0528889
577 -0.0500216 -0.0475125
578 -0.0444329 -0.0419486
579 -0.0386688 -0.0362192
580 -0.0327521 -0.0303469
581 -0.0267062 -0.0243547
582 -0.0205548 -0.0182665
583 -0.0143224 -0.0121062
584 -0.00803339 -0.00589806
585 -0.0017127 0.000333325
586 0.00461474 0.00656339
587 0.010924 0.0127676
588 0.0171901 0.0189213
589 0.0233884 0.0250004
590 0.0294944 0.0309809
591 0.0354839 0.0368391
592 0.0413335 0.0425518
593 0.0470199 0.0480967
594 0.0525207 0.0534517
595 0.0578143 0.0585958
596 0.0628797 0.0635087
597 0.067697 0.0681708
598 0.072247 0.072564
599 0.076512 0.0766708
600 0.080475 0.080475
601 0.0841204 0.0839616
602 0.0874338 0.0871168
603 0.0904021 0.0899282
604 0.0930137 0.0923848
605 0.0952582 0.0944767
606 0.0971268 0.0961958
607 0.098612 0.0975352
608 0.0997081 0.0984897
609 0.100411 0.0990555
610 0.100717 0.0992304
611 0.100626 0.0990136
612 0.100137 0.0984061
613 0.0992539 0.0974103
614 0.0979786 0.09603
615 0.0963167 0.0942707
616 0.0942747 0.0921394
617 0.0918606 0.0896444
618 0.089084 0.0867957
619 0.0859558 0.0836044
620 0.0824884 0.0800831
621 0.0786954 0.0762458
622 0.0745919 0.0721077
623 0.070194 0.0676849
624 0.065519 0.062995
625 0.0605855 0.0580565
626 0.0554129 0.0528889
627 0.0500216 0.0475125
628 0.0444329 0.0419486
629 0.0386688 0.0362192
630 0.0327521 0.0303469
631 0.0267062 0.0243547
632 0.0205548 0.0182665
633 0.0143224 0.0121062
634 0.00803339 0.00589806
635 0.0017127 -0.000333325
636 -0.00461474 -0.00656339
637 -0.010924 -0.0127676
638 -0.0171901 -0.0189213
639 -0.0233884 -0.0250004
640 -0.0294944 -0.0309809
641 -0.0354839 -0.0368391
642 -0.0413335 -0.0425518
643 -0.0470199 -0.0480967
644 -0.0525207 -0.0534517
645 -0.0578143 -0.0585958
646 -0.0628797 -0.0635087
647 -0.067697 -0.0681708
648 -0.072247 -0.072564
649 -0.076512 -0.0766708
650 -0.080475 -0.080475
651 -0.0841204 -0.0839616
652 -0.0874338 -0.0871168
653 -0.0904021 -0.0899282
654 -0.0930137 -0.0923848
655 -0.0952582 -0.0944767
656 -0.0971268 -0.0961958
657 -0.098612 -0.0975352
658 -0.0997081 -0.0984897
659 -0.100411 -0.0990555
660 -0.100717 -0.0992304
661 -0.100626 -0.0990136
662 -0.100137 -0.0984061
663 -0.0992539 -0.0974103
664 -0.0979786 -0.09603
665 -0.0963167 -0.0942707
666 -0.0942747 -0.0921394
667 -0.0918606 -0.0896444
668 -0.089084 -0.0867957
669 -0.0859558 -0.0836044
670 -0.0824884 -0.0800831
671 -0.0786954 -0.0762458
672 -0.0745919 -0.0721077
673 -0.070194 -0.0676849
674 -0.065519 -0.062995
675 -0.0605855 -0.0580565
676 -0.0554129 -0.0528889
677 -0.0500216 -0.0475125
678 -0.0444329 -0.0419486
679 -0.0386688 -0.0362192
680 -0.0327521 -0.0303469
681 -0.0267062 -0.0243547
682 -0.0205548 -0.0182665
683 -0.0143224 -0.0121062
684 -0.00803339 -0.00589806
685 -0.0017127 0.000333325
686 0.00461474 0.00656339
687 0.010924 0.0127676
688 0.0171901 0.0189213
689 0.0233884 0.0250004
690 0.0294944 0.0309809
691 0.0354839 0.0368391
692 0.0413335 0.0425518
693 0.0470199 0.0480967
694 0.0525207 0.0534517
695 0.0578143 0.0585958
696 0.0628797 0.0635087
697 0.067697 0.0681708
698 0.072247 0.072564
699 0.076512 0.0766708
700 0.080475 0.080475
701 0.0841204 0.0839616
702 0.0874338 0.0871168
703 0.0904021 0.0899282
704 0.0930137 0.0923848
705 0.0952582 0.0944767
706 0.0971268 0.0961958
707 0.098612 0.0975352
708 0.0997081 0.0984897
709 0.100411 0.0990555
710 0.100717 0.0992304
711 0.100626 0.0990136
712 0.100137 0.0984061
713 0.0992539 0.0974103
714 0.0979786 0.09603
715 0.0963167 0.0942707
716 0.0942747 0.0921394
717 0.0918606 0.0896444
718 0.089084 0.0867957
719 0.0859558 0.0836044
720 0.0824884 0.0800831
721 0.0786954 0.0762458
722 0.0745919 0.0721077
723 0.070194 0.0676849
724 0.065519 0.062995
725 0.0605855 0.0580565
726 0.0554129 0.0528889
727 0.0500216 0.0475125
728 0.0444329 0.0419486
729 0.0386688 0.0362192
730 0.0327521 0.0303469
731 0.0267062 0.0243547
732 0.0205548 0.0182665
733 0.0143224 0.0121062
734 0.00803339 0.00589806
735 0.0017127 -0.000333325
736 -0.00461474 -0.00656339
737 -0.010924 -0.0127676
738 -0.0171901 -0.0189213
739 -0.0233884 -0.0250004
740 -0.0294944 -0.0309809
741 -0.0354839 -0.0368391
742 -0.0413335 -0.0425518
743 -0.0470199 -0.0480967
744 -0.0525207 -0.0534517
745 -0.0578143 -0.0585958
746 -0.0628797 -0.0635087
747 -0.067697 -0.0681708
748 -0.072247 -0.072564
749 -0.076512 -0.0766708
750 -0.080475 -0.080475
751 -0.0841204 -0.0839616
752 -0.0874338 -0.0871168
753 -0.0904021 -0.0899282
754 -0.0930137 -0.0923848
755 -0.0952582 -0.0944767
756 -0.0971268 -0.0961958
757 -0.098612 -0.0975352
758 -0.0997081 -0.0984897
759 -0.100411 -0.0990555
760 -0.100717 -0.0992304
761 -0.100626 -0.0990136
762 -0.100137 -0.0984061
763 -0.0992539 -0.0974103
764 -0.0979786 -0.09603
765 -0.0963167 -0.0942707
766 -0.0942747 -0.0921394
767 -0.0918606 -0.0896444
768 -0.089084 -0.0867957
769 -0.0859558 -0.0836044
770 -0.0824884 -0.0800831
771 -0.0786954 -0.0762458
772 -0.0745919 -0.0721077
773 -0.070194 -0.0676849
774 -0.065519 -0.062995
775 -0.0605855 -0.0580565
776 -0.0554129 -0.0528889
777 -0.0500216 -0.0475125
778 -0.0444329 -0.0419486
779 -0.0386688 -0.0362192
780 -0.0327521 -0.0303469
781 -0.0267062 -0.0243547
782 -0.0205548 -0.0182665
783 -0.0143224 -0.0121062
784 -0.00803339 -0.00589806
785 -0.0017127 0.000333325
786 0.00461474 0.00656339
787 0.010924 0.0127676
788 0.0171901 0.0189213
789 0.0233884 0.0250004
790 0.0294944 0.0309809
791 0.0354839 0.0368391
792 0.0413335 0.0425518
793 0.0470199 0.0480967
794 0.0525207 0.0534517
795 0.0578143 0.0585958
796 0.0628797 0.0635087
797 0.067697 0.0681708
798 0.072247 0.072564
799 0.076512 0.0766708
800 0.080475 0.080475
801 0.0841204 0.0839616
802 0.0874338 0.0871168
803 0.0904021 0.0899282
804 0.0930137 0.0923848
805 0.0952582 0.0944767
806 0.0971268 0.0961958
807 0.098612 0.0975352
808 0.0997081 0.0984897
809 0.100411 0.0990555
810 0.100717 0.0992304
811 0.100626 0.0990136
812 0.100137 0.0984061
813 0.0992539 0.0974103
814 0.0979786 0.09603
815 0.0963167 0.0942707
816 0.0942747 0.0921394
817 0.0918606 0.0896444
818 0.089084 0.0867957
819 0.0859558 0.0836044
820 0.0824884 0.0800831
821 0.0786954 0.0762458
822 0.0745919 0.0721077
823 0.070194 0.0676849
824 0.065519 0.062995
825 0.0605855 0.0580565
826 0.0554129 0.0528889
827 0.0500216 0.0475125
828 0.0444329 0.0419486
829 0.0386688 0.0362192
830 0.0327521 0.0303469
831 0.0267062 0.0243547
832 0.0205548 0.0182665
833 0.0143224 0.0121062
834 0.00803339 0.00589806
835 0.0017127 -0.000333325
836 -0.00461474 -0.00656339
837 -0.010924 -0.0127676
838 -0.0171901 -0.0189213
839 -0.0233884 -0.0250004
840 -0.0294944 -0.0309809
841 -0.0354839 -0.0368391
842 -0.0413335 -0.0425518
843 -0.0470199 -0.0480967
844 -0.0525207 -0.0534517
845 -0.0578143 -0.0585958
846 -0.0628797 -0.0635087
847 -0.067697 -0.0681708
848 -0.072247 -0.072564
849 -0.076512 -0.0766708
850 -0.080475 -0.080475
851 -0.0841204 -0.0839616
852 -0.0874338 -0.0871168
853 -0.0904021 -0.0899282
854 -0.0930137 -0.0923848
855 -0.0952582 -0.0944767
856 -0.0971268 -0.0961958
857 -0.098612 -0.0975352
858 -0.0997081 -0.0984897
859 -0.100411 -0.0990555
860 -0.100717 -0.0992304
861 -0.100626 -0.0990136
862 -0.100137 -0.0984061
863 -0.0992539 -0.0974103
864 -0.0979786 -0.09603
865 -0.0963167 -0.0942707
866 -0.0942747 -0.0921394
867 -0.0918606 -0.0896444
868 -0.089084 -0.0867957
869 -0.0859558 -0.0836044
870 -0.0824884 -0.0800831
871 -0.0786954 -0.0762458
872 -0.0745919 -0.0721077
873 -0.070194 -0.0676849
874 -0.065519 -0.062995
875 -0.0605855 -0.0580565
876 -0.0554129 -0.0528889
877 -0.0500216 -0.0475125
878 -0.0444329 -0.0419486
879 -0.0386688 -0.0362192
880 -0.0327521 -0.0303469
881 -0.0267062 -0.0243547
882 -0.0205548 -0.0182665
883 -0.0143224 -0.0121062
884 -0.00803339 -0.00589806
885 -0.0017127 0.000333325
886 0.00461474 0.00656339
887 0.010924 0.0127676
888 0.0171901 0.0189213
889 0.0233884 0.0250004
890 0.0294944 0.0309809
891 0.0354839 0.0368391
892 0.0413335 0.0425518
893 0.0470199 0.0480967
894 0.0525207 0.0534517
895 0.0578143 0.0585958
896 0.0628797 0.0635087
897 0.067697 0.0681708
898 0.072247 0.072564
899 0.076512 0.0766708
900 0.080475 0.080475
901 0.0841204 0.0839616
902 0.0874338 0.0871168
903 0.0904021 0.0899282
904 0.0930137 0.0923848
905 0.0952582 0.0944767
906 0.0971268 0.0961958
907 0.098612 0.0975352
908 0.0997081 0.0984897
909 0.100411 0.0990555
910 0.100717 0.0992304
911 0.100626 0.0990136
912 0.100137 0.0984061
913 0.0992539 0.0974103
914 0.0979786 0.09603
915 0.0963167 0.0942707
916 0.0942747 0.0921394
917 0.0918606 0.0896444
918 0.089084 0.0867957
919 0.0859558 0.0836044
920 0.0824884 0.0800831
921 0.0786954 0.0762458
922 0.0745919 0.0721077
923 0.070194 0.0676849
924 0.065519 0.062995
925 0.0605855 0.0580565
926 0.0554129 0.0528889
927 0.0500216 0.0475125
928 0.0444329 0.0419486
929 0.0386688 0.0362192
930 0.0327521 0.0303469
931 0.0267062 0.0243547
932 0.0205548 0.0182665
933 0.0143224 0.0121062
934 0.00803339 0.00589806
935 0.0017127 -0.000333325
936 -0.00461474 -0.00656339
937 -0.010924 -0.0127676
938 -0.0171901 -0.0189213
939 -0.0233884 -0.0250004
940 -0.0294944 -0.0309809
941 -0.0354839 -0.0368391
942 -0.0413335 -0.0425518
943 -0.0470199 -0.0480967
944 -0.0525207 -0.0534517
945 -0.0578143 -0.0585958
946 -0.0628797 -0.0635087
947 -0.067697 -0.0681708
948 -0.072247 -0.072564
949 -0.076512 -0.0766708
950 -0.080475 -0.080475
951 -0.0841204 -0.0839616
952 -0.0874338 -0.0871168
953 -0.0904021 -0.0899282
954 -0.0930137 -0.0923848
955 -0.0952582 -0.0944767
956 -0.0971268 -0.0961958
957 -0.098612 -0.0975352
958 -0.0997081 -0.0984897
959 -0.100411 -0.0990555
960 -0.100717 -0.0992304
961 -0.100626 -0.0990136
962 -0.100137 -0.0984061
963 -0.0992539 -0.0974103
964 -0.0979786 -0.09603
965 -0.0963167 -0.0942707
966 -0.0942747 -0.0921394
967 -0.0918606 -0.0896444
968 -0.089084 -0.0867957
969 -0.0859558 -0.0836044
970 -0.0824884 -0.0800831
971 -0.0786954 -0.0762458
972 -0.0745919 -0.0721077
973 -0.070194 -0.0676849
974 -0.065519 -0.062995
975 -0.0605855 -0.0580565
976 -0.0554129 -0.0528889
977 -0.0500216 -0.0475125
978 -0.0444329 -0.0419486
979 -0.0386688 -0.0362192
980 -0.0327521 -0.0303469
981 -0.0267062 -0.0243547
982 -0.0205548 -0.0182665
983 -0.0143224 -0.0121062
984 -0.00803339 -0.00589806
985 -0.0017127 0.000333325
986 0.00461474 0.00656339
987 0.010924 0.0127676
988 0.0171901 0.0189213
989 0.0233884 0.0250004
990 0.0294944 0.0309809
991 0.0354839 0.0368391
992 0.0413335 0.0425518
993 0.0470199 0.0480967
994 0.0525207 0.0534517
995 0.0578143 0.0585958
996 0.0628797 0.0635087
997 0.067697 0.0681708
998 0.072247 0.072564
999 0.076512 0.0766708
