0 0.0916613 0.0916613
1 0.0890655 0.0888846
2 0.0861182 0.0857572
3 0.0828311 0.0822913
4 0.0792171 0.0785007
5 0.0752904 0.0744003
6 0.0710666 0.0700062
7 0.0665623 0.0653358
8 0.0617954 0.0604076
9 0.0567845 0.0552411
10 0.0515496 0.0498564
11 0.0461112 0.0442751
12 0.0404909 0.038519
13 0.0347107 0.0326108
14 0.0287935 0.026574
15 0.0227628 0.0204323
16 0.0166421 0.01421
17 0.0104558 0.00793159
18 0.00422829 0.00162187
19 -0.00201596 -0.00469425
20 -0.00825225 -0.0109918
21 -0.014456 -0.017246
22 -0.0206026 -0.0234322
23 -0.026668 -0.0295259
24 -0.0326281 -0.035503
25 -0.0384595 -0.04134
26 -0.044139 -0.0470139
27 -0.0496444 -0.0525023
28 -0.0549539 -0.0577834
29 -0.0600464 -0.0628365
30 -0.064902 -0.0676416
31 -0.0695015 -0.0721798
32 -0.0738266 -0.0764331
33 -0.0778604 -0.0803847
34 -0.081587 -0.0840191
35 -0.0849915 -0.0873219
36 -0.0880606 -0.0902801
37 -0.0907822 -0.092882
38 -0.0931455 -0.0951174
39 -0.0951412 -0.0969773
40 -0.0967614 -0.0984546
41 -0.0979998 -0.0995433
42 -0.0988514 -0.100239
43 -0.0993128 -0.100539
44 -0.0993824 -0.100443
45 -0.0990597 -0.0999498
46 -0.098346 -0.0990624
47 -0.0972443 -0.097784
48 -0.0957587 -0.0961198
49 -0.0938953 -0.0940761
50 -0.0916613 -0.0916613
51 -0.0890655 -0.0888846
52 -0.0861182 -0.0857572
53 -0.0828311 -0.0822913
54 -0.0792171 -0.0785007
55 -0.0752904 -0.0744003
56 -0.0710666 -0.0700062
57 -0.0665623 -0.0653358
58 -0.0617954 -0.0604076
59 -0.0567845 -0.0552411
60 -0.0515496 -0.0498564
61 -0.0461112 -0.0442751
62 -0.0404909 -0.038519
63 -0.0347107 -0.0326108
64 -0.0287935 -0.026574
65 -0.0227628 -0.0204323
66 -0.0166421 -0.01421
67 -0.0104558 -0.00793159
68 -0.00422829 -0.00162187
69 0.00201596 0.00469425
70 0.00825225 0.0109918
71 0.014456 0.017246
72 0.0206026 0.0234322
73 0.026668 0.0295259
74 0.0326281 0.035503
75 0.0384595 0.04134
76 0.044139 0.0470139
77 0.0496444 0.0525023
78 0.0549539 0.0577834
79 0.0600464 0.0628365
80 0.064902 0.0676416
81 0.0695015 0.0721798
82 0.0738266 0.0764331
83 0.0778604 0.0803847
84 0.081587 0.0840191
85 0.0849915 0.0873219
86 0.0880606 0.0902801
87 0.0907822 0.092882
88 0.0931455 0.0951174
89 0.0951412 0.0969773
90 0.0967614 0.0984546
91 0.0979998 0.0995433
92 0.0988514 0.100239
93 0.0993128 0.100539
94 0.0993824 0.100443
95 0.0990597 0.0999498
96 0.098346 0.0990624
97 0.0972443 0.097784
98 0.0957587 0.0961198
99 0.0938953 0.0940761
100 0.0916613 0.0916613
101 0.0890655 0.0888846
102 0.0861182 0.0857572
103 0.0828311 0.0822913
104 0.0792171 0.0785007
105 0.0752904 0.0744003
106 0.0710666 0.0700062
107 0.0665623 0.0653358
108 0.0617954 0.0604076
109 0.0567845 0.0552411
110 0.0515496 0.0498564
111 0.0461112 0.0442751
112 0.0404909 0.038519
113 0.0347107 0.0326108
114 0.0287935 0.026574
115 0.0227628 0.0204323
116 0.0166421 0.01421
117 0.0104558 0.00793159
118 0.00422829 0.00162187
119 -0.00201596 -0.00469425
120 -0.00825225 -0.0109918
121 -0.014456 -0.017246
122 -0.0206026 -0.0234322
123 -0.026668 -0.0295259
124 -0.0326281 -0.035503
125 -0.0384595 -0.04134
126 -0.044139 -0.0470139
127 -0.0496444 -0.0525023
128 -0.0549539 -0.0577834
129 -0.0600464 -0.0628365
130 -0.064902 -0.0676416
131 -0.0695015 -0.0721798
132 -0.0738266 -0.0764331
133 -0.0778604 -0.0803847
134 -0.081587 -0.0840191
135 -0.0849915 -0.0873219
136 -0.0880606 -0.0902801
137 -0.0907822 -0.092882
138 -0.0931455 -0.0951174
139 -0.0951412 -0.0969773
140 -0.0967614 -0.0984546
141 -0.0979998 -0.0995433
142 -0.0988514 -0.100239
143 -0.0993128 -0.100539
144 -0.0993824 -0.100443
145 -0.0990597 -0.0999498
146 -0.098346 -0.0990624
147 -0.0972443 -0.097784
148 -0.0957587 -0.0961198
149 -0.0938953 -0.0940761
150 -0.0916613 -0.0916613
151 -0.0890655 -0.0888846
152 -0.0861182 -0.0857572
153 -0.0828311 -0.0822913
154 -0.0792171 -0.0785007
155 -0.0752904 -0.0744003
156 -0.0710666 -0.0700062
157 -0.0665623 -0.0653358
158 -0.0617954 -0.0604076
159 -0.0567845 -0.0552411
160 -0.0515496 -0.0498564
161 -0.0461112 -0.0442751
162 -0.0404909 -0.038519
163 -0.0347107 -0.0326108
164 -0.0287935 -0.026574
165 -0.0227628 -0.0204323
166 -0.0166421 -0.01421
167 -0.0104558 -0.00793159
168 -0.00422829 -0.00162187
169 0.00201596 0.00469425
170 0.00825225 0.0109918
171 0.014456 0.017246
172 0.0206026 0.0234322
173 0.026668 0.0295259
174 0.0326281 0.035503
175 0.0384595 0.04134
176 0.044139 0.0470139
177 0.0496444 0.0525023
178 0.0549539 0.0577834
179 0.0600464 0.0628365
180 0.064902 0.0676416
181 0.0695015 0.0721798
182 0.0738266 0.0764331
183 0.0778604 0.0803847
184 0.081587 0.0840191
185 0.0849915 0.0873219
186 0.0880606 0.0902801
187 0.0907822 0.092882
188 0.0931455 0.0951174
189 0.0951412 0.0969773
190 0.0967614 0.0984546
191 0.0979998 0.0995433
192 0.0988514 0.100239
193 0.0993128 0.100539
194 0.0993824 0.100443
195 0.0990597 0.0999498
196 0.098346 0.0990624
197 0.0972443 0.097784
198 0.0957587 0.0961198
199 0.0938953 0.0940761
200 0.0916613 0.0916613
201 0.0890655 0.0888846
202 0.0861182 0.0857572
203 0.0828311 0.0822913
204 0.0792171 0.0785007
205 0.0752904 0.0744003
206 0.0710666 0.0700062
207 0.0665623 0.0653358
208 0.0617954 0.0604076
209 0.0567845 0.0552411
210 0.0515496 0.0498564
211 0.0461112 0.0442751
212 0.0404909 0.038519
213 0.0347107 0.0326108
214 0.0287935 0.026574
215 0.0227628 0.0204323
216 0.0166421 0.01421
217 0.0104558 0.00793159
218 0.00422829 0.00162187
219 -0.00201596 -0.00469425
220 -0.00825225 -0.0109918
221 -0.014456 -0.017246
222 -0.0206026 -0.0234322
223 -0.026668 -0.0295259
224 -0.0326281 -0.035503
225 -0.0384595 -0.04134
226 -0.044139 -0.0470139
227 -0.0496444 -0.0525023
228 -0.0549539 -0.0577834
229 -0.0600464 -0.0628365
230 -0.064902 -0.0676416
231 -0.0695015 -0.0721798
232 -0.0738266 -0.0764331
233 -0.0778604 -0.0803847
234 -0.081587 -0.0840191
235 -0.0849915 -0.0873219
236 -0.0880606 -0.0902801
237 -0.0907822 -0.092882
238 -0.0931455 -0.0951174
239 -0.0951412 -0.0969773
240 -0.0967614 -0.0984546
241 -0.0979998 -0.0995433
242 -0.0988514 -0.100239
243 -0.0993128 -0.100539
244 -0.0993824 -0.100443
245 -0.0990597 -0.0999498
246 -0.098346 -0.0990624
247 -0.0972443 -0.097784
248 -0.0957587 -0.0961198
249 -0.0938953 -0.0940761
250 -0.0916613 -0.0916613
251 -0.0890655 -0.0888846
252 -0.0861182 -0.0857572
253 -0.0828311 -0.0822913
254 -0.0792171 -0.0785007
255 -0.0752904 -0.0744003
256 -0.0710666 -0.0700062
257 -0.0665623 -0.0653358
258 -0.0617954 -0.0604076
259 -0.0567845 -0.0552411
260 -0.0515496 -0.0498564
261 -0.0461112 -0.0442751
262 -0.0404909 -0.038519
263 -0.0347107 -0.0326108
264 -0.0287935 -0.026574
265 -0.0227628 -0.0204323
266 -0.0166421 -0.01421
267 -0.0104558 -0.00793159
268 -0.00422829 -0.00162187
269 0.00201596 0.00469425
270 0.00825225 0.0109918
271 0.014456 0.017246
272 0.0206026 0.0234322
273 0.026668 0.0295259
274 0.0326281 0.035503
275 0.0384595 0.04134
276 0.044139 0.0470139
277 0.0496444 0.0525023
278 0.0549539 0.0577834
279 0.0600464 0.0628365
280 0.064902 0.0676416
281 0.0695015 0.0721798
282 0.0738266 0.0764331
283 0.0778604 0.0803847
284 0.081587 0.0840191
285 0.0849915 0.0873219
286 0.0880606 0.0902801
287 0.0907822 0.092882
288 0.0931455 0.0951174
289 0.0951412 0.0969773
290 0.0967614 0.0984546
291 0.0979998 0.0995433
292 0.0988514 0.100239
293 0.0993128 0.100539
294 0.0993824 0.100443
295 0.0990597 0.0999498
296 0.098346 0.0990624
297 0.0972443 0.097784
298 0.0957587 0.0961198
299 0.0938953 0.0940761
300 0.0916613 0.0916613
301 0.0890655 0.0888846
302 0.0861182 0.0857572
303 0.0828311 0.0822913
304 0.0792171 0.0785007
305 0.0752904 0.0744003
306 0.0710666 0.0700062
307 0.0665623 0.0653358
308 0.0617954 0.0604076
309 0.0567845 0.0552411
310 0.0515496 0.0498564
311 0.0461112 0.0442751
312 0.0404909 0.038519
313 0.0347107 0.0326108
314 0.0287935 0.026574
315 0.0227628 0.0204323
316 0.0166421 0.01421
317 0.0104558 0.00793159
318 0.00422829 0.00162187
319 -0.00201596 -0.00469425
320 -0.00825225 -0.0109918
321 -0.014456 -0.017246
322 -0.0206026 -0.0234322
323 -0.026668 -0.0295259
324 -0.0326281 -0.035503
325 -0.0384595 -0.04134
326 -0.044139 -0.0470139
327 -0.0496444 -0.0525023
328 -0.0549539 -0.0577834
329 -0.0600464 -0.0628365
330 -0.064902 -0.0676416
331 -0.0695015 -0.0721798
332 -0.0738266 -0.0764331
333 -0.0778604 -0.0803847
334 -0.081587 -0.0840191
335 -0.0849915 -0.0873219
336 -0.0880606 -0.0902801
337 -0.0907822 -0.092882
338 -0.0931455 -0.0951174
339 -0.0951412 -0.0969773
340 -0.0967614 -0.0984546
341 -0.0979998 -0.0995433
342 -0.0988514 -0.100239
343 -0.0993128 -0.100539
344 -0.0993824 -0.100443
345 -0.0990597 -0.0999498
346 -0.098346 -0.0990624
347 -0.0972443 -0.097784
348 -0.0957587 -0.0961198
349 -0.0938953 -0.0940761
350 -0.0916613 -0.0916613
351 -0.0890655 -0.0888846
352 -0.0861182 -0.0857572
353 -0.0828311 -0.0822913
354 -0.0792171 -0.0785007
355 -0.0752904 -0.0744003
356 -0.0710666 -0.0700062
357 -0.0665623 -0.0653358
358 -0.0617954 -0.0604076
359 -0.0567845 -0.0552411
360 -0.0515496 -0.0498564
361 -0.0461112 -0.0442751
362 -0.0404909 -0.038519
363 -0.0347107 -0.0326108
364 -0.0287935 -0.026574
365 -0.0227628 -0.0204323
366 -0.0166421 -0.01421
367 -0.0104558 -0.00793159
368 -0.00422829 -0.00162187
369 0.00201596 0.00469425
370 0.00825225 0.0109918
371 0.014456 0.017246
372 0.0206026 0.0234322
373 0.026668 0.0295259
374 0.0326281 0.035503
375 0.0384595 0.04134
376 0.044139 0.0470139
377 0.0496444 0.0525023
378 0.0549539 0.0577834
379 0.0600464 0.0628365
380 0.064902 0.0676416
381 0.0695015 0.0721798
382 0.0738266 0.0764331
383 0.0778604 0.0803847
384 0.081587 0.0840191
385 0.0849915 0.0873219
386 0.0880606 0.0902801
387 0.0907822 0.092882
388 0.0931455 0.0951174
389 0.0951412 0.0969773
390 0.0967614 0.0984546
391 0.0979998 0.0995433
392 0.0988514 0.100239
393 0.0993128 0.100539
394 0.0993824 0.100443
395 0.0990597 0.0999498
396 0.098346 0.0990624
397 0.0972443 0.097784
398 0.0957587 0.0961198
399 0.0938953 0.0940761
400 0.0916613 0.0916613
401 0.0890655 0.0888846
402 0.0861182 0.0857572
403 0.0828311 0.0822913
404 0.0792171 0.0785007
405 0.0752904 0.0744003
406 0.0710666 0.0700062
407 0.0665623 0.0653358
408 0.0617954 0.0604076
409 0.0567845 0.0552411
410 0.0515496 0.0498564
411 0.0461112 0.0442751
412 0.0404909 0.038519
413 0.0347107 0.0326108
414 0.0287935 0.026574
415 0.0227628 0.0204323
416 0.0166421 0.01421
417 0.0104558 0.00793159
418 0.00422829 0.00162187
419 -0.00201596 -0.00469425
420 -0.00825225 -0.0109918
421 -0.014456 -0.017246
422 -0.0206026 -0.0234322
423 -0.026668 -0.0295259
424 -0.0326281 -0.035503
425 -0.0384595 -0.04134
426 -0.044139 -0.0470139
427 -0.0496444 -0.0525023
428 -0.0549539 -0.0577834
429 -0.0600464 -0.0628365
430 -0.064902 -0.0676416
431 -0.0695015 -0.0721798
432 -0.0738266 -0.0764331
433 -0.0778604 -0.0803847
434 -0.081587 -0.0840191
435 -0.0849915 -0.0873219
436 -0.0880606 -0.0902801
437 -0.0907822 -0.092882
438 -0.0931455 -0.0951174
439 -0.0951412 -0.0969773
440 -0.0967614 -0.0984546
441 -0.0979998 -0.0995433
442 -0.0988514 -0.100239
443 -0.0993128 -0.100539
444 -0.0993824 -0.100443
445 -0.0990597 -0.0999498
446 -0.098346 -0.0990624
447 -0.0972443 -0.097784
448 -0.0957587 -0.0961198
449 -0.0938953 -0.0940761
450 -0.0916613 -0.0916613
451 -0.0890655 -0.0888846
452 -0.0861182 -0.0857572
453 -0.0828311 -0.0822913
454 -0.0792171 -0.0785007
455 -0.0752904 -0.0744003
456 -0.0710666 -0.0700062
457 -0.0665623 -0.0653358
458 -0.0617954 -0.0604076
459 -0.0567845 -0.0552411
460 -0.0515496 -0.0498564
461 -0.0461112 -0.0442751
462 -0.0404909 -0.038519
463 -0.0347107 -0.0326108
464 -0.0287935 -0.026574
465 -0.0227628 -0.0204323
466 -0.0166421 -0.01421
467 -0.0104558 -0.00793159
468 -0.00422829 -0.00162187
469 0.00201596 0.00469425
470 0.00825225 0.0109918
471 0.014456 0.017246
472 0.0206026 0.0234322
473 0.026668 0.0295259
474 0.0326281 0.035503
475 0.0384595 0.04134
476 0.044139 0.0470139
477 0.0496444 0.0525023
478 0.0549539 0.0577834
479 0.0600464 0.0628365
480 0.064902 0.0676416
481 0.0695015 0.0721798
482 0.0738266 0.0764331
483 0.0778604 0.0803847
484 0.081587 0.0840191
485 0.0849915 0.0873219
486 0.0880606 0.0902801
487 0.0907822 0.092882
488 0.0931455 0.0951174
489 0.0951412 0.0969773
490 0.0967614 0.0984546
491 0.0979998 0.0995433
492 0.0988514 0.100239
493 0.0993128 0.100539
494 0.0993824 0.100443
495 0.0990597 0.0999498
496 0.098346 0.0990624
497 0.0972443 0.097784
498 0.0957587 0.0961198
499 0.0938953 0.0940761
500 0.0916613 0.0916613
501 0.0890655 0.0888846
502 0.0861182 0.0857572
503 0.0828311 0.0822913
504 0.0792171 0.0785007
505 0.0752904 0.0744003
506 0.0710666 0.0700062
507 0.0665623 0.0653358
508 0.0617954 0.0604076
509 0.0567845 0.0552411
510 0.0515496 0.0498564
511 0.0461112 0.0442751
512 0.0404909 0.038519
513 0.0347107 0.0326108
514 0.0287935 0.026574
515 0.0227628 0.0204323
516 0.0166421 0.01421
517 0.0104558 0.00793159
518 0.00422829 0.00162187
519 -0.00201596 -0.00469425
520 -0.00825225 -0.0109918
521 -0.014456 -0.017246
522 -0.0206026 -0.0234322
523 -0.026668 -0.0295259
524 -0.0326281 -0.035503
525 -0.0384595 -0.04134
526 -0.044139 -0.0470139
527 -0.0496444 -0.0525023
528 -0.0549539 -0.0577834
529 -0.0600464 -0.0628365
530 -0.064902 -0.0676416
531 -0.0695015 -0.0721798
532 -0.0738266 -0.0764331
533 -0.0778604 -0.0803847
534 -0.081587 -0.0840191
535 -0.0849915 -0.0873219
536 -0.0880606 -0.0902801
537 -0.0907822 -0.092882
538 -0.0931455 -0.0951174
539 -0.0951412 -0.0969773
540 -0.0967614 -0.0984546
541 -0.0979998 -0.0995433
542 -0.0988514 -0.100239
543 -0.0993128 -0.100539
544 -0.0993824 -0.100443
545 -0.0990597 -0.0999498
546 -0.098346 -0.0990624
547 -0.0972443 -0.097784
548 -0.0957587 -0.0961198
549 -0.0938953 -0.0940761
550 -0.0916613 -0.0916613
551 -0.0890655 -0.0888846
552 -0.0861182 -0.0857572
553 -0.0828311 -0.0822913
554 -0.0792171 -0.0785007
555 -0.0752904 -0.0744003
556 -0.0710666 -0.0700062
557 -0.0665623 -0.0653358
558 -0.0617954 -0.0604076
559 -0.0567845 -0.0552411
560 -0.0515496 -0.0498564
561 -0.0461112 -0.0442751
562 -0.0404909 -0.038519
563 -0.0347107 -0.0326108
564 -0.0287935 -0.026574
565 -0.0227628 -0.0204323
566 -0.0166421 -0.01421
567 -0.0104558 -0.00793159
568 -0.00422829 -0.00162187
569 0.00201596 0.00469425
570 0.00825225 0.0109918
571 0.014456 0.017246
572 0.0206026 0.0234322
573 0.026668 0.0295259
574 0.0326281 0.035503
575 0.0384595 0.04134
576 0.044139 0.0470139
577 0.0496444 0.0525023
578 0.0549539 0.0577834
579 0.0600464 0.0628365
580 0.064902 0.0676416
581 0.0695015 0.0721798
582 0.0738266 0.0764331
583 0.0778604 0.0803847
584 0.081587 0.0840191
585 0.0849915 0.0873219
586 0.0880606 0.0902801
587 0.0907822 0.092882
588 0.0931455 0.0951174
589 0.0951412 0.0969773
590 0.0967614 0.0984546
591 0.0979998 0.0995433
592 0.0988514 0.100239
593 0.0993128 0.100539
594 0.0993824 0.100443
595 0.0990597 0.0999498
596 0.098346 0.0990624
597 0.0972443 0.097784
598 0.0957587 0.0961198
599 0.0938953 0.0940761
600 0.0916613 0.0916613
601 0.0890655 0.0888846
602 0.0861182 0.0857572
603 0.0828311 0.0822913
604 0.0792171 0.0785007
605 0.0752904 0.0744003
606 0.0710666 0.0700062
607 0.0665623 0.0653358
608 0.0617954 0.0604076
609 0.0567845 0.0552411
610 0.0515496 0.0498564
611 0.0461112 0.0442751
612 0.0404909 0.038519
613 0.0347107 0.0326108
614 0.0287935 0.026574
615 0.0227628 0.0204323
616 0.0166421 0.01421
617 0.0104558 0.00793159
618 0.00422829 0.00162187
619 -0.00201596 -0.00469425
620 -0.00825225 -0.0109918
621 -0.014456 -0.017246
622 -0.0206026 -0.0234322
623 -0.026668 -0.0295259
624 -0.0326281 -0.035503
625 -0.0384595 -0.04134
626 -0.044139 -0.0470139
627 -0.0496444 -0.0525023
628 -0.0549539 -0.0577834
629 -0.0600464 -0.0628365
630 -0.064902 -0.0676416
631 -0.0695015 -0.0721798
632 -0.0738266 -0.0764331
633 -0.0778604 -0.0803847
634 -0.081587 -0.0840191
635 -0.0849915 -0.0873219
636 -0.0880606 -0.0902801
637 -0.0907822 -0.092882
638 -0.0931455 -0.0951174
639 -0.0951412 -0.0969773
640 -0.0967614 -0.0984546
641 -0.0979998 -0.0995433
642 -0.0988514 -0.100239
643 -0.0993128 -0.100539
644 -0.0993824 -0.100443
645 -0.0990597 -0.0999498
646 -0.098346 -0.0990624
647 -0.0972443 -0.097784
648 -0.0957587 -0.0961198
649 -0.0938953 -0.0940761
650 -0.0916613 -0.0916613
651 -0.0890655 -0.0888846
652 -0.0861182 -0.0857572
653 -0.0828311 -0.0822913
654 -0.0792171 -0.0785007
655 -0.0752904 -0.0744003
656 -0.0710666 -0.0700062
657 -0.0665623 -0.0653358
658 -0.0617954 -0.0604076
659 -0.0567845 -0.0552411
660 -0.0515496 -0.0498564
661 -0.0461112 -0.0442751
662 -0.0404909 -0.038519
663 -0.0347107 -0.0326108
664 -0.0287935 -0.026574
665 -0.0227628 -0.0204323
666 -0.0166421 -0.01421
667 -0.0104558 -0.00793159
668 -0.00422829 -0.00162187
669 0.00201596 0.00469425
670 0.00825225 0.0109918
671 0.014456 0.017246
672 0.0206026 0.0234322
673 0.026668 0.0295259
674 0.0326281 0.035503
675 0.0384595 0.04134
676 0.044139 0.0470139
677 0.0496444 0.0525023
678 0.0549539 0.0577834
679 0.0600464 0.0628365
680 0.064902 0.0676416
681 0.0695015 0.0721798
682 0.0738266 0.0764331
683 0.0778604 0.0803847
684 0.081587 0.0840191
685 0.0849915 0.0873219
686 0.0880606 0.0902801
687 0.0907822 0.092882
688 0.0931455 0.0951174
689 0.0951412 0.0969773
690 0.0967614 0.0984546
691 0.0979998 0.0995433
692 0.0988514 0.100239
693 0.0993128 0.100539
694 0.0993824 0.100443
695 0.0990597 0.0999498
696 0.098346 0.0990624
697 0.0972443 0.097784
698 0.0957587 0.0961198
699 0.0938953 0.0940761
700 0.0916613 0.0916613
701 0.0890655 0.0888846
702 0.0861182 0.0857572
703 0.0828311 0.0822913
704 0.0792171 0.0785007
705 0.0752904 0.0744003
706 0.0710666 0.0700062
707 0.0665623 0.0653358
708 0.0617954 0.0604076
709 0.0567845 0.0552411
710 0.0515496 0.0498564
711 0.0461112 0.0442751
712 0.0404909 0.038519
713 0.0347107 0.0326108
714 0.0287935 0.026574
715 0.0227628 0.0204323
716 0.0166421 0.01421
717 0.0104558 0.00793159
718 0.00422829 0.00162187
719 -0.00201596 -0.00469425
720 -0.00825225 -0.0109918
721 -0.014456 -0.017246
722 -0.0206026 -0.0234322
723 -0.026668 -0.0295259
724 -0.0326281 -0.035503
725 -0.0384595 -0.04134
726 -0.044139 -0.0470139
727 -0.0496444 -0.0525023
728 -0.0549539 -0.0577834
729 -0.0600464 -0.0628365
730 -0.064902 -0.0676416
731 -0.0695015 -0.0721798
732 -0.0738266 -0.0764331
733 -0.0778604 -0.0803847
734 -0.081587 -0.0840191
735 -0.0849915 -0.0873219
736 -0.0880606 -0.0902801
737 -0.0907822 -0.092882
738 -0.0931455 -0.0951174
739 -0.0951412 -0.0969773
740 -0.0967614 -0.0984546
741 -0.0979998 -0.0995433
742 -0.0988514 -0.100239
743 -0.0993128 -0.100539
744 -0.0993824 -0.100443
745 -0.0990597 -0.0999498
746 -0.098346 -0.0990624
747 -0.0972443 -0.097784
748 -0.0957587 -0.0961198
749 -0.0938953 -0.0940761
750 -0.0916613 -0.0916613
751 -0.0890655 -0.0888846
752 -0.0861182 -0.0857572
753 -0.0828311 -0.0822913
754 -0.0792171 -0.0785007
755 -0.0752904 -0.0744003
756 -0.0710666 -0.0700062
757 -0.0665623 -0.0653358
758 -0.0617954 -0.0604076
759 -0.0567845 -0.0552411
760 -0.0515496 -0.0498564
761 -0.0461112 -0.0442751
762 -0.0404909 -0.038519
763 -0.0347107 -0.0326108
764 -0.0287935 -0.026574
765 -0.0227628 -0.0204323
766 -0.0166421 -0.01421
767 -0.0104558 -0.00793159
768 -0.00422829 -0.00162187
769 0.00201596 0.00469425
770 0.00825225 0.0109918
771 0.014456 0.017246
772 0.0206026 0.0234322
773 0.026668 0.0295259
774 0.0326281 0.035503
775 0.0384595 0.04134
776 0.044139 0.0470139
777 0.0496444 0.0525023
778 0.0549539 0.0577834
779 0.0600464 0.0628365
780 0.064902 0.0676416
781 0.0695015 0.0721798
782 0.0738266 0.0764331
783 0.0778604 0.0803847
784 0.081587 0.0840191
785 0.0849915 0.0873219
786 0.0880606 0.0902801
787 0.0907822 0.092882
788 0.0931455 0.0951174
789 0.0951412 0.0969773
790 0.0967614 0.0984546
791 0.0979998 0.0995433
792 0.0988514 0.100239
793 0.0993128 0.100539
794 0.0993824 0.100443
795 0.0990597 0.0999498
796 0.098346 0.0990624
797 0.0972443 0.097784
798 0.0957587 0.0961198
799 0.0938953 0.0940761
800 0.0916613 0.0916613
801 0.0890655 0.0888846
802 0.0861182 0.0857572
803 0.0828311 0.0822913
804 0.0792171 0.0785007
805 0.0752904 0.0744003
806 0.0710666 0.0700062
807 0.0665623 0.0653358
808 0.0617954 0.0604076
809 0.0567845 0.0552411
810 0.0515496 0.0498564
811 0.0461112 0.0442751
812 0.0404909 0.038519
813 0.0347107 0.0326108
814 0.0287935 0.026574
815 0.0227628 0.0204323
816 0.0166421 0.01421
817 0.0104558 0.00793159
818 0.00422829 0.00162187
819 -0.00201596 -0.00469425
820 -0.00825225 -0.0109918
821 -0.014456 -0.017246
822 -0.0206026 -0.0234322
823 -0.026668 -0.0295259
824 -0.0326281 -0.035503
825 -0.0384595 -0.04134
826 -0.044139 -0.0470139
827 -0.0496444 -0.0525023
828 -0.0549539 -0.0577834
829 -0.0600464 -0.0628365
830 -0.064902 -0.0676416
831 -0.0695015 -0.0721798
832 -0.0738266 -0.0764331
833 -0.0778604 -0.0803847
834 -0.081587 -0.0840191
835 -0.0849915 -0.0873219
836 -0.0880606 -0.0902801
837 -0.0907822 -0.092882
838 -0.0931455 -0.0951174
839 -0.0951412 -0.0969773
840 -0.0967614 -0.0984546
841 -0.0979998 -0.0995433
842 -0.0988514 -0.100239
843 -0.0993128 -0.100539
844 -0.0993824 -0.100443
845 -0.0990597 -0.0999498
846 -0.098346 -0.0990624
847 -0.0972443 -0.097784
848 -0.0957587 -0.0961198
849 -0.0938953 -0.0940761
850 -0.0916613 -0.0916613
851 -0.0890655 -0.0888846
852 -0.0861182 -0.0857572
853 -0.0828311 -0.0822913
854 -0.0792171 -0.0785007
855 -0.0752904 -0.0744003
856 -0.0710666 -0.0700062
857 -0.0665623 -0.0653358
858 -0.0617954 -0.0604076
859 -0.0567845 -0.0552411
860 -0.0515496 -0.0498564
861 -0.0461112 -0.0442751
862 -0.0404909 -0.038519
863 -0.0347107 -0.0326108
864 -0.0287935 -0.026574
865 -0.0227628 -0.0204323
866 -0.0166421 -0.01421
867 -0.0104558 -0.00793159
868 -0.00422829 -0.00162187
869 0.00201596 0.00469425
870 0.00825225 0.0109918
871 0.014456 0.017246
872 0.0206026 0.0234322
873 0.026668 0.0295259
874 0.0326281 0.035503
875 0.0384595 0.04134
876 0.044139 0.0470139
877 0.0496444 0.0525023
878 0.0549539 0.0577834
879 0.0600464 0.0628365
880 0.064902 0.0676416
881 0.0695015 0.0721798
882 0.0738266 0.0764331
883 0.0778604 0.0803847
884 0.081587 0.0840191
885 0.0849915 0.0873219
886 0.0880606 0.0902801
887 0.0907822 0.092882
888 0.0931455 0.0951174
889 0.0951412 0.0969773
890 0.0967614 0.0984546
891 0.0979998 0.0995433
892 0.0988514 0.100239
893 0.0993128 0.100539
894 0.0993824 0.100443
895 0.0990597 0.0999498
896 0.098346 0.0990624
897 0.0972443 0.097784
898 0.0957587 0.0961198
899 0.0938953 0.0940761
900 0.0916613 0.0916613
901 0.0890655 0.0888846
902 0.0861182 0.0857572
903 0.0828311 0.0822913
904 0.0792171 0.0785007
905 0.0752904 0.0744003
906 0.0710666 0.0700062
907 0.0665623 0.0653358
908 0.0617954 0.0604076
909 0.0567845 0.0552411
910 0.0515496 0.0498564
911 0.0461112 0.0442751
912 0.0404909 0.038519
913 0.0347107 0.0326108
914 0.0287935 0.026574
915 0.0227628 0.0204323
916 0.0166421 0.01421
917 0.0104558 0.00793159
918 0.00422829 0.00162187
919 -0.00201596 -0.00469425
920 -0.00825225 -0.0109918
921 -0.014456 -0.017246
922 -0.0206026 -0.0234322
923 -0.026668 -0.0295259
924 -0.0326281 -0.035503
925 -0.0384595 -0.04134
926 -0.044139 -0.0470139
927 -0.0496444 -0.0525023
928 -0.0549539 -0.0577834
929 -0.0600464 -0.0628365
930 -0.064902 -0.0676416
931 -0.0695015 -0.0721798
932 -0.0738266 -0.0764331
933 -0.0778604 -0.0803847
934 -0.081587 -0.0840191
935 -0.0849915 -0.0873219
936 -0.0880606 -0.0902801
937 -0.0907822 -0.092882
938 -0.0931455 -0.0951174
939 -0.0951412 -0.0969773
940 -0.0967614 -0.0984546
941 -0.0979998 -0.0995433
942 -0.0988514 -0.100239
943 -0.0993128 -0.100539
944 -0.0993824 -0.100443
945 -0.0990597 -0.0999498
946 -0.098346 -0.0990624
947 -0.0972443 -0.097784
948 -0.0957587 -0.0961198
949 -0.0938953 -0.0940761
950 -0.0916613 -0.0916613
951 -0.0890655 -0.0888846
952 -0.0861182 -0.0857572
953 -0.0828311 -0.0822913
954 -0.0792171 -0.0785007
955 -0.0752904 -0.0744003
956 -0.0710666 -0.0700062
957 -0.0665623 -0.0653358
958 -0.0617954 -0.0604076
959 -0.0567845 -0.0552411
960 -0.0515496 -0.0498564
961 -0.0461112 -0.0442751
962 -0.0404909 -0.038519
963 -0.0347107 -0.0326108
964 -0.0287935 -0.026574
965 -0.0227628 -0.0204323
966 -0.0166421 -0.01421
967 -0.0104558 -0.00793159
968 -0.00422829 -0.00162187
969 0.00201596 0.00469425
970 0.00825225 0.0109918
971 0.014456 0.017246
972 0.0206026 0.0234322
973 0.026668 0.0295259
974 0.0326281 0.035503
975 0.0384595 0.04134
976 0.044139 0.0470139
977 0.0496444 0.0525023
978 0.0549539 0.0577834
979 0.0600464 0.0628365
980 0.064902 0.0676416
981 0.0695015 0.0721798
982 0.0738266 0.0764331
983 0.0778604 0.0803847
984 0.081587 0.0840191
985 0.0849915 0.0873219
986 0.0880606 0.0902801
987 0.0907822 0.092882
988 0.0931455 0.0951174
989 0.0951412 0.0969773
990 0.0967614 0.0984546
991 0.0979998 0.0995433
992 0.0988514 0.100239
993 0.0993128 0.100539
994 0.0993824 0.100443
995 0.0990597 0.0999498
996 0.098346 0.0990624
997 0.0972443 0.097784
998 0.0957587 0.0961198
999 0.0938953 0.0940761
