0 -0.0958586 -0.0958586
1 -0.0939832 -0.093794
2 -0.0917369 -0.0913594
3 -0.0891286 -0.0885641
4 -0.0861686 -0.0854194
5 -0.0828684 -0.0819375
6 -0.0792413 -0.0781323
7 -0.0753013 -0.0740187
8 -0.0710643 -0.069613
9 -0.0665467 -0.0649326
10 -0.0617666 -0.0599959
11 -0.0567426 -0.0548224
12 -0.0514947 -0.0494326
13 -0.0460436 -0.0438476
14 -0.0404108 -0.0380897
15 -0.0346185 -0.0321814
16 -0.0286896 -0.0261461
17 -0.0226475 -0.0200076
18 -0.0165159 -0.0137902
19 -0.0103192 -0.00751831
20 -0.00408181 -0.00121678
21 0.00217173 0.00508956
22 0.00841669 0.0113758
23 0.0146284 0.0176172
24 0.0207825 0.023789
25 0.0268545 0.0298669
26 0.0328205 0.035827
27 0.038657 0.0416457
28 0.0443409 0.0473
29 0.0498498 0.0527677
30 0.055162 0.0580271
31 0.0602565 0.0630575
32 0.0651132 0.067839
33 0.069713 0.0723528
34 0.0740376 0.0765811
35 0.07807 0.0805071
36 0.0817943 0.0841154
37 0.0851958 0.0873918
38 0.088261 0.0903232
39 0.090978 0.0928982
40 0.0933359 0.0951066
41 0.0953254 0.0969396
42 0.0969387 0.09839
43 0.0981695 0.0994521
44 0.0990128 0.100122
45 0.0994654 0.100396
46 0.0995254 0.100275
47 0.0991927 0.0997572
48 0.0984684 0.098846
49 0.0973556 0.0975448
50 0.0958586 0.0958586
51 0.0939832 0.093794
52 0.0917369 0.0913594
53 0.0891286 0.0885641
54 0.0861686 0.0854194
55 0.0828684 0.0819375
56 0.0792413 0.0781323
57 0.0753013 0.0740187
58 0.0710643 0.069613
59 0.0665467 0.0649326
60 0.0617666 0.0599959
61 0.0567426 0.0548224
62 0.0514947 0.0494326
63 0.0460436 0.0438476
64 0.0404108 0.0380897
65 0.0346185 0.0321814
66 0.0286896 0.0261461
67 0.0226475 0.0200076
68 0.0165159 0.0137902
69 0.0103192 0.00751831
70 0.00408181 0.00121678
71 -0.00217173 -0.00508956
72 -0.00841669 -0.0113758
73 -0.0146284 -0.0176172
74 -0.0207825 -0.023789
75 -0.0268545 -0.0298669
76 -0.0328205 -0.035827
77 -0.038657 -0.0416457
78 -0.0443409 -0.0473
79 -0.0498498 -0.0527677
80 -0.055162 -0.0580271
81 -0.0602565 -0.0630575
82 -0.0651132 -0.067839
83 -0.069713 -0.0723528
84 -0.0740376 -0.0765811
85 -0.07807 -0.0805071
86 -0.0817943 -0.0841154
87 -0.0851958 -0.0873918
88 -0.088261 -0.0903232
89 -0.090978 -0.0928982
90 -0.0933359 -0.0951066
91 -0.0953254 -0.0969396
92 -0.0969387 -0.09839
93 -0.0981695 -0.0994521
94 -0.0990128 -0.100122
95 -0.0994654 -0.100396
96 -0.0995254 -0.100275
97 -0.0991927 -0.0997572
98 -0.0984684 -0.098846
99 -0.0973556 -0.0975448
100 -0.0958586 -0.0958586
101 -0.0939832 -0.093794
102 -0.0917369 -0.0913594
103 -0.0891286 -0.0885641
104 -0.0861686 -0.0854194
105 -0.0828684 -0.0819375
106 -0.0792413 -0.0781323
107 -0.0753013 -0.0740187
108 -0.0710643 -0.069613
109 -0.0665467 -0.0649326
110 -0.0617666 -0.0599959
111 -0.0567426 -0.0548224
112 -0.0514947 -0.0494326
113 -0.0460436 -0.0438476
114 -0.0404108 -0.0380897
115 -0.0346185 -0.0321814
116 -0.0286896 -0.0261461
117 -0.0226475 -0.0200076
118 -0.0165159 -0.0137902
119 -0.0103192 -0.00751831
120 -0.00408181 -0.00121678
121 0.00217173 0.00508956
122 0.00841669 0.0113758
123 0.0146284 0.0176172
124 0.0207825 0.023789
125 0.0268545 0.0298669
126 0.0328205 0.035827
127 0.038657 0.0416457
128 0.0443409 0.0473
129 0.0498498 0.0527677
130 0.055162 0.0580271
131 0.0602565 0.0630575
132 0.0651132 0.067839
133 0.069713 0.0723528
134 0.0740376 0.0765811
135 0.07807 0.0805071
136 0.0817943 0.0841154
137 0.0851958 0.0873918
138 0.088261 0.0903232
139 0.090978 0.0928982
140 0.0933359 0.0951066
141 0.0953254 0.0969396
142 0.0969387 0.09839
143 0.0981695 0.0994521
144 0.0990128 0.100122
145 0.0994654 0.100396
146 0.0995254 0.100275
147 0.0991927 0.0997572
148 0.0984684 0.098846
149 0.0973556 0.0975448
150 0.0958586 0.0958586
151 0.0939832 0.093794
152 0.0917369 0.0913594
153 0.0891286 0.0885641
154 0.0861686 0.0854194
155 0.0828684 0.0819375
156 0.0792413 0.0781323
157 0.0753013 0.0740187
158 0.0710643 0.069613
159 0.0665467 0.0649326
160 0.0617666 0.0599959
161 0.0567426 0.0548224
162 0.0514947 0.0494326
163 0.0460436 0.0438476
164 0.0404108 0.0380897
165 0.0346185 0.0321814
166 0.0286896 0.0261461
167 0.0226475 0.0200076
168 0.0165159 0.0137902
169 0.0103192 0.00751831
170 0.00408181 0.00121678
171 -0.00217173 -0.00508956
172 -0.00841669 -0.0113758
173 -0.0146284 -0.0176172
174 -0.0207825 -0.023789
175 -0.0268545 -0.0298669
176 -0.0328205 -0.035827
177 -0.038657 -0.0416457
178 -0.0443409 -0.0473
179 -0.0498498 -0.0527677
180 -0.055162 -0.0580271
181 -0.0602565 -0.0630575
182 -0.0651132 -0.067839
183 -0.069713 -0.0723528
184 -0.0740376 -0.0765811
185 -0.07807 -0.0805071
186 -0.0817943 -0.0841154
187 -0.0851958 -0.0873918
188 -0.088261 -0.0903232
189 -0.090978 -0.0928982
190 -0.0933359 -0.0951066
191 -0.0953254 -0.0969396
192 -0.0969387 -0.09839
193 -0.0981695 -0.0994521
194 -0.0990128 -0.100122
195 -0.0994654 -0.100396
196 -0.0995254 -0.100275
197 -0.0991927 -0.0997572
198 -0.0984684 -0.098846
199 -0.0973556 -0.0975448
200 -0.0958586 -0.0958586
201 -0.0939832 -0.093794
202 -0.0917369 -0.0913594
203 -0.0891286 -0.0885641
204 -0.0861686 -0.0854194
205 -0.0828684 -0.0819375
206 -0.0792413 -0.0781323
207 -0.0753013 -0.0740187
208 -0.0710643 -0.069613
209 -0.0665467 -0.0649326
210 -0.0617666 -0.0599959
211 -0.0567426 -0.0548224
212 -0.0514947 -0.0494326
213 -0.0460436 -0.0438476
214 -0.0404108 -0.0380897
215 -0.0346185 -0.0321814
216 -0.0286896 -0.0261461
217 -0.0226475 -0.0200076
218 -0.0165159 -0.0137902
219 -0.0103192 -0.00751831
220 -0.00408181 -0.00121678
221 0.00217173 0.00508956
222 0.00841669 0.0113758
223 0.0146284 0.0176172
224 0.0207825 0.023789
225 0.0268545 0.0298669
226 0.0328205 0.035827
227 0.038657 0.0416457
228 0.0443409 0.0473
229 0.0498498 0.0527677
230 0.055162 0.0580271
231 0.0602565 0.0630575
232 0.0651132 0.067839
233 0.069713 0.0723528
234 0.0740376 0.0765811
235 0.07807 0.0805071
236 0.0817943 0.0841154
237 0.0851958 0.0873918
238 0.088261 0.0903232
239 0.090978 0.0928982
240 0.0933359 0.0951066
241 0.0953254 0.0969396
242 0.0969387 0.09839
243 0.0981695 0.0994521
244 0.0990128 0.100122
245 0.0994654 0.100396
246 0.0995254 0.100275
247 0.0991927 0.0997572
248 0.0984684 0.098846
249 0.0973556 0.0975448
250 0.0958586 0.0958586
251 0.0939832 0.093794
252 0.0917369 0.0913594
253 0.0891286 0.0885641
254 0.0861686 0.0854194
255 0.0828684 0.0819375
256 0.0792413 0.0781323
257 0.0753013 0.0740187
258 0.0710643 0.069613
259 0.0665467 0.0649326
260 0.0617666 0.0599959
261 0.0567426 0.0548224
262 0.0514947 0.0494326
263 0.0460436 0.0438476
264 0.0404108 0.0380897
265 0.0346185 0.0321814
266 0.0286896 0.0261461
267 0.0226475 0.0200076
268 0.0165159 0.0137902
269 0.0103192 0.00751831
270 0.00408181 0.00121678
271 -0.00217173 -0.00508956
272 -0.00841669 -0.0113758
273 -0.0146284 -0.0176172
274 -0.0207825 -0.023789
275 -0.0268545 -0.0298669
276 -0.0328205 -0.035827
277 -0.038657 -0.0416457
278 -0.0443409 -0.0473
279 -0.0498498 -0.0527677
280 -0.055162 -0.0580271
281 -0.0602565 -0.0630575
282 -0.0651132 -0.067839
283 -0.069713 -0.0723528
284 -0.0740376 -0.0765811
285 -0.07807 -0.0805071
286 -0.0817943 -0.0841154
287 -0.0851958 -0.0873918
288 -0.088261 -0.0903232
289 -0.090978 -0.0928982
290 -0.0933359 -0.0951066
291 -0.0953254 -0.0969396
292 -0.0969387 -0.09839
293 -0.0981695 -0.0994521
294 -0.0990128 -0.100122
295 -0.0994654 -0.100396
296 -0.0995254 -0.100275
297 -0.0991927 -0.0997572
298 -0.0984684 -0.098846
299 -0.0973556 -0.0975448
300 -0.0958586 -0.0958586
301 -0.0939832 -0.093794
302 -0.0917369 -0.0913594
303 -0.0891286 -0.0885641
304 -0.0861686 -0.0854194
305 -0.0828684 -0.0819375
306 -0.0792413 -0.0781323
307 -0.0753013 -0.0740187
308 -0.0710643 -0.069613
309 -0.0665467 -0.0649326
310 -0.0617666 -0.0599959
311 -0.0567426 -0.0548224
312 -0.0514947 -0.0494326
313 -0.0460436 -0.0438476
314 -0.0404108 -0.0380897
315 -0.0346185 -0.0321814
316 -0.0286896 -0.0261461
317 -0.0226475 -0.0200076
318 -0.0165159 -0.0137902
319 -0.0103192 -0.00751831
320 -0.00408181 -0.00121678
321 0.00217173 0.00508956
322 0.00841669 0.0113758
323 0.0146284 0.0176172
324 0.0207825 0.023789
325 0.0268545 0.0298669
326 0.0328205 0.035827
327 0.038657 0.0416457
328 0.0443409 0.0473
329 0.0498498 0.0527677
330 0.055162 0.0580271
331 0.0602565 0.0630575
332 0.0651132 0.067839
333 0.069713 0.0723528
334 0.0740376 0.0765811
335 0.07807 0.0805071
336 0.0817943 0.0841154
337 0.0851958 0.0873918
338 0.088261 0.0903232
339 0.090978 0.0928982
340 0.0933359 0.0951066
341 0.0953254 0.0969396
342 0.0969387 0.09839
343 0.0981695 0.0994521
344 0.0990128 0.100122
345 0.0994654 0.100396
346 0.0995254 0.100275
347 0.0991927 0.0997572
348 0.0984684 0.098846
349 0.0973556 0.0975448
350 0.0958586 0.0958586
351 0.0939832 0.093794
352 0.0917369 0.0913594
353 0.0891286 0.0885641
354 0.0861686 0.0854194
355 0.0828684 0.0819375
356 0.0792413 0.0781323
357 0.0753013 0.0740187
358 0.0710643 0.069613
359 0.0665467 0.0649326
360 0.0617666 0.0599959
361 0.0567426 0.0548224
362 0.0514947 0.0494326
363 0.0460436 0.0438476
364 0.0404108 0.0380897
365 0.0346185 0.0321814
366 0.0286896 0.0261461
367 0.0226475 0.0200076
368 0.0165159 0.0137902
369 0.0103192 0.00751831
370 0.00408181 0.00121678
371 -0.00217173 -0.00508956
372 -0.00841669 -0.0113758
373 -0.0146284 -0.0176172
374 -0.0207825 -0.023789
375 -0.0268545 -0.0298669
376 -0.0328205 -0.035827
377 -0.038657 -0.0416457
378 -0.0443409 -0.0473
379 -0.0498498 -0.0527677
380 -0.055162 -0.0580271
381 -0.0602565 -0.0630575
382 -0.0651132 -0.067839
383 -0.069713 -0.0723528
384 -0.0740376 -0.0765811
385 -0.07807 -0.0805071
386 -0.0817943 -0.0841154
387 -0.0851958 -0.0873918
388 -0.088261 -0.0903232
389 -0.090978 -0.0928982
390 -0.0933359 -0.0951066
391 -0.0953254 -0.0969396
392 -0.0969387 -0.09839
393 -0.0981695 -0.0994521
394 -0.0990128 -0.100122
395 -0.0994654 -0.100396
396 -0.0995254 -0.100275
397 -0.0991927 -0.0997572
398 -0.0984684 -0.098846
399 -0.0973556 -0.0975448
400 -0.0958586 -0.0958586
401 -0.0939832 -0.093794
402 -0.0917369 -0.0913594
403 -0.0891286 -0.0885641
404 -0.0861686 -0.0854194
405 -0.0828684 -0.0819375
406 -0.0792413 -0.0781323
407 -0.0753013 -0.0740187
408 -0.0710643 -0.069613
409 -0.0665467 -0.0649326
410 -0.0617666 -0.0599959
411 -0.0567426 -0.0548224
412 -0.0514947 -0.0494326
413 -0.0460436 -0.0438476
414 -0.0404108 -0.0380897
415 -0.0346185 -0.0321814
416 -0.0286896 -0.0261461
417 -0.0226475 -0.0200076
418 -0.0165159 -0.0137902
419 -0.0103192 -0.00751831
420 -0.00408181 -0.00121678
421 0.00217173 0.00508956
422 0.00841669 0.0113758
423 0.0146284 0.0176172
424 0.0207825 0.023789
425 0.0268545 0.0298669
426 0.0328205 0.035827
427 0.038657 0.0416457
428 0.0443409 0.0473
429 0.0498498 0.0527677
430 0.055162 0.0580271
431 0.0602565 0.0630575
432 0.0651132 0.067839
433 0.069713 0.0723528
434 0.0740376 0.0765811
435 0.07807 0.0805071
436 0.0817943 0.0841154
437 0.0851958 0.0873918
438 0.088261 0.0903232
439 0.090978 0.0928982
440 0.0933359 0.0951066
441 0.0953254 0.0969396
442 0.0969387 0.09839
443 0.0981695 0.0994521
444 0.0990128 0.100122
445 0.0994654 0.100396
446 0.0995254 0.100275
447 0.0991927 0.0997572
448 0.0984684 0.098846
449 0.0973556 0.0975448
450 0.0958586 0.0958586
451 0.0939832 0.093794
452 0.0917369 0.0913594
453 0.0891286 0.0885641
454 0.0861686 0.0854194
455 0.0828684 0.0819375
456 0.0792413 0.0781323
457 0.0753013 0.0740187
458 0.0710643 0.069613
459 0.0665467 0.0649326
460 0.0617666 0.0599959
461 0.0567426 0.0548224
462 0.0514947 0.0494326
463 0.0460436 0.0438476
464 0.0404108 0.0380897
465 0.0346185 0.0321814
466 0.0286896 0.0261461
467 0.0226475 0.0200076
468 0.0165159 0.0137902
469 0.0103192 0.00751831
470 0.00408181 0.00121678
471 -0.00217173 -0.00508956
472 -0.00841669 -0.0113758
473 -0.0146284 -0.0176172
474 -0.0207825 -0.023789
475 -0.0268545 -0.0298669
476 -0.0328205 -0.035827
477 -0.038657 -0.0416457
478 -0.0443409 -0.0473
479 -0.0498498 -0.0527677
480 -0.055162 -0.0580271
481 -0.0602565 -0.0630575
482 -0.0651132 -0.067839
483 -0.069713 -0.0723528
484 -0.0740376 -0.0765811
485 -0.07807 -0.0805071
486 -0.0817943 -0.0841154
487 -0.0851958 -0.0873918
488 -0.088261 -0.0903232
489 -0.090978 -0.0928982
490 -0.0933359 -0.0951066
491 -0.0953254 -0.0969396
492 -0.0969387 -0.09839
493 -0.0981695 -0.0994521
494 -0.0990128 -0.100122
495 -0.0994654 -0.100396
496 -0.0995254 -0.100275
497 -0.0991927 -0.0997572
498 -0.0984684 -0.098846
499 -0.0973556 -0.0975448
500 -0.0958586 -0.0958586
501 -0.0939832 -0.093794
502 -0.0917369 -0.0913594
503 -0.0891286 -0.0885641
504 -0.0861686 -0.0854194
505 -0.0828684 -0.0819375
506 -0.0792413 -0.0781323
507 -0.0753013 -0.0740187
508 -0.0710643 -0.069613
509 -0.0665467 -0.0649326
510 -0.0617666 -0.0599959
511 -0.0567426 -0.0548224
512 -0.0514947 -0.0494326
513 -0.0460436 -0.0438476
514 -0.0404108 -0.0380897
515 -0.0346185 -0.0321814
516 -0.0286896 -0.0261461
517 -0.0226475 -0.0200076
518 -0.0165159 -0.0137902
519 -0.0103192 -0.00751831
520 -0.00408181 -0.00121678
521 0.00217173 0.00508956
522 0.00841669 0.0113758
523 0.0146284 0.0176172
524 0.0207825 0.023789
525 0.0268545 0.0298669
526 0.0328205 0.035827
527 0.038657 0.0416457
528 0.0443409 0.0473
529 0.0498498 0.0527677
530 0.055162 0.0580271
531 0.0602565 0.0630575
532 0.0651132 0.067839
533 0.069713 0.0723528
534 0.0740376 0.0765811
535 0.07807 0.0805071
536 0.0817943 0.0841154
537 0.0851958 0.0873918
538 0.088261 0.0903232
539 0.090978 0.0928982
540 0.0933359 0.0951066
541 0.0953254 0.0969396
542 0.0969387 0.09839
543 0.0981695 0.0994521
544 0.0990128 0.100122
545 0.0994654 0.100396
546 0.0995254 0.100275
547 0.0991927 0.0997572
548 0.0984684 0.098846
549 0.0973556 0.0975448
550 0.0958586 0.0958586
551 0.0939832 0.093794
552 0.0917369 0.0913594
553 0.0891286 0.0885641
554 0.0861686 0.0854194
555 0.0828684 0.0819375
556 0.0792413 0.0781323
557 0.0753013 0.0740187
558 0.0710643 0.069613
559 0.0665467 0.0649326
560 0.0617666 0.0599959
561 0.0567426 0.0548224
562 0.0514947 0.0494326
563 0.0460436 0.0438476
564 0.0404108 0.0380897
565 0.0346185 0.0321814
566 0.0286896 0.0261461
567 0.0226475 0.0200076
568 0.0165159 0.0137902
569 0.0103192 0.00751831
570 0.00408181 0.00121678
571 -0.00217173 -0.00508956
572 -0.00841669 -0.0113758
573 -0.0146284 -0.0176172
574 -0.0207825 -0.023789
575 -0.0268545 -0.0298669
576 -0.0328205 -0.035827
577 -0.038657 -0.0416457
578 -0.0443409 -0.0473
579 -0.0498498 -0.0527677
580 -0.055162 -0.0580271
581 -0.0602565 -0.0630575
582 -0.0651132 -0.067839
583 -0.069713 -0.0723528
584 -0.0740376 -0.0765811
585 -0.07807 -0.0805071
586 -0.0817943 -0.0841154
587 -0.0851958 -0.0873918
588 -0.088261 -0.0903232
589 -0.090978 -0.0928982
590 -0.0933359 -0.0951066
591 -0.0953254 -0.0969396
592 -0.0969387 -0.09839
593 -0.0981695 -0.0994521
594 -0.0990128 -0.100122
595 -0.0994654 -0.100396
596 -0.0995254 -0.100275
597 -0.0991927 -0.0997572
598 -0.0984684 -0.098846
599 -0.0973556 -0.0975448
600 -0.0958586 -0.0958586
601 -0.0939832 -0.093794
602 -0.0917369 -0.0913594
603 -0.0891286 -0.0885641
604 -0.0861686 -0.0854194
605 -0.0828684 -0.0819375
606 -0.0792413 -0.0781323
607 -0.0753013 -0.0740187
608 -0.0710643 -0.069613
609 -0.0665467 -0.0649326
610 -0.0617666 -0.0599959
611 -0.0567426 -0.0548224
612 -0.0514947 -0.0494326
613 -0.0460436 -0.0438476
614 -0.0404108 -0.0380897
615 -0.0346185 -0.0321814
616 -0.0286896 -0.0261461
617 -0.0226475 -0.0200076
618 -0.0165159 -0.0137902
619 -0.0103192 -0.00751831
620 -0.00408181 -0.00121678
621 0.00217173 0.00508956
622 0.00841669 0.0113758
623 0.0146284 0.0176172
624 0.0207825 0.023789
625 0.0268545 0.0298669
626 0.0328205 0.035827
627 0.038657 0.0416457
628 0.0443409 0.0473
629 0.0498498 0.0527677
630 0.055162 0.0580271
631 0.0602565 0.0630575
632 0.0651132 0.067839
633 0.069713 0.0723528
634 0.0740376 0.0765811
635 0.07807 0.0805071
636 0.0817943 0.0841154
637 0.0851958 0.0873918
638 0.088261 0.0903232
639 0.090978 0.0928982
640 0.0933359 0.0951066
641 0.0953254 0.0969396
642 0.0969387 0.09839
643 0.0981695 0.0994521
644 0.0990128 0.100122
645 0.0994654 0.100396
646 0.0995254 0.100275
647 0.0991927 0.0997572
648 0.0984684 0.098846
649 0.0973556 0.0975448
650 0.0958586 0.0958586
651 0.0939832 0.093794
652 0.0917369 0.0913594
653 0.0891286 0.0885641
654 0.0861686 0.0854194
655 0.0828684 0.0819375
656 0.0792413 0.0781323
657 0.0753013 0.0740187
658 0.0710643 0.069613
659 0.0665467 0.0649326
660 0.0617666 0.0599959
661 0.0567426 0.0548224
662 0.0514947 0.0494326
663 0.0460436 0.0438476
664 0.0404108 0.0380897
665 0.0346185 0.0321814
666 0.0286896 0.0261461
667 0.0226475 0.0200076
668 0.0165159 0.0137902
669 0.0103192 0.00751831
670 0.00408181 0.00121678
671 -0.00217173 -0.00508956
672 -0.00841669 -0.0113758
673 -0.0146284 -0.0176172
674 -0.0207825 -0.023789
675 -0.0268545 -0.0298669
676 -0.0328205 -0.035827
677 -0.038657 -0.0416457
678 -0.0443409 -0.0473
679 -0.0498498 -0.0527677
680 -0.055162 -0.0580271
681 -0.0602565 -0.0630575
682 -0.0651132 -0.067839
683 -0.069713 -0.0723528
684 -0.0740376 -0.0765811
685 -0.07807 -0.0805071
686 -0.0817943 -0.0841154
687 -0.0851958 -0.0873918
688 -0.088261 -0.0903232
689 -0.090978 -0.0928982
690 -0.0933359 -0.0951066
691 -0.0953254 -0.0969396
692 -0.0969387 -0.09839
693 -0.0981695 -0.0994521
694 -0.0990128 -0.100122
695 -0.0994654 -0.100396
696 -0.0995254 -0.100275
697 -0.0991927 -0.0997572
698 -0.0984684 -0.098846
699 -0.0973556 -0.0975448
700 -0.0958586 -0.0958586
701 -0.0939832 -0.093794
702 -0.0917369 -0.0913594
703 -0.0891286 -0.0885641
704 -0.0861686 -0.0854194
705 -0.0828684 -0.0819375
706 -0.0792413 -0.0781323
707 -0.0753013 -0.0740187
708 -0.0710643 -0.069613
709 -0.0665467 -0.0649326
710 -0.0617666 -0.0599959
711 -0.0567426 -0.0548224
712 -0.0514947 -0.0494326
713 -0.0460436 -0.0438476
714 -0.0404108 -0.0380897
715 -0.0346185 -0.0321814
716 -0.0286896 -0.0261461
717 -0.0226475 -0.0200076
718 -0.0165159 -0.0137902
719 -0.0103192 -0.00751831
720 -0.00408181 -0.00121678
721 0.00217173 0.00508956
722 0.00841669 0.0113758
723 0.0146284 0.0176172
724 0.0207825 0.023789
725 0.0268545 0.0298669
726 0.0328205 0.035827
727 0.038657 0.0416457
728 0.0443409 0.0473
729 0.0498498 0.0527677
730 0.055162 0.0580271
731 0.0602565 0.0630575
732 0.0651132 0.067839
733 0.069713 0.0723528
734 0.0740376 0.0765811
735 0.07807 0.0805071
736 0.0817943 0.0841154
737 0.0851958 0.0873918
738 0.088261 0.0903232
739 0.090978 0.0928982
740 0.0933359 0.0951066
741 0.0953254 0.0969396
742 0.0969387 0.09839
743 0.0981695 0.0994521
744 0.0990128 0.100122
745 0.0994654 0.100396
746 0.0995254 0.100275
747 0.0991927 0.0997572
748 0.0984684 0.098846
749 0.0973556 0.0975448
750 0.0958586 0.0958586
751 0.0939832 0.093794
752 0.0917369 0.0913594
753 0.0891286 0.0885641
754 0.0861686 0.0854194
755 0.0828684 0.0819375
756 0.0792413 0.0781323
757 0.0753013 0.0740187
758 0.0710643 0.069613
759 0.0665467 0.0649326
760 0.0617666 0.0599959
761 0.0567426 0.0548224
762 0.0514947 0.0494326
763 0.0460436 0.0438476
764 0.0404108 0.0380897
765 0.0346185 0.0321814
766 0.0286896 0.0261461
767 0.0226475 0.0200076
768 0.0165159 0.0137902
769 0.0103192 0.00751831
770 0.00408181 0.00121678
771 -0.00217173 -0.00508956
772 -0.00841669 -0.0113758
773 -0.0146284 -0.0176172
774 -0.0207825 -0.023789
775 -0.0268545 -0.0298669
776 -0.0328205 -0.035827
777 -0.038657 -0.0416457
778 -0.0443409 -0.0473
779 -0.0498498 -0.0527677
780 -0.055162 -0.0580271
781 -0.0602565 -0.0630575
782 -0.0651132 -0.067839
783 -0.069713 -0.0723528
784 -0.0740376 -0.0765811
785 -0.07807 -0.0805071
786 -0.0817943 -0.0841154
787 -0.0851958 -0.0873918
788 -0.088261 -0.0903232
789 -0.090978 -0.0928982
790 -0.0933359 -0.0951066
791 -0.0953254 -0.0969396
792 -0.0969387 -0.09839
793 -0.0981695 -0.0994521
794 -0.0990128 -0.100122
795 -0.0994654 -0.100396
796 -0.0995254 -0.100275
797 -0.0991927 -0.0997572
798 -0.0984684 -0.098846
799 -0.0973556 -0.0975448
800 -0.0958586 -0.0958586
801 -0.0939832 -0.093794
802 -0.0917369 -0.0913594
803 -0.0891286 -0.0885641
804 -0.0861686 -0.0854194
805 -0.0828684 -0.0819375
806 -0.0792413 -0.0781323
807 -0.0753013 -0.0740187
808 -0.0710643 -0.069613
809 -0.0665467 -0.0649326
810 -0.0617666 -0.0599959
811 -0.0567426 -0.0548224
812 -0.0514947 -0.0494326
813 -0.0460436 -0.0438476
814 -0.0404108 -0.0380897
815 -0.0346185 -0.0321814
816 -0.0286896 -0.0261461
817 -0.0226475 -0.0200076
818 -0.0165159 -0.0137902
819 -0.0103192 -0.00751831
820 -0.00408181 -0.00121678
821 0.00217173 0.00508956
822 0.00841669 0.0113758
823 0.0146284 0.0176172
824 0.0207825 0.023789
825 0.0268545 0.0298669
826 0.0328205 0.035827
827 0.038657 0.0416457
828 0.0443409 0.0473
829 0.0498498 0.0527677
830 0.055162 0.0580271
831 0.0602565 0.0630575
832 0.0651132 0.067839
833 0.069713 0.0723528
834 0.0740376 0.0765811
835 0.07807 0.0805071
836 0.0817943 0.0841154
837 0.0851958 0.0873918
838 0.088261 0.0903232
839 0.090978 0.0928982
840 0.0933359 0.0951066
841 0.0953254 0.0969396
842 0.0969387 0.09839
843 0.0981695 0.0994521
844 0.0990128 0.100122
845 0.0994654 0.100396
846 0.0995254 0.100275
847 0.0991927 0.0997572
848 0.0984684 0.098846
849 0.0973556 0.0975448
850 0.0958586 0.0958586
851 0.0939832 0.093794
852 0.0917369 0.0913594
853 0.0891286 0.0885641
854 0.0861686 0.0854194
855 0.0828684 0.0819375
856 0.0792413 0.0781323
857 0.0753013 0.0740187
858 0.0710643 0.069613
859 0.0665467 0.0649326
860 0.0617666 0.0599959
861 0.0567426 0.0548224
862 0.0514947 0.0494326
863 0.0460436 0.0438476
864 0.0404108 0.0380897
865 0.0346185 0.0321814
866 0.0286896 0.0261461
867 0.0226475 0.0200076
868 0.0165159 0.0137902
869 0.0103192 0.00751831
870 0.00408181 0.00121678
871 -0.00217173 -0.00508956
872 -0.00841669 -0.0113758
873 -0.0146284 -0.0176172
874 -0.0207825 -0.023789
875 -0.0268545 -0.0298669
876 -0.0328205 -0.035827
877 -0.038657 -0.0416457
878 -0.0443409 -0.0473
879 -0.0498498 -0.0527677
880 -0.055162 -0.0580271
881 -0.0602565 -0.0630575
882 -0.0651132 -0.067839
883 -0.069713 -0.0723528
884 -0.0740376 -0.0765811
885 -0.07807 -0.0805071
886 -0.0817943 -0.0841154
887 -0.0851958 -0.0873918
888 -0.088261 -0.0903232
889 -0.090978 -0.0928982
890 -0.0933359 -0.0951066
891 -0.0953254 -0.0969396
892 -0.0969387 -0.09839
893 -0.0981695 -0.0994521
894 -0.0990128 -0.100122
895 -0.0994654 -0.100396
896 -0.0995254 -0.100275
897 -0.0991927 -0.0997572
898 -0.0984684 -0.098846
899 -0.0973556 -0.0975448
900 -0.0958586 -0.0958586
901 -0.0939832 -0.093794
902 -0.0917369 -0.0913594
903 -0.0891286 -0.0885641
904 -0.0861686 -0.0854194
905 -0.0828684 -0.0819375
906 -0.0792413 -0.0781323
907 -0.0753013 -0.0740187
908 -0.0710643 -0.069613
909 -0.0665467 -0.0649326
910 -0.0617666 -0.0599959
911 -0.0567426 -0.0548224
912 -0.0514947 -0.0494326
913 -0.0460436 -0.0438476
914 -0.0404108 -0.0380897
915 -0.0346185 -0.0321814
916 -0.0286896 -0.0261461
917 -0.0226475 -0.0200076
918 -0.0165159 -0.0137902
919 -0.0103192 -0.00751831
920 -0.00408181 -0.00121678
921 0.00217173 0.00508956
922 0.00841669 0.0113758
923 0.0146284 0.0176172
924 0.0207825 0.023789
925 0.0268545 0.0298669
926 0.0328205 0.035827
927 0.038657 0.0416457
928 0.0443409 0.0473
929 0.0498498 0.0527677
930 0.055162 0.0580271
931 0.0602565 0.0630575
932 0.0651132 0.067839
933 0.069713 0.0723528
934 0.0740376 0.0765811
935 0.07807 0.0805071
936 0.0817943 0.0841154
937 0.0851958 0.0873918
938 0.088261 0.0903232
939 0.090978 0.0928982
940 0.0933359 0.0951066
941 0.0953254 0.0969396
942 0.0969387 0.09839
943 0.0981695 0.0994521
944 0.0990128 0.100122
945 0.0994654 0.100396
946 0.0995254 0.100275
947 0.0991927 0.0997572
948 0.0984684 0.098846
949 0.0973556 0.0975448
950 0.0958586 0.0958586
951 0.0939832 0.093794
952 0.0917369 0.0913594
953 0.0891286 0.0885641
954 0.0861686 0.0854194
955 0.0828684 0.0819375
956 0.0792413 0.0781323
957 0.0753013 0.0740187
958 0.0710643 0.069613
959 0.0665467 0.0649326
960 0.0617666 0.0599959
961 0.0567426 0.0548224
962 0.0514947 0.0494326
963 0.0460436 0.0438476
964 0.0404108 0.0380897
965 0.0346185 0.0321814
966 0.0286896 0.0261461
967 0.0226475 0.0200076
968 0.0165159 0.0137902
969 0.0103192 0.00751831
970 0.00408181 0.00121678
971 -0.00217173 -0.00508956
972 -0.00841669 -0.0113758
973 -0.0146284 -0.0176172
974 -0.0207825 -0.023789
975 -0.0268545 -0.0298669
976 -0.0328205 -0.035827
977 -0.038657 -0.0416457
978 -0.0443409 -0.0473
979 -0.0498498 -0.0527677
980 -0.055162 -0.0580271
981 -0.0602565 -0.0630575
982 -0.0651132 -0.067839
983 -0.069713 -0.0723528
984 -0.0740376 -0.0765811
985 -0.07807 -0.0805071
986 -0.0817943 -0.0841154
987 -0.0851958 -0.0873918
988 -0.088261 -0.0903232
989 -0.090978 -0.0928982
990 -0.0933359 -0.0951066
991 -0.0953254 -0.0969396
992 -0.0969387 -0.09839
993 -0.0981695 -0.0994521
994 -0.0990128 -0.100122
995 -0.0994654 -0.100396
996 -0.0995254 -0.100275
997 -0.0991927 -0.0997572
998 -0.0984684 -0.098846
999 -0.0973556 -0.0975448
