0 -0.0999556 -0.0999556
1 -0.0997804 -0.0995831
2 -0.0992114 -0.0988177
3 -0.0982509 -0.0976623
4 -0.0969026 -0.0961214
5 -0.0951719 -0.0942013
6 -0.0930657 -0.0919093
7 -0.0905921 -0.0892546
8 -0.087761 -0.0862477
9 -0.0845835 -0.0829004
10 -0.0810722 -0.0792259
11 -0.077241 -0.0752387
12 -0.073105 -0.0709546
13 -0.0686804 -0.0663905
14 -0.0639848 -0.0615644
15 -0.0590366 -0.0564953
16 -0.0538555 -0.0512033
17 -0.0484618 -0.0457091
18 -0.0428769 -0.0400346
19 -0.0371227 -0.0342021
20 -0.0312221 -0.0282346
21 -0.0251982 -0.0221557
22 -0.0190749 -0.0159893
23 -0.0128763 -0.00975985
24 -0.00662689 -0.00349186
25 -0.000351324 0.00278991
26 0.00592563 0.00906066
27 0.0121792 0.0152957
28 0.0183847 0.0214703
29 0.0245176 0.0275602
30 0.0305538 0.0335413
31 0.0364694 0.0393901
32 0.0422411 0.0450834
33 0.0478461 0.0505988
34 0.0532622 0.0559145
35 0.0584682 0.0610095
36 0.0634434 0.0658637
37 0.0681682 0.070458
38 0.072624 0.0747743
39 0.0767931 0.0787954
40 0.0806592 0.0825056
41 0.084207 0.0858902
42 0.0874225 0.0889358
43 0.0902929 0.0916304
44 0.092807 0.0939634
45 0.0949548 0.0959255
46 0.0967279 0.0975091
47 0.0981192 0.0987078
48 0.0991233 0.099517
49 0.0997363 0.0999335
50 0.0999556 0.0999556
51 0.0997804 0.0995831
52 0.0992114 0.0988177
53 0.0982509 0.0976623
54 0.0969026 0.0961214
55 0.0951719 0.0942013
56 0.0930657 0.0919093
57 0.0905921 0.0892546
58 0.087761 0.0862477
59 0.0845835 0.0829004
60 0.0810722 0.0792259
61 0.077241 0.0752387
62 0.073105 0.0709546
63 0.0686804 0.0663905
64 0.0639848 0.0615644
65 0.0590366 0.0564953
66 0.0538555 0.0512033
67 0.0484618 0.0457091
68 0.0428769 0.0400346
69 0.0371227 0.0342021
70 0.0312221 0.0282346
71 0.0251982 0.0221557
72 0.0190749 0.0159893
73 0.0128763 0.00975985
74 0.00662689 0.00349186
75 0.000351324 -0.00278991
76 -0.00592563 -0.00906066
77 -0.0121792 -0.0152957
78 -0.0183847 -0.0214703
79 -0.0245176 -0.0275602
80 -0.0305538 -0.0335413
81 -0.0364694 -0.0393901
82 -0.0422411 -0.0450834
83 -0.0478461 -0.0505988
84 -0.0532622 -0.0559145
85 -0.0584682 -0.0610095
86 -0.0634434 -0.0658637
87 -0.0681682 -0.070458
88 -0.072624 -0.0747743
89 -0.0767931 -0.0787954
90 -0.0806592 -0.0825056
91 -0.084207 -0.0858902
92 -0.0874225 -0.0889358
93 -0.0902929 -0.0916304
94 -0.092807 -0.0939634
95 -0.0949548 -0.0959255
96 -0.0967279 -0.0975091
97 -0.0981192 -0.0987078
98 -0.0991233 -0.099517
99 -0.0997363 -0.0999335
100 -0.0999556 -0.0999556
101 -0.0997804 -0.0995831
102 -0.0992114 -0.0988177
103 -0.0982509 -0.0976623
104 -0.0969026 -0.0961214
105 -0.0951719 -0.0942013
106 -0.0930657 -0.0919093
107 -0.0905921 -0.0892546
108 -0.087761 -0.0862477
109 -0.0845835 -0.0829004
110 -0.0810722 -0.0792259
111 -0.077241 -0.0752387
112 -0.073105 -0.0709546
113 -0.0686804 -0.0663905
114 -0.0639848 -0.0615644
115 -0.0590366 -0.0564953
116 -0.0538555 -0.0512033
117 -0.0484618 -0.0457091
118 -0.0428769 -0.0400346
119 -0.0371227 -0.0342021
120 -0.0312221 -0.0282346
121 -0.0251982 -0.0221557
122 -0.0190749 -0.0159893
123 -0.0128763 -0.00975985
124 -0.00662689 -0.00349186
125 -0.000351324 0.00278991
126 0.00592563 0.00906066
127 0.0121792 0.0152957
128 0.0183847 0.0214703
129 0.0245176 0.0275602
130 0.0305538 0.0335413
131 0.0364694 0.0393901
132 0.0422411 0.0450834
133 0.0478461 0.0505988
134 0.0532622 0.0559145
135 0.0584682 0.0610095
136 0.0634434 0.0658637
137 0.0681682 0.070458
138 0.072624 0.0747743
139 0.0767931 0.0787954
140 0.0806592 0.0825056
141 0.084207 0.0858902
142 0.0874225 0.0889358
143 0.0902929 0.0916304
144 0.092807 0.0939634
145 0.0949548 0.0959255
146 0.0967279 0.0975091
147 0.0981192 0.0987078
148 0.0991233 0.099517
149 0.0997363 0.0999335
150 0.0999556 0.0999556
151 0.0997804 0.0995831
152 0.0992114 0.0988177
153 0.0982509 0.0976623
154 0.0969026 0.0961214
155 0.0951719 0.0942013
156 0.0930657 0.0919093
157 0.0905921 0.0892546
158 0.087761 0.0862477
159 0.0845835 0.0829004
160 0.0810722 0.0792259
161 0.077241 0.0752387
162 0.073105 0.0709546
163 0.0686804 0.0663905
164 0.0639848 0.0615644
165 0.0590366 0.0564953
166 0.0538555 0.0512033
167 0.0484618 0.0457091
168 0.0428769 0.0400346
169 0.0371227 0.0342021
170 0.0312221 0.0282346
171 0.0251982 0.0221557
172 0.0190749 0.0159893
173 0.0128763 0.00975985
174 0.00662689 0.00349186
175 0.000351324 -0.00278991
176 -0.00592563 -0.00906066
177 -0.0121792 -0.0152957
178 -0.0183847 -0.0214703
179 -0.0245176 -0.0275602
180 -0.0305538 -0.0335413
181 -0.0364694 -0.0393901
182 -0.0422411 -0.0450834
183 -0.0478461 -0.0505988
184 -0.0532622 -0.0559145
185 -0.0584682 -0.0610095
186 -0.0634434 -0.0658637
187 -0.0681682 -0.070458
188 -0.072624 -0.0747743
189 -0.0767931 -0.0787954
190 -0.0806592 -0.0825056
191 -0.084207 -0.0858902
192 -0.0874225 -0.0889358
193 -0.0902929 -0.0916304
194 -0.092807 -0.0939634
195 -0.0949548 -0.0959255
196 -0.0967279 -0.0975091
197 -0.0981192 -0.0987078
198 -0.0991233 -0.099517
199 -0.0997363 -0.0999335
200 -0.0999556 -0.0999556
201 -0.0997804 -0.0995831
202 -0.0992114 -0.0988177
203 -0.0982509 -0.0976623
204 -0.0969026 -0.0961214
205 -0.0951719 -0.0942013
206 -0.0930657 -0.0919093
207 -0.0905921 -0.0892546
208 -0.087761 -0.0862477
209 -0.0845835 -0.0829004
210 -0.0810722 -0.0792259
211 -0.077241 -0.0752387
212 -0.073105 -0.0709546
213 -0.0686804 -0.0663905
214 -0.0639848 -0.0615644
215 -0.0590366 -0.0564953
216 -0.0538555 -0.0512033
217 -0.0484618 -0.0457091
218 -0.0428769 -0.0400346
219 -0.0371227 -0.0342021
220 -0.0312221 -0.0282346
221 -0.0251982 -0.0221557
222 -0.0190749 -0.0159893
223 -0.0128763 -0.00975985
224 -0.00662689 -0.00349186
225 -0.000351324 0.00278991
226 0.00592563 0.00906066
227 0.0121792 0.0152957
228 0.0183847 0.0214703
229 0.0245176 0.0275602
230 0.0305538 0.0335413
231 0.0364694 0.0393901
232 0.0422411 0.0450834
233 0.0478461 0.0505988
234 0.0532622 0.0559145
235 0.0584682 0.0610095
236 0.0634434 0.0658637
237 0.0681682 0.070458
238 0.072624 0.0747743
239 0.0767931 0.0787954
240 0.0806592 0.0825056
241 0.084207 0.0858902
242 0.0874225 0.0889358
243 0.0902929 0.0916304
244 0.092807 0.0939634
245 0.0949548 0.0959255
246 0.0967279 0.0975091
247 0.0981192 0.0987078
248 0.0991233 0.099517
249 0.0997363 0.0999335
250 0.0999556 0.0999556
251 0.0997804 0.0995831
252 0.0992114 0.0988177
253 0.0982509 0.0976623
254 0.0969026 0.0961214
255 0.0951719 0.0942013
256 0.0930657 0.0919093
257 0.0905921 0.0892546
258 0.087761 0.0862477
259 0.0845835 0.0829004
260 0.0810722 0.0792259
261 0.077241 0.0752387
262 0.073105 0.0709546
263 0.0686804 0.0663905
264 0.0639848 0.0615644
265 0.0590366 0.0564953
266 0.0538555 0.0512033
267 0.0484618 0.0457091
268 0.0428769 0.0400346
269 0.0371227 0.0342021
270 0.0312221 0.0282346
271 0.0251982 0.0221557
272 0.0190749 0.0159893
273 0.0128763 0.00975985
274 0.00662689 0.00349186
275 0.000351324 -0.00278991
276 -0.00592563 -0.00906066
277 -0.0121792 -0.0152957
278 -0.0183847 -0.0214703
279 -0.0245176 -0.0275602
280 -0.0305538 -0.0335413
281 -0.0364694 -0.0393901
282 -0.0422411 -0.0450834
283 -0.0478461 -0.0505988
284 -0.0532622 -0.0559145
285 -0.0584682 -0.0610095
286 -0.0634434 -0.0658637
287 -0.0681682 -0.070458
288 -0.072624 -0.0747743
289 -0.0767931 -0.0787954
290 -0.0806592 -0.0825056
291 -0.084207 -0.0858902
292 -0.0874225 -0.0889358
293 -0.0902929 -0.0916304
294 -0.092807 -0.0939634
295 -0.0949548 -0.0959255
296 -0.0967279 -0.0975091
297 -0.0981192 -0.0987078
298 -0.0991233 -0.099517
299 -0.0997363 -0.0999335
300 -0.0999556 -0.0999556
301 -0.0997804 -0.0995831
302 -0.0992114 -0.0988177
303 -0.0982509 -0.0976623
304 -0.0969026 -0.0961214
305 -0.0951719 -0.0942013
306 -0.0930657 -0.0919093
307 -0.0905921 -0.0892546
308 -0.087761 -0.0862477
309 -0.0845835 -0.0829004
310 -0.0810722 -0.0792259
311 -0.077241 -0.0752387
312 -0.073105 -0.0709546
313 -0.0686804 -0.0663905
314 -0.0639848 -0.0615644
315 -0.0590366 -0.0564953
316 -0.0538555 -0.0512033
317 -0.0484618 -0.0457091
318 -0.0428769 -0.0400346
319 -0.0371227 -0.0342021
320 -0.0312221 -0.0282346
321 -0.0251982 -0.0221557
322 -0.0190749 -0.0159893
323 -0.0128763 -0.00975985
324 -0.00662689 -0.00349186
325 -0.000351324 0.00278991
326 0.00592563 0.00906066
327 0.0121792 0.0152957
328 0.0183847 0.0214703
329 0.0245176 0.0275602
330 0.0305538 0.0335413
331 0.0364694 0.0393901
332 0.0422411 0.0450834
333 0.0478461 0.0505988
334 0.0532622 0.0559145
335 0.0584682 0.0610095
336 0.0634434 0.0658637
337 0.0681682 0.070458
338 0.072624 0.0747743
339 0.0767931 0.0787954
340 0.0806592 0.0825056
341 0.084207 0.0858902
342 0.0874225 0.0889358
343 0.0902929 0.0916304
344 0.092807 0.0939634
345 0.0949548 0.0959255
346 0.0967279 0.0975091
347 0.0981192 0.0987078
348 0.0991233 0.099517
349 0.0997363 0.0999335
350 0.0999556 0.0999556
351 0.0997804 0.0995831
352 0.0992114 0.0988177
353 0.0982509 0.0976623
354 0.0969026 0.0961214
355 0.0951719 0.0942013
356 0.0930657 0.0919093
357 0.0905921 0.0892546
358 0.087761 0.0862477
359 0.0845835 0.0829004
360 0.0810722 0.0792259
361 0.077241 0.0752387
362 0.073105 0.0709546
363 0.0686804 0.0663905
364 0.0639848 0.0615644
365 0.0590366 0.0564953
366 0.0538555 0.0512033
367 0.0484618 0.0457091
368 0.0428769 0.0400346
369 0.0371227 0.0342021
370 0.0312221 0.0282346
371 0.0251982 0.0221557
372 0.0190749 0.0159893
373 0.0128763 0.00975985
374 0.00662689 0.00349186
375 0.000351324 -0.00278991
376 -0.00592563 -0.00906066
377 -0.0121792 -0.0152957
378 -0.0183847 -0.0214703
379 -0.0245176 -0.0275602
380 -0.0305538 -0.0335413
381 -0.0364694 -0.0393901
382 -0.0422411 -0.0450834
383 -0.0478461 -0.0505988
384 -0.0532622 -0.0559145
385 -0.0584682 -0.0610095
386 -0.0634434 -0.0658637
387 -0.0681682 -0.070458
388 -0.072624 -0.0747743
389 -0.0767931 -0.0787954
390 -0.0806592 -0.0825056
391 -0.084207 -0.0858902
392 -0.0874225 -0.0889358
393 -0.0902929 -0.0916304
394 -0.092807 -0.0939634
395 -0.0949548 -0.0959255
396 -0.0967279 -0.0975091
397 -0.0981192 -0.0987078
398 -0.0991233 -0.099517
399 -0.0997363 -0.0999335
400 -0.0999556 -0.0999556
401 -0.0997804 -0.0995831
402 -0.0992114 -0.0988177
403 -0.0982509 -0.0976623
404 -0.0969026 -0.0961214
405 -0.0951719 -0.0942013
406 -0.0930657 -0.0919093
407 -0.0905921 -0.0892546
408 -0.087761 -0.0862477
409 -0.0845835 -0.0829004
410 -0.0810722 -0.0792259
411 -0.077241 -0.0752387
412 -0.073105 -0.0709546
413 -0.0686804 -0.0663905
414 -0.0639848 -0.0615644
415 -0.0590366 -0.0564953
416 -0.0538555 -0.0512033
417 -0.0484618 -0.0457091
418 -0.0428769 -0.0400346
419 -0.0371227 -0.0342021
420 -0.0312221 -0.0282346
421 -0.0251982 -0.0221557
422 -0.0190749 -0.0159893
423 -0.0128763 -0.00975985
424 -0.00662689 -0.00349186
425 -0.000351324 0.00278991
426 0.00592563 0.00906066
427 0.0121792 0.0152957
428 0.0183847 0.0214703
429 0.0245176 0.0275602
430 0.0305538 0.0335413
431 0.0364694 0.0393901
432 0.0422411 0.0450834
433 0.0478461 0.0505988
434 0.0532622 0.0559145
435 0.0584682 0.0610095
436 0.0634434 0.0658637
437 0.0681682 0.070458
438 0.072624 0.0747743
439 0.0767931 0.0787954
440 0.0806592 0.0825056
441 0.084207 0.0858902
442 0.0874225 0.0889358
443 0.0902929 0.0916304
444 0.092807 0.0939634
445 0.0949548 0.0959255
446 0.0967279 0.0975091
447 0.0981192 0.0987078
448 0.0991233 0.099517
449 0.0997363 0.0999335
450 0.0999556 0.0999556
451 0.0997804 0.0995831
452 0.0992114 0.0988177
453 0.0982509 0.0976623
454 0.0969026 0.0961214
455 0.0951719 0.0942013
456 0.0930657 0.0919093
457 0.0905921 0.0892546
458 0.087761 0.0862477
459 0.0845835 0.0829004
460 0.0810722 0.0792259
461 0.077241 0.0752387
462 0.073105 0.0709546
463 0.0686804 0.0663905
464 0.0639848 0.0615644
465 0.0590366 0.0564953
466 0.0538555 0.0512033
467 0.0484618 0.0457091
468 0.0428769 0.0400346
469 0.0371227 0.0342021
470 0.0312221 0.0282346
471 0.0251982 0.0221557
472 0.0190749 0.0159893
473 0.0128763 0.00975985
474 0.00662689 0.00349186
475 0.000351324 -0.00278991
476 -0.00592563 -0.00906066
477 -0.0121792 -0.0152957
478 -0.0183847 -0.0214703
479 -0.0245176 -0.0275602
480 -0.0305538 -0.0335413
481 -0.0364694 -0.0393901
482 -0.0422411 -0.0450834
483 -0.0478461 -0.0505988
484 -0.0532622 -0.0559145
485 -0.0584682 -0.0610095
486 -0.0634434 -0.0658637
487 -0.0681682 -0.070458
488 -0.072624 -0.0747743
489 -0.0767931 -0.0787954
490 -0.0806592 -0.0825056
491 -0.084207 -0.0858902
492 -0.0874225 -0.0889358
493 -0.0902929 -0.0916304
494 -0.092807 -0.0939634
495 -0.0949548 -0.0959255
496 -0.0967279 -0.0975091
497 -0.0981192 -0.0987078
498 -0.0991233 -0.099517
499 -0.0997363 -0.0999335
500 -0.0999556 -0.0999556
501 -0.0997804 -0.0995831
502 -0.0992114 -0.0988177
503 -0.0982509 -0.0976623
504 -0.0969026 -0.0961214
505 -0.0951719 -0.0942013
506 -0.0930657 -0.0919093
507 -0.0905921 -0.0892546
508 -0.087761 -0.0862477
509 -0.0845835 -0.0829004
510 -0.0810722 -0.0792259
511 -0.077241 -0.0752387
512 -0.073105 -0.0709546
513 -0.0686804 -0.0663905
514 -0.0639848 -0.0615644
515 -0.0590366 -0.0564953
516 -0.0538555 -0.0512033
517 -0.0484618 -0.0457091
518 -0.0428769 -0.0400346
519 -0.0371227 -0.0342021
520 -0.0312221 -0.0282346
521 -0.0251982 -0.0221557
522 -0.0190749 -0.0159893
523 -0.0128763 -0.00975985
524 -0.00662689 -0.00349186
525 -0.000351324 0.00278991
526 0.00592563 0.00906066
527 0.0121792 0.0152957
528 0.0183847 0.0214703
529 0.0245176 0.0275602
530 0.0305538 0.0335413
531 0.0364694 0.0393901
532 0.0422411 0.0450834
533 0.0478461 0.0505988
534 0.0532622 0.0559145
535 0.0584682 0.0610095
536 0.0634434 0.0658637
537 0.0681682 0.070458
538 0.072624 0.0747743
539 0.0767931 0.0787954
540 0.0806592 0.0825056
541 0.084207 0.0858902
542 0.0874225 0.0889358
543 0.0902929 0.0916304
544 0.092807 0.0939634
545 0.0949548 0.0959255
546 0.0967279 0.0975091
547 0.0981192 0.0987078
548 0.0991233 0.099517
549 0.0997363 0.0999335
550 0.0999556 0.0999556
551 0.0997804 0.0995831
552 0.0992114 0.0988177
553 0.0982509 0.0976623
554 0.0969026 0.0961214
555 0.0951719 0.0942013
556 0.0930657 0.0919093
557 0.0905921 0.0892546
558 0.087761 0.0862477
559 0.0845835 0.0829004
560 0.0810722 0.0792259
561 0.077241 0.0752387
562 0.073105 0.0709546
563 0.0686804 0.0663905
564 0.0639848 0.0615644
565 0.0590366 0.0564953
566 0.0538555 0.0512033
567 0.0484618 0.0457091
568 0.0428769 0.0400346
569 0.0371227 0.0342021
570 0.0312221 0.0282346
571 0.0251982 0.0221557
572 0.0190749 0.0159893
573 0.0128763 0.00975985
574 0.00662689 0.00349186
575 0.000351324 -0.00278991
576 -0.00592563 -0.00906066
577 -0.0121792 -0.0152957
578 -0.0183847 -0.0214703
579 -0.0245176 -0.0275602
580 -0.0305538 -0.0335413
581 -0.0364694 -0.0393901
582 -0.0422411 -0.0450834
583 -0.0478461 -0.0505988
584 -0.0532622 -0.0559145
585 -0.0584682 -0.0610095
586 -0.0634434 -0.0658637
587 -0.0681682 -0.070458
588 -0.072624 -0.0747743
589 -0.0767931 -0.0787954
590 -0.0806592 -0.0825056
591 -0.084207 -0.0858902
592 -0.0874225 -0.0889358
593 -0.0902929 -0.0916304
594 -0.092807 -0.0939634
595 -0.0949548 -0.0959255
596 -0.0967279 -0.0975091
597 -0.0981192 -0.0987078
598 -0.0991233 -0.099517
599 -0.0997363 -0.0999335
600 -0.0999556 -0.0999556
601 -0.0997804 -0.0995831
602 -0.0992114 -0.0988177
603 -0.0982509 -0.0976623
604 -0.0969026 -0.0961214
605 -0.0951719 -0.0942013
606 -0.0930657 -0.0919093
607 -0.0905921 -0.0892546
608 -0.087761 -0.0862477
609 -0.0845835 -0.0829004
610 -0.0810722 -0.0792259
611 -0.077241 -0.0752387
612 -0.073105 -0.0709546
613 -0.0686804 -0.0663905
614 -0.0639848 -0.0615644
615 -0.0590366 -0.0564953
616 -0.0538555 -0.0512033
617 -0.0484618 -0.0457091
618 -0.0428769 -0.0400346
619 -0.0371227 -0.0342021
620 -0.0312221 -0.0282346
621 -0.0251982 -0.0221557
622 -0.0190749 -0.0159893
623 -0.0128763 -0.00975985
624 -0.00662689 -0.00349186
625 -0.000351324 0.00278991
626 0.00592563 0.00906066
627 0.0121792 0.0152957
628 0.0183847 0.0214703
629 0.0245176 0.0275602
630 0.0305538 0.0335413
631 0.0364694 0.0393901
632 0.0422411 0.0450834
633 0.0478461 0.0505988
634 0.0532622 0.0559145
635 0.0584682 0.0610095
636 0.0634434 0.0658637
637 0.0681682 0.070458
638 0.072624 0.0747743
639 0.0767931 0.0787954
640 0.0806592 0.0825056
641 0.084207 0.0858902
642 0.0874225 0.0889358
643 0.0902929 0.0916304
644 0.092807 0.0939634
645 0.0949548 0.0959255
646 0.0967279 0.0975091
647 0.0981192 0.0987078
648 0.0991233 0.099517
649 0.0997363 0.0999335
650 0.0999556 0.0999556
651 0.0997804 0.0995831
652 0.0992114 0.0988177
653 0.0982509 0.0976623
654 0.0969026 0.0961214
655 0.0951719 0.0942013
656 0.0930657 0.0919093
657 0.0905921 0.0892546
658 0.087761 0.0862477
659 0.0845835 0.0829004
660 0.0810722 0.0792259
661 0.077241 0.0752387
662 0.073105 0.0709546
663 0.0686804 0.0663905
664 0.0639848 0.0615644
665 0.0590366 0.0564953
666 0.0538555 0.0512033
667 0.0484618 0.0457091
668 0.0428769 0.0400346
669 0.0371227 0.0342021
670 0.0312221 0.0282346
671 0.0251982 0.0221557
672 0.0190749 0.0159893
673 0.0128763 0.00975985
674 0.00662689 0.00349186
675 0.000351324 -0.00278991
676 -0.00592563 -0.00906066
677 -0.0121792 -0.0152957
678 -0.0183847 -0.0214703
679 -0.0245176 -0.0275602
680 -0.0305538 -0.0335413
681 -0.0364694 -0.0393901
682 -0.0422411 -0.0450834
683 -0.0478461 -0.0505988
684 -0.0532622 -0.0559145
685 -0.0584682 -0.0610095
686 -0.0634434 -0.0658637
687 -0.0681682 -0.070458
688 -0.072624 -0.0747743
689 -0.0767931 -0.0787954
690 -0.0806592 -0.0825056
691 -0.084207 -0.0858902
692 -0.0874225 -0.0889358
693 -0.0902929 -0.0916304
694 -0.092807 -0.0939634
695 -0.0949548 -0.0959255
696 -0.0967279 -0.0975091
697 -0.0981192 -0.0987078
698 -0.0991233 -0.099517
699 -0.0997363 -0.0999335
700 -0.0999556 -0.0999556
701 -0.0997804 -0.0995831
702 -0.0992114 -0.0988177
703 -0.0982509 -0.0976623
704 -0.0969026 -0.0961214
705 -0.0951719 -0.0942013
706 -0.0930657 -0.0919093
707 -0.0905921 -0.0892546
708 -0.087761 -0.0862477
709 -0.0845835 -0.0829004
710 -0.0810722 -0.0792259
711 -0.077241 -0.0752387
712 -0.073105 -0.0709546
713 -0.0686804 -0.0663905
714 -0.0639848 -0.0615644
715 -0.0590366 -0.0564953
716 -0.0538555 -0.0512033
717 -0.0484618 -0.0457091
718 -0.0428769 -0.0400346
719 -0.0371227 -0.0342021
720 -0.0312221 -0.0282346
721 -0.0251982 -0.0221557
722 -0.0190749 -0.0159893
723 -0.0128763 -0.00975985
724 -0.00662689 -0.00349186
725 -0.000351324 0.00278991
726 0.00592563 0.00906066
727 0.0121792 0.0152957
728 0.0183847 0.0214703
729 0.0245176 0.0275602
730 0.0305538 0.0335413
731 0.0364694 0.0393901
732 0.0422411 0.0450834
733 0.0478461 0.0505988
734 0.0532622 0.0559145
735 0.0584682 0.0610095
736 0.0634434 0.0658637
737 0.0681682 0.070458
738 0.072624 0.0747743
739 0.0767931 0.0787954
740 0.0806592 0.0825056
741 0.084207 0.0858902
742 0.0874225 0.0889358
743 0.0902929 0.0916304
744 0.092807 0.0939634
745 0.0949548 0.0959255
746 0.0967279 0.0975091
747 0.0981192 0.0987078
748 0.0991233 0.099517
749 0.0997363 0.0999335
750 0.0999556 0.0999556
751 0.0997804 0.0995831
752 0.0992114 0.0988177
753 0.0982509 0.0976623
754 0.0969026 0.0961214
755 0.0951719 0.0942013
756 0.0930657 0.0919093
757 0.0905921 0.0892546
758 0.087761 0.0862477
759 0.0845835 0.0829004
760 0.0810722 0.0792259
761 0.077241 0.0752387
762 0.073105 0.0709546
763 0.0686804 0.0663905
764 0.0639848 0.0615644
765 0.0590366 0.0564953
766 0.0538555 0.0512033
767 0.0484618 0.0457091
768 0.0428769 0.0400346
769 0.0371227 0.0342021
770 0.0312221 0.0282346
771 0.0251982 0.0221557
772 0.0190749 0.0159893
773 0.0128763 0.00975985
774 0.00662689 0.00349186
775 0.000351324 -0.00278991
776 -0.00592563 -0.00906066
777 -0.0121792 -0.0152957
778 -0.0183847 -0.0214703
779 -0.0245176 -0.0275602
780 -0.0305538 -0.0335413
781 -0.0364694 -0.0393901
782 -0.0422411 -0.0450834
783 -0.0478461 -0.0505988
784 -0.0532622 -0.0559145
785 -0.0584682 -0.0610095
786 -0.0634434 -0.0658637
787 -0.0681682 -0.070458
788 -0.072624 -0.0747743
789 -0.0767931 -0.0787954
790 -0.0806592 -0.0825056
791 -0.084207 -0.0858902
792 -0.0874225 -0.0889358
793 -0.0902929 -0.0916304
794 -0.092807 -0.0939634
795 -0.0949548 -0.0959255
796 -0.0967279 -0.0975091
797 -0.0981192 -0.0987078
798 -0.0991233 -0.099517
799 -0.0997363 -0.0999335
800 -0.0999556 -0.0999556
801 -0.0997804 -0.0995831
802 -0.0992114 -0.0988177
803 -0.0982509 -0.0976623
804 -0.0969026 -0.0961214
805 -0.0951719 -0.0942013
806 -0.0930657 -0.0919093
807 -0.0905921 -0.0892546
808 -0.087761 -0.0862477
809 -0.0845835 -0.0829004
810 -0.0810722 -0.0792259
811 -0.077241 -0.0752387
812 -0.073105 -0.0709546
813 -0.0686804 -0.0663905
814 -0.0639848 -0.0615644
815 -0.0590366 -0.0564953
816 -0.0538555 -0.0512033
817 -0.0484618 -0.0457091
818 -0.0428769 -0.0400346
819 -0.0371227 -0.0342021
820 -0.0312221 -0.0282346
821 -0.0251982 -0.0221557
822 -0.0190749 -0.0159893
823 -0.0128763 -0.00975985
824 -0.00662689 -0.00349186
825 -0.000351324 0.00278991
826 0.00592563 0.00906066
827 0.0121792 0.0152957
828 0.0183847 0.0214703
829 0.0245176 0.0275602
830 0.0305538 0.0335413
831 0.0364694 0.0393901
832 0.0422411 0.0450834
833 0.0478461 0.0505988
834 0.0532622 0.0559145
835 0.0584682 0.0610095
836 0.0634434 0.0658637
837 0.0681682 0.070458
838 0.072624 0.0747743
839 0.0767931 0.0787954
840 0.0806592 0.0825056
841 0.084207 0.0858902
842 0.0874225 0.0889358
843 0.0902929 0.0916304
844 0.092807 0.0939634
845 0.0949548 0.0959255
846 0.0967279 0.0975091
847 0.0981192 0.0987078
848 0.0991233 0.099517
849 0.0997363 0.0999335
850 0.0999556 0.0999556
851 0.0997804 0.0995831
852 0.0992114 0.0988177
853 0.0982509 0.0976623
854 0.0969026 0.0961214
855 0.0951719 0.0942013
856 0.0930657 0.0919093
857 0.0905921 0.0892546
858 0.087761 0.0862477
859 0.0845835 0.0829004
860 0.0810722 0.0792259
861 0.077241 0.0752387
862 0.073105 0.0709546
863 0.0686804 0.0663905
864 0.0639848 0.0615644
865 0.0590366 0.0564953
866 0.0538555 0.0512033
867 0.0484618 0.0457091
868 0.0428769 0.0400346
869 0.0371227 0.0342021
870 0.0312221 0.0282346
871 0.0251982 0.0221557
872 0.0190749 0.0159893
873 0.0128763 0.00975985
874 0.00662689 0.00349186
875 0.000351324 -0.00278991
876 -0.00592563 -0.00906066
877 -0.0121792 -0.0152957
878 -0.0183847 -0.0214703
879 -0.0245176 -0.0275602
880 -0.0305538 -0.0335413
881 -0.0364694 -0.0393901
882 -0.0422411 -0.0450834
883 -0.0478461 -0.0505988
884 -0.0532622 -0.0559145
885 -0.0584682 -0.0610095
886 -0.0634434 -0.0658637
887 -0.0681682 -0.070458
888 -0.072624 -0.0747743
889 -0.0767931 -0.0787954
890 -0.0806592 -0.0825056
891 -0.084207 -0.0858902
892 -0.0874225 -0.0889358
893 -0.0902929 -0.0916304
894 -0.092807 -0.0939634
895 -0.0949548 -0.0959255
896 -0.0967279 -0.0975091
897 -0.0981192 -0.0987078
898 -0.0991233 -0.099517
899 -0.0997363 -0.0999335
900 -0.0999556 -0.0999556
901 -0.0997804 -0.0995831
902 -0.0992114 -0.0988177
903 -0.0982509 -0.0976623
904 -0.0969026 -0.0961214
905 -0.0951719 -0.0942013
906 -0.0930657 -0.0919093
907 -0.0905921 -0.0892546
908 -0.087761 -0.0862477
909 -0.0845835 -0.0829004
910 -0.0810722 -0.0792259
911 -0.077241 -0.0752387
912 -0.073105 -0.0709546
913 -0.0686804 -0.0663905
914 -0.0639848 -0.0615644
915 -0.0590366 -0.0564953
916 -0.0538555 -0.0512033
917 -0.0484618 -0.0457091
918 -0.0428769 -0.0400346
919 -0.0371227 -0.0342021
920 -0.0312221 -0.0282346
921 -0.0251982 -0.0221557
922 -0.0190749 -0.0159893
923 -0.0128763 -0.00975985
924 -0.00662689 -0.00349186
925 -0.000351324 0.00278991
926 0.00592563 0.00906066
927 0.0121792 0.0152957
928 0.0183847 0.0214703
929 0.0245176 0.0275602
930 0.0305538 0.0335413
931 0.0364694 0.0393901
932 0.0422411 0.0450834
933 0.0478461 0.0505988
934 0.0532622 0.0559145
935 0.0584682 0.0610095
936 0.0634434 0.0658637
937 0.0681682 0.070458
938 0.072624 0.0747743
939 0.0767931 0.0787954
940 0.0806592 0.0825056
941 0.084207 0.0858902
942 0.0874225 0.0889358
943 0.0902929 0.0916304
944 0.092807 0.0939634
945 0.0949548 0.0959255
946 0.0967279 0.0975091
947 0.0981192 0.0987078
948 0.0991233 0.099517
949 0.0997363 0.0999335
950 0.0999556 0.0999556
951 0.0997804 0.0995831
952 0.0992114 0.0988177
953 0.0982509 0.0976623
954 0.0969026 0.0961214
955 0.0951719 0.0942013
956 0.0930657 0.0919093
957 0.0905921 0.0892546
958 0.087761 0.0862477
959 0.0845835 0.0829004
960 0.0810722 0.0792259
961 0.077241 0.0752387
962 0.073105 0.0709546
963 0.0686804 0.0663905
964 0.0639848 0.0615644
965 0.0590366 0.0564953
966 0.0538555 0.0512033
967 0.0484618 0.0457091
968 0.0428769 0.0400346
969 0.0371227 0.0342021
970 0.0312221 0.0282346
971 0.0251982 0.0221557
972 0.0190749 0.0159893
973 0.0128763 0.00975985
974 0.00662689 0.00349186
975 0.000351324 -0.00278991
976 -0.00592563 -0.00906066
977 -0.0121792 -0.0152957
978 -0.0183847 -0.0214703
979 -0.0245176 -0.0275602
980 -0.0305538 -0.0335413
981 -0.0364694 -0.0393901
982 -0.0422411 -0.0450834
983 -0.0478461 -0.0505988
984 -0.0532622 -0.0559145
985 -0.0584682 -0.0610095
986 -0.0634434 -0.0658637
987 -0.0681682 -0.070458
988 -0.072624 -0.0747743
989 -0.0767931 -0.0787954
990 -0.0806592 -0.0825056
991 -0.084207 -0.0858902
992 -0.0874225 -0.0889358
993 -0.0902929 -0.0916304
994 -0.092807 -0.0939634
995 -0.0949548 -0.0959255
996 -0.0967279 -0.0975091
997 -0.0981192 -0.0987078
998 -0.0991233 -0.099517
999 -0.0997363 -0.0999335
