0 -0.0051106 -0.0051106
1 -0.0113764 -0.0113663
2 -0.0175973 -0.0175772
3 -0.0237488 -0.0237187
4 -0.0298065 -0.0297665
5 -0.0357466 -0.0356969
6 -0.0415456 -0.0414865
7 -0.0471807 -0.0471123
8 -0.0526295 -0.0525521
9 -0.0578707 -0.0577846
10 -0.0628834 -0.062789
11 -0.067648 -0.0675456
12 -0.0721456 -0.0720357
13 -0.0763585 -0.0762414
14 -0.0802701 -0.0801463
15 -0.0838648 -0.0837349
16 -0.0871286 -0.086993
17 -0.0900485 -0.0899078
18 -0.092613 -0.0924677
19 -0.0948121 -0.0946627
20 -0.0966369 -0.0964842
21 -0.0980804 -0.0979248
22 -0.0991368 -0.098979
23 -0.0998019 -0.0996426
24 -0.100073 -0.0999129
25 -0.0999495 -0.0997889
26 -0.0994314 -0.0992711
27 -0.0985209 -0.0983615
28 -0.0972215 -0.0970638
29 -0.0955385 -0.0953829
30 -0.0934784 -0.0933256
31 -0.0910494 -0.0909001
32 -0.088261 -0.0881157
33 -0.0851244 -0.0849836
34 -0.0816518 -0.0815162
35 -0.0778569 -0.077727
36 -0.0737548 -0.0736311
37 -0.0693616 -0.0692445
38 -0.0646947 -0.0645847
39 -0.0597724 -0.0596701
40 -0.0546143 -0.0545199
41 -0.0492406 -0.0491546
42 -0.0436726 -0.0435952
43 -0.0379322 -0.0378638
44 -0.0320422 -0.031983
45 -0.0260256 -0.025976
46 -0.0199064 -0.0198665
47 -0.0137086 -0.0136785
48 -0.00745669 -0.00743656
49 -0.00117536 -0.00116528
50 0.0051106 0.0051106
51 0.0113764 0.0113663
52 0.0175973 0.0175772
53 0.0237488 0.0237187
54 0.0298065 0.0297665
55 0.0357466 0.0356969
56 0.0415456 0.0414865
57 0.0471807 0.0471123
58 0.0526295 0.0525521
59 0.0578707 0.0577846
60 0.0628834 0.062789
61 0.067648 0.0675456
62 0.0721456 0.0720357
63 0.0763585 0.0762414
64 0.0802701 0.0801463
65 0.0838648 0.0837349
66 0.0871286 0.086993
67 0.0900485 0.0899078
68 0.092613 0.0924677
69 0.0948121 0.0946627
70 0.0966369 0.0964842
71 0.0980804 0.0979248
72 0.0991368 0.098979
73 0.0998019 0.0996426
74 0.100073 0.0999129
75 0.0999495 0.0997889
76 0.0994314 0.0992711
77 0.0985209 0.0983615
78 0.0972215 0.0970638
79 0.0955385 0.0953829
80 0.0934784 0.0933256
81 0.0910494 0.0909001
82 0.088261 0.0881157
83 0.0851244 0.0849836
84 0.0816518 0.0815162
85 0.0778569 0.077727
86 0.0737548 0.0736311
87 0.0693616 0.0692445
88 0.0646947 0.0645847
89 0.0597724 0.0596701
90 0.0546143 0.0545199
91 0.0492406 0.0491546
92 0.0436726 0.0435952
93 0.0379322 0.0378638
94 0.0320422 0.031983
95 0.0260256 0.025976
96 0.0199064 0.0198665
97 0.0137086 0.0136785
98 0.00745669 0.00743656
99 0.00117536 0.00116528
100 -0.0051106 -0.0051106
101 -0.0113764 -0.0113663
102 -0.0175973 -0.0175772
103 -0.0237488 -0.0237187
104 -0.0298065 -0.0297665
105 -0.0357466 -0.0356969
106 -0.0415456 -0.0414865
107 -0.0471807 -0.0471123
108 -0.0526295 -0.0525521
109 -0.0578707 -0.0577846
110 -0.0628834 -0.062789
111 -0.067648 -0.0675456
112 -0.0721456 -0.0720357
113 -0.0763585 -0.0762414
114 -0.0802701 -0.0801463
115 -0.0838648 -0.0837349
116 -0.0871286 -0.086993
117 -0.0900485 -0.0899078
118 -0.092613 -0.0924677
119 -0.0948121 -0.0946627
120 -0.0966369 -0.0964842
121 -0.0980804 -0.0979248
122 -0.0991368 -0.098979
123 -0.0998019 -0.0996426
124 -0.100073 -0.0999129
125 -0.0999495 -0.0997889
126 -0.0994314 -0.0992711
127 -0.0985209 -0.0983615
128 -0.0972215 -0.0970638
129 -0.0955385 -0.0953829
130 -0.0934784 -0.0933256
131 -0.0910494 -0.0909001
132 -0.088261 -0.0881157
133 -0.0851244 -0.0849836
134 -0.0816518 -0.0815162
135 -0.0778569 -0.077727
136 -0.0737548 -0.0736311
137 -0.0693616 -0.0692445
138 -0.0646947 -0.0645847
139 -0.0597724 -0.0596701
140 -0.0546143 -0.0545199
141 -0.0492406 -0.0491546
142 -0.0436726 -0.0435952
143 -0.0379322 -0.0378638
144 -0.0320422 -0.031983
145 -0.0260256 -0.025976
146 -0.0199064 -0.0198665
147 -0.0137086 -0.0136785
148 -0.00745669 -0.00743656
149 -0.00117536 -0.00116528
150 0.0051106 0.0051106
151 0.0113764 0.0113663
152 0.0175973 0.0175772
153 0.0237488 0.0237187
154 0.0298065 0.0297665
155 0.0357466 0.0356969
156 0.0415456 0.0414865
157 0.0471807 0.0471123
158 0.0526295 0.0525521
159 0.0578707 0.0577846
160 0.0628834 0.062789
161 0.067648 0.0675456
162 0.0721456 0.0720357
163 0.0763585 0.0762414
164 0.0802701 0.0801463
165 0.0838648 0.0837349
166 0.0871286 0.086993
167 0.0900485 0.0899078
168 0.092613 0.0924677
169 0.0948121 0.0946627
170 0.0966369 0.0964842
171 0.0980804 0.0979248
172 0.0991368 0.098979
173 0.0998019 0.0996426
174 0.100073 0.0999129
175 0.0999495 0.0997889
176 0.0994314 0.0992711
177 0.0985209 0.0983615
178 0.0972215 0.0970638
179 0.0955385 0.0953829
180 0.0934784 0.0933256
181 0.0910494 0.0909001
182 0.088261 0.0881157
183 0.0851244 0.0849836
184 0.0816518 0.0815162
185 0.0778569 0.077727
186 0.0737548 0.0736311
187 0.0693616 0.0692445
188 0.0646947 0.0645847
189 0.0597724 0.0596701
190 0.0546143 0.0545199
191 0.0492406 0.0491546
192 0.0436726 0.0435952
193 0.0379322 0.0378638
194 0.0320422 0.031983
195 0.0260256 0.025976
196 0.0199064 0.0198665
197 0.0137086 0.0136785
198 0.00745669 0.00743656
199 0.00117536 0.00116528
200 -0.0051106 -0.0051106
201 -0.0113764 -0.0113663
202 -0.0175973 -0.0175772
203 -0.0237488 -0.0237187
204 -0.0298065 -0.0297665
205 -0.0357466 -0.0356969
206 -0.0415456 -0.0414865
207 -0.0471807 -0.0471123
208 -0.0526295 -0.0525521
209 -0.0578707 -0.0577846
210 -0.0628834 -0.062789
211 -0.067648 -0.0675456
212 -0.0721456 -0.0720357
213 -0.0763585 -0.0762414
214 -0.0802701 -0.0801463
215 -0.0838648 -0.0837349
216 -0.0871286 -0.086993
217 -0.0900485 -0.0899078
218 -0.092613 -0.0924677
219 -0.0948121 -0.0946627
220 -0.0966369 -0.0964842
221 -0.0980804 -0.0979248
222 -0.0991368 -0.098979
223 -0.0998019 -0.0996426
224 -0.100073 -0.0999129
225 -0.0999495 -0.0997889
226 -0.0994314 -0.0992711
227 -0.0985209 -0.0983615
228 -0.0972215 -0.0970638
229 -0.0955385 -0.0953829
230 -0.0934784 -0.0933256
231 -0.0910494 -0.0909001
232 -0.088261 -0.0881157
233 -0.0851244 -0.0849836
234 -0.0816518 -0.0815162
235 -0.0778569 -0.077727
236 -0.0737548 -0.0736311
237 -0.0693616 -0.0692445
238 -0.0646947 -0.0645847
239 -0.0597724 -0.0596701
240 -0.0546143 -0.0545199
241 -0.0492406 -0.0491546
242 -0.0436726 -0.0435952
243 -0.0379322 -0.0378638
244 -0.0320422 -0.031983
245 -0.0260256 -0.025976
246 -0.0199064 -0.0198665
247 -0.0137086 -0.0136785
248 -0.00745669 -0.00743656
249 -0.00117536 -0.00116528
250 0.0051106 0.0051106
251 0.0113764 0.0113663
252 0.0175973 0.0175772
253 0.0237488 0.0237187
254 0.0298065 0.0297665
255 0.0357466 0.0356969
256 0.0415456 0.0414865
257 0.0471807 0.0471123
258 0.0526295 0.0525521
259 0.0578707 0.0577846
260 0.0628834 0.062789
261 0.067648 0.0675456
262 0.0721456 0.0720357
263 0.0763585 0.0762414
264 0.0802701 0.0801463
265 0.0838648 0.0837349
266 0.0871286 0.086993
267 0.0900485 0.0899078
268 0.092613 0.0924677
269 0.0948121 0.0946627
270 0.0966369 0.0964842
271 0.0980804 0.0979248
272 0.0991368 0.098979
273 0.0998019 0.0996426
274 0.100073 0.0999129
275 0.0999495 0.0997889
276 0.0994314 0.0992711
277 0.0985209 0.0983615
278 0.0972215 0.0970638
279 0.0955385 0.0953829
280 0.0934784 0.0933256
281 0.0910494 0.0909001
282 0.088261 0.0881157
283 0.0851244 0.0849836
284 0.0816518 0.0815162
285 0.0778569 0.077727
286 0.0737548 0.0736311
287 0.0693616 0.0692445
288 0.0646947 0.0645847
289 0.0597724 0.0596701
290 0.0546143 0.0545199
291 0.0492406 0.0491546
292 0.0436726 0.0435952
293 0.0379322 0.0378638
294 0.0320422 0.031983
295 0.0260256 0.025976
296 0.0199064 0.0198665
297 0.0137086 0.0136785
298 0.00745669 0.00743656
299 0.00117536 0.00116528
300 -0.0051106 -0.0051106
301 -0.0113764 -0.0113663
302 -0.0175973 -0.0175772
303 -0.0237488 -0.0237187
304 -0.0298065 -0.0297665
305 -0.0357466 -0.0356969
306 -0.0415456 -0.0414865
307 -0.0471807 -0.0471123
308 -0.0526295 -0.0525521
309 -0.0578707 -0.0577846
310 -0.0628834 -0.062789
311 -0.067648 -0.0675456
312 -0.0721456 -0.0720357
313 -0.0763585 -0.0762414
314 -0.0802701 -0.0801463
315 -0.0838648 -0.0837349
316 -0.0871286 -0.086993
317 -0.0900485 -0.0899078
318 -0.092613 -0.0924677
319 -0.0948121 -0.0946627
320 -0.0966369 -0.0964842
321 -0.0980804 -0.0979248
322 -0.0991368 -0.098979
323 -0.0998019 -0.0996426
324 -0.100073 -0.0999129
325 -0.0999495 -0.0997889
326 -0.0994314 -0.0992711
327 -0.0985209 -0.0983615
328 -0.0972215 -0.0970638
329 -0.0955385 -0.0953829
330 -0.0934784 -0.0933256
331 -0.0910494 -0.0909001
332 -0.088261 -0.0881157
333 -0.0851244 -0.0849836
334 -0.0816518 -0.0815162
335 -0.0778569 -0.077727
336 -0.0737548 -0.0736311
337 -0.0693616 -0.0692445
338 -0.0646947 -0.0645847
339 -0.0597724 -0.0596701
340 -0.0546143 -0.0545199
341 -0.0492406 -0.0491546
342 -0.0436726 -0.0435952
343 -0.0379322 -0.0378638
344 -0.0320422 -0.031983
345 -0.0260256 -0.025976
346 -0.0199064 -0.0198665
347 -0.0137086 -0.0136785
348 -0.00745669 -0.00743656
349 -0.00117536 -0.00116528
350 0.0051106 0.0051106
351 0.0113764 0.0113663
352 0.0175973 0.0175772
353 0.0237488 0.0237187
354 0.0298065 0.0297665
355 0.0357466 0.0356969
356 0.0415456 0.0414865
357 0.0471807 0.0471123
358 0.0526295 0.0525521
359 0.0578707 0.0577846
360 0.0628834 0.062789
361 0.067648 0.0675456
362 0.0721456 0.0720357
363 0.0763585 0.0762414
364 0.0802701 0.0801463
365 0.0838648 0.0837349
366 0.0871286 0.086993
367 0.0900485 0.0899078
368 0.092613 0.0924677
369 0.0948121 0.0946627
370 0.0966369 0.0964842
371 0.0980804 0.0979248
372 0.0991368 0.098979
373 0.0998019 0.0996426
374 0.100073 0.0999129
375 0.0999495 0.0997889
376 0.0994314 0.0992711
377 0.0985209 0.0983615
378 0.0972215 0.0970638
379 0.0955385 0.0953829
380 0.0934784 0.0933256
381 0.0910494 0.0909001
382 0.088261 0.0881157
383 0.0851244 0.0849836
384 0.0816518 0.0815162
385 0.0778569 0.077727
386 0.0737548 0.0736311
387 0.0693616 0.0692445
388 0.0646947 0.0645847
389 0.0597724 0.0596701
390 0.0546143 0.0545199
391 0.0492406 0.0491546
392 0.0436726 0.0435952
393 0.0379322 0.0378638
394 0.0320422 0.031983
395 0.0260256 0.025976
396 0.0199064 0.0198665
397 0.0137086 0.0136785
398 0.00745669 0.00743656
399 0.00117536 0.00116528
400 -0.0051106 -0.0051106
401 -0.0113764 -0.0113663
402 -0.0175973 -0.0175772
403 -0.0237488 -0.0237187
404 -0.0298065 -0.0297665
405 -0.0357466 -0.0356969
406 -0.0415456 -0.0414865
407 -0.0471807 -0.0471123
408 -0.0526295 -0.0525521
409 -0.0578707 -0.0577846
410 -0.0628834 -0.062789
411 -0.067648 -0.0675456
412 -0.0721456 -0.0720357
413 -0.0763585 -0.0762414
414 -0.0802701 -0.0801463
415 -0.0838648 -0.0837349
416 -0.0871286 -0.086993
417 -0.0900485 -0.0899078
418 -0.092613 -0.0924677
419 -0.0948121 -0.0946627
420 -0.0966369 -0.0964842
421 -0.0980804 -0.0979248
422 -0.0991368 -0.098979
423 -0.0998019 -0.0996426
424 -0.100073 -0.0999129
425 -0.0999495 -0.0997889
426 -0.0994314 -0.0992711
427 -0.0985209 -0.0983615
428 -0.0972215 -0.0970638
429 -0.0955385 -0.0953829
430 -0.0934784 -0.0933256
431 -0.0910494 -0.0909001
432 -0.088261 -0.0881157
433 -0.0851244 -0.0849836
434 -0.0816518 -0.0815162
435 -0.0778569 -0.077727
436 -0.0737548 -0.0736311
437 -0.0693616 -0.0692445
438 -0.0646947 -0.0645847
439 -0.0597724 -0.0596701
440 -0.0546143 -0.0545199
441 -0.0492406 -0.0491546
442 -0.0436726 -0.0435952
443 -0.0379322 -0.0378638
444 -0.0320422 -0.031983
445 -0.0260256 -0.025976
446 -0.0199064 -0.0198665
447 -0.0137086 -0.0136785
448 -0.00745669 -0.00743656
449 -0.00117536 -0.00116528
450 0.0051106 0.0051106
451 0.0113764 0.0113663
452 0.0175973 0.0175772
453 0.0237488 0.0237187
454 0.0298065 0.0297665
455 0.0357466 0.0356969
456 0.0415456 0.0414865
457 0.0471807 0.0471123
458 0.0526295 0.0525521
459 0.0578707 0.0577846
460 0.0628834 0.062789
461 0.067648 0.0675456
462 0.0721456 0.0720357
463 0.0763585 0.0762414
464 0.0802701 0.0801463
465 0.0838648 0.0837349
466 0.0871286 0.086993
467 0.0900485 0.0899078
468 0.092613 0.0924677
469 0.0948121 0.0946627
470 0.0966369 0.0964842
471 0.0980804 0.0979248
472 0.0991368 0.098979
473 0.0998019 0.0996426
474 0.100073 0.0999129
475 0.0999495 0.0997889
476 0.0994314 0.0992711
477 0.0985209 0.0983615
478 0.0972215 0.0970638
479 0.0955385 0.0953829
480 0.0934784 0.0933256
481 0.0910494 0.0909001
482 0.088261 0.0881157
483 0.0851244 0.0849836
484 0.0816518 0.0815162
485 0.0778569 0.077727
486 0.0737548 0.0736311
487 0.0693616 0.0692445
488 0.0646947 0.0645847
489 0.0597724 0.0596701
490 0.0546143 0.0545199
491 0.0492406 0.0491546
492 0.0436726 0.0435952
493 0.0379322 0.0378638
494 0.0320422 0.031983
495 0.0260256 0.025976
496 0.0199064 0.0198665
497 0.0137086 0.0136785
498 0.00745669 0.00743656
499 0.00117536 0.00116528
500 -0.0051106 -0.0051106
501 -0.0113764 -0.0113663
502 -0.0175973 -0.0175772
503 -0.0237488 -0.0237187
504 -0.0298065 -0.0297665
505 -0.0357466 -0.0356969
506 -0.0415456 -0.0414865
507 -0.0471807 -0.0471123
508 -0.0526295 -0.0525521
509 -0.0578707 -0.0577846
510 -0.0628834 -0.062789
511 -0.067648 -0.0675456
512 -0.0721456 -0.0720357
513 -0.0763585 -0.0762414
514 -0.0802701 -0.0801463
515 -0.0838648 -0.0837349
516 -0.0871286 -0.086993
517 -0.0900485 -0.0899078
518 -0.092613 -0.0924677
519 -0.0948121 -0.0946627
520 -0.0966369 -0.0964842
521 -0.0980804 -0.0979248
522 -0.0991368 -0.098979
523 -0.0998019 -0.0996426
524 -0.100073 -0.0999129
525 -0.0999495 -0.0997889
526 -0.0994314 -0.0992711
527 -0.0985209 -0.0983615
528 -0.0972215 -0.0970638
529 -0.0955385 -0.0953829
530 -0.0934784 -0.0933256
531 -0.0910494 -0.0909001
532 -0.088261 -0.0881157
533 -0.0851244 -0.0849836
534 -0.0816518 -0.0815162
535 -0.0778569 -0.077727
536 -0.0737548 -0.0736311
537 -0.0693616 -0.0692445
538 -0.0646947 -0.0645847
539 -0.0597724 -0.0596701
540 -0.0546143 -0.0545199
541 -0.0492406 -0.0491546
542 -0.0436726 -0.0435952
543 -0.0379322 -0.0378638
544 -0.0320422 -0.031983
545 -0.0260256 -0.025976
546 -0.0199064 -0.0198665
547 -0.0137086 -0.0136785
548 -0.00745669 -0.00743656
549 -0.00117536 -0.00116528
550 0.0051106 0.0051106
551 0.0113764 0.0113663
552 0.0175973 0.0175772
553 0.0237488 0.0237187
554 0.0298065 0.0297665
555 0.0357466 0.0356969
556 0.0415456 0.0414865
557 0.0471807 0.0471123
558 0.0526295 0.0525521
559 0.0578707 0.0577846
560 0.0628834 0.062789
561 0.067648 0.0675456
562 0.0721456 0.0720357
563 0.0763585 0.0762414
564 0.0802701 0.0801463
565 0.0838648 0.0837349
566 0.0871286 0.086993
567 0.0900485 0.0899078
568 0.092613 0.0924677
569 0.0948121 0.0946627
570 0.0966369 0.0964842
571 0.0980804 0.0979248
572 0.0991368 0.098979
573 0.0998019 0.0996426
574 0.100073 0.0999129
575 0.0999495 0.0997889
576 0.0994314 0.0992711
577 0.0985209 0.0983615
578 0.0972215 0.0970638
579 0.0955385 0.0953829
580 0.0934784 0.0933256
581 0.0910494 0.0909001
582 0.088261 0.0881157
583 0.0851244 0.0849836
584 0.0816518 0.0815162
585 0.0778569 0.077727
586 0.0737548 0.0736311
587 0.0693616 0.0692445
588 0.0646947 0.0645847
589 0.0597724 0.0596701
590 0.0546143 0.0545199
591 0.0492406 0.0491546
592 0.0436726 0.0435952
593 0.0379322 0.0378638
594 0.0320422 0.031983
595 0.0260256 0.025976
596 0.0199064 0.0198665
597 0.0137086 0.0136785
598 0.00745669 0.00743656
599 0.00117536 0.00116528
600 -0.0051106 -0.0051106
601 -0.0113764 -0.0113663
602 -0.0175973 -0.0175772
603 -0.0237488 -0.0237187
604 -0.0298065 -0.0297665
605 -0.0357466 -0.0356969
606 -0.0415456 -0.0414865
607 -0.0471807 -0.0471123
608 -0.0526295 -0.0525521
609 -0.0578707 -0.0577846
610 -0.0628834 -0.062789
611 -0.067648 -0.0675456
612 -0.0721456 -0.0720357
613 -0.0763585 -0.0762414
614 -0.0802701 -0.0801463
615 -0.0838648 -0.0837349
616 -0.0871286 -0.086993
617 -0.0900485 -0.0899078
618 -0.092613 -0.0924677
619 -0.0948121 -0.0946627
620 -0.0966369 -0.0964842
621 -0.0980804 -0.0979248
622 -0.0991368 -0.098979
623 -0.0998019 -0.0996426
624 -0.100073 -0.0999129
625 -0.0999495 -0.0997889
626 -0.0994314 -0.0992711
627 -0.0985209 -0.0983615
628 -0.0972215 -0.0970638
629 -0.0955385 -0.0953829
630 -0.0934784 -0.0933256
631 -0.0910494 -0.0909001
632 -0.088261 -0.0881157
633 -0.0851244 -0.0849836
634 -0.0816518 -0.0815162
635 -0.0778569 -0.077727
636 -0.0737548 -0.0736311
637 -0.0693616 -0.0692445
638 -0.0646947 -0.0645847
639 -0.0597724 -0.0596701
640 -0.0546143 -0.0545199
641 -0.0492406 -0.0491546
642 -0.0436726 -0.0435952
643 -0.0379322 -0.0378638
644 -0.0320422 -0.031983
645 -0.0260256 -0.025976
646 -0.0199064 -0.0198665
647 -0.0137086 -0.0136785
648 -0.00745669 -0.00743656
649 -0.00117536 -0.00116528
650 0.0051106 0.0051106
651 0.0113764 0.0113663
652 0.0175973 0.0175772
653 0.0237488 0.0237187
654 0.0298065 0.0297665
655 0.0357466 0.0356969
656 0.0415456 0.0414865
657 0.0471807 0.0471123
658 0.0526295 0.0525521
659 0.0578707 0.0577846
660 0.0628834 0.062789
661 0.067648 0.0675456
662 0.0721456 0.0720357
663 0.0763585 0.0762414
664 0.0802701 0.0801463
665 0.0838648 0.0837349
666 0.0871286 0.086993
667 0.0900485 0.0899078
668 0.092613 0.0924677
669 0.0948121 0.0946627
670 0.0966369 0.0964842
671 0.0980804 0.0979248
672 0.0991368 0.098979
673 0.0998019 0.0996426
674 0.100073 0.0999129
675 0.0999495 0.0997889
676 0.0994314 0.0992711
677 0.0985209 0.0983615
678 0.0972215 0.0970638
679 0.0955385 0.0953829
680 0.0934784 0.0933256
681 0.0910494 0.0909001
682 0.088261 0.0881157
683 0.0851244 0.0849836
684 0.0816518 0.0815162
685 0.0778569 0.077727
686 0.0737548 0.0736311
687 0.0693616 0.0692445
688 0.0646947 0.0645847
689 0.0597724 0.0596701
690 0.0546143 0.0545199
691 0.0492406 0.0491546
692 0.0436726 0.0435952
693 0.0379322 0.0378638
694 0.0320422 0.031983
695 0.0260256 0.025976
696 0.0199064 0.0198665
697 0.0137086 0.0136785
698 0.00745669 0.00743656
699 0.00117536 0.00116528
700 -0.0051106 -0.0051106
701 -0.0113764 -0.0113663
702 -0.0175973 -0.0175772
703 -0.0237488 -0.0237187
704 -0.0298065 -0.0297665
705 -0.0357466 -0.0356969
706 -0.0415456 -0.0414865
707 -0.0471807 -0.0471123
708 -0.0526295 -0.0525521
709 -0.0578707 -0.0577846
710 -0.0628834 -0.062789
711 -0.067648 -0.0675456
712 -0.0721456 -0.0720357
713 -0.0763585 -0.0762414
714 -0.0802701 -0.0801463
715 -0.0838648 -0.0837349
716 -0.0871286 -0.086993
717 -0.0900485 -0.0899078
718 -0.092613 -0.0924677
719 -0.0948121 -0.0946627
720 -0.0966369 -0.0964842
721 -0.0980804 -0.0979248
722 -0.0991368 -0.098979
723 -0.0998019 -0.0996426
724 -0.100073 -0.0999129
725 -0.0999495 -0.0997889
726 -0.0994314 -0.0992711
727 -0.0985209 -0.0983615
728 -0.0972215 -0.0970638
729 -0.0955385 -0.0953829
730 -0.0934784 -0.0933256
731 -0.0910494 -0.0909001
732 -0.088261 -0.0881157
733 -0.0851244 -0.0849836
734 -0.0816518 -0.0815162
735 -0.0778569 -0.077727
736 -0.0737548 -0.0736311
737 -0.0693616 -0.0692445
738 -0.0646947 -0.0645847
739 -0.0597724 -0.0596701
740 -0.0546143 -0.0545199
741 -0.0492406 -0.0491546
742 -0.0436726 -0.0435952
743 -0.0379322 -0.0378638
744 -0.0320422 -0.031983
745 -0.0260256 -0.025976
746 -0.0199064 -0.0198665
747 -0.0137086 -0.0136785
748 -0.00745669 -0.00743656
749 -0.00117536 -0.00116528
750 0.0051106 0.0051106
751 0.0113764 0.0113663
752 0.0175973 0.0175772
753 0.0237488 0.0237187
754 0.0298065 0.0297665
755 0.0357466 0.0356969
756 0.0415456 0.0414865
757 0.0471807 0.0471123
758 0.0526295 0.0525521
759 0.0578707 0.0577846
760 0.0628834 0.062789
761 0.067648 0.0675456
762 0.0721456 0.0720357
763 0.0763585 0.0762414
764 0.0802701 0.0801463
765 0.0838648 0.0837349
766 0.0871286 0.086993
767 0.0900485 0.0899078
768 0.092613 0.0924677
769 0.0948121 0.0946627
770 0.0966369 0.0964842
771 0.0980804 0.0979248
772 0.0991368 0.098979
773 0.0998019 0.0996426
774 0.100073 0.0999129
775 0.0999495 0.0997889
776 0.0994314 0.0992711
777 0.0985209 0.0983615
778 0.0972215 0.0970638
779 0.0955385 0.0953829
780 0.0934784 0.0933256
781 0.0910494 0.0909001
782 0.088261 0.0881157
783 0.0851244 0.0849836
784 0.0816518 0.0815162
785 0.0778569 0.077727
786 0.0737548 0.0736311
787 0.0693616 0.0692445
788 0.0646947 0.0645847
789 0.0597724 0.0596701
790 0.0546143 0.0545199
791 0.0492406 0.0491546
792 0.0436726 0.0435952
793 0.0379322 0.0378638
794 0.0320422 0.031983
795 0.0260256 0.025976
796 0.0199064 0.0198665
797 0.0137086 0.0136785
798 0.00745669 0.00743656
799 0.00117536 0.00116528
800 -0.0051106 -0.0051106
801 -0.0113764 -0.0113663
802 -0.0175973 -0.0175772
803 -0.0237488 -0.0237187
804 -0.0298065 -0.0297665
805 -0.0357466 -0.0356969
806 -0.0415456 -0.0414865
807 -0.0471807 -0.0471123
808 -0.0526295 -0.0525521
809 -0.0578707 -0.0577846
810 -0.0628834 -0.062789
811 -0.067648 -0.0675456
812 -0.0721456 -0.0720357
813 -0.0763585 -0.0762414
814 -0.0802701 -0.0801463
815 -0.0838648 -0.0837349
816 -0.0871286 -0.086993
817 -0.0900485 -0.0899078
818 -0.092613 -0.0924677
819 -0.0948121 -0.0946627
820 -0.0966369 -0.0964842
821 -0.0980804 -0.0979248
822 -0.0991368 -0.098979
823 -0.0998019 -0.0996426
824 -0.100073 -0.0999129
825 -0.0999495 -0.0997889
826 -0.0994314 -0.0992711
827 -0.0985209 -0.0983615
828 -0.0972215 -0.0970638
829 -0.0955385 -0.0953829
830 -0.0934784 -0.0933256
831 -0.0910494 -0.0909001
832 -0.088261 -0.0881157
833 -0.0851244 -0.0849836
834 -0.0816518 -0.0815162
835 -0.0778569 -0.077727
836 -0.0737548 -0.0736311
837 -0.0693616 -0.0692445
838 -0.0646947 -0.0645847
839 -0.0597724 -0.0596701
840 -0.0546143 -0.0545199
841 -0.0492406 -0.0491546
842 -0.0436726 -0.0435952
843 -0.0379322 -0.0378638
844 -0.0320422 -0.031983
845 -0.0260256 -0.025976
846 -0.0199064 -0.0198665
847 -0.0137086 -0.0136785
848 -0.00745669 -0.00743656
849 -0.00117536 -0.00116528
850 0.0051106 0.0051106
851 0.0113764 0.0113663
852 0.0175973 0.0175772
853 0.0237488 0.0237187
854 0.0298065 0.0297665
855 0.0357466 0.0356969
856 0.0415456 0.0414865
857 0.0471807 0.0471123
858 0.0526295 0.0525521
859 0.0578707 0.0577846
860 0.0628834 0.062789
861 0.067648 0.0675456
862 0.0721456 0.0720357
863 0.0763585 0.0762414
864 0.0802701 0.0801463
865 0.0838648 0.0837349
866 0.0871286 0.086993
867 0.0900485 0.0899078
868 0.092613 0.0924677
869 0.0948121 0.0946627
870 0.0966369 0.0964842
871 0.0980804 0.0979248
872 0.0991368 0.098979
873 0.0998019 0.0996426
874 0.100073 0.0999129
875 0.0999495 0.0997889
876 0.0994314 0.0992711
877 0.0985209 0.0983615
878 0.0972215 0.0970638
879 0.0955385 0.0953829
880 0.0934784 0.0933256
881 0.0910494 0.0909001
882 0.088261 0.0881157
883 0.0851244 0.0849836
884 0.0816518 0.0815162
885 0.0778569 0.077727
886 0.0737548 0.0736311
887 0.0693616 0.0692445
888 0.0646947 0.0645847
889 0.0597724 0.0596701
890 0.0546143 0.0545199
891 0.0492406 0.0491546
892 0.0436726 0.0435952
893 0.0379322 0.0378638
894 0.0320422 0.031983
895 0.0260256 0.025976
896 0.0199064 0.0198665
897 0.0137086 0.0136785
898 0.00745669 0.00743656
899 0.00117536 0.00116528
900 -0.0051106 -0.0051106
901 -0.0113764 -0.0113663
902 -0.0175973 -0.0175772
903 -0.0237488 -0.0237187
904 -0.0298065 -0.0297665
905 -0.0357466 -0.0356969
906 -0.0415456 -0.0414865
907 -0.0471807 -0.0471123
908 -0.0526295 -0.0525521
909 -0.0578707 -0.0577846
910 -0.0628834 -0.062789
911 -0.067648 -0.0675456
912 -0.0721456 -0.0720357
913 -0.0763585 -0.0762414
914 -0.0802701 -0.0801463
915 -0.0838648 -0.0837349
916 -0.0871286 -0.086993
917 -0.0900485 -0.0899078
918 -0.092613 -0.0924677
919 -0.0948121 -0.0946627
920 -0.0966369 -0.0964842
921 -0.0980804 -0.0979248
922 -0.0991368 -0.098979
923 -0.0998019 -0.0996426
924 -0.100073 -0.0999129
925 -0.0999495 -0.0997889
926 -0.0994314 -0.0992711
927 -0.0985209 -0.0983615
928 -0.0972215 -0.0970638
929 -0.0955385 -0.0953829
930 -0.0934784 -0.0933256
931 -0.0910494 -0.0909001
932 -0.088261 -0.0881157
933 -0.0851244 -0.0849836
934 -0.0816518 -0.0815162
935 -0.0778569 -0.077727
936 -0.0737548 -0.0736311
937 -0.0693616 -0.0692445
938 -0.0646947 -0.0645847
939 -0.0597724 -0.0596701
940 -0.0546143 -0.0545199
941 -0.0492406 -0.0491546
942 -0.0436726 -0.0435952
943 -0.0379322 -0.0378638
944 -0.0320422 -0.031983
945 -0.0260256 -0.025976
946 -0.0199064 -0.0198665
947 -0.0137086 -0.0136785
948 -0.00745669 -0.00743656
949 -0.00117536 -0.00116528
950 0.0051106 0.0051106
951 0.0113764 0.0113663
952 0.0175973 0.0175772
953 0.0237488 0.0237187
954 0.0298065 0.0297665
955 0.0357466 0.0356969
956 0.0415456 0.0414865
957 0.0471807 0.0471123
958 0.0526295 0.0525521
959 0.0578707 0.0577846
960 0.0628834 0.062789
961 0.067648 0.0675456
962 0.0721456 0.0720357
963 0.0763585 0.0762414
964 0.0802701 0.0801463
965 0.0838648 0.0837349
966 0.0871286 0.086993
967 0.0900485 0.0899078
968 0.092613 0.0924677
969 0.0948121 0.0946627
970 0.0966369 0.0964842
971 0.0980804 0.0979248
972 0.0991368 0.098979
973 0.0998019 0.0996426
974 0.100073 0.0999129
975 0.0999495 0.0997889
976 0.0994314 0.0992711
977 0.0985209 0.0983615
978 0.0972215 0.0970638
979 0.0955385 0.0953829
980 0.0934784 0.0933256
981 0.0910494 0.0909001
982 0.088261 0.0881157
983 0.0851244 0.0849836
984 0.0816518 0.0815162
985 0.0778569 0.077727
986 0.0737548 0.0736311
987 0.0693616 0.0692445
988 0.0646947 0.0645847
989 0.0597724 0.0596701
990 0.0546143 0.0545199
991 0.0492406 0.0491546
992 0.0436726 0.0435952
993 0.0379322 0.0378638
994 0.0320422 0.031983
995 0.0260256 0.025976
996 0.0199064 0.0198665
997 0.0137086 0.0136785
998 0.00745669 0.00743656
999 0.00117536 0.00116528
