0 -0.0841003 -0.0841003
1 -0.0874114 -0.0872455
2 -0.0903776 -0.0900464
3 -0.0929871 -0.0924919
4 -0.0952296 -0.0945723
5 -0.0970963 -0.0962796
6 -0.0985798 -0.0976068
7 -0.0996742 -0.0985489
8 -0.100375 -0.099102
9 -0.10068 -0.0992641
10 -0.100588 -0.0990343
11 -0.100098 -0.0984138
12 -0.099214 -0.0974048
13 -0.097938 -0.0960114
14 -0.0962756 -0.0942391
15 -0.0942331 -0.0920949
16 -0.0918188 -0.0895872
17 -0.0890421 -0.086726
18 -0.0859139 -0.0835225
19 -0.0824468 -0.0799894
20 -0.0786542 -0.0761406
21 -0.0745512 -0.0719913
22 -0.070154 -0.0675579
23 -0.06548 -0.0628579
24 -0.0605475 -0.0579098
25 -0.0553761 -0.0527331
26 -0.0499861 -0.0473484
27 -0.0443989 -0.0417767
28 -0.0386364 -0.0360402
29 -0.0327214 -0.0301615
30 -0.0266774 -0.0241638
31 -0.020528 -0.0180706
32 -0.0142976 -0.0119062
33 -0.00801079 -0.00569475
34 -0.00169237 0.000539154
35 0.00463273 0.00677093
36 0.0109396 0.012976
37 0.0172032 0.0191298
38 0.023399 0.0252082
39 0.0295024 0.031187
40 0.0354893 0.0370428
41 0.0413363 0.0427524
42 0.04702 0.0482933
43 0.0525182 0.0536436
44 0.0578092 0.0587821
45 0.062872 0.0636887
46 0.0676867 0.0683439
47 0.0722342 0.0727295
48 0.0764967 0.0768279
49 0.0804573 0.0806232
50 0.0841003 0.0841003
51 0.0874114 0.0872455
52 0.0903776 0.0900464
53 0.0929871 0.0924919
54 0.0952296 0.0945723
55 0.0970963 0.0962796
56 0.0985798 0.0976068
57 0.0996742 0.0985489
58 0.100375 0.099102
59 0.10068 0.0992641
60 0.100588 0.0990343
61 0.100098 0.0984138
62 0.099214 0.0974048
63 0.097938 0.0960114
64 0.0962756 0.0942391
65 0.0942331 0.0920949
66 0.0918188 0.0895872
67 0.0890421 0.086726
68 0.0859139 0.0835225
69 0.0824468 0.0799894
70 0.0786542 0.0761406
71 0.0745512 0.0719913
72 0.070154 0.0675579
73 0.06548 0.0628579
74 0.0605475 0.0579098
75 0.0553761 0.0527331
76 0.0499861 0.0473484
77 0.0443989 0.0417767
78 0.0386364 0.0360402
79 0.0327214 0.0301615
80 0.0266774 0.0241638
81 0.020528 0.0180706
82 0.0142976 0.0119062
83 0.00801079 0.00569475
84 0.00169237 -0.000539154
85 -0.00463273 -0.00677093
86 -0.0109396 -0.012976
87 -0.0172032 -0.0191298
88 -0.023399 -0.0252082
89 -0.0295024 -0.031187
90 -0.0354893 -0.0370428
91 -0.0413363 -0.0427524
92 -0.04702 -0.0482933
93 -0.0525182 -0.0536436
94 -0.0578092 -0.0587821
95 -0.062872 -0.0636887
96 -0.0676867 -0.0683439
97 -0.0722342 -0.0727295
98 -0.0764967 -0.0768279
99 -0.0804573 -0.0806232
100 -0.0841003 -0.0841003
101 -0.0874114 -0.0872455
102 -0.0903776 -0.0900464
103 -0.0929871 -0.0924919
104 -0.0952296 -0.0945723
105 -0.0970963 -0.0962796
106 -0.0985798 -0.0976068
107 -0.0996742 -0.0985489
108 -0.100375 -0.099102
109 -0.10068 -0.0992641
110 -0.100588 -0.0990343
111 -0.100098 -0.0984138
112 -0.099214 -0.0974048
113 -0.097938 -0.0960114
114 -0.0962756 -0.0942391
115 -0.0942331 -0.0920949
116 -0.0918188 -0.0895872
117 -0.0890421 -0.086726
118 -0.0859139 -0.0835225
119 -0.0824468 -0.0799894
120 -0.0786542 -0.0761406
121 -0.0745512 -0.0719913
122 -0.070154 -0.0675579
123 -0.06548 -0.0628579
124 -0.0605475 -0.0579098
125 -0.0553761 -0.0527331
126 -0.0499861 -0.0473484
127 -0.0443989 -0.0417767
128 -0.0386364 -0.0360402
129 -0.0327214 -0.0301615
130 -0.0266774 -0.0241638
131 -0.020528 -0.0180706
132 -0.0142976 -0.0119062
133 -0.00801079 -0.00569475
134 -0.00169237 0.000539154
135 0.00463273 0.00677093
136 0.0109396 0.012976
137 0.0172032 0.0191298
138 0.023399 0.0252082
139 0.0295024 0.031187
140 0.0354893 0.0370428
141 0.0413363 0.0427524
142 0.04702 0.0482933
143 0.0525182 0.0536436
144 0.0578092 0.0587821
145 0.062872 0.0636887
146 0.0676867 0.0683439
147 0.0722342 0.0727295
148 0.0764967 0.0768279
149 0.0804573 0.0806232
150 0.0841003 0.0841003
151 0.0874114 0.0872455
152 0.0903776 0.0900464
153 0.0929871 0.0924919
154 0.0952296 0.0945723
155 0.0970963 0.0962796
156 0.0985798 0.0976068
157 0.0996742 0.0985489
158 0.100375 0.099102
159 0.10068 0.0992641
160 0.100588 0.0990343
161 0.100098 0.0984138
162 0.099214 0.0974048
163 0.097938 0.0960114
164 0.0962756 0.0942391
165 0.0942331 0.0920949
166 0.0918188 0.0895872
167 0.0890421 0.086726
168 0.0859139 0.0835225
169 0.0824468 0.0799894
170 0.0786542 0.0761406
171 0.0745512 0.0719913
172 0.070154 0.0675579
173 0.06548 0.0628579
174 0.0605475 0.0579098
175 0.0553761 0.0527331
176 0.0499861 0.0473484
177 0.0443989 0.0417767
178 0.0386364 0.0360402
179 0.0327214 0.0301615
180 0.0266774 0.0241638
181 0.020528 0.0180706
182 0.0142976 0.0119062
183 0.00801079 0.00569475
184 0.00169237 -0.000539154
185 -0.00463273 -0.00677093
186 -0.0109396 -0.012976
187 -0.0172032 -0.0191298
188 -0.023399 -0.0252082
189 -0.0295024 -0.031187
190 -0.0354893 -0.0370428
191 -0.0413363 -0.0427524
192 -0.04702 -0.0482933
193 -0.0525182 -0.0536436
194 -0.0578092 -0.0587821
195 -0.062872 -0.0636887
196 -0.0676867 -0.0683439
197 -0.0722342 -0.0727295
198 -0.0764967 -0.0768279
199 -0.0804573 -0.0806232
200 -0.0841003 -0.0841003
201 -0.0874114 -0.0872455
202 -0.0903776 -0.0900464
203 -0.0929871 -0.0924919
204 -0.0952296 -0.0945723
205 -0.0970963 -0.0962796
206 -0.0985798 -0.0976068
207 -0.0996742 -0.0985489
208 -0.100375 -0.099102
209 -0.10068 -0.0992641
210 -0.100588 -0.0990343
211 -0.100098 -0.0984138
212 -0.099214 -0.0974048
213 -0.097938 -0.0960114
214 -0.0962756 -0.0942391
215 -0.0942331 -0.0920949
216 -0.0918188 -0.0895872
217 -0.0890421 -0.086726
218 -0.0859139 -0.0835225
219 -0.0824468 -0.0799894
220 -0.0786542 -0.0761406
221 -0.0745512 -0.0719913
222 -0.070154 -0.0675579
223 -0.06548 -0.0628579
224 -0.0605475 -0.0579098
225 -0.0553761 -0.0527331
226 -0.0499861 -0.0473484
227 -0.0443989 -0.0417767
228 -0.0386364 -0.0360402
229 -0.0327214 -0.0301615
230 -0.0266774 -0.0241638
231 -0.020528 -0.0180706
232 -0.0142976 -0.0119062
233 -0.00801079 -0.00569475
234 -0.00169237 0.000539154
235 0.00463273 0.00677093
236 0.0109396 0.012976
237 0.0172032 0.0191298
238 0.023399 0.0252082
239 0.0295024 0.031187
240 0.0354893 0.0370428
241 0.0413363 0.0427524
242 0.04702 0.0482933
243 0.0525182 0.0536436
244 0.0578092 0.0587821
245 0.062872 0.0636887
246 0.0676867 0.0683439
247 0.0722342 0.0727295
248 0.0764967 0.0768279
249 0.0804573 0.0806232
250 0.0841003 0.0841003
251 0.0874114 0.0872455
252 0.0903776 0.0900464
253 0.0929871 0.0924919
254 0.0952296 0.0945723
255 0.0970963 0.0962796
256 0.0985798 0.0976068
257 0.0996742 0.0985489
258 0.100375 0.099102
259 0.10068 0.0992641
260 0.100588 0.0990343
261 0.100098 0.0984138
262 0.099214 0.0974048
263 0.097938 0.0960114
264 0.0962756 0.0942391
265 0.0942331 0.0920949
266 0.0918188 0.0895872
267 0.0890421 0.086726
268 0.0859139 0.0835225
269 0.0824468 0.0799894
270 0.0786542 0.0761406
271 0.0745512 0.0719913
272 0.070154 0.0675579
273 0.06548 0.0628579
274 0.0605475 0.0579098
275 0.0553761 0.0527331
276 0.0499861 0.0473484
277 0.0443989 0.0417767
278 0.0386364 0.0360402
279 0.0327214 0.0301615
280 0.0266774 0.0241638
281 0.020528 0.0180706
282 0.0142976 0.0119062
283 0.00801079 0.00569475
284 0.00169237 -0.000539154
285 -0.00463273 -0.00677093
286 -0.0109396 -0.012976
287 -0.0172032 -0.0191298
288 -0.023399 -0.0252082
289 -0.0295024 -0.031187
290 -0.0354893 -0.0370428
291 -0.0413363 -0.0427524
292 -0.04702 -0.0482933
293 -0.0525182 -0.0536436
294 -0.0578092 -0.0587821
295 -0.062872 -0.0636887
296 -0.0676867 -0.0683439
297 -0.0722342 -0.0727295
298 -0.0764967 -0.0768279
299 -0.0804573 -0.0806232
300 -0.0841003 -0.0841003
301 -0.0874114 -0.0872455
302 -0.0903776 -0.0900464
303 -0.0929871 -0.0924919
304 -0.0952296 -0.0945723
305 -0.0970963 -0.0962796
306 -0.0985798 -0.0976068
307 -0.0996742 -0.0985489
308 -0.100375 -0.099102
309 -0.10068 -0.0992641
310 -0.100588 -0.0990343
311 -0.100098 -0.0984138
312 -0.099214 -0.0974048
313 -0.097938 -0.0960114
314 -0.0962756 -0.0942391
315 -0.0942331 -0.0920949
316 -0.0918188 -0.0895872
317 -0.0890421 -0.086726
318 -0.0859139 -0.0835225
319 -0.0824468 -0.0799894
320 -0.0786542 -0.0761406
321 -0.0745512 -0.0719913
322 -0.070154 -0.0675579
323 -0.06548 -0.0628579
324 -0.0605475 -0.0579098
325 -0.0553761 -0.0527331
326 -0.0499861 -0.0473484
327 -0.0443989 -0.0417767
328 -0.0386364 -0.0360402
329 -0.0327214 -0.0301615
330 -0.0266774 -0.0241638
331 -0.020528 -0.0180706
332 -0.0142976 -0.0119062
333 -0.00801079 -0.00569475
334 -0.00169237 0.000539154
335 0.00463273 0.00677093
336 0.0109396 0.012976
337 0.0172032 0.0191298
338 0.023399 0.0252082
339 0.0295024 0.031187
340 0.0354893 0.0370428
341 0.0413363 0.0427524
342 0.04702 0.0482933
343 0.0525182 0.0536436
344 0.0578092 0.0587821
345 0.062872 0.0636887
346 0.0676867 0.0683439
347 0.0722342 0.0727295
348 0.0764967 0.0768279
349 0.0804573 0.0806232
350 0.0841003 0.0841003
351 0.0874114 0.0872455
352 0.0903776 0.0900464
353 0.0929871 0.0924919
354 0.0952296 0.0945723
355 0.0970963 0.0962796
356 0.0985798 0.0976068
357 0.0996742 0.0985489
358 0.100375 0.099102
359 0.10068 0.0992641
360 0.100588 0.0990343
361 0.100098 0.0984138
362 0.099214 0.0974048
363 0.097938 0.0960114
364 0.0962756 0.0942391
365 0.0942331 0.0920949
366 0.0918188 0.0895872
367 0.0890421 0.086726
368 0.0859139 0.0835225
369 0.0824468 0.0799894
370 0.0786542 0.0761406
371 0.0745512 0.0719913
372 0.070154 0.0675579
373 0.06548 0.0628579
374 0.0605475 0.0579098
375 0.0553761 0.0527331
376 0.0499861 0.0473484
377 0.0443989 0.0417767
378 0.0386364 0.0360402
379 0.0327214 0.0301615
380 0.0266774 0.0241638
381 0.020528 0.0180706
382 0.0142976 0.0119062
383 0.00801079 0.00569475
384 0.00169237 -0.000539154
385 -0.00463273 -0.00677093
386 -0.0109396 -0.012976
387 -0.0172032 -0.0191298
388 -0.023399 -0.0252082
389 -0.0295024 -0.031187
390 -0.0354893 -0.0370428
391 -0.0413363 -0.0427524
392 -0.04702 -0.0482933
393 -0.0525182 -0.0536436
394 -0.0578092 -0.0587821
395 -0.062872 -0.0636887
396 -0.0676867 -0.0683439
397 -0.0722342 -0.0727295
398 -0.0764967 -0.0768279
399 -0.0804573 -0.0806232
400 -0.0841003 -0.0841003
401 -0.0874114 -0.0872455
402 -0.0903776 -0.0900464
403 -0.0929871 -0.0924919
404 -0.0952296 -0.0945723
405 -0.0970963 -0.0962796
406 -0.0985798 -0.0976068
407 -0.0996742 -0.0985489
408 -0.100375 -0.099102
409 -0.10068 -0.0992641
410 -0.100588 -0.0990343
411 -0.100098 -0.0984138
412 -0.099214 -0.0974048
413 -0.097938 -0.0960114
414 -0.0962756 -0.0942391
415 -0.0942331 -0.0920949
416 -0.0918188 -0.0895872
417 -0.0890421 -0.086726
418 -0.0859139 -0.0835225
419 -0.0824468 -0.0799894
420 -0.0786542 -0.0761406
421 -0.0745512 -0.0719913
422 -0.070154 -0.0675579
423 -0.06548 -0.0628579
424 -0.0605475 -0.0579098
425 -0.0553761 -0.0527331
426 -0.0499861 -0.0473484
427 -0.0443989 -0.0417767
428 -0.0386364 -0.0360402
429 -0.0327214 -0.0301615
430 -0.0266774 -0.0241638
431 -0.020528 -0.0180706
432 -0.0142976 -0.0119062
433 -0.00801079 -0.00569475
434 -0.00169237 0.000539154
435 0.00463273 0.00677093
436 0.0109396 0.012976
437 0.0172032 0.0191298
438 0.023399 0.0252082
439 0.0295024 0.031187
440 0.0354893 0.0370428
441 0.0413363 0.0427524
442 0.04702 0.0482933
443 0.0525182 0.0536436
444 0.0578092 0.0587821
445 0.062872 0.0636887
446 0.0676867 0.0683439
447 0.0722342 0.0727295
448 0.0764967 0.0768279
449 0.0804573 0.0806232
450 0.0841003 0.0841003
451 0.0874114 0.0872455
452 0.0903776 0.0900464
453 0.0929871 0.0924919
454 0.0952296 0.0945723
455 0.0970963 0.0962796
456 0.0985798 0.0976068
457 0.0996742 0.0985489
458 0.100375 0.099102
459 0.10068 0.0992641
460 0.100588 0.0990343
461 0.100098 0.0984138
462 0.099214 0.0974048
463 0.097938 0.0960114
464 0.0962756 0.0942391
465 0.0942331 0.0920949
466 0.0918188 0.0895872
467 0.0890421 0.086726
468 0.0859139 0.0835225
469 0.0824468 0.0799894
470 0.0786542 0.0761406
471 0.0745512 0.0719913
472 0.070154 0.0675579
473 0.06548 0.0628579
474 0.0605475 0.0579098
475 0.0553761 0.0527331
476 0.0499861 0.0473484
477 0.0443989 0.0417767
478 0.0386364 0.0360402
479 0.0327214 0.0301615
480 0.0266774 0.0241638
481 0.020528 0.0180706
482 0.0142976 0.0119062
483 0.00801079 0.00569475
484 0.00169237 -0.000539154
485 -0.00463273 -0.00677093
486 -0.0109396 -0.012976
487 -0.0172032 -0.0191298
488 -0.023399 -0.0252082
489 -0.0295024 -0.031187
490 -0.0354893 -0.0370428
491 -0.0413363 -0.0427524
492 -0.04702 -0.0482933
493 -0.0525182 -0.0536436
494 -0.0578092 -0.0587821
495 -0.062872 -0.0636887
496 -0.0676867 -0.0683439
497 -0.0722342 -0.0727295
498 -0.0764967 -0.0768279
499 -0.0804573 -0.0806232
500 -0.0841003 -0.0841003
501 -0.0874114 -0.0872455
502 -0.0903776 -0.0900464
503 -0.0929871 -0.0924919
504 -0.0952296 -0.0945723
505 -0.0970963 -0.0962796
506 -0.0985798 -0.0976068
507 -0.0996742 -0.0985489
508 -0.100375 -0.099102
509 -0.10068 -0.0992641
510 -0.100588 -0.0990343
511 -0.100098 -0.0984138
512 -0.099214 -0.0974048
513 -0.097938 -0.0960114
514 -0.0962756 -0.0942391
515 -0.0942331 -0.0920949
516 -0.0918188 -0.0895872
517 -0.0890421 -0.086726
518 -0.0859139 -0.0835225
519 -0.0824468 -0.0799894
520 -0.0786542 -0.0761406
521 -0.0745512 -0.0719913
522 -0.070154 -0.0675579
523 -0.06548 -0.0628579
524 -0.0605475 -0.0579098
525 -0.0553761 -0.0527331
526 -0.0499861 -0.0473484
527 -0.0443989 -0.0417767
528 -0.0386364 -0.0360402
529 -0.0327214 -0.0301615
530 -0.0266774 -0.0241638
531 -0.020528 -0.0180706
532 -0.0142976 -0.0119062
533 -0.00801079 -0.00569475
534 -0.00169237 0.000539154
535 0.00463273 0.00677093
536 0.0109396 0.012976
537 0.0172032 0.0191298
538 0.023399 0.0252082
539 0.0295024 0.031187
540 0.0354893 0.0370428
541 0.0413363 0.0427524
542 0.04702 0.0482933
543 0.0525182 0.0536436
544 0.0578092 0.0587821
545 0.062872 0.0636887
546 0.0676867 0.0683439
547 0.0722342 0.0727295
548 0.0764967 0.0768279
549 0.0804573 0.0806232
550 0.0841003 0.0841003
551 0.0874114 0.0872455
552 0.0903776 0.0900464
553 0.0929871 0.0924919
554 0.0952296 0.0945723
555 0.0970963 0.0962796
556 0.0985798 0.0976068
557 0.0996742 0.0985489
558 0.100375 0.099102
559 0.10068 0.0992641
560 0.100588 0.0990343
561 0.100098 0.0984138
562 0.099214 0.0974048
563 0.097938 0.0960114
564 0.0962756 0.0942391
565 0.0942331 0.0920949
566 0.0918188 0.0895872
567 0.0890421 0.086726
568 0.0859139 0.0835225
569 0.0824468 0.0799894
570 0.0786542 0.0761406
571 0.0745512 0.0719913
572 0.070154 0.0675579
573 0.06548 0.0628579
574 0.0605475 0.0579098
575 0.0553761 0.0527331
576 0.0499861 0.0473484
577 0.0443989 0.0417767
578 0.0386364 0.0360402
579 0.0327214 0.0301615
580 0.0266774 0.0241638
581 0.020528 0.0180706
582 0.0142976 0.0119062
583 0.00801079 0.00569475
584 0.00169237 -0.000539154
585 -0.00463273 -0.00677093
586 -0.0109396 -0.012976
587 -0.0172032 -0.0191298
588 -0.023399 -0.0252082
589 -0.0295024 -0.031187
590 -0.0354893 -0.0370428
591 -0.0413363 -0.0427524
592 -0.04702 -0.0482933
593 -0.0525182 -0.0536436
594 -0.0578092 -0.0587821
595 -0.062872 -0.0636887
596 -0.0676867 -0.0683439
597 -0.0722342 -0.0727295
598 -0.0764967 -0.0768279
599 -0.0804573 -0.0806232
600 -0.0841003 -0.0841003
601 -0.0874114 -0.0872455
602 -0.0903776 -0.0900464
603 -0.0929871 -0.0924919
604 -0.0952296 -0.0945723
605 -0.0970963 -0.0962796
606 -0.0985798 -0.0976068
607 -0.0996742 -0.0985489
608 -0.100375 -0.099102
609 -0.10068 -0.0992641
610 -0.100588 -0.0990343
611 -0.100098 -0.0984138
612 -0.099214 -0.0974048
613 -0.097938 -0.0960114
614 -0.0962756 -0.0942391
615 -0.0942331 -0.0920949
616 -0.0918188 -0.0895872
617 -0.0890421 -0.086726
618 -0.0859139 -0.0835225
619 -0.0824468 -0.0799894
620 -0.0786542 -0.0761406
621 -0.0745512 -0.0719913
622 -0.070154 -0.0675579
623 -0.06548 -0.0628579
624 -0.0605475 -0.0579098
625 -0.0553761 -0.0527331
626 -0.0499861 -0.0473484
627 -0.0443989 -0.0417767
628 -0.0386364 -0.0360402
629 -0.0327214 -0.0301615
630 -0.0266774 -0.0241638
631 -0.020528 -0.0180706
632 -0.0142976 -0.0119062
633 -0.00801079 -0.00569475
634 -0.00169237 0.000539154
635 0.00463273 0.00677093
636 0.0109396 0.012976
637 0.0172032 0.0191298
638 0.023399 0.0252082
639 0.0295024 0.031187
640 0.0354893 0.0370428
641 0.0413363 0.0427524
642 0.04702 0.0482933
643 0.0525182 0.0536436
644 0.0578092 0.0587821
645 0.062872 0.0636887
646 0.0676867 0.0683439
647 0.0722342 0.0727295
648 0.0764967 0.0768279
649 0.0804573 0.0806232
650 0.0841003 0.0841003
651 0.0874114 0.0872455
652 0.0903776 0.0900464
653 0.0929871 0.0924919
654 0.0952296 0.0945723
655 0.0970963 0.0962796
656 0.0985798 0.0976068
657 0.0996742 0.0985489
658 0.100375 0.099102
659 0.10068 0.0992641
660 0.100588 0.0990343
661 0.100098 0.0984138
662 0.099214 0.0974048
663 0.097938 0.0960114
664 0.0962756 0.0942391
665 0.0942331 0.0920949
666 0.0918188 0.0895872
667 0.0890421 0.086726
668 0.0859139 0.0835225
669 0.0824468 0.0799894
670 0.0786542 0.0761406
671 0.0745512 0.0719913
672 0.070154 0.0675579
673 0.06548 0.0628579
674 0.0605475 0.0579098
675 0.0553761 0.0527331
676 0.0499861 0.0473484
677 0.0443989 0.0417767
678 0.0386364 0.0360402
679 0.0327214 0.0301615
680 0.0266774 0.0241638
681 0.020528 0.0180706
682 0.0142976 0.0119062
683 0.00801079 0.00569475
684 0.00169237 -0.000539154
685 -0.00463273 -0.00677093
686 -0.0109396 -0.012976
687 -0.0172032 -0.0191298
688 -0.023399 -0.0252082
689 -0.0295024 -0.031187
690 -0.0354893 -0.0370428
691 -0.0413363 -0.0427524
692 -0.04702 -0.0482933
693 -0.0525182 -0.0536436
694 -0.0578092 -0.0587821
695 -0.062872 -0.0636887
696 -0.0676867 -0.0683439
697 -0.0722342 -0.0727295
698 -0.0764967 -0.0768279
699 -0.0804573 -0.0806232
700 -0.0841003 -0.0841003
701 -0.0874114 -0.0872455
702 -0.0903776 -0.0900464
703 -0.0929871 -0.0924919
704 -0.0952296 -0.0945723
705 -0.0970963 -0.0962796
706 -0.0985798 -0.0976068
707 -0.0996742 -0.0985489
708 -0.100375 -0.099102
709 -0.10068 -0.0992641
710 -0.100588 -0.0990343
711 -0.100098 -0.0984138
712 -0.099214 -0.0974048
713 -0.097938 -0.0960114
714 -0.0962756 -0.0942391
715 -0.0942331 -0.0920949
716 -0.0918188 -0.0895872
717 -0.0890421 -0.086726
718 -0.0859139 -0.0835225
719 -0.0824468 -0.0799894
720 -0.0786542 -0.0761406
721 -0.0745512 -0.0719913
722 -0.070154 -0.0675579
723 -0.06548 -0.0628579
724 -0.0605475 -0.0579098
725 -0.0553761 -0.0527331
726 -0.0499861 -0.0473484
727 -0.0443989 -0.0417767
728 -0.0386364 -0.0360402
729 -0.0327214 -0.0301615
730 -0.0266774 -0.0241638
731 -0.020528 -0.0180706
732 -0.0142976 -0.0119062
733 -0.00801079 -0.00569475
734 -0.00169237 0.000539154
735 0.00463273 0.00677093
736 0.0109396 0.012976
737 0.0172032 0.0191298
738 0.023399 0.0252082
739 0.0295024 0.031187
740 0.0354893 0.0370428
741 0.0413363 0.0427524
742 0.04702 0.0482933
743 0.0525182 0.0536436
744 0.0578092 0.0587821
745 0.062872 0.0636887
746 0.0676867 0.0683439
747 0.0722342 0.0727295
748 0.0764967 0.0768279
749 0.0804573 0.0806232
750 0.0841003 0.0841003
751 0.0874114 0.0872455
752 0.0903776 0.0900464
753 0.0929871 0.0924919
754 0.0952296 0.0945723
755 0.0970963 0.0962796
756 0.0985798 0.0976068
757 0.0996742 0.0985489
758 0.100375 0.099102
759 0.10068 0.0992641
760 0.100588 0.0990343
761 0.100098 0.0984138
762 0.099214 0.0974048
763 0.097938 0.0960114
764 0.0962756 0.0942391
765 0.0942331 0.0920949
766 0.0918188 0.0895872
767 0.0890421 0.086726
768 0.0859139 0.0835225
769 0.0824468 0.0799894
770 0.0786542 0.0761406
771 0.0745512 0.0719913
772 0.070154 0.0675579
773 0.06548 0.0628579
774 0.0605475 0.0579098
775 0.0553761 0.0527331
776 0.0499861 0.0473484
777 0.0443989 0.0417767
778 0.0386364 0.0360402
779 0.0327214 0.0301615
780 0.0266774 0.0241638
781 0.020528 0.0180706
782 0.0142976 0.0119062
783 0.00801079 0.00569475
784 0.00169237 -0.000539154
785 -0.00463273 -0.00677093
786 -0.0109396 -0.012976
787 -0.0172032 -0.0191298
788 -0.023399 -0.0252082
789 -0.0295024 -0.031187
790 -0.0354893 -0.0370428
791 -0.0413363 -0.0427524
792 -0.04702 -0.0482933
793 -0.0525182 -0.0536436
794 -0.0578092 -0.0587821
795 -0.062872 -0.0636887
796 -0.0676867 -0.0683439
797 -0.0722342 -0.0727295
798 -0.0764967 -0.0768279
799 -0.0804573 -0.0806232
800 -0.0841003 -0.0841003
801 -0.0874114 -0.0872455
802 -0.0903776 -0.0900464
803 -0.0929871 -0.0924919
804 -0.0952296 -0.0945723
805 -0.0970963 -0.0962796
806 -0.0985798 -0.0976068
807 -0.0996742 -0.0985489
808 -0.100375 -0.099102
809 -0.10068 -0.0992641
810 -0.100588 -0.0990343
811 -0.100098 -0.0984138
812 -0.099214 -0.0974048
813 -0.097938 -0.0960114
814 -0.0962756 -0.0942391
815 -0.0942331 -0.0920949
816 -0.0918188 -0.0895872
817 -0.0890421 -0.086726
818 -0.0859139 -0.0835225
819 -0.0824468 -0.0799894
820 -0.0786542 -0.0761406
821 -0.0745512 -0.0719913
822 -0.070154 -0.0675579
823 -0.06548 -0.0628579
824 -0.0605475 -0.0579098
825 -0.0553761 -0.0527331
826 -0.0499861 -0.0473484
827 -0.0443989 -0.0417767
828 -0.0386364 -0.0360402
829 -0.0327214 -0.0301615
830 -0.0266774 -0.0241638
831 -0.020528 -0.0180706
832 -0.0142976 -0.0119062
833 -0.00801079 -0.00569475
834 -0.00169237 0.000539154
835 0.00463273 0.00677093
836 0.0109396 0.012976
837 0.0172032 0.0191298
838 0.023399 0.0252082
839 0.0295024 0.031187
840 0.0354893 0.0370428
841 0.0413363 0.0427524
842 0.04702 0.0482933
843 0.0525182 0.0536436
844 0.0578092 0.0587821
845 0.062872 0.0636887
846 0.0676867 0.0683439
847 0.0722342 0.0727295
848 0.0764967 0.0768279
849 0.0804573 0.0806232
850 0.0841003 0.0841003
851 0.0874114 0.0872455
852 0.0903776 0.0900464
853 0.0929871 0.0924919
854 0.0952296 0.0945723
855 0.0970963 0.0962796
856 0.0985798 0.0976068
857 0.0996742 0.0985489
858 0.100375 0.099102
859 0.10068 0.0992641
860 0.100588 0.0990343
861 0.100098 0.0984138
862 0.099214 0.0974048
863 0.097938 0.0960114
864 0.0962756 0.0942391
865 0.0942331 0.0920949
866 0.0918188 0.0895872
867 0.0890421 0.086726
868 0.0859139 0.0835225
869 0.0824468 0.0799894
870 0.0786542 0.0761406
871 0.0745512 0.0719913
872 0.070154 0.0675579
873 0.06548 0.0628579
874 0.0605475 0.0579098
875 0.0553761 0.0527331
876 0.0499861 0.0473484
877 0.0443989 0.0417767
878 0.0386364 0.0360402
879 0.0327214 0.0301615
880 0.0266774 0.0241638
881 0.020528 0.0180706
882 0.0142976 0.0119062
883 0.00801079 0.00569475
884 0.00169237 -0.000539154
885 -0.00463273 -0.00677093
886 -0.0109396 -0.012976
887 -0.0172032 -0.0191298
888 -0.023399 -0.0252082
889 -0.0295024 -0.031187
890 -0.0354893 -0.0370428
891 -0.0413363 -0.0427524
892 -0.04702 -0.0482933
893 -0.0525182 -0.0536436
894 -0.0578092 -0.0587821
895 -0.062872 -0.0636887
896 -0.0676867 -0.0683439
897 -0.0722342 -0.0727295
898 -0.0764967 -0.0768279
899 -0.0804573 -0.0806232
900 -0.0841003 -0.0841003
901 -0.0874114 -0.0872455
902 -0.0903776 -0.0900464
903 -0.0929871 -0.0924919
904 -0.0952296 -0.0945723
905 -0.0970963 -0.0962796
906 -0.0985798 -0.0976068
907 -0.0996742 -0.0985489
908 -0.100375 -0.099102
909 -0.10068 -0.0992641
910 -0.100588 -0.0990343
911 -0.100098 -0.0984138
912 -0.099214 -0.0974048
913 -0.097938 -0.0960114
914 -0.0962756 -0.0942391
915 -0.0942331 -0.0920949
916 -0.0918188 -0.0895872
917 -0.0890421 -0.086726
918 -0.0859139 -0.0835225
919 -0.0824468 -0.0799894
920 -0.0786542 -0.0761406
921 -0.0745512 -0.0719913
922 -0.070154 -0.0675579
923 -0.06548 -0.0628579
924 -0.0605475 -0.0579098
925 -0.0553761 -0.0527331
926 -0.0499861 -0.0473484
927 -0.0443989 -0.0417767
928 -0.0386364 -0.0360402
929 -0.0327214 -0.0301615
930 -0.0266774 -0.0241638
931 -0.020528 -0.0180706
932 -0.0142976 -0.0119062
933 -0.00801079 -0.00569475
934 -0.00169237 0.000539154
935 0.00463273 0.00677093
936 0.0109396 0.012976
937 0.0172032 0.0191298
938 0.023399 0.0252082
939 0.0295024 0.031187
940 0.0354893 0.0370428
941 0.0413363 0.0427524
942 0.04702 0.0482933
943 0.0525182 0.0536436
944 0.0578092 0.0587821
945 0.062872 0.0636887
946 0.0676867 0.0683439
947 0.0722342 0.0727295
948 0.0764967 0.0768279
949 0.0804573 0.0806232
950 0.0841003 0.0841003
951 0.0874114 0.0872455
952 0.0903776 0.0900464
953 0.0929871 0.0924919
954 0.0952296 0.0945723
955 0.0970963 0.0962796
956 0.0985798 0.0976068
957 0.0996742 0.0985489
958 0.100375 0.099102
959 0.10068 0.0992641
960 0.100588 0.0990343
961 0.100098 0.0984138
962 0.099214 0.0974048
963 0.097938 0.0960114
964 0.0962756 0.0942391
965 0.0942331 0.0920949
966 0.0918188 0.0895872
967 0.0890421 0.086726
968 0.0859139 0.0835225
969 0.0824468 0.0799894
970 0.0786542 0.0761406
971 0.0745512 0.0719913
972 0.070154 0.0675579
973 0.06548 0.0628579
974 0.0605475 0.0579098
975 0.0553761 0.0527331
976 0.0499861 0.0473484
977 0.0443989 0.0417767
978 0.0386364 0.0360402
979 0.0327214 0.0301615
980 0.0266774 0.0241638
981 0.020528 0.0180706
982 0.0142976 0.0119062
983 0.00801079 0.00569475
984 0.00169237 -0.000539154
985 -0.00463273 -0.00677093
986 -0.0109396 -0.012976
987 -0.0172032 -0.0191298
988 -0.023399 -0.0252082
989 -0.0295024 -0.031187
990 -0.0354893 -0.0370428
991 -0.0413363 -0.0427524
992 -0.04702 -0.0482933
993 -0.0525182 -0.0536436
994 -0.0578092 -0.0587821
995 -0.062872 -0.0636887
996 -0.0676867 -0.0683439
997 -0.0722342 -0.0727295
998 -0.0764967 -0.0768279
999 -0.0804573 -0.0806232
