0 0.0999364 0.0999364
1 0.0999827 0.0997855
2 0.0996344 0.0992408
3 0.0988929 0.0983044
4 0.0977611 0.09698
5 0.0962435 0.095273
6 0.0943461 0.0931899
7 0.0920763 0.0907391
8 0.0894431 0.0879301
9 0.086457 0.0847742
10 0.0831296 0.0812836
11 0.0794742 0.0774723
12 0.0755051 0.0733552
13 0.0712381 0.0689486
14 0.0666899 0.06427
15 0.0618785 0.0593376
16 0.0568229 0.0541711
17 0.051543 0.0487908
18 0.0460597 0.043218
19 0.0403947 0.0374746
20 0.0345702 0.0315833
21 0.0286093 0.0255673
22 0.0225355 0.0194505
23 0.0163727 0.0132569
24 0.0101454 0.00701094
25 0.00387797 0.000737342
26 -0.00240474 -0.00553917
27 -0.00867796 -0.0117938
28 -0.0149169 -0.0180019
29 -0.021097 -0.024139
30 -0.0271939 -0.0301808
31 -0.0331834 -0.0361035
32 -0.0390419 -0.0418837
33 -0.0447464 -0.0474986
34 -0.0502743 -0.052926
35 -0.0556038 -0.0581446
36 -0.0607138 -0.0631337
37 -0.0655842 -0.0678737
38 -0.0701958 -0.0723457
39 -0.0745304 -0.0765323
40 -0.0785708 -0.0804168
41 -0.0823011 -0.083984
42 -0.0857067 -0.0872197
43 -0.088774 -0.0901112
44 -0.0914909 -0.092647
45 -0.0938468 -0.0948173
46 -0.0958323 -0.0966133
47 -0.0974396 -0.0980281
48 -0.0986623 -0.0990559
49 -0.0994957 -0.0996929
50 -0.0999364 -0.0999364
51 -0.0999827 -0.0997855
52 -0.0996344 -0.0992408
53 -0.0988929 -0.0983044
54 -0.0977611 -0.09698
55 -0.0962435 -0.095273
56 -0.0943461 -0.0931899
57 -0.0920763 -0.0907391
58 -0.0894431 -0.0879301
59 -0.086457 -0.0847742
60 -0.0831296 -0.0812836
61 -0.0794742 -0.0774723
62 -0.0755051 -0.0733552
63 -0.0712381 -0.0689486
64 -0.0666899 -0.06427
65 -0.0618785 -0.0593376
66 -0.0568229 -0.0541711
67 -0.051543 -0.0487908
68 -0.0460597 -0.043218
69 -0.0403947 -0.0374746
70 -0.0345702 -0.0315833
71 -0.0286093 -0.0255673
72 -0.0225355 -0.0194505
73 -0.0163727 -0.0132569
74 -0.0101454 -0.00701094
75 -0.00387797 -0.000737342
76 0.00240474 0.00553917
77 0.00867796 0.0117938
78 0.0149169 0.0180019
79 0.021097 0.024139
80 0.0271939 0.0301808
81 0.0331834 0.0361035
82 0.0390419 0.0418837
83 0.0447464 0.0474986
84 0.0502743 0.052926
85 0.0556038 0.0581446
86 0.0607138 0.0631337
87 0.0655842 0.0678737
88 0.0701958 0.0723457
89 0.0745304 0.0765323
90 0.0785708 0.0804168
91 0.0823011 0.083984
92 0.0857067 0.0872197
93 0.088774 0.0901112
94 0.0914909 0.092647
95 0.0938468 0.0948173
96 0.0958323 0.0966133
97 0.0974396 0.0980281
98 0.0986623 0.0990559
99 0.0994957 0.0996929
100 0.0999364 0.0999364
101 0.0999827 0.0997855
102 0.0996344 0.0992408
103 0.0988929 0.0983044
104 0.0977611 0.09698
105 0.0962435 0.095273
106 0.0943461 0.0931899
107 0.0920763 0.0907391
108 0.0894431 0.0879301
109 0.086457 0.0847742
110 0.0831296 0.0812836
111 0.0794742 0.0774723
112 0.0755051 0.0733552
113 0.0712381 0.0689486
114 0.0666899 0.06427
115 0.0618785 0.0593376
116 0.0568229 0.0541711
117 0.051543 0.0487908
118 0.0460597 0.043218
119 0.0403947 0.0374746
120 0.0345702 0.0315833
121 0.0286093 0.0255673
122 0.0225355 0.0194505
123 0.0163727 0.0132569
124 0.0101454 0.00701094
125 0.00387797 0.000737342
126 -0.00240474 -0.00553917
127 -0.00867796 -0.0117938
128 -0.0149169 -0.0180019
129 -0.021097 -0.024139
130 -0.0271939 -0.0301808
131 -0.0331834 -0.0361035
132 -0.0390419 -0.0418837
133 -0.0447464 -0.0474986
134 -0.0502743 -0.052926
135 -0.0556038 -0.0581446
136 -0.0607138 -0.0631337
137 -0.0655842 -0.0678737
138 -0.0701958 -0.0723457
139 -0.0745304 -0.0765323
140 -0.0785708 -0.0804168
141 -0.0823011 -0.083984
142 -0.0857067 -0.0872197
143 -0.088774 -0.0901112
144 -0.0914909 -0.092647
145 -0.0938468 -0.0948173
146 -0.0958323 -0.0966133
147 -0.0974396 -0.0980281
148 -0.0986623 -0.0990559
149 -0.0994957 -0.0996929
150 -0.0999364 -0.0999364
151 -0.0999827 -0.0997855
152 -0.0996344 -0.0992408
153 -0.0988929 -0.0983044
154 -0.0977611 -0.09698
155 -0.0962435 -0.095273
156 -0.0943461 -0.0931899
157 -0.0920763 -0.0907391
158 -0.0894431 -0.0879301
159 -0.086457 -0.0847742
160 -0.0831296 -0.0812836
161 -0.0794742 -0.0774723
162 -0.0755051 -0.0733552
163 -0.0712381 -0.0689486
164 -0.0666899 -0.06427
165 -0.0618785 -0.0593376
166 -0.0568229 -0.0541711
167 -0.051543 -0.0487908
168 -0.0460597 -0.043218
169 -0.0403947 -0.0374746
170 -0.0345702 -0.0315833
171 -0.0286093 -0.0255673
172 -0.0225355 -0.0194505
173 -0.0163727 -0.0132569
174 -0.0101454 -0.00701094
175 -0.00387797 -0.000737342
176 0.00240474 0.00553917
177 0.00867796 0.0117938
178 0.0149169 0.0180019
179 0.021097 0.024139
180 0.0271939 0.0301808
181 0.0331834 0.0361035
182 0.0390419 0.0418837
183 0.0447464 0.0474986
184 0.0502743 0.052926
185 0.0556038 0.0581446
186 0.0607138 0.0631337
187 0.0655842 0.0678737
188 0.0701958 0.0723457
189 0.0745304 0.0765323
190 0.0785708 0.0804168
191 0.0823011 0.083984
192 0.0857067 0.0872197
193 0.088774 0.0901112
194 0.0914909 0.092647
195 0.0938468 0.0948173
196 0.0958323 0.0966133
197 0.0974396 0.0980281
198 0.0986623 0.0990559
199 0.0994957 0.0996929
200 0.0999364 0.0999364
201 0.0999827 0.0997855
202 0.0996344 0.0992408
203 0.0988929 0.0983044
204 0.0977611 0.09698
205 0.0962435 0.095273
206 0.0943461 0.0931899
207 0.0920763 0.0907391
208 0.0894431 0.0879301
209 0.086457 0.0847742
210 0.0831296 0.0812836
211 0.0794742 0.0774723
212 0.0755051 0.0733552
213 0.0712381 0.0689486
214 0.0666899 0.06427
215 0.0618785 0.0593376
216 0.0568229 0.0541711
217 0.051543 0.0487908
218 0.0460597 0.043218
219 0.0403947 0.0374746
220 0.0345702 0.0315833
221 0.0286093 0.0255673
222 0.0225355 0.0194505
223 0.0163727 0.0132569
224 0.0101454 0.00701094
225 0.00387797 0.000737342
226 -0.00240474 -0.00553917
227 -0.00867796 -0.0117938
228 -0.0149169 -0.0180019
229 -0.021097 -0.024139
230 -0.0271939 -0.0301808
231 -0.0331834 -0.0361035
232 -0.0390419 -0.0418837
233 -0.0447464 -0.0474986
234 -0.0502743 -0.052926
235 -0.0556038 -0.0581446
236 -0.0607138 -0.0631337
237 -0.0655842 -0.0678737
238 -0.0701958 -0.0723457
239 -0.0745304 -0.0765323
240 -0.0785708 -0.0804168
241 -0.0823011 -0.083984
242 -0.0857067 -0.0872197
243 -0.088774 -0.0901112
244 -0.0914909 -0.092647
245 -0.0938468 -0.0948173
246 -0.0958323 -0.0966133
247 -0.0974396 -0.0980281
248 -0.0986623 -0.0990559
249 -0.0994957 -0.0996929
250 -0.0999364 -0.0999364
251 -0.0999827 -0.0997855
252 -0.0996344 -0.0992408
253 -0.0988929 -0.0983044
254 -0.0977611 -0.09698
255 -0.0962435 -0.095273
256 -0.0943461 -0.0931899
257 -0.0920763 -0.0907391
258 -0.0894431 -0.0879301
259 -0.086457 -0.0847742
260 -0.0831296 -0.0812836
261 -0.0794742 -0.0774723
262 -0.0755051 -0.0733552
263 -0.0712381 -0.0689486
264 -0.0666899 -0.06427
265 -0.0618785 -0.0593376
266 -0.0568229 -0.0541711
267 -0.051543 -0.0487908
268 -0.0460597 -0.043218
269 -0.0403947 -0.0374746
270 -0.0345702 -0.0315833
271 -0.0286093 -0.0255673
272 -0.0225355 -0.0194505
273 -0.0163727 -0.0132569
274 -0.0101454 -0.00701094
275 -0.00387797 -0.000737342
276 0.00240474 0.00553917
277 0.00867796 0.0117938
278 0.0149169 0.0180019
279 0.021097 0.024139
280 0.0271939 0.0301808
281 0.0331834 0.0361035
282 0.0390419 0.0418837
283 0.0447464 0.0474986
284 0.0502743 0.052926
285 0.0556038 0.0581446
286 0.0607138 0.0631337
287 0.0655842 0.0678737
288 0.0701958 0.0723457
289 0.0745304 0.0765323
290 0.0785708 0.0804168
291 0.0823011 0.083984
292 0.0857067 0.0872197
293 0.088774 0.0901112
294 0.0914909 0.092647
295 0.0938468 0.0948173
296 0.0958323 0.0966133
297 0.0974396 0.0980281
298 0.0986623 0.0990559
299 0.0994957 0.0996929
300 0.0999364 0.0999364
301 0.0999827 0.0997855
302 0.0996344 0.0992408
303 0.0988929 0.0983044
304 0.0977611 0.09698
305 0.0962435 0.095273
306 0.0943461 0.0931899
307 0.0920763 0.0907391
308 0.0894431 0.0879301
309 0.086457 0.0847742
310 0.0831296 0.0812836
311 0.0794742 0.0774723
312 0.0755051 0.0733552
313 0.0712381 0.0689486
314 0.0666899 0.06427
315 0.0618785 0.0593376
316 0.0568229 0.0541711
317 0.051543 0.0487908
318 0.0460597 0.043218
319 0.0403947 0.0374746
320 0.0345702 0.0315833
321 0.0286093 0.0255673
322 0.0225355 0.0194505
323 0.0163727 0.0132569
324 0.0101454 0.00701094
325 0.00387797 0.000737342
326 -0.00240474 -0.00553917
327 -0.00867796 -0.0117938
328 -0.0149169 -0.0180019
329 -0.021097 -0.024139
330 -0.0271939 -0.0301808
331 -0.0331834 -0.0361035
332 -0.0390419 -0.0418837
333 -0.0447464 -0.0474986
334 -0.0502743 -0.052926
335 -0.0556038 -0.0581446
336 -0.0607138 -0.0631337
337 -0.0655842 -0.0678737
338 -0.0701958 -0.0723457
339 -0.0745304 -0.0765323
340 -0.0785708 -0.0804168
341 -0.0823011 -0.083984
342 -0.0857067 -0.0872197
343 -0.088774 -0.0901112
344 -0.0914909 -0.092647
345 -0.0938468 -0.0948173
346 -0.0958323 -0.0966133
347 -0.0974396 -0.0980281
348 -0.0986623 -0.0990559
349 -0.0994957 -0.0996929
350 -0.0999364 -0.0999364
351 -0.0999827 -0.0997855
352 -0.0996344 -0.0992408
353 -0.0988929 -0.0983044
354 -0.0977611 -0.09698
355 -0.0962435 -0.095273
356 -0.0943461 -0.0931899
357 -0.0920763 -0.0907391
358 -0.0894431 -0.0879301
359 -0.086457 -0.0847742
360 -0.0831296 -0.0812836
361 -0.0794742 -0.0774723
362 -0.0755051 -0.0733552
363 -0.0712381 -0.0689486
364 -0.0666899 -0.06427
365 -0.0618785 -0.0593376
366 -0.0568229 -0.0541711
367 -0.051543 -0.0487908
368 -0.0460597 -0.043218
369 -0.0403947 -0.0374746
370 -0.0345702 -0.0315833
371 -0.0286093 -0.0255673
372 -0.0225355 -0.0194505
373 -0.0163727 -0.0132569
374 -0.0101454 -0.00701094
375 -0.00387797 -0.000737342
376 0.00240474 0.00553917
377 0.00867796 0.0117938
378 0.0149169 0.0180019
379 0.021097 0.024139
380 0.0271939 0.0301808
381 0.0331834 0.0361035
382 0.0390419 0.0418837
383 0.0447464 0.0474986
384 0.0502743 0.052926
385 0.0556038 0.0581446
386 0.0607138 0.0631337
387 0.0655842 0.0678737
388 0.0701958 0.0723457
389 0.0745304 0.0765323
390 0.0785708 0.0804168
391 0.0823011 0.083984
392 0.0857067 0.0872197
393 0.088774 0.0901112
394 0.0914909 0.092647
395 0.0938468 0.0948173
396 0.0958323 0.0966133
397 0.0974396 0.0980281
398 0.0986623 0.0990559
399 0.0994957 0.0996929
400 0.0999364 0.0999364
401 0.0999827 0.0997855
402 0.0996344 0.0992408
403 0.0988929 0.0983044
404 0.0977611 0.09698
405 0.0962435 0.095273
406 0.0943461 0.0931899
407 0.0920763 0.0907391
408 0.0894431 0.0879301
409 0.086457 0.0847742
410 0.0831296 0.0812836
411 0.0794742 0.0774723
412 0.0755051 0.0733552
413 0.0712381 0.0689486
414 0.0666899 0.06427
415 0.0618785 0.0593376
416 0.0568229 0.0541711
417 0.051543 0.0487908
418 0.0460597 0.043218
419 0.0403947 0.0374746
420 0.0345702 0.0315833
421 0.0286093 0.0255673
422 0.0225355 0.0194505
423 0.0163727 0.0132569
424 0.0101454 0.00701094
425 0.00387797 0.000737342
426 -0.00240474 -0.00553917
427 -0.00867796 -0.0117938
428 -0.0149169 -0.0180019
429 -0.021097 -0.024139
430 -0.0271939 -0.0301808
431 -0.0331834 -0.0361035
432 -0.0390419 -0.0418837
433 -0.0447464 -0.0474986
434 -0.0502743 -0.052926
435 -0.0556038 -0.0581446
436 -0.0607138 -0.0631337
437 -0.0655842 -0.0678737
438 -0.0701958 -0.0723457
439 -0.0745304 -0.0765323
440 -0.0785708 -0.0804168
441 -0.0823011 -0.083984
442 -0.0857067 -0.0872197
443 -0.088774 -0.0901112
444 -0.0914909 -0.092647
445 -0.0938468 -0.0948173
446 -0.0958323 -0.0966133
447 -0.0974396 -0.0980281
448 -0.0986623 -0.0990559
449 -0.0994957 -0.0996929
450 -0.0999364 -0.0999364
451 -0.0999827 -0.0997855
452 -0.0996344 -0.0992408
453 -0.0988929 -0.0983044
454 -0.0977611 -0.09698
455 -0.0962435 -0.095273
456 -0.0943461 -0.0931899
457 -0.0920763 -0.0907391
458 -0.0894431 -0.0879301
459 -0.086457 -0.0847742
460 -0.0831296 -0.0812836
461 -0.0794742 -0.0774723
462 -0.0755051 -0.0733552
463 -0.0712381 -0.0689486
464 -0.0666899 -0.06427
465 -0.0618785 -0.0593376
466 -0.0568229 -0.0541711
467 -0.051543 -0.0487908
468 -0.0460597 -0.043218
469 -0.0403947 -0.0374746
470 -0.0345702 -0.0315833
471 -0.0286093 -0.0255673
472 -0.0225355 -0.0194505
473 -0.0163727 -0.0132569
474 -0.0101454 -0.00701094
475 -0.00387797 -0.000737342
476 0.00240474 0.00553917
477 0.00867796 0.0117938
478 0.0149169 0.0180019
479 0.021097 0.024139
480 0.0271939 0.0301808
481 0.0331834 0.0361035
482 0.0390419 0.0418837
483 0.0447464 0.0474986
484 0.0502743 0.052926
485 0.0556038 0.0581446
486 0.0607138 0.0631337
487 0.0655842 0.0678737
488 0.0701958 0.0723457
489 0.0745304 0.0765323
490 0.0785708 0.0804168
491 0.0823011 0.083984
492 0.0857067 0.0872197
493 0.088774 0.0901112
494 0.0914909 0.092647
495 0.0938468 0.0948173
496 0.0958323 0.0966133
497 0.0974396 0.0980281
498 0.0986623 0.0990559
499 0.0994957 0.0996929
500 0.0999364 0.0999364
501 0.0999827 0.0997855
502 0.0996344 0.0992408
503 0.0988929 0.0983044
504 0.0977611 0.09698
505 0.0962435 0.095273
506 0.0943461 0.0931899
507 0.0920763 0.0907391
508 0.0894431 0.0879301
509 0.086457 0.0847742
510 0.0831296 0.0812836
511 0.0794742 0.0774723
512 0.0755051 0.0733552
513 0.0712381 0.0689486
514 0.0666899 0.06427
515 0.0618785 0.0593376
516 0.0568229 0.0541711
517 0.051543 0.0487908
518 0.0460597 0.043218
519 0.0403947 0.0374746
520 0.0345702 0.0315833
521 0.0286093 0.0255673
522 0.0225355 0.0194505
523 0.0163727 0.0132569
524 0.0101454 0.00701094
525 0.00387797 0.000737342
526 -0.00240474 -0.00553917
527 -0.00867796 -0.0117938
528 -0.0149169 -0.0180019
529 -0.021097 -0.024139
530 -0.0271939 -0.0301808
531 -0.0331834 -0.0361035
532 -0.0390419 -0.0418837
533 -0.0447464 -0.0474986
534 -0.0502743 -0.052926
535 -0.0556038 -0.0581446
536 -0.0607138 -0.0631337
537 -0.0655842 -0.0678737
538 -0.0701958 -0.0723457
539 -0.0745304 -0.0765323
540 -0.0785708 -0.0804168
541 -0.0823011 -0.083984
542 -0.0857067 -0.0872197
543 -0.088774 -0.0901112
544 -0.0914909 -0.092647
545 -0.0938468 -0.0948173
546 -0.0958323 -0.0966133
547 -0.0974396 -0.0980281
548 -0.0986623 -0.0990559
549 -0.0994957 -0.0996929
550 -0.0999364 -0.0999364
551 -0.0999827 -0.0997855
552 -0.0996344 -0.0992408
553 -0.0988929 -0.0983044
554 -0.0977611 -0.09698
555 -0.0962435 -0.095273
556 -0.0943461 -0.0931899
557 -0.0920763 -0.0907391
558 -0.0894431 -0.0879301
559 -0.086457 -0.0847742
560 -0.0831296 -0.0812836
561 -0.0794742 -0.0774723
562 -0.0755051 -0.0733552
563 -0.0712381 -0.0689486
564 -0.0666899 -0.06427
565 -0.0618785 -0.0593376
566 -0.0568229 -0.0541711
567 -0.051543 -0.0487908
568 -0.0460597 -0.043218
569 -0.0403947 -0.0374746
570 -0.0345702 -0.0315833
571 -0.0286093 -0.0255673
572 -0.0225355 -0.0194505
573 -0.0163727 -0.0132569
574 -0.0101454 -0.00701094
575 -0.00387797 -0.000737342
576 0.00240474 0.00553917
577 0.00867796 0.0117938
578 0.0149169 0.0180019
579 0.021097 0.024139
580 0.0271939 0.0301808
581 0.0331834 0.0361035
582 0.0390419 0.0418837
583 0.0447464 0.0474986
584 0.0502743 0.052926
585 0.0556038 0.0581446
586 0.0607138 0.0631337
587 0.0655842 0.0678737
588 0.0701958 0.0723457
589 0.0745304 0.0765323
590 0.0785708 0.0804168
591 0.0823011 0.083984
592 0.0857067 0.0872197
593 0.088774 0.0901112
594 0.0914909 0.092647
595 0.0938468 0.0948173
596 0.0958323 0.0966133
597 0.0974396 0.0980281
598 0.0986623 0.0990559
599 0.0994957 0.0996929
600 0.0999364 0.0999364
601 0.0999827 0.0997855
602 0.0996344 0.0992408
603 0.0988929 0.0983044
604 0.0977611 0.09698
605 0.0962435 0.095273
606 0.0943461 0.0931899
607 0.0920763 0.0907391
608 0.0894431 0.0879301
609 0.086457 0.0847742
610 0.0831296 0.0812836
611 0.0794742 0.0774723
612 0.0755051 0.0733552
613 0.0712381 0.0689486
614 0.0666899 0.06427
615 0.0618785 0.0593376
616 0.0568229 0.0541711
617 0.051543 0.0487908
618 0.0460597 0.043218
619 0.0403947 0.0374746
620 0.0345702 0.0315833
621 0.0286093 0.0255673
622 0.0225355 0.0194505
623 0.0163727 0.0132569
624 0.0101454 0.00701094
625 0.00387797 0.000737342
626 -0.00240474 -0.00553917
627 -0.00867796 -0.0117938
628 -0.0149169 -0.0180019
629 -0.021097 -0.024139
630 -0.0271939 -0.0301808
631 -0.0331834 -0.0361035
632 -0.0390419 -0.0418837
633 -0.0447464 -0.0474986
634 -0.0502743 -0.052926
635 -0.0556038 -0.0581446
636 -0.0607138 -0.0631337
637 -0.0655842 -0.0678737
638 -0.0701958 -0.0723457
639 -0.0745304 -0.0765323
640 -0.0785708 -0.0804168
641 -0.0823011 -0.083984
642 -0.0857067 -0.0872197
643 -0.088774 -0.0901112
644 -0.0914909 -0.092647
645 -0.0938468 -0.0948173
646 -0.0958323 -0.0966133
647 -0.0974396 -0.0980281
648 -0.0986623 -0.0990559
649 -0.0994957 -0.0996929
650 -0.0999364 -0.0999364
651 -0.0999827 -0.0997855
652 -0.0996344 -0.0992408
653 -0.0988929 -0.0983044
654 -0.0977611 -0.09698
655 -0.0962435 -0.095273
656 -0.0943461 -0.0931899
657 -0.0920763 -0.0907391
658 -0.0894431 -0.0879301
659 -0.086457 -0.0847742
660 -0.0831296 -0.0812836
661 -0.0794742 -0.0774723
662 -0.0755051 -0.0733552
663 -0.0712381 -0.0689486
664 -0.0666899 -0.06427
665 -0.0618785 -0.0593376
666 -0.0568229 -0.0541711
667 -0.051543 -0.0487908
668 -0.0460597 -0.043218
669 -0.0403947 -0.0374746
670 -0.0345702 -0.0315833
671 -0.0286093 -0.0255673
672 -0.0225355 -0.0194505
673 -0.0163727 -0.0132569
674 -0.0101454 -0.00701094
675 -0.00387797 -0.000737342
676 0.00240474 0.00553917
677 0.00867796 0.0117938
678 0.0149169 0.0180019
679 0.021097 0.024139
680 0.0271939 0.0301808
681 0.0331834 0.0361035
682 0.0390419 0.0418837
683 0.0447464 0.0474986
684 0.0502743 0.052926
685 0.0556038 0.0581446
686 0.0607138 0.0631337
687 0.0655842 0.0678737
688 0.0701958 0.0723457
689 0.0745304 0.0765323
690 0.0785708 0.0804168
691 0.0823011 0.083984
692 0.0857067 0.0872197
693 0.088774 0.0901112
694 0.0914909 0.092647
695 0.0938468 0.0948173
696 0.0958323 0.0966133
697 0.0974396 0.0980281
698 0.0986623 0.0990559
699 0.0994957 0.0996929
700 0.0999364 0.0999364
701 0.0999827 0.0997855
702 0.0996344 0.0992408
703 0.0988929 0.0983044
704 0.0977611 0.09698
705 0.0962435 0.095273
706 0.0943461 0.0931899
707 0.0920763 0.0907391
708 0.0894431 0.0879301
709 0.086457 0.0847742
710 0.0831296 0.0812836
711 0.0794742 0.0774723
712 0.0755051 0.0733552
713 0.0712381 0.0689486
714 0.0666899 0.06427
715 0.0618785 0.0593376
716 0.0568229 0.0541711
717 0.051543 0.0487908
718 0.0460597 0.043218
719 0.0403947 0.0374746
720 0.0345702 0.0315833
721 0.0286093 0.0255673
722 0.0225355 0.0194505
723 0.0163727 0.0132569
724 0.0101454 0.00701094
725 0.00387797 0.000737342
726 -0.00240474 -0.00553917
727 -0.00867796 -0.0117938
728 -0.0149169 -0.0180019
729 -0.021097 -0.024139
730 -0.0271939 -0.0301808
731 -0.0331834 -0.0361035
732 -0.0390419 -0.0418837
733 -0.0447464 -0.0474986
734 -0.0502743 -0.052926
735 -0.0556038 -0.0581446
736 -0.0607138 -0.0631337
737 -0.0655842 -0.0678737
738 -0.0701958 -0.0723457
739 -0.0745304 -0.0765323
740 -0.0785708 -0.0804168
741 -0.0823011 -0.083984
742 -0.0857067 -0.0872197
743 -0.088774 -0.0901112
744 -0.0914909 -0.092647
745 -0.0938468 -0.0948173
746 -0.0958323 -0.0966133
747 -0.0974396 -0.0980281
748 -0.0986623 -0.0990559
749 -0.0994957 -0.0996929
750 -0.0999364 -0.0999364
751 -0.0999827 -0.0997855
752 -0.0996344 -0.0992408
753 -0.0988929 -0.0983044
754 -0.0977611 -0.09698
755 -0.0962435 -0.095273
756 -0.0943461 -0.0931899
757 -0.0920763 -0.0907391
758 -0.0894431 -0.0879301
759 -0.086457 -0.0847742
760 -0.0831296 -0.0812836
761 -0.0794742 -0.0774723
762 -0.0755051 -0.0733552
763 -0.0712381 -0.0689486
764 -0.0666899 -0.06427
765 -0.0618785 -0.0593376
766 -0.0568229 -0.0541711
767 -0.051543 -0.0487908
768 -0.0460597 -0.043218
769 -0.0403947 -0.0374746
770 -0.0345702 -0.0315833
771 -0.0286093 -0.0255673
772 -0.0225355 -0.0194505
773 -0.0163727 -0.0132569
774 -0.0101454 -0.00701094
775 -0.00387797 -0.000737342
776 0.00240474 0.00553917
777 0.00867796 0.0117938
778 0.0149169 0.0180019
779 0.021097 0.024139
780 0.0271939 0.0301808
781 0.0331834 0.0361035
782 0.0390419 0.0418837
783 0.0447464 0.0474986
784 0.0502743 0.052926
785 0.0556038 0.0581446
786 0.0607138 0.0631337
787 0.0655842 0.0678737
788 0.0701958 0.0723457
789 0.0745304 0.0765323
790 0.0785708 0.0804168
791 0.0823011 0.083984
792 0.0857067 0.0872197
793 0.088774 0.0901112
794 0.0914909 0.092647
795 0.0938468 0.0948173
796 0.0958323 0.0966133
797 0.0974396 0.0980281
798 0.0986623 0.0990559
799 0.0994957 0.0996929
800 0.0999364 0.0999364
801 0.0999827 0.0997855
802 0.0996344 0.0992408
803 0.0988929 0.0983044
804 0.0977611 0.09698
805 0.0962435 0.095273
806 0.0943461 0.0931899
807 0.0920763 0.0907391
808 0.0894431 0.0879301
809 0.086457 0.0847742
810 0.0831296 0.0812836
811 0.0794742 0.0774723
812 0.0755051 0.0733552
813 0.0712381 0.0689486
814 0.0666899 0.06427
815 0.0618785 0.0593376
816 0.0568229 0.0541711
817 0.051543 0.0487908
818 0.0460597 0.043218
819 0.0403947 0.0374746
820 0.0345702 0.0315833
821 0.0286093 0.0255673
822 0.0225355 0.0194505
823 0.0163727 0.0132569
824 0.0101454 0.00701094
825 0.00387797 0.000737342
826 -0.00240474 -0.00553917
827 -0.00867796 -0.0117938
828 -0.0149169 -0.0180019
829 -0.021097 -0.024139
830 -0.0271939 -0.0301808
831 -0.0331834 -0.0361035
832 -0.0390419 -0.0418837
833 -0.0447464 -0.0474986
834 -0.0502743 -0.052926
835 -0.0556038 -0.0581446
836 -0.0607138 -0.0631337
837 -0.0655842 -0.0678737
838 -0.0701958 -0.0723457
839 -0.0745304 -0.0765323
840 -0.0785708 -0.0804168
841 -0.0823011 -0.083984
842 -0.0857067 -0.0872197
843 -0.088774 -0.0901112
844 -0.0914909 -0.092647
845 -0.0938468 -0.0948173
846 -0.0958323 -0.0966133
847 -0.0974396 -0.0980281
848 -0.0986623 -0.0990559
849 -0.0994957 -0.0996929
850 -0.0999364 -0.0999364
851 -0.0999827 -0.0997855
852 -0.0996344 -0.0992408
853 -0.0988929 -0.0983044
854 -0.0977611 -0.09698
855 -0.0962435 -0.095273
856 -0.0943461 -0.0931899
857 -0.0920763 -0.0907391
858 -0.0894431 -0.0879301
859 -0.086457 -0.0847742
860 -0.0831296 -0.0812836
861 -0.0794742 -0.0774723
862 -0.0755051 -0.0733552
863 -0.0712381 -0.0689486
864 -0.0666899 -0.06427
865 -0.0618785 -0.0593376
866 -0.0568229 -0.0541711
867 -0.051543 -0.0487908
868 -0.0460597 -0.043218
869 -0.0403947 -0.0374746
870 -0.0345702 -0.0315833
871 -0.0286093 -0.0255673
872 -0.0225355 -0.0194505
873 -0.0163727 -0.0132569
874 -0.0101454 -0.00701094
875 -0.00387797 -0.000737342
876 0.00240474 0.00553917
877 0.00867796 0.0117938
878 0.0149169 0.0180019
879 0.021097 0.024139
880 0.0271939 0.0301808
881 0.0331834 0.0361035
882 0.0390419 0.0418837
883 0.0447464 0.0474986
884 0.0502743 0.052926
885 0.0556038 0.0581446
886 0.0607138 0.0631337
887 0.0655842 0.0678737
888 0.0701958 0.0723457
889 0.0745304 0.0765323
890 0.0785708 0.0804168
891 0.0823011 0.083984
892 0.0857067 0.0872197
893 0.088774 0.0901112
894 0.0914909 0.092647
895 0.0938468 0.0948173
896 0.0958323 0.0966133
897 0.0974396 0.0980281
898 0.0986623 0.0990559
899 0.0994957 0.0996929
900 0.0999364 0.0999364
901 0.0999827 0.0997855
902 0.0996344 0.0992408
903 0.0988929 0.0983044
904 0.0977611 0.09698
905 0.0962435 0.095273
906 0.0943461 0.0931899
907 0.0920763 0.0907391
908 0.0894431 0.0879301
909 0.086457 0.0847742
910 0.0831296 0.0812836
911 0.0794742 0.0774723
912 0.0755051 0.0733552
913 0.0712381 0.0689486
914 0.0666899 0.06427
915 0.0618785 0.0593376
916 0.0568229 0.0541711
917 0.051543 0.0487908
918 0.0460597 0.043218
919 0.0403947 0.0374746
920 0.0345702 0.0315833
921 0.0286093 0.0255673
922 0.0225355 0.0194505
923 0.0163727 0.0132569
924 0.0101454 0.00701094
925 0.00387797 0.000737342
926 -0.00240474 -0.00553917
927 -0.00867796 -0.0117938
928 -0.0149169 -0.0180019
929 -0.021097 -0.024139
930 -0.0271939 -0.0301808
931 -0.0331834 -0.0361035
932 -0.0390419 -0.0418837
933 -0.0447464 -0.0474986
934 -0.0502743 -0.052926
935 -0.0556038 -0.0581446
936 -0.0607138 -0.0631337
937 -0.0655842 -0.0678737
938 -0.0701958 -0.0723457
939 -0.0745304 -0.0765323
940 -0.0785708 -0.0804168
941 -0.0823011 -0.083984
942 -0.0857067 -0.0872197
943 -0.088774 -0.0901112
944 -0.0914909 -0.092647
945 -0.0938468 -0.0948173
946 -0.0958323 -0.0966133
947 -0.0974396 -0.0980281
948 -0.0986623 -0.0990559
949 -0.0994957 -0.0996929
950 -0.0999364 -0.0999364
951 -0.0999827 -0.0997855
952 -0.0996344 -0.0992408
953 -0.0988929 -0.0983044
954 -0.0977611 -0.09698
955 -0.0962435 -0.095273
956 -0.0943461 -0.0931899
957 -0.0920763 -0.0907391
958 -0.0894431 -0.0879301
959 -0.086457 -0.0847742
960 -0.0831296 -0.0812836
961 -0.0794742 -0.0774723
962 -0.0755051 -0.0733552
963 -0.0712381 -0.0689486
964 -0.0666899 -0.06427
965 -0.0618785 -0.0593376
966 -0.0568229 -0.0541711
967 -0.051543 -0.0487908
968 -0.0460597 -0.043218
969 -0.0403947 -0.0374746
970 -0.0345702 -0.0315833
971 -0.0286093 -0.0255673
972 -0.0225355 -0.0194505
973 -0.0163727 -0.0132569
974 -0.0101454 -0.00701094
975 -0.00387797 -0.000737342
976 0.00240474 0.00553917
977 0.00867796 0.0117938
978 0.0149169 0.0180019
979 0.021097 0.024139
980 0.0271939 0.0301808
981 0.0331834 0.0361035
982 0.0390419 0.0418837
983 0.0447464 0.0474986
984 0.0502743 0.052926
985 0.0556038 0.0581446
986 0.0607138 0.0631337
987 0.0655842 0.0678737
988 0.0701958 0.0723457
989 0.0745304 0.0765323
990 0.0785708 0.0804168
991 0.0823011 0.083984
992 0.0857067 0.0872197
993 0.088774 0.0901112
994 0.0914909 0.092647
995 0.0938468 0.0948173
996 0.0958323 0.0966133
997 0.0974396 0.0980281
998 0.0986623 0.0990559
999 0.0994957 0.0996929
