0 -0.0305563 -0.0305563
1 -0.0245476 -0.0244873
2 -0.0184421 -0.0183217
3 -0.0122638 -0.0120838
4 -0.00603706 -0.00579825
5 0.000213482 0.000510222
6 0.00646318 0.00681668
7 0.0126874 0.0130962
8 0.0188615 0.0193241
9 0.0249612 0.0254757
10 0.0309624 0.0315268
11 0.0368413 0.0374534
12 0.0425749 0.0432323
13 0.0481405 0.0488405
14 0.053516 0.0542559
15 0.0586804 0.0594573
16 0.0636132 0.064424
17 0.0682949 0.0691364
18 0.0727071 0.073576
19 0.0768324 0.0777252
20 0.0806544 0.0815677
21 0.0841582 0.0850883
22 0.0873298 0.088273
23 0.0901567 0.0911094
24 0.0926278 0.0935862
25 0.0947334 0.0956937
26 0.0964651 0.0974235
27 0.0978161 0.0987688
28 0.0987811 0.0997244
29 0.0993562 0.100286
30 0.0995393 0.100453
31 0.0993294 0.100222
32 0.0987276 0.0995965
33 0.0977361 0.0985776
34 0.096359 0.0971697
35 0.0946015 0.0953784
36 0.0924707 0.0932106
37 0.0899749 0.0906749
38 0.0871241 0.0877814
39 0.0839294 0.0845415
40 0.0804035 0.0809679
41 0.0765602 0.0770748
42 0.0724149 0.0728775
43 0.0679837 0.0683925
44 0.0632842 0.0636377
45 0.058335 0.0586317
46 0.0531555 0.0533944
47 0.0477663 0.0479463
48 0.0421886 0.0423089
49 0.0364444 0.0365046
50 0.0305563 0.0305563
51 0.0245476 0.0244873
52 0.0184421 0.0183217
53 0.0122638 0.0120838
54 0.00603706 0.00579825
55 -0.000213482 -0.000510222
56 -0.00646318 -0.00681668
57 -0.0126874 -0.0130962
58 -0.0188615 -0.0193241
59 -0.0249612 -0.0254757
60 -0.0309624 -0.0315268
61 -0.0368413 -0.0374534
62 -0.0425749 -0.0432323
63 -0.0481405 -0.0488405
64 -0.053516 -0.0542559
65 -0.0586804 -0.0594573
66 -0.0636132 -0.064424
67 -0.0682949 -0.0691364
68 -0.0727071 -0.073576
69 -0.0768324 -0.0777252
70 -0.0806544 -0.0815677
71 -0.0841582 -0.0850883
72 -0.0873298 -0.088273
73 -0.0901567 -0.0911094
74 -0.0926278 -0.0935862
75 -0.0947334 -0.0956937
76 -0.0964651 -0.0974235
77 -0.0978161 -0.0987688
78 -0.0987811 -0.0997244
79 -0.0993562 -0.100286
80 -0.0995393 -0.100453
81 -0.0993294 -0.100222
82 -0.0987276 -0.0995965
83 -0.0977361 -0.0985776
84 -0.096359 -0.0971697
85 -0.0946015 -0.0953784
86 -0.0924707 -0.0932106
87 -0.0899749 -0.0906749
88 -0.0871241 -0.0877814
89 -0.0839294 -0.0845415
90 -0.0804035 -0.0809679
91 -0.0765602 -0.0770748
92 -0.0724149 -0.0728775
93 -0.0679837 -0.0683925
94 -0.0632842 -0.0636377
95 -0.058335 -0.0586317
96 -0.0531555 -0.0533944
97 -0.0477663 -0.0479463
98 -0.0421886 -0.0423089
99 -0.0364444 -0.0365046
100 -0.0305563 -0.0305563
101 -0.0245476 -0.0244873
102 -0.0184421 -0.0183217
103 -0.0122638 -0.0120838
104 -0.00603706 -0.00579825
105 0.000213482 0.000510222
106 0.00646318 0.00681668
107 0.0126874 0.0130962
108 0.0188615 0.0193241
109 0.0249612 0.0254757
110 0.0309624 0.0315268
111 0.0368413 0.0374534
112 0.0425749 0.0432323
113 0.0481405 0.0488405
114 0.053516 0.0542559
115 0.0586804 0.0594573
116 0.0636132 0.064424
117 0.0682949 0.0691364
118 0.0727071 0.073576
119 0.0768324 0.0777252
120 0.0806544 0.0815677
121 0.0841582 0.0850883
122 0.0873298 0.088273
123 0.0901567 0.0911094
124 0.0926278 0.0935862
125 0.0947334 0.0956937
126 0.0964651 0.0974235
127 0.0978161 0.0987688
128 0.0987811 0.0997244
129 0.0993562 0.100286
130 0.0995393 0.100453
131 0.0993294 0.100222
132 0.0987276 0.0995965
133 0.0977361 0.0985776
134 0.096359 0.0971697
135 0.0946015 0.0953784
136 0.0924707 0.0932106
137 0.0899749 0.0906749
138 0.0871241 0.0877814
139 0.0839294 0.0845415
140 0.0804035 0.0809679
141 0.0765602 0.0770748
142 0.0724149 0.0728775
143 0.0679837 0.0683925
144 0.0632842 0.0636377
145 0.058335 0.0586317
146 0.0531555 0.0533944
147 0.0477663 0.0479463
148 0.0421886 0.0423089
149 0.0364444 0.0365046
150 0.0305563 0.0305563
151 0.0245476 0.0244873
152 0.0184421 0.0183217
153 0.0122638 0.0120838
154 0.00603706 0.00579825
155 -0.000213482 -0.000510222
156 -0.00646318 -0.00681668
157 -0.0126874 -0.0130962
158 -0.0188615 -0.0193241
159 -0.0249612 -0.0254757
160 -0.0309624 -0.0315268
161 -0.0368413 -0.0374534
162 -0.0425749 -0.0432323
163 -0.0481405 -0.0488405
164 -0.053516 -0.0542559
165 -0.0586804 -0.0594573
166 -0.0636132 -0.064424
167 -0.0682949 -0.0691364
168 -0.0727071 -0.073576
169 -0.0768324 -0.0777252
170 -0.0806544 -0.0815677
171 -0.0841582 -0.0850883
172 -0.0873298 -0.088273
173 -0.0901567 -0.0911094
174 -0.0926278 -0.0935862
175 -0.0947334 -0.0956937
176 -0.0964651 -0.0974235
177 -0.0978161 -0.0987688
178 -0.0987811 -0.0997244
179 -0.0993562 -0.100286
180 -0.0995393 -0.100453
181 -0.0993294 -0.100222
182 -0.0987276 -0.0995965
183 -0.0977361 -0.0985776
184 -0.096359 -0.0971697
185 -0.0946015 -0.0953784
186 -0.0924707 -0.0932106
187 -0.0899749 -0.0906749
188 -0.0871241 -0.0877814
189 -0.0839294 -0.0845415
190 -0.0804035 -0.0809679
191 -0.0765602 -0.0770748
192 -0.0724149 -0.0728775
193 -0.0679837 -0.0683925
194 -0.0632842 -0.0636377
195 -0.058335 -0.0586317
196 -0.0531555 -0.0533944
197 -0.0477663 -0.0479463
198 -0.0421886 -0.0423089
199 -0.0364444 -0.0365046
200 -0.0305563 -0.0305563
201 -0.0245476 -0.0244873
202 -0.0184421 -0.0183217
203 -0.0122638 -0.0120838
204 -0.00603706 -0.00579825
205 0.000213482 0.000510222
206 0.00646318 0.00681668
207 0.0126874 0.0130962
208 0.0188615 0.0193241
209 0.0249612 0.0254757
210 0.0309624 0.0315268
211 0.0368413 0.0374534
212 0.0425749 0.0432323
213 0.0481405 0.0488405
214 0.053516 0.0542559
215 0.0586804 0.0594573
216 0.0636132 0.064424
217 0.0682949 0.0691364
218 0.0727071 0.073576
219 0.0768324 0.0777252
220 0.0806544 0.0815677
221 0.0841582 0.0850883
222 0.0873298 0.088273
223 0.0901567 0.0911094
224 0.0926278 0.0935862
225 0.0947334 0.0956937
226 0.0964651 0.0974235
227 0.0978161 0.0987688
228 0.0987811 0.0997244
229 0.0993562 0.100286
230 0.0995393 0.100453
231 0.0993294 0.100222
232 0.0987276 0.0995965
233 0.0977361 0.0985776
234 0.096359 0.0971697
235 0.0946015 0.0953784
236 0.0924707 0.0932106
237 0.0899749 0.0906749
238 0.0871241 0.0877814
239 0.0839294 0.0845415
240 0.0804035 0.0809679
241 0.0765602 0.0770748
242 0.0724149 0.0728775
243 0.0679837 0.0683925
244 0.0632842 0.0636377
245 0.058335 0.0586317
246 0.0531555 0.0533944
247 0.0477663 0.0479463
248 0.0421886 0.0423089
249 0.0364444 0.0365046
250 0.0305563 0.0305563
251 0.0245476 0.0244873
252 0.0184421 0.0183217
253 0.0122638 0.0120838
254 0.00603706 0.00579825
255 -0.000213482 -0.000510222
256 -0.00646318 -0.00681668
257 -0.0126874 -0.0130962
258 -0.0188615 -0.0193241
259 -0.0249612 -0.0254757
260 -0.0309624 -0.0315268
261 -0.0368413 -0.0374534
262 -0.0425749 -0.0432323
263 -0.0481405 -0.0488405
264 -0.053516 -0.0542559
265 -0.0586804 -0.0594573
266 -0.0636132 -0.064424
267 -0.0682949 -0.0691364
268 -0.0727071 -0.073576
269 -0.0768324 -0.0777252
270 -0.0806544 -0.0815677
271 -0.0841582 -0.0850883
272 -0.0873298 -0.088273
273 -0.0901567 -0.0911094
274 -0.0926278 -0.0935862
275 -0.0947334 -0.0956937
276 -0.0964651 -0.0974235
277 -0.0978161 -0.0987688
278 -0.0987811 -0.0997244
279 -0.0993562 -0.100286
280 -0.0995393 -0.100453
281 -0.0993294 -0.100222
282 -0.0987276 -0.0995965
283 -0.0977361 -0.0985776
284 -0.096359 -0.0971697
285 -0.0946015 -0.0953784
286 -0.0924707 -0.0932106
287 -0.0899749 -0.0906749
288 -0.0871241 -0.0877814
289 -0.0839294 -0.0845415
290 -0.0804035 -0.0809679
291 -0.0765602 -0.0770748
292 -0.0724149 -0.0728775
293 -0.0679837 -0.0683925
294 -0.0632842 -0.0636377
295 -0.058335 -0.0586317
296 -0.0531555 -0.0533944
297 -0.0477663 -0.0479463
298 -0.0421886 -0.0423089
299 -0.0364444 -0.0365046
300 -0.0305563 -0.0305563
301 -0.0245476 -0.0244873
302 -0.0184421 -0.0183217
303 -0.0122638 -0.0120838
304 -0.00603706 -0.00579825
305 0.000213482 0.000510222
306 0.00646318 0.00681668
307 0.0126874 0.0130962
308 0.0188615 0.0193241
309 0.0249612 0.0254757
310 0.0309624 0.0315268
311 0.0368413 0.0374534
312 0.0425749 0.0432323
313 0.0481405 0.0488405
314 0.053516 0.0542559
315 0.0586804 0.0594573
316 0.0636132 0.064424
317 0.0682949 0.0691364
318 0.0727071 0.073576
319 0.0768324 0.0777252
320 0.0806544 0.0815677
321 0.0841582 0.0850883
322 0.0873298 0.088273
323 0.0901567 0.0911094
324 0.0926278 0.0935862
325 0.0947334 0.0956937
326 0.0964651 0.0974235
327 0.0978161 0.0987688
328 0.0987811 0.0997244
329 0.0993562 0.100286
330 0.0995393 0.100453
331 0.0993294 0.100222
332 0.0987276 0.0995965
333 0.0977361 0.0985776
334 0.096359 0.0971697
335 0.0946015 0.0953784
336 0.0924707 0.0932106
337 0.0899749 0.0906749
338 0.0871241 0.0877814
339 0.0839294 0.0845415
340 0.0804035 0.0809679
341 0.0765602 0.0770748
342 0.0724149 0.0728775
343 0.0679837 0.0683925
344 0.0632842 0.0636377
345 0.058335 0.0586317
346 0.0531555 0.0533944
347 0.0477663 0.0479463
348 0.0421886 0.0423089
349 0.0364444 0.0365046
350 0.0305563 0.0305563
351 0.0245476 0.0244873
352 0.0184421 0.0183217
353 0.0122638 0.0120838
354 0.00603706 0.00579825
355 -0.000213482 -0.000510222
356 -0.00646318 -0.00681668
357 -0.0126874 -0.0130962
358 -0.0188615 -0.0193241
359 -0.0249612 -0.0254757
360 -0.0309624 -0.0315268
361 -0.0368413 -0.0374534
362 -0.0425749 -0.0432323
363 -0.0481405 -0.0488405
364 -0.053516 -0.0542559
365 -0.0586804 -0.0594573
366 -0.0636132 -0.064424
367 -0.0682949 -0.0691364
368 -0.0727071 -0.073576
369 -0.0768324 -0.0777252
370 -0.0806544 -0.0815677
371 -0.0841582 -0.0850883
372 -0.0873298 -0.088273
373 -0.0901567 -0.0911094
374 -0.0926278 -0.0935862
375 -0.0947334 -0.0956937
376 -0.0964651 -0.0974235
377 -0.0978161 -0.0987688
378 -0.0987811 -0.0997244
379 -0.0993562 -0.100286
380 -0.0995393 -0.100453
381 -0.0993294 -0.100222
382 -0.0987276 -0.0995965
383 -0.0977361 -0.0985776
384 -0.096359 -0.0971697
385 -0.0946015 -0.0953784
386 -0.0924707 -0.0932106
387 -0.0899749 -0.0906749
388 -0.0871241 -0.0877814
389 -0.0839294 -0.0845415
390 -0.0804035 -0.0809679
391 -0.0765602 -0.0770748
392 -0.0724149 -0.0728775
393 -0.0679837 -0.0683925
394 -0.0632842 -0.0636377
395 -0.058335 -0.0586317
396 -0.0531555 -0.0533944
397 -0.0477663 -0.0479463
398 -0.0421886 -0.0423089
399 -0.0364444 -0.0365046
400 -0.0305563 -0.0305563
401 -0.0245476 -0.0244873
402 -0.0184421 -0.0183217
403 -0.0122638 -0.0120838
404 -0.00603706 -0.00579825
405 0.000213482 0.000510222
406 0.00646318 0.00681668
407 0.0126874 0.0130962
408 0.0188615 0.0193241
409 0.0249612 0.0254757
410 0.0309624 0.0315268
411 0.0368413 0.0374534
412 0.0425749 0.0432323
413 0.0481405 0.0488405
414 0.053516 0.0542559
415 0.0586804 0.0594573
416 0.0636132 0.064424
417 0.0682949 0.0691364
418 0.0727071 0.073576
419 0.0768324 0.0777252
420 0.0806544 0.0815677
421 0.0841582 0.0850883
422 0.0873298 0.088273
423 0.0901567 0.0911094
424 0.0926278 0.0935862
425 0.0947334 0.0956937
426 0.0964651 0.0974235
427 0.0978161 0.0987688
428 0.0987811 0.0997244
429 0.0993562 0.100286
430 0.0995393 0.100453
431 0.0993294 0.100222
432 0.0987276 0.0995965
433 0.0977361 0.0985776
434 0.096359 0.0971697
435 0.0946015 0.0953784
436 0.0924707 0.0932106
437 0.0899749 0.0906749
438 0.0871241 0.0877814
439 0.0839294 0.0845415
440 0.0804035 0.0809679
441 0.0765602 0.0770748
442 0.0724149 0.0728775
443 0.0679837 0.0683925
444 0.0632842 0.0636377
445 0.058335 0.0586317
446 0.0531555 0.0533944
447 0.0477663 0.0479463
448 0.0421886 0.0423089
449 0.0364444 0.0365046
450 0.0305563 0.0305563
451 0.0245476 0.0244873
452 0.0184421 0.0183217
453 0.0122638 0.0120838
454 0.00603706 0.00579825
455 -0.000213482 -0.000510222
456 -0.00646318 -0.00681668
457 -0.0126874 -0.0130962
458 -0.0188615 -0.0193241
459 -0.0249612 -0.0254757
460 -0.0309624 -0.0315268
461 -0.0368413 -0.0374534
462 -0.0425749 -0.0432323
463 -0.0481405 -0.0488405
464 -0.053516 -0.0542559
465 -0.0586804 -0.0594573
466 -0.0636132 -0.064424
467 -0.0682949 -0.0691364
468 -0.0727071 -0.073576
469 -0.0768324 -0.0777252
470 -0.0806544 -0.0815677
471 -0.0841582 -0.0850883
472 -0.0873298 -0.088273
473 -0.0901567 -0.0911094
474 -0.0926278 -0.0935862
475 -0.0947334 -0.0956937
476 -0.0964651 -0.0974235
477 -0.0978161 -0.0987688
478 -0.0987811 -0.0997244
479 -0.0993562 -0.100286
480 -0.0995393 -0.100453
481 -0.0993294 -0.100222
482 -0.0987276 -0.0995965
483 -0.0977361 -0.0985776
484 -0.096359 -0.0971697
485 -0.0946015 -0.0953784
486 -0.0924707 -0.0932106
487 -0.0899749 -0.0906749
488 -0.0871241 -0.0877814
489 -0.0839294 -0.0845415
490 -0.0804035 -0.0809679
491 -0.0765602 -0.0770748
492 -0.0724149 -0.0728775
493 -0.0679837 -0.0683925
494 -0.0632842 -0.0636377
495 -0.058335 -0.0586317
496 -0.0531555 -0.0533944
497 -0.0477663 -0.0479463
498 -0.0421886 -0.0423089
499 -0.0364444 -0.0365046
500 -0.0305563 -0.0305563
501 -0.0245476 -0.0244873
502 -0.0184421 -0.0183217
503 -0.0122638 -0.0120838
504 -0.00603706 -0.00579825
505 0.000213482 0.000510222
506 0.00646318 0.00681668
507 0.0126874 0.0130962
508 0.0188615 0.0193241
509 0.0249612 0.0254757
510 0.0309624 0.0315268
511 0.0368413 0.0374534
512 0.0425749 0.0432323
513 0.0481405 0.0488405
514 0.053516 0.0542559
515 0.0586804 0.0594573
516 0.0636132 0.064424
517 0.0682949 0.0691364
518 0.0727071 0.073576
519 0.0768324 0.0777252
520 0.0806544 0.0815677
521 0.0841582 0.0850883
522 0.0873298 0.088273
523 0.0901567 0.0911094
524 0.0926278 0.0935862
525 0.0947334 0.0956937
526 0.0964651 0.0974235
527 0.0978161 0.0987688
528 0.0987811 0.0997244
529 0.0993562 0.100286
530 0.0995393 0.100453
531 0.0993294 0.100222
532 0.0987276 0.0995965
533 0.0977361 0.0985776
534 0.096359 0.0971697
535 0.0946015 0.0953784
536 0.0924707 0.0932106
537 0.0899749 0.0906749
538 0.0871241 0.0877814
539 0.0839294 0.0845415
540 0.0804035 0.0809679
541 0.0765602 0.0770748
542 0.0724149 0.0728775
543 0.0679837 0.0683925
544 0.0632842 0.0636377
545 0.058335 0.0586317
546 0.0531555 0.0533944
547 0.0477663 0.0479463
548 0.0421886 0.0423089
549 0.0364444 0.0365046
550 0.0305563 0.0305563
551 0.0245476 0.0244873
552 0.0184421 0.0183217
553 0.0122638 0.0120838
554 0.00603706 0.00579825
555 -0.000213482 -0.000510222
556 -0.00646318 -0.00681668
557 -0.0126874 -0.0130962
558 -0.0188615 -0.0193241
559 -0.0249612 -0.0254757
560 -0.0309624 -0.0315268
561 -0.0368413 -0.0374534
562 -0.0425749 -0.0432323
563 -0.0481405 -0.0488405
564 -0.053516 -0.0542559
565 -0.0586804 -0.0594573
566 -0.0636132 -0.064424
567 -0.0682949 -0.0691364
568 -0.0727071 -0.073576
569 -0.0768324 -0.0777252
570 -0.0806544 -0.0815677
571 -0.0841582 -0.0850883
572 -0.0873298 -0.088273
573 -0.0901567 -0.0911094
574 -0.0926278 -0.0935862
575 -0.0947334 -0.0956937
576 -0.0964651 -0.0974235
577 -0.0978161 -0.0987688
578 -0.0987811 -0.0997244
579 -0.0993562 -0.100286
580 -0.0995393 -0.100453
581 -0.0993294 -0.100222
582 -0.0987276 -0.0995965
583 -0.0977361 -0.0985776
584 -0.096359 -0.0971697
585 -0.0946015 -0.0953784
586 -0.0924707 -0.0932106
587 -0.0899749 -0.0906749
588 -0.0871241 -0.0877814
589 -0.0839294 -0.0845415
590 -0.0804035 -0.0809679
591 -0.0765602 -0.0770748
592 -0.0724149 -0.0728775
593 -0.0679837 -0.0683925
594 -0.0632842 -0.0636377
595 -0.058335 -0.0586317
596 -0.0531555 -0.0533944
597 -0.0477663 -0.0479463
598 -0.0421886 -0.0423089
599 -0.0364444 -0.0365046
600 -0.0305563 -0.0305563
601 -0.0245476 -0.0244873
602 -0.0184421 -0.0183217
603 -0.0122638 -0.0120838
604 -0.00603706 -0.00579825
605 0.000213482 0.000510222
606 0.00646318 0.00681668
607 0.0126874 0.0130962
608 0.0188615 0.0193241
609 0.0249612 0.0254757
610 0.0309624 0.0315268
611 0.0368413 0.0374534
612 0.0425749 0.0432323
613 0.0481405 0.0488405
614 0.053516 0.0542559
615 0.0586804 0.0594573
616 0.0636132 0.064424
617 0.0682949 0.0691364
618 0.0727071 0.073576
619 0.0768324 0.0777252
620 0.0806544 0.0815677
621 0.0841582 0.0850883
622 0.0873298 0.088273
623 0.0901567 0.0911094
624 0.0926278 0.0935862
625 0.0947334 0.0956937
626 0.0964651 0.0974235
627 0.0978161 0.0987688
628 0.0987811 0.0997244
629 0.0993562 0.100286
630 0.0995393 0.100453
631 0.0993294 0.100222
632 0.0987276 0.0995965
633 0.0977361 0.0985776
634 0.096359 0.0971697
635 0.0946015 0.0953784
636 0.0924707 0.0932106
637 0.0899749 0.0906749
638 0.0871241 0.0877814
639 0.0839294 0.0845415
640 0.0804035 0.0809679
641 0.0765602 0.0770748
642 0.0724149 0.0728775
643 0.0679837 0.0683925
644 0.0632842 0.0636377
645 0.058335 0.0586317
646 0.0531555 0.0533944
647 0.0477663 0.0479463
648 0.0421886 0.0423089
649 0.0364444 0.0365046
650 0.0305563 0.0305563
651 0.0245476 0.0244873
652 0.0184421 0.0183217
653 0.0122638 0.0120838
654 0.00603706 0.00579825
655 -0.000213482 -0.000510222
656 -0.00646318 -0.00681668
657 -0.0126874 -0.0130962
658 -0.0188615 -0.0193241
659 -0.0249612 -0.0254757
660 -0.0309624 -0.0315268
661 -0.0368413 -0.0374534
662 -0.0425749 -0.0432323
663 -0.0481405 -0.0488405
664 -0.053516 -0.0542559
665 -0.0586804 -0.0594573
666 -0.0636132 -0.064424
667 -0.0682949 -0.0691364
668 -0.0727071 -0.073576
669 -0.0768324 -0.0777252
670 -0.0806544 -0.0815677
671 -0.0841582 -0.0850883
672 -0.0873298 -0.088273
673 -0.0901567 -0.0911094
674 -0.0926278 -0.0935862
675 -0.0947334 -0.0956937
676 -0.0964651 -0.0974235
677 -0.0978161 -0.0987688
678 -0.0987811 -0.0997244
679 -0.0993562 -0.100286
680 -0.0995393 -0.100453
681 -0.0993294 -0.100222
682 -0.0987276 -0.0995965
683 -0.0977361 -0.0985776
684 -0.096359 -0.0971697
685 -0.0946015 -0.0953784
686 -0.0924707 -0.0932106
687 -0.0899749 -0.0906749
688 -0.0871241 -0.0877814
689 -0.0839294 -0.0845415
690 -0.0804035 -0.0809679
691 -0.0765602 -0.0770748
692 -0.0724149 -0.0728775
693 -0.0679837 -0.0683925
694 -0.0632842 -0.0636377
695 -0.058335 -0.0586317
696 -0.0531555 -0.0533944
697 -0.0477663 -0.0479463
698 -0.0421886 -0.0423089
699 -0.0364444 -0.0365046
700 -0.0305563 -0.0305563
701 -0.0245476 -0.0244873
702 -0.0184421 -0.0183217
703 -0.0122638 -0.0120838
704 -0.00603706 -0.00579825
705 0.000213482 0.000510222
706 0.00646318 0.00681668
707 0.0126874 0.0130962
708 0.0188615 0.0193241
709 0.0249612 0.0254757
710 0.0309624 0.0315268
711 0.0368413 0.0374534
712 0.0425749 0.0432323
713 0.0481405 0.0488405
714 0.053516 0.0542559
715 0.0586804 0.0594573
716 0.0636132 0.064424
717 0.0682949 0.0691364
718 0.0727071 0.073576
719 0.0768324 0.0777252
720 0.0806544 0.0815677
721 0.0841582 0.0850883
722 0.0873298 0.088273
723 0.0901567 0.0911094
724 0.0926278 0.0935862
725 0.0947334 0.0956937
726 0.0964651 0.0974235
727 0.0978161 0.0987688
728 0.0987811 0.0997244
729 0.0993562 0.100286
730 0.0995393 0.100453
731 0.0993294 0.100222
732 0.0987276 0.0995965
733 0.0977361 0.0985776
734 0.096359 0.0971697
735 0.0946015 0.0953784
736 0.0924707 0.0932106
737 0.0899749 0.0906749
738 0.0871241 0.0877814
739 0.0839294 0.0845415
740 0.0804035 0.0809679
741 0.0765602 0.0770748
742 0.0724149 0.0728775
743 0.0679837 0.0683925
744 0.0632842 0.0636377
745 0.058335 0.0586317
746 0.0531555 0.0533944
747 0.0477663 0.0479463
748 0.0421886 0.0423089
749 0.0364444 0.0365046
750 0.0305563 0.0305563
751 0.0245476 0.0244873
752 0.0184421 0.0183217
753 0.0122638 0.0120838
754 0.00603706 0.00579825
755 -0.000213482 -0.000510222
756 -0.00646318 -0.00681668
757 -0.0126874 -0.0130962
758 -0.0188615 -0.0193241
759 -0.0249612 -0.0254757
760 -0.0309624 -0.0315268
761 -0.0368413 -0.0374534
762 -0.0425749 -0.0432323
763 -0.0481405 -0.0488405
764 -0.053516 -0.0542559
765 -0.0586804 -0.0594573
766 -0.0636132 -0.064424
767 -0.0682949 -0.0691364
768 -0.0727071 -0.073576
769 -0.0768324 -0.0777252
770 -0.0806544 -0.0815677
771 -0.0841582 -0.0850883
772 -0.0873298 -0.088273
773 -0.0901567 -0.0911094
774 -0.0926278 -0.0935862
775 -0.0947334 -0.0956937
776 -0.0964651 -0.0974235
777 -0.0978161 -0.0987688
778 -0.0987811 -0.0997244
779 -0.0993562 -0.100286
780 -0.0995393 -0.100453
781 -0.0993294 -0.100222
782 -0.0987276 -0.0995965
783 -0.0977361 -0.0985776
784 -0.096359 -0.0971697
785 -0.0946015 -0.0953784
786 -0.0924707 -0.0932106
787 -0.0899749 -0.0906749
788 -0.0871241 -0.0877814
789 -0.0839294 -0.0845415
790 -0.0804035 -0.0809679
791 -0.0765602 -0.0770748
792 -0.0724149 -0.0728775
793 -0.0679837 -0.0683925
794 -0.0632842 -0.0636377
795 -0.058335 -0.0586317
796 -0.0531555 -0.0533944
797 -0.0477663 -0.0479463
798 -0.0421886 -0.0423089
799 -0.0364444 -0.0365046
800 -0.0305563 -0.0305563
801 -0.0245476 -0.0244873
802 -0.0184421 -0.0183217
803 -0.0122638 -0.0120838
804 -0.00603706 -0.00579825
805 0.000213482 0.000510222
806 0.00646318 0.00681668
807 0.0126874 0.0130962
808 0.0188615 0.0193241
809 0.0249612 0.0254757
810 0.0309624 0.0315268
811 0.0368413 0.0374534
812 0.0425749 0.0432323
813 0.0481405 0.0488405
814 0.053516 0.0542559
815 0.0586804 0.0594573
816 0.0636132 0.064424
817 0.0682949 0.0691364
818 0.0727071 0.073576
819 0.0768324 0.0777252
820 0.0806544 0.0815677
821 0.0841582 0.0850883
822 0.0873298 0.088273
823 0.0901567 0.0911094
824 0.0926278 0.0935862
825 0.0947334 0.0956937
826 0.0964651 0.0974235
827 0.0978161 0.0987688
828 0.0987811 0.0997244
829 0.0993562 0.100286
830 0.0995393 0.100453
831 0.0993294 0.100222
832 0.0987276 0.0995965
833 0.0977361 0.0985776
834 0.096359 0.0971697
835 0.0946015 0.0953784
836 0.0924707 0.0932106
837 0.0899749 0.0906749
838 0.0871241 0.0877814
839 0.0839294 0.0845415
840 0.0804035 0.0809679
841 0.0765602 0.0770748
842 0.0724149 0.0728775
843 0.0679837 0.0683925
844 0.0632842 0.0636377
845 0.058335 0.0586317
846 0.0531555 0.0533944
847 0.0477663 0.0479463
848 0.0421886 0.0423089
849 0.0364444 0.0365046
850 0.0305563 0.0305563
851 0.0245476 0.0244873
852 0.0184421 0.0183217
853 0.0122638 0.0120838
854 0.00603706 0.00579825
855 -0.000213482 -0.000510222
856 -0.00646318 -0.00681668
857 -0.0126874 -0.0130962
858 -0.0188615 -0.0193241
859 -0.0249612 -0.0254757
860 -0.0309624 -0.0315268
861 -0.0368413 -0.0374534
862 -0.0425749 -0.0432323
863 -0.0481405 -0.0488405
864 -0.053516 -0.0542559
865 -0.0586804 -0.0594573
866 -0.0636132 -0.064424
867 -0.0682949 -0.0691364
868 -0.0727071 -0.073576
869 -0.0768324 -0.0777252
870 -0.0806544 -0.0815677
871 -0.0841582 -0.0850883
872 -0.0873298 -0.088273
873 -0.0901567 -0.0911094
874 -0.0926278 -0.0935862
875 -0.0947334 -0.0956937
876 -0.0964651 -0.0974235
877 -0.0978161 -0.0987688
878 -0.0987811 -0.0997244
879 -0.0993562 -0.100286
880 -0.0995393 -0.100453
881 -0.0993294 -0.100222
882 -0.0987276 -0.0995965
883 -0.0977361 -0.0985776
884 -0.096359 -0.0971697
885 -0.0946015 -0.0953784
886 -0.0924707 -0.0932106
887 -0.0899749 -0.0906749
888 -0.0871241 -0.0877814
889 -0.0839294 -0.0845415
890 -0.0804035 -0.0809679
891 -0.0765602 -0.0770748
892 -0.0724149 -0.0728775
893 -0.0679837 -0.0683925
894 -0.0632842 -0.0636377
895 -0.058335 -0.0586317
896 -0.0531555 -0.0533944
897 -0.0477663 -0.0479463
898 -0.0421886 -0.0423089
899 -0.0364444 -0.0365046
900 -0.0305563 -0.0305563
901 -0.0245476 -0.0244873
902 -0.0184421 -0.0183217
903 -0.0122638 -0.0120838
904 -0.00603706 -0.00579825
905 0.000213482 0.000510222
906 0.00646318 0.00681668
907 0.0126874 0.0130962
908 0.0188615 0.0193241
909 0.0249612 0.0254757
910 0.0309624 0.0315268
911 0.0368413 0.0374534
912 0.0425749 0.0432323
913 0.0481405 0.0488405
914 0.053516 0.0542559
915 0.0586804 0.0594573
916 0.0636132 0.064424
917 0.0682949 0.0691364
918 0.0727071 0.073576
919 0.0768324 0.0777252
920 0.0806544 0.0815677
921 0.0841582 0.0850883
922 0.0873298 0.088273
923 0.0901567 0.0911094
924 0.0926278 0.0935862
925 0.0947334 0.0956937
926 0.0964651 0.0974235
927 0.0978161 0.0987688
928 0.0987811 0.0997244
929 0.0993562 0.100286
930 0.0995393 0.100453
931 0.0993294 0.100222
932 0.0987276 0.0995965
933 0.0977361 0.0985776
934 0.096359 0.0971697
935 0.0946015 0.0953784
936 0.0924707 0.0932106
937 0.0899749 0.0906749
938 0.0871241 0.0877814
939 0.0839294 0.0845415
940 0.0804035 0.0809679
941 0.0765602 0.0770748
942 0.0724149 0.0728775
943 0.0679837 0.0683925
944 0.0632842 0.0636377
945 0.058335 0.0586317
946 0.0531555 0.0533944
947 0.0477663 0.0479463
948 0.0421886 0.0423089
949 0.0364444 0.0365046
950 0.0305563 0.0305563
951 0.0245476 0.0244873
952 0.0184421 0.0183217
953 0.0122638 0.0120838
954 0.00603706 0.00579825
955 -0.000213482 -0.000510222
956 -0.00646318 -0.00681668
957 -0.0126874 -0.0130962
958 -0.0188615 -0.0193241
959 -0.0249612 -0.0254757
960 -0.0309624 -0.0315268
961 -0.0368413 -0.0374534
962 -0.0425749 -0.0432323
963 -0.0481405 -0.0488405
964 -0.053516 -0.0542559
965 -0.0586804 -0.0594573
966 -0.0636132 -0.064424
967 -0.0682949 -0.0691364
968 -0.0727071 -0.073576
969 -0.0768324 -0.0777252
970 -0.0806544 -0.0815677
971 -0.0841582 -0.0850883
972 -0.0873298 -0.088273
973 -0.0901567 -0.0911094
974 -0.0926278 -0.0935862
975 -0.0947334 -0.0956937
976 -0.0964651 -0.0974235
977 -0.0978161 -0.0987688
978 -0.0987811 -0.0997244
979 -0.0993562 -0.100286
980 -0.0995393 -0.100453
981 -0.0993294 -0.100222
982 -0.0987276 -0.0995965
983 -0.0977361 -0.0985776
984 -0.096359 -0.0971697
985 -0.0946015 -0.0953784
986 -0.0924707 -0.0932106
987 -0.0899749 -0.0906749
988 -0.0871241 -0.0877814
989 -0.0839294 -0.0845415
990 -0.0804035 -0.0809679
991 -0.0765602 -0.0770748
992 -0.0724149 -0.0728775
993 -0.0679837 -0.0683925
994 -0.0632842 -0.0636377
995 -0.058335 -0.0586317
996 -0.0531555 -0.0533944
997 -0.0477663 -0.0479463
998 -0.0421886 -0.0423089
999 -0.0364444 -0.0365046
