0 -0.0905619 -0.0905619
1 -0.0878141 -0.0876354
2 -0.0847198 -0.0843631
3 -0.0812912 -0.0807579
4 -0.0775417 -0.0768339
5 -0.0734862 -0.0726067
6 -0.0691407 -0.068093
7 -0.0645223 -0.0633105
8 -0.0596493 -0.0582782
9 -0.0545408 -0.0530159
10 -0.0492172 -0.0475443
11 -0.0436992 -0.0418851
12 -0.0380089 -0.0360606
13 -0.0321685 -0.0300938
14 -0.0262011 -0.0240082
15 -0.0201304 -0.0178279
16 -0.0139802 -0.0115772
17 -0.00777484 -0.00528085
18 -0.0015388 0.00103636
19 0.00470332 0.00734948
20 0.0109269 0.0136336
21 0.0171073 0.0198639
22 0.0232202 0.0260158
23 0.0292415 0.0320651
24 0.0351474 0.0379878
25 0.0409145 0.0437606
26 0.0465202 0.0493606
27 0.0519423 0.0547659
28 0.0571594 0.059955
29 0.062151 0.0649076
30 0.0668972 0.0696039
31 0.0713794 0.0740256
32 0.07558 0.0781551
33 0.0794822 0.0819762
34 0.0830708 0.0854738
35 0.0863315 0.088634
36 0.0892515 0.0914444
37 0.0918193 0.093894
38 0.0940247 0.0959729
39 0.095859 0.0976732
40 0.0973151 0.0989879
41 0.098387 0.099912
42 0.0990707 0.100442
43 0.0993634 0.100575
44 0.099264 0.100312
45 0.0987728 0.0996522
46 0.0978918 0.0985995
47 0.0966244 0.0971577
48 0.0949757 0.0953324
49 0.0929522 0.0931309
50 0.0905619 0.0905619
51 0.0878141 0.0876354
52 0.0847198 0.0843631
53 0.0812912 0.0807579
54 0.0775417 0.0768339
55 0.0734862 0.0726067
56 0.0691407 0.068093
57 0.0645223 0.0633105
58 0.0596493 0.0582782
59 0.0545408 0.0530159
60 0.0492172 0.0475443
61 0.0436992 0.0418851
62 0.0380089 0.0360606
63 0.0321685 0.0300938
64 0.0262011 0.0240082
65 0.0201304 0.0178279
66 0.0139802 0.0115772
67 0.00777484 0.00528085
68 0.0015388 -0.00103636
69 -0.00470332 -0.00734948
70 -0.0109269 -0.0136336
71 -0.0171073 -0.0198639
72 -0.0232202 -0.0260158
73 -0.0292415 -0.0320651
74 -0.0351474 -0.0379878
75 -0.0409145 -0.0437606
76 -0.0465202 -0.0493606
77 -0.0519423 -0.0547659
78 -0.0571594 -0.059955
79 -0.062151 -0.0649076
80 -0.0668972 -0.0696039
81 -0.0713794 -0.0740256
82 -0.07558 -0.0781551
83 -0.0794822 -0.0819762
84 -0.0830708 -0.0854738
85 -0.0863315 -0.088634
86 -0.0892515 -0.0914444
87 -0.0918193 -0.093894
88 -0.0940247 -0.0959729
89 -0.095859 -0.0976732
90 -0.0973151 -0.0989879
91 -0.098387 -0.099912
92 -0.0990707 -0.100442
93 -0.0993634 -0.100575
94 -0.099264 -0.100312
95 -0.0987728 -0.0996522
96 -0.0978918 -0.0985995
97 -0.0966244 -0.0971577
98 -0.0949757 -0.0953324
99 -0.0929522 -0.0931309
100 -0.0905619 -0.0905619
101 -0.0878141 -0.0876354
102 -0.0847198 -0.0843631
103 -0.0812912 -0.0807579
104 -0.0775417 -0.0768339
105 -0.0734862 -0.0726067
106 -0.0691407 -0.068093
107 -0.0645223 -0.0633105
108 -0.0596493 -0.0582782
109 -0.0545408 -0.0530159
110 -0.0492172 -0.0475443
111 -0.0436992 -0.0418851
112 -0.0380089 -0.0360606
113 -0.0321685 -0.0300938
114 -0.0262011 -0.0240082
115 -0.0201304 -0.0178279
116 -0.0139802 -0.0115772
117 -0.00777484 -0.00528085
118 -0.0015388 0.00103636
119 0.00470332 0.00734948
120 0.0109269 0.0136336
121 0.0171073 0.0198639
122 0.0232202 0.0260158
123 0.0292415 0.0320651
124 0.0351474 0.0379878
125 0.0409145 0.0437606
126 0.0465202 0.0493606
127 0.0519423 0.0547659
128 0.0571594 0.059955
129 0.062151 0.0649076
130 0.0668972 0.0696039
131 0.0713794 0.0740256
132 0.07558 0.0781551
133 0.0794822 0.0819762
134 0.0830708 0.0854738
135 0.0863315 0.088634
136 0.0892515 0.0914444
137 0.0918193 0.093894
138 0.0940247 0.0959729
139 0.095859 0.0976732
140 0.0973151 0.0989879
141 0.098387 0.099912
142 0.0990707 0.100442
143 0.0993634 0.100575
144 0.099264 0.100312
145 0.0987728 0.0996522
146 0.0978918 0.0985995
147 0.0966244 0.0971577
148 0.0949757 0.0953324
149 0.0929522 0.0931309
150 0.0905619 0.0905619
151 0.0878141 0.0876354
152 0.0847198 0.0843631
153 0.0812912 0.0807579
154 0.0775417 0.0768339
155 0.0734862 0.0726067
156 0.0691407 0.068093
157 0.0645223 0.0633105
158 0.0596493 0.0582782
159 0.0545408 0.0530159
160 0.0492172 0.0475443
161 0.0436992 0.0418851
162 0.0380089 0.0360606
163 0.0321685 0.0300938
164 0.0262011 0.0240082
165 0.0201304 0.0178279
166 0.0139802 0.0115772
167 0.00777484 0.00528085
168 0.0015388 -0.00103636
169 -0.00470332 -0.00734948
170 -0.0109269 -0.0136336
171 -0.0171073 -0.0198639
172 -0.0232202 -0.0260158
173 -0.0292415 -0.0320651
174 -0.0351474 -0.0379878
175 -0.0409145 -0.0437606
176 -0.0465202 -0.0493606
177 -0.0519423 -0.0547659
178 -0.0571594 -0.059955
179 -0.062151 -0.0649076
180 -0.0668972 -0.0696039
181 -0.0713794 -0.0740256
182 -0.07558 -0.0781551
183 -0.0794822 -0.0819762
184 -0.0830708 -0.0854738
185 -0.0863315 -0.088634
186 -0.0892515 -0.0914444
187 -0.0918193 -0.093894
188 -0.0940247 -0.0959729
189 -0.095859 -0.0976732
190 -0.0973151 -0.0989879
191 -0.098387 -0.099912
192 -0.0990707 -0.100442
193 -0.0993634 -0.100575
194 -0.099264 -0.100312
195 -0.0987728 -0.0996522
196 -0.0978918 -0.0985995
197 -0.0966244 -0.0971577
198 -0.0949757 -0.0953324
199 -0.0929522 -0.0931309
200 -0.0905619 -0.0905619
201 -0.0878141 -0.0876354
202 -0.0847198 -0.0843631
203 -0.0812912 -0.0807579
204 -0.0775417 -0.0768339
205 -0.0734862 -0.0726067
206 -0.0691407 -0.068093
207 -0.0645223 -0.0633105
208 -0.0596493 -0.0582782
209 -0.0545408 -0.0530159
210 -0.0492172 -0.0475443
211 -0.0436992 -0.0418851
212 -0.0380089 -0.0360606
213 -0.0321685 -0.0300938
214 -0.0262011 -0.0240082
215 -0.0201304 -0.0178279
216 -0.0139802 -0.0115772
217 -0.00777484 -0.00528085
218 -0.0015388 0.00103636
219 0.00470332 0.00734948
220 0.0109269 0.0136336
221 0.0171073 0.0198639
222 0.0232202 0.0260158
223 0.0292415 0.0320651
224 0.0351474 0.0379878
225 0.0409145 0.0437606
226 0.0465202 0.0493606
227 0.0519423 0.0547659
228 0.0571594 0.059955
229 0.062151 0.0649076
230 0.0668972 0.0696039
231 0.0713794 0.0740256
232 0.07558 0.0781551
233 0.0794822 0.0819762
234 0.0830708 0.0854738
235 0.0863315 0.088634
236 0.0892515 0.0914444
237 0.0918193 0.093894
238 0.0940247 0.0959729
239 0.095859 0.0976732
240 0.0973151 0.0989879
241 0.098387 0.099912
242 0.0990707 0.100442
243 0.0993634 0.100575
244 0.099264 0.100312
245 0.0987728 0.0996522
246 0.0978918 0.0985995
247 0.0966244 0.0971577
248 0.0949757 0.0953324
249 0.0929522 0.0931309
250 0.0905619 0.0905619
251 0.0878141 0.0876354
252 0.0847198 0.0843631
253 0.0812912 0.0807579
254 0.0775417 0.0768339
255 0.0734862 0.0726067
256 0.0691407 0.068093
257 0.0645223 0.0633105
258 0.0596493 0.0582782
259 0.0545408 0.0530159
260 0.0492172 0.0475443
261 0.0436992 0.0418851
262 0.0380089 0.0360606
263 0.0321685 0.0300938
264 0.0262011 0.0240082
265 0.0201304 0.0178279
266 0.0139802 0.0115772
267 0.00777484 0.00528085
268 0.0015388 -0.00103636
269 -0.00470332 -0.00734948
270 -0.0109269 -0.0136336
271 -0.0171073 -0.0198639
272 -0.0232202 -0.0260158
273 -0.0292415 -0.0320651
274 -0.0351474 -0.0379878
275 -0.0409145 -0.0437606
276 -0.0465202 -0.0493606
277 -0.0519423 -0.0547659
278 -0.0571594 -0.059955
279 -0.062151 -0.0649076
280 -0.0668972 -0.0696039
281 -0.0713794 -0.0740256
282 -0.07558 -0.0781551
283 -0.0794822 -0.0819762
284 -0.0830708 -0.0854738
285 -0.0863315 -0.088634
286 -0.0892515 -0.0914444
287 -0.0918193 -0.093894
288 -0.0940247 -0.0959729
289 -0.095859 -0.0976732
290 -0.0973151 -0.0989879
291 -0.098387 -0.099912
292 -0.0990707 -0.100442
293 -0.0993634 -0.100575
294 -0.099264 -0.100312
295 -0.0987728 -0.0996522
296 -0.0978918 -0.0985995
297 -0.0966244 -0.0971577
298 -0.0949757 -0.0953324
299 -0.0929522 -0.0931309
300 -0.0905619 -0.0905619
301 -0.0878141 -0.0876354
302 -0.0847198 -0.0843631
303 -0.0812912 -0.0807579
304 -0.0775417 -0.0768339
305 -0.0734862 -0.0726067
306 -0.0691407 -0.068093
307 -0.0645223 -0.0633105
308 -0.0596493 -0.0582782
309 -0.0545408 -0.0530159
310 -0.0492172 -0.0475443
311 -0.0436992 -0.0418851
312 -0.0380089 -0.0360606
313 -0.0321685 -0.0300938
314 -0.0262011 -0.0240082
315 -0.0201304 -0.0178279
316 -0.0139802 -0.0115772
317 -0.00777484 -0.00528085
318 -0.0015388 0.00103636
319 0.00470332 0.00734948
320 0.0109269 0.0136336
321 0.0171073 0.0198639
322 0.0232202 0.0260158
323 0.0292415 0.0320651
324 0.0351474 0.0379878
325 0.0409145 0.0437606
326 0.0465202 0.0493606
327 0.0519423 0.0547659
328 0.0571594 0.059955
329 0.062151 0.0649076
330 0.0668972 0.0696039
331 0.0713794 0.0740256
332 0.07558 0.0781551
333 0.0794822 0.0819762
334 0.0830708 0.0854738
335 0.0863315 0.088634
336 0.0892515 0.0914444
337 0.0918193 0.093894
338 0.0940247 0.0959729
339 0.095859 0.0976732
340 0.0973151 0.0989879
341 0.098387 0.099912
342 0.0990707 0.100442
343 0.0993634 0.100575
344 0.099264 0.100312
345 0.0987728 0.0996522
346 0.0978918 0.0985995
347 0.0966244 0.0971577
348 0.0949757 0.0953324
349 0.0929522 0.0931309
350 0.0905619 0.0905619
351 0.0878141 0.0876354
352 0.0847198 0.0843631
353 0.0812912 0.0807579
354 0.0775417 0.0768339
355 0.0734862 0.0726067
356 0.0691407 0.068093
357 0.0645223 0.0633105
358 0.0596493 0.0582782
359 0.0545408 0.0530159
360 0.0492172 0.0475443
361 0.0436992 0.0418851
362 0.0380089 0.0360606
363 0.0321685 0.0300938
364 0.0262011 0.0240082
365 0.0201304 0.0178279
366 0.0139802 0.0115772
367 0.00777484 0.00528085
368 0.0015388 -0.00103636
369 -0.00470332 -0.00734948
370 -0.0109269 -0.0136336
371 -0.0171073 -0.0198639
372 -0.0232202 -0.0260158
373 -0.0292415 -0.0320651
374 -0.0351474 -0.0379878
375 -0.0409145 -0.0437606
376 -0.0465202 -0.0493606
377 -0.0519423 -0.0547659
378 -0.0571594 -0.059955
379 -0.062151 -0.0649076
380 -0.0668972 -0.0696039
381 -0.0713794 -0.0740256
382 -0.07558 -0.0781551
383 -0.0794822 -0.0819762
384 -0.0830708 -0.0854738
385 -0.0863315 -0.088634
386 -0.0892515 -0.0914444
387 -0.0918193 -0.093894
388 -0.0940247 -0.0959729
389 -0.095859 -0.0976732
390 -0.0973151 -0.0989879
391 -0.098387 -0.099912
392 -0.0990707 -0.100442
393 -0.0993634 -0.100575
394 -0.099264 -0.100312
395 -0.0987728 -0.0996522
396 -0.0978918 -0.0985995
397 -0.0966244 -0.0971577
398 -0.0949757 -0.0953324
399 -0.0929522 -0.0931309
400 -0.0905619 -0.0905619
401 -0.0878141 -0.0876354
402 -0.0847198 -0.0843631
403 -0.0812912 -0.0807579
404 -0.0775417 -0.0768339
405 -0.0734862 -0.0726067
406 -0.0691407 -0.068093
407 -0.0645223 -0.0633105
408 -0.0596493 -0.0582782
409 -0.0545408 -0.0530159
410 -0.0492172 -0.0475443
411 -0.0436992 -0.0418851
412 -0.0380089 -0.0360606
413 -0.0321685 -0.0300938
414 -0.0262011 -0.0240082
415 -0.0201304 -0.0178279
416 -0.0139802 -0.0115772
417 -0.00777484 -0.00528085
418 -0.0015388 0.00103636
419 0.00470332 0.00734948
420 0.0109269 0.0136336
421 0.0171073 0.0198639
422 0.0232202 0.0260158
423 0.0292415 0.0320651
424 0.0351474 0.0379878
425 0.0409145 0.0437606
426 0.0465202 0.0493606
427 0.0519423 0.0547659
428 0.0571594 0.059955
429 0.062151 0.0649076
430 0.0668972 0.0696039
431 0.0713794 0.0740256
432 0.07558 0.0781551
433 0.0794822 0.0819762
434 0.0830708 0.0854738
435 0.0863315 0.088634
436 0.0892515 0.0914444
437 0.0918193 0.093894
438 0.0940247 0.0959729
439 0.095859 0.0976732
440 0.0973151 0.0989879
441 0.098387 0.099912
442 0.0990707 0.100442
443 0.0993634 0.100575
444 0.099264 0.100312
445 0.0987728 0.0996522
446 0.0978918 0.0985995
447 0.0966244 0.0971577
448 0.0949757 0.0953324
449 0.0929522 0.0931309
450 0.0905619 0.0905619
451 0.0878141 0.0876354
452 0.0847198 0.0843631
453 0.0812912 0.0807579
454 0.0775417 0.0768339
455 0.0734862 0.0726067
456 0.0691407 0.068093
457 0.0645223 0.0633105
458 0.0596493 0.0582782
459 0.0545408 0.0530159
460 0.0492172 0.0475443
461 0.0436992 0.0418851
462 0.0380089 0.0360606
463 0.0321685 0.0300938
464 0.0262011 0.0240082
465 0.0201304 0.0178279
466 0.0139802 0.0115772
467 0.00777484 0.00528085
468 0.0015388 -0.00103636
469 -0.00470332 -0.00734948
470 -0.0109269 -0.0136336
471 -0.0171073 -0.0198639
472 -0.0232202 -0.0260158
473 -0.0292415 -0.0320651
474 -0.0351474 -0.0379878
475 -0.0409145 -0.0437606
476 -0.0465202 -0.0493606
477 -0.0519423 -0.0547659
478 -0.0571594 -0.059955
479 -0.062151 -0.0649076
480 -0.0668972 -0.0696039
481 -0.0713794 -0.0740256
482 -0.07558 -0.0781551
483 -0.0794822 -0.0819762
484 -0.0830708 -0.0854738
485 -0.0863315 -0.088634
486 -0.0892515 -0.0914444
487 -0.0918193 -0.093894
488 -0.0940247 -0.0959729
489 -0.095859 -0.0976732
490 -0.0973151 -0.0989879
491 -0.098387 -0.099912
492 -0.0990707 -0.100442
493 -0.0993634 -0.100575
494 -0.099264 -0.100312
495 -0.0987728 -0.0996522
496 -0.0978918 -0.0985995
497 -0.0966244 -0.0971577
498 -0.0949757 -0.0953324
499 -0.0929522 -0.0931309
500 -0.0905619 -0.0905619
501 -0.0878141 -0.0876354
502 -0.0847198 -0.0843631
503 -0.0812912 -0.0807579
504 -0.0775417 -0.0768339
505 -0.0734862 -0.0726067
506 -0.0691407 -0.068093
507 -0.0645223 -0.0633105
508 -0.0596493 -0.0582782
509 -0.0545408 -0.0530159
510 -0.0492172 -0.0475443
511 -0.0436992 -0.0418851
512 -0.0380089 -0.0360606
513 -0.0321685 -0.0300938
514 -0.0262011 -0.0240082
515 -0.0201304 -0.0178279
516 -0.0139802 -0.0115772
517 -0.00777484 -0.00528085
518 -0.0015388 0.00103636
519 0.00470332 0.00734948
520 0.0109269 0.0136336
521 0.0171073 0.0198639
522 0.0232202 0.0260158
523 0.0292415 0.0320651
524 0.0351474 0.0379878
525 0.0409145 0.0437606
526 0.0465202 0.0493606
527 0.0519423 0.0547659
528 0.0571594 0.059955
529 0.062151 0.0649076
530 0.0668972 0.0696039
531 0.0713794 0.0740256
532 0.07558 0.0781551
533 0.0794822 0.0819762
534 0.0830708 0.0854738
535 0.0863315 0.088634
536 0.0892515 0.0914444
537 0.0918193 0.093894
538 0.0940247 0.0959729
539 0.095859 0.0976732
540 0.0973151 0.0989879
541 0.098387 0.099912
542 0.0990707 0.100442
543 0.0993634 0.100575
544 0.099264 0.100312
545 0.0987728 0.0996522
546 0.0978918 0.0985995
547 0.0966244 0.0971577
548 0.0949757 0.0953324
549 0.0929522 0.0931309
550 0.0905619 0.0905619
551 0.0878141 0.0876354
552 0.0847198 0.0843631
553 0.0812912 0.0807579
554 0.0775417 0.0768339
555 0.0734862 0.0726067
556 0.0691407 0.068093
557 0.0645223 0.0633105
558 0.0596493 0.0582782
559 0.0545408 0.0530159
560 0.0492172 0.0475443
561 0.0436992 0.0418851
562 0.0380089 0.0360606
563 0.0321685 0.0300938
564 0.0262011 0.0240082
565 0.0201304 0.0178279
566 0.0139802 0.0115772
567 0.00777484 0.00528085
568 0.0015388 -0.00103636
569 -0.00470332 -0.00734948
570 -0.0109269 -0.0136336
571 -0.0171073 -0.0198639
572 -0.0232202 -0.0260158
573 -0.0292415 -0.0320651
574 -0.0351474 -0.0379878
575 -0.0409145 -0.0437606
576 -0.0465202 -0.0493606
577 -0.0519423 -0.0547659
578 -0.0571594 -0.059955
579 -0.062151 -0.0649076
580 -0.0668972 -0.0696039
581 -0.0713794 -0.0740256
582 -0.07558 -0.0781551
583 -0.0794822 -0.0819762
584 -0.0830708 -0.0854738
585 -0.0863315 -0.088634
586 -0.0892515 -0.0914444
587 -0.0918193 -0.093894
588 -0.0940247 -0.0959729
589 -0.095859 -0.0976732
590 -0.0973151 -0.0989879
591 -0.098387 -0.099912
592 -0.0990707 -0.100442
593 -0.0993634 -0.100575
594 -0.099264 -0.100312
595 -0.0987728 -0.0996522
596 -0.0978918 -0.0985995
597 -0.0966244 -0.0971577
598 -0.0949757 -0.0953324
599 -0.0929522 -0.0931309
600 -0.0905619 -0.0905619
601 -0.0878141 -0.0876354
602 -0.0847198 -0.0843631
603 -0.0812912 -0.0807579
604 -0.0775417 -0.0768339
605 -0.0734862 -0.0726067
606 -0.0691407 -0.068093
607 -0.0645223 -0.0633105
608 -0.0596493 -0.0582782
609 -0.0545408 -0.0530159
610 -0.0492172 -0.0475443
611 -0.0436992 -0.0418851
612 -0.0380089 -0.0360606
613 -0.0321685 -0.0300938
614 -0.0262011 -0.0240082
615 -0.0201304 -0.0178279
616 -0.0139802 -0.0115772
617 -0.00777484 -0.00528085
618 -0.0015388 0.00103636
619 0.00470332 0.00734948
620 0.0109269 0.0136336
621 0.0171073 0.0198639
622 0.0232202 0.0260158
623 0.0292415 0.0320651
624 0.0351474 0.0379878
625 0.0409145 0.0437606
626 0.0465202 0.0493606
627 0.0519423 0.0547659
628 0.0571594 0.059955
629 0.062151 0.0649076
630 0.0668972 0.0696039
631 0.0713794 0.0740256
632 0.07558 0.0781551
633 0.0794822 0.0819762
634 0.0830708 0.0854738
635 0.0863315 0.088634
636 0.0892515 0.0914444
637 0.0918193 0.093894
638 0.0940247 0.0959729
639 0.095859 0.0976732
640 0.0973151 0.0989879
641 0.098387 0.099912
642 0.0990707 0.100442
643 0.0993634 0.100575
644 0.099264 0.100312
645 0.0987728 0.0996522
646 0.0978918 0.0985995
647 0.0966244 0.0971577
648 0.0949757 0.0953324
649 0.0929522 0.0931309
650 0.0905619 0.0905619
651 0.0878141 0.0876354
652 0.0847198 0.0843631
653 0.0812912 0.0807579
654 0.0775417 0.0768339
655 0.0734862 0.0726067
656 0.0691407 0.068093
657 0.0645223 0.0633105
658 0.0596493 0.0582782
659 0.0545408 0.0530159
660 0.0492172 0.0475443
661 0.0436992 0.0418851
662 0.0380089 0.0360606
663 0.0321685 0.0300938
664 0.0262011 0.0240082
665 0.0201304 0.0178279
666 0.0139802 0.0115772
667 0.00777484 0.00528085
668 0.0015388 -0.00103636
669 -0.00470332 -0.00734948
670 -0.0109269 -0.0136336
671 -0.0171073 -0.0198639
672 -0.0232202 -0.0260158
673 -0.0292415 -0.0320651
674 -0.0351474 -0.0379878
675 -0.0409145 -0.0437606
676 -0.0465202 -0.0493606
677 -0.0519423 -0.0547659
678 -0.0571594 -0.059955
679 -0.062151 -0.0649076
680 -0.0668972 -0.0696039
681 -0.0713794 -0.0740256
682 -0.07558 -0.0781551
683 -0.0794822 -0.0819762
684 -0.0830708 -0.0854738
685 -0.0863315 -0.088634
686 -0.0892515 -0.0914444
687 -0.0918193 -0.093894
688 -0.0940247 -0.0959729
689 -0.095859 -0.0976732
690 -0.0973151 -0.0989879
691 -0.098387 -0.099912
692 -0.0990707 -0.100442
693 -0.0993634 -0.100575
694 -0.099264 -0.100312
695 -0.0987728 -0.0996522
696 -0.0978918 -0.0985995
697 -0.0966244 -0.0971577
698 -0.0949757 -0.0953324
699 -0.0929522 -0.0931309
700 -0.0905619 -0.0905619
701 -0.0878141 -0.0876354
702 -0.0847198 -0.0843631
703 -0.0812912 -0.0807579
704 -0.0775417 -0.0768339
705 -0.0734862 -0.0726067
706 -0.0691407 -0.068093
707 -0.0645223 -0.0633105
708 -0.0596493 -0.0582782
709 -0.0545408 -0.0530159
710 -0.0492172 -0.0475443
711 -0.0436992 -0.0418851
712 -0.0380089 -0.0360606
713 -0.0321685 -0.0300938
714 -0.0262011 -0.0240082
715 -0.0201304 -0.0178279
716 -0.0139802 -0.0115772
717 -0.00777484 -0.00528085
718 -0.0015388 0.00103636
719 0.00470332 0.00734948
720 0.0109269 0.0136336
721 0.0171073 0.0198639
722 0.0232202 0.0260158
723 0.0292415 0.0320651
724 0.0351474 0.0379878
725 0.0409145 0.0437606
726 0.0465202 0.0493606
727 0.0519423 0.0547659
728 0.0571594 0.059955
729 0.062151 0.0649076
730 0.0668972 0.0696039
731 0.0713794 0.0740256
732 0.07558 0.0781551
733 0.0794822 0.0819762
734 0.0830708 0.0854738
735 0.0863315 0.088634
736 0.0892515 0.0914444
737 0.0918193 0.093894
738 0.0940247 0.0959729
739 0.095859 0.0976732
740 0.0973151 0.0989879
741 0.098387 0.099912
742 0.0990707 0.100442
743 0.0993634 0.100575
744 0.099264 0.100312
745 0.0987728 0.0996522
746 0.0978918 0.0985995
747 0.0966244 0.0971577
748 0.0949757 0.0953324
749 0.0929522 0.0931309
750 0.0905619 0.0905619
751 0.0878141 0.0876354
752 0.0847198 0.0843631
753 0.0812912 0.0807579
754 0.0775417 0.0768339
755 0.0734862 0.0726067
756 0.0691407 0.068093
757 0.0645223 0.0633105
758 0.0596493 0.0582782
759 0.0545408 0.0530159
760 0.0492172 0.0475443
761 0.0436992 0.0418851
762 0.0380089 0.0360606
763 0.0321685 0.0300938
764 0.0262011 0.0240082
765 0.0201304 0.0178279
766 0.0139802 0.0115772
767 0.00777484 0.00528085
768 0.0015388 -0.00103636
769 -0.00470332 -0.00734948
770 -0.0109269 -0.0136336
771 -0.0171073 -0.0198639
772 -0.0232202 -0.0260158
773 -0.0292415 -0.0320651
774 -0.0351474 -0.0379878
775 -0.0409145 -0.0437606
776 -0.0465202 -0.0493606
777 -0.0519423 -0.0547659
778 -0.0571594 -0.059955
779 -0.062151 -0.0649076
780 -0.0668972 -0.0696039
781 -0.0713794 -0.0740256
782 -0.07558 -0.0781551
783 -0.0794822 -0.0819762
784 -0.0830708 -0.0854738
785 -0.0863315 -0.088634
786 -0.0892515 -0.0914444
787 -0.0918193 -0.093894
788 -0.0940247 -0.0959729
789 -0.095859 -0.0976732
790 -0.0973151 -0.0989879
791 -0.098387 -0.099912
792 -0.0990707 -0.100442
793 -0.0993634 -0.100575
794 -0.099264 -0.100312
795 -0.0987728 -0.0996522
796 -0.0978918 -0.0985995
797 -0.0966244 -0.0971577
798 -0.0949757 -0.0953324
799 -0.0929522 -0.0931309
800 -0.0905619 -0.0905619
801 -0.0878141 -0.0876354
802 -0.0847198 -0.0843631
803 -0.0812912 -0.0807579
804 -0.0775417 -0.0768339
805 -0.0734862 -0.0726067
806 -0.0691407 -0.068093
807 -0.0645223 -0.0633105
808 -0.0596493 -0.0582782
809 -0.0545408 -0.0530159
810 -0.0492172 -0.0475443
811 -0.0436992 -0.0418851
812 -0.0380089 -0.0360606
813 -0.0321685 -0.0300938
814 -0.0262011 -0.0240082
815 -0.0201304 -0.0178279
816 -0.0139802 -0.0115772
817 -0.00777484 -0.00528085
818 -0.0015388 0.00103636
819 0.00470332 0.00734948
820 0.0109269 0.0136336
821 0.0171073 0.0198639
822 0.0232202 0.0260158
823 0.0292415 0.0320651
824 0.0351474 0.0379878
825 0.0409145 0.0437606
826 0.0465202 0.0493606
827 0.0519423 0.0547659
828 0.0571594 0.059955
829 0.062151 0.0649076
830 0.0668972 0.0696039
831 0.0713794 0.0740256
832 0.07558 0.0781551
833 0.0794822 0.0819762
834 0.0830708 0.0854738
835 0.0863315 0.088634
836 0.0892515 0.0914444
837 0.0918193 0.093894
838 0.0940247 0.0959729
839 0.095859 0.0976732
840 0.0973151 0.0989879
841 0.098387 0.099912
842 0.0990707 0.100442
843 0.0993634 0.100575
844 0.099264 0.100312
845 0.0987728 0.0996522
846 0.0978918 0.0985995
847 0.0966244 0.0971577
848 0.0949757 0.0953324
849 0.0929522 0.0931309
850 0.0905619 0.0905619
851 0.0878141 0.0876354
852 0.0847198 0.0843631
853 0.0812912 0.0807579
854 0.0775417 0.0768339
855 0.0734862 0.0726067
856 0.0691407 0.068093
857 0.0645223 0.0633105
858 0.0596493 0.0582782
859 0.0545408 0.0530159
860 0.0492172 0.0475443
861 0.0436992 0.0418851
862 0.0380089 0.0360606
863 0.0321685 0.0300938
864 0.0262011 0.0240082
865 0.0201304 0.0178279
866 0.0139802 0.0115772
867 0.00777484 0.00528085
868 0.0015388 -0.00103636
869 -0.00470332 -0.00734948
870 -0.0109269 -0.0136336
871 -0.0171073 -0.0198639
872 -0.0232202 -0.0260158
873 -0.0292415 -0.0320651
874 -0.0351474 -0.0379878
875 -0.0409145 -0.0437606
876 -0.0465202 -0.0493606
877 -0.0519423 -0.0547659
878 -0.0571594 -0.059955
879 -0.062151 -0.0649076
880 -0.0668972 -0.0696039
881 -0.0713794 -0.0740256
882 -0.07558 -0.0781551
883 -0.0794822 -0.0819762
884 -0.0830708 -0.0854738
885 -0.0863315 -0.088634
886 -0.0892515 -0.0914444
887 -0.0918193 -0.093894
888 -0.0940247 -0.0959729
889 -0.095859 -0.0976732
890 -0.0973151 -0.0989879
891 -0.098387 -0.099912
892 -0.0990707 -0.100442
893 -0.0993634 -0.100575
894 -0.099264 -0.100312
895 -0.0987728 -0.0996522
896 -0.0978918 -0.0985995
897 -0.0966244 -0.0971577
898 -0.0949757 -0.0953324
899 -0.0929522 -0.0931309
900 -0.0905619 -0.0905619
901 -0.0878141 -0.0876354
902 -0.0847198 -0.0843631
903 -0.0812912 -0.0807579
904 -0.0775417 -0.0768339
905 -0.0734862 -0.0726067
906 -0.0691407 -0.068093
907 -0.0645223 -0.0633105
908 -0.0596493 -0.0582782
909 -0.0545408 -0.0530159
910 -0.0492172 -0.0475443
911 -0.0436992 -0.0418851
912 -0.0380089 -0.0360606
913 -0.0321685 -0.0300938
914 -0.0262011 -0.0240082
915 -0.0201304 -0.0178279
916 -0.0139802 -0.0115772
917 -0.00777484 -0.00528085
918 -0.0015388 0.00103636
919 0.00470332 0.00734948
920 0.0109269 0.0136336
921 0.0171073 0.0198639
922 0.0232202 0.0260158
923 0.0292415 0.0320651
924 0.0351474 0.0379878
925 0.0409145 0.0437606
926 0.0465202 0.0493606
927 0.0519423 0.0547659
928 0.0571594 0.059955
929 0.062151 0.0649076
930 0.0668972 0.0696039
931 0.0713794 0.0740256
932 0.07558 0.0781551
933 0.0794822 0.0819762
934 0.0830708 0.0854738
935 0.0863315 0.088634
936 0.0892515 0.0914444
937 0.0918193 0.093894
938 0.0940247 0.0959729
939 0.095859 0.0976732
940 0.0973151 0.0989879
941 0.098387 0.099912
942 0.0990707 0.100442
943 0.0993634 0.100575
944 0.099264 0.100312
945 0.0987728 0.0996522
946 0.0978918 0.0985995
947 0.0966244 0.0971577
948 0.0949757 0.0953324
949 0.0929522 0.0931309
950 0.0905619 0.0905619
951 0.0878141 0.0876354
952 0.0847198 0.0843631
953 0.0812912 0.0807579
954 0.0775417 0.0768339
955 0.0734862 0.0726067
956 0.0691407 0.068093
957 0.0645223 0.0633105
958 0.0596493 0.0582782
959 0.0545408 0.0530159
960 0.0492172 0.0475443
961 0.0436992 0.0418851
962 0.0380089 0.0360606
963 0.0321685 0.0300938
964 0.0262011 0.0240082
965 0.0201304 0.0178279
966 0.0139802 0.0115772
967 0.00777484 0.00528085
968 0.0015388 -0.00103636
969 -0.00470332 -0.00734948
970 -0.0109269 -0.0136336
971 -0.0171073 -0.0198639
972 -0.0232202 -0.0260158
973 -0.0292415 -0.0320651
974 -0.0351474 -0.0379878
975 -0.0409145 -0.0437606
976 -0.0465202 -0.0493606
977 -0.0519423 -0.0547659
978 -0.0571594 -0.059955
979 -0.062151 -0.0649076
980 -0.0668972 -0.0696039
981 -0.0713794 -0.0740256
982 -0.07558 -0.0781551
983 -0.0794822 -0.0819762
984 -0.0830708 -0.0854738
985 -0.0863315 -0.088634
986 -0.0892515 -0.0914444
987 -0.0918193 -0.093894
988 -0.0940247 -0.0959729
989 -0.095859 -0.0976732
990 -0.0973151 -0.0989879
991 -0.098387 -0.099912
992 -0.0990707 -0.100442
993 -0.0993634 -0.100575
994 -0.099264 -0.100312
995 -0.0987728 -0.0996522
996 -0.0978918 -0.0985995
997 -0.0966244 -0.0971577
998 -0.0949757 -0.0953324
999 -0.0929522 -0.0931309
