0 0.081364 0.081364
1 0.077636 0.0774754
2 0.0736015 0.073281
3 0.0692766 0.0687974
4 0.0646782 0.0640423
5 0.0598246 0.0590345
6 0.0547349 0.0537936
7 0.0494292 0.0483405
8 0.0439284 0.0426966
9 0.0382543 0.0368842
10 0.0324292 0.0309262
11 0.0264761 0.0248462
12 0.0204185 0.0186681
13 0.0142803 0.0124163
14 0.00808576 0.00611559
15 0.00185932 -0.000209311
16 -0.00437446 -0.00653338
17 -0.010591 -0.0128317
18 -0.0167657 -0.0190793
19 -0.0228743 -0.0252517
20 -0.0288925 -0.0313244
21 -0.0347968 -0.0372734
22 -0.0405637 -0.0430754
23 -0.0461706 -0.0487074
24 -0.0515952 -0.0541471
25 -0.0568162 -0.0593732
26 -0.061813 -0.0643649
27 -0.0665658 -0.0691026
28 -0.0710559 -0.0735676
29 -0.0752656 -0.0777422
30 -0.0791783 -0.0816101
31 -0.0827785 -0.0851559
32 -0.0860519 -0.0883656
33 -0.0889858 -0.0912265
34 -0.0915685 -0.0937274
35 -0.0937898 -0.0958585
36 -0.095641 -0.0976112
37 -0.0971147 -0.0989787
38 -0.0982052 -0.0999555
39 -0.0989081 -0.100538
40 -0.0992206 -0.100724
41 -0.0991416 -0.100512
42 -0.0986713 -0.0999031
43 -0.0978115 -0.0989002
44 -0.0965658 -0.0975071
45 -0.094939 -0.0957291
46 -0.0929374 -0.0935733
47 -0.0905691 -0.0910483
48 -0.0878434 -0.0881639
49 -0.084771 -0.0849316
50 -0.081364 -0.081364
51 -0.077636 -0.0774754
52 -0.0736015 -0.073281
53 -0.0692766 -0.0687974
54 -0.0646782 -0.0640423
55 -0.0598246 -0.0590345
56 -0.0547349 -0.0537936
57 -0.0494292 -0.0483405
58 -0.0439284 -0.0426966
59 -0.0382543 -0.0368842
60 -0.0324292 -0.0309262
61 -0.0264761 -0.0248462
62 -0.0204185 -0.0186681
63 -0.0142803 -0.0124163
64 -0.00808576 -0.00611559
65 -0.00185932 0.000209311
66 0.00437446 0.00653338
67 0.010591 0.0128317
68 0.0167657 0.0190793
69 0.0228743 0.0252517
70 0.0288925 0.0313244
71 0.0347968 0.0372734
72 0.0405637 0.0430754
73 0.0461706 0.0487074
74 0.0515952 0.0541471
75 0.0568162 0.0593732
76 0.061813 0.0643649
77 0.0665658 0.0691026
78 0.0710559 0.0735676
79 0.0752656 0.0777422
80 0.0791783 0.0816101
81 0.0827785 0.0851559
82 0.0860519 0.0883656
83 0.0889858 0.0912265
84 0.0915685 0.0937274
85 0.0937898 0.0958585
86 0.095641 0.0976112
87 0.0971147 0.0989787
88 0.0982052 0.0999555
89 0.0989081 0.100538
90 0.0992206 0.100724
91 0.0991416 0.100512
92 0.0986713 0.0999031
93 0.0978115 0.0989002
94 0.0965658 0.0975071
95 0.094939 0.0957291
96 0.0929374 0.0935733
97 0.0905691 0.0910483
98 0.0878434 0.0881639
99 0.084771 0.0849316
100 0.081364 0.081364
101 0.077636 0.0774754
102 0.0736015 0.073281
103 0.0692766 0.0687974
104 0.0646782 0.0640423
105 0.0598246 0.0590345
106 0.0547349 0.0537936
107 0.0494292 0.0483405
108 0.0439284 0.0426966
109 0.0382543 0.0368842
110 0.0324292 0.0309262
111 0.0264761 0.0248462
112 0.0204185 0.0186681
113 0.0142803 0.0124163
114 0.00808576 0.00611559
115 0.00185932 -0.000209311
116 -0.00437446 -0.00653338
117 -0.010591 -0.0128317
118 -0.0167657 -0.0190793
119 -0.0228743 -0.0252517
120 -0.0288925 -0.0313244
121 -0.0347968 -0.0372734
122 -0.0405637 -0.0430754
123 -0.0461706 -0.0487074
124 -0.0515952 -0.0541471
125 -0.0568162 -0.0593732
126 -0.061813 -0.0643649
127 -0.0665658 -0.0691026
128 -0.0710559 -0.0735676
129 -0.0752656 -0.0777422
130 -0.0791783 -0.0816101
131 -0.0827785 -0.0851559
132 -0.0860519 -0.0883656
133 -0.0889858 -0.0912265
134 -0.0915685 -0.0937274
135 -0.0937898 -0.0958585
136 -0.095641 -0.0976112
137 -0.0971147 -0.0989787
138 -0.0982052 -0.0999555
139 -0.0989081 -0.100538
140 -0.0992206 -0.100724
141 -0.0991416 -0.100512
142 -0.0986713 -0.0999031
143 -0.0978115 -0.0989002
144 -0.0965658 -0.0975071
145 -0.094939 -0.0957291
146 -0.0929374 -0.0935733
147 -0.0905691 -0.0910483
148 -0.0878434 -0.0881639
149 -0.084771 -0.0849316
150 -0.081364 -0.081364
151 -0.077636 -0.0774754
152 -0.0736015 -0.073281
153 -0.0692766 -0.0687974
154 -0.0646782 -0.0640423
155 -0.0598246 -0.0590345
156 -0.0547349 -0.0537936
157 -0.0494292 -0.0483405
158 -0.0439284 -0.0426966
159 -0.0382543 -0.0368842
160 -0.0324292 -0.0309262
161 -0.0264761 -0.0248462
162 -0.0204185 -0.0186681
163 -0.0142803 -0.0124163
164 -0.00808576 -0.00611559
165 -0.00185932 0.000209311
166 0.00437446 0.00653338
167 0.010591 0.0128317
168 0.0167657 0.0190793
169 0.0228743 0.0252517
170 0.0288925 0.0313244
171 0.0347968 0.0372734
172 0.0405637 0.0430754
173 0.0461706 0.0487074
174 0.0515952 0.0541471
175 0.0568162 0.0593732
176 0.061813 0.0643649
177 0.0665658 0.0691026
178 0.0710559 0.0735676
179 0.0752656 0.0777422
180 0.0791783 0.0816101
181 0.0827785 0.0851559
182 0.0860519 0.0883656
183 0.0889858 0.0912265
184 0.0915685 0.0937274
185 0.0937898 0.0958585
186 0.095641 0.0976112
187 0.0971147 0.0989787
188 0.0982052 0.0999555
189 0.0989081 0.100538
190 0.0992206 0.100724
191 0.0991416 0.100512
192 0.0986713 0.0999031
193 0.0978115 0.0989002
194 0.0965658 0.0975071
195 0.094939 0.0957291
196 0.0929374 0.0935733
197 0.0905691 0.0910483
198 0.0878434 0.0881639
199 0.084771 0.0849316
200 0.081364 0.081364
201 0.077636 0.0774754
202 0.0736015 0.073281
203 0.0692766 0.0687974
204 0.0646782 0.0640423
205 0.0598246 0.0590345
206 0.0547349 0.0537936
207 0.0494292 0.0483405
208 0.0439284 0.0426966
209 0.0382543 0.0368842
210 0.0324292 0.0309262
211 0.0264761 0.0248462
212 0.0204185 0.0186681
213 0.0142803 0.0124163
214 0.00808576 0.00611559
215 0.00185932 -0.000209311
216 -0.00437446 -0.00653338
217 -0.010591 -0.0128317
218 -0.0167657 -0.0190793
219 -0.0228743 -0.0252517
220 -0.0288925 -0.0313244
221 -0.0347968 -0.0372734
222 -0.0405637 -0.0430754
223 -0.0461706 -0.0487074
224 -0.0515952 -0.0541471
225 -0.0568162 -0.0593732
226 -0.061813 -0.0643649
227 -0.0665658 -0.0691026
228 -0.0710559 -0.0735676
229 -0.0752656 -0.0777422
230 -0.0791783 -0.0816101
231 -0.0827785 -0.0851559
232 -0.0860519 -0.0883656
233 -0.0889858 -0.0912265
234 -0.0915685 -0.0937274
235 -0.0937898 -0.0958585
236 -0.095641 -0.0976112
237 -0.0971147 -0.0989787
238 -0.0982052 -0.0999555
239 -0.0989081 -0.100538
240 -0.0992206 -0.100724
241 -0.0991416 -0.100512
242 -0.0986713 -0.0999031
243 -0.0978115 -0.0989002
244 -0.0965658 -0.0975071
245 -0.094939 -0.0957291
246 -0.0929374 -0.0935733
247 -0.0905691 -0.0910483
248 -0.0878434 -0.0881639
249 -0.084771 -0.0849316
250 -0.081364 -0.081364
251 -0.077636 -0.0774754
252 -0.0736015 -0.073281
253 -0.0692766 -0.0687974
254 -0.0646782 -0.0640423
255 -0.0598246 -0.0590345
256 -0.0547349 -0.0537936
257 -0.0494292 -0.0483405
258 -0.0439284 -0.0426966
259 -0.0382543 -0.0368842
260 -0.0324292 -0.0309262
261 -0.0264761 -0.0248462
262 -0.0204185 -0.0186681
263 -0.0142803 -0.0124163
264 -0.00808576 -0.00611559
265 -0.00185932 0.000209311
266 0.00437446 0.00653338
267 0.010591 0.0128317
268 0.0167657 0.0190793
269 0.0228743 0.0252517
270 0.0288925 0.0313244
271 0.0347968 0.0372734
272 0.0405637 0.0430754
273 0.0461706 0.0487074
274 0.0515952 0.0541471
275 0.0568162 0.0593732
276 0.061813 0.0643649
277 0.0665658 0.0691026
278 0.0710559 0.0735676
279 0.0752656 0.0777422
280 0.0791783 0.0816101
281 0.0827785 0.0851559
282 0.0860519 0.0883656
283 0.0889858 0.0912265
284 0.0915685 0.0937274
285 0.0937898 0.0958585
286 0.095641 0.0976112
287 0.0971147 0.0989787
288 0.0982052 0.0999555
289 0.0989081 0.100538
290 0.0992206 0.100724
291 0.0991416 0.100512
292 0.0986713 0.0999031
293 0.0978115 0.0989002
294 0.0965658 0.0975071
295 0.094939 0.0957291
296 0.0929374 0.0935733
297 0.0905691 0.0910483
298 0.0878434 0.0881639
299 0.084771 0.0849316
300 0.081364 0.081364
301 0.077636 0.0774754
302 0.0736015 0.073281
303 0.0692766 0.0687974
304 0.0646782 0.0640423
305 0.0598246 0.0590345
306 0.0547349 0.0537936
307 0.0494292 0.0483405
308 0.0439284 0.0426966
309 0.0382543 0.0368842
310 0.0324292 0.0309262
311 0.0264761 0.0248462
312 0.0204185 0.0186681
313 0.0142803 0.0124163
314 0.00808576 0.00611559
315 0.00185932 -0.000209311
316 -0.00437446 -0.00653338
317 -0.010591 -0.0128317
318 -0.0167657 -0.0190793
319 -0.0228743 -0.0252517
320 -0.0288925 -0.0313244
321 -0.0347968 -0.0372734
322 -0.0405637 -0.0430754
323 -0.0461706 -0.0487074
324 -0.0515952 -0.0541471
325 -0.0568162 -0.0593732
326 -0.061813 -0.0643649
327 -0.0665658 -0.0691026
328 -0.0710559 -0.0735676
329 -0.0752656 -0.0777422
330 -0.0791783 -0.0816101
331 -0.0827785 -0.0851559
332 -0.0860519 -0.0883656
333 -0.0889858 -0.0912265
334 -0.0915685 -0.0937274
335 -0.0937898 -0.0958585
336 -0.095641 -0.0976112
337 -0.0971147 -0.0989787
338 -0.0982052 -0.0999555
339 -0.0989081 -0.100538
340 -0.0992206 -0.100724
341 -0.0991416 -0.100512
342 -0.0986713 -0.0999031
343 -0.0978115 -0.0989002
344 -0.0965658 -0.0975071
345 -0.094939 -0.0957291
346 -0.0929374 -0.0935733
347 -0.0905691 -0.0910483
348 -0.0878434 -0.0881639
349 -0.084771 -0.0849316
350 -0.081364 -0.081364
351 -0.077636 -0.0774754
352 -0.0736015 -0.073281
353 -0.0692766 -0.0687974
354 -0.0646782 -0.0640423
355 -0.0598246 -0.0590345
356 -0.0547349 -0.0537936
357 -0.0494292 -0.0483405
358 -0.0439284 -0.0426966
359 -0.0382543 -0.0368842
360 -0.0324292 -0.0309262
361 -0.0264761 -0.0248462
362 -0.0204185 -0.0186681
363 -0.0142803 -0.0124163
364 -0.00808576 -0.00611559
365 -0.00185932 0.000209311
366 0.00437446 0.00653338
367 0.010591 0.0128317
368 0.0167657 0.0190793
369 0.0228743 0.0252517
370 0.0288925 0.0313244
371 0.0347968 0.0372734
372 0.0405637 0.0430754
373 0.0461706 0.0487074
374 0.0515952 0.0541471
375 0.0568162 0.0593732
376 0.061813 0.0643649
377 0.0665658 0.0691026
378 0.0710559 0.0735676
379 0.0752656 0.0777422
380 0.0791783 0.0816101
381 0.0827785 0.0851559
382 0.0860519 0.0883656
383 0.0889858 0.0912265
384 0.0915685 0.0937274
385 0.0937898 0.0958585
386 0.095641 0.0976112
387 0.0971147 0.0989787
388 0.0982052 0.0999555
389 0.0989081 0.100538
390 0.0992206 0.100724
391 0.0991416 0.100512
392 0.0986713 0.0999031
393 0.0978115 0.0989002
394 0.0965658 0.0975071
395 0.094939 0.0957291
396 0.0929374 0.0935733
397 0.0905691 0.0910483
398 0.0878434 0.0881639
399 0.084771 0.0849316
400 0.081364 0.081364
401 0.077636 0.0774754
402 0.0736015 0.073281
403 0.0692766 0.0687974
404 0.0646782 0.0640423
405 0.0598246 0.0590345
406 0.0547349 0.0537936
407 0.0494292 0.0483405
408 0.0439284 0.0426966
409 0.0382543 0.0368842
410 0.0324292 0.0309262
411 0.0264761 0.0248462
412 0.0204185 0.0186681
413 0.0142803 0.0124163
414 0.00808576 0.00611559
415 0.00185932 -0.000209311
416 -0.00437446 -0.00653338
417 -0.010591 -0.0128317
418 -0.0167657 -0.0190793
419 -0.0228743 -0.0252517
420 -0.0288925 -0.0313244
421 -0.0347968 -0.0372734
422 -0.0405637 -0.0430754
423 -0.0461706 -0.0487074
424 -0.0515952 -0.0541471
425 -0.0568162 -0.0593732
426 -0.061813 -0.0643649
427 -0.0665658 -0.0691026
428 -0.0710559 -0.0735676
429 -0.0752656 -0.0777422
430 -0.0791783 -0.0816101
431 -0.0827785 -0.0851559
432 -0.0860519 -0.0883656
433 -0.0889858 -0.0912265
434 -0.0915685 -0.0937274
435 -0.0937898 -0.0958585
436 -0.095641 -0.0976112
437 -0.0971147 -0.0989787
438 -0.0982052 -0.0999555
439 -0.0989081 -0.100538
440 -0.0992206 -0.100724
441 -0.0991416 -0.100512
442 -0.0986713 -0.0999031
443 -0.0978115 -0.0989002
444 -0.0965658 -0.0975071
445 -0.094939 -0.0957291
446 -0.0929374 -0.0935733
447 -0.0905691 -0.0910483
448 -0.0878434 -0.0881639
449 -0.084771 -0.0849316
450 -0.081364 -0.081364
451 -0.077636 -0.0774754
452 -0.0736015 -0.073281
453 -0.0692766 -0.0687974
454 -0.0646782 -0.0640423
455 -0.0598246 -0.0590345
456 -0.0547349 -0.0537936
457 -0.0494292 -0.0483405
458 -0.0439284 -0.0426966
459 -0.0382543 -0.0368842
460 -0.0324292 -0.0309262
461 -0.0264761 -0.0248462
462 -0.0204185 -0.0186681
463 -0.0142803 -0.0124163
464 -0.00808576 -0.00611559
465 -0.00185932 0.000209311
466 0.00437446 0.00653338
467 0.010591 0.0128317
468 0.0167657 0.0190793
469 0.0228743 0.0252517
470 0.0288925 0.0313244
471 0.0347968 0.0372734
472 0.0405637 0.0430754
473 0.0461706 0.0487074
474 0.0515952 0.0541471
475 0.0568162 0.0593732
476 0.061813 0.0643649
477 0.0665658 0.0691026
478 0.0710559 0.0735676
479 0.0752656 0.0777422
480 0.0791783 0.0816101
481 0.0827785 0.0851559
482 0.0860519 0.0883656
483 0.0889858 0.0912265
484 0.0915685 0.0937274
485 0.0937898 0.0958585
486 0.095641 0.0976112
487 0.0971147 0.0989787
488 0.0982052 0.0999555
489 0.0989081 0.100538
490 0.0992206 0.100724
491 0.0991416 0.100512
492 0.0986713 0.0999031
493 0.0978115 0.0989002
494 0.0965658 0.0975071
495 0.094939 0.0957291
496 0.0929374 0.0935733
497 0.0905691 0.0910483
498 0.0878434 0.0881639
499 0.084771 0.0849316
500 0.081364 0.081364
501 0.077636 0.0774754
502 0.0736015 0.073281
503 0.0692766 0.0687974
504 0.0646782 0.0640423
505 0.0598246 0.0590345
506 0.0547349 0.0537936
507 0.0494292 0.0483405
508 0.0439284 0.0426966
509 0.0382543 0.0368842
510 0.0324292 0.0309262
511 0.0264761 0.0248462
512 0.0204185 0.0186681
513 0.0142803 0.0124163
514 0.00808576 0.00611559
515 0.00185932 -0.000209311
516 -0.00437446 -0.00653338
517 -0.010591 -0.0128317
518 -0.0167657 -0.0190793
519 -0.0228743 -0.0252517
520 -0.0288925 -0.0313244
521 -0.0347968 -0.0372734
522 -0.0405637 -0.0430754
523 -0.0461706 -0.0487074
524 -0.0515952 -0.0541471
525 -0.0568162 -0.0593732
526 -0.061813 -0.0643649
527 -0.0665658 -0.0691026
528 -0.0710559 -0.0735676
529 -0.0752656 -0.0777422
530 -0.0791783 -0.0816101
531 -0.0827785 -0.0851559
532 -0.0860519 -0.0883656
533 -0.0889858 -0.0912265
534 -0.0915685 -0.0937274
535 -0.0937898 -0.0958585
536 -0.095641 -0.0976112
537 -0.0971147 -0.0989787
538 -0.0982052 -0.0999555
539 -0.0989081 -0.100538
540 -0.0992206 -0.100724
541 -0.0991416 -0.100512
542 -0.0986713 -0.0999031
543 -0.0978115 -0.0989002
544 -0.0965658 -0.0975071
545 -0.094939 -0.0957291
546 -0.0929374 -0.0935733
547 -0.0905691 -0.0910483
548 -0.0878434 -0.0881639
549 -0.084771 -0.0849316
550 -0.081364 -0.081364
551 -0.077636 -0.0774754
552 -0.0736015 -0.073281
553 -0.0692766 -0.0687974
554 -0.0646782 -0.0640423
555 -0.0598246 -0.0590345
556 -0.0547349 -0.0537936
557 -0.0494292 -0.0483405
558 -0.0439284 -0.0426966
559 -0.0382543 -0.0368842
560 -0.0324292 -0.0309262
561 -0.0264761 -0.0248462
562 -0.0204185 -0.0186681
563 -0.0142803 -0.0124163
564 -0.00808576 -0.00611559
565 -0.00185932 0.000209311
566 0.00437446 0.00653338
567 0.010591 0.0128317
568 0.0167657 0.0190793
569 0.0228743 0.0252517
570 0.0288925 0.0313244
571 0.0347968 0.0372734
572 0.0405637 0.0430754
573 0.0461706 0.0487074
574 0.0515952 0.0541471
575 0.0568162 0.0593732
576 0.061813 0.0643649
577 0.0665658 0.0691026
578 0.0710559 0.0735676
579 0.0752656 0.0777422
580 0.0791783 0.0816101
581 0.0827785 0.0851559
582 0.0860519 0.0883656
583 0.0889858 0.0912265
584 0.0915685 0.0937274
585 0.0937898 0.0958585
586 0.095641 0.0976112
587 0.0971147 0.0989787
588 0.0982052 0.0999555
589 0.0989081 0.100538
590 0.0992206 0.100724
591 0.0991416 0.100512
592 0.0986713 0.0999031
593 0.0978115 0.0989002
594 0.0965658 0.0975071
595 0.094939 0.0957291
596 0.0929374 0.0935733
597 0.0905691 0.0910483
598 0.0878434 0.0881639
599 0.084771 0.0849316
600 0.081364 0.081364
601 0.077636 0.0774754
602 0.0736015 0.073281
603 0.0692766 0.0687974
604 0.0646782 0.0640423
605 0.0598246 0.0590345
606 0.0547349 0.0537936
607 0.0494292 0.0483405
608 0.0439284 0.0426966
609 0.0382543 0.0368842
610 0.0324292 0.0309262
611 0.0264761 0.0248462
612 0.0204185 0.0186681
613 0.0142803 0.0124163
614 0.00808576 0.00611559
615 0.00185932 -0.000209311
616 -0.00437446 -0.00653338
617 -0.010591 -0.0128317
618 -0.0167657 -0.0190793
619 -0.0228743 -0.0252517
620 -0.0288925 -0.0313244
621 -0.0347968 -0.0372734
622 -0.0405637 -0.0430754
623 -0.0461706 -0.0487074
624 -0.0515952 -0.0541471
625 -0.0568162 -0.0593732
626 -0.061813 -0.0643649
627 -0.0665658 -0.0691026
628 -0.0710559 -0.0735676
629 -0.0752656 -0.0777422
630 -0.0791783 -0.0816101
631 -0.0827785 -0.0851559
632 -0.0860519 -0.0883656
633 -0.0889858 -0.0912265
634 -0.0915685 -0.0937274
635 -0.0937898 -0.0958585
636 -0.095641 -0.0976112
637 -0.0971147 -0.0989787
638 -0.0982052 -0.0999555
639 -0.0989081 -0.100538
640 -0.0992206 -0.100724
641 -0.0991416 -0.100512
642 -0.0986713 -0.0999031
643 -0.0978115 -0.0989002
644 -0.0965658 -0.0975071
645 -0.094939 -0.0957291
646 -0.0929374 -0.0935733
647 -0.0905691 -0.0910483
648 -0.0878434 -0.0881639
649 -0.084771 -0.0849316
650 -0.081364 -0.081364
651 -0.077636 -0.0774754
652 -0.0736015 -0.073281
653 -0.0692766 -0.0687974
654 -0.0646782 -0.0640423
655 -0.0598246 -0.0590345
656 -0.0547349 -0.0537936
657 -0.0494292 -0.0483405
658 -0.0439284 -0.0426966
659 -0.0382543 -0.0368842
660 -0.0324292 -0.0309262
661 -0.0264761 -0.0248462
662 -0.0204185 -0.0186681
663 -0.0142803 -0.0124163
664 -0.00808576 -0.00611559
665 -0.00185932 0.000209311
666 0.00437446 0.00653338
667 0.010591 0.0128317
668 0.0167657 0.0190793
669 0.0228743 0.0252517
670 0.0288925 0.0313244
671 0.0347968 0.0372734
672 0.0405637 0.0430754
673 0.0461706 0.0487074
674 0.0515952 0.0541471
675 0.0568162 0.0593732
676 0.061813 0.0643649
677 0.0665658 0.0691026
678 0.0710559 0.0735676
679 0.0752656 0.0777422
680 0.0791783 0.0816101
681 0.0827785 0.0851559
682 0.0860519 0.0883656
683 0.0889858 0.0912265
684 0.0915685 0.0937274
685 0.0937898 0.0958585
686 0.095641 0.0976112
687 0.0971147 0.0989787
688 0.0982052 0.0999555
689 0.0989081 0.100538
690 0.0992206 0.100724
691 0.0991416 0.100512
692 0.0986713 0.0999031
693 0.0978115 0.0989002
694 0.0965658 0.0975071
695 0.094939 0.0957291
696 0.0929374 0.0935733
697 0.0905691 0.0910483
698 0.0878434 0.0881639
699 0.084771 0.0849316
700 0.081364 0.081364
701 0.077636 0.0774754
702 0.0736015 0.073281
703 0.0692766 0.0687974
704 0.0646782 0.0640423
705 0.0598246 0.0590345
706 0.0547349 0.0537936
707 0.0494292 0.0483405
708 0.0439284 0.0426966
709 0.0382543 0.0368842
710 0.0324292 0.0309262
711 0.0264761 0.0248462
712 0.0204185 0.0186681
713 0.0142803 0.0124163
714 0.00808576 0.00611559
715 0.00185932 -0.000209311
716 -0.00437446 -0.00653338
717 -0.010591 -0.0128317
718 -0.0167657 -0.0190793
719 -0.0228743 -0.0252517
720 -0.0288925 -0.0313244
721 -0.0347968 -0.0372734
722 -0.0405637 -0.0430754
723 -0.0461706 -0.0487074
724 -0.0515952 -0.0541471
725 -0.0568162 -0.0593732
726 -0.061813 -0.0643649
727 -0.0665658 -0.0691026
728 -0.0710559 -0.0735676
729 -0.0752656 -0.0777422
730 -0.0791783 -0.0816101
731 -0.0827785 -0.0851559
732 -0.0860519 -0.0883656
733 -0.0889858 -0.0912265
734 -0.0915685 -0.0937274
735 -0.0937898 -0.0958585
736 -0.095641 -0.0976112
737 -0.0971147 -0.0989787
738 -0.0982052 -0.0999555
739 -0.0989081 -0.100538
740 -0.0992206 -0.100724
741 -0.0991416 -0.100512
742 -0.0986713 -0.0999031
743 -0.0978115 -0.0989002
744 -0.0965658 -0.0975071
745 -0.094939 -0.0957291
746 -0.0929374 -0.0935733
747 -0.0905691 -0.0910483
748 -0.0878434 -0.0881639
749 -0.084771 -0.0849316
750 -0.081364 -0.081364
751 -0.077636 -0.0774754
752 -0.0736015 -0.073281
753 -0.0692766 -0.0687974
754 -0.0646782 -0.0640423
755 -0.0598246 -0.0590345
756 -0.0547349 -0.0537936
757 -0.0494292 -0.0483405
758 -0.0439284 -0.0426966
759 -0.0382543 -0.0368842
760 -0.0324292 -0.0309262
761 -0.0264761 -0.0248462
762 -0.0204185 -0.0186681
763 -0.0142803 -0.0124163
764 -0.00808576 -0.00611559
765 -0.00185932 0.000209311
766 0.00437446 0.00653338
767 0.010591 0.0128317
768 0.0167657 0.0190793
769 0.0228743 0.0252517
770 0.0288925 0.0313244
771 0.0347968 0.0372734
772 0.0405637 0.0430754
773 0.0461706 0.0487074
774 0.0515952 0.0541471
775 0.0568162 0.0593732
776 0.061813 0.0643649
777 0.0665658 0.0691026
778 0.0710559 0.0735676
779 0.0752656 0.0777422
780 0.0791783 0.0816101
781 0.0827785 0.0851559
782 0.0860519 0.0883656
783 0.0889858 0.0912265
784 0.0915685 0.0937274
785 0.0937898 0.0958585
786 0.095641 0.0976112
787 0.0971147 0.0989787
788 0.0982052 0.0999555
789 0.0989081 0.100538
790 0.0992206 0.100724
791 0.0991416 0.100512
792 0.0986713 0.0999031
793 0.0978115 0.0989002
794 0.0965658 0.0975071
795 0.094939 0.0957291
796 0.0929374 0.0935733
797 0.0905691 0.0910483
798 0.0878434 0.0881639
799 0.084771 0.0849316
800 0.081364 0.081364
801 0.077636 0.0774754
802 0.0736015 0.073281
803 0.0692766 0.0687974
804 0.0646782 0.0640423
805 0.0598246 0.0590345
806 0.0547349 0.0537936
807 0.0494292 0.0483405
808 0.0439284 0.0426966
809 0.0382543 0.0368842
810 0.0324292 0.0309262
811 0.0264761 0.0248462
812 0.0204185 0.0186681
813 0.0142803 0.0124163
814 0.00808576 0.00611559
815 0.00185932 -0.000209311
816 -0.00437446 -0.00653338
817 -0.010591 -0.0128317
818 -0.0167657 -0.0190793
819 -0.0228743 -0.0252517
820 -0.0288925 -0.0313244
821 -0.0347968 -0.0372734
822 -0.0405637 -0.0430754
823 -0.0461706 -0.0487074
824 -0.0515952 -0.0541471
825 -0.0568162 -0.0593732
826 -0.061813 -0.0643649
827 -0.0665658 -0.0691026
828 -0.0710559 -0.0735676
829 -0.0752656 -0.0777422
830 -0.0791783 -0.0816101
831 -0.0827785 -0.0851559
832 -0.0860519 -0.0883656
833 -0.0889858 -0.0912265
834 -0.0915685 -0.0937274
835 -0.0937898 -0.0958585
836 -0.095641 -0.0976112
837 -0.0971147 -0.0989787
838 -0.0982052 -0.0999555
839 -0.0989081 -0.100538
840 -0.0992206 -0.100724
841 -0.0991416 -0.100512
842 -0.0986713 -0.0999031
843 -0.0978115 -0.0989002
844 -0.0965658 -0.0975071
845 -0.094939 -0.0957291
846 -0.0929374 -0.0935733
847 -0.0905691 -0.0910483
848 -0.0878434 -0.0881639
849 -0.084771 -0.0849316
850 -0.081364 -0.081364
851 -0.077636 -0.0774754
852 -0.0736015 -0.073281
853 -0.0692766 -0.0687974
854 -0.0646782 -0.0640423
855 -0.0598246 -0.0590345
856 -0.0547349 -0.0537936
857 -0.0494292 -0.0483405
858 -0.0439284 -0.0426966
859 -0.0382543 -0.0368842
860 -0.0324292 -0.0309262
861 -0.0264761 -0.0248462
862 -0.0204185 -0.0186681
863 -0.0142803 -0.0124163
864 -0.00808576 -0.00611559
865 -0.00185932 0.000209311
866 0.00437446 0.00653338
867 0.010591 0.0128317
868 0.0167657 0.0190793
869 0.0228743 0.0252517
870 0.0288925 0.0313244
871 0.0347968 0.0372734
872 0.0405637 0.0430754
873 0.0461706 0.0487074
874 0.0515952 0.0541471
875 0.0568162 0.0593732
876 0.061813 0.0643649
877 0.0665658 0.0691026
878 0.0710559 0.0735676
879 0.0752656 0.0777422
880 0.0791783 0.0816101
881 0.0827785 0.0851559
882 0.0860519 0.0883656
883 0.0889858 0.0912265
884 0.0915685 0.0937274
885 0.0937898 0.0958585
886 0.095641 0.0976112
887 0.0971147 0.0989787
888 0.0982052 0.0999555
889 0.0989081 0.100538
890 0.0992206 0.100724
891 0.0991416 0.100512
892 0.0986713 0.0999031
893 0.0978115 0.0989002
894 0.0965658 0.0975071
895 0.094939 0.0957291
896 0.0929374 0.0935733
897 0.0905691 0.0910483
898 0.0878434 0.0881639
899 0.084771 0.0849316
900 0.081364 0.081364
901 0.077636 0.0774754
902 0.0736015 0.073281
903 0.0692766 0.0687974
904 0.0646782 0.0640423
905 0.0598246 0.0590345
906 0.0547349 0.0537936
907 0.0494292 0.0483405
908 0.0439284 0.0426966
909 0.0382543 0.0368842
910 0.0324292 0.0309262
911 0.0264761 0.0248462
912 0.0204185 0.0186681
913 0.0142803 0.0124163
914 0.00808576 0.00611559
915 0.00185932 -0.000209311
916 -0.00437446 -0.00653338
917 -0.010591 -0.0128317
918 -0.0167657 -0.0190793
919 -0.0228743 -0.0252517
920 -0.0288925 -0.0313244
921 -0.0347968 -0.0372734
922 -0.0405637 -0.0430754
923 -0.0461706 -0.0487074
924 -0.0515952 -0.0541471
925 -0.0568162 -0.0593732
926 -0.061813 -0.0643649
927 -0.0665658 -0.0691026
928 -0.0710559 -0.0735676
929 -0.0752656 -0.0777422
930 -0.0791783 -0.0816101
931 -0.0827785 -0.0851559
932 -0.0860519 -0.0883656
933 -0.0889858 -0.0912265
934 -0.0915685 -0.0937274
935 -0.0937898 -0.0958585
936 -0.095641 -0.0976112
937 -0.0971147 -0.0989787
938 -0.0982052 -0.0999555
939 -0.0989081 -0.100538
940 -0.0992206 -0.100724
941 -0.0991416 -0.100512
942 -0.0986713 -0.0999031
943 -0.0978115 -0.0989002
944 -0.0965658 -0.0975071
945 -0.094939 -0.0957291
946 -0.0929374 -0.0935733
947 -0.0905691 -0.0910483
948 -0.0878434 -0.0881639
949 -0.084771 -0.0849316
950 -0.081364 -0.081364
951 -0.077636 -0.0774754
952 -0.0736015 -0.073281
953 -0.0692766 -0.0687974
954 -0.0646782 -0.0640423
955 -0.0598246 -0.0590345
956 -0.0547349 -0.0537936
957 -0.0494292 -0.0483405
958 -0.0439284 -0.0426966
959 -0.0382543 -0.0368842
960 -0.0324292 -0.0309262
961 -0.0264761 -0.0248462
962 -0.0204185 -0.0186681
963 -0.0142803 -0.0124163
964 -0.00808576 -0.00611559
965 -0.00185932 0.000209311
966 0.00437446 0.00653338
967 0.010591 0.0128317
968 0.0167657 0.0190793
969 0.0228743 0.0252517
970 0.0288925 0.0313244
971 0.0347968 0.0372734
972 0.0405637 0.0430754
973 0.0461706 0.0487074
974 0.0515952 0.0541471
975 0.0568162 0.0593732
976 0.061813 0.0643649
977 0.0665658 0.0691026
978 0.0710559 0.0735676
979 0.0752656 0.0777422
980 0.0791783 0.0816101
981 0.0827785 0.0851559
982 0.0860519 0.0883656
983 0.0889858 0.0912265
984 0.0915685 0.0937274
985 0.0937898 0.0958585
986 0.095641 0.0976112
987 0.0971147 0.0989787
988 0.0982052 0.0999555
989 0.0989081 0.100538
990 0.0992206 0.100724
991 0.0991416 0.100512
992 0.0986713 0.0999031
993 0.0978115 0.0989002
994 0.0965658 0.0975071
995 0.094939 0.0957291
996 0.0929374 0.0935733
997 0.0905691 0.0910483
998 0.0878434 0.0881639
999 0.084771 0.0849316
