0 0.0999318 0.0999318
1 0.0996763 0.0994791
2 0.0990275 0.0986339
3 0.0979878 0.0973994
4 0.0965615 0.0957805
5 0.094754 0.0937836
6 0.0925726 0.0914166
7 0.0900259 0.0886887
8 0.0871239 0.0856109
9 0.083878 0.0821952
10 0.0803011 0.0784552
11 0.0764073 0.0744055
12 0.0722119 0.0700621
13 0.0677316 0.0654423
14 0.062984 0.0605642
15 0.0579877 0.055447
16 0.0527627 0.0501111
17 0.0473294 0.0445773
18 0.0417093 0.0388677
19 0.0359246 0.0330047
20 0.0299981 0.0270114
21 0.0239533 0.0209115
22 0.0178139 0.014729
23 0.0116042 0.00848846
24 0.00534869 0.00221441
25 -0.000927908 -0.00406839
26 -0.00720085 -0.0103351
27 -0.0134454 -0.0165611
28 -0.0196368 -0.0227217
29 -0.0257508 -0.0287926
30 -0.0317631 -0.0347499
31 -0.0376501 -0.04057
32 -0.0433885 -0.0462301
33 -0.0489556 -0.0517077
34 -0.0543296 -0.0569812
35 -0.0594891 -0.0620298
36 -0.0644139 -0.0668337
37 -0.0690844 -0.0713737
38 -0.0734823 -0.0756321
39 -0.0775902 -0.0795921
40 -0.0813919 -0.0832379
41 -0.0848724 -0.0865552
42 -0.0880179 -0.0895309
43 -0.0908161 -0.0921532
44 -0.0932558 -0.0944119
45 -0.0953275 -0.096298
46 -0.097023 -0.097804
47 -0.0983356 -0.0989241
48 -0.0992601 -0.0996537
49 -0.0997929 -0.0999901
50 -0.0999318 -0.0999318
51 -0.0996763 -0.0994791
52 -0.0990275 -0.0986339
53 -0.0979878 -0.0973994
54 -0.0965615 -0.0957805
55 -0.094754 -0.0937836
56 -0.0925726 -0.0914166
57 -0.0900259 -0.0886887
58 -0.0871239 -0.0856109
59 -0.083878 -0.0821952
60 -0.0803011 -0.0784552
61 -0.0764073 -0.0744055
62 -0.0722119 -0.0700621
63 -0.0677316 -0.0654423
64 -0.062984 -0.0605642
65 -0.0579877 -0.055447
66 -0.0527627 -0.0501111
67 -0.0473294 -0.0445773
68 -0.0417093 -0.0388677
69 -0.0359246 -0.0330047
70 -0.0299981 -0.0270114
71 -0.0239533 -0.0209115
72 -0.0178139 -0.014729
73 -0.0116042 -0.00848846
74 -0.00534869 -0.00221441
75 0.000927908 0.00406839
76 0.00720085 0.0103351
77 0.0134454 0.0165611
78 0.0196368 0.0227217
79 0.0257508 0.0287926
80 0.0317631 0.0347499
81 0.0376501 0.04057
82 0.0433885 0.0462301
83 0.0489556 0.0517077
84 0.0543296 0.0569812
85 0.0594891 0.0620298
86 0.0644139 0.0668337
87 0.0690844 0.0713737
88 0.0734823 0.0756321
89 0.0775902 0.0795921
90 0.0813919 0.0832379
91 0.0848724 0.0865552
92 0.0880179 0.0895309
93 0.0908161 0.0921532
94 0.0932558 0.0944119
95 0.0953275 0.096298
96 0.097023 0.097804
97 0.0983356 0.0989241
98 0.0992601 0.0996537
99 0.0997929 0.0999901
100 0.0999318 0.0999318
101 0.0996763 0.0994791
102 0.0990275 0.0986339
103 0.0979878 0.0973994
104 0.0965615 0.0957805
105 0.094754 0.0937836
106 0.0925726 0.0914166
107 0.0900259 0.0886887
108 0.0871239 0.0856109
109 0.083878 0.0821952
110 0.0803011 0.0784552
111 0.0764073 0.0744055
112 0.0722119 0.0700621
113 0.0677316 0.0654423
114 0.062984 0.0605642
115 0.0579877 0.055447
116 0.0527627 0.0501111
117 0.0473294 0.0445773
118 0.0417093 0.0388677
119 0.0359246 0.0330047
120 0.0299981 0.0270114
121 0.0239533 0.0209115
122 0.0178139 0.014729
123 0.0116042 0.00848846
124 0.00534869 0.00221441
125 -0.000927908 -0.00406839
126 -0.00720085 -0.0103351
127 -0.0134454 -0.0165611
128 -0.0196368 -0.0227217
129 -0.0257508 -0.0287926
130 -0.0317631 -0.0347499
131 -0.0376501 -0.04057
132 -0.0433885 -0.0462301
133 -0.0489556 -0.0517077
134 -0.0543296 -0.0569812
135 -0.0594891 -0.0620298
136 -0.0644139 -0.0668337
137 -0.0690844 -0.0713737
138 -0.0734823 -0.0756321
139 -0.0775902 -0.0795921
140 -0.0813919 -0.0832379
141 -0.0848724 -0.0865552
142 -0.0880179 -0.0895309
143 -0.0908161 -0.0921532
144 -0.0932558 -0.0944119
145 -0.0953275 -0.096298
146 -0.097023 -0.097804
147 -0.0983356 -0.0989241
148 -0.0992601 -0.0996537
149 -0.0997929 -0.0999901
150 -0.0999318 -0.0999318
151 -0.0996763 -0.0994791
152 -0.0990275 -0.0986339
153 -0.0979878 -0.0973994
154 -0.0965615 -0.0957805
155 -0.094754 -0.0937836
156 -0.0925726 -0.0914166
157 -0.0900259 -0.0886887
158 -0.0871239 -0.0856109
159 -0.083878 -0.0821952
160 -0.0803011 -0.0784552
161 -0.0764073 -0.0744055
162 -0.0722119 -0.0700621
163 -0.0677316 -0.0654423
164 -0.062984 -0.0605642
165 -0.0579877 -0.055447
166 -0.0527627 -0.0501111
167 -0.0473294 -0.0445773
168 -0.0417093 -0.0388677
169 -0.0359246 -0.0330047
170 -0.0299981 -0.0270114
171 -0.0239533 -0.0209115
172 -0.0178139 -0.014729
173 -0.0116042 -0.00848846
174 -0.00534869 -0.00221441
175 0.000927908 0.00406839
176 0.00720085 0.0103351
177 0.0134454 0.0165611
178 0.0196368 0.0227217
179 0.0257508 0.0287926
180 0.0317631 0.0347499
181 0.0376501 0.04057
182 0.0433885 0.0462301
183 0.0489556 0.0517077
184 0.0543296 0.0569812
185 0.0594891 0.0620298
186 0.0644139 0.0668337
187 0.0690844 0.0713737
188 0.0734823 0.0756321
189 0.0775902 0.0795921
190 0.0813919 0.0832379
191 0.0848724 0.0865552
192 0.0880179 0.0895309
193 0.0908161 0.0921532
194 0.0932558 0.0944119
195 0.0953275 0.096298
196 0.097023 0.097804
197 0.0983356 0.0989241
198 0.0992601 0.0996537
199 0.0997929 0.0999901
200 0.0999318 0.0999318
201 0.0996763 0.0994791
202 0.0990275 0.0986339
203 0.0979878 0.0973994
204 0.0965615 0.0957805
205 0.094754 0.0937836
206 0.0925726 0.0914166
207 0.0900259 0.0886887
208 0.0871239 0.0856109
209 0.083878 0.0821952
210 0.0803011 0.0784552
211 0.0764073 0.0744055
212 0.0722119 0.0700621
213 0.0677316 0.0654423
214 0.062984 0.0605642
215 0.0579877 0.055447
216 0.0527627 0.0501111
217 0.0473294 0.0445773
218 0.0417093 0.0388677
219 0.0359246 0.0330047
220 0.0299981 0.0270114
221 0.0239533 0.0209115
222 0.0178139 0.014729
223 0.0116042 0.00848846
224 0.00534869 0.00221441
225 -0.000927908 -0.00406839
226 -0.00720085 -0.0103351
227 -0.0134454 -0.0165611
228 -0.0196368 -0.0227217
229 -0.0257508 -0.0287926
230 -0.0317631 -0.0347499
231 -0.0376501 -0.04057
232 -0.0433885 -0.0462301
233 -0.0489556 -0.0517077
234 -0.0543296 -0.0569812
235 -0.0594891 -0.0620298
236 -0.0644139 -0.0668337
237 -0.0690844 -0.0713737
238 -0.0734823 -0.0756321
239 -0.0775902 -0.0795921
240 -0.0813919 -0.0832379
241 -0.0848724 -0.0865552
242 -0.0880179 -0.0895309
243 -0.0908161 -0.0921532
244 -0.0932558 -0.0944119
245 -0.0953275 -0.096298
246 -0.097023 -0.097804
247 -0.0983356 -0.0989241
248 -0.0992601 -0.0996537
249 -0.0997929 -0.0999901
250 -0.0999318 -0.0999318
251 -0.0996763 -0.0994791
252 -0.0990275 -0.0986339
253 -0.0979878 -0.0973994
254 -0.0965615 -0.0957805
255 -0.094754 -0.0937836
256 -0.0925726 -0.0914166
257 -0.0900259 -0.0886887
258 -0.0871239 -0.0856109
259 -0.083878 -0.0821952
260 -0.0803011 -0.0784552
261 -0.0764073 -0.0744055
262 -0.0722119 -0.0700621
263 -0.0677316 -0.0654423
264 -0.062984 -0.0605642
265 -0.0579877 -0.055447
266 -0.0527627 -0.0501111
267 -0.0473294 -0.0445773
268 -0.0417093 -0.0388677
269 -0.0359246 -0.0330047
270 -0.0299981 -0.0270114
271 -0.0239533 -0.0209115
272 -0.0178139 -0.014729
273 -0.0116042 -0.00848846
274 -0.00534869 -0.00221441
275 0.000927908 0.00406839
276 0.00720085 0.0103351
277 0.0134454 0.0165611
278 0.0196368 0.0227217
279 0.0257508 0.0287926
280 0.0317631 0.0347499
281 0.0376501 0.04057
282 0.0433885 0.0462301
283 0.0489556 0.0517077
284 0.0543296 0.0569812
285 0.0594891 0.0620298
286 0.0644139 0.0668337
287 0.0690844 0.0713737
288 0.0734823 0.0756321
289 0.0775902 0.0795921
290 0.0813919 0.0832379
291 0.0848724 0.0865552
292 0.0880179 0.0895309
293 0.0908161 0.0921532
294 0.0932558 0.0944119
295 0.0953275 0.096298
296 0.097023 0.097804
297 0.0983356 0.0989241
298 0.0992601 0.0996537
299 0.0997929 0.0999901
300 0.0999318 0.0999318
301 0.0996763 0.0994791
302 0.0990275 0.0986339
303 0.0979878 0.0973994
304 0.0965615 0.0957805
305 0.094754 0.0937836
306 0.0925726 0.0914166
307 0.0900259 0.0886887
308 0.0871239 0.0856109
309 0.083878 0.0821952
310 0.0803011 0.0784552
311 0.0764073 0.0744055
312 0.0722119 0.0700621
313 0.0677316 0.0654423
314 0.062984 0.0605642
315 0.0579877 0.055447
316 0.0527627 0.0501111
317 0.0473294 0.0445773
318 0.0417093 0.0388677
319 0.0359246 0.0330047
320 0.0299981 0.0270114
321 0.0239533 0.0209115
322 0.0178139 0.014729
323 0.0116042 0.00848846
324 0.00534869 0.00221441
325 -0.000927908 -0.00406839
326 -0.00720085 -0.0103351
327 -0.0134454 -0.0165611
328 -0.0196368 -0.0227217
329 -0.0257508 -0.0287926
330 -0.0317631 -0.0347499
331 -0.0376501 -0.04057
332 -0.0433885 -0.0462301
333 -0.0489556 -0.0517077
334 -0.0543296 -0.0569812
335 -0.0594891 -0.0620298
336 -0.0644139 -0.0668337
337 -0.0690844 -0.0713737
338 -0.0734823 -0.0756321
339 -0.0775902 -0.0795921
340 -0.0813919 -0.0832379
341 -0.0848724 -0.0865552
342 -0.0880179 -0.0895309
343 -0.0908161 -0.0921532
344 -0.0932558 -0.0944119
345 -0.0953275 -0.096298
346 -0.097023 -0.097804
347 -0.0983356 -0.0989241
348 -0.0992601 -0.0996537
349 -0.0997929 -0.0999901
350 -0.0999318 -0.0999318
351 -0.0996763 -0.0994791
352 -0.0990275 -0.0986339
353 -0.0979878 -0.0973994
354 -0.0965615 -0.0957805
355 -0.094754 -0.0937836
356 -0.0925726 -0.0914166
357 -0.0900259 -0.0886887
358 -0.0871239 -0.0856109
359 -0.083878 -0.0821952
360 -0.0803011 -0.0784552
361 -0.0764073 -0.0744055
362 -0.0722119 -0.0700621
363 -0.0677316 -0.0654423
364 -0.062984 -0.0605642
365 -0.0579877 -0.055447
366 -0.0527627 -0.0501111
367 -0.0473294 -0.0445773
368 -0.0417093 -0.0388677
369 -0.0359246 -0.0330047
370 -0.0299981 -0.0270114
371 -0.0239533 -0.0209115
372 -0.0178139 -0.014729
373 -0.0116042 -0.00848846
374 -0.00534869 -0.00221441
375 0.000927908 0.00406839
376 0.00720085 0.0103351
377 0.0134454 0.0165611
378 0.0196368 0.0227217
379 0.0257508 0.0287926
380 0.0317631 0.0347499
381 0.0376501 0.04057
382 0.0433885 0.0462301
383 0.0489556 0.0517077
384 0.0543296 0.0569812
385 0.0594891 0.0620298
386 0.0644139 0.0668337
387 0.0690844 0.0713737
388 0.0734823 0.0756321
389 0.0775902 0.0795921
390 0.0813919 0.0832379
391 0.0848724 0.0865552
392 0.0880179 0.0895309
393 0.0908161 0.0921532
394 0.0932558 0.0944119
395 0.0953275 0.096298
396 0.097023 0.097804
397 0.0983356 0.0989241
398 0.0992601 0.0996537
399 0.0997929 0.0999901
400 0.0999318 0.0999318
401 0.0996763 0.0994791
402 0.0990275 0.0986339
403 0.0979878 0.0973994
404 0.0965615 0.0957805
405 0.094754 0.0937836
406 0.0925726 0.0914166
407 0.0900259 0.0886887
408 0.0871239 0.0856109
409 0.083878 0.0821952
410 0.0803011 0.0784552
411 0.0764073 0.0744055
412 0.0722119 0.0700621
413 0.0677316 0.0654423
414 0.062984 0.0605642
415 0.0579877 0.055447
416 0.0527627 0.0501111
417 0.0473294 0.0445773
418 0.0417093 0.0388677
419 0.0359246 0.0330047
420 0.0299981 0.0270114
421 0.0239533 0.0209115
422 0.0178139 0.014729
423 0.0116042 0.00848846
424 0.00534869 0.00221441
425 -0.000927908 -0.00406839
426 -0.00720085 -0.0103351
427 -0.0134454 -0.0165611
428 -0.0196368 -0.0227217
429 -0.0257508 -0.0287926
430 -0.0317631 -0.0347499
431 -0.0376501 -0.04057
432 -0.0433885 -0.0462301
433 -0.0489556 -0.0517077
434 -0.0543296 -0.0569812
435 -0.0594891 -0.0620298
436 -0.0644139 -0.0668337
437 -0.0690844 -0.0713737
438 -0.0734823 -0.0756321
439 -0.0775902 -0.0795921
440 -0.0813919 -0.0832379
441 -0.0848724 -0.0865552
442 -0.0880179 -0.0895309
443 -0.0908161 -0.0921532
444 -0.0932558 -0.0944119
445 -0.0953275 -0.096298
446 -0.097023 -0.097804
447 -0.0983356 -0.0989241
448 -0.0992601 -0.0996537
449 -0.0997929 -0.0999901
450 -0.0999318 -0.0999318
451 -0.0996763 -0.0994791
452 -0.0990275 -0.0986339
453 -0.0979878 -0.0973994
454 -0.0965615 -0.0957805
455 -0.094754 -0.0937836
456 -0.0925726 -0.0914166
457 -0.0900259 -0.0886887
458 -0.0871239 -0.0856109
459 -0.083878 -0.0821952
460 -0.0803011 -0.0784552
461 -0.0764073 -0.0744055
462 -0.0722119 -0.0700621
463 -0.0677316 -0.0654423
464 -0.062984 -0.0605642
465 -0.0579877 -0.055447
466 -0.0527627 -0.0501111
467 -0.0473294 -0.0445773
468 -0.0417093 -0.0388677
469 -0.0359246 -0.0330047
470 -0.0299981 -0.0270114
471 -0.0239533 -0.0209115
472 -0.0178139 -0.014729
473 -0.0116042 -0.00848846
474 -0.00534869 -0.00221441
475 0.000927908 0.00406839
476 0.00720085 0.0103351
477 0.0134454 0.0165611
478 0.0196368 0.0227217
479 0.0257508 0.0287926
480 0.0317631 0.0347499
481 0.0376501 0.04057
482 0.0433885 0.0462301
483 0.0489556 0.0517077
484 0.0543296 0.0569812
485 0.0594891 0.0620298
486 0.0644139 0.0668337
487 0.0690844 0.0713737
488 0.0734823 0.0756321
489 0.0775902 0.0795921
490 0.0813919 0.0832379
491 0.0848724 0.0865552
492 0.0880179 0.0895309
493 0.0908161 0.0921532
494 0.0932558 0.0944119
495 0.0953275 0.096298
496 0.097023 0.097804
497 0.0983356 0.0989241
498 0.0992601 0.0996537
499 0.0997929 0.0999901
500 0.0999318 0.0999318
501 0.0996763 0.0994791
502 0.0990275 0.0986339
503 0.0979878 0.0973994
504 0.0965615 0.0957805
505 0.094754 0.0937836
506 0.0925726 0.0914166
507 0.0900259 0.0886887
508 0.0871239 0.0856109
509 0.083878 0.0821952
510 0.0803011 0.0784552
511 0.0764073 0.0744055
512 0.0722119 0.0700621
513 0.0677316 0.0654423
514 0.062984 0.0605642
515 0.0579877 0.055447
516 0.0527627 0.0501111
517 0.0473294 0.0445773
518 0.0417093 0.0388677
519 0.0359246 0.0330047
520 0.0299981 0.0270114
521 0.0239533 0.0209115
522 0.0178139 0.014729
523 0.0116042 0.00848846
524 0.00534869 0.00221441
525 -0.000927908 -0.00406839
526 -0.00720085 -0.0103351
527 -0.0134454 -0.0165611
528 -0.0196368 -0.0227217
529 -0.0257508 -0.0287926
530 -0.0317631 -0.0347499
531 -0.0376501 -0.04057
532 -0.0433885 -0.0462301
533 -0.0489556 -0.0517077
534 -0.0543296 -0.0569812
535 -0.0594891 -0.0620298
536 -0.0644139 -0.0668337
537 -0.0690844 -0.0713737
538 -0.0734823 -0.0756321
539 -0.0775902 -0.0795921
540 -0.0813919 -0.0832379
541 -0.0848724 -0.0865552
542 -0.0880179 -0.0895309
543 -0.0908161 -0.0921532
544 -0.0932558 -0.0944119
545 -0.0953275 -0.096298
546 -0.097023 -0.097804
547 -0.0983356 -0.0989241
548 -0.0992601 -0.0996537
549 -0.0997929 -0.0999901
550 -0.0999318 -0.0999318
551 -0.0996763 -0.0994791
552 -0.0990275 -0.0986339
553 -0.0979878 -0.0973994
554 -0.0965615 -0.0957805
555 -0.094754 -0.0937836
556 -0.0925726 -0.0914166
557 -0.0900259 -0.0886887
558 -0.0871239 -0.0856109
559 -0.083878 -0.0821952
560 -0.0803011 -0.0784552
561 -0.0764073 -0.0744055
562 -0.0722119 -0.0700621
563 -0.0677316 -0.0654423
564 -0.062984 -0.0605642
565 -0.0579877 -0.055447
566 -0.0527627 -0.0501111
567 -0.0473294 -0.0445773
568 -0.0417093 -0.0388677
569 -0.0359246 -0.0330047
570 -0.0299981 -0.0270114
571 -0.0239533 -0.0209115
572 -0.0178139 -0.014729
573 -0.0116042 -0.00848846
574 -0.00534869 -0.00221441
575 0.000927908 0.00406839
576 0.00720085 0.0103351
577 0.0134454 0.0165611
578 0.0196368 0.0227217
579 0.0257508 0.0287926
580 0.0317631 0.0347499
581 0.0376501 0.04057
582 0.0433885 0.0462301
583 0.0489556 0.0517077
584 0.0543296 0.0569812
585 0.0594891 0.0620298
586 0.0644139 0.0668337
587 0.0690844 0.0713737
588 0.0734823 0.0756321
589 0.0775902 0.0795921
590 0.0813919 0.0832379
591 0.0848724 0.0865552
592 0.0880179 0.0895309
593 0.0908161 0.0921532
594 0.0932558 0.0944119
595 0.0953275 0.096298
596 0.097023 0.097804
597 0.0983356 0.0989241
598 0.0992601 0.0996537
599 0.0997929 0.0999901
600 0.0999318 0.0999318
601 0.0996763 0.0994791
602 0.0990275 0.0986339
603 0.0979878 0.0973994
604 0.0965615 0.0957805
605 0.094754 0.0937836
606 0.0925726 0.0914166
607 0.0900259 0.0886887
608 0.0871239 0.0856109
609 0.083878 0.0821952
610 0.0803011 0.0784552
611 0.0764073 0.0744055
612 0.0722119 0.0700621
613 0.0677316 0.0654423
614 0.062984 0.0605642
615 0.0579877 0.055447
616 0.0527627 0.0501111
617 0.0473294 0.0445773
618 0.0417093 0.0388677
619 0.0359246 0.0330047
620 0.0299981 0.0270114
621 0.0239533 0.0209115
622 0.0178139 0.014729
623 0.0116042 0.00848846
624 0.00534869 0.00221441
625 -0.000927908 -0.00406839
626 -0.00720085 -0.0103351
627 -0.0134454 -0.0165611
628 -0.0196368 -0.0227217
629 -0.0257508 -0.0287926
630 -0.0317631 -0.0347499
631 -0.0376501 -0.04057
632 -0.0433885 -0.0462301
633 -0.0489556 -0.0517077
634 -0.0543296 -0.0569812
635 -0.0594891 -0.0620298
636 -0.0644139 -0.0668337
637 -0.0690844 -0.0713737
638 -0.0734823 -0.0756321
639 -0.0775902 -0.0795921
640 -0.0813919 -0.0832379
641 -0.0848724 -0.0865552
642 -0.0880179 -0.0895309
643 -0.0908161 -0.0921532
644 -0.0932558 -0.0944119
645 -0.0953275 -0.096298
646 -0.097023 -0.097804
647 -0.0983356 -0.0989241
648 -0.0992601 -0.0996537
649 -0.0997929 -0.0999901
650 -0.0999318 -0.0999318
651 -0.0996763 -0.0994791
652 -0.0990275 -0.0986339
653 -0.0979878 -0.0973994
654 -0.0965615 -0.0957805
655 -0.094754 -0.0937836
656 -0.0925726 -0.0914166
657 -0.0900259 -0.0886887
658 -0.0871239 -0.0856109
659 -0.083878 -0.0821952
660 -0.0803011 -0.0784552
661 -0.0764073 -0.0744055
662 -0.0722119 -0.0700621
663 -0.0677316 -0.0654423
664 -0.062984 -0.0605642
665 -0.0579877 -0.055447
666 -0.0527627 -0.0501111
667 -0.0473294 -0.0445773
668 -0.0417093 -0.0388677
669 -0.0359246 -0.0330047
670 -0.0299981 -0.0270114
671 -0.0239533 -0.0209115
672 -0.0178139 -0.014729
673 -0.0116042 -0.00848846
674 -0.00534869 -0.00221441
675 0.000927908 0.00406839
676 0.00720085 0.0103351
677 0.0134454 0.0165611
678 0.0196368 0.0227217
679 0.0257508 0.0287926
680 0.0317631 0.0347499
681 0.0376501 0.04057
682 0.0433885 0.0462301
683 0.0489556 0.0517077
684 0.0543296 0.0569812
685 0.0594891 0.0620298
686 0.0644139 0.0668337
687 0.0690844 0.0713737
688 0.0734823 0.0756321
689 0.0775902 0.0795921
690 0.0813919 0.0832379
691 0.0848724 0.0865552
692 0.0880179 0.0895309
693 0.0908161 0.0921532
694 0.0932558 0.0944119
695 0.0953275 0.096298
696 0.097023 0.097804
697 0.0983356 0.0989241
698 0.0992601 0.0996537
699 0.0997929 0.0999901
700 0.0999318 0.0999318
701 0.0996763 0.0994791
702 0.0990275 0.0986339
703 0.0979878 0.0973994
704 0.0965615 0.0957805
705 0.094754 0.0937836
706 0.0925726 0.0914166
707 0.0900259 0.0886887
708 0.0871239 0.0856109
709 0.083878 0.0821952
710 0.0803011 0.0784552
711 0.0764073 0.0744055
712 0.0722119 0.0700621
713 0.0677316 0.0654423
714 0.062984 0.0605642
715 0.0579877 0.055447
716 0.0527627 0.0501111
717 0.0473294 0.0445773
718 0.0417093 0.0388677
719 0.0359246 0.0330047
720 0.0299981 0.0270114
721 0.0239533 0.0209115
722 0.0178139 0.014729
723 0.0116042 0.00848846
724 0.00534869 0.00221441
725 -0.000927908 -0.00406839
726 -0.00720085 -0.0103351
727 -0.0134454 -0.0165611
728 -0.0196368 -0.0227217
729 -0.0257508 -0.0287926
730 -0.0317631 -0.0347499
731 -0.0376501 -0.04057
732 -0.0433885 -0.0462301
733 -0.0489556 -0.0517077
734 -0.0543296 -0.0569812
735 -0.0594891 -0.0620298
736 -0.0644139 -0.0668337
737 -0.0690844 -0.0713737
738 -0.0734823 -0.0756321
739 -0.0775902 -0.0795921
740 -0.0813919 -0.0832379
741 -0.0848724 -0.0865552
742 -0.0880179 -0.0895309
743 -0.0908161 -0.0921532
744 -0.0932558 -0.0944119
745 -0.0953275 -0.096298
746 -0.097023 -0.097804
747 -0.0983356 -0.0989241
748 -0.0992601 -0.0996537
749 -0.0997929 -0.0999901
750 -0.0999318 -0.0999318
751 -0.0996763 -0.0994791
752 -0.0990275 -0.0986339
753 -0.0979878 -0.0973994
754 -0.0965615 -0.0957805
755 -0.094754 -0.0937836
756 -0.0925726 -0.0914166
757 -0.0900259 -0.0886887
758 -0.0871239 -0.0856109
759 -0.083878 -0.0821952
760 -0.0803011 -0.0784552
761 -0.0764073 -0.0744055
762 -0.0722119 -0.0700621
763 -0.0677316 -0.0654423
764 -0.062984 -0.0605642
765 -0.0579877 -0.055447
766 -0.0527627 -0.0501111
767 -0.0473294 -0.0445773
768 -0.0417093 -0.0388677
769 -0.0359246 -0.0330047
770 -0.0299981 -0.0270114
771 -0.0239533 -0.0209115
772 -0.0178139 -0.014729
773 -0.0116042 -0.00848846
774 -0.00534869 -0.00221441
775 0.000927908 0.00406839
776 0.00720085 0.0103351
777 0.0134454 0.0165611
778 0.0196368 0.0227217
779 0.0257508 0.0287926
780 0.0317631 0.0347499
781 0.0376501 0.04057
782 0.0433885 0.0462301
783 0.0489556 0.0517077
784 0.0543296 0.0569812
785 0.0594891 0.0620298
786 0.0644139 0.0668337
787 0.0690844 0.0713737
788 0.0734823 0.0756321
789 0.0775902 0.0795921
790 0.0813919 0.0832379
791 0.0848724 0.0865552
792 0.0880179 0.0895309
793 0.0908161 0.0921532
794 0.0932558 0.0944119
795 0.0953275 0.096298
796 0.097023 0.097804
797 0.0983356 0.0989241
798 0.0992601 0.0996537
799 0.0997929 0.0999901
800 0.0999318 0.0999318
801 0.0996763 0.0994791
802 0.0990275 0.0986339
803 0.0979878 0.0973994
804 0.0965615 0.0957805
805 0.094754 0.0937836
806 0.0925726 0.0914166
807 0.0900259 0.0886887
808 0.0871239 0.0856109
809 0.083878 0.0821952
810 0.0803011 0.0784552
811 0.0764073 0.0744055
812 0.0722119 0.0700621
813 0.0677316 0.0654423
814 0.062984 0.0605642
815 0.0579877 0.055447
816 0.0527627 0.0501111
817 0.0473294 0.0445773
818 0.0417093 0.0388677
819 0.0359246 0.0330047
820 0.0299981 0.0270114
821 0.0239533 0.0209115
822 0.0178139 0.014729
823 0.0116042 0.00848846
824 0.00534869 0.00221441
825 -0.000927908 -0.00406839
826 -0.00720085 -0.0103351
827 -0.0134454 -0.0165611
828 -0.0196368 -0.0227217
829 -0.0257508 -0.0287926
830 -0.0317631 -0.0347499
831 -0.0376501 -0.04057
832 -0.0433885 -0.0462301
833 -0.0489556 -0.0517077
834 -0.0543296 -0.0569812
835 -0.0594891 -0.0620298
836 -0.0644139 -0.0668337
837 -0.0690844 -0.0713737
838 -0.0734823 -0.0756321
839 -0.0775902 -0.0795921
840 -0.0813919 -0.0832379
841 -0.0848724 -0.0865552
842 -0.0880179 -0.0895309
843 -0.0908161 -0.0921532
844 -0.0932558 -0.0944119
845 -0.0953275 -0.096298
846 -0.097023 -0.097804
847 -0.0983356 -0.0989241
848 -0.0992601 -0.0996537
849 -0.0997929 -0.0999901
850 -0.0999318 -0.0999318
851 -0.0996763 -0.0994791
852 -0.0990275 -0.0986339
853 -0.0979878 -0.0973994
854 -0.0965615 -0.0957805
855 -0.094754 -0.0937836
856 -0.0925726 -0.0914166
857 -0.0900259 -0.0886887
858 -0.0871239 -0.0856109
859 -0.083878 -0.0821952
860 -0.0803011 -0.0784552
861 -0.0764073 -0.0744055
862 -0.0722119 -0.0700621
863 -0.0677316 -0.0654423
864 -0.062984 -0.0605642
865 -0.0579877 -0.055447
866 -0.0527627 -0.0501111
867 -0.0473294 -0.0445773
868 -0.0417093 -0.0388677
869 -0.0359246 -0.0330047
870 -0.0299981 -0.0270114
871 -0.0239533 -0.0209115
872 -0.0178139 -0.014729
873 -0.0116042 -0.00848846
874 -0.00534869 -0.00221441
875 0.000927908 0.00406839
876 0.00720085 0.0103351
877 0.0134454 0.0165611
878 0.0196368 0.0227217
879 0.0257508 0.0287926
880 0.0317631 0.0347499
881 0.0376501 0.04057
882 0.0433885 0.0462301
883 0.0489556 0.0517077
884 0.0543296 0.0569812
885 0.0594891 0.0620298
886 0.0644139 0.0668337
887 0.0690844 0.0713737
888 0.0734823 0.0756321
889 0.0775902 0.0795921
890 0.0813919 0.0832379
891 0.0848724 0.0865552
892 0.0880179 0.0895309
893 0.0908161 0.0921532
894 0.0932558 0.0944119
895 0.0953275 0.096298
896 0.097023 0.097804
897 0.0983356 0.0989241
898 0.0992601 0.0996537
899 0.0997929 0.0999901
900 0.0999318 0.0999318
901 0.0996763 0.0994791
902 0.0990275 0.0986339
903 0.0979878 0.0973994
904 0.0965615 0.0957805
905 0.094754 0.0937836
906 0.0925726 0.0914166
907 0.0900259 0.0886887
908 0.0871239 0.0856109
909 0.083878 0.0821952
910 0.0803011 0.0784552
911 0.0764073 0.0744055
912 0.0722119 0.0700621
913 0.0677316 0.0654423
914 0.062984 0.0605642
915 0.0579877 0.055447
916 0.0527627 0.0501111
917 0.0473294 0.0445773
918 0.0417093 0.0388677
919 0.0359246 0.0330047
920 0.0299981 0.0270114
921 0.0239533 0.0209115
922 0.0178139 0.014729
923 0.0116042 0.00848846
924 0.00534869 0.00221441
925 -0.000927908 -0.00406839
926 -0.00720085 -0.0103351
927 -0.0134454 -0.0165611
928 -0.0196368 -0.0227217
929 -0.0257508 -0.0287926
930 -0.0317631 -0.0347499
931 -0.0376501 -0.04057
932 -0.0433885 -0.0462301
933 -0.0489556 -0.0517077
934 -0.0543296 -0.0569812
935 -0.0594891 -0.0620298
936 -0.0644139 -0.0668337
937 -0.0690844 -0.0713737
938 -0.0734823 -0.0756321
939 -0.0775902 -0.0795921
940 -0.0813919 -0.0832379
941 -0.0848724 -0.0865552
942 -0.0880179 -0.0895309
943 -0.0908161 -0.0921532
944 -0.0932558 -0.0944119
945 -0.0953275 -0.096298
946 -0.097023 -0.097804
947 -0.0983356 -0.0989241
948 -0.0992601 -0.0996537
949 -0.0997929 -0.0999901
950 -0.0999318 -0.0999318
951 -0.0996763 -0.0994791
952 -0.0990275 -0.0986339
953 -0.0979878 -0.0973994
954 -0.0965615 -0.0957805
955 -0.094754 -0.0937836
956 -0.0925726 -0.0914166
957 -0.0900259 -0.0886887
958 -0.0871239 -0.0856109
959 -0.083878 -0.0821952
960 -0.0803011 -0.0784552
961 -0.0764073 -0.0744055
962 -0.0722119 -0.0700621
963 -0.0677316 -0.0654423
964 -0.062984 -0.0605642
965 -0.0579877 -0.055447
966 -0.0527627 -0.0501111
967 -0.0473294 -0.0445773
968 -0.0417093 -0.0388677
969 -0.0359246 -0.0330047
970 -0.0299981 -0.0270114
971 -0.0239533 -0.0209115
972 -0.0178139 -0.014729
973 -0.0116042 -0.00848846
974 -0.00534869 -0.00221441
975 0.000927908 0.00406839
976 0.00720085 0.0103351
977 0.0134454 0.0165611
978 0.0196368 0.0227217
979 0.0257508 0.0287926
980 0.0317631 0.0347499
981 0.0376501 0.04057
982 0.0433885 0.0462301
983 0.0489556 0.0517077
984 0.0543296 0.0569812
985 0.0594891 0.0620298
986 0.0644139 0.0668337
987 0.0690844 0.0713737
988 0.0734823 0.0756321
989 0.0775902 0.0795921
990 0.0813919 0.0832379
991 0.0848724 0.0865552
992 0.0880179 0.0895309
993 0.0908161 0.0921532
994 0.0932558 0.0944119
995 0.0953275 0.096298
996 0.097023 0.097804
997 0.0983356 0.0989241
998 0.0992601 0.0996537
999 0.0997929 0.0999901
