0 -0.0479894 -0.0479894
1 -0.0424339 -0.0423392
2 -0.0367109 -0.0365218
3 -0.030843 -0.0305604
4 -0.0248534 -0.0244784
5 -0.0187657 -0.0182997
6 -0.012604 -0.0120488
7 -0.00639253 -0.0057504
8 -0.000155828 0.000570718
9 0.00608149 0.00688959
10 0.0122948 0.0131813
11 0.0184596 0.0194209
12 0.0245515 0.0255839
13 0.0305466 0.031646
14 0.0364211 0.0375831
15 0.0421519 0.043372
16 0.0477163 0.0489896
17 0.0530924 0.0544139
18 0.0582589 0.0596235
19 0.0631956 0.0645978
20 0.0678828 0.0693171
21 0.0723021 0.0737629
22 0.0764361 0.0779175
23 0.0802684 0.0817647
24 0.083784 0.0852891
25 0.0869689 0.088477
26 0.0898105 0.0913157
27 0.0922978 0.093794
28 0.0944207 0.0959021
29 0.0961711 0.0976318
30 0.0975418 0.0989762
31 0.0985277 0.0999299
32 0.0991247 0.100489
33 0.0993305 0.100652
34 0.0991442 0.100418
35 0.0985667 0.0997868
36 0.0976002 0.0987623
37 0.0962486 0.0973479
38 0.094517 0.0955494
39 0.0924125 0.0933738
40 0.0899432 0.0908297
41 0.087119 0.0879271
42 0.083951 0.0846775
43 0.0804516 0.0810938
44 0.0766348 0.0771899
45 0.0725155 0.0729815
46 0.06811 0.068485
47 0.0634357 0.0637183
48 0.058511 0.0587001
49 0.0533555 0.0534502
50 0.0479894 0.0479894
51 0.0424339 0.0423392
52 0.0367109 0.0365218
53 0.030843 0.0305604
54 0.0248534 0.0244784
55 0.0187657 0.0182997
56 0.012604 0.0120488
57 0.00639253 0.0057504
58 0.000155828 -0.000570718
59 -0.00608149 -0.00688959
60 -0.0122948 -0.0131813
61 -0.0184596 -0.0194209
62 -0.0245515 -0.0255839
63 -0.0305466 -0.031646
64 -0.0364211 -0.0375831
65 -0.0421519 -0.043372
66 -0.0477163 -0.0489896
67 -0.0530924 -0.0544139
68 -0.0582589 -0.0596235
69 -0.0631956 -0.0645978
70 -0.0678828 -0.0693171
71 -0.0723021 -0.0737629
72 -0.0764361 -0.0779175
73 -0.0802684 -0.0817647
74 -0.083784 -0.0852891
75 -0.0869689 -0.088477
76 -0.0898105 -0.0913157
77 -0.0922978 -0.093794
78 -0.0944207 -0.0959021
79 -0.0961711 -0.0976318
80 -0.0975418 -0.0989762
81 -0.0985277 -0.0999299
82 -0.0991247 -0.100489
83 -0.0993305 -0.100652
84 -0.0991442 -0.100418
85 -0.0985667 -0.0997868
86 -0.0976002 -0.0987623
87 -0.0962486 -0.0973479
88 -0.094517 -0.0955494
89 -0.0924125 -0.0933738
90 -0.0899432 -0.0908297
91 -0.087119 -0.0879271
92 -0.083951 -0.0846775
93 -0.0804516 -0.0810938
94 -0.0766348 -0.0771899
95 -0.0725155 -0.0729815
96 -0.06811 -0.068485
97 -0.0634357 -0.0637183
98 -0.058511 -0.0587001
99 -0.0533555 -0.0534502
100 -0.0479894 -0.0479894
101 -0.0424339 -0.0423392
102 -0.0367109 -0.0365218
103 -0.030843 -0.0305604
104 -0.0248534 -0.0244784
105 -0.0187657 -0.0182997
106 -0.012604 -0.0120488
107 -0.00639253 -0.0057504
108 -0.000155828 0.000570718
109 0.00608149 0.00688959
110 0.0122948 0.0131813
111 0.0184596 0.0194209
112 0.0245515 0.0255839
113 0.0305466 0.031646
114 0.0364211 0.0375831
115 0.0421519 0.043372
116 0.0477163 0.0489896
117 0.0530924 0.0544139
118 0.0582589 0.0596235
119 0.0631956 0.0645978
120 0.0678828 0.0693171
121 0.0723021 0.0737629
122 0.0764361 0.0779175
123 0.0802684 0.0817647
124 0.083784 0.0852891
125 0.0869689 0.088477
126 0.0898105 0.0913157
127 0.0922978 0.093794
128 0.0944207 0.0959021
129 0.0961711 0.0976318
130 0.0975418 0.0989762
131 0.0985277 0.0999299
132 0.0991247 0.100489
133 0.0993305 0.100652
134 0.0991442 0.100418
135 0.0985667 0.0997868
136 0.0976002 0.0987623
137 0.0962486 0.0973479
138 0.094517 0.0955494
139 0.0924125 0.0933738
140 0.0899432 0.0908297
141 0.087119 0.0879271
142 0.083951 0.0846775
143 0.0804516 0.0810938
144 0.0766348 0.0771899
145 0.0725155 0.0729815
146 0.06811 0.068485
147 0.0634357 0.0637183
148 0.058511 0.0587001
149 0.0533555 0.0534502
150 0.0479894 0.0479894
151 0.0424339 0.0423392
152 0.0367109 0.0365218
153 0.030843 0.0305604
154 0.0248534 0.0244784
155 0.0187657 0.0182997
156 0.012604 0.0120488
157 0.00639253 0.0057504
158 0.000155828 -0.000570718
159 -0.00608149 -0.00688959
160 -0.0122948 -0.0131813
161 -0.0184596 -0.0194209
162 -0.0245515 -0.0255839
163 -0.0305466 -0.031646
164 -0.0364211 -0.0375831
165 -0.0421519 -0.043372
166 -0.0477163 -0.0489896
167 -0.0530924 -0.0544139
168 -0.0582589 -0.0596235
169 -0.0631956 -0.0645978
170 -0.0678828 -0.0693171
171 -0.0723021 -0.0737629
172 -0.0764361 -0.0779175
173 -0.0802684 -0.0817647
174 -0.083784 -0.0852891
175 -0.0869689 -0.088477
176 -0.0898105 -0.0913157
177 -0.0922978 -0.093794
178 -0.0944207 -0.0959021
179 -0.0961711 -0.0976318
180 -0.0975418 -0.0989762
181 -0.0985277 -0.0999299
182 -0.0991247 -0.100489
183 -0.0993305 -0.100652
184 -0.0991442 -0.100418
185 -0.0985667 -0.0997868
186 -0.0976002 -0.0987623
187 -0.0962486 -0.0973479
188 -0.094517 -0.0955494
189 -0.0924125 -0.0933738
190 -0.0899432 -0.0908297
191 -0.087119 -0.0879271
192 -0.083951 -0.0846775
193 -0.0804516 -0.0810938
194 -0.0766348 -0.0771899
195 -0.0725155 -0.0729815
196 -0.06811 -0.068485
197 -0.0634357 -0.0637183
198 -0.058511 -0.0587001
199 -0.0533555 -0.0534502
200 -0.0479894 -0.0479894
201 -0.0424339 -0.0423392
202 -0.0367109 -0.0365218
203 -0.030843 -0.0305604
204 -0.0248534 -0.0244784
205 -0.0187657 -0.0182997
206 -0.012604 -0.0120488
207 -0.00639253 -0.0057504
208 -0.000155828 0.000570718
209 0.00608149 0.00688959
210 0.0122948 0.0131813
211 0.0184596 0.0194209
212 0.0245515 0.0255839
213 0.0305466 0.031646
214 0.0364211 0.0375831
215 0.0421519 0.043372
216 0.0477163 0.0489896
217 0.0530924 0.0544139
218 0.0582589 0.0596235
219 0.0631956 0.0645978
220 0.0678828 0.0693171
221 0.0723021 0.0737629
222 0.0764361 0.0779175
223 0.0802684 0.0817647
224 0.083784 0.0852891
225 0.0869689 0.088477
226 0.0898105 0.0913157
227 0.0922978 0.093794
228 0.0944207 0.0959021
229 0.0961711 0.0976318
230 0.0975418 0.0989762
231 0.0985277 0.0999299
232 0.0991247 0.100489
233 0.0993305 0.100652
234 0.0991442 0.100418
235 0.0985667 0.0997868
236 0.0976002 0.0987623
237 0.0962486 0.0973479
238 0.094517 0.0955494
239 0.0924125 0.0933738
240 0.0899432 0.0908297
241 0.087119 0.0879271
242 0.083951 0.0846775
243 0.0804516 0.0810938
244 0.0766348 0.0771899
245 0.0725155 0.0729815
246 0.06811 0.068485
247 0.0634357 0.0637183
248 0.058511 0.0587001
249 0.0533555 0.0534502
250 0.0479894 0.0479894
251 0.0424339 0.0423392
252 0.0367109 0.0365218
253 0.030843 0.0305604
254 0.0248534 0.0244784
255 0.0187657 0.0182997
256 0.012604 0.0120488
257 0.00639253 0.0057504
258 0.000155828 -0.000570718
259 -0.00608149 -0.00688959
260 -0.0122948 -0.0131813
261 -0.0184596 -0.0194209
262 -0.0245515 -0.0255839
263 -0.0305466 -0.031646
264 -0.0364211 -0.0375831
265 -0.0421519 -0.043372
266 -0.0477163 -0.0489896
267 -0.0530924 -0.0544139
268 -0.0582589 -0.0596235
269 -0.0631956 -0.0645978
270 -0.0678828 -0.0693171
271 -0.0723021 -0.0737629
272 -0.0764361 -0.0779175
273 -0.0802684 -0.0817647
274 -0.083784 -0.0852891
275 -0.0869689 -0.088477
276 -0.0898105 -0.0913157
277 -0.0922978 -0.093794
278 -0.0944207 -0.0959021
279 -0.0961711 -0.0976318
280 -0.0975418 -0.0989762
281 -0.0985277 -0.0999299
282 -0.0991247 -0.100489
283 -0.0993305 -0.100652
284 -0.0991442 -0.100418
285 -0.0985667 -0.0997868
286 -0.0976002 -0.0987623
287 -0.0962486 -0.0973479
288 -0.094517 -0.0955494
289 -0.0924125 -0.0933738
290 -0.0899432 -0.0908297
291 -0.087119 -0.0879271
292 -0.083951 -0.0846775
293 -0.0804516 -0.0810938
294 -0.0766348 -0.0771899
295 -0.0725155 -0.0729815
296 -0.06811 -0.068485
297 -0.0634357 -0.0637183
298 -0.058511 -0.0587001
299 -0.0533555 -0.0534502
300 -0.0479894 -0.0479894
301 -0.0424339 -0.0423392
302 -0.0367109 -0.0365218
303 -0.030843 -0.0305604
304 -0.0248534 -0.0244784
305 -0.0187657 -0.0182997
306 -0.012604 -0.0120488
307 -0.00639253 -0.0057504
308 -0.000155828 0.000570718
309 0.00608149 0.00688959
310 0.0122948 0.0131813
311 0.0184596 0.0194209
312 0.0245515 0.0255839
313 0.0305466 0.031646
314 0.0364211 0.0375831
315 0.0421519 0.043372
316 0.0477163 0.0489896
317 0.0530924 0.0544139
318 0.0582589 0.0596235
319 0.0631956 0.0645978
320 0.0678828 0.0693171
321 0.0723021 0.0737629
322 0.0764361 0.0779175
323 0.0802684 0.0817647
324 0.083784 0.0852891
325 0.0869689 0.088477
326 0.0898105 0.0913157
327 0.0922978 0.093794
328 0.0944207 0.0959021
329 0.0961711 0.0976318
330 0.0975418 0.0989762
331 0.0985277 0.0999299
332 0.0991247 0.100489
333 0.0993305 0.100652
334 0.0991442 0.100418
335 0.0985667 0.0997868
336 0.0976002 0.0987623
337 0.0962486 0.0973479
338 0.094517 0.0955494
339 0.0924125 0.0933738
340 0.0899432 0.0908297
341 0.087119 0.0879271
342 0.083951 0.0846775
343 0.0804516 0.0810938
344 0.0766348 0.0771899
345 0.0725155 0.0729815
346 0.06811 0.068485
347 0.0634357 0.0637183
348 0.058511 0.0587001
349 0.0533555 0.0534502
350 0.0479894 0.0479894
351 0.0424339 0.0423392
352 0.0367109 0.0365218
353 0.030843 0.0305604
354 0.0248534 0.0244784
355 0.0187657 0.0182997
356 0.012604 0.0120488
357 0.00639253 0.0057504
358 0.000155828 -0.000570718
359 -0.00608149 -0.00688959
360 -0.0122948 -0.0131813
361 -0.0184596 -0.0194209
362 -0.0245515 -0.0255839
363 -0.0305466 -0.031646
364 -0.0364211 -0.0375831
365 -0.0421519 -0.043372
366 -0.0477163 -0.0489896
367 -0.0530924 -0.0544139
368 -0.0582589 -0.0596235
369 -0.0631956 -0.0645978
370 -0.0678828 -0.0693171
371 -0.0723021 -0.0737629
372 -0.0764361 -0.0779175
373 -0.0802684 -0.0817647
374 -0.083784 -0.0852891
375 -0.0869689 -0.088477
376 -0.0898105 -0.0913157
377 -0.0922978 -0.093794
378 -0.0944207 -0.0959021
379 -0.0961711 -0.0976318
380 -0.0975418 -0.0989762
381 -0.0985277 -0.0999299
382 -0.0991247 -0.100489
383 -0.0993305 -0.100652
384 -0.0991442 -0.100418
385 -0.0985667 -0.0997868
386 -0.0976002 -0.0987623
387 -0.0962486 -0.0973479
388 -0.094517 -0.0955494
389 -0.0924125 -0.0933738
390 -0.0899432 -0.0908297
391 -0.087119 -0.0879271
392 -0.083951 -0.0846775
393 -0.0804516 -0.0810938
394 -0.0766348 -0.0771899
395 -0.0725155 -0.0729815
396 -0.06811 -0.068485
397 -0.0634357 -0.0637183
398 -0.058511 -0.0587001
399 -0.0533555 -0.0534502
400 -0.0479894 -0.0479894
401 -0.0424339 -0.0423392
402 -0.0367109 -0.0365218
403 -0.030843 -0.0305604
404 -0.0248534 -0.0244784
405 -0.0187657 -0.0182997
406 -0.012604 -0.0120488
407 -0.00639253 -0.0057504
408 -0.000155828 0.000570718
409 0.00608149 0.00688959
410 0.0122948 0.0131813
411 0.0184596 0.0194209
412 0.0245515 0.0255839
413 0.0305466 0.031646
414 0.0364211 0.0375831
415 0.0421519 0.043372
416 0.0477163 0.0489896
417 0.0530924 0.0544139
418 0.0582589 0.0596235
419 0.0631956 0.0645978
420 0.0678828 0.0693171
421 0.0723021 0.0737629
422 0.0764361 0.0779175
423 0.0802684 0.0817647
424 0.083784 0.0852891
425 0.0869689 0.088477
426 0.0898105 0.0913157
427 0.0922978 0.093794
428 0.0944207 0.0959021
429 0.0961711 0.0976318
430 0.0975418 0.0989762
431 0.0985277 0.0999299
432 0.0991247 0.100489
433 0.0993305 0.100652
434 0.0991442 0.100418
435 0.0985667 0.0997868
436 0.0976002 0.0987623
437 0.0962486 0.0973479
438 0.094517 0.0955494
439 0.0924125 0.0933738
440 0.0899432 0.0908297
441 0.087119 0.0879271
442 0.083951 0.0846775
443 0.0804516 0.0810938
444 0.0766348 0.0771899
445 0.0725155 0.0729815
446 0.06811 0.068485
447 0.0634357 0.0637183
448 0.058511 0.0587001
449 0.0533555 0.0534502
450 0.0479894 0.0479894
451 0.0424339 0.0423392
452 0.0367109 0.0365218
453 0.030843 0.0305604
454 0.0248534 0.0244784
455 0.0187657 0.0182997
456 0.012604 0.0120488
457 0.00639253 0.0057504
458 0.000155828 -0.000570718
459 -0.00608149 -0.00688959
460 -0.0122948 -0.0131813
461 -0.0184596 -0.0194209
462 -0.0245515 -0.0255839
463 -0.0305466 -0.031646
464 -0.0364211 -0.0375831
465 -0.0421519 -0.043372
466 -0.0477163 -0.0489896
467 -0.0530924 -0.0544139
468 -0.0582589 -0.0596235
469 -0.0631956 -0.0645978
470 -0.0678828 -0.0693171
471 -0.0723021 -0.0737629
472 -0.0764361 -0.0779175
473 -0.0802684 -0.0817647
474 -0.083784 -0.0852891
475 -0.0869689 -0.088477
476 -0.0898105 -0.0913157
477 -0.0922978 -0.093794
478 -0.0944207 -0.0959021
479 -0.0961711 -0.0976318
480 -0.0975418 -0.0989762
481 -0.0985277 -0.0999299
482 -0.0991247 -0.100489
483 -0.0993305 -0.100652
484 -0.0991442 -0.100418
485 -0.0985667 -0.0997868
486 -0.0976002 -0.0987623
487 -0.0962486 -0.0973479
488 -0.094517 -0.0955494
489 -0.0924125 -0.0933738
490 -0.0899432 -0.0908297
491 -0.087119 -0.0879271
492 -0.083951 -0.0846775
493 -0.0804516 -0.0810938
494 -0.0766348 -0.0771899
495 -0.0725155 -0.0729815
496 -0.06811 -0.068485
497 -0.0634357 -0.0637183
498 -0.058511 -0.0587001
499 -0.0533555 -0.0534502
500 -0.0479894 -0.0479894
501 -0.0424339 -0.0423392
502 -0.0367109 -0.0365218
503 -0.030843 -0.0305604
504 -0.0248534 -0.0244784
505 -0.0187657 -0.0182997
506 -0.012604 -0.0120488
507 -0.00639253 -0.0057504
508 -0.000155828 0.000570718
509 0.00608149 0.00688959
510 0.0122948 0.0131813
511 0.0184596 0.0194209
512 0.0245515 0.0255839
513 0.0305466 0.031646
514 0.0364211 0.0375831
515 0.0421519 0.043372
516 0.0477163 0.0489896
517 0.0530924 0.0544139
518 0.0582589 0.0596235
519 0.0631956 0.0645978
520 0.0678828 0.0693171
521 0.0723021 0.0737629
522 0.0764361 0.0779175
523 0.0802684 0.0817647
524 0.083784 0.0852891
525 0.0869689 0.088477
526 0.0898105 0.0913157
527 0.0922978 0.093794
528 0.0944207 0.0959021
529 0.0961711 0.0976318
530 0.0975418 0.0989762
531 0.0985277 0.0999299
532 0.0991247 0.100489
533 0.0993305 0.100652
534 0.0991442 0.100418
535 0.0985667 0.0997868
536 0.0976002 0.0987623
537 0.0962486 0.0973479
538 0.094517 0.0955494
539 0.0924125 0.0933738
540 0.0899432 0.0908297
541 0.087119 0.0879271
542 0.083951 0.0846775
543 0.0804516 0.0810938
544 0.0766348 0.0771899
545 0.0725155 0.0729815
546 0.06811 0.068485
547 0.0634357 0.0637183
548 0.058511 0.0587001
549 0.0533555 0.0534502
550 0.0479894 0.0479894
551 0.0424339 0.0423392
552 0.0367109 0.0365218
553 0.030843 0.0305604
554 0.0248534 0.0244784
555 0.0187657 0.0182997
556 0.012604 0.0120488
557 0.00639253 0.0057504
558 0.000155828 -0.000570718
559 -0.00608149 -0.00688959
560 -0.0122948 -0.0131813
561 -0.0184596 -0.0194209
562 -0.0245515 -0.0255839
563 -0.0305466 -0.031646
564 -0.0364211 -0.0375831
565 -0.0421519 -0.043372
566 -0.0477163 -0.0489896
567 -0.0530924 -0.0544139
568 -0.0582589 -0.0596235
569 -0.0631956 -0.0645978
570 -0.0678828 -0.0693171
571 -0.0723021 -0.0737629
572 -0.0764361 -0.0779175
573 -0.0802684 -0.0817647
574 -0.083784 -0.0852891
575 -0.0869689 -0.088477
576 -0.0898105 -0.0913157
577 -0.0922978 -0.093794
578 -0.0944207 -0.0959021
579 -0.0961711 -0.0976318
580 -0.0975418 -0.0989762
581 -0.0985277 -0.0999299
582 -0.0991247 -0.100489
583 -0.0993305 -0.100652
584 -0.0991442 -0.100418
585 -0.0985667 -0.0997868
586 -0.0976002 -0.0987623
587 -0.0962486 -0.0973479
588 -0.094517 -0.0955494
589 -0.0924125 -0.0933738
590 -0.0899432 -0.0908297
591 -0.087119 -0.0879271
592 -0.083951 -0.0846775
593 -0.0804516 -0.0810938
594 -0.0766348 -0.0771899
595 -0.0725155 -0.0729815
596 -0.06811 -0.068485
597 -0.0634357 -0.0637183
598 -0.058511 -0.0587001
599 -0.0533555 -0.0534502
600 -0.0479894 -0.0479894
601 -0.0424339 -0.0423392
602 -0.0367109 -0.0365218
603 -0.030843 -0.0305604
604 -0.0248534 -0.0244784
605 -0.0187657 -0.0182997
606 -0.012604 -0.0120488
607 -0.00639253 -0.0057504
608 -0.000155828 0.000570718
609 0.00608149 0.00688959
610 0.0122948 0.0131813
611 0.0184596 0.0194209
612 0.0245515 0.0255839
613 0.0305466 0.031646
614 0.0364211 0.0375831
615 0.0421519 0.043372
616 0.0477163 0.0489896
617 0.0530924 0.0544139
618 0.0582589 0.0596235
619 0.0631956 0.0645978
620 0.0678828 0.0693171
621 0.0723021 0.0737629
622 0.0764361 0.0779175
623 0.0802684 0.0817647
624 0.083784 0.0852891
625 0.0869689 0.088477
626 0.0898105 0.0913157
627 0.0922978 0.093794
628 0.0944207 0.0959021
629 0.0961711 0.0976318
630 0.0975418 0.0989762
631 0.0985277 0.0999299
632 0.0991247 0.100489
633 0.0993305 0.100652
634 0.0991442 0.100418
635 0.0985667 0.0997868
636 0.0976002 0.0987623
637 0.0962486 0.0973479
638 0.094517 0.0955494
639 0.0924125 0.0933738
640 0.0899432 0.0908297
641 0.087119 0.0879271
642 0.083951 0.0846775
643 0.0804516 0.0810938
644 0.0766348 0.0771899
645 0.0725155 0.0729815
646 0.06811 0.068485
647 0.0634357 0.0637183
648 0.058511 0.0587001
649 0.0533555 0.0534502
650 0.0479894 0.0479894
651 0.0424339 0.0423392
652 0.0367109 0.0365218
653 0.030843 0.0305604
654 0.0248534 0.0244784
655 0.0187657 0.0182997
656 0.012604 0.0120488
657 0.00639253 0.0057504
658 0.000155828 -0.000570718
659 -0.00608149 -0.00688959
660 -0.0122948 -0.0131813
661 -0.0184596 -0.0194209
662 -0.0245515 -0.0255839
663 -0.0305466 -0.031646
664 -0.0364211 -0.0375831
665 -0.0421519 -0.043372
666 -0.0477163 -0.0489896
667 -0.0530924 -0.0544139
668 -0.0582589 -0.0596235
669 -0.0631956 -0.0645978
670 -0.0678828 -0.0693171
671 -0.0723021 -0.0737629
672 -0.0764361 -0.0779175
673 -0.0802684 -0.0817647
674 -0.083784 -0.0852891
675 -0.0869689 -0.088477
676 -0.0898105 -0.0913157
677 -0.0922978 -0.093794
678 -0.0944207 -0.0959021
679 -0.0961711 -0.0976318
680 -0.0975418 -0.0989762
681 -0.0985277 -0.0999299
682 -0.0991247 -0.100489
683 -0.0993305 -0.100652
684 -0.0991442 -0.100418
685 -0.0985667 -0.0997868
686 -0.0976002 -0.0987623
687 -0.0962486 -0.0973479
688 -0.094517 -0.0955494
689 -0.0924125 -0.0933738
690 -0.0899432 -0.0908297
691 -0.087119 -0.0879271
692 -0.083951 -0.0846775
693 -0.0804516 -0.0810938
694 -0.0766348 -0.0771899
695 -0.0725155 -0.0729815
696 -0.06811 -0.068485
697 -0.0634357 -0.0637183
698 -0.058511 -0.0587001
699 -0.0533555 -0.0534502
700 -0.0479894 -0.0479894
701 -0.0424339 -0.0423392
702 -0.0367109 -0.0365218
703 -0.030843 -0.0305604
704 -0.0248534 -0.0244784
705 -0.0187657 -0.0182997
706 -0.012604 -0.0120488
707 -0.00639253 -0.0057504
708 -0.000155828 0.000570718
709 0.00608149 0.00688959
710 0.0122948 0.0131813
711 0.0184596 0.0194209
712 0.0245515 0.0255839
713 0.0305466 0.031646
714 0.0364211 0.0375831
715 0.0421519 0.043372
716 0.0477163 0.0489896
717 0.0530924 0.0544139
718 0.0582589 0.0596235
719 0.0631956 0.0645978
720 0.0678828 0.0693171
721 0.0723021 0.0737629
722 0.0764361 0.0779175
723 0.0802684 0.0817647
724 0.083784 0.0852891
725 0.0869689 0.088477
726 0.0898105 0.0913157
727 0.0922978 0.093794
728 0.0944207 0.0959021
729 0.0961711 0.0976318
730 0.0975418 0.0989762
731 0.0985277 0.0999299
732 0.0991247 0.100489
733 0.0993305 0.100652
734 0.0991442 0.100418
735 0.0985667 0.0997868
736 0.0976002 0.0987623
737 0.0962486 0.0973479
738 0.094517 0.0955494
739 0.0924125 0.0933738
740 0.0899432 0.0908297
741 0.087119 0.0879271
742 0.083951 0.0846775
743 0.0804516 0.0810938
744 0.0766348 0.0771899
745 0.0725155 0.0729815
746 0.06811 0.068485
747 0.0634357 0.0637183
748 0.058511 0.0587001
749 0.0533555 0.0534502
750 0.0479894 0.0479894
751 0.0424339 0.0423392
752 0.0367109 0.0365218
753 0.030843 0.0305604
754 0.0248534 0.0244784
755 0.0187657 0.0182997
756 0.012604 0.0120488
757 0.00639253 0.0057504
758 0.000155828 -0.000570718
759 -0.00608149 -0.00688959
760 -0.0122948 -0.0131813
761 -0.0184596 -0.0194209
762 -0.0245515 -0.0255839
763 -0.0305466 -0.031646
764 -0.0364211 -0.0375831
765 -0.0421519 -0.043372
766 -0.0477163 -0.0489896
767 -0.0530924 -0.0544139
768 -0.0582589 -0.0596235
769 -0.0631956 -0.0645978
770 -0.0678828 -0.0693171
771 -0.0723021 -0.0737629
772 -0.0764361 -0.0779175
773 -0.0802684 -0.0817647
774 -0.083784 -0.0852891
775 -0.0869689 -0.088477
776 -0.0898105 -0.0913157
777 -0.0922978 -0.093794
778 -0.0944207 -0.0959021
779 -0.0961711 -0.0976318
780 -0.0975418 -0.0989762
781 -0.0985277 -0.0999299
782 -0.0991247 -0.100489
783 -0.0993305 -0.100652
784 -0.0991442 -0.100418
785 -0.0985667 -0.0997868
786 -0.0976002 -0.0987623
787 -0.0962486 -0.0973479
788 -0.094517 -0.0955494
789 -0.0924125 -0.0933738
790 -0.0899432 -0.0908297
791 -0.087119 -0.0879271
792 -0.083951 -0.0846775
793 -0.0804516 -0.0810938
794 -0.0766348 -0.0771899
795 -0.0725155 -0.0729815
796 -0.06811 -0.068485
797 -0.0634357 -0.0637183
798 -0.058511 -0.0587001
799 -0.0533555 -0.0534502
800 -0.0479894 -0.0479894
801 -0.0424339 -0.0423392
802 -0.0367109 -0.0365218
803 -0.030843 -0.0305604
804 -0.0248534 -0.0244784
805 -0.0187657 -0.0182997
806 -0.012604 -0.0120488
807 -0.00639253 -0.0057504
808 -0.000155828 0.000570718
809 0.00608149 0.00688959
810 0.0122948 0.0131813
811 0.0184596 0.0194209
812 0.0245515 0.0255839
813 0.0305466 0.031646
814 0.0364211 0.0375831
815 0.0421519 0.043372
816 0.0477163 0.0489896
817 0.0530924 0.0544139
818 0.0582589 0.0596235
819 0.0631956 0.0645978
820 0.0678828 0.0693171
821 0.0723021 0.0737629
822 0.0764361 0.0779175
823 0.0802684 0.0817647
824 0.083784 0.0852891
825 0.0869689 0.088477
826 0.0898105 0.0913157
827 0.0922978 0.093794
828 0.0944207 0.0959021
829 0.0961711 0.0976318
830 0.0975418 0.0989762
831 0.0985277 0.0999299
832 0.0991247 0.100489
833 0.0993305 0.100652
834 0.0991442 0.100418
835 0.0985667 0.0997868
836 0.0976002 0.0987623
837 0.0962486 0.0973479
838 0.094517 0.0955494
839 0.0924125 0.0933738
840 0.0899432 0.0908297
841 0.087119 0.0879271
842 0.083951 0.0846775
843 0.0804516 0.0810938
844 0.0766348 0.0771899
845 0.0725155 0.0729815
846 0.06811 0.068485
847 0.0634357 0.0637183
848 0.058511 0.0587001
849 0.0533555 0.0534502
850 0.0479894 0.0479894
851 0.0424339 0.0423392
852 0.0367109 0.0365218
853 0.030843 0.0305604
854 0.0248534 0.0244784
855 0.0187657 0.0182997
856 0.012604 0.0120488
857 0.00639253 0.0057504
858 0.000155828 -0.000570718
859 -0.00608149 -0.00688959
860 -0.0122948 -0.0131813
861 -0.0184596 -0.0194209
862 -0.0245515 -0.0255839
863 -0.0305466 -0.031646
864 -0.0364211 -0.0375831
865 -0.0421519 -0.043372
866 -0.0477163 -0.0489896
867 -0.0530924 -0.0544139
868 -0.0582589 -0.0596235
869 -0.0631956 -0.0645978
870 -0.0678828 -0.0693171
871 -0.0723021 -0.0737629
872 -0.0764361 -0.0779175
873 -0.0802684 -0.0817647
874 -0.083784 -0.0852891
875 -0.0869689 -0.088477
876 -0.0898105 -0.0913157
877 -0.0922978 -0.093794
878 -0.0944207 -0.0959021
879 -0.0961711 -0.0976318
880 -0.0975418 -0.0989762
881 -0.0985277 -0.0999299
882 -0.0991247 -0.100489
883 -0.0993305 -0.100652
884 -0.0991442 -0.100418
885 -0.0985667 -0.0997868
886 -0.0976002 -0.0987623
887 -0.0962486 -0.0973479
888 -0.094517 -0.0955494
889 -0.0924125 -0.0933738
890 -0.0899432 -0.0908297
891 -0.087119 -0.0879271
892 -0.083951 -0.0846775
893 -0.0804516 -0.0810938
894 -0.0766348 -0.0771899
895 -0.0725155 -0.0729815
896 -0.06811 -0.068485
897 -0.0634357 -0.0637183
898 -0.058511 -0.0587001
899 -0.0533555 -0.0534502
900 -0.0479894 -0.0479894
901 -0.0424339 -0.0423392
902 -0.0367109 -0.0365218
903 -0.030843 -0.0305604
904 -0.0248534 -0.0244784
905 -0.0187657 -0.0182997
906 -0.012604 -0.0120488
907 -0.00639253 -0.0057504
908 -0.000155828 0.000570718
909 0.00608149 0.00688959
910 0.0122948 0.0131813
911 0.0184596 0.0194209
912 0.0245515 0.0255839
913 0.0305466 0.031646
914 0.0364211 0.0375831
915 0.0421519 0.043372
916 0.0477163 0.0489896
917 0.0530924 0.0544139
918 0.0582589 0.0596235
919 0.0631956 0.0645978
920 0.0678828 0.0693171
921 0.0723021 0.0737629
922 0.0764361 0.0779175
923 0.0802684 0.0817647
924 0.083784 0.0852891
925 0.0869689 0.088477
926 0.0898105 0.0913157
927 0.0922978 0.093794
928 0.0944207 0.0959021
929 0.0961711 0.0976318
930 0.0975418 0.0989762
931 0.0985277 0.0999299
932 0.0991247 0.100489
933 0.0993305 0.100652
934 0.0991442 0.100418
935 0.0985667 0.0997868
936 0.0976002 0.0987623
937 0.0962486 0.0973479
938 0.094517 0.0955494
939 0.0924125 0.0933738
940 0.0899432 0.0908297
941 0.087119 0.0879271
942 0.083951 0.0846775
943 0.0804516 0.0810938
944 0.0766348 0.0771899
945 0.0725155 0.0729815
946 0.06811 0.068485
947 0.0634357 0.0637183
948 0.058511 0.0587001
949 0.0533555 0.0534502
950 0.0479894 0.0479894
951 0.0424339 0.0423392
952 0.0367109 0.0365218
953 0.030843 0.0305604
954 0.0248534 0.0244784
955 0.0187657 0.0182997
956 0.012604 0.0120488
957 0.00639253 0.0057504
958 0.000155828 -0.000570718
959 -0.00608149 -0.00688959
960 -0.0122948 -0.0131813
961 -0.0184596 -0.0194209
962 -0.0245515 -0.0255839
963 -0.0305466 -0.031646
964 -0.0364211 -0.0375831
965 -0.0421519 -0.043372
966 -0.0477163 -0.0489896
967 -0.0530924 -0.0544139
968 -0.0582589 -0.0596235
969 -0.0631956 -0.0645978
970 -0.0678828 -0.0693171
971 -0.0723021 -0.0737629
972 -0.0764361 -0.0779175
973 -0.0802684 -0.0817647
974 -0.083784 -0.0852891
975 -0.0869689 -0.088477
976 -0.0898105 -0.0913157
977 -0.0922978 -0.093794
978 -0.0944207 -0.0959021
979 -0.0961711 -0.0976318
980 -0.0975418 -0.0989762
981 -0.0985277 -0.0999299
982 -0.0991247 -0.100489
983 -0.0993305 -0.100652
984 -0.0991442 -0.100418
985 -0.0985667 -0.0997868
986 -0.0976002 -0.0987623
987 -0.0962486 -0.0973479
988 -0.094517 -0.0955494
989 -0.0924125 -0.0933738
990 -0.0899432 -0.0908297
991 -0.087119 -0.0879271
992 -0.083951 -0.0846775
993 -0.0804516 -0.0810938
994 -0.0766348 -0.0771899
995 -0.0725155 -0.0729815
996 -0.06811 -0.068485
997 -0.0634357 -0.0637183
998 -0.058511 -0.0587001
999 -0.0533555 -0.0534502
