0 -0.0346913 -0.0346913
1 -0.0405459 -0.0404774
2 -0.0462405 -0.0461038
3 -0.0517525 -0.0515483
4 -0.0570604 -0.0567892
5 -0.062143 -0.0618061
6 -0.0669804 -0.0665791
7 -0.0715534 -0.0710892
8 -0.0758441 -0.0753189
9 -0.0798354 -0.0792513
10 -0.0835117 -0.0828709
11 -0.0868584 -0.0861634
12 -0.0898623 -0.089116
13 -0.0925115 -0.0917168
14 -0.0947957 -0.0939556
15 -0.0967057 -0.0958237
16 -0.0982341 -0.0973136
17 -0.0993748 -0.0984194
18 -0.100123 -0.0991368
19 -0.100477 -0.099463
20 -0.100433 -0.0993966
21 -0.0999939 -0.0989379
22 -0.0991597 -0.0980888
23 -0.0979342 -0.0968526
24 -0.0963222 -0.0952342
25 -0.0943301 -0.0932399
26 -0.0919657 -0.0908776
27 -0.0892383 -0.0881567
28 -0.0861587 -0.0850878
29 -0.0827391 -0.0816832
30 -0.078993 -0.0779562
31 -0.0749352 -0.0739215
32 -0.0705816 -0.0695951
33 -0.0659494 -0.064994
34 -0.061057 -0.0601365
35 -0.0559236 -0.0550416
36 -0.0505695 -0.0497295
37 -0.0450158 -0.0442211
38 -0.0392845 -0.0385382
39 -0.0333981 -0.0327032
40 -0.02738 -0.0267391
41 -0.0212537 -0.0206696
42 -0.0150436 -0.0145184
43 -0.00877415 -0.00830996
44 -0.00247004 -0.00206871
45 0.00384381 0.00418071
46 0.0101425 0.0104136
47 0.0164011 0.0166054
48 0.0225951 0.0227317
49 0.0286998 0.0287683
50 0.0346913 0.0346913
51 0.0405459 0.0404774
52 0.0462405 0.0461038
53 0.0517525 0.0515483
54 0.0570604 0.0567892
55 0.062143 0.0618061
56 0.0669804 0.0665791
57 0.0715534 0.0710892
58 0.0758441 0.0753189
59 0.0798354 0.0792513
60 0.0835117 0.0828709
61 0.0868584 0.0861634
62 0.0898623 0.089116
63 0.0925115 0.0917168
64 0.0947957 0.0939556
65 0.0967057 0.0958237
66 0.0982341 0.0973136
67 0.0993748 0.0984194
68 0.100123 0.0991368
69 0.100477 0.099463
70 0.100433 0.0993966
71 0.0999939 0.0989379
72 0.0991597 0.0980888
73 0.0979342 0.0968526
74 0.0963222 0.0952342
75 0.0943301 0.0932399
76 0.0919657 0.0908776
77 0.0892383 0.0881567
78 0.0861587 0.0850878
79 0.0827391 0.0816832
80 0.078993 0.0779562
81 0.0749352 0.0739215
82 0.0705816 0.0695951
83 0.0659494 0.064994
84 0.061057 0.0601365
85 0.0559236 0.0550416
86 0.0505695 0.0497295
87 0.0450158 0.0442211
88 0.0392845 0.0385382
89 0.0333981 0.0327032
90 0.02738 0.0267391
91 0.0212537 0.0206696
92 0.0150436 0.0145184
93 0.00877415 0.00830996
94 0.00247004 0.00206871
95 -0.00384381 -0.00418071
96 -0.0101425 -0.0104136
97 -0.0164011 -0.0166054
98 -0.0225951 -0.0227317
99 -0.0286998 -0.0287683
100 -0.0346913 -0.0346913
101 -0.0405459 -0.0404774
102 -0.0462405 -0.0461038
103 -0.0517525 -0.0515483
104 -0.0570604 -0.0567892
105 -0.062143 -0.0618061
106 -0.0669804 -0.0665791
107 -0.0715534 -0.0710892
108 -0.0758441 -0.0753189
109 -0.0798354 -0.0792513
110 -0.0835117 -0.0828709
111 -0.0868584 -0.0861634
112 -0.0898623 -0.089116
113 -0.0925115 -0.0917168
114 -0.0947957 -0.0939556
115 -0.0967057 -0.0958237
116 -0.0982341 -0.0973136
117 -0.0993748 -0.0984194
118 -0.100123 -0.0991368
119 -0.100477 -0.099463
120 -0.100433 -0.0993966
121 -0.0999939 -0.0989379
122 -0.0991597 -0.0980888
123 -0.0979342 -0.0968526
124 -0.0963222 -0.0952342
125 -0.0943301 -0.0932399
126 -0.0919657 -0.0908776
127 -0.0892383 -0.0881567
128 -0.0861587 -0.0850878
129 -0.0827391 -0.0816832
130 -0.078993 -0.0779562
131 -0.0749352 -0.0739215
132 -0.0705816 -0.0695951
133 -0.0659494 -0.064994
134 -0.061057 -0.0601365
135 -0.0559236 -0.0550416
136 -0.0505695 -0.0497295
137 -0.0450158 -0.0442211
138 -0.0392845 -0.0385382
139 -0.0333981 -0.0327032
140 -0.02738 -0.0267391
141 -0.0212537 -0.0206696
142 -0.0150436 -0.0145184
143 -0.00877415 -0.00830996
144 -0.00247004 -0.00206871
145 0.00384381 0.00418071
146 0.0101425 0.0104136
147 0.0164011 0.0166054
148 0.0225951 0.0227317
149 0.0286998 0.0287683
150 0.0346913 0.0346913
151 0.0405459 0.0404774
152 0.0462405 0.0461038
153 0.0517525 0.0515483
154 0.0570604 0.0567892
155 0.062143 0.0618061
156 0.0669804 0.0665791
157 0.0715534 0.0710892
158 0.0758441 0.0753189
159 0.0798354 0.0792513
160 0.0835117 0.0828709
161 0.0868584 0.0861634
162 0.0898623 0.089116
163 0.0925115 0.0917168
164 0.0947957 0.0939556
165 0.0967057 0.0958237
166 0.0982341 0.0973136
167 0.0993748 0.0984194
168 0.100123 0.0991368
169 0.100477 0.099463
170 0.100433 0.0993966
171 0.0999939 0.0989379
172 0.0991597 0.0980888
173 0.0979342 0.0968526
174 0.0963222 0.0952342
175 0.0943301 0.0932399
176 0.0919657 0.0908776
177 0.0892383 0.0881567
178 0.0861587 0.0850878
179 0.0827391 0.0816832
180 0.078993 0.0779562
181 0.0749352 0.0739215
182 0.0705816 0.0695951
183 0.0659494 0.064994
184 0.061057 0.0601365
185 0.0559236 0.0550416
186 0.0505695 0.0497295
187 0.0450158 0.0442211
188 0.0392845 0.0385382
189 0.0333981 0.0327032
190 0.02738 0.0267391
191 0.0212537 0.0206696
192 0.0150436 0.0145184
193 0.00877415 0.00830996
194 0.00247004 0.00206871
195 -0.00384381 -0.00418071
196 -0.0101425 -0.0104136
197 -0.0164011 -0.0166054
198 -0.0225951 -0.0227317
199 -0.0286998 -0.0287683
200 -0.0346913 -0.0346913
201 -0.0405459 -0.0404774
202 -0.0462405 -0.0461038
203 -0.0517525 -0.0515483
204 -0.0570604 -0.0567892
205 -0.062143 -0.0618061
206 -0.0669804 -0.0665791
207 -0.0715534 -0.0710892
208 -0.0758441 -0.0753189
209 -0.0798354 -0.0792513
210 -0.0835117 -0.0828709
211 -0.0868584 -0.0861634
212 -0.0898623 -0.089116
213 -0.0925115 -0.0917168
214 -0.0947957 -0.0939556
215 -0.0967057 -0.0958237
216 -0.0982341 -0.0973136
217 -0.0993748 -0.0984194
218 -0.100123 -0.0991368
219 -0.100477 -0.099463
220 -0.100433 -0.0993966
221 -0.0999939 -0.0989379
222 -0.0991597 -0.0980888
223 -0.0979342 -0.0968526
224 -0.0963222 -0.0952342
225 -0.0943301 -0.0932399
226 -0.0919657 -0.0908776
227 -0.0892383 -0.0881567
228 -0.0861587 -0.0850878
229 -0.0827391 -0.0816832
230 -0.078993 -0.0779562
231 -0.0749352 -0.0739215
232 -0.0705816 -0.0695951
233 -0.0659494 -0.064994
234 -0.061057 -0.0601365
235 -0.0559236 -0.0550416
236 -0.0505695 -0.0497295
237 -0.0450158 -0.0442211
238 -0.0392845 -0.0385382
239 -0.0333981 -0.0327032
240 -0.02738 -0.0267391
241 -0.0212537 -0.0206696
242 -0.0150436 -0.0145184
243 -0.00877415 -0.00830996
244 -0.00247004 -0.00206871
245 0.00384381 0.00418071
246 0.0101425 0.0104136
247 0.0164011 0.0166054
248 0.0225951 0.0227317
249 0.0286998 0.0287683
250 0.0346913 0.0346913
251 0.0405459 0.0404774
252 0.0462405 0.0461038
253 0.0517525 0.0515483
254 0.0570604 0.0567892
255 0.062143 0.0618061
256 0.0669804 0.0665791
257 0.0715534 0.0710892
258 0.0758441 0.0753189
259 0.0798354 0.0792513
260 0.0835117 0.0828709
261 0.0868584 0.0861634
262 0.0898623 0.089116
263 0.0925115 0.0917168
264 0.0947957 0.0939556
265 0.0967057 0.0958237
266 0.0982341 0.0973136
267 0.0993748 0.0984194
268 0.100123 0.0991368
269 0.100477 0.099463
270 0.100433 0.0993966
271 0.0999939 0.0989379
272 0.0991597 0.0980888
273 0.0979342 0.0968526
274 0.0963222 0.0952342
275 0.0943301 0.0932399
276 0.0919657 0.0908776
277 0.0892383 0.0881567
278 0.0861587 0.0850878
279 0.0827391 0.0816832
280 0.078993 0.0779562
281 0.0749352 0.0739215
282 0.0705816 0.0695951
283 0.0659494 0.064994
284 0.061057 0.0601365
285 0.0559236 0.0550416
286 0.0505695 0.0497295
287 0.0450158 0.0442211
288 0.0392845 0.0385382
289 0.0333981 0.0327032
290 0.02738 0.0267391
291 0.0212537 0.0206696
292 0.0150436 0.0145184
293 0.00877415 0.00830996
294 0.00247004 0.00206871
295 -0.00384381 -0.00418071
296 -0.0101425 -0.0104136
297 -0.0164011 -0.0166054
298 -0.0225951 -0.0227317
299 -0.0286998 -0.0287683
300 -0.0346913 -0.0346913
301 -0.0405459 -0.0404774
302 -0.0462405 -0.0461038
303 -0.0517525 -0.0515483
304 -0.0570604 -0.0567892
305 -0.062143 -0.0618061
306 -0.0669804 -0.0665791
307 -0.0715534 -0.0710892
308 -0.0758441 -0.0753189
309 -0.0798354 -0.0792513
310 -0.0835117 -0.0828709
311 -0.0868584 -0.0861634
312 -0.0898623 -0.089116
313 -0.0925115 -0.0917168
314 -0.0947957 -0.0939556
315 -0.0967057 -0.0958237
316 -0.0982341 -0.0973136
317 -0.0993748 -0.0984194
318 -0.100123 -0.0991368
319 -0.100477 -0.099463
320 -0.100433 -0.0993966
321 -0.0999939 -0.0989379
322 -0.0991597 -0.0980888
323 -0.0979342 -0.0968526
324 -0.0963222 -0.0952342
325 -0.0943301 -0.0932399
326 -0.0919657 -0.0908776
327 -0.0892383 -0.0881567
328 -0.0861587 -0.0850878
329 -0.0827391 -0.0816832
330 -0.078993 -0.0779562
331 -0.0749352 -0.0739215
332 -0.0705816 -0.0695951
333 -0.0659494 -0.064994
334 -0.061057 -0.0601365
335 -0.0559236 -0.0550416
336 -0.0505695 -0.0497295
337 -0.0450158 -0.0442211
338 -0.0392845 -0.0385382
339 -0.0333981 -0.0327032
340 -0.02738 -0.0267391
341 -0.0212537 -0.0206696
342 -0.0150436 -0.0145184
343 -0.00877415 -0.00830996
344 -0.00247004 -0.00206871
345 0.00384381 0.00418071
346 0.0101425 0.0104136
347 0.0164011 0.0166054
348 0.0225951 0.0227317
349 0.0286998 0.0287683
350 0.0346913 0.0346913
351 0.0405459 0.0404774
352 0.0462405 0.0461038
353 0.0517525 0.0515483
354 0.0570604 0.0567892
355 0.062143 0.0618061
356 0.0669804 0.0665791
357 0.0715534 0.0710892
358 0.0758441 0.0753189
359 0.0798354 0.0792513
360 0.0835117 0.0828709
361 0.0868584 0.0861634
362 0.0898623 0.089116
363 0.0925115 0.0917168
364 0.0947957 0.0939556
365 0.0967057 0.0958237
366 0.0982341 0.0973136
367 0.0993748 0.0984194
368 0.100123 0.0991368
369 0.100477 0.099463
370 0.100433 0.0993966
371 0.0999939 0.0989379
372 0.0991597 0.0980888
373 0.0979342 0.0968526
374 0.0963222 0.0952342
375 0.0943301 0.0932399
376 0.0919657 0.0908776
377 0.0892383 0.0881567
378 0.0861587 0.0850878
379 0.0827391 0.0816832
380 0.078993 0.0779562
381 0.0749352 0.0739215
382 0.0705816 0.0695951
383 0.0659494 0.064994
384 0.061057 0.0601365
385 0.0559236 0.0550416
386 0.0505695 0.0497295
387 0.0450158 0.0442211
388 0.0392845 0.0385382
389 0.0333981 0.0327032
390 0.02738 0.0267391
391 0.0212537 0.0206696
392 0.0150436 0.0145184
393 0.00877415 0.00830996
394 0.00247004 0.00206871
395 -0.00384381 -0.00418071
396 -0.0101425 -0.0104136
397 -0.0164011 -0.0166054
398 -0.0225951 -0.0227317
399 -0.0286998 -0.0287683
400 -0.0346913 -0.0346913
401 -0.0405459 -0.0404774
402 -0.0462405 -0.0461038
403 -0.0517525 -0.0515483
404 -0.0570604 -0.0567892
405 -0.062143 -0.0618061
406 -0.0669804 -0.0665791
407 -0.0715534 -0.0710892
408 -0.0758441 -0.0753189
409 -0.0798354 -0.0792513
410 -0.0835117 -0.0828709
411 -0.0868584 -0.0861634
412 -0.0898623 -0.089116
413 -0.0925115 -0.0917168
414 -0.0947957 -0.0939556
415 -0.0967057 -0.0958237
416 -0.0982341 -0.0973136
417 -0.0993748 -0.0984194
418 -0.100123 -0.0991368
419 -0.100477 -0.099463
420 -0.100433 -0.0993966
421 -0.0999939 -0.0989379
422 -0.0991597 -0.0980888
423 -0.0979342 -0.0968526
424 -0.0963222 -0.0952342
425 -0.0943301 -0.0932399
426 -0.0919657 -0.0908776
427 -0.0892383 -0.0881567
428 -0.0861587 -0.0850878
429 -0.0827391 -0.0816832
430 -0.078993 -0.0779562
431 -0.0749352 -0.0739215
432 -0.0705816 -0.0695951
433 -0.0659494 -0.064994
434 -0.061057 -0.0601365
435 -0.0559236 -0.0550416
436 -0.0505695 -0.0497295
437 -0.0450158 -0.0442211
438 -0.0392845 -0.0385382
439 -0.0333981 -0.0327032
440 -0.02738 -0.0267391
441 -0.0212537 -0.0206696
442 -0.0150436 -0.0145184
443 -0.00877415 -0.00830996
444 -0.00247004 -0.00206871
445 0.00384381 0.00418071
446 0.0101425 0.0104136
447 0.0164011 0.0166054
448 0.0225951 0.0227317
449 0.0286998 0.0287683
450 0.0346913 0.0346913
451 0.0405459 0.0404774
452 0.0462405 0.0461038
453 0.0517525 0.0515483
454 0.0570604 0.0567892
455 0.062143 0.0618061
456 0.0669804 0.0665791
457 0.0715534 0.0710892
458 0.0758441 0.0753189
459 0.0798354 0.0792513
460 0.0835117 0.0828709
461 0.0868584 0.0861634
462 0.0898623 0.089116
463 0.0925115 0.0917168
464 0.0947957 0.0939556
465 0.0967057 0.0958237
466 0.0982341 0.0973136
467 0.0993748 0.0984194
468 0.100123 0.0991368
469 0.100477 0.099463
470 0.100433 0.0993966
471 0.0999939 0.0989379
472 0.0991597 0.0980888
473 0.0979342 0.0968526
474 0.0963222 0.0952342
475 0.0943301 0.0932399
476 0.0919657 0.0908776
477 0.0892383 0.0881567
478 0.0861587 0.0850878
479 0.0827391 0.0816832
480 0.078993 0.0779562
481 0.0749352 0.0739215
482 0.0705816 0.0695951
483 0.0659494 0.064994
484 0.061057 0.0601365
485 0.0559236 0.0550416
486 0.0505695 0.0497295
487 0.0450158 0.0442211
488 0.0392845 0.0385382
489 0.0333981 0.0327032
490 0.02738 0.0267391
491 0.0212537 0.0206696
492 0.0150436 0.0145184
493 0.00877415 0.00830996
494 0.00247004 0.00206871
495 -0.00384381 -0.00418071
496 -0.0101425 -0.0104136
497 -0.0164011 -0.0166054
498 -0.0225951 -0.0227317
499 -0.0286998 -0.0287683
500 -0.0346913 -0.0346913
501 -0.0405459 -0.0404774
502 -0.0462405 -0.0461038
503 -0.0517525 -0.0515483
504 -0.0570604 -0.0567892
505 -0.062143 -0.0618061
506 -0.0669804 -0.0665791
507 -0.0715534 -0.0710892
508 -0.0758441 -0.0753189
509 -0.0798354 -0.0792513
510 -0.0835117 -0.0828709
511 -0.0868584 -0.0861634
512 -0.0898623 -0.089116
513 -0.0925115 -0.0917168
514 -0.0947957 -0.0939556
515 -0.0967057 -0.0958237
516 -0.0982341 -0.0973136
517 -0.0993748 -0.0984194
518 -0.100123 -0.0991368
519 -0.100477 -0.099463
520 -0.100433 -0.0993966
521 -0.0999939 -0.0989379
522 -0.0991597 -0.0980888
523 -0.0979342 -0.0968526
524 -0.0963222 -0.0952342
525 -0.0943301 -0.0932399
526 -0.0919657 -0.0908776
527 -0.0892383 -0.0881567
528 -0.0861587 -0.0850878
529 -0.0827391 -0.0816832
530 -0.078993 -0.0779562
531 -0.0749352 -0.0739215
532 -0.0705816 -0.0695951
533 -0.0659494 -0.064994
534 -0.061057 -0.0601365
535 -0.0559236 -0.0550416
536 -0.0505695 -0.0497295
537 -0.0450158 -0.0442211
538 -0.0392845 -0.0385382
539 -0.0333981 -0.0327032
540 -0.02738 -0.0267391
541 -0.0212537 -0.0206696
542 -0.0150436 -0.0145184
543 -0.00877415 -0.00830996
544 -0.00247004 -0.00206871
545 0.00384381 0.00418071
546 0.0101425 0.0104136
547 0.0164011 0.0166054
548 0.0225951 0.0227317
549 0.0286998 0.0287683
550 0.0346913 0.0346913
551 0.0405459 0.0404774
552 0.0462405 0.0461038
553 0.0517525 0.0515483
554 0.0570604 0.0567892
555 0.062143 0.0618061
556 0.0669804 0.0665791
557 0.0715534 0.0710892
558 0.0758441 0.0753189
559 0.0798354 0.0792513
560 0.0835117 0.0828709
561 0.0868584 0.0861634
562 0.0898623 0.089116
563 0.0925115 0.0917168
564 0.0947957 0.0939556
565 0.0967057 0.0958237
566 0.0982341 0.0973136
567 0.0993748 0.0984194
568 0.100123 0.0991368
569 0.100477 0.099463
570 0.100433 0.0993966
571 0.0999939 0.0989379
572 0.0991597 0.0980888
573 0.0979342 0.0968526
574 0.0963222 0.0952342
575 0.0943301 0.0932399
576 0.0919657 0.0908776
577 0.0892383 0.0881567
578 0.0861587 0.0850878
579 0.0827391 0.0816832
580 0.078993 0.0779562
581 0.0749352 0.0739215
582 0.0705816 0.0695951
583 0.0659494 0.064994
584 0.061057 0.0601365
585 0.0559236 0.0550416
586 0.0505695 0.0497295
587 0.0450158 0.0442211
588 0.0392845 0.0385382
589 0.0333981 0.0327032
590 0.02738 0.0267391
591 0.0212537 0.0206696
592 0.0150436 0.0145184
593 0.00877415 0.00830996
594 0.00247004 0.00206871
595 -0.00384381 -0.00418071
596 -0.0101425 -0.0104136
597 -0.0164011 -0.0166054
598 -0.0225951 -0.0227317
599 -0.0286998 -0.0287683
600 -0.0346913 -0.0346913
601 -0.0405459 -0.0404774
602 -0.0462405 -0.0461038
603 -0.0517525 -0.0515483
604 -0.0570604 -0.0567892
605 -0.062143 -0.0618061
606 -0.0669804 -0.0665791
607 -0.0715534 -0.0710892
608 -0.0758441 -0.0753189
609 -0.0798354 -0.0792513
610 -0.0835117 -0.0828709
611 -0.0868584 -0.0861634
612 -0.0898623 -0.089116
613 -0.0925115 -0.0917168
614 -0.0947957 -0.0939556
615 -0.0967057 -0.0958237
616 -0.0982341 -0.0973136
617 -0.0993748 -0.0984194
618 -0.100123 -0.0991368
619 -0.100477 -0.099463
620 -0.100433 -0.0993966
621 -0.0999939 -0.0989379
622 -0.0991597 -0.0980888
623 -0.0979342 -0.0968526
624 -0.0963222 -0.0952342
625 -0.0943301 -0.0932399
626 -0.0919657 -0.0908776
627 -0.0892383 -0.0881567
628 -0.0861587 -0.0850878
629 -0.0827391 -0.0816832
630 -0.078993 -0.0779562
631 -0.0749352 -0.0739215
632 -0.0705816 -0.0695951
633 -0.0659494 -0.064994
634 -0.061057 -0.0601365
635 -0.0559236 -0.0550416
636 -0.0505695 -0.0497295
637 -0.0450158 -0.0442211
638 -0.0392845 -0.0385382
639 -0.0333981 -0.0327032
640 -0.02738 -0.0267391
641 -0.0212537 -0.0206696
642 -0.0150436 -0.0145184
643 -0.00877415 -0.00830996
644 -0.00247004 -0.00206871
645 0.00384381 0.00418071
646 0.0101425 0.0104136
647 0.0164011 0.0166054
648 0.0225951 0.0227317
649 0.0286998 0.0287683
650 0.0346913 0.0346913
651 0.0405459 0.0404774
652 0.0462405 0.0461038
653 0.0517525 0.0515483
654 0.0570604 0.0567892
655 0.062143 0.0618061
656 0.0669804 0.0665791
657 0.0715534 0.0710892
658 0.0758441 0.0753189
659 0.0798354 0.0792513
660 0.0835117 0.0828709
661 0.0868584 0.0861634
662 0.0898623 0.089116
663 0.0925115 0.0917168
664 0.0947957 0.0939556
665 0.0967057 0.0958237
666 0.0982341 0.0973136
667 0.0993748 0.0984194
668 0.100123 0.0991368
669 0.100477 0.099463
670 0.100433 0.0993966
671 0.0999939 0.0989379
672 0.0991597 0.0980888
673 0.0979342 0.0968526
674 0.0963222 0.0952342
675 0.0943301 0.0932399
676 0.0919657 0.0908776
677 0.0892383 0.0881567
678 0.0861587 0.0850878
679 0.0827391 0.0816832
680 0.078993 0.0779562
681 0.0749352 0.0739215
682 0.0705816 0.0695951
683 0.0659494 0.064994
684 0.061057 0.0601365
685 0.0559236 0.0550416
686 0.0505695 0.0497295
687 0.0450158 0.0442211
688 0.0392845 0.0385382
689 0.0333981 0.0327032
690 0.02738 0.0267391
691 0.0212537 0.0206696
692 0.0150436 0.0145184
693 0.00877415 0.00830996
694 0.00247004 0.00206871
695 -0.00384381 -0.00418071
696 -0.0101425 -0.0104136
697 -0.0164011 -0.0166054
698 -0.0225951 -0.0227317
699 -0.0286998 -0.0287683
700 -0.0346913 -0.0346913
701 -0.0405459 -0.0404774
702 -0.0462405 -0.0461038
703 -0.0517525 -0.0515483
704 -0.0570604 -0.0567892
705 -0.062143 -0.0618061
706 -0.0669804 -0.0665791
707 -0.0715534 -0.0710892
708 -0.0758441 -0.0753189
709 -0.0798354 -0.0792513
710 -0.0835117 -0.0828709
711 -0.0868584 -0.0861634
712 -0.0898623 -0.089116
713 -0.0925115 -0.0917168
714 -0.0947957 -0.0939556
715 -0.0967057 -0.0958237
716 -0.0982341 -0.0973136
717 -0.0993748 -0.0984194
718 -0.100123 -0.0991368
719 -0.100477 -0.099463
720 -0.100433 -0.0993966
721 -0.0999939 -0.0989379
722 -0.0991597 -0.0980888
723 -0.0979342 -0.0968526
724 -0.0963222 -0.0952342
725 -0.0943301 -0.0932399
726 -0.0919657 -0.0908776
727 -0.0892383 -0.0881567
728 -0.0861587 -0.0850878
729 -0.0827391 -0.0816832
730 -0.078993 -0.0779562
731 -0.0749352 -0.0739215
732 -0.0705816 -0.0695951
733 -0.0659494 -0.064994
734 -0.061057 -0.0601365
735 -0.0559236 -0.0550416
736 -0.0505695 -0.0497295
737 -0.0450158 -0.0442211
738 -0.0392845 -0.0385382
739 -0.0333981 -0.0327032
740 -0.02738 -0.0267391
741 -0.0212537 -0.0206696
742 -0.0150436 -0.0145184
743 -0.00877415 -0.00830996
744 -0.00247004 -0.00206871
745 0.00384381 0.00418071
746 0.0101425 0.0104136
747 0.0164011 0.0166054
748 0.0225951 0.0227317
749 0.0286998 0.0287683
750 0.0346913 0.0346913
751 0.0405459 0.0404774
752 0.0462405 0.0461038
753 0.0517525 0.0515483
754 0.0570604 0.0567892
755 0.062143 0.0618061
756 0.0669804 0.0665791
757 0.0715534 0.0710892
758 0.0758441 0.0753189
759 0.0798354 0.0792513
760 0.0835117 0.0828709
761 0.0868584 0.0861634
762 0.0898623 0.089116
763 0.0925115 0.0917168
764 0.0947957 0.0939556
765 0.0967057 0.0958237
766 0.0982341 0.0973136
767 0.0993748 0.0984194
768 0.100123 0.0991368
769 0.100477 0.099463
770 0.100433 0.0993966
771 0.0999939 0.0989379
772 0.0991597 0.0980888
773 0.0979342 0.0968526
774 0.0963222 0.0952342
775 0.0943301 0.0932399
776 0.0919657 0.0908776
777 0.0892383 0.0881567
778 0.0861587 0.0850878
779 0.0827391 0.0816832
780 0.078993 0.0779562
781 0.0749352 0.0739215
782 0.0705816 0.0695951
783 0.0659494 0.064994
784 0.061057 0.0601365
785 0.0559236 0.0550416
786 0.0505695 0.0497295
787 0.0450158 0.0442211
788 0.0392845 0.0385382
789 0.0333981 0.0327032
790 0.02738 0.0267391
791 0.0212537 0.0206696
792 0.0150436 0.0145184
793 0.00877415 0.00830996
794 0.00247004 0.00206871
795 -0.00384381 -0.00418071
796 -0.0101425 -0.0104136
797 -0.0164011 -0.0166054
798 -0.0225951 -0.0227317
799 -0.0286998 -0.0287683
800 -0.0346913 -0.0346913
801 -0.0405459 -0.0404774
802 -0.0462405 -0.0461038
803 -0.0517525 -0.0515483
804 -0.0570604 -0.0567892
805 -0.062143 -0.0618061
806 -0.0669804 -0.0665791
807 -0.0715534 -0.0710892
808 -0.0758441 -0.0753189
809 -0.0798354 -0.0792513
810 -0.0835117 -0.0828709
811 -0.0868584 -0.0861634
812 -0.0898623 -0.089116
813 -0.0925115 -0.0917168
814 -0.0947957 -0.0939556
815 -0.0967057 -0.0958237
816 -0.0982341 -0.0973136
817 -0.0993748 -0.0984194
818 -0.100123 -0.0991368
819 -0.100477 -0.099463
820 -0.100433 -0.0993966
821 -0.0999939 -0.0989379
822 -0.0991597 -0.0980888
823 -0.0979342 -0.0968526
824 -0.0963222 -0.0952342
825 -0.0943301 -0.0932399
826 -0.0919657 -0.0908776
827 -0.0892383 -0.0881567
828 -0.0861587 -0.0850878
829 -0.0827391 -0.0816832
830 -0.078993 -0.0779562
831 -0.0749352 -0.0739215
832 -0.0705816 -0.0695951
833 -0.0659494 -0.064994
834 -0.061057 -0.0601365
835 -0.0559236 -0.0550416
836 -0.0505695 -0.0497295
837 -0.0450158 -0.0442211
838 -0.0392845 -0.0385382
839 -0.0333981 -0.0327032
840 -0.02738 -0.0267391
841 -0.0212537 -0.0206696
842 -0.0150436 -0.0145184
843 -0.00877415 -0.00830996
844 -0.00247004 -0.00206871
845 0.00384381 0.00418071
846 0.0101425 0.0104136
847 0.0164011 0.0166054
848 0.0225951 0.0227317
849 0.0286998 0.0287683
850 0.0346913 0.0346913
851 0.0405459 0.0404774
852 0.0462405 0.0461038
853 0.0517525 0.0515483
854 0.0570604 0.0567892
855 0.062143 0.0618061
856 0.0669804 0.0665791
857 0.0715534 0.0710892
858 0.0758441 0.0753189
859 0.0798354 0.0792513
860 0.0835117 0.0828709
861 0.0868584 0.0861634
862 0.0898623 0.089116
863 0.0925115 0.0917168
864 0.0947957 0.0939556
865 0.0967057 0.0958237
866 0.0982341 0.0973136
867 0.0993748 0.0984194
868 0.100123 0.0991368
869 0.100477 0.099463
870 0.100433 0.0993966
871 0.0999939 0.0989379
872 0.0991597 0.0980888
873 0.0979342 0.0968526
874 0.0963222 0.0952342
875 0.0943301 0.0932399
876 0.0919657 0.0908776
877 0.0892383 0.0881567
878 0.0861587 0.0850878
879 0.0827391 0.0816832
880 0.078993 0.0779562
881 0.0749352 0.0739215
882 0.0705816 0.0695951
883 0.0659494 0.064994
884 0.061057 0.0601365
885 0.0559236 0.0550416
886 0.0505695 0.0497295
887 0.0450158 0.0442211
888 0.0392845 0.0385382
889 0.0333981 0.0327032
890 0.02738 0.0267391
891 0.0212537 0.0206696
892 0.0150436 0.0145184
893 0.00877415 0.00830996
894 0.00247004 0.00206871
895 -0.00384381 -0.00418071
896 -0.0101425 -0.0104136
897 -0.0164011 -0.0166054
898 -0.0225951 -0.0227317
899 -0.0286998 -0.0287683
900 -0.0346913 -0.0346913
901 -0.0405459 -0.0404774
902 -0.0462405 -0.0461038
903 -0.0517525 -0.0515483
904 -0.0570604 -0.0567892
905 -0.062143 -0.0618061
906 -0.0669804 -0.0665791
907 -0.0715534 -0.0710892
908 -0.0758441 -0.0753189
909 -0.0798354 -0.0792513
910 -0.0835117 -0.0828709
911 -0.0868584 -0.0861634
912 -0.0898623 -0.089116
913 -0.0925115 -0.0917168
914 -0.0947957 -0.0939556
915 -0.0967057 -0.0958237
916 -0.0982341 -0.0973136
917 -0.0993748 -0.0984194
918 -0.100123 -0.0991368
919 -0.100477 -0.099463
920 -0.100433 -0.0993966
921 -0.0999939 -0.0989379
922 -0.0991597 -0.0980888
923 -0.0979342 -0.0968526
924 -0.0963222 -0.0952342
925 -0.0943301 -0.0932399
926 -0.0919657 -0.0908776
927 -0.0892383 -0.0881567
928 -0.0861587 -0.0850878
929 -0.0827391 -0.0816832
930 -0.078993 -0.0779562
931 -0.0749352 -0.0739215
932 -0.0705816 -0.0695951
933 -0.0659494 -0.064994
934 -0.061057 -0.0601365
935 -0.0559236 -0.0550416
936 -0.0505695 -0.0497295
937 -0.0450158 -0.0442211
938 -0.0392845 -0.0385382
939 -0.0333981 -0.0327032
940 -0.02738 -0.0267391
941 -0.0212537 -0.0206696
942 -0.0150436 -0.0145184
943 -0.00877415 -0.00830996
944 -0.00247004 -0.00206871
945 0.00384381 0.00418071
946 0.0101425 0.0104136
947 0.0164011 0.0166054
948 0.0225951 0.0227317
949 0.0286998 0.0287683
950 0.0346913 0.0346913
951 0.0405459 0.0404774
952 0.0462405 0.0461038
953 0.0517525 0.0515483
954 0.0570604 0.0567892
955 0.062143 0.0618061
956 0.0669804 0.0665791
957 0.0715534 0.0710892
958 0.0758441 0.0753189
959 0.0798354 0.0792513
960 0.0835117 0.0828709
961 0.0868584 0.0861634
962 0.0898623 0.089116
963 0.0925115 0.0917168
964 0.0947957 0.0939556
965 0.0967057 0.0958237
966 0.0982341 0.0973136
967 0.0993748 0.0984194
968 0.100123 0.0991368
969 0.100477 0.099463
970 0.100433 0.0993966
971 0.0999939 0.0989379
972 0.0991597 0.0980888
973 0.0979342 0.0968526
974 0.0963222 0.0952342
975 0.0943301 0.0932399
976 0.0919657 0.0908776
977 0.0892383 0.0881567
978 0.0861587 0.0850878
979 0.0827391 0.0816832
980 0.078993 0.0779562
981 0.0749352 0.0739215
982 0.0705816 0.0695951
983 0.0659494 0.064994
984 0.061057 0.0601365
985 0.0559236 0.0550416
986 0.0505695 0.0497295
987 0.0450158 0.0442211
988 0.0392845 0.0385382
989 0.0333981 0.0327032
990 0.02738 0.0267391
991 0.0212537 0.0206696
992 0.0150436 0.0145184
993 0.00877415 0.00830996
994 0.00247004 0.00206871
995 -0.00384381 -0.00418071
996 -0.0101425 -0.0104136
997 -0.0164011 -0.0166054
998 -0.0225951 -0.0227317
999 -0.0286998 -0.0287683
