0 -0.0916767 -0.0916767
1 -0.0890832 -0.0889023
2 -0.086138 -0.085777
3 -0.082853 -0.0823131
4 -0.0792409 -0.0785244
5 -0.0753162 -0.0744259
6 -0.0710941 -0.0700336
7 -0.0665916 -0.0653649
8 -0.0618262 -0.0604382
9 -0.0568168 -0.055273
10 -0.0515831 -0.0498897
11 -0.0461459 -0.0443095
12 -0.0405266 -0.0385544
13 -0.0347474 -0.0326472
14 -0.028831 -0.0266111
15 -0.0228008 -0.02047
16 -0.0166806 -0.0142481
17 -0.0104947 -0.00796996
18 -0.00426725 -0.00166039
19 0.001977 0.00465574
20 0.00821344 0.0109535
21 0.0144175 0.017208
22 0.0205646 0.0233946
23 0.0266306 0.0294889
24 0.0325914 0.0354668
25 0.0384237 0.0413047
26 0.0441043 0.0469797
27 0.0496108 0.0524692
28 0.0549216 0.0577516
29 0.0600156 0.0628062
30 0.0648728 0.0676128
31 0.0694739 0.0721526
32 0.0738008 0.0764077
33 0.0778365 0.0803612
34 0.081565 0.0839976
35 0.0849716 0.0873025
36 0.0880429 0.0902628
37 0.0907667 0.0928669
38 0.0931323 0.0951045
39 0.0951303 0.0969668
40 0.0967529 0.0984463
41 0.0979936 0.0995374
42 0.0988477 0.100236
43 0.0993116 0.100538
44 0.0993836 0.100444
45 0.0990633 0.0999536
46 0.0983521 0.0990686
47 0.0972527 0.0977926
48 0.0957696 0.0961307
49 0.0939084 0.0940894
50 0.0916767 0.0916767
51 0.0890832 0.0889023
52 0.086138 0.085777
53 0.082853 0.0823131
54 0.0792409 0.0785244
55 0.0753162 0.0744259
56 0.0710941 0.0700336
57 0.0665916 0.0653649
58 0.0618262 0.0604382
59 0.0568168 0.055273
60 0.0515831 0.0498897
61 0.0461459 0.0443095
62 0.0405266 0.0385544
63 0.0347474 0.0326472
64 0.028831 0.0266111
65 0.0228008 0.02047
66 0.0166806 0.0142481
67 0.0104947 0.00796996
68 0.00426725 0.00166039
69 -0.001977 -0.00465574
70 -0.00821344 -0.0109535
71 -0.0144175 -0.017208
72 -0.0205646 -0.0233946
73 -0.0266306 -0.0294889
74 -0.0325914 -0.0354668
75 -0.0384237 -0.0413047
76 -0.0441043 -0.0469797
77 -0.0496108 -0.0524692
78 -0.0549216 -0.0577516
79 -0.0600156 -0.0628062
80 -0.0648728 -0.0676128
81 -0.0694739 -0.0721526
82 -0.0738008 -0.0764077
83 -0.0778365 -0.0803612
84 -0.081565 -0.0839976
85 -0.0849716 -0.0873025
86 -0.0880429 -0.0902628
87 -0.0907667 -0.0928669
88 -0.0931323 -0.0951045
89 -0.0951303 -0.0969668
90 -0.0967529 -0.0984463
91 -0.0979936 -0.0995374
92 -0.0988477 -0.100236
93 -0.0993116 -0.100538
94 -0.0993836 -0.100444
95 -0.0990633 -0.0999536
96 -0.0983521 -0.0990686
97 -0.0972527 -0.0977926
98 -0.0957696 -0.0961307
99 -0.0939084 -0.0940894
100 -0.0916767 -0.0916767
101 -0.0890832 -0.0889023
102 -0.086138 -0.085777
103 -0.082853 -0.0823131
104 -0.0792409 -0.0785244
105 -0.0753162 -0.0744259
106 -0.0710941 -0.0700336
107 -0.0665916 -0.0653649
108 -0.0618262 -0.0604382
109 -0.0568168 -0.055273
110 -0.0515831 -0.0498897
111 -0.0461459 -0.0443095
112 -0.0405266 -0.0385544
113 -0.0347474 -0.0326472
114 -0.028831 -0.0266111
115 -0.0228008 -0.02047
116 -0.0166806 -0.0142481
117 -0.0104947 -0.00796996
118 -0.00426725 -0.00166039
119 0.001977 0.00465574
120 0.00821344 0.0109535
121 0.0144175 0.017208
122 0.0205646 0.0233946
123 0.0266306 0.0294889
124 0.0325914 0.0354668
125 0.0384237 0.0413047
126 0.0441043 0.0469797
127 0.0496108 0.0524692
128 0.0549216 0.0577516
129 0.0600156 0.0628062
130 0.0648728 0.0676128
131 0.0694739 0.0721526
132 0.0738008 0.0764077
133 0.0778365 0.0803612
134 0.081565 0.0839976
135 0.0849716 0.0873025
136 0.0880429 0.0902628
137 0.0907667 0.0928669
138 0.0931323 0.0951045
139 0.0951303 0.0969668
140 0.0967529 0.0984463
141 0.0979936 0.0995374
142 0.0988477 0.100236
143 0.0993116 0.100538
144 0.0993836 0.100444
145 0.0990633 0.0999536
146 0.0983521 0.0990686
147 0.0972527 0.0977926
148 0.0957696 0.0961307
149 0.0939084 0.0940894
150 0.0916767 0.0916767
151 0.0890832 0.0889023
152 0.086138 0.085777
153 0.082853 0.0823131
154 0.0792409 0.0785244
155 0.0753162 0.0744259
156 0.0710941 0.0700336
157 0.0665916 0.0653649
158 0.0618262 0.0604382
159 0.0568168 0.055273
160 0.0515831 0.0498897
161 0.0461459 0.0443095
162 0.0405266 0.0385544
163 0.0347474 0.0326472
164 0.028831 0.0266111
165 0.0228008 0.02047
166 0.0166806 0.0142481
167 0.0104947 0.00796996
168 0.00426725 0.00166039
169 -0.001977 -0.00465574
170 -0.00821344 -0.0109535
171 -0.0144175 -0.017208
172 -0.0205646 -0.0233946
173 -0.0266306 -0.0294889
174 -0.0325914 -0.0354668
175 -0.0384237 -0.0413047
176 -0.0441043 -0.0469797
177 -0.0496108 -0.0524692
178 -0.0549216 -0.0577516
179 -0.0600156 -0.0628062
180 -0.0648728 -0.0676128
181 -0.0694739 -0.0721526
182 -0.0738008 -0.0764077
183 -0.0778365 -0.0803612
184 -0.081565 -0.0839976
185 -0.0849716 -0.0873025
186 -0.0880429 -0.0902628
187 -0.0907667 -0.0928669
188 -0.0931323 -0.0951045
189 -0.0951303 -0.0969668
190 -0.0967529 -0.0984463
191 -0.0979936 -0.0995374
192 -0.0988477 -0.100236
193 -0.0993116 -0.100538
194 -0.0993836 -0.100444
195 -0.0990633 -0.0999536
196 -0.0983521 -0.0990686
197 -0.0972527 -0.0977926
198 -0.0957696 -0.0961307
199 -0.0939084 -0.0940894
200 -0.0916767 -0.0916767
201 -0.0890832 -0.0889023
202 -0.086138 -0.085777
203 -0.082853 -0.0823131
204 -0.0792409 -0.0785244
205 -0.0753162 -0.0744259
206 -0.0710941 -0.0700336
207 -0.0665916 -0.0653649
208 -0.0618262 -0.0604382
209 -0.0568168 -0.055273
210 -0.0515831 -0.0498897
211 -0.0461459 -0.0443095
212 -0.0405266 -0.0385544
213 -0.0347474 -0.0326472
214 -0.028831 -0.0266111
215 -0.0228008 -0.02047
216 -0.0166806 -0.0142481
217 -0.0104947 -0.00796996
218 -0.00426725 -0.00166039
219 0.001977 0.00465574
220 0.00821344 0.0109535
221 0.0144175 0.017208
222 0.0205646 0.0233946
223 0.0266306 0.0294889
224 0.0325914 0.0354668
225 0.0384237 0.0413047
226 0.0441043 0.0469797
227 0.0496108 0.0524692
228 0.0549216 0.0577516
229 0.0600156 0.0628062
230 0.0648728 0.0676128
231 0.0694739 0.0721526
232 0.0738008 0.0764077
233 0.0778365 0.0803612
234 0.081565 0.0839976
235 0.0849716 0.0873025
236 0.0880429 0.0902628
237 0.0907667 0.0928669
238 0.0931323 0.0951045
239 0.0951303 0.0969668
240 0.0967529 0.0984463
241 0.0979936 0.0995374
242 0.0988477 0.100236
243 0.0993116 0.100538
244 0.0993836 0.100444
245 0.0990633 0.0999536
246 0.0983521 0.0990686
247 0.0972527 0.0977926
248 0.0957696 0.0961307
249 0.0939084 0.0940894
250 0.0916767 0.0916767
251 0.0890832 0.0889023
252 0.086138 0.085777
253 0.082853 0.0823131
254 0.0792409 0.0785244
255 0.0753162 0.0744259
256 0.0710941 0.0700336
257 0.0665916 0.0653649
258 0.0618262 0.0604382
259 0.0568168 0.055273
260 0.0515831 0.0498897
261 0.0461459 0.0443095
262 0.0405266 0.0385544
263 0.0347474 0.0326472
264 0.028831 0.0266111
265 0.0228008 0.02047
266 0.0166806 0.0142481
267 0.0104947 0.00796996
268 0.00426725 0.00166039
269 -0.001977 -0.00465574
270 -0.00821344 -0.0109535
271 -0.0144175 -0.017208
272 -0.0205646 -0.0233946
273 -0.0266306 -0.0294889
274 -0.0325914 -0.0354668
275 -0.0384237 -0.0413047
276 -0.0441043 -0.0469797
277 -0.0496108 -0.0524692
278 -0.0549216 -0.0577516
279 -0.0600156 -0.0628062
280 -0.0648728 -0.0676128
281 -0.0694739 -0.0721526
282 -0.0738008 -0.0764077
283 -0.0778365 -0.0803612
284 -0.081565 -0.0839976
285 -0.0849716 -0.0873025
286 -0.0880429 -0.0902628
287 -0.0907667 -0.0928669
288 -0.0931323 -0.0951045
289 -0.0951303 -0.0969668
290 -0.0967529 -0.0984463
291 -0.0979936 -0.0995374
292 -0.0988477 -0.100236
293 -0.0993116 -0.100538
294 -0.0993836 -0.100444
295 -0.0990633 -0.0999536
296 -0.0983521 -0.0990686
297 -0.0972527 -0.0977926
298 -0.0957696 -0.0961307
299 -0.0939084 -0.0940894
300 -0.0916767 -0.0916767
301 -0.0890832 -0.0889023
302 -0.086138 -0.085777
303 -0.082853 -0.0823131
304 -0.0792409 -0.0785244
305 -0.0753162 -0.0744259
306 -0.0710941 -0.0700336
307 -0.0665916 -0.0653649
308 -0.0618262 -0.0604382
309 -0.0568168 -0.055273
310 -0.0515831 -0.0498897
311 -0.0461459 -0.0443095
312 -0.0405266 -0.0385544
313 -0.0347474 -0.0326472
314 -0.028831 -0.0266111
315 -0.0228008 -0.02047
316 -0.0166806 -0.0142481
317 -0.0104947 -0.00796996
318 -0.00426725 -0.00166039
319 0.001977 0.00465574
320 0.00821344 0.0109535
321 0.0144175 0.017208
322 0.0205646 0.0233946
323 0.0266306 0.0294889
324 0.0325914 0.0354668
325 0.0384237 0.0413047
326 0.0441043 0.0469797
327 0.0496108 0.0524692
328 0.0549216 0.0577516
329 0.0600156 0.0628062
330 0.0648728 0.0676128
331 0.0694739 0.0721526
332 0.0738008 0.0764077
333 0.0778365 0.0803612
334 0.081565 0.0839976
335 0.0849716 0.0873025
336 0.0880429 0.0902628
337 0.0907667 0.0928669
338 0.0931323 0.0951045
339 0.0951303 0.0969668
340 0.0967529 0.0984463
341 0.0979936 0.0995374
342 0.0988477 0.100236
343 0.0993116 0.100538
344 0.0993836 0.100444
345 0.0990633 0.0999536
346 0.0983521 0.0990686
347 0.0972527 0.0977926
348 0.0957696 0.0961307
349 0.0939084 0.0940894
350 0.0916767 0.0916767
351 0.0890832 0.0889023
352 0.086138 0.085777
353 0.082853 0.0823131
354 0.0792409 0.0785244
355 0.0753162 0.0744259
356 0.0710941 0.0700336
357 0.0665916 0.0653649
358 0.0618262 0.0604382
359 0.0568168 0.055273
360 0.0515831 0.0498897
361 0.0461459 0.0443095
362 0.0405266 0.0385544
363 0.0347474 0.0326472
364 0.028831 0.0266111
365 0.0228008 0.02047
366 0.0166806 0.0142481
367 0.0104947 0.00796996
368 0.00426725 0.00166039
369 -0.001977 -0.00465574
370 -0.00821344 -0.0109535
371 -0.0144175 -0.017208
372 -0.0205646 -0.0233946
373 -0.0266306 -0.0294889
374 -0.0325914 -0.0354668
375 -0.0384237 -0.0413047
376 -0.0441043 -0.0469797
377 -0.0496108 -0.0524692
378 -0.0549216 -0.0577516
379 -0.0600156 -0.0628062
380 -0.0648728 -0.0676128
381 -0.0694739 -0.0721526
382 -0.0738008 -0.0764077
383 -0.0778365 -0.0803612
384 -0.081565 -0.0839976
385 -0.0849716 -0.0873025
386 -0.0880429 -0.0902628
387 -0.0907667 -0.0928669
388 -0.0931323 -0.0951045
389 -0.0951303 -0.0969668
390 -0.0967529 -0.0984463
391 -0.0979936 -0.0995374
392 -0.0988477 -0.100236
393 -0.0993116 -0.100538
394 -0.0993836 -0.100444
395 -0.0990633 -0.0999536
396 -0.0983521 -0.0990686
397 -0.0972527 -0.0977926
398 -0.0957696 -0.0961307
399 -0.0939084 -0.0940894
400 -0.0916767 -0.0916767
401 -0.0890832 -0.0889023
402 -0.086138 -0.085777
403 -0.082853 -0.0823131
404 -0.0792409 -0.0785244
405 -0.0753162 -0.0744259
406 -0.0710941 -0.0700336
407 -0.0665916 -0.0653649
408 -0.0618262 -0.0604382
409 -0.0568168 -0.055273
410 -0.0515831 -0.0498897
411 -0.0461459 -0.0443095
412 -0.0405266 -0.0385544
413 -0.0347474 -0.0326472
414 -0.028831 -0.0266111
415 -0.0228008 -0.02047
416 -0.0166806 -0.0142481
417 -0.0104947 -0.00796996
418 -0.00426725 -0.00166039
419 0.001977 0.00465574
420 0.00821344 0.0109535
421 0.0144175 0.017208
422 0.0205646 0.0233946
423 0.0266306 0.0294889
424 0.0325914 0.0354668
425 0.0384237 0.0413047
426 0.0441043 0.0469797
427 0.0496108 0.0524692
428 0.0549216 0.0577516
429 0.0600156 0.0628062
430 0.0648728 0.0676128
431 0.0694739 0.0721526
432 0.0738008 0.0764077
433 0.0778365 0.0803612
434 0.081565 0.0839976
435 0.0849716 0.0873025
436 0.0880429 0.0902628
437 0.0907667 0.0928669
438 0.0931323 0.0951045
439 0.0951303 0.0969668
440 0.0967529 0.0984463
441 0.0979936 0.0995374
442 0.0988477 0.100236
443 0.0993116 0.100538
444 0.0993836 0.100444
445 0.0990633 0.0999536
446 0.0983521 0.0990686
447 0.0972527 0.0977926
448 0.0957696 0.0961307
449 0.0939084 0.0940894
450 0.0916767 0.0916767
451 0.0890832 0.0889023
452 0.086138 0.085777
453 0.082853 0.0823131
454 0.0792409 0.0785244
455 0.0753162 0.0744259
456 0.0710941 0.0700336
457 0.0665916 0.0653649
458 0.0618262 0.0604382
459 0.0568168 0.055273
460 0.0515831 0.0498897
461 0.0461459 0.0443095
462 0.0405266 0.0385544
463 0.0347474 0.0326472
464 0.028831 0.0266111
465 0.0228008 0.02047
466 0.0166806 0.0142481
467 0.0104947 0.00796996
468 0.00426725 0.00166039
469 -0.001977 -0.00465574
470 -0.00821344 -0.0109535
471 -0.0144175 -0.017208
472 -0.0205646 -0.0233946
473 -0.0266306 -0.0294889
474 -0.0325914 -0.0354668
475 -0.0384237 -0.0413047
476 -0.0441043 -0.0469797
477 -0.0496108 -0.0524692
478 -0.0549216 -0.0577516
479 -0.0600156 -0.0628062
480 -0.0648728 -0.0676128
481 -0.0694739 -0.0721526
482 -0.0738008 -0.0764077
483 -0.0778365 -0.0803612
484 -0.081565 -0.0839976
485 -0.0849716 -0.0873025
486 -0.0880429 -0.0902628
487 -0.0907667 -0.0928669
488 -0.0931323 -0.0951045
489 -0.0951303 -0.0969668
490 -0.0967529 -0.0984463
491 -0.0979936 -0.0995374
492 -0.0988477 -0.100236
493 -0.0993116 -0.100538
494 -0.0993836 -0.100444
495 -0.0990633 -0.0999536
496 -0.0983521 -0.0990686
497 -0.0972527 -0.0977926
498 -0.0957696 -0.0961307
499 -0.0939084 -0.0940894
500 -0.0916767 -0.0916767
501 -0.0890832 -0.0889023
502 -0.086138 -0.085777
503 -0.082853 -0.0823131
504 -0.0792409 -0.0785244
505 -0.0753162 -0.0744259
506 -0.0710941 -0.0700336
507 -0.0665916 -0.0653649
508 -0.0618262 -0.0604382
509 -0.0568168 -0.055273
510 -0.0515831 -0.0498897
511 -0.0461459 -0.0443095
512 -0.0405266 -0.0385544
513 -0.0347474 -0.0326472
514 -0.028831 -0.0266111
515 -0.0228008 -0.02047
516 -0.0166806 -0.0142481
517 -0.0104947 -0.00796996
518 -0.00426725 -0.00166039
519 0.001977 0.00465574
520 0.00821344 0.0109535
521 0.0144175 0.017208
522 0.0205646 0.0233946
523 0.0266306 0.0294889
524 0.0325914 0.0354668
525 0.0384237 0.0413047
526 0.0441043 0.0469797
527 0.0496108 0.0524692
528 0.0549216 0.0577516
529 0.0600156 0.0628062
530 0.0648728 0.0676128
531 0.0694739 0.0721526
532 0.0738008 0.0764077
533 0.0778365 0.0803612
534 0.081565 0.0839976
535 0.0849716 0.0873025
536 0.0880429 0.0902628
537 0.0907667 0.0928669
538 0.0931323 0.0951045
539 0.0951303 0.0969668
540 0.0967529 0.0984463
541 0.0979936 0.0995374
542 0.0988477 0.100236
543 0.0993116 0.100538
544 0.0993836 0.100444
545 0.0990633 0.0999536
546 0.0983521 0.0990686
547 0.0972527 0.0977926
548 0.0957696 0.0961307
549 0.0939084 0.0940894
550 0.0916767 0.0916767
551 0.0890832 0.0889023
552 0.086138 0.085777
553 0.082853 0.0823131
554 0.0792409 0.0785244
555 0.0753162 0.0744259
556 0.0710941 0.0700336
557 0.0665916 0.0653649
558 0.0618262 0.0604382
559 0.0568168 0.055273
560 0.0515831 0.0498897
561 0.0461459 0.0443095
562 0.0405266 0.0385544
563 0.0347474 0.0326472
564 0.028831 0.0266111
565 0.0228008 0.02047
566 0.0166806 0.0142481
567 0.0104947 0.00796996
568 0.00426725 0.00166039
569 -0.001977 -0.00465574
570 -0.00821344 -0.0109535
571 -0.0144175 -0.017208
572 -0.0205646 -0.0233946
573 -0.0266306 -0.0294889
574 -0.0325914 -0.0354668
575 -0.0384237 -0.0413047
576 -0.0441043 -0.0469797
577 -0.0496108 -0.0524692
578 -0.0549216 -0.0577516
579 -0.0600156 -0.0628062
580 -0.0648728 -0.0676128
581 -0.0694739 -0.0721526
582 -0.0738008 -0.0764077
583 -0.0778365 -0.0803612
584 -0.081565 -0.0839976
585 -0.0849716 -0.0873025
586 -0.0880429 -0.0902628
587 -0.0907667 -0.0928669
588 -0.0931323 -0.0951045
589 -0.0951303 -0.0969668
590 -0.0967529 -0.0984463
591 -0.0979936 -0.0995374
592 -0.0988477 -0.100236
593 -0.0993116 -0.100538
594 -0.0993836 -0.100444
595 -0.0990633 -0.0999536
596 -0.0983521 -0.0990686
597 -0.0972527 -0.0977926
598 -0.0957696 -0.0961307
599 -0.0939084 -0.0940894
600 -0.0916767 -0.0916767
601 -0.0890832 -0.0889023
602 -0.086138 -0.085777
603 -0.082853 -0.0823131
604 -0.0792409 -0.0785244
605 -0.0753162 -0.0744259
606 -0.0710941 -0.0700336
607 -0.0665916 -0.0653649
608 -0.0618262 -0.0604382
609 -0.0568168 -0.055273
610 -0.0515831 -0.0498897
611 -0.0461459 -0.0443095
612 -0.0405266 -0.0385544
613 -0.0347474 -0.0326472
614 -0.028831 -0.0266111
615 -0.0228008 -0.02047
616 -0.0166806 -0.0142481
617 -0.0104947 -0.00796996
618 -0.00426725 -0.00166039
619 0.001977 0.00465574
620 0.00821344 0.0109535
621 0.0144175 0.017208
622 0.0205646 0.0233946
623 0.0266306 0.0294889
624 0.0325914 0.0354668
625 0.0384237 0.0413047
626 0.0441043 0.0469797
627 0.0496108 0.0524692
628 0.0549216 0.0577516
629 0.0600156 0.0628062
630 0.0648728 0.0676128
631 0.0694739 0.0721526
632 0.0738008 0.0764077
633 0.0778365 0.0803612
634 0.081565 0.0839976
635 0.0849716 0.0873025
636 0.0880429 0.0902628
637 0.0907667 0.0928669
638 0.0931323 0.0951045
639 0.0951303 0.0969668
640 0.0967529 0.0984463
641 0.0979936 0.0995374
642 0.0988477 0.100236
643 0.0993116 0.100538
644 0.0993836 0.100444
645 0.0990633 0.0999536
646 0.0983521 0.0990686
647 0.0972527 0.0977926
648 0.0957696 0.0961307
649 0.0939084 0.0940894
650 0.0916767 0.0916767
651 0.0890832 0.0889023
652 0.086138 0.085777
653 0.082853 0.0823131
654 0.0792409 0.0785244
655 0.0753162 0.0744259
656 0.0710941 0.0700336
657 0.0665916 0.0653649
658 0.0618262 0.0604382
659 0.0568168 0.055273
660 0.0515831 0.0498897
661 0.0461459 0.0443095
662 0.0405266 0.0385544
663 0.0347474 0.0326472
664 0.028831 0.0266111
665 0.0228008 0.02047
666 0.0166806 0.0142481
667 0.0104947 0.00796996
668 0.00426725 0.00166039
669 -0.001977 -0.00465574
670 -0.00821344 -0.0109535
671 -0.0144175 -0.017208
672 -0.0205646 -0.0233946
673 -0.0266306 -0.0294889
674 -0.0325914 -0.0354668
675 -0.0384237 -0.0413047
676 -0.0441043 -0.0469797
677 -0.0496108 -0.0524692
678 -0.0549216 -0.0577516
679 -0.0600156 -0.0628062
680 -0.0648728 -0.0676128
681 -0.0694739 -0.0721526
682 -0.0738008 -0.0764077
683 -0.0778365 -0.0803612
684 -0.081565 -0.0839976
685 -0.0849716 -0.0873025
686 -0.0880429 -0.0902628
687 -0.0907667 -0.0928669
688 -0.0931323 -0.0951045
689 -0.0951303 -0.0969668
690 -0.0967529 -0.0984463
691 -0.0979936 -0.0995374
692 -0.0988477 -0.100236
693 -0.0993116 -0.100538
694 -0.0993836 -0.100444
695 -0.0990633 -0.0999536
696 -0.0983521 -0.0990686
697 -0.0972527 -0.0977926
698 -0.0957696 -0.0961307
699 -0.0939084 -0.0940894
700 -0.0916767 -0.0916767
701 -0.0890832 -0.0889023
702 -0.086138 -0.085777
703 -0.082853 -0.0823131
704 -0.0792409 -0.0785244
705 -0.0753162 -0.0744259
706 -0.0710941 -0.0700336
707 -0.0665916 -0.0653649
708 -0.0618262 -0.0604382
709 -0.0568168 -0.055273
710 -0.0515831 -0.0498897
711 -0.0461459 -0.0443095
712 -0.0405266 -0.0385544
713 -0.0347474 -0.0326472
714 -0.028831 -0.0266111
715 -0.0228008 -0.02047
716 -0.0166806 -0.0142481
717 -0.0104947 -0.00796996
718 -0.00426725 -0.00166039
719 0.001977 0.00465574
720 0.00821344 0.0109535
721 0.0144175 0.017208
722 0.0205646 0.0233946
723 0.0266306 0.0294889
724 0.0325914 0.0354668
725 0.0384237 0.0413047
726 0.0441043 0.0469797
727 0.0496108 0.0524692
728 0.0549216 0.0577516
729 0.0600156 0.0628062
730 0.0648728 0.0676128
731 0.0694739 0.0721526
732 0.0738008 0.0764077
733 0.0778365 0.0803612
734 0.081565 0.0839976
735 0.0849716 0.0873025
736 0.0880429 0.0902628
737 0.0907667 0.0928669
738 0.0931323 0.0951045
739 0.0951303 0.0969668
740 0.0967529 0.0984463
741 0.0979936 0.0995374
742 0.0988477 0.100236
743 0.0993116 0.100538
744 0.0993836 0.100444
745 0.0990633 0.0999536
746 0.0983521 0.0990686
747 0.0972527 0.0977926
748 0.0957696 0.0961307
749 0.0939084 0.0940894
750 0.0916767 0.0916767
751 0.0890832 0.0889023
752 0.086138 0.085777
753 0.082853 0.0823131
754 0.0792409 0.0785244
755 0.0753162 0.0744259
756 0.0710941 0.0700336
757 0.0665916 0.0653649
758 0.0618262 0.0604382
759 0.0568168 0.055273
760 0.0515831 0.0498897
761 0.0461459 0.0443095
762 0.0405266 0.0385544
763 0.0347474 0.0326472
764 0.028831 0.0266111
765 0.0228008 0.02047
766 0.0166806 0.0142481
767 0.0104947 0.00796996
768 0.00426725 0.00166039
769 -0.001977 -0.00465574
770 -0.00821344 -0.0109535
771 -0.0144175 -0.017208
772 -0.0205646 -0.0233946
773 -0.0266306 -0.0294889
774 -0.0325914 -0.0354668
775 -0.0384237 -0.0413047
776 -0.0441043 -0.0469797
777 -0.0496108 -0.0524692
778 -0.0549216 -0.0577516
779 -0.0600156 -0.0628062
780 -0.0648728 -0.0676128
781 -0.0694739 -0.0721526
782 -0.0738008 -0.0764077
783 -0.0778365 -0.0803612
784 -0.081565 -0.0839976
785 -0.0849716 -0.0873025
786 -0.0880429 -0.0902628
787 -0.0907667 -0.0928669
788 -0.0931323 -0.0951045
789 -0.0951303 -0.0969668
790 -0.0967529 -0.0984463
791 -0.0979936 -0.0995374
792 -0.0988477 -0.100236
793 -0.0993116 -0.100538
794 -0.0993836 -0.100444
795 -0.0990633 -0.0999536
796 -0.0983521 -0.0990686
797 -0.0972527 -0.0977926
798 -0.0957696 -0.0961307
799 -0.0939084 -0.0940894
800 -0.0916767 -0.0916767
801 -0.0890832 -0.0889023
802 -0.086138 -0.085777
803 -0.082853 -0.0823131
804 -0.0792409 -0.0785244
805 -0.0753162 -0.0744259
806 -0.0710941 -0.0700336
807 -0.0665916 -0.0653649
808 -0.0618262 -0.0604382
809 -0.0568168 -0.055273
810 -0.0515831 -0.0498897
811 -0.0461459 -0.0443095
812 -0.0405266 -0.0385544
813 -0.0347474 -0.0326472
814 -0.028831 -0.0266111
815 -0.0228008 -0.02047
816 -0.0166806 -0.0142481
817 -0.0104947 -0.00796996
818 -0.00426725 -0.00166039
819 0.001977 0.00465574
820 0.00821344 0.0109535
821 0.0144175 0.017208
822 0.0205646 0.0233946
823 0.0266306 0.0294889
824 0.0325914 0.0354668
825 0.0384237 0.0413047
826 0.0441043 0.0469797
827 0.0496108 0.0524692
828 0.0549216 0.0577516
829 0.0600156 0.0628062
830 0.0648728 0.0676128
831 0.0694739 0.0721526
832 0.0738008 0.0764077
833 0.0778365 0.0803612
834 0.081565 0.0839976
835 0.0849716 0.0873025
836 0.0880429 0.0902628
837 0.0907667 0.0928669
838 0.0931323 0.0951045
839 0.0951303 0.0969668
840 0.0967529 0.0984463
841 0.0979936 0.0995374
842 0.0988477 0.100236
843 0.0993116 0.100538
844 0.0993836 0.100444
845 0.0990633 0.0999536
846 0.0983521 0.0990686
847 0.0972527 0.0977926
848 0.0957696 0.0961307
849 0.0939084 0.0940894
850 0.0916767 0.0916767
851 0.0890832 0.0889023
852 0.086138 0.085777
853 0.082853 0.0823131
854 0.0792409 0.0785244
855 0.0753162 0.0744259
856 0.0710941 0.0700336
857 0.0665916 0.0653649
858 0.0618262 0.0604382
859 0.0568168 0.055273
860 0.0515831 0.0498897
861 0.0461459 0.0443095
862 0.0405266 0.0385544
863 0.0347474 0.0326472
864 0.028831 0.0266111
865 0.0228008 0.02047
866 0.0166806 0.0142481
867 0.0104947 0.00796996
868 0.00426725 0.00166039
869 -0.001977 -0.00465574
870 -0.00821344 -0.0109535
871 -0.0144175 -0.017208
872 -0.0205646 -0.0233946
873 -0.0266306 -0.0294889
874 -0.0325914 -0.0354668
875 -0.0384237 -0.0413047
876 -0.0441043 -0.0469797
877 -0.0496108 -0.0524692
878 -0.0549216 -0.0577516
879 -0.0600156 -0.0628062
880 -0.0648728 -0.0676128
881 -0.0694739 -0.0721526
882 -0.0738008 -0.0764077
883 -0.0778365 -0.0803612
884 -0.081565 -0.0839976
885 -0.0849716 -0.0873025
886 -0.0880429 -0.0902628
887 -0.0907667 -0.0928669
888 -0.0931323 -0.0951045
889 -0.0951303 -0.0969668
890 -0.0967529 -0.0984463
891 -0.0979936 -0.0995374
892 -0.0988477 -0.100236
893 -0.0993116 -0.100538
894 -0.0993836 -0.100444
895 -0.0990633 -0.0999536
896 -0.0983521 -0.0990686
897 -0.0972527 -0.0977926
898 -0.0957696 -0.0961307
899 -0.0939084 -0.0940894
900 -0.0916767 -0.0916767
901 -0.0890832 -0.0889023
902 -0.086138 -0.085777
903 -0.082853 -0.0823131
904 -0.0792409 -0.0785244
905 -0.0753162 -0.0744259
906 -0.0710941 -0.0700336
907 -0.0665916 -0.0653649
908 -0.0618262 -0.0604382
909 -0.0568168 -0.055273
910 -0.0515831 -0.0498897
911 -0.0461459 -0.0443095
912 -0.0405266 -0.0385544
913 -0.0347474 -0.0326472
914 -0.028831 -0.0266111
915 -0.0228008 -0.02047
916 -0.0166806 -0.0142481
917 -0.0104947 -0.00796996
918 -0.00426725 -0.00166039
919 0.001977 0.00465574
920 0.00821344 0.0109535
921 0.0144175 0.017208
922 0.0205646 0.0233946
923 0.0266306 0.0294889
924 0.0325914 0.0354668
925 0.0384237 0.0413047
926 0.0441043 0.0469797
927 0.0496108 0.0524692
928 0.0549216 0.0577516
929 0.0600156 0.0628062
930 0.0648728 0.0676128
931 0.0694739 0.0721526
932 0.0738008 0.0764077
933 0.0778365 0.0803612
934 0.081565 0.0839976
935 0.0849716 0.0873025
936 0.0880429 0.0902628
937 0.0907667 0.0928669
938 0.0931323 0.0951045
939 0.0951303 0.0969668
940 0.0967529 0.0984463
941 0.0979936 0.0995374
942 0.0988477 0.100236
943 0.0993116 0.100538
944 0.0993836 0.100444
945 0.0990633 0.0999536
946 0.0983521 0.0990686
947 0.0972527 0.0977926
948 0.0957696 0.0961307
949 0.0939084 0.0940894
950 0.0916767 0.0916767
951 0.0890832 0.0889023
952 0.086138 0.085777
953 0.082853 0.0823131
954 0.0792409 0.0785244
955 0.0753162 0.0744259
956 0.0710941 0.0700336
957 0.0665916 0.0653649
958 0.0618262 0.0604382
959 0.0568168 0.055273
960 0.0515831 0.0498897
961 0.0461459 0.0443095
962 0.0405266 0.0385544
963 0.0347474 0.0326472
964 0.028831 0.0266111
965 0.0228008 0.02047
966 0.0166806 0.0142481
967 0.0104947 0.00796996
968 0.00426725 0.00166039
969 -0.001977 -0.00465574
970 -0.00821344 -0.0109535
971 -0.0144175 -0.017208
972 -0.0205646 -0.0233946
973 -0.0266306 -0.0294889
974 -0.0325914 -0.0354668
975 -0.0384237 -0.0413047
976 -0.0441043 -0.0469797
977 -0.0496108 -0.0524692
978 -0.0549216 -0.0577516
979 -0.0600156 -0.0628062
980 -0.0648728 -0.0676128
981 -0.0694739 -0.0721526
982 -0.0738008 -0.0764077
983 -0.0778365 -0.0803612
984 -0.081565 -0.0839976
985 -0.0849716 -0.0873025
986 -0.0880429 -0.0902628
987 -0.0907667 -0.0928669
988 -0.0931323 -0.0951045
989 -0.0951303 -0.0969668
990 -0.0967529 -0.0984463
991 -0.0979936 -0.0995374
992 -0.0988477 -0.100236
993 -0.0993116 -0.100538
994 -0.0993836 -0.100444
995 -0.0990633 -0.0999536
996 -0.0983521 -0.0990686
997 -0.0972527 -0.0977926
998 -0.0957696 -0.0961307
999 -0.0939084 -0.0940894
