0 -0.0934854 -0.0934854
1 -0.0911696 -0.0909851
2 -0.088494 -0.0881258
3 -0.0854692 -0.0849187
4 -0.0821071 -0.0813764
5 -0.0784209 -0.077513
6 -0.0744252 -0.0733437
7 -0.0701358 -0.0688849
8 -0.0655697 -0.0641543
9 -0.0607447 -0.0591705
10 -0.05568 -0.0539532
11 -0.0503956 -0.0485229
12 -0.0449123 -0.0429011
13 -0.0392517 -0.0371101
14 -0.0334362 -0.0311725
15 -0.0274888 -0.025112
16 -0.0214329 -0.0189523
17 -0.0152924 -0.0127179
18 -0.00909153 -0.00643324
19 -0.00285479 -0.000123205
20 0.00339321 0.00618732
21 0.00962782 0.0124734
22 0.0158244 0.0187103
23 0.0219586 0.0248733
24 0.0280061 0.0309382
25 0.0339431 0.036881
26 0.0397461 0.0426782
27 0.0453922 0.048307
28 0.0508593 0.0537451
29 0.0561256 0.0589712
30 0.0611703 0.0639645
31 0.0659737 0.0687053
32 0.0705167 0.073175
33 0.0747815 0.077356
34 0.0787511 0.0812316
35 0.0824098 0.0847867
36 0.0857434 0.0880071
37 0.0887386 0.0908802
38 0.0913835 0.0933947
39 0.0936678 0.0955405
40 0.0955825 0.0973093
41 0.0971199 0.0986941
42 0.0982741 0.0996894
43 0.0990404 0.100291
44 0.0994158 0.100497
45 0.0993989 0.100307
46 0.0989897 0.0997203
47 0.0981898 0.0987403
48 0.0970024 0.0973706
49 0.0954322 0.0956167
50 0.0934854 0.0934854
51 0.0911696 0.0909851
52 0.088494 0.0881258
53 0.0854692 0.0849187
54 0.0821071 0.0813764
55 0.0784209 0.077513
56 0.0744252 0.0733437
57 0.0701358 0.0688849
58 0.0655697 0.0641543
59 0.0607447 0.0591705
60 0.05568 0.0539532
61 0.0503956 0.0485229
62 0.0449123 0.0429011
63 0.0392517 0.0371101
64 0.0334362 0.0311725
65 0.0274888 0.025112
66 0.0214329 0.0189523
67 0.0152924 0.0127179
68 0.00909153 0.00643324
69 0.00285479 0.000123205
70 -0.00339321 -0.00618732
71 -0.00962782 -0.0124734
72 -0.0158244 -0.0187103
73 -0.0219586 -0.0248733
74 -0.0280061 -0.0309382
75 -0.0339431 -0.036881
76 -0.0397461 -0.0426782
77 -0.0453922 -0.048307
78 -0.0508593 -0.0537451
79 -0.0561256 -0.0589712
80 -0.0611703 -0.0639645
81 -0.0659737 -0.0687053
82 -0.0705167 -0.073175
83 -0.0747815 -0.077356
84 -0.0787511 -0.0812316
85 -0.0824098 -0.0847867
86 -0.0857434 -0.0880071
87 -0.0887386 -0.0908802
88 -0.0913835 -0.0933947
89 -0.0936678 -0.0955405
90 -0.0955825 -0.0973093
91 -0.0971199 -0.0986941
92 -0.0982741 -0.0996894
93 -0.0990404 -0.100291
94 -0.0994158 -0.100497
95 -0.0993989 -0.100307
96 -0.0989897 -0.0997203
97 -0.0981898 -0.0987403
98 -0.0970024 -0.0973706
99 -0.0954322 -0.0956167
100 -0.0934854 -0.0934854
101 -0.0911696 -0.0909851
102 -0.088494 -0.0881258
103 -0.0854692 -0.0849187
104 -0.0821071 -0.0813764
105 -0.0784209 -0.077513
106 -0.0744252 -0.0733437
107 -0.0701358 -0.0688849
108 -0.0655697 -0.0641543
109 -0.0607447 -0.0591705
110 -0.05568 -0.0539532
111 -0.0503956 -0.0485229
112 -0.0449123 -0.0429011
113 -0.0392517 -0.0371101
114 -0.0334362 -0.0311725
115 -0.0274888 -0.025112
116 -0.0214329 -0.0189523
117 -0.0152924 -0.0127179
118 -0.00909153 -0.00643324
119 -0.00285479 -0.000123205
120 0.00339321 0.00618732
121 0.00962782 0.0124734
122 0.0158244 0.0187103
123 0.0219586 0.0248733
124 0.0280061 0.0309382
125 0.0339431 0.036881
126 0.0397461 0.0426782
127 0.0453922 0.048307
128 0.0508593 0.0537451
129 0.0561256 0.0589712
130 0.0611703 0.0639645
131 0.0659737 0.0687053
132 0.0705167 0.073175
133 0.0747815 0.077356
134 0.0787511 0.0812316
135 0.0824098 0.0847867
136 0.0857434 0.0880071
137 0.0887386 0.0908802
138 0.0913835 0.0933947
139 0.0936678 0.0955405
140 0.0955825 0.0973093
141 0.0971199 0.0986941
142 0.0982741 0.0996894
143 0.0990404 0.100291
144 0.0994158 0.100497
145 0.0993989 0.100307
146 0.0989897 0.0997203
147 0.0981898 0.0987403
148 0.0970024 0.0973706
149 0.0954322 0.0956167
150 0.0934854 0.0934854
151 0.0911696 0.0909851
152 0.088494 0.0881258
153 0.0854692 0.0849187
154 0.0821071 0.0813764
155 0.0784209 0.077513
156 0.0744252 0.0733437
157 0.0701358 0.0688849
158 0.0655697 0.0641543
159 0.0607447 0.0591705
160 0.05568 0.0539532
161 0.0503956 0.0485229
162 0.0449123 0.0429011
163 0.0392517 0.0371101
164 0.0334362 0.0311725
165 0.0274888 0.025112
166 0.0214329 0.0189523
167 0.0152924 0.0127179
168 0.00909153 0.00643324
169 0.00285479 0.000123205
170 -0.00339321 -0.00618732
171 -0.00962782 -0.0124734
172 -0.0158244 -0.0187103
173 -0.0219586 -0.0248733
174 -0.0280061 -0.0309382
175 -0.0339431 -0.036881
176 -0.0397461 -0.0426782
177 -0.0453922 -0.048307
178 -0.0508593 -0.0537451
179 -0.0561256 -0.0589712
180 -0.0611703 -0.0639645
181 -0.0659737 -0.0687053
182 -0.0705167 -0.073175
183 -0.0747815 -0.077356
184 -0.0787511 -0.0812316
185 -0.0824098 -0.0847867
186 -0.0857434 -0.0880071
187 -0.0887386 -0.0908802
188 -0.0913835 -0.0933947
189 -0.0936678 -0.0955405
190 -0.0955825 -0.0973093
191 -0.0971199 -0.0986941
192 -0.0982741 -0.0996894
193 -0.0990404 -0.100291
194 -0.0994158 -0.100497
195 -0.0993989 -0.100307
196 -0.0989897 -0.0997203
197 -0.0981898 -0.0987403
198 -0.0970024 -0.0973706
199 -0.0954322 -0.0956167
200 -0.0934854 -0.0934854
201 -0.0911696 -0.0909851
202 -0.088494 -0.0881258
203 -0.0854692 -0.0849187
204 -0.0821071 -0.0813764
205 -0.0784209 -0.077513
206 -0.0744252 -0.0733437
207 -0.0701358 -0.0688849
208 -0.0655697 -0.0641543
209 -0.0607447 -0.0591705
210 -0.05568 -0.0539532
211 -0.0503956 -0.0485229
212 -0.0449123 -0.0429011
213 -0.0392517 -0.0371101
214 -0.0334362 -0.0311725
215 -0.0274888 -0.025112
216 -0.0214329 -0.0189523
217 -0.0152924 -0.0127179
218 -0.00909153 -0.00643324
219 -0.00285479 -0.000123205
220 0.00339321 0.00618732
221 0.00962782 0.0124734
222 0.0158244 0.0187103
223 0.0219586 0.0248733
224 0.0280061 0.0309382
225 0.0339431 0.036881
226 0.0397461 0.0426782
227 0.0453922 0.048307
228 0.0508593 0.0537451
229 0.0561256 0.0589712
230 0.0611703 0.0639645
231 0.0659737 0.0687053
232 0.0705167 0.073175
233 0.0747815 0.077356
234 0.0787511 0.0812316
235 0.0824098 0.0847867
236 0.0857434 0.0880071
237 0.0887386 0.0908802
238 0.0913835 0.0933947
239 0.0936678 0.0955405
240 0.0955825 0.0973093
241 0.0971199 0.0986941
242 0.0982741 0.0996894
243 0.0990404 0.100291
244 0.0994158 0.100497
245 0.0993989 0.100307
246 0.0989897 0.0997203
247 0.0981898 0.0987403
248 0.0970024 0.0973706
249 0.0954322 0.0956167
250 0.0934854 0.0934854
251 0.0911696 0.0909851
252 0.088494 0.0881258
253 0.0854692 0.0849187
254 0.0821071 0.0813764
255 0.0784209 0.077513
256 0.0744252 0.0733437
257 0.0701358 0.0688849
258 0.0655697 0.0641543
259 0.0607447 0.0591705
260 0.05568 0.0539532
261 0.0503956 0.0485229
262 0.0449123 0.0429011
263 0.0392517 0.0371101
264 0.0334362 0.0311725
265 0.0274888 0.025112
266 0.0214329 0.0189523
267 0.0152924 0.0127179
268 0.00909153 0.00643324
269 0.00285479 0.000123205
270 -0.00339321 -0.00618732
271 -0.00962782 -0.0124734
272 -0.0158244 -0.0187103
273 -0.0219586 -0.0248733
274 -0.0280061 -0.0309382
275 -0.0339431 -0.036881
276 -0.0397461 -0.0426782
277 -0.0453922 -0.048307
278 -0.0508593 -0.0537451
279 -0.0561256 -0.0589712
280 -0.0611703 -0.0639645
281 -0.0659737 -0.0687053
282 -0.0705167 -0.073175
283 -0.0747815 -0.077356
284 -0.0787511 -0.0812316
285 -0.0824098 -0.0847867
286 -0.0857434 -0.0880071
287 -0.0887386 -0.0908802
288 -0.0913835 -0.0933947
289 -0.0936678 -0.0955405
290 -0.0955825 -0.0973093
291 -0.0971199 -0.0986941
292 -0.0982741 -0.0996894
293 -0.0990404 -0.100291
294 -0.0994158 -0.100497
295 -0.0993989 -0.100307
296 -0.0989897 -0.0997203
297 -0.0981898 -0.0987403
298 -0.0970024 -0.0973706
299 -0.0954322 -0.0956167
300 -0.0934854 -0.0934854
301 -0.0911696 -0.0909851
302 -0.088494 -0.0881258
303 -0.0854692 -0.0849187
304 -0.0821071 -0.0813764
305 -0.0784209 -0.077513
306 -0.0744252 -0.0733437
307 -0.0701358 -0.0688849
308 -0.0655697 -0.0641543
309 -0.0607447 -0.0591705
310 -0.05568 -0.0539532
311 -0.0503956 -0.0485229
312 -0.0449123 -0.0429011
313 -0.0392517 -0.0371101
314 -0.0334362 -0.0311725
315 -0.0274888 -0.025112
316 -0.0214329 -0.0189523
317 -0.0152924 -0.0127179
318 -0.00909153 -0.00643324
319 -0.00285479 -0.000123205
320 0.00339321 0.00618732
321 0.00962782 0.0124734
322 0.0158244 0.0187103
323 0.0219586 0.0248733
324 0.0280061 0.0309382
325 0.0339431 0.036881
326 0.0397461 0.0426782
327 0.0453922 0.048307
328 0.0508593 0.0537451
329 0.0561256 0.0589712
330 0.0611703 0.0639645
331 0.0659737 0.0687053
332 0.0705167 0.073175
333 0.0747815 0.077356
334 0.0787511 0.0812316
335 0.0824098 0.0847867
336 0.0857434 0.0880071
337 0.0887386 0.0908802
338 0.0913835 0.0933947
339 0.0936678 0.0955405
340 0.0955825 0.0973093
341 0.0971199 0.0986941
342 0.0982741 0.0996894
343 0.0990404 0.100291
344 0.0994158 0.100497
345 0.0993989 0.100307
346 0.0989897 0.0997203
347 0.0981898 0.0987403
348 0.0970024 0.0973706
349 0.0954322 0.0956167
350 0.0934854 0.0934854
351 0.0911696 0.0909851
352 0.088494 0.0881258
353 0.0854692 0.0849187
354 0.0821071 0.0813764
355 0.0784209 0.077513
356 0.0744252 0.0733437
357 0.0701358 0.0688849
358 0.0655697 0.0641543
359 0.0607447 0.0591705
360 0.05568 0.0539532
361 0.0503956 0.0485229
362 0.0449123 0.0429011
363 0.0392517 0.0371101
364 0.0334362 0.0311725
365 0.0274888 0.025112
366 0.0214329 0.0189523
367 0.0152924 0.0127179
368 0.00909153 0.00643324
369 0.00285479 0.000123205
370 -0.00339321 -0.00618732
371 -0.00962782 -0.0124734
372 -0.0158244 -0.0187103
373 -0.0219586 -0.0248733
374 -0.0280061 -0.0309382
375 -0.0339431 -0.036881
376 -0.0397461 -0.0426782
377 -0.0453922 -0.048307
378 -0.0508593 -0.0537451
379 -0.0561256 -0.0589712
380 -0.0611703 -0.0639645
381 -0.0659737 -0.0687053
382 -0.0705167 -0.073175
383 -0.0747815 -0.077356
384 -0.0787511 -0.0812316
385 -0.0824098 -0.0847867
386 -0.0857434 -0.0880071
387 -0.0887386 -0.0908802
388 -0.0913835 -0.0933947
389 -0.0936678 -0.0955405
390 -0.0955825 -0.0973093
391 -0.0971199 -0.0986941
392 -0.0982741 -0.0996894
393 -0.0990404 -0.100291
394 -0.0994158 -0.100497
395 -0.0993989 -0.100307
396 -0.0989897 -0.0997203
397 -0.0981898 -0.0987403
398 -0.0970024 -0.0973706
399 -0.0954322 -0.0956167
400 -0.0934854 -0.0934854
401 -0.0911696 -0.0909851
402 -0.088494 -0.0881258
403 -0.0854692 -0.0849187
404 -0.0821071 -0.0813764
405 -0.0784209 -0.077513
406 -0.0744252 -0.0733437
407 -0.0701358 -0.0688849
408 -0.0655697 -0.0641543
409 -0.0607447 -0.0591705
410 -0.05568 -0.0539532
411 -0.0503956 -0.0485229
412 -0.0449123 -0.0429011
413 -0.0392517 -0.0371101
414 -0.0334362 -0.0311725
415 -0.0274888 -0.025112
416 -0.0214329 -0.0189523
417 -0.0152924 -0.0127179
418 -0.00909153 -0.00643324
419 -0.00285479 -0.000123205
420 0.00339321 0.00618732
421 0.00962782 0.0124734
422 0.0158244 0.0187103
423 0.0219586 0.0248733
424 0.0280061 0.0309382
425 0.0339431 0.036881
426 0.0397461 0.0426782
427 0.0453922 0.048307
428 0.0508593 0.0537451
429 0.0561256 0.0589712
430 0.0611703 0.0639645
431 0.0659737 0.0687053
432 0.0705167 0.073175
433 0.0747815 0.077356
434 0.0787511 0.0812316
435 0.0824098 0.0847867
436 0.0857434 0.0880071
437 0.0887386 0.0908802
438 0.0913835 0.0933947
439 0.0936678 0.0955405
440 0.0955825 0.0973093
441 0.0971199 0.0986941
442 0.0982741 0.0996894
443 0.0990404 0.100291
444 0.0994158 0.100497
445 0.0993989 0.100307
446 0.0989897 0.0997203
447 0.0981898 0.0987403
448 0.0970024 0.0973706
449 0.0954322 0.0956167
450 0.0934854 0.0934854
451 0.0911696 0.0909851
452 0.088494 0.0881258
453 0.0854692 0.0849187
454 0.0821071 0.0813764
455 0.0784209 0.077513
456 0.0744252 0.0733437
457 0.0701358 0.0688849
458 0.0655697 0.0641543
459 0.0607447 0.0591705
460 0.05568 0.0539532
461 0.0503956 0.0485229
462 0.0449123 0.0429011
463 0.0392517 0.0371101
464 0.0334362 0.0311725
465 0.0274888 0.025112
466 0.0214329 0.0189523
467 0.0152924 0.0127179
468 0.00909153 0.00643324
469 0.00285479 0.000123205
470 -0.00339321 -0.00618732
471 -0.00962782 -0.0124734
472 -0.0158244 -0.0187103
473 -0.0219586 -0.0248733
474 -0.0280061 -0.0309382
475 -0.0339431 -0.036881
476 -0.0397461 -0.0426782
477 -0.0453922 -0.048307
478 -0.0508593 -0.0537451
479 -0.0561256 -0.0589712
480 -0.0611703 -0.0639645
481 -0.0659737 -0.0687053
482 -0.0705167 -0.073175
483 -0.0747815 -0.077356
484 -0.0787511 -0.0812316
485 -0.0824098 -0.0847867
486 -0.0857434 -0.0880071
487 -0.0887386 -0.0908802
488 -0.0913835 -0.0933947
489 -0.0936678 -0.0955405
490 -0.0955825 -0.0973093
491 -0.0971199 -0.0986941
492 -0.0982741 -0.0996894
493 -0.0990404 -0.100291
494 -0.0994158 -0.100497
495 -0.0993989 -0.100307
496 -0.0989897 -0.0997203
497 -0.0981898 -0.0987403
498 -0.0970024 -0.0973706
499 -0.0954322 -0.0956167
500 -0.0934854 -0.0934854
501 -0.0911696 -0.0909851
502 -0.088494 -0.0881258
503 -0.0854692 -0.0849187
504 -0.0821071 -0.0813764
505 -0.0784209 -0.077513
506 -0.0744252 -0.0733437
507 -0.0701358 -0.0688849
508 -0.0655697 -0.0641543
509 -0.0607447 -0.0591705
510 -0.05568 -0.0539532
511 -0.0503956 -0.0485229
512 -0.0449123 -0.0429011
513 -0.0392517 -0.0371101
514 -0.0334362 -0.0311725
515 -0.0274888 -0.025112
516 -0.0214329 -0.0189523
517 -0.0152924 -0.0127179
518 -0.00909153 -0.00643324
519 -0.00285479 -0.000123205
520 0.00339321 0.00618732
521 0.00962782 0.0124734
522 0.0158244 0.0187103
523 0.0219586 0.0248733
524 0.0280061 0.0309382
525 0.0339431 0.036881
526 0.0397461 0.0426782
527 0.0453922 0.048307
528 0.0508593 0.0537451
529 0.0561256 0.0589712
530 0.0611703 0.0639645
531 0.0659737 0.0687053
532 0.0705167 0.073175
533 0.0747815 0.077356
534 0.0787511 0.0812316
535 0.0824098 0.0847867
536 0.0857434 0.0880071
537 0.0887386 0.0908802
538 0.0913835 0.0933947
539 0.0936678 0.0955405
540 0.0955825 0.0973093
541 0.0971199 0.0986941
542 0.0982741 0.0996894
543 0.0990404 0.100291
544 0.0994158 0.100497
545 0.0993989 0.100307
546 0.0989897 0.0997203
547 0.0981898 0.0987403
548 0.0970024 0.0973706
549 0.0954322 0.0956167
550 0.0934854 0.0934854
551 0.0911696 0.0909851
552 0.088494 0.0881258
553 0.0854692 0.0849187
554 0.0821071 0.0813764
555 0.0784209 0.077513
556 0.0744252 0.0733437
557 0.0701358 0.0688849
558 0.0655697 0.0641543
559 0.0607447 0.0591705
560 0.05568 0.0539532
561 0.0503956 0.0485229
562 0.0449123 0.0429011
563 0.0392517 0.0371101
564 0.0334362 0.0311725
565 0.0274888 0.025112
566 0.0214329 0.0189523
567 0.0152924 0.0127179
568 0.00909153 0.00643324
569 0.00285479 0.000123205
570 -0.00339321 -0.00618732
571 -0.00962782 -0.0124734
572 -0.0158244 -0.0187103
573 -0.0219586 -0.0248733
574 -0.0280061 -0.0309382
575 -0.0339431 -0.036881
576 -0.0397461 -0.0426782
577 -0.0453922 -0.048307
578 -0.0508593 -0.0537451
579 -0.0561256 -0.0589712
580 -0.0611703 -0.0639645
581 -0.0659737 -0.0687053
582 -0.0705167 -0.073175
583 -0.0747815 -0.077356
584 -0.0787511 -0.0812316
585 -0.0824098 -0.0847867
586 -0.0857434 -0.0880071
587 -0.0887386 -0.0908802
588 -0.0913835 -0.0933947
589 -0.0936678 -0.0955405
590 -0.0955825 -0.0973093
591 -0.0971199 -0.0986941
592 -0.0982741 -0.0996894
593 -0.0990404 -0.100291
594 -0.0994158 -0.100497
595 -0.0993989 -0.100307
596 -0.0989897 -0.0997203
597 -0.0981898 -0.0987403
598 -0.0970024 -0.0973706
599 -0.0954322 -0.0956167
600 -0.0934854 -0.0934854
601 -0.0911696 -0.0909851
602 -0.088494 -0.0881258
603 -0.0854692 -0.0849187
604 -0.0821071 -0.0813764
605 -0.0784209 -0.077513
606 -0.0744252 -0.0733437
607 -0.0701358 -0.0688849
608 -0.0655697 -0.0641543
609 -0.0607447 -0.0591705
610 -0.05568 -0.0539532
611 -0.0503956 -0.0485229
612 -0.0449123 -0.0429011
613 -0.0392517 -0.0371101
614 -0.0334362 -0.0311725
615 -0.0274888 -0.025112
616 -0.0214329 -0.0189523
617 -0.0152924 -0.0127179
618 -0.00909153 -0.00643324
619 -0.00285479 -0.000123205
620 0.00339321 0.00618732
621 0.00962782 0.0124734
622 0.0158244 0.0187103
623 0.0219586 0.0248733
624 0.0280061 0.0309382
625 0.0339431 0.036881
626 0.0397461 0.0426782
627 0.0453922 0.048307
628 0.0508593 0.0537451
629 0.0561256 0.0589712
630 0.0611703 0.0639645
631 0.0659737 0.0687053
632 0.0705167 0.073175
633 0.0747815 0.077356
634 0.0787511 0.0812316
635 0.0824098 0.0847867
636 0.0857434 0.0880071
637 0.0887386 0.0908802
638 0.0913835 0.0933947
639 0.0936678 0.0955405
640 0.0955825 0.0973093
641 0.0971199 0.0986941
642 0.0982741 0.0996894
643 0.0990404 0.100291
644 0.0994158 0.100497
645 0.0993989 0.100307
646 0.0989897 0.0997203
647 0.0981898 0.0987403
648 0.0970024 0.0973706
649 0.0954322 0.0956167
650 0.0934854 0.0934854
651 0.0911696 0.0909851
652 0.088494 0.0881258
653 0.0854692 0.0849187
654 0.0821071 0.0813764
655 0.0784209 0.077513
656 0.0744252 0.0733437
657 0.0701358 0.0688849
658 0.0655697 0.0641543
659 0.0607447 0.0591705
660 0.05568 0.0539532
661 0.0503956 0.0485229
662 0.0449123 0.0429011
663 0.0392517 0.0371101
664 0.0334362 0.0311725
665 0.0274888 0.025112
666 0.0214329 0.0189523
667 0.0152924 0.0127179
668 0.00909153 0.00643324
669 0.00285479 0.000123205
670 -0.00339321 -0.00618732
671 -0.00962782 -0.0124734
672 -0.0158244 -0.0187103
673 -0.0219586 -0.0248733
674 -0.0280061 -0.0309382
675 -0.0339431 -0.036881
676 -0.0397461 -0.0426782
677 -0.0453922 -0.048307
678 -0.0508593 -0.0537451
679 -0.0561256 -0.0589712
680 -0.0611703 -0.0639645
681 -0.0659737 -0.0687053
682 -0.0705167 -0.073175
683 -0.0747815 -0.077356
684 -0.0787511 -0.0812316
685 -0.0824098 -0.0847867
686 -0.0857434 -0.0880071
687 -0.0887386 -0.0908802
688 -0.0913835 -0.0933947
689 -0.0936678 -0.0955405
690 -0.0955825 -0.0973093
691 -0.0971199 -0.0986941
692 -0.0982741 -0.0996894
693 -0.0990404 -0.100291
694 -0.0994158 -0.100497
695 -0.0993989 -0.100307
696 -0.0989897 -0.0997203
697 -0.0981898 -0.0987403
698 -0.0970024 -0.0973706
699 -0.0954322 -0.0956167
700 -0.0934854 -0.0934854
701 -0.0911696 -0.0909851
702 -0.088494 -0.0881258
703 -0.0854692 -0.0849187
704 -0.0821071 -0.0813764
705 -0.0784209 -0.077513
706 -0.0744252 -0.0733437
707 -0.0701358 -0.0688849
708 -0.0655697 -0.0641543
709 -0.0607447 -0.0591705
710 -0.05568 -0.0539532
711 -0.0503956 -0.0485229
712 -0.0449123 -0.0429011
713 -0.0392517 -0.0371101
714 -0.0334362 -0.0311725
715 -0.0274888 -0.025112
716 -0.0214329 -0.0189523
717 -0.0152924 -0.0127179
718 -0.00909153 -0.00643324
719 -0.00285479 -0.000123205
720 0.00339321 0.00618732
721 0.00962782 0.0124734
722 0.0158244 0.0187103
723 0.0219586 0.0248733
724 0.0280061 0.0309382
725 0.0339431 0.036881
726 0.0397461 0.0426782
727 0.0453922 0.048307
728 0.0508593 0.0537451
729 0.0561256 0.0589712
730 0.0611703 0.0639645
731 0.0659737 0.0687053
732 0.0705167 0.073175
733 0.0747815 0.077356
734 0.0787511 0.0812316
735 0.0824098 0.0847867
736 0.0857434 0.0880071
737 0.0887386 0.0908802
738 0.0913835 0.0933947
739 0.0936678 0.0955405
740 0.0955825 0.0973093
741 0.0971199 0.0986941
742 0.0982741 0.0996894
743 0.0990404 0.100291
744 0.0994158 0.100497
745 0.0993989 0.100307
746 0.0989897 0.0997203
747 0.0981898 0.0987403
748 0.0970024 0.0973706
749 0.0954322 0.0956167
750 0.0934854 0.0934854
751 0.0911696 0.0909851
752 0.088494 0.0881258
753 0.0854692 0.0849187
754 0.0821071 0.0813764
755 0.0784209 0.077513
756 0.0744252 0.0733437
757 0.0701358 0.0688849
758 0.0655697 0.0641543
759 0.0607447 0.0591705
760 0.05568 0.0539532
761 0.0503956 0.0485229
762 0.0449123 0.0429011
763 0.0392517 0.0371101
764 0.0334362 0.0311725
765 0.0274888 0.025112
766 0.0214329 0.0189523
767 0.0152924 0.0127179
768 0.00909153 0.00643324
769 0.00285479 0.000123205
770 -0.00339321 -0.00618732
771 -0.00962782 -0.0124734
772 -0.0158244 -0.0187103
773 -0.0219586 -0.0248733
774 -0.0280061 -0.0309382
775 -0.0339431 -0.036881
776 -0.0397461 -0.0426782
777 -0.0453922 -0.048307
778 -0.0508593 -0.0537451
779 -0.0561256 -0.0589712
780 -0.0611703 -0.0639645
781 -0.0659737 -0.0687053
782 -0.0705167 -0.073175
783 -0.0747815 -0.077356
784 -0.0787511 -0.0812316
785 -0.0824098 -0.0847867
786 -0.0857434 -0.0880071
787 -0.0887386 -0.0908802
788 -0.0913835 -0.0933947
789 -0.0936678 -0.0955405
790 -0.0955825 -0.0973093
791 -0.0971199 -0.0986941
792 -0.0982741 -0.0996894
793 -0.0990404 -0.100291
794 -0.0994158 -0.100497
795 -0.0993989 -0.100307
796 -0.0989897 -0.0997203
797 -0.0981898 -0.0987403
798 -0.0970024 -0.0973706
799 -0.0954322 -0.0956167
800 -0.0934854 -0.0934854
801 -0.0911696 -0.0909851
802 -0.088494 -0.0881258
803 -0.0854692 -0.0849187
804 -0.0821071 -0.0813764
805 -0.0784209 -0.077513
806 -0.0744252 -0.0733437
807 -0.0701358 -0.0688849
808 -0.0655697 -0.0641543
809 -0.0607447 -0.0591705
810 -0.05568 -0.0539532
811 -0.0503956 -0.0485229
812 -0.0449123 -0.0429011
813 -0.0392517 -0.0371101
814 -0.0334362 -0.0311725
815 -0.0274888 -0.025112
816 -0.0214329 -0.0189523
817 -0.0152924 -0.0127179
818 -0.00909153 -0.00643324
819 -0.00285479 -0.000123205
820 0.00339321 0.00618732
821 0.00962782 0.0124734
822 0.0158244 0.0187103
823 0.0219586 0.0248733
824 0.0280061 0.0309382
825 0.0339431 0.036881
826 0.0397461 0.0426782
827 0.0453922 0.048307
828 0.0508593 0.0537451
829 0.0561256 0.0589712
830 0.0611703 0.0639645
831 0.0659737 0.0687053
832 0.0705167 0.073175
833 0.0747815 0.077356
834 0.0787511 0.0812316
835 0.0824098 0.0847867
836 0.0857434 0.0880071
837 0.0887386 0.0908802
838 0.0913835 0.0933947
839 0.0936678 0.0955405
840 0.0955825 0.0973093
841 0.0971199 0.0986941
842 0.0982741 0.0996894
843 0.0990404 0.100291
844 0.0994158 0.100497
845 0.0993989 0.100307
846 0.0989897 0.0997203
847 0.0981898 0.0987403
848 0.0970024 0.0973706
849 0.0954322 0.0956167
850 0.0934854 0.0934854
851 0.0911696 0.0909851
852 0.088494 0.0881258
853 0.0854692 0.0849187
854 0.0821071 0.0813764
855 0.0784209 0.077513
856 0.0744252 0.0733437
857 0.0701358 0.0688849
858 0.0655697 0.0641543
859 0.0607447 0.0591705
860 0.05568 0.0539532
861 0.0503956 0.0485229
862 0.0449123 0.0429011
863 0.0392517 0.0371101
864 0.0334362 0.0311725
865 0.0274888 0.025112
866 0.0214329 0.0189523
867 0.0152924 0.0127179
868 0.00909153 0.00643324
869 0.00285479 0.000123205
870 -0.00339321 -0.00618732
871 -0.00962782 -0.0124734
872 -0.0158244 -0.0187103
873 -0.0219586 -0.0248733
874 -0.0280061 -0.0309382
875 -0.0339431 -0.036881
876 -0.0397461 -0.0426782
877 -0.0453922 -0.048307
878 -0.0508593 -0.0537451
879 -0.0561256 -0.0589712
880 -0.0611703 -0.0639645
881 -0.0659737 -0.0687053
882 -0.0705167 -0.073175
883 -0.0747815 -0.077356
884 -0.0787511 -0.0812316
885 -0.0824098 -0.0847867
886 -0.0857434 -0.0880071
887 -0.0887386 -0.0908802
888 -0.0913835 -0.0933947
889 -0.0936678 -0.0955405
890 -0.0955825 -0.0973093
891 -0.0971199 -0.0986941
892 -0.0982741 -0.0996894
893 -0.0990404 -0.100291
894 -0.0994158 -0.100497
895 -0.0993989 -0.100307
896 -0.0989897 -0.0997203
897 -0.0981898 -0.0987403
898 -0.0970024 -0.0973706
899 -0.0954322 -0.0956167
900 -0.0934854 -0.0934854
901 -0.0911696 -0.0909851
902 -0.088494 -0.0881258
903 -0.0854692 -0.0849187
904 -0.0821071 -0.0813764
905 -0.0784209 -0.077513
906 -0.0744252 -0.0733437
907 -0.0701358 -0.0688849
908 -0.0655697 -0.0641543
909 -0.0607447 -0.0591705
910 -0.05568 -0.0539532
911 -0.0503956 -0.0485229
912 -0.0449123 -0.0429011
913 -0.0392517 -0.0371101
914 -0.0334362 -0.0311725
915 -0.0274888 -0.025112
916 -0.0214329 -0.0189523
917 -0.0152924 -0.0127179
918 -0.00909153 -0.00643324
919 -0.00285479 -0.000123205
920 0.00339321 0.00618732
921 0.00962782 0.0124734
922 0.0158244 0.0187103
923 0.0219586 0.0248733
924 0.0280061 0.0309382
925 0.0339431 0.036881
926 0.0397461 0.0426782
927 0.0453922 0.048307
928 0.0508593 0.0537451
929 0.0561256 0.0589712
930 0.0611703 0.0639645
931 0.0659737 0.0687053
932 0.0705167 0.073175
933 0.0747815 0.077356
934 0.0787511 0.0812316
935 0.0824098 0.0847867
936 0.0857434 0.0880071
937 0.0887386 0.0908802
938 0.0913835 0.0933947
939 0.0936678 0.0955405
940 0.0955825 0.0973093
941 0.0971199 0.0986941
942 0.0982741 0.0996894
943 0.0990404 0.100291
944 0.0994158 0.100497
945 0.0993989 0.100307
946 0.0989897 0.0997203
947 0.0981898 0.0987403
948 0.0970024 0.0973706
949 0.0954322 0.0956167
950 0.0934854 0.0934854
951 0.0911696 0.0909851
952 0.088494 0.0881258
953 0.0854692 0.0849187
954 0.0821071 0.0813764
955 0.0784209 0.077513
956 0.0744252 0.0733437
957 0.0701358 0.0688849
958 0.0655697 0.0641543
959 0.0607447 0.0591705
960 0.05568 0.0539532
961 0.0503956 0.0485229
962 0.0449123 0.0429011
963 0.0392517 0.0371101
964 0.0334362 0.0311725
965 0.0274888 0.025112
966 0.0214329 0.0189523
967 0.0152924 0.0127179
968 0.00909153 0.00643324
969 0.00285479 0.000123205
970 -0.00339321 -0.00618732
971 -0.00962782 -0.0124734
972 -0.0158244 -0.0187103
973 -0.0219586 -0.0248733
974 -0.0280061 -0.0309382
975 -0.0339431 -0.036881
976 -0.0397461 -0.0426782
977 -0.0453922 -0.048307
978 -0.0508593 -0.0537451
979 -0.0561256 -0.0589712
980 -0.0611703 -0.0639645
981 -0.0659737 -0.0687053
982 -0.0705167 -0.073175
983 -0.0747815 -0.077356
984 -0.0787511 -0.0812316
985 -0.0824098 -0.0847867
986 -0.0857434 -0.0880071
987 -0.0887386 -0.0908802
988 -0.0913835 -0.0933947
989 -0.0936678 -0.0955405
990 -0.0955825 -0.0973093
991 -0.0971199 -0.0986941
992 -0.0982741 -0.0996894
993 -0.0990404 -0.100291
994 -0.0994158 -0.100497
995 -0.0993989 -0.100307
996 -0.0989897 -0.0997203
997 -0.0981898 -0.0987403
998 -0.0970024 -0.0973706
999 -0.0954322 -0.0956167
