0 -0.099099 -0.099099
1 -0.0981774 -0.0979819
2 -0.0968684 -0.0964781
3 -0.0951771 -0.0945935
4 -0.0931101 -0.0923356
5 -0.0906757 -0.0897134
6 -0.0878835 -0.086737
7 -0.0847444 -0.0834184
8 -0.0812709 -0.0797705
9 -0.0774766 -0.0758078
10 -0.0733765 -0.071546
11 -0.0689869 -0.0670018
12 -0.064325 -0.0621931
13 -0.0594093 -0.0571391
14 -0.0542591 -0.0518595
15 -0.0488947 -0.0463752
16 -0.0433374 -0.0407079
17 -0.0376091 -0.03488
18 -0.0317323 -0.0289144
19 -0.0257303 -0.0228347
20 -0.0196268 -0.0166649
21 -0.0134458 -0.0104293
22 -0.00721171 -0.00415256
23 -0.000949177 0.00214058
24 0.0053171 0.00842526
25 0.0115624 0.0146767
26 0.017762 0.0208702
27 0.0238916 0.0269814
28 0.0299269 0.032986
29 0.035844 0.0388605
30 0.0416197 0.0445816
31 0.0472312 0.0501268
32 0.0526562 0.0554742
33 0.0578735 0.0606026
34 0.0628623 0.0654918
35 0.0676031 0.0701226
36 0.072077 0.0744766
37 0.0762665 0.0785368
38 0.080155 0.0822869
39 0.0837272 0.0857123
40 0.0869689 0.0887995
41 0.0898675 0.0915362
42 0.0924113 0.0939116
43 0.0945904 0.0959165
44 0.0963963 0.0975427
45 0.0978217 0.0987841
46 0.098861 0.0996355
47 0.0995102 0.100094
48 0.0997667 0.100157
49 0.0996294 0.099825
50 0.099099 0.099099
51 0.0981774 0.0979819
52 0.0968684 0.0964781
53 0.0951771 0.0945935
54 0.0931101 0.0923356
55 0.0906757 0.0897134
56 0.0878835 0.086737
57 0.0847444 0.0834184
58 0.0812709 0.0797705
59 0.0774766 0.0758078
60 0.0733765 0.071546
61 0.0689869 0.0670018
62 0.064325 0.0621931
63 0.0594093 0.0571391
64 0.0542591 0.0518595
65 0.0488947 0.0463752
66 0.0433374 0.0407079
67 0.0376091 0.03488
68 0.0317323 0.0289144
69 0.0257303 0.0228347
70 0.0196268 0.0166649
71 0.0134458 0.0104293
72 0.00721171 0.00415256
73 0.000949177 -0.00214058
74 -0.0053171 -0.00842526
75 -0.0115624 -0.0146767
76 -0.017762 -0.0208702
77 -0.0238916 -0.0269814
78 -0.0299269 -0.032986
79 -0.035844 -0.0388605
80 -0.0416197 -0.0445816
81 -0.0472312 -0.0501268
82 -0.0526562 -0.0554742
83 -0.0578735 -0.0606026
84 -0.0628623 -0.0654918
85 -0.0676031 -0.0701226
86 -0.072077 -0.0744766
87 -0.0762665 -0.0785368
88 -0.080155 -0.0822869
89 -0.0837272 -0.0857123
90 -0.0869689 -0.0887995
91 -0.0898675 -0.0915362
92 -0.0924113 -0.0939116
93 -0.0945904 -0.0959165
94 -0.0963963 -0.0975427
95 -0.0978217 -0.0987841
96 -0.098861 -0.0996355
97 -0.0995102 -0.100094
98 -0.0997667 -0.100157
99 -0.0996294 -0.099825
100 -0.099099 -0.099099
101 -0.0981774 -0.0979819
102 -0.0968684 -0.0964781
103 -0.0951771 -0.0945935
104 -0.0931101 -0.0923356
105 -0.0906757 -0.0897134
106 -0.0878835 -0.086737
107 -0.0847444 -0.0834184
108 -0.0812709 -0.0797705
109 -0.0774766 -0.0758078
110 -0.0733765 -0.071546
111 -0.0689869 -0.0670018
112 -0.064325 -0.0621931
113 -0.0594093 -0.0571391
114 -0.0542591 -0.0518595
115 -0.0488947 -0.0463752
116 -0.0433374 -0.0407079
117 -0.0376091 -0.03488
118 -0.0317323 -0.0289144
119 -0.0257303 -0.0228347
120 -0.0196268 -0.0166649
121 -0.0134458 -0.0104293
122 -0.00721171 -0.00415256
123 -0.000949177 0.00214058
124 0.0053171 0.00842526
125 0.0115624 0.0146767
126 0.017762 0.0208702
127 0.0238916 0.0269814
128 0.0299269 0.032986
129 0.035844 0.0388605
130 0.0416197 0.0445816
131 0.0472312 0.0501268
132 0.0526562 0.0554742
133 0.0578735 0.0606026
134 0.0628623 0.0654918
135 0.0676031 0.0701226
136 0.072077 0.0744766
137 0.0762665 0.0785368
138 0.080155 0.0822869
139 0.0837272 0.0857123
140 0.0869689 0.0887995
141 0.0898675 0.0915362
142 0.0924113 0.0939116
143 0.0945904 0.0959165
144 0.0963963 0.0975427
145 0.0978217 0.0987841
146 0.098861 0.0996355
147 0.0995102 0.100094
148 0.0997667 0.100157
149 0.0996294 0.099825
150 0.099099 0.099099
151 0.0981774 0.0979819
152 0.0968684 0.0964781
153 0.0951771 0.0945935
154 0.0931101 0.0923356
155 0.0906757 0.0897134
156 0.0878835 0.086737
157 0.0847444 0.0834184
158 0.0812709 0.0797705
159 0.0774766 0.0758078
160 0.0733765 0.071546
161 0.0689869 0.0670018
162 0.064325 0.0621931
163 0.0594093 0.0571391
164 0.0542591 0.0518595
165 0.0488947 0.0463752
166 0.0433374 0.0407079
167 0.0376091 0.03488
168 0.0317323 0.0289144
169 0.0257303 0.0228347
170 0.0196268 0.0166649
171 0.0134458 0.0104293
172 0.00721171 0.00415256
173 0.000949177 -0.00214058
174 -0.0053171 -0.00842526
175 -0.0115624 -0.0146767
176 -0.017762 -0.0208702
177 -0.0238916 -0.0269814
178 -0.0299269 -0.032986
179 -0.035844 -0.0388605
180 -0.0416197 -0.0445816
181 -0.0472312 -0.0501268
182 -0.0526562 -0.0554742
183 -0.0578735 -0.0606026
184 -0.0628623 -0.0654918
185 -0.0676031 -0.0701226
186 -0.072077 -0.0744766
187 -0.0762665 -0.0785368
188 -0.080155 -0.0822869
189 -0.0837272 -0.0857123
190 -0.0869689 -0.0887995
191 -0.0898675 -0.0915362
192 -0.0924113 -0.0939116
193 -0.0945904 -0.0959165
194 -0.0963963 -0.0975427
195 -0.0978217 -0.0987841
196 -0.098861 -0.0996355
197 -0.0995102 -0.100094
198 -0.0997667 -0.100157
199 -0.0996294 -0.099825
200 -0.099099 -0.099099
201 -0.0981774 -0.0979819
202 -0.0968684 -0.0964781
203 -0.0951771 -0.0945935
204 -0.0931101 -0.0923356
205 -0.0906757 -0.0897134
206 -0.0878835 -0.086737
207 -0.0847444 -0.0834184
208 -0.0812709 -0.0797705
209 -0.0774766 -0.0758078
210 -0.0733765 -0.071546
211 -0.0689869 -0.0670018
212 -0.064325 -0.0621931
213 -0.0594093 -0.0571391
214 -0.0542591 -0.0518595
215 -0.0488947 -0.0463752
216 -0.0433374 -0.0407079
217 -0.0376091 -0.03488
218 -0.0317323 -0.0289144
219 -0.0257303 -0.0228347
220 -0.0196268 -0.0166649
221 -0.0134458 -0.0104293
222 -0.00721171 -0.00415256
223 -0.000949177 0.00214058
224 0.0053171 0.00842526
225 0.0115624 0.0146767
226 0.017762 0.0208702
227 0.0238916 0.0269814
228 0.0299269 0.032986
229 0.035844 0.0388605
230 0.0416197 0.0445816
231 0.0472312 0.0501268
232 0.0526562 0.0554742
233 0.0578735 0.0606026
234 0.0628623 0.0654918
235 0.0676031 0.0701226
236 0.072077 0.0744766
237 0.0762665 0.0785368
238 0.080155 0.0822869
239 0.0837272 0.0857123
240 0.0869689 0.0887995
241 0.0898675 0.0915362
242 0.0924113 0.0939116
243 0.0945904 0.0959165
244 0.0963963 0.0975427
245 0.0978217 0.0987841
246 0.098861 0.0996355
247 0.0995102 0.100094
248 0.0997667 0.100157
249 0.0996294 0.099825
250 0.099099 0.099099
251 0.0981774 0.0979819
252 0.0968684 0.0964781
253 0.0951771 0.0945935
254 0.0931101 0.0923356
255 0.0906757 0.0897134
256 0.0878835 0.086737
257 0.0847444 0.0834184
258 0.0812709 0.0797705
259 0.0774766 0.0758078
260 0.0733765 0.071546
261 0.0689869 0.0670018
262 0.064325 0.0621931
263 0.0594093 0.0571391
264 0.0542591 0.0518595
265 0.0488947 0.0463752
266 0.0433374 0.0407079
267 0.0376091 0.03488
268 0.0317323 0.0289144
269 0.0257303 0.0228347
270 0.0196268 0.0166649
271 0.0134458 0.0104293
272 0.00721171 0.00415256
273 0.000949177 -0.00214058
274 -0.0053171 -0.00842526
275 -0.0115624 -0.0146767
276 -0.017762 -0.0208702
277 -0.0238916 -0.0269814
278 -0.0299269 -0.032986
279 -0.035844 -0.0388605
280 -0.0416197 -0.0445816
281 -0.0472312 -0.0501268
282 -0.0526562 -0.0554742
283 -0.0578735 -0.0606026
284 -0.0628623 -0.0654918
285 -0.0676031 -0.0701226
286 -0.072077 -0.0744766
287 -0.0762665 -0.0785368
288 -0.080155 -0.0822869
289 -0.0837272 -0.0857123
290 -0.0869689 -0.0887995
291 -0.0898675 -0.0915362
292 -0.0924113 -0.0939116
293 -0.0945904 -0.0959165
294 -0.0963963 -0.0975427
295 -0.0978217 -0.0987841
296 -0.098861 -0.0996355
297 -0.0995102 -0.100094
298 -0.0997667 -0.100157
299 -0.0996294 -0.099825
300 -0.099099 -0.099099
301 -0.0981774 -0.0979819
302 -0.0968684 -0.0964781
303 -0.0951771 -0.0945935
304 -0.0931101 -0.0923356
305 -0.0906757 -0.0897134
306 -0.0878835 -0.086737
307 -0.0847444 -0.0834184
308 -0.0812709 -0.0797705
309 -0.0774766 -0.0758078
310 -0.0733765 -0.071546
311 -0.0689869 -0.0670018
312 -0.064325 -0.0621931
313 -0.0594093 -0.0571391
314 -0.0542591 -0.0518595
315 -0.0488947 -0.0463752
316 -0.0433374 -0.0407079
317 -0.0376091 -0.03488
318 -0.0317323 -0.0289144
319 -0.0257303 -0.0228347
320 -0.0196268 -0.0166649
321 -0.0134458 -0.0104293
322 -0.00721171 -0.00415256
323 -0.000949177 0.00214058
324 0.0053171 0.00842526
325 0.0115624 0.0146767
326 0.017762 0.0208702
327 0.0238916 0.0269814
328 0.0299269 0.032986
329 0.035844 0.0388605
330 0.0416197 0.0445816
331 0.0472312 0.0501268
332 0.0526562 0.0554742
333 0.0578735 0.0606026
334 0.0628623 0.0654918
335 0.0676031 0.0701226
336 0.072077 0.0744766
337 0.0762665 0.0785368
338 0.080155 0.0822869
339 0.0837272 0.0857123
340 0.0869689 0.0887995
341 0.0898675 0.0915362
342 0.0924113 0.0939116
343 0.0945904 0.0959165
344 0.0963963 0.0975427
345 0.0978217 0.0987841
346 0.098861 0.0996355
347 0.0995102 0.100094
348 0.0997667 0.100157
349 0.0996294 0.099825
350 0.099099 0.099099
351 0.0981774 0.0979819
352 0.0968684 0.0964781
353 0.0951771 0.0945935
354 0.0931101 0.0923356
355 0.0906757 0.0897134
356 0.0878835 0.086737
357 0.0847444 0.0834184
358 0.0812709 0.0797705
359 0.0774766 0.0758078
360 0.0733765 0.071546
361 0.0689869 0.0670018
362 0.064325 0.0621931
363 0.0594093 0.0571391
364 0.0542591 0.0518595
365 0.0488947 0.0463752
366 0.0433374 0.0407079
367 0.0376091 0.03488
368 0.0317323 0.0289144
369 0.0257303 0.0228347
370 0.0196268 0.0166649
371 0.0134458 0.0104293
372 0.00721171 0.00415256
373 0.000949177 -0.00214058
374 -0.0053171 -0.00842526
375 -0.0115624 -0.0146767
376 -0.017762 -0.0208702
377 -0.0238916 -0.0269814
378 -0.0299269 -0.032986
379 -0.035844 -0.0388605
380 -0.0416197 -0.0445816
381 -0.0472312 -0.0501268
382 -0.0526562 -0.0554742
383 -0.0578735 -0.0606026
384 -0.0628623 -0.0654918
385 -0.0676031 -0.0701226
386 -0.072077 -0.0744766
387 -0.0762665 -0.0785368
388 -0.080155 -0.0822869
389 -0.0837272 -0.0857123
390 -0.0869689 -0.0887995
391 -0.0898675 -0.0915362
392 -0.0924113 -0.0939116
393 -0.0945904 -0.0959165
394 -0.0963963 -0.0975427
395 -0.0978217 -0.0987841
396 -0.098861 -0.0996355
397 -0.0995102 -0.100094
398 -0.0997667 -0.100157
399 -0.0996294 -0.099825
400 -0.099099 -0.099099
401 -0.0981774 -0.0979819
402 -0.0968684 -0.0964781
403 -0.0951771 -0.0945935
404 -0.0931101 -0.0923356
405 -0.0906757 -0.0897134
406 -0.0878835 -0.086737
407 -0.0847444 -0.0834184
408 -0.0812709 -0.0797705
409 -0.0774766 -0.0758078
410 -0.0733765 -0.071546
411 -0.0689869 -0.0670018
412 -0.064325 -0.0621931
413 -0.0594093 -0.0571391
414 -0.0542591 -0.0518595
415 -0.0488947 -0.0463752
416 -0.0433374 -0.0407079
417 -0.0376091 -0.03488
418 -0.0317323 -0.0289144
419 -0.0257303 -0.0228347
420 -0.0196268 -0.0166649
421 -0.0134458 -0.0104293
422 -0.00721171 -0.00415256
423 -0.000949177 0.00214058
424 0.0053171 0.00842526
425 0.0115624 0.0146767
426 0.017762 0.0208702
427 0.0238916 0.0269814
428 0.0299269 0.032986
429 0.035844 0.0388605
430 0.0416197 0.0445816
431 0.0472312 0.0501268
432 0.0526562 0.0554742
433 0.0578735 0.0606026
434 0.0628623 0.0654918
435 0.0676031 0.0701226
436 0.072077 0.0744766
437 0.0762665 0.0785368
438 0.080155 0.0822869
439 0.0837272 0.0857123
440 0.0869689 0.0887995
441 0.0898675 0.0915362
442 0.0924113 0.0939116
443 0.0945904 0.0959165
444 0.0963963 0.0975427
445 0.0978217 0.0987841
446 0.098861 0.0996355
447 0.0995102 0.100094
448 0.0997667 0.100157
449 0.0996294 0.099825
450 0.099099 0.099099
451 0.0981774 0.0979819
452 0.0968684 0.0964781
453 0.0951771 0.0945935
454 0.0931101 0.0923356
455 0.0906757 0.0897134
456 0.0878835 0.086737
457 0.0847444 0.0834184
458 0.0812709 0.0797705
459 0.0774766 0.0758078
460 0.0733765 0.071546
461 0.0689869 0.0670018
462 0.064325 0.0621931
463 0.0594093 0.0571391
464 0.0542591 0.0518595
465 0.0488947 0.0463752
466 0.0433374 0.0407079
467 0.0376091 0.03488
468 0.0317323 0.0289144
469 0.0257303 0.0228347
470 0.0196268 0.0166649
471 0.0134458 0.0104293
472 0.00721171 0.00415256
473 0.000949177 -0.00214058
474 -0.0053171 -0.00842526
475 -0.0115624 -0.0146767
476 -0.017762 -0.0208702
477 -0.0238916 -0.0269814
478 -0.0299269 -0.032986
479 -0.035844 -0.0388605
480 -0.0416197 -0.0445816
481 -0.0472312 -0.0501268
482 -0.0526562 -0.0554742
483 -0.0578735 -0.0606026
484 -0.0628623 -0.0654918
485 -0.0676031 -0.0701226
486 -0.072077 -0.0744766
487 -0.0762665 -0.0785368
488 -0.080155 -0.0822869
489 -0.0837272 -0.0857123
490 -0.0869689 -0.0887995
491 -0.0898675 -0.0915362
492 -0.0924113 -0.0939116
493 -0.0945904 -0.0959165
494 -0.0963963 -0.0975427
495 -0.0978217 -0.0987841
496 -0.098861 -0.0996355
497 -0.0995102 -0.100094
498 -0.0997667 -0.100157
499 -0.0996294 -0.099825
500 -0.099099 -0.099099
501 -0.0981774 -0.0979819
502 -0.0968684 -0.0964781
503 -0.0951771 -0.0945935
504 -0.0931101 -0.0923356
505 -0.0906757 -0.0897134
506 -0.0878835 -0.086737
507 -0.0847444 -0.0834184
508 -0.0812709 -0.0797705
509 -0.0774766 -0.0758078
510 -0.0733765 -0.071546
511 -0.0689869 -0.0670018
512 -0.064325 -0.0621931
513 -0.0594093 -0.0571391
514 -0.0542591 -0.0518595
515 -0.0488947 -0.0463752
516 -0.0433374 -0.0407079
517 -0.0376091 -0.03488
518 -0.0317323 -0.0289144
519 -0.0257303 -0.0228347
520 -0.0196268 -0.0166649
521 -0.0134458 -0.0104293
522 -0.00721171 -0.00415256
523 -0.000949177 0.00214058
524 0.0053171 0.00842526
525 0.0115624 0.0146767
526 0.017762 0.0208702
527 0.0238916 0.0269814
528 0.0299269 0.032986
529 0.035844 0.0388605
530 0.0416197 0.0445816
531 0.0472312 0.0501268
532 0.0526562 0.0554742
533 0.0578735 0.0606026
534 0.0628623 0.0654918
535 0.0676031 0.0701226
536 0.072077 0.0744766
537 0.0762665 0.0785368
538 0.080155 0.0822869
539 0.0837272 0.0857123
540 0.0869689 0.0887995
541 0.0898675 0.0915362
542 0.0924113 0.0939116
543 0.0945904 0.0959165
544 0.0963963 0.0975427
545 0.0978217 0.0987841
546 0.098861 0.0996355
547 0.0995102 0.100094
548 0.0997667 0.100157
549 0.0996294 0.099825
550 0.099099 0.099099
551 0.0981774 0.0979819
552 0.0968684 0.0964781
553 0.0951771 0.0945935
554 0.0931101 0.0923356
555 0.0906757 0.0897134
556 0.0878835 0.086737
557 0.0847444 0.0834184
558 0.0812709 0.0797705
559 0.0774766 0.0758078
560 0.0733765 0.071546
561 0.0689869 0.0670018
562 0.064325 0.0621931
563 0.0594093 0.0571391
564 0.0542591 0.0518595
565 0.0488947 0.0463752
566 0.0433374 0.0407079
567 0.0376091 0.03488
568 0.0317323 0.0289144
569 0.0257303 0.0228347
570 0.0196268 0.0166649
571 0.0134458 0.0104293
572 0.00721171 0.00415256
573 0.000949177 -0.00214058
574 -0.0053171 -0.00842526
575 -0.0115624 -0.0146767
576 -0.017762 -0.0208702
577 -0.0238916 -0.0269814
578 -0.0299269 -0.032986
579 -0.035844 -0.0388605
580 -0.0416197 -0.0445816
581 -0.0472312 -0.0501268
582 -0.0526562 -0.0554742
583 -0.0578735 -0.0606026
584 -0.0628623 -0.0654918
585 -0.0676031 -0.0701226
586 -0.072077 -0.0744766
587 -0.0762665 -0.0785368
588 -0.080155 -0.0822869
589 -0.0837272 -0.0857123
590 -0.0869689 -0.0887995
591 -0.0898675 -0.0915362
592 -0.0924113 -0.0939116
593 -0.0945904 -0.0959165
594 -0.0963963 -0.0975427
595 -0.0978217 -0.0987841
596 -0.098861 -0.0996355
597 -0.0995102 -0.100094
598 -0.0997667 -0.100157
599 -0.0996294 -0.099825
600 -0.099099 -0.099099
601 -0.0981774 -0.0979819
602 -0.0968684 -0.0964781
603 -0.0951771 -0.0945935
604 -0.0931101 -0.0923356
605 -0.0906757 -0.0897134
606 -0.0878835 -0.086737
607 -0.0847444 -0.0834184
608 -0.0812709 -0.0797705
609 -0.0774766 -0.0758078
610 -0.0733765 -0.071546
611 -0.0689869 -0.0670018
612 -0.064325 -0.0621931
613 -0.0594093 -0.0571391
614 -0.0542591 -0.0518595
615 -0.0488947 -0.0463752
616 -0.0433374 -0.0407079
617 -0.0376091 -0.03488
618 -0.0317323 -0.0289144
619 -0.0257303 -0.0228347
620 -0.0196268 -0.0166649
621 -0.0134458 -0.0104293
622 -0.00721171 -0.00415256
623 -0.000949177 0.00214058
624 0.0053171 0.00842526
625 0.0115624 0.0146767
626 0.017762 0.0208702
627 0.0238916 0.0269814
628 0.0299269 0.032986
629 0.035844 0.0388605
630 0.0416197 0.0445816
631 0.0472312 0.0501268
632 0.0526562 0.0554742
633 0.0578735 0.0606026
634 0.0628623 0.0654918
635 0.0676031 0.0701226
636 0.072077 0.0744766
637 0.0762665 0.0785368
638 0.080155 0.0822869
639 0.0837272 0.0857123
640 0.0869689 0.0887995
641 0.0898675 0.0915362
642 0.0924113 0.0939116
643 0.0945904 0.0959165
644 0.0963963 0.0975427
645 0.0978217 0.0987841
646 0.098861 0.0996355
647 0.0995102 0.100094
648 0.0997667 0.100157
649 0.0996294 0.099825
650 0.099099 0.099099
651 0.0981774 0.0979819
652 0.0968684 0.0964781
653 0.0951771 0.0945935
654 0.0931101 0.0923356
655 0.0906757 0.0897134
656 0.0878835 0.086737
657 0.0847444 0.0834184
658 0.0812709 0.0797705
659 0.0774766 0.0758078
660 0.0733765 0.071546
661 0.0689869 0.0670018
662 0.064325 0.0621931
663 0.0594093 0.0571391
664 0.0542591 0.0518595
665 0.0488947 0.0463752
666 0.0433374 0.0407079
667 0.0376091 0.03488
668 0.0317323 0.0289144
669 0.0257303 0.0228347
670 0.0196268 0.0166649
671 0.0134458 0.0104293
672 0.00721171 0.00415256
673 0.000949177 -0.00214058
674 -0.0053171 -0.00842526
675 -0.0115624 -0.0146767
676 -0.017762 -0.0208702
677 -0.0238916 -0.0269814
678 -0.0299269 -0.032986
679 -0.035844 -0.0388605
680 -0.0416197 -0.0445816
681 -0.0472312 -0.0501268
682 -0.0526562 -0.0554742
683 -0.0578735 -0.0606026
684 -0.0628623 -0.0654918
685 -0.0676031 -0.0701226
686 -0.072077 -0.0744766
687 -0.0762665 -0.0785368
688 -0.080155 -0.0822869
689 -0.0837272 -0.0857123
690 -0.0869689 -0.0887995
691 -0.0898675 -0.0915362
692 -0.0924113 -0.0939116
693 -0.0945904 -0.0959165
694 -0.0963963 -0.0975427
695 -0.0978217 -0.0987841
696 -0.098861 -0.0996355
697 -0.0995102 -0.100094
698 -0.0997667 -0.100157
699 -0.0996294 -0.099825
700 -0.099099 -0.099099
701 -0.0981774 -0.0979819
702 -0.0968684 -0.0964781
703 -0.0951771 -0.0945935
704 -0.0931101 -0.0923356
705 -0.0906757 -0.0897134
706 -0.0878835 -0.086737
707 -0.0847444 -0.0834184
708 -0.0812709 -0.0797705
709 -0.0774766 -0.0758078
710 -0.0733765 -0.071546
711 -0.0689869 -0.0670018
712 -0.064325 -0.0621931
713 -0.0594093 -0.0571391
714 -0.0542591 -0.0518595
715 -0.0488947 -0.0463752
716 -0.0433374 -0.0407079
717 -0.0376091 -0.03488
718 -0.0317323 -0.0289144
719 -0.0257303 -0.0228347
720 -0.0196268 -0.0166649
721 -0.0134458 -0.0104293
722 -0.00721171 -0.00415256
723 -0.000949177 0.00214058
724 0.0053171 0.00842526
725 0.0115624 0.0146767
726 0.017762 0.0208702
727 0.0238916 0.0269814
728 0.0299269 0.032986
729 0.035844 0.0388605
730 0.0416197 0.0445816
731 0.0472312 0.0501268
732 0.0526562 0.0554742
733 0.0578735 0.0606026
734 0.0628623 0.0654918
735 0.0676031 0.0701226
736 0.072077 0.0744766
737 0.0762665 0.0785368
738 0.080155 0.0822869
739 0.0837272 0.0857123
740 0.0869689 0.0887995
741 0.0898675 0.0915362
742 0.0924113 0.0939116
743 0.0945904 0.0959165
744 0.0963963 0.0975427
745 0.0978217 0.0987841
746 0.098861 0.0996355
747 0.0995102 0.100094
748 0.0997667 0.100157
749 0.0996294 0.099825
750 0.099099 0.099099
751 0.0981774 0.0979819
752 0.0968684 0.0964781
753 0.0951771 0.0945935
754 0.0931101 0.0923356
755 0.0906757 0.0897134
756 0.0878835 0.086737
757 0.0847444 0.0834184
758 0.0812709 0.0797705
759 0.0774766 0.0758078
760 0.0733765 0.071546
761 0.0689869 0.0670018
762 0.064325 0.0621931
763 0.0594093 0.0571391
764 0.0542591 0.0518595
765 0.0488947 0.0463752
766 0.0433374 0.0407079
767 0.0376091 0.03488
768 0.0317323 0.0289144
769 0.0257303 0.0228347
770 0.0196268 0.0166649
771 0.0134458 0.0104293
772 0.00721171 0.00415256
773 0.000949177 -0.00214058
774 -0.0053171 -0.00842526
775 -0.0115624 -0.0146767
776 -0.017762 -0.0208702
777 -0.0238916 -0.0269814
778 -0.0299269 -0.032986
779 -0.035844 -0.0388605
780 -0.0416197 -0.0445816
781 -0.0472312 -0.0501268
782 -0.0526562 -0.0554742
783 -0.0578735 -0.0606026
784 -0.0628623 -0.0654918
785 -0.0676031 -0.0701226
786 -0.072077 -0.0744766
787 -0.0762665 -0.0785368
788 -0.080155 -0.0822869
789 -0.0837272 -0.0857123
790 -0.0869689 -0.0887995
791 -0.0898675 -0.0915362
792 -0.0924113 -0.0939116
793 -0.0945904 -0.0959165
794 -0.0963963 -0.0975427
795 -0.0978217 -0.0987841
796 -0.098861 -0.0996355
797 -0.0995102 -0.100094
798 -0.0997667 -0.100157
799 -0.0996294 -0.099825
800 -0.099099 -0.099099
801 -0.0981774 -0.0979819
802 -0.0968684 -0.0964781
803 -0.0951771 -0.0945935
804 -0.0931101 -0.0923356
805 -0.0906757 -0.0897134
806 -0.0878835 -0.086737
807 -0.0847444 -0.0834184
808 -0.0812709 -0.0797705
809 -0.0774766 -0.0758078
810 -0.0733765 -0.071546
811 -0.0689869 -0.0670018
812 -0.064325 -0.0621931
813 -0.0594093 -0.0571391
814 -0.0542591 -0.0518595
815 -0.0488947 -0.0463752
816 -0.0433374 -0.0407079
817 -0.0376091 -0.03488
818 -0.0317323 -0.0289144
819 -0.0257303 -0.0228347
820 -0.0196268 -0.0166649
821 -0.0134458 -0.0104293
822 -0.00721171 -0.00415256
823 -0.000949177 0.00214058
824 0.0053171 0.00842526
825 0.0115624 0.0146767
826 0.017762 0.0208702
827 0.0238916 0.0269814
828 0.0299269 0.032986
829 0.035844 0.0388605
830 0.0416197 0.0445816
831 0.0472312 0.0501268
832 0.0526562 0.0554742
833 0.0578735 0.0606026
834 0.0628623 0.0654918
835 0.0676031 0.0701226
836 0.072077 0.0744766
837 0.0762665 0.0785368
838 0.080155 0.0822869
839 0.0837272 0.0857123
840 0.0869689 0.0887995
841 0.0898675 0.0915362
842 0.0924113 0.0939116
843 0.0945904 0.0959165
844 0.0963963 0.0975427
845 0.0978217 0.0987841
846 0.098861 0.0996355
847 0.0995102 0.100094
848 0.0997667 0.100157
849 0.0996294 0.099825
850 0.099099 0.099099
851 0.0981774 0.0979819
852 0.0968684 0.0964781
853 0.0951771 0.0945935
854 0.0931101 0.0923356
855 0.0906757 0.0897134
856 0.0878835 0.086737
857 0.0847444 0.0834184
858 0.0812709 0.0797705
859 0.0774766 0.0758078
860 0.0733765 0.071546
861 0.0689869 0.0670018
862 0.064325 0.0621931
863 0.0594093 0.0571391
864 0.0542591 0.0518595
865 0.0488947 0.0463752
866 0.0433374 0.0407079
867 0.0376091 0.03488
868 0.0317323 0.0289144
869 0.0257303 0.0228347
870 0.0196268 0.0166649
871 0.0134458 0.0104293
872 0.00721171 0.00415256
873 0.000949177 -0.00214058
874 -0.0053171 -0.00842526
875 -0.0115624 -0.0146767
876 -0.017762 -0.0208702
877 -0.0238916 -0.0269814
878 -0.0299269 -0.032986
879 -0.035844 -0.0388605
880 -0.0416197 -0.0445816
881 -0.0472312 -0.0501268
882 -0.0526562 -0.0554742
883 -0.0578735 -0.0606026
884 -0.0628623 -0.0654918
885 -0.0676031 -0.0701226
886 -0.072077 -0.0744766
887 -0.0762665 -0.0785368
888 -0.080155 -0.0822869
889 -0.0837272 -0.0857123
890 -0.0869689 -0.0887995
891 -0.0898675 -0.0915362
892 -0.0924113 -0.0939116
893 -0.0945904 -0.0959165
894 -0.0963963 -0.0975427
895 -0.0978217 -0.0987841
896 -0.098861 -0.0996355
897 -0.0995102 -0.100094
898 -0.0997667 -0.100157
899 -0.0996294 -0.099825
900 -0.099099 -0.099099
901 -0.0981774 -0.0979819
902 -0.0968684 -0.0964781
903 -0.0951771 -0.0945935
904 -0.0931101 -0.0923356
905 -0.0906757 -0.0897134
906 -0.0878835 -0.086737
907 -0.0847444 -0.0834184
908 -0.0812709 -0.0797705
909 -0.0774766 -0.0758078
910 -0.0733765 -0.071546
911 -0.0689869 -0.0670018
912 -0.064325 -0.0621931
913 -0.0594093 -0.0571391
914 -0.0542591 -0.0518595
915 -0.0488947 -0.0463752
916 -0.0433374 -0.0407079
917 -0.0376091 -0.03488
918 -0.0317323 -0.0289144
919 -0.0257303 -0.0228347
920 -0.0196268 -0.0166649
921 -0.0134458 -0.0104293
922 -0.00721171 -0.00415256
923 -0.000949177 0.00214058
924 0.0053171 0.00842526
925 0.0115624 0.0146767
926 0.017762 0.0208702
927 0.0238916 0.0269814
928 0.0299269 0.032986
929 0.035844 0.0388605
930 0.0416197 0.0445816
931 0.0472312 0.0501268
932 0.0526562 0.0554742
933 0.0578735 0.0606026
934 0.0628623 0.0654918
935 0.0676031 0.0701226
936 0.072077 0.0744766
937 0.0762665 0.0785368
938 0.080155 0.0822869
939 0.0837272 0.0857123
940 0.0869689 0.0887995
941 0.0898675 0.0915362
942 0.0924113 0.0939116
943 0.0945904 0.0959165
944 0.0963963 0.0975427
945 0.0978217 0.0987841
946 0.098861 0.0996355
947 0.0995102 0.100094
948 0.0997667 0.100157
949 0.0996294 0.099825
950 0.099099 0.099099
951 0.0981774 0.0979819
952 0.0968684 0.0964781
953 0.0951771 0.0945935
954 0.0931101 0.0923356
955 0.0906757 0.0897134
956 0.0878835 0.086737
957 0.0847444 0.0834184
958 0.0812709 0.0797705
959 0.0774766 0.0758078
960 0.0733765 0.071546
961 0.0689869 0.0670018
962 0.064325 0.0621931
963 0.0594093 0.0571391
964 0.0542591 0.0518595
965 0.0488947 0.0463752
966 0.0433374 0.0407079
967 0.0376091 0.03488
968 0.0317323 0.0289144
969 0.0257303 0.0228347
970 0.0196268 0.0166649
971 0.0134458 0.0104293
972 0.00721171 0.00415256
973 0.000949177 -0.00214058
974 -0.0053171 -0.00842526
975 -0.0115624 -0.0146767
976 -0.017762 -0.0208702
977 -0.0238916 -0.0269814
978 -0.0299269 -0.032986
979 -0.035844 -0.0388605
980 -0.0416197 -0.0445816
981 -0.0472312 -0.0501268
982 -0.0526562 -0.0554742
983 -0.0578735 -0.0606026
984 -0.0628623 -0.0654918
985 -0.0676031 -0.0701226
986 -0.072077 -0.0744766
987 -0.0762665 -0.0785368
988 -0.080155 -0.0822869
989 -0.0837272 -0.0857123
990 -0.0869689 -0.0887995
991 -0.0898675 -0.0915362
992 -0.0924113 -0.0939116
993 -0.0945904 -0.0959165
994 -0.0963963 -0.0975427
995 -0.0978217 -0.0987841
996 -0.098861 -0.0996355
997 -0.0995102 -0.100094
998 -0.0997667 -0.100157
999 -0.0996294 -0.099825
