0 -0.092666 -0.092666
1 -0.0902196 -0.0900368
2 -0.0874172 -0.0870522
3 -0.0842697 -0.083724
4 -0.0807897 -0.0800654
5 -0.0769908 -0.0760909
6 -0.0728881 -0.071816
7 -0.0684977 -0.0672578
8 -0.063837 -0.0624341
9 -0.0589244 -0.057364
10 -0.0537792 -0.0520675
11 -0.0484217 -0.0465655
12 -0.0428732 -0.0408797
13 -0.0371555 -0.0350326
14 -0.0312911 -0.0290473
15 -0.0253033 -0.0229473
16 -0.0192156 -0.0167568
17 -0.013052 -0.0105001
18 -0.00683695 -0.00420196
19 -0.000594903 0.00211274
20 0.00564949 0.0084191
21 0.0118716 0.0146922
22 0.0180468 0.0209074
23 0.0241508 0.02704
24 0.0301596 0.033066
25 0.0360492 0.0389614
26 0.0417967 0.0447031
27 0.0473791 0.0502683
28 0.0527746 0.0556352
29 0.0579618 0.0607824
30 0.0629202 0.0656899
31 0.0676304 0.070338
32 0.0720736 0.0747086
33 0.0762324 0.0787843
34 0.0800903 0.0825491
35 0.0836322 0.0859881
36 0.086844 0.0890878
37 0.089713 0.0918359
38 0.092228 0.0942215
39 0.094379 0.0962353
40 0.0961576 0.0978693
41 0.0975567 0.0991171
42 0.0985707 0.0999736
43 0.0991957 0.100436
44 0.0994293 0.100501
45 0.0992704 0.10017
46 0.0987198 0.099444
47 0.0977796 0.0983253
48 0.0964535 0.0968185
49 0.0947467 0.0949296
50 0.092666 0.092666
51 0.0902196 0.0900368
52 0.0874172 0.0870522
53 0.0842697 0.083724
54 0.0807897 0.0800654
55 0.0769908 0.0760909
56 0.0728881 0.071816
57 0.0684977 0.0672578
58 0.063837 0.0624341
59 0.0589244 0.057364
60 0.0537792 0.0520675
61 0.0484217 0.0465655
62 0.0428732 0.0408797
63 0.0371555 0.0350326
64 0.0312911 0.0290473
65 0.0253033 0.0229473
66 0.0192156 0.0167568
67 0.013052 0.0105001
68 0.00683695 0.00420196
69 0.000594903 -0.00211274
70 -0.00564949 -0.0084191
71 -0.0118716 -0.0146922
72 -0.0180468 -0.0209074
73 -0.0241508 -0.02704
74 -0.0301596 -0.033066
75 -0.0360492 -0.0389614
76 -0.0417967 -0.0447031
77 -0.0473791 -0.0502683
78 -0.0527746 -0.0556352
79 -0.0579618 -0.0607824
80 -0.0629202 -0.0656899
81 -0.0676304 -0.070338
82 -0.0720736 -0.0747086
83 -0.0762324 -0.0787843
84 -0.0800903 -0.0825491
85 -0.0836322 -0.0859881
86 -0.086844 -0.0890878
87 -0.089713 -0.0918359
88 -0.092228 -0.0942215
89 -0.094379 -0.0962353
90 -0.0961576 -0.0978693
91 -0.0975567 -0.0991171
92 -0.0985707 -0.0999736
93 -0.0991957 -0.100436
94 -0.0994293 -0.100501
95 -0.0992704 -0.10017
96 -0.0987198 -0.099444
97 -0.0977796 -0.0983253
98 -0.0964535 -0.0968185
99 -0.0947467 -0.0949296
100 -0.092666 -0.092666
101 -0.0902196 -0.0900368
102 -0.0874172 -0.0870522
103 -0.0842697 -0.083724
104 -0.0807897 -0.0800654
105 -0.0769908 -0.0760909
106 -0.0728881 -0.071816
107 -0.0684977 -0.0672578
108 -0.063837 -0.0624341
109 -0.0589244 -0.057364
110 -0.0537792 -0.0520675
111 -0.0484217 -0.0465655
112 -0.0428732 -0.0408797
113 -0.0371555 -0.0350326
114 -0.0312911 -0.0290473
115 -0.0253033 -0.0229473
116 -0.0192156 -0.0167568
117 -0.013052 -0.0105001
118 -0.00683695 -0.00420196
119 -0.000594903 0.00211274
120 0.00564949 0.0084191
121 0.0118716 0.0146922
122 0.0180468 0.0209074
123 0.0241508 0.02704
124 0.0301596 0.033066
125 0.0360492 0.0389614
126 0.0417967 0.0447031
127 0.0473791 0.0502683
128 0.0527746 0.0556352
129 0.0579618 0.0607824
130 0.0629202 0.0656899
131 0.0676304 0.070338
132 0.0720736 0.0747086
133 0.0762324 0.0787843
134 0.0800903 0.0825491
135 0.0836322 0.0859881
136 0.086844 0.0890878
137 0.089713 0.0918359
138 0.092228 0.0942215
139 0.094379 0.0962353
140 0.0961576 0.0978693
141 0.0975567 0.0991171
142 0.0985707 0.0999736
143 0.0991957 0.100436
144 0.0994293 0.100501
145 0.0992704 0.10017
146 0.0987198 0.099444
147 0.0977796 0.0983253
148 0.0964535 0.0968185
149 0.0947467 0.0949296
150 0.092666 0.092666
151 0.0902196 0.0900368
152 0.0874172 0.0870522
153 0.0842697 0.083724
154 0.0807897 0.0800654
155 0.0769908 0.0760909
156 0.0728881 0.071816
157 0.0684977 0.0672578
158 0.063837 0.0624341
159 0.0589244 0.057364
160 0.0537792 0.0520675
161 0.0484217 0.0465655
162 0.0428732 0.0408797
163 0.0371555 0.0350326
164 0.0312911 0.0290473
165 0.0253033 0.0229473
166 0.0192156 0.0167568
167 0.013052 0.0105001
168 0.00683695 0.00420196
169 0.000594903 -0.00211274
170 -0.00564949 -0.0084191
171 -0.0118716 -0.0146922
172 -0.0180468 -0.0209074
173 -0.0241508 -0.02704
174 -0.0301596 -0.033066
175 -0.0360492 -0.0389614
176 -0.0417967 -0.0447031
177 -0.0473791 -0.0502683
178 -0.0527746 -0.0556352
179 -0.0579618 -0.0607824
180 -0.0629202 -0.0656899
181 -0.0676304 -0.070338
182 -0.0720736 -0.0747086
183 -0.0762324 -0.0787843
184 -0.0800903 -0.0825491
185 -0.0836322 -0.0859881
186 -0.086844 -0.0890878
187 -0.089713 -0.0918359
188 -0.092228 -0.0942215
189 -0.094379 -0.0962353
190 -0.0961576 -0.0978693
191 -0.0975567 -0.0991171
192 -0.0985707 -0.0999736
193 -0.0991957 -0.100436
194 -0.0994293 -0.100501
195 -0.0992704 -0.10017
196 -0.0987198 -0.099444
197 -0.0977796 -0.0983253
198 -0.0964535 -0.0968185
199 -0.0947467 -0.0949296
200 -0.092666 -0.092666
201 -0.0902196 -0.0900368
202 -0.0874172 -0.0870522
203 -0.0842697 -0.083724
204 -0.0807897 -0.0800654
205 -0.0769908 -0.0760909
206 -0.0728881 -0.071816
207 -0.0684977 -0.0672578
208 -0.063837 -0.0624341
209 -0.0589244 -0.057364
210 -0.0537792 -0.0520675
211 -0.0484217 -0.0465655
212 -0.0428732 -0.0408797
213 -0.0371555 -0.0350326
214 -0.0312911 -0.0290473
215 -0.0253033 -0.0229473
216 -0.0192156 -0.0167568
217 -0.013052 -0.0105001
218 -0.00683695 -0.00420196
219 -0.000594903 0.00211274
220 0.00564949 0.0084191
221 0.0118716 0.0146922
222 0.0180468 0.0209074
223 0.0241508 0.02704
224 0.0301596 0.033066
225 0.0360492 0.0389614
226 0.0417967 0.0447031
227 0.0473791 0.0502683
228 0.0527746 0.0556352
229 0.0579618 0.0607824
230 0.0629202 0.0656899
231 0.0676304 0.070338
232 0.0720736 0.0747086
233 0.0762324 0.0787843
234 0.0800903 0.0825491
235 0.0836322 0.0859881
236 0.086844 0.0890878
237 0.089713 0.0918359
238 0.092228 0.0942215
239 0.094379 0.0962353
240 0.0961576 0.0978693
241 0.0975567 0.0991171
242 0.0985707 0.0999736
243 0.0991957 0.100436
244 0.0994293 0.100501
245 0.0992704 0.10017
246 0.0987198 0.099444
247 0.0977796 0.0983253
248 0.0964535 0.0968185
249 0.0947467 0.0949296
250 0.092666 0.092666
251 0.0902196 0.0900368
252 0.0874172 0.0870522
253 0.0842697 0.083724
254 0.0807897 0.0800654
255 0.0769908 0.0760909
256 0.0728881 0.071816
257 0.0684977 0.0672578
258 0.063837 0.0624341
259 0.0589244 0.057364
260 0.0537792 0.0520675
261 0.0484217 0.0465655
262 0.0428732 0.0408797
263 0.0371555 0.0350326
264 0.0312911 0.0290473
265 0.0253033 0.0229473
266 0.0192156 0.0167568
267 0.013052 0.0105001
268 0.00683695 0.00420196
269 0.000594903 -0.00211274
270 -0.00564949 -0.0084191
271 -0.0118716 -0.0146922
272 -0.0180468 -0.0209074
273 -0.0241508 -0.02704
274 -0.0301596 -0.033066
275 -0.0360492 -0.0389614
276 -0.0417967 -0.0447031
277 -0.0473791 -0.0502683
278 -0.0527746 -0.0556352
279 -0.0579618 -0.0607824
280 -0.0629202 -0.0656899
281 -0.0676304 -0.070338
282 -0.0720736 -0.0747086
283 -0.0762324 -0.0787843
284 -0.0800903 -0.0825491
285 -0.0836322 -0.0859881
286 -0.086844 -0.0890878
287 -0.089713 -0.0918359
288 -0.092228 -0.0942215
289 -0.094379 -0.0962353
290 -0.0961576 -0.0978693
291 -0.0975567 -0.0991171
292 -0.0985707 -0.0999736
293 -0.0991957 -0.100436
294 -0.0994293 -0.100501
295 -0.0992704 -0.10017
296 -0.0987198 -0.099444
297 -0.0977796 -0.0983253
298 -0.0964535 -0.0968185
299 -0.0947467 -0.0949296
300 -0.092666 -0.092666
301 -0.0902196 -0.0900368
302 -0.0874172 -0.0870522
303 -0.0842697 -0.083724
304 -0.0807897 -0.0800654
305 -0.0769908 -0.0760909
306 -0.0728881 -0.071816
307 -0.0684977 -0.0672578
308 -0.063837 -0.0624341
309 -0.0589244 -0.057364
310 -0.0537792 -0.0520675
311 -0.0484217 -0.0465655
312 -0.0428732 -0.0408797
313 -0.0371555 -0.0350326
314 -0.0312911 -0.0290473
315 -0.0253033 -0.0229473
316 -0.0192156 -0.0167568
317 -0.013052 -0.0105001
318 -0.00683695 -0.00420196
319 -0.000594903 0.00211274
320 0.00564949 0.0084191
321 0.0118716 0.0146922
322 0.0180468 0.0209074
323 0.0241508 0.02704
324 0.0301596 0.033066
325 0.0360492 0.0389614
326 0.0417967 0.0447031
327 0.0473791 0.0502683
328 0.0527746 0.0556352
329 0.0579618 0.0607824
330 0.0629202 0.0656899
331 0.0676304 0.070338
332 0.0720736 0.0747086
333 0.0762324 0.0787843
334 0.0800903 0.0825491
335 0.0836322 0.0859881
336 0.086844 0.0890878
337 0.089713 0.0918359
338 0.092228 0.0942215
339 0.094379 0.0962353
340 0.0961576 0.0978693
341 0.0975567 0.0991171
342 0.0985707 0.0999736
343 0.0991957 0.100436
344 0.0994293 0.100501
345 0.0992704 0.10017
346 0.0987198 0.099444
347 0.0977796 0.0983253
348 0.0964535 0.0968185
349 0.0947467 0.0949296
350 0.092666 0.092666
351 0.0902196 0.0900368
352 0.0874172 0.0870522
353 0.0842697 0.083724
354 0.0807897 0.0800654
355 0.0769908 0.0760909
356 0.0728881 0.071816
357 0.0684977 0.0672578
358 0.063837 0.0624341
359 0.0589244 0.057364
360 0.0537792 0.0520675
361 0.0484217 0.0465655
362 0.0428732 0.0408797
363 0.0371555 0.0350326
364 0.0312911 0.0290473
365 0.0253033 0.0229473
366 0.0192156 0.0167568
367 0.013052 0.0105001
368 0.00683695 0.00420196
369 0.000594903 -0.00211274
370 -0.00564949 -0.0084191
371 -0.0118716 -0.0146922
372 -0.0180468 -0.0209074
373 -0.0241508 -0.02704
374 -0.0301596 -0.033066
375 -0.0360492 -0.0389614
376 -0.0417967 -0.0447031
377 -0.0473791 -0.0502683
378 -0.0527746 -0.0556352
379 -0.0579618 -0.0607824
380 -0.0629202 -0.0656899
381 -0.0676304 -0.070338
382 -0.0720736 -0.0747086
383 -0.0762324 -0.0787843
384 -0.0800903 -0.0825491
385 -0.0836322 -0.0859881
386 -0.086844 -0.0890878
387 -0.089713 -0.0918359
388 -0.092228 -0.0942215
389 -0.094379 -0.0962353
390 -0.0961576 -0.0978693
391 -0.0975567 -0.0991171
392 -0.0985707 -0.0999736
393 -0.0991957 -0.100436
394 -0.0994293 -0.100501
395 -0.0992704 -0.10017
396 -0.0987198 -0.099444
397 -0.0977796 -0.0983253
398 -0.0964535 -0.0968185
399 -0.0947467 -0.0949296
400 -0.092666 -0.092666
401 -0.0902196 -0.0900368
402 -0.0874172 -0.0870522
403 -0.0842697 -0.083724
404 -0.0807897 -0.0800654
405 -0.0769908 -0.0760909
406 -0.0728881 -0.071816
407 -0.0684977 -0.0672578
408 -0.063837 -0.0624341
409 -0.0589244 -0.057364
410 -0.0537792 -0.0520675
411 -0.0484217 -0.0465655
412 -0.0428732 -0.0408797
413 -0.0371555 -0.0350326
414 -0.0312911 -0.0290473
415 -0.0253033 -0.0229473
416 -0.0192156 -0.0167568
417 -0.013052 -0.0105001
418 -0.00683695 -0.00420196
419 -0.000594903 0.00211274
420 0.00564949 0.0084191
421 0.0118716 0.0146922
422 0.0180468 0.0209074
423 0.0241508 0.02704
424 0.0301596 0.033066
425 0.0360492 0.0389614
426 0.0417967 0.0447031
427 0.0473791 0.0502683
428 0.0527746 0.0556352
429 0.0579618 0.0607824
430 0.0629202 0.0656899
431 0.0676304 0.070338
432 0.0720736 0.0747086
433 0.0762324 0.0787843
434 0.0800903 0.0825491
435 0.0836322 0.0859881
436 0.086844 0.0890878
437 0.089713 0.0918359
438 0.092228 0.0942215
439 0.094379 0.0962353
440 0.0961576 0.0978693
441 0.0975567 0.0991171
442 0.0985707 0.0999736
443 0.0991957 0.100436
444 0.0994293 0.100501
445 0.0992704 0.10017
446 0.0987198 0.099444
447 0.0977796 0.0983253
448 0.0964535 0.0968185
449 0.0947467 0.0949296
450 0.092666 0.092666
451 0.0902196 0.0900368
452 0.0874172 0.0870522
453 0.0842697 0.083724
454 0.0807897 0.0800654
455 0.0769908 0.0760909
456 0.0728881 0.071816
457 0.0684977 0.0672578
458 0.063837 0.0624341
459 0.0589244 0.057364
460 0.0537792 0.0520675
461 0.0484217 0.0465655
462 0.0428732 0.0408797
463 0.0371555 0.0350326
464 0.0312911 0.0290473
465 0.0253033 0.0229473
466 0.0192156 0.0167568
467 0.013052 0.0105001
468 0.00683695 0.00420196
469 0.000594903 -0.00211274
470 -0.00564949 -0.0084191
471 -0.0118716 -0.0146922
472 -0.0180468 -0.0209074
473 -0.0241508 -0.02704
474 -0.0301596 -0.033066
475 -0.0360492 -0.0389614
476 -0.0417967 -0.0447031
477 -0.0473791 -0.0502683
478 -0.0527746 -0.0556352
479 -0.0579618 -0.0607824
480 -0.0629202 -0.0656899
481 -0.0676304 -0.070338
482 -0.0720736 -0.0747086
483 -0.0762324 -0.0787843
484 -0.0800903 -0.0825491
485 -0.0836322 -0.0859881
486 -0.086844 -0.0890878
487 -0.089713 -0.0918359
488 -0.092228 -0.0942215
489 -0.094379 -0.0962353
490 -0.0961576 -0.0978693
491 -0.0975567 -0.0991171
492 -0.0985707 -0.0999736
493 -0.0991957 -0.100436
494 -0.0994293 -0.100501
495 -0.0992704 -0.10017
496 -0.0987198 -0.099444
497 -0.0977796 -0.0983253
498 -0.0964535 -0.0968185
499 -0.0947467 -0.0949296
500 -0.092666 -0.092666
501 -0.0902196 -0.0900368
502 -0.0874172 -0.0870522
503 -0.0842697 -0.083724
504 -0.0807897 -0.0800654
505 -0.0769908 -0.0760909
506 -0.0728881 -0.071816
507 -0.0684977 -0.0672578
508 -0.063837 -0.0624341
509 -0.0589244 -0.057364
510 -0.0537792 -0.0520675
511 -0.0484217 -0.0465655
512 -0.0428732 -0.0408797
513 -0.0371555 -0.0350326
514 -0.0312911 -0.0290473
515 -0.0253033 -0.0229473
516 -0.0192156 -0.0167568
517 -0.013052 -0.0105001
518 -0.00683695 -0.00420196
519 -0.000594903 0.00211274
520 0.00564949 0.0084191
521 0.0118716 0.0146922
522 0.0180468 0.0209074
523 0.0241508 0.02704
524 0.0301596 0.033066
525 0.0360492 0.0389614
526 0.0417967 0.0447031
527 0.0473791 0.0502683
528 0.0527746 0.0556352
529 0.0579618 0.0607824
530 0.0629202 0.0656899
531 0.0676304 0.070338
532 0.0720736 0.0747086
533 0.0762324 0.0787843
534 0.0800903 0.0825491
535 0.0836322 0.0859881
536 0.086844 0.0890878
537 0.089713 0.0918359
538 0.092228 0.0942215
539 0.094379 0.0962353
540 0.0961576 0.0978693
541 0.0975567 0.0991171
542 0.0985707 0.0999736
543 0.0991957 0.100436
544 0.0994293 0.100501
545 0.0992704 0.10017
546 0.0987198 0.099444
547 0.0977796 0.0983253
548 0.0964535 0.0968185
549 0.0947467 0.0949296
550 0.092666 0.092666
551 0.0902196 0.0900368
552 0.0874172 0.0870522
553 0.0842697 0.083724
554 0.0807897 0.0800654
555 0.0769908 0.0760909
556 0.0728881 0.071816
557 0.0684977 0.0672578
558 0.063837 0.0624341
559 0.0589244 0.057364
560 0.0537792 0.0520675
561 0.0484217 0.0465655
562 0.0428732 0.0408797
563 0.0371555 0.0350326
564 0.0312911 0.0290473
565 0.0253033 0.0229473
566 0.0192156 0.0167568
567 0.013052 0.0105001
568 0.00683695 0.00420196
569 0.000594903 -0.00211274
570 -0.00564949 -0.0084191
571 -0.0118716 -0.0146922
572 -0.0180468 -0.0209074
573 -0.0241508 -0.02704
574 -0.0301596 -0.033066
575 -0.0360492 -0.0389614
576 -0.0417967 -0.0447031
577 -0.0473791 -0.0502683
578 -0.0527746 -0.0556352
579 -0.0579618 -0.0607824
580 -0.0629202 -0.0656899
581 -0.0676304 -0.070338
582 -0.0720736 -0.0747086
583 -0.0762324 -0.0787843
584 -0.0800903 -0.0825491
585 -0.0836322 -0.0859881
586 -0.086844 -0.0890878
587 -0.089713 -0.0918359
588 -0.092228 -0.0942215
589 -0.094379 -0.0962353
590 -0.0961576 -0.0978693
591 -0.0975567 -0.0991171
592 -0.0985707 -0.0999736
593 -0.0991957 -0.100436
594 -0.0994293 -0.100501
595 -0.0992704 -0.10017
596 -0.0987198 -0.099444
597 -0.0977796 -0.0983253
598 -0.0964535 -0.0968185
599 -0.0947467 -0.0949296
600 -0.092666 -0.092666
601 -0.0902196 -0.0900368
602 -0.0874172 -0.0870522
603 -0.0842697 -0.083724
604 -0.0807897 -0.0800654
605 -0.0769908 -0.0760909
606 -0.0728881 -0.071816
607 -0.0684977 -0.0672578
608 -0.063837 -0.0624341
609 -0.0589244 -0.057364
610 -0.0537792 -0.0520675
611 -0.0484217 -0.0465655
612 -0.0428732 -0.0408797
613 -0.0371555 -0.0350326
614 -0.0312911 -0.0290473
615 -0.0253033 -0.0229473
616 -0.0192156 -0.0167568
617 -0.013052 -0.0105001
618 -0.00683695 -0.00420196
619 -0.000594903 0.00211274
620 0.00564949 0.0084191
621 0.0118716 0.0146922
622 0.0180468 0.0209074
623 0.0241508 0.02704
624 0.0301596 0.033066
625 0.0360492 0.0389614
626 0.0417967 0.0447031
627 0.0473791 0.0502683
628 0.0527746 0.0556352
629 0.0579618 0.0607824
630 0.0629202 0.0656899
631 0.0676304 0.070338
632 0.0720736 0.0747086
633 0.0762324 0.0787843
634 0.0800903 0.0825491
635 0.0836322 0.0859881
636 0.086844 0.0890878
637 0.089713 0.0918359
638 0.092228 0.0942215
639 0.094379 0.0962353
640 0.0961576 0.0978693
641 0.0975567 0.0991171
642 0.0985707 0.0999736
643 0.0991957 0.100436
644 0.0994293 0.100501
645 0.0992704 0.10017
646 0.0987198 0.099444
647 0.0977796 0.0983253
648 0.0964535 0.0968185
649 0.0947467 0.0949296
650 0.092666 0.092666
651 0.0902196 0.0900368
652 0.0874172 0.0870522
653 0.0842697 0.083724
654 0.0807897 0.0800654
655 0.0769908 0.0760909
656 0.0728881 0.071816
657 0.0684977 0.0672578
658 0.063837 0.0624341
659 0.0589244 0.057364
660 0.0537792 0.0520675
661 0.0484217 0.0465655
662 0.0428732 0.0408797
663 0.0371555 0.0350326
664 0.0312911 0.0290473
665 0.0253033 0.0229473
666 0.0192156 0.0167568
667 0.013052 0.0105001
668 0.00683695 0.00420196
669 0.000594903 -0.00211274
670 -0.00564949 -0.0084191
671 -0.0118716 -0.0146922
672 -0.0180468 -0.0209074
673 -0.0241508 -0.02704
674 -0.0301596 -0.033066
675 -0.0360492 -0.0389614
676 -0.0417967 -0.0447031
677 -0.0473791 -0.0502683
678 -0.0527746 -0.0556352
679 -0.0579618 -0.0607824
680 -0.0629202 -0.0656899
681 -0.0676304 -0.070338
682 -0.0720736 -0.0747086
683 -0.0762324 -0.0787843
684 -0.0800903 -0.0825491
685 -0.0836322 -0.0859881
686 -0.086844 -0.0890878
687 -0.089713 -0.0918359
688 -0.092228 -0.0942215
689 -0.094379 -0.0962353
690 -0.0961576 -0.0978693
691 -0.0975567 -0.0991171
692 -0.0985707 -0.0999736
693 -0.0991957 -0.100436
694 -0.0994293 -0.100501
695 -0.0992704 -0.10017
696 -0.0987198 -0.099444
697 -0.0977796 -0.0983253
698 -0.0964535 -0.0968185
699 -0.0947467 -0.0949296
700 -0.092666 -0.092666
701 -0.0902196 -0.0900368
702 -0.0874172 -0.0870522
703 -0.0842697 -0.083724
704 -0.0807897 -0.0800654
705 -0.0769908 -0.0760909
706 -0.0728881 -0.071816
707 -0.0684977 -0.0672578
708 -0.063837 -0.0624341
709 -0.0589244 -0.057364
710 -0.0537792 -0.0520675
711 -0.0484217 -0.0465655
712 -0.0428732 -0.0408797
713 -0.0371555 -0.0350326
714 -0.0312911 -0.0290473
715 -0.0253033 -0.0229473
716 -0.0192156 -0.0167568
717 -0.013052 -0.0105001
718 -0.00683695 -0.00420196
719 -0.000594903 0.00211274
720 0.00564949 0.0084191
721 0.0118716 0.0146922
722 0.0180468 0.0209074
723 0.0241508 0.02704
724 0.0301596 0.033066
725 0.0360492 0.0389614
726 0.0417967 0.0447031
727 0.0473791 0.0502683
728 0.0527746 0.0556352
729 0.0579618 0.0607824
730 0.0629202 0.0656899
731 0.0676304 0.070338
732 0.0720736 0.0747086
733 0.0762324 0.0787843
734 0.0800903 0.0825491
735 0.0836322 0.0859881
736 0.086844 0.0890878
737 0.089713 0.0918359
738 0.092228 0.0942215
739 0.094379 0.0962353
740 0.0961576 0.0978693
741 0.0975567 0.0991171
742 0.0985707 0.0999736
743 0.0991957 0.100436
744 0.0994293 0.100501
745 0.0992704 0.10017
746 0.0987198 0.099444
747 0.0977796 0.0983253
748 0.0964535 0.0968185
749 0.0947467 0.0949296
750 0.092666 0.092666
751 0.0902196 0.0900368
752 0.0874172 0.0870522
753 0.0842697 0.083724
754 0.0807897 0.0800654
755 0.0769908 0.0760909
756 0.0728881 0.071816
757 0.0684977 0.0672578
758 0.063837 0.0624341
759 0.0589244 0.057364
760 0.0537792 0.0520675
761 0.0484217 0.0465655
762 0.0428732 0.0408797
763 0.0371555 0.0350326
764 0.0312911 0.0290473
765 0.0253033 0.0229473
766 0.0192156 0.0167568
767 0.013052 0.0105001
768 0.00683695 0.00420196
769 0.000594903 -0.00211274
770 -0.00564949 -0.0084191
771 -0.0118716 -0.0146922
772 -0.0180468 -0.0209074
773 -0.0241508 -0.02704
774 -0.0301596 -0.033066
775 -0.0360492 -0.0389614
776 -0.0417967 -0.0447031
777 -0.0473791 -0.0502683
778 -0.0527746 -0.0556352
779 -0.0579618 -0.0607824
780 -0.0629202 -0.0656899
781 -0.0676304 -0.070338
782 -0.0720736 -0.0747086
783 -0.0762324 -0.0787843
784 -0.0800903 -0.0825491
785 -0.0836322 -0.0859881
786 -0.086844 -0.0890878
787 -0.089713 -0.0918359
788 -0.092228 -0.0942215
789 -0.094379 -0.0962353
790 -0.0961576 -0.0978693
791 -0.0975567 -0.0991171
792 -0.0985707 -0.0999736
793 -0.0991957 -0.100436
794 -0.0994293 -0.100501
795 -0.0992704 -0.10017
796 -0.0987198 -0.099444
797 -0.0977796 -0.0983253
798 -0.0964535 -0.0968185
799 -0.0947467 -0.0949296
800 -0.092666 -0.092666
801 -0.0902196 -0.0900368
802 -0.0874172 -0.0870522
803 -0.0842697 -0.083724
804 -0.0807897 -0.0800654
805 -0.0769908 -0.0760909
806 -0.0728881 -0.071816
807 -0.0684977 -0.0672578
808 -0.063837 -0.0624341
809 -0.0589244 -0.057364
810 -0.0537792 -0.0520675
811 -0.0484217 -0.0465655
812 -0.0428732 -0.0408797
813 -0.0371555 -0.0350326
814 -0.0312911 -0.0290473
815 -0.0253033 -0.0229473
816 -0.0192156 -0.0167568
817 -0.013052 -0.0105001
818 -0.00683695 -0.00420196
819 -0.000594903 0.00211274
820 0.00564949 0.0084191
821 0.0118716 0.0146922
822 0.0180468 0.0209074
823 0.0241508 0.02704
824 0.0301596 0.033066
825 0.0360492 0.0389614
826 0.0417967 0.0447031
827 0.0473791 0.0502683
828 0.0527746 0.0556352
829 0.0579618 0.0607824
830 0.0629202 0.0656899
831 0.0676304 0.070338
832 0.0720736 0.0747086
833 0.0762324 0.0787843
834 0.0800903 0.0825491
835 0.0836322 0.0859881
836 0.086844 0.0890878
837 0.089713 0.0918359
838 0.092228 0.0942215
839 0.094379 0.0962353
840 0.0961576 0.0978693
841 0.0975567 0.0991171
842 0.0985707 0.0999736
843 0.0991957 0.100436
844 0.0994293 0.100501
845 0.0992704 0.10017
846 0.0987198 0.099444
847 0.0977796 0.0983253
848 0.0964535 0.0968185
849 0.0947467 0.0949296
850 0.092666 0.092666
851 0.0902196 0.0900368
852 0.0874172 0.0870522
853 0.0842697 0.083724
854 0.0807897 0.0800654
855 0.0769908 0.0760909
856 0.0728881 0.071816
857 0.0684977 0.0672578
858 0.063837 0.0624341
859 0.0589244 0.057364
860 0.0537792 0.0520675
861 0.0484217 0.0465655
862 0.0428732 0.0408797
863 0.0371555 0.0350326
864 0.0312911 0.0290473
865 0.0253033 0.0229473
866 0.0192156 0.0167568
867 0.013052 0.0105001
868 0.00683695 0.00420196
869 0.000594903 -0.00211274
870 -0.00564949 -0.0084191
871 -0.0118716 -0.0146922
872 -0.0180468 -0.0209074
873 -0.0241508 -0.02704
874 -0.0301596 -0.033066
875 -0.0360492 -0.0389614
876 -0.0417967 -0.0447031
877 -0.0473791 -0.0502683
878 -0.0527746 -0.0556352
879 -0.0579618 -0.0607824
880 -0.0629202 -0.0656899
881 -0.0676304 -0.070338
882 -0.0720736 -0.0747086
883 -0.0762324 -0.0787843
884 -0.0800903 -0.0825491
885 -0.0836322 -0.0859881
886 -0.086844 -0.0890878
887 -0.089713 -0.0918359
888 -0.092228 -0.0942215
889 -0.094379 -0.0962353
890 -0.0961576 -0.0978693
891 -0.0975567 -0.0991171
892 -0.0985707 -0.0999736
893 -0.0991957 -0.100436
894 -0.0994293 -0.100501
895 -0.0992704 -0.10017
896 -0.0987198 -0.099444
897 -0.0977796 -0.0983253
898 -0.0964535 -0.0968185
899 -0.0947467 -0.0949296
900 -0.092666 -0.092666
901 -0.0902196 -0.0900368
902 -0.0874172 -0.0870522
903 -0.0842697 -0.083724
904 -0.0807897 -0.0800654
905 -0.0769908 -0.0760909
906 -0.0728881 -0.071816
907 -0.0684977 -0.0672578
908 -0.063837 -0.0624341
909 -0.0589244 -0.057364
910 -0.0537792 -0.0520675
911 -0.0484217 -0.0465655
912 -0.0428732 -0.0408797
913 -0.0371555 -0.0350326
914 -0.0312911 -0.0290473
915 -0.0253033 -0.0229473
916 -0.0192156 -0.0167568
917 -0.013052 -0.0105001
918 -0.00683695 -0.00420196
919 -0.000594903 0.00211274
920 0.00564949 0.0084191
921 0.0118716 0.0146922
922 0.0180468 0.0209074
923 0.0241508 0.02704
924 0.0301596 0.033066
925 0.0360492 0.0389614
926 0.0417967 0.0447031
927 0.0473791 0.0502683
928 0.0527746 0.0556352
929 0.0579618 0.0607824
930 0.0629202 0.0656899
931 0.0676304 0.070338
932 0.0720736 0.0747086
933 0.0762324 0.0787843
934 0.0800903 0.0825491
935 0.0836322 0.0859881
936 0.086844 0.0890878
937 0.089713 0.0918359
938 0.092228 0.0942215
939 0.094379 0.0962353
940 0.0961576 0.0978693
941 0.0975567 0.0991171
942 0.0985707 0.0999736
943 0.0991957 0.100436
944 0.0994293 0.100501
945 0.0992704 0.10017
946 0.0987198 0.099444
947 0.0977796 0.0983253
948 0.0964535 0.0968185
949 0.0947467 0.0949296
950 0.092666 0.092666
951 0.0902196 0.0900368
952 0.0874172 0.0870522
953 0.0842697 0.083724
954 0.0807897 0.0800654
955 0.0769908 0.0760909
956 0.0728881 0.071816
957 0.0684977 0.0672578
958 0.063837 0.0624341
959 0.0589244 0.057364
960 0.0537792 0.0520675
961 0.0484217 0.0465655
962 0.0428732 0.0408797
963 0.0371555 0.0350326
964 0.0312911 0.0290473
965 0.0253033 0.0229473
966 0.0192156 0.0167568
967 0.013052 0.0105001
968 0.00683695 0.00420196
969 0.000594903 -0.00211274
970 -0.00564949 -0.0084191
971 -0.0118716 -0.0146922
972 -0.0180468 -0.0209074
973 -0.0241508 -0.02704
974 -0.0301596 -0.033066
975 -0.0360492 -0.0389614
976 -0.0417967 -0.0447031
977 -0.0473791 -0.0502683
978 -0.0527746 -0.0556352
979 -0.0579618 -0.0607824
980 -0.0629202 -0.0656899
981 -0.0676304 -0.070338
982 -0.0720736 -0.0747086
983 -0.0762324 -0.0787843
984 -0.0800903 -0.0825491
985 -0.0836322 -0.0859881
986 -0.086844 -0.0890878
987 -0.089713 -0.0918359
988 -0.092228 -0.0942215
989 -0.094379 -0.0962353
990 -0.0961576 -0.0978693
991 -0.0975567 -0.0991171
992 -0.0985707 -0.0999736
993 -0.0991957 -0.100436
994 -0.0994293 -0.100501
995 -0.0992704 -0.10017
996 -0.0987198 -0.099444
997 -0.0977796 -0.0983253
998 -0.0964535 -0.0968185
999 -0.0947467 -0.0949296
