0 0.0208636 0.0208636
1 0.0147023 0.0146611
2 0.0084829 0.00840072
3 0.00223005 0.00210719
4 -0.00403161 -0.00419467
5 -0.0102774 -0.01048
6 -0.0164825 -0.0167239
7 -0.0226227 -0.0229018
8 -0.0286735 -0.0289894
9 -0.0346112 -0.0349625
10 -0.0404123 -0.0407977
11 -0.0460539 -0.0464719
12 -0.0515138 -0.0519626
13 -0.0567703 -0.0572483
14 -0.0618028 -0.062308
15 -0.0665914 -0.0671219
16 -0.0711172 -0.0716708
17 -0.0753624 -0.0759369
18 -0.0793101 -0.0799033
19 -0.0829448 -0.0835544
20 -0.0862521 -0.0868757
21 -0.0892191 -0.0898541
22 -0.0918339 -0.092478
23 -0.0940864 -0.0947369
24 -0.0959675 -0.0966218
25 -0.0974698 -0.0981255
26 -0.0985876 -0.0992419
27 -0.0993162 -0.0999667
28 -0.0996528 -0.100297
29 -0.0995962 -0.100231
30 -0.0991466 -0.0997701
31 -0.0983056 -0.0989152
32 -0.0970767 -0.0976699
33 -0.0954646 -0.0960392
34 -0.0934758 -0.0940294
35 -0.0911181 -0.0916485
36 -0.0884008 -0.088906
37 -0.0853346 -0.0858126
38 -0.0819316 -0.0823805
39 -0.0782053 -0.0786233
40 -0.0741704 -0.0745558
41 -0.0698427 -0.070194
42 -0.0652394 -0.0655553
43 -0.0603786 -0.0606578
44 -0.0552796 -0.0555209
45 -0.0499623 -0.0501649
46 -0.0444479 -0.044611
47 -0.0387581 -0.038881
48 -0.0329153 -0.0329975
49 -0.0269426 -0.0269838
50 -0.0208636 -0.0208636
51 -0.0147023 -0.0146611
52 -0.0084829 -0.00840072
53 -0.00223005 -0.00210719
54 0.00403161 0.00419467
55 0.0102774 0.01048
56 0.0164825 0.0167239
57 0.0226227 0.0229018
58 0.0286735 0.0289894
59 0.0346112 0.0349625
60 0.0404123 0.0407977
61 0.0460539 0.0464719
62 0.0515138 0.0519626
63 0.0567703 0.0572483
64 0.0618028 0.062308
65 0.0665914 0.0671219
66 0.0711172 0.0716708
67 0.0753624 0.0759369
68 0.0793101 0.0799033
69 0.0829448 0.0835544
70 0.0862521 0.0868757
71 0.0892191 0.0898541
72 0.0918339 0.092478
73 0.0940864 0.0947369
74 0.0959675 0.0966218
75 0.0974698 0.0981255
76 0.0985876 0.0992419
77 0.0993162 0.0999667
78 0.0996528 0.100297
79 0.0995962 0.100231
80 0.0991466 0.0997701
81 0.0983056 0.0989152
82 0.0970767 0.0976699
83 0.0954646 0.0960392
84 0.0934758 0.0940294
85 0.0911181 0.0916485
86 0.0884008 0.088906
87 0.0853346 0.0858126
88 0.0819316 0.0823805
89 0.0782053 0.0786233
90 0.0741704 0.0745558
91 0.0698427 0.070194
92 0.0652394 0.0655553
93 0.0603786 0.0606578
94 0.0552796 0.0555209
95 0.0499623 0.0501649
96 0.0444479 0.044611
97 0.0387581 0.038881
98 0.0329153 0.0329975
99 0.0269426 0.0269838
100 0.0208636 0.0208636
101 0.0147023 0.0146611
102 0.0084829 0.00840072
103 0.00223005 0.00210719
104 -0.00403161 -0.00419467
105 -0.0102774 -0.01048
106 -0.0164825 -0.0167239
107 -0.0226227 -0.0229018
108 -0.0286735 -0.0289894
109 -0.0346112 -0.0349625
110 -0.0404123 -0.0407977
111 -0.0460539 -0.0464719
112 -0.0515138 -0.0519626
113 -0.0567703 -0.0572483
114 -0.0618028 -0.062308
115 -0.0665914 -0.0671219
116 -0.0711172 -0.0716708
117 -0.0753624 -0.0759369
118 -0.0793101 -0.0799033
119 -0.0829448 -0.0835544
120 -0.0862521 -0.0868757
121 -0.0892191 -0.0898541
122 -0.0918339 -0.092478
123 -0.0940864 -0.0947369
124 -0.0959675 -0.0966218
125 -0.0974698 -0.0981255
126 -0.0985876 -0.0992419
127 -0.0993162 -0.0999667
128 -0.0996528 -0.100297
129 -0.0995962 -0.100231
130 -0.0991466 -0.0997701
131 -0.0983056 -0.0989152
132 -0.0970767 -0.0976699
133 -0.0954646 -0.0960392
134 -0.0934758 -0.0940294
135 -0.0911181 -0.0916485
136 -0.0884008 -0.088906
137 -0.0853346 -0.0858126
138 -0.0819316 -0.0823805
139 -0.0782053 -0.0786233
140 -0.0741704 -0.0745558
141 -0.0698427 -0.070194
142 -0.0652394 -0.0655553
143 -0.0603786 -0.0606578
144 -0.0552796 -0.0555209
145 -0.0499623 -0.0501649
146 -0.0444479 -0.044611
147 -0.0387581 -0.038881
148 -0.0329153 -0.0329975
149 -0.0269426 -0.0269838
150 -0.0208636 -0.0208636
151 -0.0147023 -0.0146611
152 -0.0084829 -0.00840072
153 -0.00223005 -0.00210719
154 0.00403161 0.00419467
155 0.0102774 0.01048
156 0.0164825 0.0167239
157 0.0226227 0.0229018
158 0.0286735 0.0289894
159 0.0346112 0.0349625
160 0.0404123 0.0407977
161 0.0460539 0.0464719
162 0.0515138 0.0519626
163 0.0567703 0.0572483
164 0.0618028 0.062308
165 0.0665914 0.0671219
166 0.0711172 0.0716708
167 0.0753624 0.0759369
168 0.0793101 0.0799033
169 0.0829448 0.0835544
170 0.0862521 0.0868757
171 0.0892191 0.0898541
172 0.0918339 0.092478
173 0.0940864 0.0947369
174 0.0959675 0.0966218
175 0.0974698 0.0981255
176 0.0985876 0.0992419
177 0.0993162 0.0999667
178 0.0996528 0.100297
179 0.0995962 0.100231
180 0.0991466 0.0997701
181 0.0983056 0.0989152
182 0.0970767 0.0976699
183 0.0954646 0.0960392
184 0.0934758 0.0940294
185 0.0911181 0.0916485
186 0.0884008 0.088906
187 0.0853346 0.0858126
188 0.0819316 0.0823805
189 0.0782053 0.0786233
190 0.0741704 0.0745558
191 0.0698427 0.070194
192 0.0652394 0.0655553
193 0.0603786 0.0606578
194 0.0552796 0.0555209
195 0.0499623 0.0501649
196 0.0444479 0.044611
197 0.0387581 0.038881
198 0.0329153 0.0329975
199 0.0269426 0.0269838
200 0.0208636 0.0208636
201 0.0147023 0.0146611
202 0.0084829 0.00840072
203 0.00223005 0.00210719
204 -0.00403161 -0.00419467
205 -0.0102774 -0.01048
206 -0.0164825 -0.0167239
207 -0.0226227 -0.0229018
208 -0.0286735 -0.0289894
209 -0.0346112 -0.0349625
210 -0.0404123 -0.0407977
211 -0.0460539 -0.0464719
212 -0.0515138 -0.0519626
213 -0.0567703 -0.0572483
214 -0.0618028 -0.062308
215 -0.0665914 -0.0671219
216 -0.0711172 -0.0716708
217 -0.0753624 -0.0759369
218 -0.0793101 -0.0799033
219 -0.0829448 -0.0835544
220 -0.0862521 -0.0868757
221 -0.0892191 -0.0898541
222 -0.0918339 -0.092478
223 -0.0940864 -0.0947369
224 -0.0959675 -0.0966218
225 -0.0974698 -0.0981255
226 -0.0985876 -0.0992419
227 -0.0993162 -0.0999667
228 -0.0996528 -0.100297
229 -0.0995962 -0.100231
230 -0.0991466 -0.0997701
231 -0.0983056 -0.0989152
232 -0.0970767 -0.0976699
233 -0.0954646 -0.0960392
234 -0.0934758 -0.0940294
235 -0.0911181 -0.0916485
236 -0.0884008 -0.088906
237 -0.0853346 -0.0858126
238 -0.0819316 -0.0823805
239 -0.0782053 -0.0786233
240 -0.0741704 -0.0745558
241 -0.0698427 -0.070194
242 -0.0652394 -0.0655553
243 -0.0603786 -0.0606578
244 -0.0552796 -0.0555209
245 -0.0499623 -0.0501649
246 -0.0444479 -0.044611
247 -0.0387581 -0.038881
248 -0.0329153 -0.0329975
249 -0.0269426 -0.0269838
250 -0.0208636 -0.0208636
251 -0.0147023 -0.0146611
252 -0.0084829 -0.00840072
253 -0.00223005 -0.00210719
254 0.00403161 0.00419467
255 0.0102774 0.01048
256 0.0164825 0.0167239
257 0.0226227 0.0229018
258 0.0286735 0.0289894
259 0.0346112 0.0349625
260 0.0404123 0.0407977
261 0.0460539 0.0464719
262 0.0515138 0.0519626
263 0.0567703 0.0572483
264 0.0618028 0.062308
265 0.0665914 0.0671219
266 0.0711172 0.0716708
267 0.0753624 0.0759369
268 0.0793101 0.0799033
269 0.0829448 0.0835544
270 0.0862521 0.0868757
271 0.0892191 0.0898541
272 0.0918339 0.092478
273 0.0940864 0.0947369
274 0.0959675 0.0966218
275 0.0974698 0.0981255
276 0.0985876 0.0992419
277 0.0993162 0.0999667
278 0.0996528 0.100297
279 0.0995962 0.100231
280 0.0991466 0.0997701
281 0.0983056 0.0989152
282 0.0970767 0.0976699
283 0.0954646 0.0960392
284 0.0934758 0.0940294
285 0.0911181 0.0916485
286 0.0884008 0.088906
287 0.0853346 0.0858126
288 0.0819316 0.0823805
289 0.0782053 0.0786233
290 0.0741704 0.0745558
291 0.0698427 0.070194
292 0.0652394 0.0655553
293 0.0603786 0.0606578
294 0.0552796 0.0555209
295 0.0499623 0.0501649
296 0.0444479 0.044611
297 0.0387581 0.038881
298 0.0329153 0.0329975
299 0.0269426 0.0269838
300 0.0208636 0.0208636
301 0.0147023 0.0146611
302 0.0084829 0.00840072
303 0.00223005 0.00210719
304 -0.00403161 -0.00419467
305 -0.0102774 -0.01048
306 -0.0164825 -0.0167239
307 -0.0226227 -0.0229018
308 -0.0286735 -0.0289894
309 -0.0346112 -0.0349625
310 -0.0404123 -0.0407977
311 -0.0460539 -0.0464719
312 -0.0515138 -0.0519626
313 -0.0567703 -0.0572483
314 -0.0618028 -0.062308
315 -0.0665914 -0.0671219
316 -0.0711172 -0.0716708
317 -0.0753624 -0.0759369
318 -0.0793101 -0.0799033
319 -0.0829448 -0.0835544
320 -0.0862521 -0.0868757
321 -0.0892191 -0.0898541
322 -0.0918339 -0.092478
323 -0.0940864 -0.0947369
324 -0.0959675 -0.0966218
325 -0.0974698 -0.0981255
326 -0.0985876 -0.0992419
327 -0.0993162 -0.0999667
328 -0.0996528 -0.100297
329 -0.0995962 -0.100231
330 -0.0991466 -0.0997701
331 -0.0983056 -0.0989152
332 -0.0970767 -0.0976699
333 -0.0954646 -0.0960392
334 -0.0934758 -0.0940294
335 -0.0911181 -0.0916485
336 -0.0884008 -0.088906
337 -0.0853346 -0.0858126
338 -0.0819316 -0.0823805
339 -0.0782053 -0.0786233
340 -0.0741704 -0.0745558
341 -0.0698427 -0.070194
342 -0.0652394 -0.0655553
343 -0.0603786 -0.0606578
344 -0.0552796 -0.0555209
345 -0.0499623 -0.0501649
346 -0.0444479 -0.044611
347 -0.0387581 -0.038881
348 -0.0329153 -0.0329975
349 -0.0269426 -0.0269838
350 -0.0208636 -0.0208636
351 -0.0147023 -0.0146611
352 -0.0084829 -0.00840072
353 -0.00223005 -0.00210719
354 0.00403161 0.00419467
355 0.0102774 0.01048
356 0.0164825 0.0167239
357 0.0226227 0.0229018
358 0.0286735 0.0289894
359 0.0346112 0.0349625
360 0.0404123 0.0407977
361 0.0460539 0.0464719
362 0.0515138 0.0519626
363 0.0567703 0.0572483
364 0.0618028 0.062308
365 0.0665914 0.0671219
366 0.0711172 0.0716708
367 0.0753624 0.0759369
368 0.0793101 0.0799033
369 0.0829448 0.0835544
370 0.0862521 0.0868757
371 0.0892191 0.0898541
372 0.0918339 0.092478
373 0.0940864 0.0947369
374 0.0959675 0.0966218
375 0.0974698 0.0981255
376 0.0985876 0.0992419
377 0.0993162 0.0999667
378 0.0996528 0.100297
379 0.0995962 0.100231
380 0.0991466 0.0997701
381 0.0983056 0.0989152
382 0.0970767 0.0976699
383 0.0954646 0.0960392
384 0.0934758 0.0940294
385 0.0911181 0.0916485
386 0.0884008 0.088906
387 0.0853346 0.0858126
388 0.0819316 0.0823805
389 0.0782053 0.0786233
390 0.0741704 0.0745558
391 0.0698427 0.070194
392 0.0652394 0.0655553
393 0.0603786 0.0606578
394 0.0552796 0.0555209
395 0.0499623 0.0501649
396 0.0444479 0.044611
397 0.0387581 0.038881
398 0.0329153 0.0329975
399 0.0269426 0.0269838
400 0.0208636 0.0208636
401 0.0147023 0.0146611
402 0.0084829 0.00840072
403 0.00223005 0.00210719
404 -0.00403161 -0.00419467
405 -0.0102774 -0.01048
406 -0.0164825 -0.0167239
407 -0.0226227 -0.0229018
408 -0.0286735 -0.0289894
409 -0.0346112 -0.0349625
410 -0.0404123 -0.0407977
411 -0.0460539 -0.0464719
412 -0.0515138 -0.0519626
413 -0.0567703 -0.0572483
414 -0.0618028 -0.062308
415 -0.0665914 -0.0671219
416 -0.0711172 -0.0716708
417 -0.0753624 -0.0759369
418 -0.0793101 -0.0799033
419 -0.0829448 -0.0835544
420 -0.0862521 -0.0868757
421 -0.0892191 -0.0898541
422 -0.0918339 -0.092478
423 -0.0940864 -0.0947369
424 -0.0959675 -0.0966218
425 -0.0974698 -0.0981255
426 -0.0985876 -0.0992419
427 -0.0993162 -0.0999667
428 -0.0996528 -0.100297
429 -0.0995962 -0.100231
430 -0.0991466 -0.0997701
431 -0.0983056 -0.0989152
432 -0.0970767 -0.0976699
433 -0.0954646 -0.0960392
434 -0.0934758 -0.0940294
435 -0.0911181 -0.0916485
436 -0.0884008 -0.088906
437 -0.0853346 -0.0858126
438 -0.0819316 -0.0823805
439 -0.0782053 -0.0786233
440 -0.0741704 -0.0745558
441 -0.0698427 -0.070194
442 -0.0652394 -0.0655553
443 -0.0603786 -0.0606578
444 -0.0552796 -0.0555209
445 -0.0499623 -0.0501649
446 -0.0444479 -0.044611
447 -0.0387581 -0.038881
448 -0.0329153 -0.0329975
449 -0.0269426 -0.0269838
450 -0.0208636 -0.0208636
451 -0.0147023 -0.0146611
452 -0.0084829 -0.00840072
453 -0.00223005 -0.00210719
454 0.00403161 0.00419467
455 0.0102774 0.01048
456 0.0164825 0.0167239
457 0.0226227 0.0229018
458 0.0286735 0.0289894
459 0.0346112 0.0349625
460 0.0404123 0.0407977
461 0.0460539 0.0464719
462 0.0515138 0.0519626
463 0.0567703 0.0572483
464 0.0618028 0.062308
465 0.0665914 0.0671219
466 0.0711172 0.0716708
467 0.0753624 0.0759369
468 0.0793101 0.0799033
469 0.0829448 0.0835544
470 0.0862521 0.0868757
471 0.0892191 0.0898541
472 0.0918339 0.092478
473 0.0940864 0.0947369
474 0.0959675 0.0966218
475 0.0974698 0.0981255
476 0.0985876 0.0992419
477 0.0993162 0.0999667
478 0.0996528 0.100297
479 0.0995962 0.100231
480 0.0991466 0.0997701
481 0.0983056 0.0989152
482 0.0970767 0.0976699
483 0.0954646 0.0960392
484 0.0934758 0.0940294
485 0.0911181 0.0916485
486 0.0884008 0.088906
487 0.0853346 0.0858126
488 0.0819316 0.0823805
489 0.0782053 0.0786233
490 0.0741704 0.0745558
491 0.0698427 0.070194
492 0.0652394 0.0655553
493 0.0603786 0.0606578
494 0.0552796 0.0555209
495 0.0499623 0.0501649
496 0.0444479 0.044611
497 0.0387581 0.038881
498 0.0329153 0.0329975
499 0.0269426 0.0269838
500 0.0208636 0.0208636
501 0.0147023 0.0146611
502 0.0084829 0.00840072
503 0.00223005 0.00210719
504 -0.00403161 -0.00419467
505 -0.0102774 -0.01048
506 -0.0164825 -0.0167239
507 -0.0226227 -0.0229018
508 -0.0286735 -0.0289894
509 -0.0346112 -0.0349625
510 -0.0404123 -0.0407977
511 -0.0460539 -0.0464719
512 -0.0515138 -0.0519626
513 -0.0567703 -0.0572483
514 -0.0618028 -0.062308
515 -0.0665914 -0.0671219
516 -0.0711172 -0.0716708
517 -0.0753624 -0.0759369
518 -0.0793101 -0.0799033
519 -0.0829448 -0.0835544
520 -0.0862521 -0.0868757
521 -0.0892191 -0.0898541
522 -0.0918339 -0.092478
523 -0.0940864 -0.0947369
524 -0.0959675 -0.0966218
525 -0.0974698 -0.0981255
526 -0.0985876 -0.0992419
527 -0.0993162 -0.0999667
528 -0.0996528 -0.100297
529 -0.0995962 -0.100231
530 -0.0991466 -0.0997701
531 -0.0983056 -0.0989152
532 -0.0970767 -0.0976699
533 -0.0954646 -0.0960392
534 -0.0934758 -0.0940294
535 -0.0911181 -0.0916485
536 -0.0884008 -0.088906
537 -0.0853346 -0.0858126
538 -0.0819316 -0.0823805
539 -0.0782053 -0.0786233
540 -0.0741704 -0.0745558
541 -0.0698427 -0.070194
542 -0.0652394 -0.0655553
543 -0.0603786 -0.0606578
544 -0.0552796 -0.0555209
545 -0.0499623 -0.0501649
546 -0.0444479 -0.044611
547 -0.0387581 -0.038881
548 -0.0329153 -0.0329975
549 -0.0269426 -0.0269838
550 -0.0208636 -0.0208636
551 -0.0147023 -0.0146611
552 -0.0084829 -0.00840072
553 -0.00223005 -0.00210719
554 0.00403161 0.00419467
555 0.0102774 0.01048
556 0.0164825 0.0167239
557 0.0226227 0.0229018
558 0.0286735 0.0289894
559 0.0346112 0.0349625
560 0.0404123 0.0407977
561 0.0460539 0.0464719
562 0.0515138 0.0519626
563 0.0567703 0.0572483
564 0.0618028 0.062308
565 0.0665914 0.0671219
566 0.0711172 0.0716708
567 0.0753624 0.0759369
568 0.0793101 0.0799033
569 0.0829448 0.0835544
570 0.0862521 0.0868757
571 0.0892191 0.0898541
572 0.0918339 0.092478
573 0.0940864 0.0947369
574 0.0959675 0.0966218
575 0.0974698 0.0981255
576 0.0985876 0.0992419
577 0.0993162 0.0999667
578 0.0996528 0.100297
579 0.0995962 0.100231
580 0.0991466 0.0997701
581 0.0983056 0.0989152
582 0.0970767 0.0976699
583 0.0954646 0.0960392
584 0.0934758 0.0940294
585 0.0911181 0.0916485
586 0.0884008 0.088906
587 0.0853346 0.0858126
588 0.0819316 0.0823805
589 0.0782053 0.0786233
590 0.0741704 0.0745558
591 0.0698427 0.070194
592 0.0652394 0.0655553
593 0.0603786 0.0606578
594 0.0552796 0.0555209
595 0.0499623 0.0501649
596 0.0444479 0.044611
597 0.0387581 0.038881
598 0.0329153 0.0329975
599 0.0269426 0.0269838
600 0.0208636 0.0208636
601 0.0147023 0.0146611
602 0.0084829 0.00840072
603 0.00223005 0.00210719
604 -0.00403161 -0.00419467
605 -0.0102774 -0.01048
606 -0.0164825 -0.0167239
607 -0.0226227 -0.0229018
608 -0.0286735 -0.0289894
609 -0.0346112 -0.0349625
610 -0.0404123 -0.0407977
611 -0.0460539 -0.0464719
612 -0.0515138 -0.0519626
613 -0.0567703 -0.0572483
614 -0.0618028 -0.062308
615 -0.0665914 -0.0671219
616 -0.0711172 -0.0716708
617 -0.0753624 -0.0759369
618 -0.0793101 -0.0799033
619 -0.0829448 -0.0835544
620 -0.0862521 -0.0868757
621 -0.0892191 -0.0898541
622 -0.0918339 -0.092478
623 -0.0940864 -0.0947369
624 -0.0959675 -0.0966218
625 -0.0974698 -0.0981255
626 -0.0985876 -0.0992419
627 -0.0993162 -0.0999667
628 -0.0996528 -0.100297
629 -0.0995962 -0.100231
630 -0.0991466 -0.0997701
631 -0.0983056 -0.0989152
632 -0.0970767 -0.0976699
633 -0.0954646 -0.0960392
634 -0.0934758 -0.0940294
635 -0.0911181 -0.0916485
636 -0.0884008 -0.088906
637 -0.0853346 -0.0858126
638 -0.0819316 -0.0823805
639 -0.0782053 -0.0786233
640 -0.0741704 -0.0745558
641 -0.0698427 -0.070194
642 -0.0652394 -0.0655553
643 -0.0603786 -0.0606578
644 -0.0552796 -0.0555209
645 -0.0499623 -0.0501649
646 -0.0444479 -0.044611
647 -0.0387581 -0.038881
648 -0.0329153 -0.0329975
649 -0.0269426 -0.0269838
650 -0.0208636 -0.0208636
651 -0.0147023 -0.0146611
652 -0.0084829 -0.00840072
653 -0.00223005 -0.00210719
654 0.00403161 0.00419467
655 0.0102774 0.01048
656 0.0164825 0.0167239
657 0.0226227 0.0229018
658 0.0286735 0.0289894
659 0.0346112 0.0349625
660 0.0404123 0.0407977
661 0.0460539 0.0464719
662 0.0515138 0.0519626
663 0.0567703 0.0572483
664 0.0618028 0.062308
665 0.0665914 0.0671219
666 0.0711172 0.0716708
667 0.0753624 0.0759369
668 0.0793101 0.0799033
669 0.0829448 0.0835544
670 0.0862521 0.0868757
671 0.0892191 0.0898541
672 0.0918339 0.092478
673 0.0940864 0.0947369
674 0.0959675 0.0966218
675 0.0974698 0.0981255
676 0.0985876 0.0992419
677 0.0993162 0.0999667
678 0.0996528 0.100297
679 0.0995962 0.100231
680 0.0991466 0.0997701
681 0.0983056 0.0989152
682 0.0970767 0.0976699
683 0.0954646 0.0960392
684 0.0934758 0.0940294
685 0.0911181 0.0916485
686 0.0884008 0.088906
687 0.0853346 0.0858126
688 0.0819316 0.0823805
689 0.0782053 0.0786233
690 0.0741704 0.0745558
691 0.0698427 0.070194
692 0.0652394 0.0655553
693 0.0603786 0.0606578
694 0.0552796 0.0555209
695 0.0499623 0.0501649
696 0.0444479 0.044611
697 0.0387581 0.038881
698 0.0329153 0.0329975
699 0.0269426 0.0269838
700 0.0208636 0.0208636
701 0.0147023 0.0146611
702 0.0084829 0.00840072
703 0.00223005 0.00210719
704 -0.00403161 -0.00419467
705 -0.0102774 -0.01048
706 -0.0164825 -0.0167239
707 -0.0226227 -0.0229018
708 -0.0286735 -0.0289894
709 -0.0346112 -0.0349625
710 -0.0404123 -0.0407977
711 -0.0460539 -0.0464719
712 -0.0515138 -0.0519626
713 -0.0567703 -0.0572483
714 -0.0618028 -0.062308
715 -0.0665914 -0.0671219
716 -0.0711172 -0.0716708
717 -0.0753624 -0.0759369
718 -0.0793101 -0.0799033
719 -0.0829448 -0.0835544
720 -0.0862521 -0.0868757
721 -0.0892191 -0.0898541
722 -0.0918339 -0.092478
723 -0.0940864 -0.0947369
724 -0.0959675 -0.0966218
725 -0.0974698 -0.0981255
726 -0.0985876 -0.0992419
727 -0.0993162 -0.0999667
728 -0.0996528 -0.100297
729 -0.0995962 -0.100231
730 -0.0991466 -0.0997701
731 -0.0983056 -0.0989152
732 -0.0970767 -0.0976699
733 -0.0954646 -0.0960392
734 -0.0934758 -0.0940294
735 -0.0911181 -0.0916485
736 -0.0884008 -0.088906
737 -0.0853346 -0.0858126
738 -0.0819316 -0.0823805
739 -0.0782053 -0.0786233
740 -0.0741704 -0.0745558
741 -0.0698427 -0.070194
742 -0.0652394 -0.0655553
743 -0.0603786 -0.0606578
744 -0.0552796 -0.0555209
745 -0.0499623 -0.0501649
746 -0.0444479 -0.044611
747 -0.0387581 -0.038881
748 -0.0329153 -0.0329975
749 -0.0269426 -0.0269838
750 -0.0208636 -0.0208636
751 -0.0147023 -0.0146611
752 -0.0084829 -0.00840072
753 -0.00223005 -0.00210719
754 0.00403161 0.00419467
755 0.0102774 0.01048
756 0.0164825 0.0167239
757 0.0226227 0.0229018
758 0.0286735 0.0289894
759 0.0346112 0.0349625
760 0.0404123 0.0407977
761 0.0460539 0.0464719
762 0.0515138 0.0519626
763 0.0567703 0.0572483
764 0.0618028 0.062308
765 0.0665914 0.0671219
766 0.0711172 0.0716708
767 0.0753624 0.0759369
768 0.0793101 0.0799033
769 0.0829448 0.0835544
770 0.0862521 0.0868757
771 0.0892191 0.0898541
772 0.0918339 0.092478
773 0.0940864 0.0947369
774 0.0959675 0.0966218
775 0.0974698 0.0981255
776 0.0985876 0.0992419
777 0.0993162 0.0999667
778 0.0996528 0.100297
779 0.0995962 0.100231
780 0.0991466 0.0997701
781 0.0983056 0.0989152
782 0.0970767 0.0976699
783 0.0954646 0.0960392
784 0.0934758 0.0940294
785 0.0911181 0.0916485
786 0.0884008 0.088906
787 0.0853346 0.0858126
788 0.0819316 0.0823805
789 0.0782053 0.0786233
790 0.0741704 0.0745558
791 0.0698427 0.070194
792 0.0652394 0.0655553
793 0.0603786 0.0606578
794 0.0552796 0.0555209
795 0.0499623 0.0501649
796 0.0444479 0.044611
797 0.0387581 0.038881
798 0.0329153 0.0329975
799 0.0269426 0.0269838
800 0.0208636 0.0208636
801 0.0147023 0.0146611
802 0.0084829 0.00840072
803 0.00223005 0.00210719
804 -0.00403161 -0.00419467
805 -0.0102774 -0.01048
806 -0.0164825 -0.0167239
807 -0.0226227 -0.0229018
808 -0.0286735 -0.0289894
809 -0.0346112 -0.0349625
810 -0.0404123 -0.0407977
811 -0.0460539 -0.0464719
812 -0.0515138 -0.0519626
813 -0.0567703 -0.0572483
814 -0.0618028 -0.062308
815 -0.0665914 -0.0671219
816 -0.0711172 -0.0716708
817 -0.0753624 -0.0759369
818 -0.0793101 -0.0799033
819 -0.0829448 -0.0835544
820 -0.0862521 -0.0868757
821 -0.0892191 -0.0898541
822 -0.0918339 -0.092478
823 -0.0940864 -0.0947369
824 -0.0959675 -0.0966218
825 -0.0974698 -0.0981255
826 -0.0985876 -0.0992419
827 -0.0993162 -0.0999667
828 -0.0996528 -0.100297
829 -0.0995962 -0.100231
830 -0.0991466 -0.0997701
831 -0.0983056 -0.0989152
832 -0.0970767 -0.0976699
833 -0.0954646 -0.0960392
834 -0.0934758 -0.0940294
835 -0.0911181 -0.0916485
836 -0.0884008 -0.088906
837 -0.0853346 -0.0858126
838 -0.0819316 -0.0823805
839 -0.0782053 -0.0786233
840 -0.0741704 -0.0745558
841 -0.0698427 -0.070194
842 -0.0652394 -0.0655553
843 -0.0603786 -0.0606578
844 -0.0552796 -0.0555209
845 -0.0499623 -0.0501649
846 -0.0444479 -0.044611
847 -0.0387581 -0.038881
848 -0.0329153 -0.0329975
849 -0.0269426 -0.0269838
850 -0.0208636 -0.0208636
851 -0.0147023 -0.0146611
852 -0.0084829 -0.00840072
853 -0.00223005 -0.00210719
854 0.00403161 0.00419467
855 0.0102774 0.01048
856 0.0164825 0.0167239
857 0.0226227 0.0229018
858 0.0286735 0.0289894
859 0.0346112 0.0349625
860 0.0404123 0.0407977
861 0.0460539 0.0464719
862 0.0515138 0.0519626
863 0.0567703 0.0572483
864 0.0618028 0.062308
865 0.0665914 0.0671219
866 0.0711172 0.0716708
867 0.0753624 0.0759369
868 0.0793101 0.0799033
869 0.0829448 0.0835544
870 0.0862521 0.0868757
871 0.0892191 0.0898541
872 0.0918339 0.092478
873 0.0940864 0.0947369
874 0.0959675 0.0966218
875 0.0974698 0.0981255
876 0.0985876 0.0992419
877 0.0993162 0.0999667
878 0.0996528 0.100297
879 0.0995962 0.100231
880 0.0991466 0.0997701
881 0.0983056 0.0989152
882 0.0970767 0.0976699
883 0.0954646 0.0960392
884 0.0934758 0.0940294
885 0.0911181 0.0916485
886 0.0884008 0.088906
887 0.0853346 0.0858126
888 0.0819316 0.0823805
889 0.0782053 0.0786233
890 0.0741704 0.0745558
891 0.0698427 0.070194
892 0.0652394 0.0655553
893 0.0603786 0.0606578
894 0.0552796 0.0555209
895 0.0499623 0.0501649
896 0.0444479 0.044611
897 0.0387581 0.038881
898 0.0329153 0.0329975
899 0.0269426 0.0269838
900 0.0208636 0.0208636
901 0.0147023 0.0146611
902 0.0084829 0.00840072
903 0.00223005 0.00210719
904 -0.00403161 -0.00419467
905 -0.0102774 -0.01048
906 -0.0164825 -0.0167239
907 -0.0226227 -0.0229018
908 -0.0286735 -0.0289894
909 -0.0346112 -0.0349625
910 -0.0404123 -0.0407977
911 -0.0460539 -0.0464719
912 -0.0515138 -0.0519626
913 -0.0567703 -0.0572483
914 -0.0618028 -0.062308
915 -0.0665914 -0.0671219
916 -0.0711172 -0.0716708
917 -0.0753624 -0.0759369
918 -0.0793101 -0.0799033
919 -0.0829448 -0.0835544
920 -0.0862521 -0.0868757
921 -0.0892191 -0.0898541
922 -0.0918339 -0.092478
923 -0.0940864 -0.0947369
924 -0.0959675 -0.0966218
925 -0.0974698 -0.0981255
926 -0.0985876 -0.0992419
927 -0.0993162 -0.0999667
928 -0.0996528 -0.100297
929 -0.0995962 -0.100231
930 -0.0991466 -0.0997701
931 -0.0983056 -0.0989152
932 -0.0970767 -0.0976699
933 -0.0954646 -0.0960392
934 -0.0934758 -0.0940294
935 -0.0911181 -0.0916485
936 -0.0884008 -0.088906
937 -0.0853346 -0.0858126
938 -0.0819316 -0.0823805
939 -0.0782053 -0.0786233
940 -0.0741704 -0.0745558
941 -0.0698427 -0.070194
942 -0.0652394 -0.0655553
943 -0.0603786 -0.0606578
944 -0.0552796 -0.0555209
945 -0.0499623 -0.0501649
946 -0.0444479 -0.044611
947 -0.0387581 -0.038881
948 -0.0329153 -0.0329975
949 -0.0269426 -0.0269838
950 -0.0208636 -0.0208636
951 -0.0147023 -0.0146611
952 -0.0084829 -0.00840072
953 -0.00223005 -0.00210719
954 0.00403161 0.00419467
955 0.0102774 0.01048
956 0.0164825 0.0167239
957 0.0226227 0.0229018
958 0.0286735 0.0289894
959 0.0346112 0.0349625
960 0.0404123 0.0407977
961 0.0460539 0.0464719
962 0.0515138 0.0519626
963 0.0567703 0.0572483
964 0.0618028 0.062308
965 0.0665914 0.0671219
966 0.0711172 0.0716708
967 0.0753624 0.0759369
968 0.0793101 0.0799033
969 0.0829448 0.0835544
970 0.0862521 0.0868757
971 0.0892191 0.0898541
972 0.0918339 0.092478
973 0.0940864 0.0947369
974 0.0959675 0.0966218
975 0.0974698 0.0981255
976 0.0985876 0.0992419
977 0.0993162 0.0999667
978 0.0996528 0.100297
979 0.0995962 0.100231
980 0.0991466 0.0997701
981 0.0983056 0.0989152
982 0.0970767 0.0976699
983 0.0954646 0.0960392
984 0.0934758 0.0940294
985 0.0911181 0.0916485
986 0.0884008 0.088906
987 0.0853346 0.0858126
988 0.0819316 0.0823805
989 0.0782053 0.0786233
990 0.0741704 0.0745558
991 0.0698427 0.070194
992 0.0652394 0.0655553
993 0.0603786 0.0606578
994 0.0552796 0.0555209
995 0.0499623 0.0501649
996 0.0444479 0.044611
997 0.0387581 0.038881
998 0.0329153 0.0329975
999 0.0269426 0.0269838
