0 0.0660951 0.0660951
1 0.0707406 0.0706101
2 0.0751068 0.0748465
3 0.0791766 0.0787874
4 0.082934 0.0824174
5 0.086364 0.0857221
6 0.0894532 0.0886886
7 0.0921894 0.091305
8 0.0945617 0.0935611
9 0.0965609 0.0954479
10 0.098179 0.0969581
11 0.0994096 0.0980856
12 0.100248 0.098826
13 0.10069 0.0991763
14 0.100736 0.0991353
15 0.100383 0.098703
16 0.099635 0.0978812
17 0.0984933 0.0966731
18 0.096963 0.0950835
19 0.0950499 0.0931187
20 0.0927618 0.0907863
21 0.0901075 0.0880956
22 0.0870976 0.0850573
23 0.083744 0.0816833
24 0.0800599 0.0779869
25 0.0760599 0.0739827
26 0.0717596 0.0696866
27 0.0671762 0.0651154
28 0.0623276 0.0602873
29 0.0572331 0.0552212
30 0.0519127 0.0499372
31 0.0463874 0.0444562
32 0.0406791 0.0387996
33 0.0348102 0.03299
34 0.0288039 0.0270501
35 0.022684 0.0210035
36 0.0164745 0.014874
37 0.0102 0.00868586
38 0.00388527 0.00246338
39 -0.0024448 -0.00376881
40 -0.00876523 -0.00998613
41 -0.0150511 -0.016164
42 -0.0212775 -0.0222782
43 -0.02742 -0.0283044
44 -0.0334542 -0.0342188
45 -0.0393564 -0.0399983
46 -0.0451033 -0.0456199
47 -0.0506722 -0.0510614
48 -0.0560411 -0.0563015
49 -0.0611889 -0.0613193
50 -0.0660951 -0.0660951
51 -0.0707406 -0.0706101
52 -0.0751068 -0.0748465
53 -0.0791766 -0.0787874
54 -0.082934 -0.0824174
55 -0.086364 -0.0857221
56 -0.0894532 -0.0886886
57 -0.0921894 -0.091305
58 -0.0945617 -0.0935611
59 -0.0965609 -0.0954479
60 -0.098179 -0.0969581
61 -0.0994096 -0.0980856
62 -0.100248 -0.098826
63 -0.10069 -0.0991763
64 -0.100736 -0.0991353
65 -0.100383 -0.098703
66 -0.099635 -0.0978812
67 -0.0984933 -0.0966731
68 -0.096963 -0.0950835
69 -0.0950499 -0.0931187
70 -0.0927618 -0.0907863
71 -0.0901075 -0.0880956
72 -0.0870976 -0.0850573
73 -0.083744 -0.0816833
74 -0.0800599 -0.0779869
75 -0.0760599 -0.0739827
76 -0.0717596 -0.0696866
77 -0.0671762 -0.0651154
78 -0.0623276 -0.0602873
79 -0.0572331 -0.0552212
80 -0.0519127 -0.0499372
81 -0.0463874 -0.0444562
82 -0.0406791 -0.0387996
83 -0.0348102 -0.03299
84 -0.0288039 -0.0270501
85 -0.022684 -0.0210035
86 -0.0164745 -0.014874
87 -0.0102 -0.00868586
88 -0.00388527 -0.00246338
89 0.0024448 0.00376881
90 0.00876523 0.00998613
91 0.0150511 0.016164
92 0.0212775 0.0222782
93 0.02742 0.0283044
94 0.0334542 0.0342188
95 0.0393564 0.0399983
96 0.0451033 0.0456199
97 0.0506722 0.0510614
98 0.0560411 0.0563015
99 0.0611889 0.0613193
100 0.0660951 0.0660951
101 0.0707406 0.0706101
102 0.0751068 0.0748465
103 0.0791766 0.0787874
104 0.082934 0.0824174
105 0.086364 0.0857221
106 0.0894532 0.0886886
107 0.0921894 0.091305
108 0.0945617 0.0935611
109 0.0965609 0.0954479
110 0.098179 0.0969581
111 0.0994096 0.0980856
112 0.100248 0.098826
113 0.10069 0.0991763
114 0.100736 0.0991353
115 0.100383 0.098703
116 0.099635 0.0978812
117 0.0984933 0.0966731
118 0.096963 0.0950835
119 0.0950499 0.0931187
120 0.0927618 0.0907863
121 0.0901075 0.0880956
122 0.0870976 0.0850573
123 0.083744 0.0816833
124 0.0800599 0.0779869
125 0.0760599 0.0739827
126 0.0717596 0.0696866
127 0.0671762 0.0651154
128 0.0623276 0.0602873
129 0.0572331 0.0552212
130 0.0519127 0.0499372
131 0.0463874 0.0444562
132 0.0406791 0.0387996
133 0.0348102 0.03299
134 0.0288039 0.0270501
135 0.022684 0.0210035
136 0.0164745 0.014874
137 0.0102 0.00868586
138 0.00388527 0.00246338
139 -0.0024448 -0.00376881
140 -0.00876523 -0.00998613
141 -0.0150511 -0.016164
142 -0.0212775 -0.0222782
143 -0.02742 -0.0283044
144 -0.0334542 -0.0342188
145 -0.0393564 -0.0399983
146 -0.0451033 -0.0456199
147 -0.0506722 -0.0510614
148 -0.0560411 -0.0563015
149 -0.0611889 -0.0613193
150 -0.0660951 -0.0660951
151 -0.0707406 -0.0706101
152 -0.0751068 -0.0748465
153 -0.0791766 -0.0787874
154 -0.082934 -0.0824174
155 -0.086364 -0.0857221
156 -0.0894532 -0.0886886
157 -0.0921894 -0.091305
158 -0.0945617 -0.0935611
159 -0.0965609 -0.0954479
160 -0.098179 -0.0969581
161 -0.0994096 -0.0980856
162 -0.100248 -0.098826
163 -0.10069 -0.0991763
164 -0.100736 -0.0991353
165 -0.100383 -0.098703
166 -0.099635 -0.0978812
167 -0.0984933 -0.0966731
168 -0.096963 -0.0950835
169 -0.0950499 -0.0931187
170 -0.0927618 -0.0907863
171 -0.0901075 -0.0880956
172 -0.0870976 -0.0850573
173 -0.083744 -0.0816833
174 -0.0800599 -0.0779869
175 -0.0760599 -0.0739827
176 -0.0717596 -0.0696866
177 -0.0671762 -0.0651154
178 -0.0623276 -0.0602873
179 -0.0572331 -0.0552212
180 -0.0519127 -0.0499372
181 -0.0463874 -0.0444562
182 -0.0406791 -0.0387996
183 -0.0348102 -0.03299
184 -0.0288039 -0.0270501
185 -0.022684 -0.0210035
186 -0.0164745 -0.014874
187 -0.0102 -0.00868586
188 -0.00388527 -0.00246338
189 0.0024448 0.00376881
190 0.00876523 0.00998613
191 0.0150511 0.016164
192 0.0212775 0.0222782
193 0.02742 0.0283044
194 0.0334542 0.0342188
195 0.0393564 0.0399983
196 0.0451033 0.0456199
197 0.0506722 0.0510614
198 0.0560411 0.0563015
199 0.0611889 0.0613193
200 0.0660951 0.0660951
201 0.0707406 0.0706101
202 0.0751068 0.0748465
203 0.0791766 0.0787874
204 0.082934 0.0824174
205 0.086364 0.0857221
206 0.0894532 0.0886886
207 0.0921894 0.091305
208 0.0945617 0.0935611
209 0.0965609 0.0954479
210 0.098179 0.0969581
211 0.0994096 0.0980856
212 0.100248 0.098826
213 0.10069 0.0991763
214 0.100736 0.0991353
215 0.100383 0.098703
216 0.099635 0.0978812
217 0.0984933 0.0966731
218 0.096963 0.0950835
219 0.0950499 0.0931187
220 0.0927618 0.0907863
221 0.0901075 0.0880956
222 0.0870976 0.0850573
223 0.083744 0.0816833
224 0.0800599 0.0779869
225 0.0760599 0.0739827
226 0.0717596 0.0696866
227 0.0671762 0.0651154
228 0.0623276 0.0602873
229 0.0572331 0.0552212
230 0.0519127 0.0499372
231 0.0463874 0.0444562
232 0.0406791 0.0387996
233 0.0348102 0.03299
234 0.0288039 0.0270501
235 0.022684 0.0210035
236 0.0164745 0.014874
237 0.0102 0.00868586
238 0.00388527 0.00246338
239 -0.0024448 -0.00376881
240 -0.00876523 -0.00998613
241 -0.0150511 -0.016164
242 -0.0212775 -0.0222782
243 -0.02742 -0.0283044
244 -0.0334542 -0.0342188
245 -0.0393564 -0.0399983
246 -0.0451033 -0.0456199
247 -0.0506722 -0.0510614
248 -0.0560411 -0.0563015
249 -0.0611889 -0.0613193
250 -0.0660951 -0.0660951
251 -0.0707406 -0.0706101
252 -0.0751068 -0.0748465
253 -0.0791766 -0.0787874
254 -0.082934 -0.0824174
255 -0.086364 -0.0857221
256 -0.0894532 -0.0886886
257 -0.0921894 -0.091305
258 -0.0945617 -0.0935611
259 -0.0965609 -0.0954479
260 -0.098179 -0.0969581
261 -0.0994096 -0.0980856
262 -0.100248 -0.098826
263 -0.10069 -0.0991763
264 -0.100736 -0.0991353
265 -0.100383 -0.098703
266 -0.099635 -0.0978812
267 -0.0984933 -0.0966731
268 -0.096963 -0.0950835
269 -0.0950499 -0.0931187
270 -0.0927618 -0.0907863
271 -0.0901075 -0.0880956
272 -0.0870976 -0.0850573
273 -0.083744 -0.0816833
274 -0.0800599 -0.0779869
275 -0.0760599 -0.0739827
276 -0.0717596 -0.0696866
277 -0.0671762 -0.0651154
278 -0.0623276 -0.0602873
279 -0.0572331 -0.0552212
280 -0.0519127 -0.0499372
281 -0.0463874 -0.0444562
282 -0.0406791 -0.0387996
283 -0.0348102 -0.03299
284 -0.0288039 -0.0270501
285 -0.022684 -0.0210035
286 -0.0164745 -0.014874
287 -0.0102 -0.00868586
288 -0.00388527 -0.00246338
289 0.0024448 0.00376881
290 0.00876523 0.00998613
291 0.0150511 0.016164
292 0.0212775 0.0222782
293 0.02742 0.0283044
294 0.0334542 0.0342188
295 0.0393564 0.0399983
296 0.0451033 0.0456199
297 0.0506722 0.0510614
298 0.0560411 0.0563015
299 0.0611889 0.0613193
300 0.0660951 0.0660951
301 0.0707406 0.0706101
302 0.0751068 0.0748465
303 0.0791766 0.0787874
304 0.082934 0.0824174
305 0.086364 0.0857221
306 0.0894532 0.0886886
307 0.0921894 0.091305
308 0.0945617 0.0935611
309 0.0965609 0.0954479
310 0.098179 0.0969581
311 0.0994096 0.0980856
312 0.100248 0.098826
313 0.10069 0.0991763
314 0.100736 0.0991353
315 0.100383 0.098703
316 0.099635 0.0978812
317 0.0984933 0.0966731
318 0.096963 0.0950835
319 0.0950499 0.0931187
320 0.0927618 0.0907863
321 0.0901075 0.0880956
322 0.0870976 0.0850573
323 0.083744 0.0816833
324 0.0800599 0.0779869
325 0.0760599 0.0739827
326 0.0717596 0.0696866
327 0.0671762 0.0651154
328 0.0623276 0.0602873
329 0.0572331 0.0552212
330 0.0519127 0.0499372
331 0.0463874 0.0444562
332 0.0406791 0.0387996
333 0.0348102 0.03299
334 0.0288039 0.0270501
335 0.022684 0.0210035
336 0.0164745 0.014874
337 0.0102 0.00868586
338 0.00388527 0.00246338
339 -0.0024448 -0.00376881
340 -0.00876523 -0.00998613
341 -0.0150511 -0.016164
342 -0.0212775 -0.0222782
343 -0.02742 -0.0283044
344 -0.0334542 -0.0342188
345 -0.0393564 -0.0399983
346 -0.0451033 -0.0456199
347 -0.0506722 -0.0510614
348 -0.0560411 -0.0563015
349 -0.0611889 -0.0613193
350 -0.0660951 -0.0660951
351 -0.0707406 -0.0706101
352 -0.0751068 -0.0748465
353 -0.0791766 -0.0787874
354 -0.082934 -0.0824174
355 -0.086364 -0.0857221
356 -0.0894532 -0.0886886
357 -0.0921894 -0.091305
358 -0.0945617 -0.0935611
359 -0.0965609 -0.0954479
360 -0.098179 -0.0969581
361 -0.0994096 -0.0980856
362 -0.100248 -0.098826
363 -0.10069 -0.0991763
364 -0.100736 -0.0991353
365 -0.100383 -0.098703
366 -0.099635 -0.0978812
367 -0.0984933 -0.0966731
368 -0.096963 -0.0950835
369 -0.0950499 -0.0931187
370 -0.0927618 -0.0907863
371 -0.0901075 -0.0880956
372 -0.0870976 -0.0850573
373 -0.083744 -0.0816833
374 -0.0800599 -0.0779869
375 -0.0760599 -0.0739827
376 -0.0717596 -0.0696866
377 -0.0671762 -0.0651154
378 -0.0623276 -0.0602873
379 -0.0572331 -0.0552212
380 -0.0519127 -0.0499372
381 -0.0463874 -0.0444562
382 -0.0406791 -0.0387996
383 -0.0348102 -0.03299
384 -0.0288039 -0.0270501
385 -0.022684 -0.0210035
386 -0.0164745 -0.014874
387 -0.0102 -0.00868586
388 -0.00388527 -0.00246338
389 0.0024448 0.00376881
390 0.00876523 0.00998613
391 0.0150511 0.016164
392 0.0212775 0.0222782
393 0.02742 0.0283044
394 0.0334542 0.0342188
395 0.0393564 0.0399983
396 0.0451033 0.0456199
397 0.0506722 0.0510614
398 0.0560411 0.0563015
399 0.0611889 0.0613193
400 0.0660951 0.0660951
401 0.0707406 0.0706101
402 0.0751068 0.0748465
403 0.0791766 0.0787874
404 0.082934 0.0824174
405 0.086364 0.0857221
406 0.0894532 0.0886886
407 0.0921894 0.091305
408 0.0945617 0.0935611
409 0.0965609 0.0954479
410 0.098179 0.0969581
411 0.0994096 0.0980856
412 0.100248 0.098826
413 0.10069 0.0991763
414 0.100736 0.0991353
415 0.100383 0.098703
416 0.099635 0.0978812
417 0.0984933 0.0966731
418 0.096963 0.0950835
419 0.0950499 0.0931187
420 0.0927618 0.0907863
421 0.0901075 0.0880956
422 0.0870976 0.0850573
423 0.083744 0.0816833
424 0.0800599 0.0779869
425 0.0760599 0.0739827
426 0.0717596 0.0696866
427 0.0671762 0.0651154
428 0.0623276 0.0602873
429 0.0572331 0.0552212
430 0.0519127 0.0499372
431 0.0463874 0.0444562
432 0.0406791 0.0387996
433 0.0348102 0.03299
434 0.0288039 0.0270501
435 0.022684 0.0210035
436 0.0164745 0.014874
437 0.0102 0.00868586
438 0.00388527 0.00246338
439 -0.0024448 -0.00376881
440 -0.00876523 -0.00998613
441 -0.0150511 -0.016164
442 -0.0212775 -0.0222782
443 -0.02742 -0.0283044
444 -0.0334542 -0.0342188
445 -0.0393564 -0.0399983
446 -0.0451033 -0.0456199
447 -0.0506722 -0.0510614
448 -0.0560411 -0.0563015
449 -0.0611889 -0.0613193
450 -0.0660951 -0.0660951
451 -0.0707406 -0.0706101
452 -0.0751068 -0.0748465
453 -0.0791766 -0.0787874
454 -0.082934 -0.0824174
455 -0.086364 -0.0857221
456 -0.0894532 -0.0886886
457 -0.0921894 -0.091305
458 -0.0945617 -0.0935611
459 -0.0965609 -0.0954479
460 -0.098179 -0.0969581
461 -0.0994096 -0.0980856
462 -0.100248 -0.098826
463 -0.10069 -0.0991763
464 -0.100736 -0.0991353
465 -0.100383 -0.098703
466 -0.099635 -0.0978812
467 -0.0984933 -0.0966731
468 -0.096963 -0.0950835
469 -0.0950499 -0.0931187
470 -0.0927618 -0.0907863
471 -0.0901075 -0.0880956
472 -0.0870976 -0.0850573
473 -0.083744 -0.0816833
474 -0.0800599 -0.0779869
475 -0.0760599 -0.0739827
476 -0.0717596 -0.0696866
477 -0.0671762 -0.0651154
478 -0.0623276 -0.0602873
479 -0.0572331 -0.0552212
480 -0.0519127 -0.0499372
481 -0.0463874 -0.0444562
482 -0.0406791 -0.0387996
483 -0.0348102 -0.03299
484 -0.0288039 -0.0270501
485 -0.022684 -0.0210035
486 -0.0164745 -0.014874
487 -0.0102 -0.00868586
488 -0.00388527 -0.00246338
489 0.0024448 0.00376881
490 0.00876523 0.00998613
491 0.0150511 0.016164
492 0.0212775 0.0222782
493 0.02742 0.0283044
494 0.0334542 0.0342188
495 0.0393564 0.0399983
496 0.0451033 0.0456199
497 0.0506722 0.0510614
498 0.0560411 0.0563015
499 0.0611889 0.0613193
500 0.0660951 0.0660951
501 0.0707406 0.0706101
502 0.0751068 0.0748465
503 0.0791766 0.0787874
504 0.082934 0.0824174
505 0.086364 0.0857221
506 0.0894532 0.0886886
507 0.0921894 0.091305
508 0.0945617 0.0935611
509 0.0965609 0.0954479
510 0.098179 0.0969581
511 0.0994096 0.0980856
512 0.100248 0.098826
513 0.10069 0.0991763
514 0.100736 0.0991353
515 0.100383 0.098703
516 0.099635 0.0978812
517 0.0984933 0.0966731
518 0.096963 0.0950835
519 0.0950499 0.0931187
520 0.0927618 0.0907863
521 0.0901075 0.0880956
522 0.0870976 0.0850573
523 0.083744 0.0816833
524 0.0800599 0.0779869
525 0.0760599 0.0739827
526 0.0717596 0.0696866
527 0.0671762 0.0651154
528 0.0623276 0.0602873
529 0.0572331 0.0552212
530 0.0519127 0.0499372
531 0.0463874 0.0444562
532 0.0406791 0.0387996
533 0.0348102 0.03299
534 0.0288039 0.0270501
535 0.022684 0.0210035
536 0.0164745 0.014874
537 0.0102 0.00868586
538 0.00388527 0.00246338
539 -0.0024448 -0.00376881
540 -0.00876523 -0.00998613
541 -0.0150511 -0.016164
542 -0.0212775 -0.0222782
543 -0.02742 -0.0283044
544 -0.0334542 -0.0342188
545 -0.0393564 -0.0399983
546 -0.0451033 -0.0456199
547 -0.0506722 -0.0510614
548 -0.0560411 -0.0563015
549 -0.0611889 -0.0613193
550 -0.0660951 -0.0660951
551 -0.0707406 -0.0706101
552 -0.0751068 -0.0748465
553 -0.0791766 -0.0787874
554 -0.082934 -0.0824174
555 -0.086364 -0.0857221
556 -0.0894532 -0.0886886
557 -0.0921894 -0.091305
558 -0.0945617 -0.0935611
559 -0.0965609 -0.0954479
560 -0.098179 -0.0969581
561 -0.0994096 -0.0980856
562 -0.100248 -0.098826
563 -0.10069 -0.0991763
564 -0.100736 -0.0991353
565 -0.100383 -0.098703
566 -0.099635 -0.0978812
567 -0.0984933 -0.0966731
568 -0.096963 -0.0950835
569 -0.0950499 -0.0931187
570 -0.0927618 -0.0907863
571 -0.0901075 -0.0880956
572 -0.0870976 -0.0850573
573 -0.083744 -0.0816833
574 -0.0800599 -0.0779869
575 -0.0760599 -0.0739827
576 -0.0717596 -0.0696866
577 -0.0671762 -0.0651154
578 -0.0623276 -0.0602873
579 -0.0572331 -0.0552212
580 -0.0519127 -0.0499372
581 -0.0463874 -0.0444562
582 -0.0406791 -0.0387996
583 -0.0348102 -0.03299
584 -0.0288039 -0.0270501
585 -0.022684 -0.0210035
586 -0.0164745 -0.014874
587 -0.0102 -0.00868586
588 -0.00388527 -0.00246338
589 0.0024448 0.00376881
590 0.00876523 0.00998613
591 0.0150511 0.016164
592 0.0212775 0.0222782
593 0.02742 0.0283044
594 0.0334542 0.0342188
595 0.0393564 0.0399983
596 0.0451033 0.0456199
597 0.0506722 0.0510614
598 0.0560411 0.0563015
599 0.0611889 0.0613193
600 0.0660951 0.0660951
601 0.0707406 0.0706101
602 0.0751068 0.0748465
603 0.0791766 0.0787874
604 0.082934 0.0824174
605 0.086364 0.0857221
606 0.0894532 0.0886886
607 0.0921894 0.091305
608 0.0945617 0.0935611
609 0.0965609 0.0954479
610 0.098179 0.0969581
611 0.0994096 0.0980856
612 0.100248 0.098826
613 0.10069 0.0991763
614 0.100736 0.0991353
615 0.100383 0.098703
616 0.099635 0.0978812
617 0.0984933 0.0966731
618 0.096963 0.0950835
619 0.0950499 0.0931187
620 0.0927618 0.0907863
621 0.0901075 0.0880956
622 0.0870976 0.0850573
623 0.083744 0.0816833
624 0.0800599 0.0779869
625 0.0760599 0.0739827
626 0.0717596 0.0696866
627 0.0671762 0.0651154
628 0.0623276 0.0602873
629 0.0572331 0.0552212
630 0.0519127 0.0499372
631 0.0463874 0.0444562
632 0.0406791 0.0387996
633 0.0348102 0.03299
634 0.0288039 0.0270501
635 0.022684 0.0210035
636 0.0164745 0.014874
637 0.0102 0.00868586
638 0.00388527 0.00246338
639 -0.0024448 -0.00376881
640 -0.00876523 -0.00998613
641 -0.0150511 -0.016164
642 -0.0212775 -0.0222782
643 -0.02742 -0.0283044
644 -0.0334542 -0.0342188
645 -0.0393564 -0.0399983
646 -0.0451033 -0.0456199
647 -0.0506722 -0.0510614
648 -0.0560411 -0.0563015
649 -0.0611889 -0.0613193
650 -0.0660951 -0.0660951
651 -0.0707406 -0.0706101
652 -0.0751068 -0.0748465
653 -0.0791766 -0.0787874
654 -0.082934 -0.0824174
655 -0.086364 -0.0857221
656 -0.0894532 -0.0886886
657 -0.0921894 -0.091305
658 -0.0945617 -0.0935611
659 -0.0965609 -0.0954479
660 -0.098179 -0.0969581
661 -0.0994096 -0.0980856
662 -0.100248 -0.098826
663 -0.10069 -0.0991763
664 -0.100736 -0.0991353
665 -0.100383 -0.098703
666 -0.099635 -0.0978812
667 -0.0984933 -0.0966731
668 -0.096963 -0.0950835
669 -0.0950499 -0.0931187
670 -0.0927618 -0.0907863
671 -0.0901075 -0.0880956
672 -0.0870976 -0.0850573
673 -0.083744 -0.0816833
674 -0.0800599 -0.0779869
675 -0.0760599 -0.0739827
676 -0.0717596 -0.0696866
677 -0.0671762 -0.0651154
678 -0.0623276 -0.0602873
679 -0.0572331 -0.0552212
680 -0.0519127 -0.0499372
681 -0.0463874 -0.0444562
682 -0.0406791 -0.0387996
683 -0.0348102 -0.03299
684 -0.0288039 -0.0270501
685 -0.022684 -0.0210035
686 -0.0164745 -0.014874
687 -0.0102 -0.00868586
688 -0.00388527 -0.00246338
689 0.0024448 0.00376881
690 0.00876523 0.00998613
691 0.0150511 0.016164
692 0.0212775 0.0222782
693 0.02742 0.0283044
694 0.0334542 0.0342188
695 0.0393564 0.0399983
696 0.0451033 0.0456199
697 0.0506722 0.0510614
698 0.0560411 0.0563015
699 0.0611889 0.0613193
700 0.0660951 0.0660951
701 0.0707406 0.0706101
702 0.0751068 0.0748465
703 0.0791766 0.0787874
704 0.082934 0.0824174
705 0.086364 0.0857221
706 0.0894532 0.0886886
707 0.0921894 0.091305
708 0.0945617 0.0935611
709 0.0965609 0.0954479
710 0.098179 0.0969581
711 0.0994096 0.0980856
712 0.100248 0.098826
713 0.10069 0.0991763
714 0.100736 0.0991353
715 0.100383 0.098703
716 0.099635 0.0978812
717 0.0984933 0.0966731
718 0.096963 0.0950835
719 0.0950499 0.0931187
720 0.0927618 0.0907863
721 0.0901075 0.0880956
722 0.0870976 0.0850573
723 0.083744 0.0816833
724 0.0800599 0.0779869
725 0.0760599 0.0739827
726 0.0717596 0.0696866
727 0.0671762 0.0651154
728 0.0623276 0.0602873
729 0.0572331 0.0552212
730 0.0519127 0.0499372
731 0.0463874 0.0444562
732 0.0406791 0.0387996
733 0.0348102 0.03299
734 0.0288039 0.0270501
735 0.022684 0.0210035
736 0.0164745 0.014874
737 0.0102 0.00868586
738 0.00388527 0.00246338
739 -0.0024448 -0.00376881
740 -0.00876523 -0.00998613
741 -0.0150511 -0.016164
742 -0.0212775 -0.0222782
743 -0.02742 -0.0283044
744 -0.0334542 -0.0342188
745 -0.0393564 -0.0399983
746 -0.0451033 -0.0456199
747 -0.0506722 -0.0510614
748 -0.0560411 -0.0563015
749 -0.0611889 -0.0613193
750 -0.0660951 -0.0660951
751 -0.0707406 -0.0706101
752 -0.0751068 -0.0748465
753 -0.0791766 -0.0787874
754 -0.082934 -0.0824174
755 -0.086364 -0.0857221
756 -0.0894532 -0.0886886
757 -0.0921894 -0.091305
758 -0.0945617 -0.0935611
759 -0.0965609 -0.0954479
760 -0.098179 -0.0969581
761 -0.0994096 -0.0980856
762 -0.100248 -0.098826
763 -0.10069 -0.0991763
764 -0.100736 -0.0991353
765 -0.100383 -0.098703
766 -0.099635 -0.0978812
767 -0.0984933 -0.0966731
768 -0.096963 -0.0950835
769 -0.0950499 -0.0931187
770 -0.0927618 -0.0907863
771 -0.0901075 -0.0880956
772 -0.0870976 -0.0850573
773 -0.083744 -0.0816833
774 -0.0800599 -0.0779869
775 -0.0760599 -0.0739827
776 -0.0717596 -0.0696866
777 -0.0671762 -0.0651154
778 -0.0623276 -0.0602873
779 -0.0572331 -0.0552212
780 -0.0519127 -0.0499372
781 -0.0463874 -0.0444562
782 -0.0406791 -0.0387996
783 -0.0348102 -0.03299
784 -0.0288039 -0.0270501
785 -0.022684 -0.0210035
786 -0.0164745 -0.014874
787 -0.0102 -0.00868586
788 -0.00388527 -0.00246338
789 0.0024448 0.00376881
790 0.00876523 0.00998613
791 0.0150511 0.016164
792 0.0212775 0.0222782
793 0.02742 0.0283044
794 0.0334542 0.0342188
795 0.0393564 0.0399983
796 0.0451033 0.0456199
797 0.0506722 0.0510614
798 0.0560411 0.0563015
799 0.0611889 0.0613193
800 0.0660951 0.0660951
801 0.0707406 0.0706101
802 0.0751068 0.0748465
803 0.0791766 0.0787874
804 0.082934 0.0824174
805 0.086364 0.0857221
806 0.0894532 0.0886886
807 0.0921894 0.091305
808 0.0945617 0.0935611
809 0.0965609 0.0954479
810 0.098179 0.0969581
811 0.0994096 0.0980856
812 0.100248 0.098826
813 0.10069 0.0991763
814 0.100736 0.0991353
815 0.100383 0.098703
816 0.099635 0.0978812
817 0.0984933 0.0966731
818 0.096963 0.0950835
819 0.0950499 0.0931187
820 0.0927618 0.0907863
821 0.0901075 0.0880956
822 0.0870976 0.0850573
823 0.083744 0.0816833
824 0.0800599 0.0779869
825 0.0760599 0.0739827
826 0.0717596 0.0696866
827 0.0671762 0.0651154
828 0.0623276 0.0602873
829 0.0572331 0.0552212
830 0.0519127 0.0499372
831 0.0463874 0.0444562
832 0.0406791 0.0387996
833 0.0348102 0.03299
834 0.0288039 0.0270501
835 0.022684 0.0210035
836 0.0164745 0.014874
837 0.0102 0.00868586
838 0.00388527 0.00246338
839 -0.0024448 -0.00376881
840 -0.00876523 -0.00998613
841 -0.0150511 -0.016164
842 -0.0212775 -0.0222782
843 -0.02742 -0.0283044
844 -0.0334542 -0.0342188
845 -0.0393564 -0.0399983
846 -0.0451033 -0.0456199
847 -0.0506722 -0.0510614
848 -0.0560411 -0.0563015
849 -0.0611889 -0.0613193
850 -0.0660951 -0.0660951
851 -0.0707406 -0.0706101
852 -0.0751068 -0.0748465
853 -0.0791766 -0.0787874
854 -0.082934 -0.0824174
855 -0.086364 -0.0857221
856 -0.0894532 -0.0886886
857 -0.0921894 -0.091305
858 -0.0945617 -0.0935611
859 -0.0965609 -0.0954479
860 -0.098179 -0.0969581
861 -0.0994096 -0.0980856
862 -0.100248 -0.098826
863 -0.10069 -0.0991763
864 -0.100736 -0.0991353
865 -0.100383 -0.098703
866 -0.099635 -0.0978812
867 -0.0984933 -0.0966731
868 -0.096963 -0.0950835
869 -0.0950499 -0.0931187
870 -0.0927618 -0.0907863
871 -0.0901075 -0.0880956
872 -0.0870976 -0.0850573
873 -0.083744 -0.0816833
874 -0.0800599 -0.0779869
875 -0.0760599 -0.0739827
876 -0.0717596 -0.0696866
877 -0.0671762 -0.0651154
878 -0.0623276 -0.0602873
879 -0.0572331 -0.0552212
880 -0.0519127 -0.0499372
881 -0.0463874 -0.0444562
882 -0.0406791 -0.0387996
883 -0.0348102 -0.03299
884 -0.0288039 -0.0270501
885 -0.022684 -0.0210035
886 -0.0164745 -0.014874
887 -0.0102 -0.00868586
888 -0.00388527 -0.00246338
889 0.0024448 0.00376881
890 0.00876523 0.00998613
891 0.0150511 0.016164
892 0.0212775 0.0222782
893 0.02742 0.0283044
894 0.0334542 0.0342188
895 0.0393564 0.0399983
896 0.0451033 0.0456199
897 0.0506722 0.0510614
898 0.0560411 0.0563015
899 0.0611889 0.0613193
900 0.0660951 0.0660951
901 0.0707406 0.0706101
902 0.0751068 0.0748465
903 0.0791766 0.0787874
904 0.082934 0.0824174
905 0.086364 0.0857221
906 0.0894532 0.0886886
907 0.0921894 0.091305
908 0.0945617 0.0935611
909 0.0965609 0.0954479
910 0.098179 0.0969581
911 0.0994096 0.0980856
912 0.100248 0.098826
913 0.10069 0.0991763
914 0.100736 0.0991353
915 0.100383 0.098703
916 0.099635 0.0978812
917 0.0984933 0.0966731
918 0.096963 0.0950835
919 0.0950499 0.0931187
920 0.0927618 0.0907863
921 0.0901075 0.0880956
922 0.0870976 0.0850573
923 0.083744 0.0816833
924 0.0800599 0.0779869
925 0.0760599 0.0739827
926 0.0717596 0.0696866
927 0.0671762 0.0651154
928 0.0623276 0.0602873
929 0.0572331 0.0552212
930 0.0519127 0.0499372
931 0.0463874 0.0444562
932 0.0406791 0.0387996
933 0.0348102 0.03299
934 0.0288039 0.0270501
935 0.022684 0.0210035
936 0.0164745 0.014874
937 0.0102 0.00868586
938 0.00388527 0.00246338
939 -0.0024448 -0.00376881
940 -0.00876523 -0.00998613
941 -0.0150511 -0.016164
942 -0.0212775 -0.0222782
943 -0.02742 -0.0283044
944 -0.0334542 -0.0342188
945 -0.0393564 -0.0399983
946 -0.0451033 -0.0456199
947 -0.0506722 -0.0510614
948 -0.0560411 -0.0563015
949 -0.0611889 -0.0613193
950 -0.0660951 -0.0660951
951 -0.0707406 -0.0706101
952 -0.0751068 -0.0748465
953 -0.0791766 -0.0787874
954 -0.082934 -0.0824174
955 -0.086364 -0.0857221
956 -0.0894532 -0.0886886
957 -0.0921894 -0.091305
958 -0.0945617 -0.0935611
959 -0.0965609 -0.0954479
960 -0.098179 -0.0969581
961 -0.0994096 -0.0980856
962 -0.100248 -0.098826
963 -0.10069 -0.0991763
964 -0.100736 -0.0991353
965 -0.100383 -0.098703
966 -0.099635 -0.0978812
967 -0.0984933 -0.0966731
968 -0.096963 -0.0950835
969 -0.0950499 -0.0931187
970 -0.0927618 -0.0907863
971 -0.0901075 -0.0880956
972 -0.0870976 -0.0850573
973 -0.083744 -0.0816833
974 -0.0800599 -0.0779869
975 -0.0760599 -0.0739827
976 -0.0717596 -0.0696866
977 -0.0671762 -0.0651154
978 -0.0623276 -0.0602873
979 -0.0572331 -0.0552212
980 -0.0519127 -0.0499372
981 -0.0463874 -0.0444562
982 -0.0406791 -0.0387996
983 -0.0348102 -0.03299
984 -0.0288039 -0.0270501
985 -0.022684 -0.0210035
986 -0.0164745 -0.014874
987 -0.0102 -0.00868586
988 -0.00388527 -0.00246338
989 0.0024448 0.00376881
990 0.00876523 0.00998613
991 0.0150511 0.016164
992 0.0212775 0.0222782
993 0.02742 0.0283044
994 0.0334542 0.0342188
995 0.0393564 0.0399983
996 0.0451033 0.0456199
997 0.0506722 0.0510614
998 0.0560411 0.0563015
999 0.0611889 0.0613193
