0 0.0973256 0.0973256
1 0.0986624 0.0984703
2 0.0996098 0.0992265
3 0.100164 0.099591
4 0.100323 0.0995625
5 0.100086 0.0991411
6 0.0994543 0.0983284
7 0.0984299 0.0971276
8 0.097017 0.0955436
9 0.0952213 0.0935824
10 0.0930498 0.091252
11 0.090511 0.0885614
12 0.087615 0.0855213
13 0.0843733 0.0821437
14 0.0807985 0.0784418
15 0.0769049 0.0744305
16 0.0727078 0.0701254
17 0.0682237 0.0655435
18 0.0634704 0.0607029
19 0.0584666 0.0556228
20 0.0532321 0.0503232
21 0.0477875 0.044825
22 0.0421543 0.0391499
23 0.0363547 0.0333202
24 0.0304116 0.0273591
25 0.0243485 0.02129
26 0.0181894 0.0151368
27 0.0119584 0.00892396
28 0.00568027 0.00267587
29 -0.000620293 -0.00358278
30 -0.00691841 -0.00982729
31 -0.0131892 -0.016033
32 -0.019408 -0.0221755
33 -0.0255502 -0.0282304
34 -0.0315915 -0.0341739
35 -0.0375081 -0.0399826
36 -0.0432768 -0.0456334
37 -0.0488746 -0.0511042
38 -0.0542796 -0.0563733
39 -0.0594703 -0.0614199
40 -0.0644263 -0.0662241
41 -0.0691281 -0.070767
42 -0.073557 -0.0750305
43 -0.0776957 -0.078998
44 -0.0815277 -0.0826537
45 -0.085038 -0.0859832
46 -0.0882127 -0.0889733
47 -0.0910392 -0.0916123
48 -0.0935064 -0.0938898
49 -0.0956047 -0.0957967
50 -0.0973256 -0.0973256
51 -0.0986624 -0.0984703
52 -0.0996098 -0.0992265
53 -0.100164 -0.099591
54 -0.100323 -0.0995625
55 -0.100086 -0.0991411
56 -0.0994543 -0.0983284
57 -0.0984299 -0.0971276
58 -0.097017 -0.0955436
59 -0.0952213 -0.0935824
60 -0.0930498 -0.091252
61 -0.090511 -0.0885614
62 -0.087615 -0.0855213
63 -0.0843733 -0.0821437
64 -0.0807985 -0.0784418
65 -0.0769049 -0.0744305
66 -0.0727078 -0.0701254
67 -0.0682237 -0.0655435
68 -0.0634704 -0.0607029
69 -0.0584666 -0.0556228
70 -0.0532321 -0.0503232
71 -0.0477875 -0.044825
72 -0.0421543 -0.0391499
73 -0.0363547 -0.0333202
74 -0.0304116 -0.0273591
75 -0.0243485 -0.02129
76 -0.0181894 -0.0151368
77 -0.0119584 -0.00892396
78 -0.00568027 -0.00267587
79 0.000620293 0.00358278
80 0.00691841 0.00982729
81 0.0131892 0.016033
82 0.019408 0.0221755
83 0.0255502 0.0282304
84 0.0315915 0.0341739
85 0.0375081 0.0399826
86 0.0432768 0.0456334
87 0.0488746 0.0511042
88 0.0542796 0.0563733
89 0.0594703 0.0614199
90 0.0644263 0.0662241
91 0.0691281 0.070767
92 0.073557 0.0750305
93 0.0776957 0.078998
94 0.0815277 0.0826537
95 0.085038 0.0859832
96 0.0882127 0.0889733
97 0.0910392 0.0916123
98 0.0935064 0.0938898
99 0.0956047 0.0957967
100 0.0973256 0.0973256
101 0.0986624 0.0984703
102 0.0996098 0.0992265
103 0.100164 0.099591
104 0.100323 0.0995625
105 0.100086 0.0991411
106 0.0994543 0.0983284
107 0.0984299 0.0971276
108 0.097017 0.0955436
109 0.0952213 0.0935824
110 0.0930498 0.091252
111 0.090511 0.0885614
112 0.087615 0.0855213
113 0.0843733 0.0821437
114 0.0807985 0.0784418
115 0.0769049 0.0744305
116 0.0727078 0.0701254
117 0.0682237 0.0655435
118 0.0634704 0.0607029
119 0.0584666 0.0556228
120 0.0532321 0.0503232
121 0.0477875 0.044825
122 0.0421543 0.0391499
123 0.0363547 0.0333202
124 0.0304116 0.0273591
125 0.0243485 0.02129
126 0.0181894 0.0151368
127 0.0119584 0.00892396
128 0.00568027 0.00267587
129 -0.000620293 -0.00358278
130 -0.00691841 -0.00982729
131 -0.0131892 -0.016033
132 -0.019408 -0.0221755
133 -0.0255502 -0.0282304
134 -0.0315915 -0.0341739
135 -0.0375081 -0.0399826
136 -0.0432768 -0.0456334
137 -0.0488746 -0.0511042
138 -0.0542796 -0.0563733
139 -0.0594703 -0.0614199
140 -0.0644263 -0.0662241
141 -0.0691281 -0.070767
142 -0.073557 -0.0750305
143 -0.0776957 -0.078998
144 -0.0815277 -0.0826537
145 -0.085038 -0.0859832
146 -0.0882127 -0.0889733
147 -0.0910392 -0.0916123
148 -0.0935064 -0.0938898
149 -0.0956047 -0.0957967
150 -0.0973256 -0.0973256
151 -0.0986624 -0.0984703
152 -0.0996098 -0.0992265
153 -0.100164 -0.099591
154 -0.100323 -0.0995625
155 -0.100086 -0.0991411
156 -0.0994543 -0.0983284
157 -0.0984299 -0.0971276
158 -0.097017 -0.0955436
159 -0.0952213 -0.0935824
160 -0.0930498 -0.091252
161 -0.090511 -0.0885614
162 -0.087615 -0.0855213
163 -0.0843733 -0.0821437
164 -0.0807985 -0.0784418
165 -0.0769049 -0.0744305
166 -0.0727078 -0.0701254
167 -0.0682237 -0.0655435
168 -0.0634704 -0.0607029
169 -0.0584666 -0.0556228
170 -0.0532321 -0.0503232
171 -0.0477875 -0.044825
172 -0.0421543 -0.0391499
173 -0.0363547 -0.0333202
174 -0.0304116 -0.0273591
175 -0.0243485 -0.02129
176 -0.0181894 -0.0151368
177 -0.0119584 -0.00892396
178 -0.00568027 -0.00267587
179 0.000620293 0.00358278
180 0.00691841 0.00982729
181 0.0131892 0.016033
182 0.019408 0.0221755
183 0.0255502 0.0282304
184 0.0315915 0.0341739
185 0.0375081 0.0399826
186 0.0432768 0.0456334
187 0.0488746 0.0511042
188 0.0542796 0.0563733
189 0.0594703 0.0614199
190 0.0644263 0.0662241
191 0.0691281 0.070767
192 0.073557 0.0750305
193 0.0776957 0.078998
194 0.0815277 0.0826537
195 0.085038 0.0859832
196 0.0882127 0.0889733
197 0.0910392 0.0916123
198 0.0935064 0.0938898
199 0.0956047 0.0957967
200 0.0973256 0.0973256
201 0.0986624 0.0984703
202 0.0996098 0.0992265
203 0.100164 0.099591
204 0.100323 0.0995625
205 0.100086 0.0991411
206 0.0994543 0.0983284
207 0.0984299 0.0971276
208 0.097017 0.0955436
209 0.0952213 0.0935824
210 0.0930498 0.091252
211 0.090511 0.0885614
212 0.087615 0.0855213
213 0.0843733 0.0821437
214 0.0807985 0.0784418
215 0.0769049 0.0744305
216 0.0727078 0.0701254
217 0.0682237 0.0655435
218 0.0634704 0.0607029
219 0.0584666 0.0556228
220 0.0532321 0.0503232
221 0.0477875 0.044825
222 0.0421543 0.0391499
223 0.0363547 0.0333202
224 0.0304116 0.0273591
225 0.0243485 0.02129
226 0.0181894 0.0151368
227 0.0119584 0.00892396
228 0.00568027 0.00267587
229 -0.000620293 -0.00358278
230 -0.00691841 -0.00982729
231 -0.0131892 -0.016033
232 -0.019408 -0.0221755
233 -0.0255502 -0.0282304
234 -0.0315915 -0.0341739
235 -0.0375081 -0.0399826
236 -0.0432768 -0.0456334
237 -0.0488746 -0.0511042
238 -0.0542796 -0.0563733
239 -0.0594703 -0.0614199
240 -0.0644263 -0.0662241
241 -0.0691281 -0.070767
242 -0.073557 -0.0750305
243 -0.0776957 -0.078998
244 -0.0815277 -0.0826537
245 -0.085038 -0.0859832
246 -0.0882127 -0.0889733
247 -0.0910392 -0.0916123
248 -0.0935064 -0.0938898
249 -0.0956047 -0.0957967
250 -0.0973256 -0.0973256
251 -0.0986624 -0.0984703
252 -0.0996098 -0.0992265
253 -0.100164 -0.099591
254 -0.100323 -0.0995625
255 -0.100086 -0.0991411
256 -0.0994543 -0.0983284
257 -0.0984299 -0.0971276
258 -0.097017 -0.0955436
259 -0.0952213 -0.0935824
260 -0.0930498 -0.091252
261 -0.090511 -0.0885614
262 -0.087615 -0.0855213
263 -0.0843733 -0.0821437
264 -0.0807985 -0.0784418
265 -0.0769049 -0.0744305
266 -0.0727078 -0.0701254
267 -0.0682237 -0.0655435
268 -0.0634704 -0.0607029
269 -0.0584666 -0.0556228
270 -0.0532321 -0.0503232
271 -0.0477875 -0.044825
272 -0.0421543 -0.0391499
273 -0.0363547 -0.0333202
274 -0.0304116 -0.0273591
275 -0.0243485 -0.02129
276 -0.0181894 -0.0151368
277 -0.0119584 -0.00892396
278 -0.00568027 -0.00267587
279 0.000620293 0.00358278
280 0.00691841 0.00982729
281 0.0131892 0.016033
282 0.019408 0.0221755
283 0.0255502 0.0282304
284 0.0315915 0.0341739
285 0.0375081 0.0399826
286 0.0432768 0.0456334
287 0.0488746 0.0511042
288 0.0542796 0.0563733
289 0.0594703 0.0614199
290 0.0644263 0.0662241
291 0.0691281 0.070767
292 0.073557 0.0750305
293 0.0776957 0.078998
294 0.0815277 0.0826537
295 0.085038 0.0859832
296 0.0882127 0.0889733
297 0.0910392 0.0916123
298 0.0935064 0.0938898
299 0.0956047 0.0957967
300 0.0973256 0.0973256
301 0.0986624 0.0984703
302 0.0996098 0.0992265
303 0.100164 0.099591
304 0.100323 0.0995625
305 0.100086 0.0991411
306 0.0994543 0.0983284
307 0.0984299 0.0971276
308 0.097017 0.0955436
309 0.0952213 0.0935824
310 0.0930498 0.091252
311 0.090511 0.0885614
312 0.087615 0.0855213
313 0.0843733 0.0821437
314 0.0807985 0.0784418
315 0.0769049 0.0744305
316 0.0727078 0.0701254
317 0.0682237 0.0655435
318 0.0634704 0.0607029
319 0.0584666 0.0556228
320 0.0532321 0.0503232
321 0.0477875 0.044825
322 0.0421543 0.0391499
323 0.0363547 0.0333202
324 0.0304116 0.0273591
325 0.0243485 0.02129
326 0.0181894 0.0151368
327 0.0119584 0.00892396
328 0.00568027 0.00267587
329 -0.000620293 -0.00358278
330 -0.00691841 -0.00982729
331 -0.0131892 -0.016033
332 -0.019408 -0.0221755
333 -0.0255502 -0.0282304
334 -0.0315915 -0.0341739
335 -0.0375081 -0.0399826
336 -0.0432768 -0.0456334
337 -0.0488746 -0.0511042
338 -0.0542796 -0.0563733
339 -0.0594703 -0.0614199
340 -0.0644263 -0.0662241
341 -0.0691281 -0.070767
342 -0.073557 -0.0750305
343 -0.0776957 -0.078998
344 -0.0815277 -0.0826537
345 -0.085038 -0.0859832
346 -0.0882127 -0.0889733
347 -0.0910392 -0.0916123
348 -0.0935064 -0.0938898
349 -0.0956047 -0.0957967
350 -0.0973256 -0.0973256
351 -0.0986624 -0.0984703
352 -0.0996098 -0.0992265
353 -0.100164 -0.099591
354 -0.100323 -0.0995625
355 -0.100086 -0.0991411
356 -0.0994543 -0.0983284
357 -0.0984299 -0.0971276
358 -0.097017 -0.0955436
359 -0.0952213 -0.0935824
360 -0.0930498 -0.091252
361 -0.090511 -0.0885614
362 -0.087615 -0.0855213
363 -0.0843733 -0.0821437
364 -0.0807985 -0.0784418
365 -0.0769049 -0.0744305
366 -0.0727078 -0.0701254
367 -0.0682237 -0.0655435
368 -0.0634704 -0.0607029
369 -0.0584666 -0.0556228
370 -0.0532321 -0.0503232
371 -0.0477875 -0.044825
372 -0.0421543 -0.0391499
373 -0.0363547 -0.0333202
374 -0.0304116 -0.0273591
375 -0.0243485 -0.02129
376 -0.0181894 -0.0151368
377 -0.0119584 -0.00892396
378 -0.00568027 -0.00267587
379 0.000620293 0.00358278
380 0.00691841 0.00982729
381 0.0131892 0.016033
382 0.019408 0.0221755
383 0.0255502 0.0282304
384 0.0315915 0.0341739
385 0.0375081 0.0399826
386 0.0432768 0.0456334
387 0.0488746 0.0511042
388 0.0542796 0.0563733
389 0.0594703 0.0614199
390 0.0644263 0.0662241
391 0.0691281 0.070767
392 0.073557 0.0750305
393 0.0776957 0.078998
394 0.0815277 0.0826537
395 0.085038 0.0859832
396 0.0882127 0.0889733
397 0.0910392 0.0916123
398 0.0935064 0.0938898
399 0.0956047 0.0957967
400 0.0973256 0.0973256
401 0.0986624 0.0984703
402 0.0996098 0.0992265
403 0.100164 0.099591
404 0.100323 0.0995625
405 0.100086 0.0991411
406 0.0994543 0.0983284
407 0.0984299 0.0971276
408 0.097017 0.0955436
409 0.0952213 0.0935824
410 0.0930498 0.091252
411 0.090511 0.0885614
412 0.087615 0.0855213
413 0.0843733 0.0821437
414 0.0807985 0.0784418
415 0.0769049 0.0744305
416 0.0727078 0.0701254
417 0.0682237 0.0655435
418 0.0634704 0.0607029
419 0.0584666 0.0556228
420 0.0532321 0.0503232
421 0.0477875 0.044825
422 0.0421543 0.0391499
423 0.0363547 0.0333202
424 0.0304116 0.0273591
425 0.0243485 0.02129
426 0.0181894 0.0151368
427 0.0119584 0.00892396
428 0.00568027 0.00267587
429 -0.000620293 -0.00358278
430 -0.00691841 -0.00982729
431 -0.0131892 -0.016033
432 -0.019408 -0.0221755
433 -0.0255502 -0.0282304
434 -0.0315915 -0.0341739
435 -0.0375081 -0.0399826
436 -0.0432768 -0.0456334
437 -0.0488746 -0.0511042
438 -0.0542796 -0.0563733
439 -0.0594703 -0.0614199
440 -0.0644263 -0.0662241
441 -0.0691281 -0.070767
442 -0.073557 -0.0750305
443 -0.0776957 -0.078998
444 -0.0815277 -0.0826537
445 -0.085038 -0.0859832
446 -0.0882127 -0.0889733
447 -0.0910392 -0.0916123
448 -0.0935064 -0.0938898
449 -0.0956047 -0.0957967
450 -0.0973256 -0.0973256
451 -0.0986624 -0.0984703
452 -0.0996098 -0.0992265
453 -0.100164 -0.099591
454 -0.100323 -0.0995625
455 -0.100086 -0.0991411
456 -0.0994543 -0.0983284
457 -0.0984299 -0.0971276
458 -0.097017 -0.0955436
459 -0.0952213 -0.0935824
460 -0.0930498 -0.091252
461 -0.090511 -0.0885614
462 -0.087615 -0.0855213
463 -0.0843733 -0.0821437
464 -0.0807985 -0.0784418
465 -0.0769049 -0.0744305
466 -0.0727078 -0.0701254
467 -0.0682237 -0.0655435
468 -0.0634704 -0.0607029
469 -0.0584666 -0.0556228
470 -0.0532321 -0.0503232
471 -0.0477875 -0.044825
472 -0.0421543 -0.0391499
473 -0.0363547 -0.0333202
474 -0.0304116 -0.0273591
475 -0.0243485 -0.02129
476 -0.0181894 -0.0151368
477 -0.0119584 -0.00892396
478 -0.00568027 -0.00267587
479 0.000620293 0.00358278
480 0.00691841 0.00982729
481 0.0131892 0.016033
482 0.019408 0.0221755
483 0.0255502 0.0282304
484 0.0315915 0.0341739
485 0.0375081 0.0399826
486 0.0432768 0.0456334
487 0.0488746 0.0511042
488 0.0542796 0.0563733
489 0.0594703 0.0614199
490 0.0644263 0.0662241
491 0.0691281 0.070767
492 0.073557 0.0750305
493 0.0776957 0.078998
494 0.0815277 0.0826537
495 0.085038 0.0859832
496 0.0882127 0.0889733
497 0.0910392 0.0916123
498 0.0935064 0.0938898
499 0.0956047 0.0957967
500 0.0973256 0.0973256
501 0.0986624 0.0984703
502 0.0996098 0.0992265
503 0.100164 0.099591
504 0.100323 0.0995625
505 0.100086 0.0991411
506 0.0994543 0.0983284
507 0.0984299 0.0971276
508 0.097017 0.0955436
509 0.0952213 0.0935824
510 0.0930498 0.091252
511 0.090511 0.0885614
512 0.087615 0.0855213
513 0.0843733 0.0821437
514 0.0807985 0.0784418
515 0.0769049 0.0744305
516 0.0727078 0.0701254
517 0.0682237 0.0655435
518 0.0634704 0.0607029
519 0.0584666 0.0556228
520 0.0532321 0.0503232
521 0.0477875 0.044825
522 0.0421543 0.0391499
523 0.0363547 0.0333202
524 0.0304116 0.0273591
525 0.0243485 0.02129
526 0.0181894 0.0151368
527 0.0119584 0.00892396
528 0.00568027 0.00267587
529 -0.000620293 -0.00358278
530 -0.00691841 -0.00982729
531 -0.0131892 -0.016033
532 -0.019408 -0.0221755
533 -0.0255502 -0.0282304
534 -0.0315915 -0.0341739
535 -0.0375081 -0.0399826
536 -0.0432768 -0.0456334
537 -0.0488746 -0.0511042
538 -0.0542796 -0.0563733
539 -0.0594703 -0.0614199
540 -0.0644263 -0.0662241
541 -0.0691281 -0.070767
542 -0.073557 -0.0750305
543 -0.0776957 -0.078998
544 -0.0815277 -0.0826537
545 -0.085038 -0.0859832
546 -0.0882127 -0.0889733
547 -0.0910392 -0.0916123
548 -0.0935064 -0.0938898
549 -0.0956047 -0.0957967
550 -0.0973256 -0.0973256
551 -0.0986624 -0.0984703
552 -0.0996098 -0.0992265
553 -0.100164 -0.099591
554 -0.100323 -0.0995625
555 -0.100086 -0.0991411
556 -0.0994543 -0.0983284
557 -0.0984299 -0.0971276
558 -0.097017 -0.0955436
559 -0.0952213 -0.0935824
560 -0.0930498 -0.091252
561 -0.090511 -0.0885614
562 -0.087615 -0.0855213
563 -0.0843733 -0.0821437
564 -0.0807985 -0.0784418
565 -0.0769049 -0.0744305
566 -0.0727078 -0.0701254
567 -0.0682237 -0.0655435
568 -0.0634704 -0.0607029
569 -0.0584666 -0.0556228
570 -0.0532321 -0.0503232
571 -0.0477875 -0.044825
572 -0.0421543 -0.0391499
573 -0.0363547 -0.0333202
574 -0.0304116 -0.0273591
575 -0.0243485 -0.02129
576 -0.0181894 -0.0151368
577 -0.0119584 -0.00892396
578 -0.00568027 -0.00267587
579 0.000620293 0.00358278
580 0.00691841 0.00982729
581 0.0131892 0.016033
582 0.019408 0.0221755
583 0.0255502 0.0282304
584 0.0315915 0.0341739
585 0.0375081 0.0399826
586 0.0432768 0.0456334
587 0.0488746 0.0511042
588 0.0542796 0.0563733
589 0.0594703 0.0614199
590 0.0644263 0.0662241
591 0.0691281 0.070767
592 0.073557 0.0750305
593 0.0776957 0.078998
594 0.0815277 0.0826537
595 0.085038 0.0859832
596 0.0882127 0.0889733
597 0.0910392 0.0916123
598 0.0935064 0.0938898
599 0.0956047 0.0957967
600 0.0973256 0.0973256
601 0.0986624 0.0984703
602 0.0996098 0.0992265
603 0.100164 0.099591
604 0.100323 0.0995625
605 0.100086 0.0991411
606 0.0994543 0.0983284
607 0.0984299 0.0971276
608 0.097017 0.0955436
609 0.0952213 0.0935824
610 0.0930498 0.091252
611 0.090511 0.0885614
612 0.087615 0.0855213
613 0.0843733 0.0821437
614 0.0807985 0.0784418
615 0.0769049 0.0744305
616 0.0727078 0.0701254
617 0.0682237 0.0655435
618 0.0634704 0.0607029
619 0.0584666 0.0556228
620 0.0532321 0.0503232
621 0.0477875 0.044825
622 0.0421543 0.0391499
623 0.0363547 0.0333202
624 0.0304116 0.0273591
625 0.0243485 0.02129
626 0.0181894 0.0151368
627 0.0119584 0.00892396
628 0.00568027 0.00267587
629 -0.000620293 -0.00358278
630 -0.00691841 -0.00982729
631 -0.0131892 -0.016033
632 -0.019408 -0.0221755
633 -0.0255502 -0.0282304
634 -0.0315915 -0.0341739
635 -0.0375081 -0.0399826
636 -0.0432768 -0.0456334
637 -0.0488746 -0.0511042
638 -0.0542796 -0.0563733
639 -0.0594703 -0.0614199
640 -0.0644263 -0.0662241
641 -0.0691281 -0.070767
642 -0.073557 -0.0750305
643 -0.0776957 -0.078998
644 -0.0815277 -0.0826537
645 -0.085038 -0.0859832
646 -0.0882127 -0.0889733
647 -0.0910392 -0.0916123
648 -0.0935064 -0.0938898
649 -0.0956047 -0.0957967
650 -0.0973256 -0.0973256
651 -0.0986624 -0.0984703
652 -0.0996098 -0.0992265
653 -0.100164 -0.099591
654 -0.100323 -0.0995625
655 -0.100086 -0.0991411
656 -0.0994543 -0.0983284
657 -0.0984299 -0.0971276
658 -0.097017 -0.0955436
659 -0.0952213 -0.0935824
660 -0.0930498 -0.091252
661 -0.090511 -0.0885614
662 -0.087615 -0.0855213
663 -0.0843733 -0.0821437
664 -0.0807985 -0.0784418
665 -0.0769049 -0.0744305
666 -0.0727078 -0.0701254
667 -0.0682237 -0.0655435
668 -0.0634704 -0.0607029
669 -0.0584666 -0.0556228
670 -0.0532321 -0.0503232
671 -0.0477875 -0.044825
672 -0.0421543 -0.0391499
673 -0.0363547 -0.0333202
674 -0.0304116 -0.0273591
675 -0.0243485 -0.02129
676 -0.0181894 -0.0151368
677 -0.0119584 -0.00892396
678 -0.00568027 -0.00267587
679 0.000620293 0.00358278
680 0.00691841 0.00982729
681 0.0131892 0.016033
682 0.019408 0.0221755
683 0.0255502 0.0282304
684 0.0315915 0.0341739
685 0.0375081 0.0399826
686 0.0432768 0.0456334
687 0.0488746 0.0511042
688 0.0542796 0.0563733
689 0.0594703 0.0614199
690 0.0644263 0.0662241
691 0.0691281 0.070767
692 0.073557 0.0750305
693 0.0776957 0.078998
694 0.0815277 0.0826537
695 0.085038 0.0859832
696 0.0882127 0.0889733
697 0.0910392 0.0916123
698 0.0935064 0.0938898
699 0.0956047 0.0957967
700 0.0973256 0.0973256
701 0.0986624 0.0984703
702 0.0996098 0.0992265
703 0.100164 0.099591
704 0.100323 0.0995625
705 0.100086 0.0991411
706 0.0994543 0.0983284
707 0.0984299 0.0971276
708 0.097017 0.0955436
709 0.0952213 0.0935824
710 0.0930498 0.091252
711 0.090511 0.0885614
712 0.087615 0.0855213
713 0.0843733 0.0821437
714 0.0807985 0.0784418
715 0.0769049 0.0744305
716 0.0727078 0.0701254
717 0.0682237 0.0655435
718 0.0634704 0.0607029
719 0.0584666 0.0556228
720 0.0532321 0.0503232
721 0.0477875 0.044825
722 0.0421543 0.0391499
723 0.0363547 0.0333202
724 0.0304116 0.0273591
725 0.0243485 0.02129
726 0.0181894 0.0151368
727 0.0119584 0.00892396
728 0.00568027 0.00267587
729 -0.000620293 -0.00358278
730 -0.00691841 -0.00982729
731 -0.0131892 -0.016033
732 -0.019408 -0.0221755
733 -0.0255502 -0.0282304
734 -0.0315915 -0.0341739
735 -0.0375081 -0.0399826
736 -0.0432768 -0.0456334
737 -0.0488746 -0.0511042
738 -0.0542796 -0.0563733
739 -0.0594703 -0.0614199
740 -0.0644263 -0.0662241
741 -0.0691281 -0.070767
742 -0.073557 -0.0750305
743 -0.0776957 -0.078998
744 -0.0815277 -0.0826537
745 -0.085038 -0.0859832
746 -0.0882127 -0.0889733
747 -0.0910392 -0.0916123
748 -0.0935064 -0.0938898
749 -0.0956047 -0.0957967
750 -0.0973256 -0.0973256
751 -0.0986624 -0.0984703
752 -0.0996098 -0.0992265
753 -0.100164 -0.099591
754 -0.100323 -0.0995625
755 -0.100086 -0.0991411
756 -0.0994543 -0.0983284
757 -0.0984299 -0.0971276
758 -0.097017 -0.0955436
759 -0.0952213 -0.0935824
760 -0.0930498 -0.091252
761 -0.090511 -0.0885614
762 -0.087615 -0.0855213
763 -0.0843733 -0.0821437
764 -0.0807985 -0.0784418
765 -0.0769049 -0.0744305
766 -0.0727078 -0.0701254
767 -0.0682237 -0.0655435
768 -0.0634704 -0.0607029
769 -0.0584666 -0.0556228
770 -0.0532321 -0.0503232
771 -0.0477875 -0.044825
772 -0.0421543 -0.0391499
773 -0.0363547 -0.0333202
774 -0.0304116 -0.0273591
775 -0.0243485 -0.02129
776 -0.0181894 -0.0151368
777 -0.0119584 -0.00892396
778 -0.00568027 -0.00267587
779 0.000620293 0.00358278
780 0.00691841 0.00982729
781 0.0131892 0.016033
782 0.019408 0.0221755
783 0.0255502 0.0282304
784 0.0315915 0.0341739
785 0.0375081 0.0399826
786 0.0432768 0.0456334
787 0.0488746 0.0511042
788 0.0542796 0.0563733
789 0.0594703 0.0614199
790 0.0644263 0.0662241
791 0.0691281 0.070767
792 0.073557 0.0750305
793 0.0776957 0.078998
794 0.0815277 0.0826537
795 0.085038 0.0859832
796 0.0882127 0.0889733
797 0.0910392 0.0916123
798 0.0935064 0.0938898
799 0.0956047 0.0957967
800 0.0973256 0.0973256
801 0.0986624 0.0984703
802 0.0996098 0.0992265
803 0.100164 0.099591
804 0.100323 0.0995625
805 0.100086 0.0991411
806 0.0994543 0.0983284
807 0.0984299 0.0971276
808 0.097017 0.0955436
809 0.0952213 0.0935824
810 0.0930498 0.091252
811 0.090511 0.0885614
812 0.087615 0.0855213
813 0.0843733 0.0821437
814 0.0807985 0.0784418
815 0.0769049 0.0744305
816 0.0727078 0.0701254
817 0.0682237 0.0655435
818 0.0634704 0.0607029
819 0.0584666 0.0556228
820 0.0532321 0.0503232
821 0.0477875 0.044825
822 0.0421543 0.0391499
823 0.0363547 0.0333202
824 0.0304116 0.0273591
825 0.0243485 0.02129
826 0.0181894 0.0151368
827 0.0119584 0.00892396
828 0.00568027 0.00267587
829 -0.000620293 -0.00358278
830 -0.00691841 -0.00982729
831 -0.0131892 -0.016033
832 -0.019408 -0.0221755
833 -0.0255502 -0.0282304
834 -0.0315915 -0.0341739
835 -0.0375081 -0.0399826
836 -0.0432768 -0.0456334
837 -0.0488746 -0.0511042
838 -0.0542796 -0.0563733
839 -0.0594703 -0.0614199
840 -0.0644263 -0.0662241
841 -0.0691281 -0.070767
842 -0.073557 -0.0750305
843 -0.0776957 -0.078998
844 -0.0815277 -0.0826537
845 -0.085038 -0.0859832
846 -0.0882127 -0.0889733
847 -0.0910392 -0.0916123
848 -0.0935064 -0.0938898
849 -0.0956047 -0.0957967
850 -0.0973256 -0.0973256
851 -0.0986624 -0.0984703
852 -0.0996098 -0.0992265
853 -0.100164 -0.099591
854 -0.100323 -0.0995625
855 -0.100086 -0.0991411
856 -0.0994543 -0.0983284
857 -0.0984299 -0.0971276
858 -0.097017 -0.0955436
859 -0.0952213 -0.0935824
860 -0.0930498 -0.091252
861 -0.090511 -0.0885614
862 -0.087615 -0.0855213
863 -0.0843733 -0.0821437
864 -0.0807985 -0.0784418
865 -0.0769049 -0.0744305
866 -0.0727078 -0.0701254
867 -0.0682237 -0.0655435
868 -0.0634704 -0.0607029
869 -0.0584666 -0.0556228
870 -0.0532321 -0.0503232
871 -0.0477875 -0.044825
872 -0.0421543 -0.0391499
873 -0.0363547 -0.0333202
874 -0.0304116 -0.0273591
875 -0.0243485 -0.02129
876 -0.0181894 -0.0151368
877 -0.0119584 -0.00892396
878 -0.00568027 -0.00267587
879 0.000620293 0.00358278
880 0.00691841 0.00982729
881 0.0131892 0.016033
882 0.019408 0.0221755
883 0.0255502 0.0282304
884 0.0315915 0.0341739
885 0.0375081 0.0399826
886 0.0432768 0.0456334
887 0.0488746 0.0511042
888 0.0542796 0.0563733
889 0.0594703 0.0614199
890 0.0644263 0.0662241
891 0.0691281 0.070767
892 0.073557 0.0750305
893 0.0776957 0.078998
894 0.0815277 0.0826537
895 0.085038 0.0859832
896 0.0882127 0.0889733
897 0.0910392 0.0916123
898 0.0935064 0.0938898
899 0.0956047 0.0957967
900 0.0973256 0.0973256
901 0.0986624 0.0984703
902 0.0996098 0.0992265
903 0.100164 0.099591
904 0.100323 0.0995625
905 0.100086 0.0991411
906 0.0994543 0.0983284
907 0.0984299 0.0971276
908 0.097017 0.0955436
909 0.0952213 0.0935824
910 0.0930498 0.091252
911 0.090511 0.0885614
912 0.087615 0.0855213
913 0.0843733 0.0821437
914 0.0807985 0.0784418
915 0.0769049 0.0744305
916 0.0727078 0.0701254
917 0.0682237 0.0655435
918 0.0634704 0.0607029
919 0.0584666 0.0556228
920 0.0532321 0.0503232
921 0.0477875 0.044825
922 0.0421543 0.0391499
923 0.0363547 0.0333202
924 0.0304116 0.0273591
925 0.0243485 0.02129
926 0.0181894 0.0151368
927 0.0119584 0.00892396
928 0.00568027 0.00267587
929 -0.000620293 -0.00358278
930 -0.00691841 -0.00982729
931 -0.0131892 -0.016033
932 -0.019408 -0.0221755
933 -0.0255502 -0.0282304
934 -0.0315915 -0.0341739
935 -0.0375081 -0.0399826
936 -0.0432768 -0.0456334
937 -0.0488746 -0.0511042
938 -0.0542796 -0.0563733
939 -0.0594703 -0.0614199
940 -0.0644263 -0.0662241
941 -0.0691281 -0.070767
942 -0.073557 -0.0750305
943 -0.0776957 -0.078998
944 -0.0815277 -0.0826537
945 -0.085038 -0.0859832
946 -0.0882127 -0.0889733
947 -0.0910392 -0.0916123
948 -0.0935064 -0.0938898
949 -0.0956047 -0.0957967
950 -0.0973256 -0.0973256
951 -0.0986624 -0.0984703
952 -0.0996098 -0.0992265
953 -0.100164 -0.099591
954 -0.100323 -0.0995625
955 -0.100086 -0.0991411
956 -0.0994543 -0.0983284
957 -0.0984299 -0.0971276
958 -0.097017 -0.0955436
959 -0.0952213 -0.0935824
960 -0.0930498 -0.091252
961 -0.090511 -0.0885614
962 -0.087615 -0.0855213
963 -0.0843733 -0.0821437
964 -0.0807985 -0.0784418
965 -0.0769049 -0.0744305
966 -0.0727078 -0.0701254
967 -0.0682237 -0.0655435
968 -0.0634704 -0.0607029
969 -0.0584666 -0.0556228
970 -0.0532321 -0.0503232
971 -0.0477875 -0.044825
972 -0.0421543 -0.0391499
973 -0.0363547 -0.0333202
974 -0.0304116 -0.0273591
975 -0.0243485 -0.02129
976 -0.0181894 -0.0151368
977 -0.0119584 -0.00892396
978 -0.00568027 -0.00267587
979 0.000620293 0.00358278
980 0.00691841 0.00982729
981 0.0131892 0.016033
982 0.019408 0.0221755
983 0.0255502 0.0282304
984 0.0315915 0.0341739
985 0.0375081 0.0399826
986 0.0432768 0.0456334
987 0.0488746 0.0511042
988 0.0542796 0.0563733
989 0.0594703 0.0614199
990 0.0644263 0.0662241
991 0.0691281 0.070767
992 0.073557 0.0750305
993 0.0776957 0.078998
994 0.0815277 0.0826537
995 0.085038 0.0859832
996 0.0882127 0.0889733
997 0.0910392 0.0916123
998 0.0935064 0.0938898
999 0.0956047 0.0957967
