0 -0.0303687 -0.0303687
1 -0.036321 -0.0362611
2 -0.04213 -0.0420104
3 -0.0477727 -0.0475938
4 -0.0532268 -0.0529895
5 -0.0584709 -0.058176
6 -0.0634843 -0.063133
7 -0.0682471 -0.0678408
8 -0.0727406 -0.0722808
9 -0.076947 -0.0764356
10 -0.0808497 -0.0802887
11 -0.0844333 -0.083825
12 -0.0876837 -0.0870304
13 -0.0905881 -0.0898924
14 -0.093135 -0.0923996
15 -0.0953143 -0.0945422
16 -0.0971174 -0.0963116
17 -0.0985373 -0.097701
18 -0.0995683 -0.0987047
19 -0.100206 -0.0993189
20 -0.100449 -0.0995412
21 -0.100295 -0.0993706
22 -0.0997453 -0.0988078
23 -0.098802 -0.0978551
24 -0.0974687 -0.0965162
25 -0.0957508 -0.0947964
26 -0.093655 -0.0927025
27 -0.0911896 -0.0902427
28 -0.0883643 -0.0874268
29 -0.0851902 -0.0842658
30 -0.08168 -0.0807723
31 -0.0778474 -0.07696
32 -0.0737076 -0.072844
33 -0.0692768 -0.0684405
34 -0.0645727 -0.0637669
35 -0.0596138 -0.0588417
36 -0.0544195 -0.0536842
37 -0.0490105 -0.0483148
38 -0.0434081 -0.0427548
39 -0.0376344 -0.037026
40 -0.0317121 -0.0311512
41 -0.0256647 -0.0251533
42 -0.019516 -0.0190563
43 -0.0132903 -0.012884
44 -0.00701214 -0.00666081
45 -0.000706296 -0.000411378
46 0.00560233 0.00583968
47 0.0118889 0.0120677
48 0.0181285 0.0182481
49 0.0242965 0.0243564
50 0.0303687 0.0303687
51 0.036321 0.0362611
52 0.04213 0.0420104
53 0.0477727 0.0475938
54 0.0532268 0.0529895
55 0.0584709 0.058176
56 0.0634843 0.063133
57 0.0682471 0.0678408
58 0.0727406 0.0722808
59 0.076947 0.0764356
60 0.0808497 0.0802887
61 0.0844333 0.083825
62 0.0876837 0.0870304
63 0.0905881 0.0898924
64 0.093135 0.0923996
65 0.0953143 0.0945422
66 0.0971174 0.0963116
67 0.0985373 0.097701
68 0.0995683 0.0987047
69 0.100206 0.0993189
70 0.100449 0.0995412
71 0.100295 0.0993706
72 0.0997453 0.0988078
73 0.098802 0.0978551
74 0.0974687 0.0965162
75 0.0957508 0.0947964
76 0.093655 0.0927025
77 0.0911896 0.0902427
78 0.0883643 0.0874268
79 0.0851902 0.0842658
80 0.08168 0.0807723
81 0.0778474 0.07696
82 0.0737076 0.072844
83 0.0692768 0.0684405
84 0.0645727 0.0637669
85 0.0596138 0.0588417
86 0.0544195 0.0536842
87 0.0490105 0.0483148
88 0.0434081 0.0427548
89 0.0376344 0.037026
90 0.0317121 0.0311512
91 0.0256647 0.0251533
92 0.019516 0.0190563
93 0.0132903 0.012884
94 0.00701214 0.00666081
95 0.000706296 0.000411378
96 -0.00560233 -0.00583968
97 -0.0118889 -0.0120677
98 -0.0181285 -0.0182481
99 -0.0242965 -0.0243564
100 -0.0303687 -0.0303687
101 -0.036321 -0.0362611
102 -0.04213 -0.0420104
103 -0.0477727 -0.0475938
104 -0.0532268 -0.0529895
105 -0.0584709 -0.058176
106 -0.0634843 -0.063133
107 -0.0682471 -0.0678408
108 -0.0727406 -0.0722808
109 -0.076947 -0.0764356
110 -0.0808497 -0.0802887
111 -0.0844333 -0.083825
112 -0.0876837 -0.0870304
113 -0.0905881 -0.0898924
114 -0.093135 -0.0923996
115 -0.0953143 -0.0945422
116 -0.0971174 -0.0963116
117 -0.0985373 -0.097701
118 -0.0995683 -0.0987047
119 -0.100206 -0.0993189
120 -0.100449 -0.0995412
121 -0.100295 -0.0993706
122 -0.0997453 -0.0988078
123 -0.098802 -0.0978551
124 -0.0974687 -0.0965162
125 -0.0957508 -0.0947964
126 -0.093655 -0.0927025
127 -0.0911896 -0.0902427
128 -0.0883643 -0.0874268
129 -0.0851902 -0.0842658
130 -0.08168 -0.0807723
131 -0.0778474 -0.07696
132 -0.0737076 -0.072844
133 -0.0692768 -0.0684405
134 -0.0645727 -0.0637669
135 -0.0596138 -0.0588417
136 -0.0544195 -0.0536842
137 -0.0490105 -0.0483148
138 -0.0434081 -0.0427548
139 -0.0376344 -0.037026
140 -0.0317121 -0.0311512
141 -0.0256647 -0.0251533
142 -0.019516 -0.0190563
143 -0.0132903 -0.012884
144 -0.00701214 -0.00666081
145 -0.000706296 -0.000411378
146 0.00560233 0.00583968
147 0.0118889 0.0120677
148 0.0181285 0.0182481
149 0.0242965 0.0243564
150 0.0303687 0.0303687
151 0.036321 0.0362611
152 0.04213 0.0420104
153 0.0477727 0.0475938
154 0.0532268 0.0529895
155 0.0584709 0.058176
156 0.0634843 0.063133
157 0.0682471 0.0678408
158 0.0727406 0.0722808
159 0.076947 0.0764356
160 0.0808497 0.0802887
161 0.0844333 0.083825
162 0.0876837 0.0870304
163 0.0905881 0.0898924
164 0.093135 0.0923996
165 0.0953143 0.0945422
166 0.0971174 0.0963116
167 0.0985373 0.097701
168 0.0995683 0.0987047
169 0.100206 0.0993189
170 0.100449 0.0995412
171 0.100295 0.0993706
172 0.0997453 0.0988078
173 0.098802 0.0978551
174 0.0974687 0.0965162
175 0.0957508 0.0947964
176 0.093655 0.0927025
177 0.0911896 0.0902427
178 0.0883643 0.0874268
179 0.0851902 0.0842658
180 0.08168 0.0807723
181 0.0778474 0.07696
182 0.0737076 0.072844
183 0.0692768 0.0684405
184 0.0645727 0.0637669
185 0.0596138 0.0588417
186 0.0544195 0.0536842
187 0.0490105 0.0483148
188 0.0434081 0.0427548
189 0.0376344 0.037026
190 0.0317121 0.0311512
191 0.0256647 0.0251533
192 0.019516 0.0190563
193 0.0132903 0.012884
194 0.00701214 0.00666081
195 0.000706296 0.000411378
196 -0.00560233 -0.00583968
197 -0.0118889 -0.0120677
198 -0.0181285 -0.0182481
199 -0.0242965 -0.0243564
200 -0.0303687 -0.0303687
201 -0.036321 -0.0362611
202 -0.04213 -0.0420104
203 -0.0477727 -0.0475938
204 -0.0532268 -0.0529895
205 -0.0584709 -0.058176
206 -0.0634843 -0.063133
207 -0.0682471 -0.0678408
208 -0.0727406 -0.0722808
209 -0.076947 -0.0764356
210 -0.0808497 -0.0802887
211 -0.0844333 -0.083825
212 -0.0876837 -0.0870304
213 -0.0905881 -0.0898924
214 -0.093135 -0.0923996
215 -0.0953143 -0.0945422
216 -0.0971174 -0.0963116
217 -0.0985373 -0.097701
218 -0.0995683 -0.0987047
219 -0.100206 -0.0993189
220 -0.100449 -0.0995412
221 -0.100295 -0.0993706
222 -0.0997453 -0.0988078
223 -0.098802 -0.0978551
224 -0.0974687 -0.0965162
225 -0.0957508 -0.0947964
226 -0.093655 -0.0927025
227 -0.0911896 -0.0902427
228 -0.0883643 -0.0874268
229 -0.0851902 -0.0842658
230 -0.08168 -0.0807723
231 -0.0778474 -0.07696
232 -0.0737076 -0.072844
233 -0.0692768 -0.0684405
234 -0.0645727 -0.0637669
235 -0.0596138 -0.0588417
236 -0.0544195 -0.0536842
237 -0.0490105 -0.0483148
238 -0.0434081 -0.0427548
239 -0.0376344 -0.037026
240 -0.0317121 -0.0311512
241 -0.0256647 -0.0251533
242 -0.019516 -0.0190563
243 -0.0132903 -0.012884
244 -0.00701214 -0.00666081
245 -0.000706296 -0.000411378
246 0.00560233 0.00583968
247 0.0118889 0.0120677
248 0.0181285 0.0182481
249 0.0242965 0.0243564
250 0.0303687 0.0303687
251 0.036321 0.0362611
252 0.04213 0.0420104
253 0.0477727 0.0475938
254 0.0532268 0.0529895
255 0.0584709 0.058176
256 0.0634843 0.063133
257 0.0682471 0.0678408
258 0.0727406 0.0722808
259 0.076947 0.0764356
260 0.0808497 0.0802887
261 0.0844333 0.083825
262 0.0876837 0.0870304
263 0.0905881 0.0898924
264 0.093135 0.0923996
265 0.0953143 0.0945422
266 0.0971174 0.0963116
267 0.0985373 0.097701
268 0.0995683 0.0987047
269 0.100206 0.0993189
270 0.100449 0.0995412
271 0.100295 0.0993706
272 0.0997453 0.0988078
273 0.098802 0.0978551
274 0.0974687 0.0965162
275 0.0957508 0.0947964
276 0.093655 0.0927025
277 0.0911896 0.0902427
278 0.0883643 0.0874268
279 0.0851902 0.0842658
280 0.08168 0.0807723
281 0.0778474 0.07696
282 0.0737076 0.072844
283 0.0692768 0.0684405
284 0.0645727 0.0637669
285 0.0596138 0.0588417
286 0.0544195 0.0536842
287 0.0490105 0.0483148
288 0.0434081 0.0427548
289 0.0376344 0.037026
290 0.0317121 0.0311512
291 0.0256647 0.0251533
292 0.019516 0.0190563
293 0.0132903 0.012884
294 0.00701214 0.00666081
295 0.000706296 0.000411378
296 -0.00560233 -0.00583968
297 -0.0118889 -0.0120677
298 -0.0181285 -0.0182481
299 -0.0242965 -0.0243564
300 -0.0303687 -0.0303687
301 -0.036321 -0.0362611
302 -0.04213 -0.0420104
303 -0.0477727 -0.0475938
304 -0.0532268 -0.0529895
305 -0.0584709 -0.058176
306 -0.0634843 -0.063133
307 -0.0682471 -0.0678408
308 -0.0727406 -0.0722808
309 -0.076947 -0.0764356
310 -0.0808497 -0.0802887
311 -0.0844333 -0.083825
312 -0.0876837 -0.0870304
313 -0.0905881 -0.0898924
314 -0.093135 -0.0923996
315 -0.0953143 -0.0945422
316 -0.0971174 -0.0963116
317 -0.0985373 -0.097701
318 -0.0995683 -0.0987047
319 -0.100206 -0.0993189
320 -0.100449 -0.0995412
321 -0.100295 -0.0993706
322 -0.0997453 -0.0988078
323 -0.098802 -0.0978551
324 -0.0974687 -0.0965162
325 -0.0957508 -0.0947964
326 -0.093655 -0.0927025
327 -0.0911896 -0.0902427
328 -0.0883643 -0.0874268
329 -0.0851902 -0.0842658
330 -0.08168 -0.0807723
331 -0.0778474 -0.07696
332 -0.0737076 -0.072844
333 -0.0692768 -0.0684405
334 -0.0645727 -0.0637669
335 -0.0596138 -0.0588417
336 -0.0544195 -0.0536842
337 -0.0490105 -0.0483148
338 -0.0434081 -0.0427548
339 -0.0376344 -0.037026
340 -0.0317121 -0.0311512
341 -0.0256647 -0.0251533
342 -0.019516 -0.0190563
343 -0.0132903 -0.012884
344 -0.00701214 -0.00666081
345 -0.000706296 -0.000411378
346 0.00560233 0.00583968
347 0.0118889 0.0120677
348 0.0181285 0.0182481
349 0.0242965 0.0243564
350 0.0303687 0.0303687
351 0.036321 0.0362611
352 0.04213 0.0420104
353 0.0477727 0.0475938
354 0.0532268 0.0529895
355 0.0584709 0.058176
356 0.0634843 0.063133
357 0.0682471 0.0678408
358 0.0727406 0.0722808
359 0.076947 0.0764356
360 0.0808497 0.0802887
361 0.0844333 0.083825
362 0.0876837 0.0870304
363 0.0905881 0.0898924
364 0.093135 0.0923996
365 0.0953143 0.0945422
366 0.0971174 0.0963116
367 0.0985373 0.097701
368 0.0995683 0.0987047
369 0.100206 0.0993189
370 0.100449 0.0995412
371 0.100295 0.0993706
372 0.0997453 0.0988078
373 0.098802 0.0978551
374 0.0974687 0.0965162
375 0.0957508 0.0947964
376 0.093655 0.0927025
377 0.0911896 0.0902427
378 0.0883643 0.0874268
379 0.0851902 0.0842658
380 0.08168 0.0807723
381 0.0778474 0.07696
382 0.0737076 0.072844
383 0.0692768 0.0684405
384 0.0645727 0.0637669
385 0.0596138 0.0588417
386 0.0544195 0.0536842
387 0.0490105 0.0483148
388 0.0434081 0.0427548
389 0.0376344 0.037026
390 0.0317121 0.0311512
391 0.0256647 0.0251533
392 0.019516 0.0190563
393 0.0132903 0.012884
394 0.00701214 0.00666081
395 0.000706296 0.000411378
396 -0.00560233 -0.00583968
397 -0.0118889 -0.0120677
398 -0.0181285 -0.0182481
399 -0.0242965 -0.0243564
400 -0.0303687 -0.0303687
401 -0.036321 -0.0362611
402 -0.04213 -0.0420104
403 -0.0477727 -0.0475938
404 -0.0532268 -0.0529895
405 -0.0584709 -0.058176
406 -0.0634843 -0.063133
407 -0.0682471 -0.0678408
408 -0.0727406 -0.0722808
409 -0.076947 -0.0764356
410 -0.0808497 -0.0802887
411 -0.0844333 -0.083825
412 -0.0876837 -0.0870304
413 -0.0905881 -0.0898924
414 -0.093135 -0.0923996
415 -0.0953143 -0.0945422
416 -0.0971174 -0.0963116
417 -0.0985373 -0.097701
418 -0.0995683 -0.0987047
419 -0.100206 -0.0993189
420 -0.100449 -0.0995412
421 -0.100295 -0.0993706
422 -0.0997453 -0.0988078
423 -0.098802 -0.0978551
424 -0.0974687 -0.0965162
425 -0.0957508 -0.0947964
426 -0.093655 -0.0927025
427 -0.0911896 -0.0902427
428 -0.0883643 -0.0874268
429 -0.0851902 -0.0842658
430 -0.08168 -0.0807723
431 -0.0778474 -0.07696
432 -0.0737076 -0.072844
433 -0.0692768 -0.0684405
434 -0.0645727 -0.0637669
435 -0.0596138 -0.0588417
436 -0.0544195 -0.0536842
437 -0.0490105 -0.0483148
438 -0.0434081 -0.0427548
439 -0.0376344 -0.037026
440 -0.0317121 -0.0311512
441 -0.0256647 -0.0251533
442 -0.019516 -0.0190563
443 -0.0132903 -0.012884
444 -0.00701214 -0.00666081
445 -0.000706296 -0.000411378
446 0.00560233 0.00583968
447 0.0118889 0.0120677
448 0.0181285 0.0182481
449 0.0242965 0.0243564
450 0.0303687 0.0303687
451 0.036321 0.0362611
452 0.04213 0.0420104
453 0.0477727 0.0475938
454 0.0532268 0.0529895
455 0.0584709 0.058176
456 0.0634843 0.063133
457 0.0682471 0.0678408
458 0.0727406 0.0722808
459 0.076947 0.0764356
460 0.0808497 0.0802887
461 0.0844333 0.083825
462 0.0876837 0.0870304
463 0.0905881 0.0898924
464 0.093135 0.0923996
465 0.0953143 0.0945422
466 0.0971174 0.0963116
467 0.0985373 0.097701
468 0.0995683 0.0987047
469 0.100206 0.0993189
470 0.100449 0.0995412
471 0.100295 0.0993706
472 0.0997453 0.0988078
473 0.098802 0.0978551
474 0.0974687 0.0965162
475 0.0957508 0.0947964
476 0.093655 0.0927025
477 0.0911896 0.0902427
478 0.0883643 0.0874268
479 0.0851902 0.0842658
480 0.08168 0.0807723
481 0.0778474 0.07696
482 0.0737076 0.072844
483 0.0692768 0.0684405
484 0.0645727 0.0637669
485 0.0596138 0.0588417
486 0.0544195 0.0536842
487 0.0490105 0.0483148
488 0.0434081 0.0427548
489 0.0376344 0.037026
490 0.0317121 0.0311512
491 0.0256647 0.0251533
492 0.019516 0.0190563
493 0.0132903 0.012884
494 0.00701214 0.00666081
495 0.000706296 0.000411378
496 -0.00560233 -0.00583968
497 -0.0118889 -0.0120677
498 -0.0181285 -0.0182481
499 -0.0242965 -0.0243564
500 -0.0303687 -0.0303687
501 -0.036321 -0.0362611
502 -0.04213 -0.0420104
503 -0.0477727 -0.0475938
504 -0.0532268 -0.0529895
505 -0.0584709 -0.058176
506 -0.0634843 -0.063133
507 -0.0682471 -0.0678408
508 -0.0727406 -0.0722808
509 -0.076947 -0.0764356
510 -0.0808497 -0.0802887
511 -0.0844333 -0.083825
512 -0.0876837 -0.0870304
513 -0.0905881 -0.0898924
514 -0.093135 -0.0923996
515 -0.0953143 -0.0945422
516 -0.0971174 -0.0963116
517 -0.0985373 -0.097701
518 -0.0995683 -0.0987047
519 -0.100206 -0.0993189
520 -0.100449 -0.0995412
521 -0.100295 -0.0993706
522 -0.0997453 -0.0988078
523 -0.098802 -0.0978551
524 -0.0974687 -0.0965162
525 -0.0957508 -0.0947964
526 -0.093655 -0.0927025
527 -0.0911896 -0.0902427
528 -0.0883643 -0.0874268
529 -0.0851902 -0.0842658
530 -0.08168 -0.0807723
531 -0.0778474 -0.07696
532 -0.0737076 -0.072844
533 -0.0692768 -0.0684405
534 -0.0645727 -0.0637669
535 -0.0596138 -0.0588417
536 -0.0544195 -0.0536842
537 -0.0490105 -0.0483148
538 -0.0434081 -0.0427548
539 -0.0376344 -0.037026
540 -0.0317121 -0.0311512
541 -0.0256647 -0.0251533
542 -0.019516 -0.0190563
543 -0.0132903 -0.012884
544 -0.00701214 -0.00666081
545 -0.000706296 -0.000411378
546 0.00560233 0.00583968
547 0.0118889 0.0120677
548 0.0181285 0.0182481
549 0.0242965 0.0243564
550 0.0303687 0.0303687
551 0.036321 0.0362611
552 0.04213 0.0420104
553 0.0477727 0.0475938
554 0.0532268 0.0529895
555 0.0584709 0.058176
556 0.0634843 0.063133
557 0.0682471 0.0678408
558 0.0727406 0.0722808
559 0.076947 0.0764356
560 0.0808497 0.0802887
561 0.0844333 0.083825
562 0.0876837 0.0870304
563 0.0905881 0.0898924
564 0.093135 0.0923996
565 0.0953143 0.0945422
566 0.0971174 0.0963116
567 0.0985373 0.097701
568 0.0995683 0.0987047
569 0.100206 0.0993189
570 0.100449 0.0995412
571 0.100295 0.0993706
572 0.0997453 0.0988078
573 0.098802 0.0978551
574 0.0974687 0.0965162
575 0.0957508 0.0947964
576 0.093655 0.0927025
577 0.0911896 0.0902427
578 0.0883643 0.0874268
579 0.0851902 0.0842658
580 0.08168 0.0807723
581 0.0778474 0.07696
582 0.0737076 0.072844
583 0.0692768 0.0684405
584 0.0645727 0.0637669
585 0.0596138 0.0588417
586 0.0544195 0.0536842
587 0.0490105 0.0483148
588 0.0434081 0.0427548
589 0.0376344 0.037026
590 0.0317121 0.0311512
591 0.0256647 0.0251533
592 0.019516 0.0190563
593 0.0132903 0.012884
594 0.00701214 0.00666081
595 0.000706296 0.000411378
596 -0.00560233 -0.00583968
597 -0.0118889 -0.0120677
598 -0.0181285 -0.0182481
599 -0.0242965 -0.0243564
600 -0.0303687 -0.0303687
601 -0.036321 -0.0362611
602 -0.04213 -0.0420104
603 -0.0477727 -0.0475938
604 -0.0532268 -0.0529895
605 -0.0584709 -0.058176
606 -0.0634843 -0.063133
607 -0.0682471 -0.0678408
608 -0.0727406 -0.0722808
609 -0.076947 -0.0764356
610 -0.0808497 -0.0802887
611 -0.0844333 -0.083825
612 -0.0876837 -0.0870304
613 -0.0905881 -0.0898924
614 -0.093135 -0.0923996
615 -0.0953143 -0.0945422
616 -0.0971174 -0.0963116
617 -0.0985373 -0.097701
618 -0.0995683 -0.0987047
619 -0.100206 -0.0993189
620 -0.100449 -0.0995412
621 -0.100295 -0.0993706
622 -0.0997453 -0.0988078
623 -0.098802 -0.0978551
624 -0.0974687 -0.0965162
625 -0.0957508 -0.0947964
626 -0.093655 -0.0927025
627 -0.0911896 -0.0902427
628 -0.0883643 -0.0874268
629 -0.0851902 -0.0842658
630 -0.08168 -0.0807723
631 -0.0778474 -0.07696
632 -0.0737076 -0.072844
633 -0.0692768 -0.0684405
634 -0.0645727 -0.0637669
635 -0.0596138 -0.0588417
636 -0.0544195 -0.0536842
637 -0.0490105 -0.0483148
638 -0.0434081 -0.0427548
639 -0.0376344 -0.037026
640 -0.0317121 -0.0311512
641 -0.0256647 -0.0251533
642 -0.019516 -0.0190563
643 -0.0132903 -0.012884
644 -0.00701214 -0.00666081
645 -0.000706296 -0.000411378
646 0.00560233 0.00583968
647 0.0118889 0.0120677
648 0.0181285 0.0182481
649 0.0242965 0.0243564
650 0.0303687 0.0303687
651 0.036321 0.0362611
652 0.04213 0.0420104
653 0.0477727 0.0475938
654 0.0532268 0.0529895
655 0.0584709 0.058176
656 0.0634843 0.063133
657 0.0682471 0.0678408
658 0.0727406 0.0722808
659 0.076947 0.0764356
660 0.0808497 0.0802887
661 0.0844333 0.083825
662 0.0876837 0.0870304
663 0.0905881 0.0898924
664 0.093135 0.0923996
665 0.0953143 0.0945422
666 0.0971174 0.0963116
667 0.0985373 0.097701
668 0.0995683 0.0987047
669 0.100206 0.0993189
670 0.100449 0.0995412
671 0.100295 0.0993706
672 0.0997453 0.0988078
673 0.098802 0.0978551
674 0.0974687 0.0965162
675 0.0957508 0.0947964
676 0.093655 0.0927025
677 0.0911896 0.0902427
678 0.0883643 0.0874268
679 0.0851902 0.0842658
680 0.08168 0.0807723
681 0.0778474 0.07696
682 0.0737076 0.072844
683 0.0692768 0.0684405
684 0.0645727 0.0637669
685 0.0596138 0.0588417
686 0.0544195 0.0536842
687 0.0490105 0.0483148
688 0.0434081 0.0427548
689 0.0376344 0.037026
690 0.0317121 0.0311512
691 0.0256647 0.0251533
692 0.019516 0.0190563
693 0.0132903 0.012884
694 0.00701214 0.00666081
695 0.000706296 0.000411378
696 -0.00560233 -0.00583968
697 -0.0118889 -0.0120677
698 -0.0181285 -0.0182481
699 -0.0242965 -0.0243564
700 -0.0303687 -0.0303687
701 -0.036321 -0.0362611
702 -0.04213 -0.0420104
703 -0.0477727 -0.0475938
704 -0.0532268 -0.0529895
705 -0.0584709 -0.058176
706 -0.0634843 -0.063133
707 -0.0682471 -0.0678408
708 -0.0727406 -0.0722808
709 -0.076947 -0.0764356
710 -0.0808497 -0.0802887
711 -0.0844333 -0.083825
712 -0.0876837 -0.0870304
713 -0.0905881 -0.0898924
714 -0.093135 -0.0923996
715 -0.0953143 -0.0945422
716 -0.0971174 -0.0963116
717 -0.0985373 -0.097701
718 -0.0995683 -0.0987047
719 -0.100206 -0.0993189
720 -0.100449 -0.0995412
721 -0.100295 -0.0993706
722 -0.0997453 -0.0988078
723 -0.098802 -0.0978551
724 -0.0974687 -0.0965162
725 -0.0957508 -0.0947964
726 -0.093655 -0.0927025
727 -0.0911896 -0.0902427
728 -0.0883643 -0.0874268
729 -0.0851902 -0.0842658
730 -0.08168 -0.0807723
731 -0.0778474 -0.07696
732 -0.0737076 -0.072844
733 -0.0692768 -0.0684405
734 -0.0645727 -0.0637669
735 -0.0596138 -0.0588417
736 -0.0544195 -0.0536842
737 -0.0490105 -0.0483148
738 -0.0434081 -0.0427548
739 -0.0376344 -0.037026
740 -0.0317121 -0.0311512
741 -0.0256647 -0.0251533
742 -0.019516 -0.0190563
743 -0.0132903 -0.012884
744 -0.00701214 -0.00666081
745 -0.000706296 -0.000411378
746 0.00560233 0.00583968
747 0.0118889 0.0120677
748 0.0181285 0.0182481
749 0.0242965 0.0243564
750 0.0303687 0.0303687
751 0.036321 0.0362611
752 0.04213 0.0420104
753 0.0477727 0.0475938
754 0.0532268 0.0529895
755 0.0584709 0.058176
756 0.0634843 0.063133
757 0.0682471 0.0678408
758 0.0727406 0.0722808
759 0.076947 0.0764356
760 0.0808497 0.0802887
761 0.0844333 0.083825
762 0.0876837 0.0870304
763 0.0905881 0.0898924
764 0.093135 0.0923996
765 0.0953143 0.0945422
766 0.0971174 0.0963116
767 0.0985373 0.097701
768 0.0995683 0.0987047
769 0.100206 0.0993189
770 0.100449 0.0995412
771 0.100295 0.0993706
772 0.0997453 0.0988078
773 0.098802 0.0978551
774 0.0974687 0.0965162
775 0.0957508 0.0947964
776 0.093655 0.0927025
777 0.0911896 0.0902427
778 0.0883643 0.0874268
779 0.0851902 0.0842658
780 0.08168 0.0807723
781 0.0778474 0.07696
782 0.0737076 0.072844
783 0.0692768 0.0684405
784 0.0645727 0.0637669
785 0.0596138 0.0588417
786 0.0544195 0.0536842
787 0.0490105 0.0483148
788 0.0434081 0.0427548
789 0.0376344 0.037026
790 0.0317121 0.0311512
791 0.0256647 0.0251533
792 0.019516 0.0190563
793 0.0132903 0.012884
794 0.00701214 0.00666081
795 0.000706296 0.000411378
796 -0.00560233 -0.00583968
797 -0.0118889 -0.0120677
798 -0.0181285 -0.0182481
799 -0.0242965 -0.0243564
800 -0.0303687 -0.0303687
801 -0.036321 -0.0362611
802 -0.04213 -0.0420104
803 -0.0477727 -0.0475938
804 -0.0532268 -0.0529895
805 -0.0584709 -0.058176
806 -0.0634843 -0.063133
807 -0.0682471 -0.0678408
808 -0.0727406 -0.0722808
809 -0.076947 -0.0764356
810 -0.0808497 -0.0802887
811 -0.0844333 -0.083825
812 -0.0876837 -0.0870304
813 -0.0905881 -0.0898924
814 -0.093135 -0.0923996
815 -0.0953143 -0.0945422
816 -0.0971174 -0.0963116
817 -0.0985373 -0.097701
818 -0.0995683 -0.0987047
819 -0.100206 -0.0993189
820 -0.100449 -0.0995412
821 -0.100295 -0.0993706
822 -0.0997453 -0.0988078
823 -0.098802 -0.0978551
824 -0.0974687 -0.0965162
825 -0.0957508 -0.0947964
826 -0.093655 -0.0927025
827 -0.0911896 -0.0902427
828 -0.0883643 -0.0874268
829 -0.0851902 -0.0842658
830 -0.08168 -0.0807723
831 -0.0778474 -0.07696
832 -0.0737076 -0.072844
833 -0.0692768 -0.0684405
834 -0.0645727 -0.0637669
835 -0.0596138 -0.0588417
836 -0.0544195 -0.0536842
837 -0.0490105 -0.0483148
838 -0.0434081 -0.0427548
839 -0.0376344 -0.037026
840 -0.0317121 -0.0311512
841 -0.0256647 -0.0251533
842 -0.019516 -0.0190563
843 -0.0132903 -0.012884
844 -0.00701214 -0.00666081
845 -0.000706296 -0.000411378
846 0.00560233 0.00583968
847 0.0118889 0.0120677
848 0.0181285 0.0182481
849 0.0242965 0.0243564
850 0.0303687 0.0303687
851 0.036321 0.0362611
852 0.04213 0.0420104
853 0.0477727 0.0475938
854 0.0532268 0.0529895
855 0.0584709 0.058176
856 0.0634843 0.063133
857 0.0682471 0.0678408
858 0.0727406 0.0722808
859 0.076947 0.0764356
860 0.0808497 0.0802887
861 0.0844333 0.083825
862 0.0876837 0.0870304
863 0.0905881 0.0898924
864 0.093135 0.0923996
865 0.0953143 0.0945422
866 0.0971174 0.0963116
867 0.0985373 0.097701
868 0.0995683 0.0987047
869 0.100206 0.0993189
870 0.100449 0.0995412
871 0.100295 0.0993706
872 0.0997453 0.0988078
873 0.098802 0.0978551
874 0.0974687 0.0965162
875 0.0957508 0.0947964
876 0.093655 0.0927025
877 0.0911896 0.0902427
878 0.0883643 0.0874268
879 0.0851902 0.0842658
880 0.08168 0.0807723
881 0.0778474 0.07696
882 0.0737076 0.072844
883 0.0692768 0.0684405
884 0.0645727 0.0637669
885 0.0596138 0.0588417
886 0.0544195 0.0536842
887 0.0490105 0.0483148
888 0.0434081 0.0427548
889 0.0376344 0.037026
890 0.0317121 0.0311512
891 0.0256647 0.0251533
892 0.019516 0.0190563
893 0.0132903 0.012884
894 0.00701214 0.00666081
895 0.000706296 0.000411378
896 -0.00560233 -0.00583968
897 -0.0118889 -0.0120677
898 -0.0181285 -0.0182481
899 -0.0242965 -0.0243564
900 -0.0303687 -0.0303687
901 -0.036321 -0.0362611
902 -0.04213 -0.0420104
903 -0.0477727 -0.0475938
904 -0.0532268 -0.0529895
905 -0.0584709 -0.058176
906 -0.0634843 -0.063133
907 -0.0682471 -0.0678408
908 -0.0727406 -0.0722808
909 -0.076947 -0.0764356
910 -0.0808497 -0.0802887
911 -0.0844333 -0.083825
912 -0.0876837 -0.0870304
913 -0.0905881 -0.0898924
914 -0.093135 -0.0923996
915 -0.0953143 -0.0945422
916 -0.0971174 -0.0963116
917 -0.0985373 -0.097701
918 -0.0995683 -0.0987047
919 -0.100206 -0.0993189
920 -0.100449 -0.0995412
921 -0.100295 -0.0993706
922 -0.0997453 -0.0988078
923 -0.098802 -0.0978551
924 -0.0974687 -0.0965162
925 -0.0957508 -0.0947964
926 -0.093655 -0.0927025
927 -0.0911896 -0.0902427
928 -0.0883643 -0.0874268
929 -0.0851902 -0.0842658
930 -0.08168 -0.0807723
931 -0.0778474 -0.07696
932 -0.0737076 -0.072844
933 -0.0692768 -0.0684405
934 -0.0645727 -0.0637669
935 -0.0596138 -0.0588417
936 -0.0544195 -0.0536842
937 -0.0490105 -0.0483148
938 -0.0434081 -0.0427548
939 -0.0376344 -0.037026
940 -0.0317121 -0.0311512
941 -0.0256647 -0.0251533
942 -0.019516 -0.0190563
943 -0.0132903 -0.012884
944 -0.00701214 -0.00666081
945 -0.000706296 -0.000411378
946 0.00560233 0.00583968
947 0.0118889 0.0120677
948 0.0181285 0.0182481
949 0.0242965 0.0243564
950 0.0303687 0.0303687
951 0.036321 0.0362611
952 0.04213 0.0420104
953 0.0477727 0.0475938
954 0.0532268 0.0529895
955 0.0584709 0.058176
956 0.0634843 0.063133
957 0.0682471 0.0678408
958 0.0727406 0.0722808
959 0.076947 0.0764356
960 0.0808497 0.0802887
961 0.0844333 0.083825
962 0.0876837 0.0870304
963 0.0905881 0.0898924
964 0.093135 0.0923996
965 0.0953143 0.0945422
966 0.0971174 0.0963116
967 0.0985373 0.097701
968 0.0995683 0.0987047
969 0.100206 0.0993189
970 0.100449 0.0995412
971 0.100295 0.0993706
972 0.0997453 0.0988078
973 0.098802 0.0978551
974 0.0974687 0.0965162
975 0.0957508 0.0947964
976 0.093655 0.0927025
977 0.0911896 0.0902427
978 0.0883643 0.0874268
979 0.0851902 0.0842658
980 0.08168 0.0807723
981 0.0778474 0.07696
982 0.0737076 0.072844
983 0.0692768 0.0684405
984 0.0645727 0.0637669
985 0.0596138 0.0588417
986 0.0544195 0.0536842
987 0.0490105 0.0483148
988 0.0434081 0.0427548
989 0.0376344 0.037026
990 0.0317121 0.0311512
991 0.0256647 0.0251533
992 0.019516 0.0190563
993 0.0132903 0.012884
994 0.00701214 0.00666081
995 0.000706296 0.000411378
996 -0.00560233 -0.00583968
997 -0.0118889 -0.0120677
998 -0.0181285 -0.0182481
999 -0.0242965 -0.0243564
