0 -0.0693712 -0.0693712
1 -0.0738237 -0.0736868
2 -0.0779848 -0.0777116
3 -0.0818382 -0.0814297
4 -0.0853686 -0.0848265
5 -0.0885621 -0.0878885
6 -0.0914061 -0.0906036
7 -0.0938894 -0.0929611
8 -0.0960021 -0.0949518
9 -0.0977359 -0.0965678
10 -0.099084 -0.0978026
11 -0.100041 -0.0986515
12 -0.100603 -0.099111
13 -0.100769 -0.0991794
14 -0.100536 -0.0988563
15 -0.0999069 -0.0981431
16 -0.0988833 -0.0970426
17 -0.0974696 -0.0955592
18 -0.0956711 -0.0936985
19 -0.0934951 -0.0914681
20 -0.0909501 -0.0888768
21 -0.0880462 -0.0859346
22 -0.0847948 -0.0826533
23 -0.0812087 -0.0790459
24 -0.0773022 -0.0751264
25 -0.0730906 -0.0709105
26 -0.0685905 -0.0664147
27 -0.0638197 -0.0616568
28 -0.0587971 -0.0566556
29 -0.0535424 -0.0514308
30 -0.0480764 -0.046003
31 -0.0424207 -0.0403937
32 -0.0365975 -0.0346249
33 -0.0306299 -0.0287195
34 -0.0245415 -0.0227008
35 -0.0183562 -0.0165924
36 -0.0120984 -0.0104186
37 -0.0057929 -0.00420369
38 0.000535472 0.00202784
39 0.00686173 0.00825136
40 0.0131609 0.0144423
41 0.0194081 0.0205763
42 0.0255788 0.026629
43 0.0316485 0.0325767
44 0.0375933 0.0383958
45 0.0433897 0.0440634
46 0.0490149 0.049557
47 0.0544466 0.0548551
48 0.0596635 0.0599367
49 0.0646449 0.0647818
50 0.0693712 0.0693712
51 0.0738237 0.0736868
52 0.0779848 0.0777116
53 0.0818382 0.0814297
54 0.0853686 0.0848265
55 0.0885621 0.0878885
56 0.0914061 0.0906036
57 0.0938894 0.0929611
58 0.0960021 0.0949518
59 0.0977359 0.0965678
60 0.099084 0.0978026
61 0.100041 0.0986515
62 0.100603 0.099111
63 0.100769 0.0991794
64 0.100536 0.0988563
65 0.0999069 0.0981431
66 0.0988833 0.0970426
67 0.0974696 0.0955592
68 0.0956711 0.0936985
69 0.0934951 0.0914681
70 0.0909501 0.0888768
71 0.0880462 0.0859346
72 0.0847948 0.0826533
73 0.0812087 0.0790459
74 0.0773022 0.0751264
75 0.0730906 0.0709105
76 0.0685905 0.0664147
77 0.0638197 0.0616568
78 0.0587971 0.0566556
79 0.0535424 0.0514308
80 0.0480764 0.046003
81 0.0424207 0.0403937
82 0.0365975 0.0346249
83 0.0306299 0.0287195
84 0.0245415 0.0227008
85 0.0183562 0.0165924
86 0.0120984 0.0104186
87 0.0057929 0.00420369
88 -0.000535472 -0.00202784
89 -0.00686173 -0.00825136
90 -0.0131609 -0.0144423
91 -0.0194081 -0.0205763
92 -0.0255788 -0.026629
93 -0.0316485 -0.0325767
94 -0.0375933 -0.0383958
95 -0.0433897 -0.0440634
96 -0.0490149 -0.049557
97 -0.0544466 -0.0548551
98 -0.0596635 -0.0599367
99 -0.0646449 -0.0647818
100 -0.0693712 -0.0693712
101 -0.0738237 -0.0736868
102 -0.0779848 -0.0777116
103 -0.0818382 -0.0814297
104 -0.0853686 -0.0848265
105 -0.0885621 -0.0878885
106 -0.0914061 -0.0906036
107 -0.0938894 -0.0929611
108 -0.0960021 -0.0949518
109 -0.0977359 -0.0965678
110 -0.099084 -0.0978026
111 -0.100041 -0.0986515
112 -0.100603 -0.099111
113 -0.100769 -0.0991794
114 -0.100536 -0.0988563
115 -0.0999069 -0.0981431
116 -0.0988833 -0.0970426
117 -0.0974696 -0.0955592
118 -0.0956711 -0.0936985
119 -0.0934951 -0.0914681
120 -0.0909501 -0.0888768
121 -0.0880462 -0.0859346
122 -0.0847948 -0.0826533
123 -0.0812087 -0.0790459
124 -0.0773022 -0.0751264
125 -0.0730906 -0.0709105
126 -0.0685905 -0.0664147
127 -0.0638197 -0.0616568
128 -0.0587971 -0.0566556
129 -0.0535424 -0.0514308
130 -0.0480764 -0.046003
131 -0.0424207 -0.0403937
132 -0.0365975 -0.0346249
133 -0.0306299 -0.0287195
134 -0.0245415 -0.0227008
135 -0.0183562 -0.0165924
136 -0.0120984 -0.0104186
137 -0.0057929 -0.00420369
138 0.000535472 0.00202784
139 0.00686173 0.00825136
140 0.0131609 0.0144423
141 0.0194081 0.0205763
142 0.0255788 0.026629
143 0.0316485 0.0325767
144 0.0375933 0.0383958
145 0.0433897 0.0440634
146 0.0490149 0.049557
147 0.0544466 0.0548551
148 0.0596635 0.0599367
149 0.0646449 0.0647818
150 0.0693712 0.0693712
151 0.0738237 0.0736868
152 0.0779848 0.0777116
153 0.0818382 0.0814297
154 0.0853686 0.0848265
155 0.0885621 0.0878885
156 0.0914061 0.0906036
157 0.0938894 0.0929611
158 0.0960021 0.0949518
159 0.0977359 0.0965678
160 0.099084 0.0978026
161 0.100041 0.0986515
162 0.100603 0.099111
163 0.100769 0.0991794
164 0.100536 0.0988563
165 0.0999069 0.0981431
166 0.0988833 0.0970426
167 0.0974696 0.0955592
168 0.0956711 0.0936985
169 0.0934951 0.0914681
170 0.0909501 0.0888768
171 0.0880462 0.0859346
172 0.0847948 0.0826533
173 0.0812087 0.0790459
174 0.0773022 0.0751264
175 0.0730906 0.0709105
176 0.0685905 0.0664147
177 0.0638197 0.0616568
178 0.0587971 0.0566556
179 0.0535424 0.0514308
180 0.0480764 0.046003
181 0.0424207 0.0403937
182 0.0365975 0.0346249
183 0.0306299 0.0287195
184 0.0245415 0.0227008
185 0.0183562 0.0165924
186 0.0120984 0.0104186
187 0.0057929 0.00420369
188 -0.000535472 -0.00202784
189 -0.00686173 -0.00825136
190 -0.0131609 -0.0144423
191 -0.0194081 -0.0205763
192 -0.0255788 -0.026629
193 -0.0316485 -0.0325767
194 -0.0375933 -0.0383958
195 -0.0433897 -0.0440634
196 -0.0490149 -0.049557
197 -0.0544466 -0.0548551
198 -0.0596635 -0.0599367
199 -0.0646449 -0.0647818
200 -0.0693712 -0.0693712
201 -0.0738237 -0.0736868
202 -0.0779848 -0.0777116
203 -0.0818382 -0.0814297
204 -0.0853686 -0.0848265
205 -0.0885621 -0.0878885
206 -0.0914061 -0.0906036
207 -0.0938894 -0.0929611
208 -0.0960021 -0.0949518
209 -0.0977359 -0.0965678
210 -0.099084 -0.0978026
211 -0.100041 -0.0986515
212 -0.100603 -0.099111
213 -0.100769 -0.0991794
214 -0.100536 -0.0988563
215 -0.0999069 -0.0981431
216 -0.0988833 -0.0970426
217 -0.0974696 -0.0955592
218 -0.0956711 -0.0936985
219 -0.0934951 -0.0914681
220 -0.0909501 -0.0888768
221 -0.0880462 -0.0859346
222 -0.0847948 -0.0826533
223 -0.0812087 -0.0790459
224 -0.0773022 -0.0751264
225 -0.0730906 -0.0709105
226 -0.0685905 -0.0664147
227 -0.0638197 -0.0616568
228 -0.0587971 -0.0566556
229 -0.0535424 -0.0514308
230 -0.0480764 -0.046003
231 -0.0424207 -0.0403937
232 -0.0365975 -0.0346249
233 -0.0306299 -0.0287195
234 -0.0245415 -0.0227008
235 -0.0183562 -0.0165924
236 -0.0120984 -0.0104186
237 -0.0057929 -0.00420369
238 0.000535472 0.00202784
239 0.00686173 0.00825136
240 0.0131609 0.0144423
241 0.0194081 0.0205763
242 0.0255788 0.026629
243 0.0316485 0.0325767
244 0.0375933 0.0383958
245 0.0433897 0.0440634
246 0.0490149 0.049557
247 0.0544466 0.0548551
248 0.0596635 0.0599367
249 0.0646449 0.0647818
250 0.0693712 0.0693712
251 0.0738237 0.0736868
252 0.0779848 0.0777116
253 0.0818382 0.0814297
254 0.0853686 0.0848265
255 0.0885621 0.0878885
256 0.0914061 0.0906036
257 0.0938894 0.0929611
258 0.0960021 0.0949518
259 0.0977359 0.0965678
260 0.099084 0.0978026
261 0.100041 0.0986515
262 0.100603 0.099111
263 0.100769 0.0991794
264 0.100536 0.0988563
265 0.0999069 0.0981431
266 0.0988833 0.0970426
267 0.0974696 0.0955592
268 0.0956711 0.0936985
269 0.0934951 0.0914681
270 0.0909501 0.0888768
271 0.0880462 0.0859346
272 0.0847948 0.0826533
273 0.0812087 0.0790459
274 0.0773022 0.0751264
275 0.0730906 0.0709105
276 0.0685905 0.0664147
277 0.0638197 0.0616568
278 0.0587971 0.0566556
279 0.0535424 0.0514308
280 0.0480764 0.046003
281 0.0424207 0.0403937
282 0.0365975 0.0346249
283 0.0306299 0.0287195
284 0.0245415 0.0227008
285 0.0183562 0.0165924
286 0.0120984 0.0104186
287 0.0057929 0.00420369
288 -0.000535472 -0.00202784
289 -0.00686173 -0.00825136
290 -0.0131609 -0.0144423
291 -0.0194081 -0.0205763
292 -0.0255788 -0.026629
293 -0.0316485 -0.0325767
294 -0.0375933 -0.0383958
295 -0.0433897 -0.0440634
296 -0.0490149 -0.049557
297 -0.0544466 -0.0548551
298 -0.0596635 -0.0599367
299 -0.0646449 -0.0647818
300 -0.0693712 -0.0693712
301 -0.0738237 -0.0736868
302 -0.0779848 -0.0777116
303 -0.0818382 -0.0814297
304 -0.0853686 -0.0848265
305 -0.0885621 -0.0878885
306 -0.0914061 -0.0906036
307 -0.0938894 -0.0929611
308 -0.0960021 -0.0949518
309 -0.0977359 -0.0965678
310 -0.099084 -0.0978026
311 -0.100041 -0.0986515
312 -0.100603 -0.099111
313 -0.100769 -0.0991794
314 -0.100536 -0.0988563
315 -0.0999069 -0.0981431
316 -0.0988833 -0.0970426
317 -0.0974696 -0.0955592
318 -0.0956711 -0.0936985
319 -0.0934951 -0.0914681
320 -0.0909501 -0.0888768
321 -0.0880462 -0.0859346
322 -0.0847948 -0.0826533
323 -0.0812087 -0.0790459
324 -0.0773022 -0.0751264
325 -0.0730906 -0.0709105
326 -0.0685905 -0.0664147
327 -0.0638197 -0.0616568
328 -0.0587971 -0.0566556
329 -0.0535424 -0.0514308
330 -0.0480764 -0.046003
331 -0.0424207 -0.0403937
332 -0.0365975 -0.0346249
333 -0.0306299 -0.0287195
334 -0.0245415 -0.0227008
335 -0.0183562 -0.0165924
336 -0.0120984 -0.0104186
337 -0.0057929 -0.00420369
338 0.000535472 0.00202784
339 0.00686173 0.00825136
340 0.0131609 0.0144423
341 0.0194081 0.0205763
342 0.0255788 0.026629
343 0.0316485 0.0325767
344 0.0375933 0.0383958
345 0.0433897 0.0440634
346 0.0490149 0.049557
347 0.0544466 0.0548551
348 0.0596635 0.0599367
349 0.0646449 0.0647818
350 0.0693712 0.0693712
351 0.0738237 0.0736868
352 0.0779848 0.0777116
353 0.0818382 0.0814297
354 0.0853686 0.0848265
355 0.0885621 0.0878885
356 0.0914061 0.0906036
357 0.0938894 0.0929611
358 0.0960021 0.0949518
359 0.0977359 0.0965678
360 0.099084 0.0978026
361 0.100041 0.0986515
362 0.100603 0.099111
363 0.100769 0.0991794
364 0.100536 0.0988563
365 0.0999069 0.0981431
366 0.0988833 0.0970426
367 0.0974696 0.0955592
368 0.0956711 0.0936985
369 0.0934951 0.0914681
370 0.0909501 0.0888768
371 0.0880462 0.0859346
372 0.0847948 0.0826533
373 0.0812087 0.0790459
374 0.0773022 0.0751264
375 0.0730906 0.0709105
376 0.0685905 0.0664147
377 0.0638197 0.0616568
378 0.0587971 0.0566556
379 0.0535424 0.0514308
380 0.0480764 0.046003
381 0.0424207 0.0403937
382 0.0365975 0.0346249
383 0.0306299 0.0287195
384 0.0245415 0.0227008
385 0.0183562 0.0165924
386 0.0120984 0.0104186
387 0.0057929 0.00420369
388 -0.000535472 -0.00202784
389 -0.00686173 -0.00825136
390 -0.0131609 -0.0144423
391 -0.0194081 -0.0205763
392 -0.0255788 -0.026629
393 -0.0316485 -0.0325767
394 -0.0375933 -0.0383958
395 -0.0433897 -0.0440634
396 -0.0490149 -0.049557
397 -0.0544466 -0.0548551
398 -0.0596635 -0.0599367
399 -0.0646449 -0.0647818
400 -0.0693712 -0.0693712
401 -0.0738237 -0.0736868
402 -0.0779848 -0.0777116
403 -0.0818382 -0.0814297
404 -0.0853686 -0.0848265
405 -0.0885621 -0.0878885
406 -0.0914061 -0.0906036
407 -0.0938894 -0.0929611
408 -0.0960021 -0.0949518
409 -0.0977359 -0.0965678
410 -0.099084 -0.0978026
411 -0.100041 -0.0986515
412 -0.100603 -0.099111
413 -0.100769 -0.0991794
414 -0.100536 -0.0988563
415 -0.0999069 -0.0981431
416 -0.0988833 -0.0970426
417 -0.0974696 -0.0955592
418 -0.0956711 -0.0936985
419 -0.0934951 -0.0914681
420 -0.0909501 -0.0888768
421 -0.0880462 -0.0859346
422 -0.0847948 -0.0826533
423 -0.0812087 -0.0790459
424 -0.0773022 -0.0751264
425 -0.0730906 -0.0709105
426 -0.0685905 -0.0664147
427 -0.0638197 -0.0616568
428 -0.0587971 -0.0566556
429 -0.0535424 -0.0514308
430 -0.0480764 -0.046003
431 -0.0424207 -0.0403937
432 -0.0365975 -0.0346249
433 -0.0306299 -0.0287195
434 -0.0245415 -0.0227008
435 -0.0183562 -0.0165924
436 -0.0120984 -0.0104186
437 -0.0057929 -0.00420369
438 0.000535472 0.00202784
439 0.00686173 0.00825136
440 0.0131609 0.0144423
441 0.0194081 0.0205763
442 0.0255788 0.026629
443 0.0316485 0.0325767
444 0.0375933 0.0383958
445 0.0433897 0.0440634
446 0.0490149 0.049557
447 0.0544466 0.0548551
448 0.0596635 0.0599367
449 0.0646449 0.0647818
450 0.0693712 0.0693712
451 0.0738237 0.0736868
452 0.0779848 0.0777116
453 0.0818382 0.0814297
454 0.0853686 0.0848265
455 0.0885621 0.0878885
456 0.0914061 0.0906036
457 0.0938894 0.0929611
458 0.0960021 0.0949518
459 0.0977359 0.0965678
460 0.099084 0.0978026
461 0.100041 0.0986515
462 0.100603 0.099111
463 0.100769 0.0991794
464 0.100536 0.0988563
465 0.0999069 0.0981431
466 0.0988833 0.0970426
467 0.0974696 0.0955592
468 0.0956711 0.0936985
469 0.0934951 0.0914681
470 0.0909501 0.0888768
471 0.0880462 0.0859346
472 0.0847948 0.0826533
473 0.0812087 0.0790459
474 0.0773022 0.0751264
475 0.0730906 0.0709105
476 0.0685905 0.0664147
477 0.0638197 0.0616568
478 0.0587971 0.0566556
479 0.0535424 0.0514308
480 0.0480764 0.046003
481 0.0424207 0.0403937
482 0.0365975 0.0346249
483 0.0306299 0.0287195
484 0.0245415 0.0227008
485 0.0183562 0.0165924
486 0.0120984 0.0104186
487 0.0057929 0.00420369
488 -0.000535472 -0.00202784
489 -0.00686173 -0.00825136
490 -0.0131609 -0.0144423
491 -0.0194081 -0.0205763
492 -0.0255788 -0.026629
493 -0.0316485 -0.0325767
494 -0.0375933 -0.0383958
495 -0.0433897 -0.0440634
496 -0.0490149 -0.049557
497 -0.0544466 -0.0548551
498 -0.0596635 -0.0599367
499 -0.0646449 -0.0647818
500 -0.0693712 -0.0693712
501 -0.0738237 -0.0736868
502 -0.0779848 -0.0777116
503 -0.0818382 -0.0814297
504 -0.0853686 -0.0848265
505 -0.0885621 -0.0878885
506 -0.0914061 -0.0906036
507 -0.0938894 -0.0929611
508 -0.0960021 -0.0949518
509 -0.0977359 -0.0965678
510 -0.099084 -0.0978026
511 -0.100041 -0.0986515
512 -0.100603 -0.099111
513 -0.100769 -0.0991794
514 -0.100536 -0.0988563
515 -0.0999069 -0.0981431
516 -0.0988833 -0.0970426
517 -0.0974696 -0.0955592
518 -0.0956711 -0.0936985
519 -0.0934951 -0.0914681
520 -0.0909501 -0.0888768
521 -0.0880462 -0.0859346
522 -0.0847948 -0.0826533
523 -0.0812087 -0.0790459
524 -0.0773022 -0.0751264
525 -0.0730906 -0.0709105
526 -0.0685905 -0.0664147
527 -0.0638197 -0.0616568
528 -0.0587971 -0.0566556
529 -0.0535424 -0.0514308
530 -0.0480764 -0.046003
531 -0.0424207 -0.0403937
532 -0.0365975 -0.0346249
533 -0.0306299 -0.0287195
534 -0.0245415 -0.0227008
535 -0.0183562 -0.0165924
536 -0.0120984 -0.0104186
537 -0.0057929 -0.00420369
538 0.000535472 0.00202784
539 0.00686173 0.00825136
540 0.0131609 0.0144423
541 0.0194081 0.0205763
542 0.0255788 0.026629
543 0.0316485 0.0325767
544 0.0375933 0.0383958
545 0.0433897 0.0440634
546 0.0490149 0.049557
547 0.0544466 0.0548551
548 0.0596635 0.0599367
549 0.0646449 0.0647818
550 0.0693712 0.0693712
551 0.0738237 0.0736868
552 0.0779848 0.0777116
553 0.0818382 0.0814297
554 0.0853686 0.0848265
555 0.0885621 0.0878885
556 0.0914061 0.0906036
557 0.0938894 0.0929611
558 0.0960021 0.0949518
559 0.0977359 0.0965678
560 0.099084 0.0978026
561 0.100041 0.0986515
562 0.100603 0.099111
563 0.100769 0.0991794
564 0.100536 0.0988563
565 0.0999069 0.0981431
566 0.0988833 0.0970426
567 0.0974696 0.0955592
568 0.0956711 0.0936985
569 0.0934951 0.0914681
570 0.0909501 0.0888768
571 0.0880462 0.0859346
572 0.0847948 0.0826533
573 0.0812087 0.0790459
574 0.0773022 0.0751264
575 0.0730906 0.0709105
576 0.0685905 0.0664147
577 0.0638197 0.0616568
578 0.0587971 0.0566556
579 0.0535424 0.0514308
580 0.0480764 0.046003
581 0.0424207 0.0403937
582 0.0365975 0.0346249
583 0.0306299 0.0287195
584 0.0245415 0.0227008
585 0.0183562 0.0165924
586 0.0120984 0.0104186
587 0.0057929 0.00420369
588 -0.000535472 -0.00202784
589 -0.00686173 -0.00825136
590 -0.0131609 -0.0144423
591 -0.0194081 -0.0205763
592 -0.0255788 -0.026629
593 -0.0316485 -0.0325767
594 -0.0375933 -0.0383958
595 -0.0433897 -0.0440634
596 -0.0490149 -0.049557
597 -0.0544466 -0.0548551
598 -0.0596635 -0.0599367
599 -0.0646449 -0.0647818
600 -0.0693712 -0.0693712
601 -0.0738237 -0.0736868
602 -0.0779848 -0.0777116
603 -0.0818382 -0.0814297
604 -0.0853686 -0.0848265
605 -0.0885621 -0.0878885
606 -0.0914061 -0.0906036
607 -0.0938894 -0.0929611
608 -0.0960021 -0.0949518
609 -0.0977359 -0.0965678
610 -0.099084 -0.0978026
611 -0.100041 -0.0986515
612 -0.100603 -0.099111
613 -0.100769 -0.0991794
614 -0.100536 -0.0988563
615 -0.0999069 -0.0981431
616 -0.0988833 -0.0970426
617 -0.0974696 -0.0955592
618 -0.0956711 -0.0936985
619 -0.0934951 -0.0914681
620 -0.0909501 -0.0888768
621 -0.0880462 -0.0859346
622 -0.0847948 -0.0826533
623 -0.0812087 -0.0790459
624 -0.0773022 -0.0751264
625 -0.0730906 -0.0709105
626 -0.0685905 -0.0664147
627 -0.0638197 -0.0616568
628 -0.0587971 -0.0566556
629 -0.0535424 -0.0514308
630 -0.0480764 -0.046003
631 -0.0424207 -0.0403937
632 -0.0365975 -0.0346249
633 -0.0306299 -0.0287195
634 -0.0245415 -0.0227008
635 -0.0183562 -0.0165924
636 -0.0120984 -0.0104186
637 -0.0057929 -0.00420369
638 0.000535472 0.00202784
639 0.00686173 0.00825136
640 0.0131609 0.0144423
641 0.0194081 0.0205763
642 0.0255788 0.026629
643 0.0316485 0.0325767
644 0.0375933 0.0383958
645 0.0433897 0.0440634
646 0.0490149 0.049557
647 0.0544466 0.0548551
648 0.0596635 0.0599367
649 0.0646449 0.0647818
650 0.0693712 0.0693712
651 0.0738237 0.0736868
652 0.0779848 0.0777116
653 0.0818382 0.0814297
654 0.0853686 0.0848265
655 0.0885621 0.0878885
656 0.0914061 0.0906036
657 0.0938894 0.0929611
658 0.0960021 0.0949518
659 0.0977359 0.0965678
660 0.099084 0.0978026
661 0.100041 0.0986515
662 0.100603 0.099111
663 0.100769 0.0991794
664 0.100536 0.0988563
665 0.0999069 0.0981431
666 0.0988833 0.0970426
667 0.0974696 0.0955592
668 0.0956711 0.0936985
669 0.0934951 0.0914681
670 0.0909501 0.0888768
671 0.0880462 0.0859346
672 0.0847948 0.0826533
673 0.0812087 0.0790459
674 0.0773022 0.0751264
675 0.0730906 0.0709105
676 0.0685905 0.0664147
677 0.0638197 0.0616568
678 0.0587971 0.0566556
679 0.0535424 0.0514308
680 0.0480764 0.046003
681 0.0424207 0.0403937
682 0.0365975 0.0346249
683 0.0306299 0.0287195
684 0.0245415 0.0227008
685 0.0183562 0.0165924
686 0.0120984 0.0104186
687 0.0057929 0.00420369
688 -0.000535472 -0.00202784
689 -0.00686173 -0.00825136
690 -0.0131609 -0.0144423
691 -0.0194081 -0.0205763
692 -0.0255788 -0.026629
693 -0.0316485 -0.0325767
694 -0.0375933 -0.0383958
695 -0.0433897 -0.0440634
696 -0.0490149 -0.049557
697 -0.0544466 -0.0548551
698 -0.0596635 -0.0599367
699 -0.0646449 -0.0647818
700 -0.0693712 -0.0693712
701 -0.0738237 -0.0736868
702 -0.0779848 -0.0777116
703 -0.0818382 -0.0814297
704 -0.0853686 -0.0848265
705 -0.0885621 -0.0878885
706 -0.0914061 -0.0906036
707 -0.0938894 -0.0929611
708 -0.0960021 -0.0949518
709 -0.0977359 -0.0965678
710 -0.099084 -0.0978026
711 -0.100041 -0.0986515
712 -0.100603 -0.099111
713 -0.100769 -0.0991794
714 -0.100536 -0.0988563
715 -0.0999069 -0.0981431
716 -0.0988833 -0.0970426
717 -0.0974696 -0.0955592
718 -0.0956711 -0.0936985
719 -0.0934951 -0.0914681
720 -0.0909501 -0.0888768
721 -0.0880462 -0.0859346
722 -0.0847948 -0.0826533
723 -0.0812087 -0.0790459
724 -0.0773022 -0.0751264
725 -0.0730906 -0.0709105
726 -0.0685905 -0.0664147
727 -0.0638197 -0.0616568
728 -0.0587971 -0.0566556
729 -0.0535424 -0.0514308
730 -0.0480764 -0.046003
731 -0.0424207 -0.0403937
732 -0.0365975 -0.0346249
733 -0.0306299 -0.0287195
734 -0.0245415 -0.0227008
735 -0.0183562 -0.0165924
736 -0.0120984 -0.0104186
737 -0.0057929 -0.00420369
738 0.000535472 0.00202784
739 0.00686173 0.00825136
740 0.0131609 0.0144423
741 0.0194081 0.0205763
742 0.0255788 0.026629
743 0.0316485 0.0325767
744 0.0375933 0.0383958
745 0.0433897 0.0440634
746 0.0490149 0.049557
747 0.0544466 0.0548551
748 0.0596635 0.0599367
749 0.0646449 0.0647818
750 0.0693712 0.0693712
751 0.0738237 0.0736868
752 0.0779848 0.0777116
753 0.0818382 0.0814297
754 0.0853686 0.0848265
755 0.0885621 0.0878885
756 0.0914061 0.0906036
757 0.0938894 0.0929611
758 0.0960021 0.0949518
759 0.0977359 0.0965678
760 0.099084 0.0978026
761 0.100041 0.0986515
762 0.100603 0.099111
763 0.100769 0.0991794
764 0.100536 0.0988563
765 0.0999069 0.0981431
766 0.0988833 0.0970426
767 0.0974696 0.0955592
768 0.0956711 0.0936985
769 0.0934951 0.0914681
770 0.0909501 0.0888768
771 0.0880462 0.0859346
772 0.0847948 0.0826533
773 0.0812087 0.0790459
774 0.0773022 0.0751264
775 0.0730906 0.0709105
776 0.0685905 0.0664147
777 0.0638197 0.0616568
778 0.0587971 0.0566556
779 0.0535424 0.0514308
780 0.0480764 0.046003
781 0.0424207 0.0403937
782 0.0365975 0.0346249
783 0.0306299 0.0287195
784 0.0245415 0.0227008
785 0.0183562 0.0165924
786 0.0120984 0.0104186
787 0.0057929 0.00420369
788 -0.000535472 -0.00202784
789 -0.00686173 -0.00825136
790 -0.0131609 -0.0144423
791 -0.0194081 -0.0205763
792 -0.0255788 -0.026629
793 -0.0316485 -0.0325767
794 -0.0375933 -0.0383958
795 -0.0433897 -0.0440634
796 -0.0490149 -0.049557
797 -0.0544466 -0.0548551
798 -0.0596635 -0.0599367
799 -0.0646449 -0.0647818
800 -0.0693712 -0.0693712
801 -0.0738237 -0.0736868
802 -0.0779848 -0.0777116
803 -0.0818382 -0.0814297
804 -0.0853686 -0.0848265
805 -0.0885621 -0.0878885
806 -0.0914061 -0.0906036
807 -0.0938894 -0.0929611
808 -0.0960021 -0.0949518
809 -0.0977359 -0.0965678
810 -0.099084 -0.0978026
811 -0.100041 -0.0986515
812 -0.100603 -0.099111
813 -0.100769 -0.0991794
814 -0.100536 -0.0988563
815 -0.0999069 -0.0981431
816 -0.0988833 -0.0970426
817 -0.0974696 -0.0955592
818 -0.0956711 -0.0936985
819 -0.0934951 -0.0914681
820 -0.0909501 -0.0888768
821 -0.0880462 -0.0859346
822 -0.0847948 -0.0826533
823 -0.0812087 -0.0790459
824 -0.0773022 -0.0751264
825 -0.0730906 -0.0709105
826 -0.0685905 -0.0664147
827 -0.0638197 -0.0616568
828 -0.0587971 -0.0566556
829 -0.0535424 -0.0514308
830 -0.0480764 -0.046003
831 -0.0424207 -0.0403937
832 -0.0365975 -0.0346249
833 -0.0306299 -0.0287195
834 -0.0245415 -0.0227008
835 -0.0183562 -0.0165924
836 -0.0120984 -0.0104186
837 -0.0057929 -0.00420369
838 0.000535472 0.00202784
839 0.00686173 0.00825136
840 0.0131609 0.0144423
841 0.0194081 0.0205763
842 0.0255788 0.026629
843 0.0316485 0.0325767
844 0.0375933 0.0383958
845 0.0433897 0.0440634
846 0.0490149 0.049557
847 0.0544466 0.0548551
848 0.0596635 0.0599367
849 0.0646449 0.0647818
850 0.0693712 0.0693712
851 0.0738237 0.0736868
852 0.0779848 0.0777116
853 0.0818382 0.0814297
854 0.0853686 0.0848265
855 0.0885621 0.0878885
856 0.0914061 0.0906036
857 0.0938894 0.0929611
858 0.0960021 0.0949518
859 0.0977359 0.0965678
860 0.099084 0.0978026
861 0.100041 0.0986515
862 0.100603 0.099111
863 0.100769 0.0991794
864 0.100536 0.0988563
865 0.0999069 0.0981431
866 0.0988833 0.0970426
867 0.0974696 0.0955592
868 0.0956711 0.0936985
869 0.0934951 0.0914681
870 0.0909501 0.0888768
871 0.0880462 0.0859346
872 0.0847948 0.0826533
873 0.0812087 0.0790459
874 0.0773022 0.0751264
875 0.0730906 0.0709105
876 0.0685905 0.0664147
877 0.0638197 0.0616568
878 0.0587971 0.0566556
879 0.0535424 0.0514308
880 0.0480764 0.046003
881 0.0424207 0.0403937
882 0.0365975 0.0346249
883 0.0306299 0.0287195
884 0.0245415 0.0227008
885 0.0183562 0.0165924
886 0.0120984 0.0104186
887 0.0057929 0.00420369
888 -0.000535472 -0.00202784
889 -0.00686173 -0.00825136
890 -0.0131609 -0.0144423
891 -0.0194081 -0.0205763
892 -0.0255788 -0.026629
893 -0.0316485 -0.0325767
894 -0.0375933 -0.0383958
895 -0.0433897 -0.0440634
896 -0.0490149 -0.049557
897 -0.0544466 -0.0548551
898 -0.0596635 -0.0599367
899 -0.0646449 -0.0647818
900 -0.0693712 -0.0693712
901 -0.0738237 -0.0736868
902 -0.0779848 -0.0777116
903 -0.0818382 -0.0814297
904 -0.0853686 -0.0848265
905 -0.0885621 -0.0878885
906 -0.0914061 -0.0906036
907 -0.0938894 -0.0929611
908 -0.0960021 -0.0949518
909 -0.0977359 -0.0965678
910 -0.099084 -0.0978026
911 -0.100041 -0.0986515
912 -0.100603 -0.099111
913 -0.100769 -0.0991794
914 -0.100536 -0.0988563
915 -0.0999069 -0.0981431
916 -0.0988833 -0.0970426
917 -0.0974696 -0.0955592
918 -0.0956711 -0.0936985
919 -0.0934951 -0.0914681
920 -0.0909501 -0.0888768
921 -0.0880462 -0.0859346
922 -0.0847948 -0.0826533
923 -0.0812087 -0.0790459
924 -0.0773022 -0.0751264
925 -0.0730906 -0.0709105
926 -0.0685905 -0.0664147
927 -0.0638197 -0.0616568
928 -0.0587971 -0.0566556
929 -0.0535424 -0.0514308
930 -0.0480764 -0.046003
931 -0.0424207 -0.0403937
932 -0.0365975 -0.0346249
933 -0.0306299 -0.0287195
934 -0.0245415 -0.0227008
935 -0.0183562 -0.0165924
936 -0.0120984 -0.0104186
937 -0.0057929 -0.00420369
938 0.000535472 0.00202784
939 0.00686173 0.00825136
940 0.0131609 0.0144423
941 0.0194081 0.0205763
942 0.0255788 0.026629
943 0.0316485 0.0325767
944 0.0375933 0.0383958
945 0.0433897 0.0440634
946 0.0490149 0.049557
947 0.0544466 0.0548551
948 0.0596635 0.0599367
949 0.0646449 0.0647818
950 0.0693712 0.0693712
951 0.0738237 0.0736868
952 0.0779848 0.0777116
953 0.0818382 0.0814297
954 0.0853686 0.0848265
955 0.0885621 0.0878885
956 0.0914061 0.0906036
957 0.0938894 0.0929611
958 0.0960021 0.0949518
959 0.0977359 0.0965678
960 0.099084 0.0978026
961 0.100041 0.0986515
962 0.100603 0.099111
963 0.100769 0.0991794
964 0.100536 0.0988563
965 0.0999069 0.0981431
966 0.0988833 0.0970426
967 0.0974696 0.0955592
968 0.0956711 0.0936985
969 0.0934951 0.0914681
970 0.0909501 0.0888768
971 0.0880462 0.0859346
972 0.0847948 0.0826533
973 0.0812087 0.0790459
974 0.0773022 0.0751264
975 0.0730906 0.0709105
976 0.0685905 0.0664147
977 0.0638197 0.0616568
978 0.0587971 0.0566556
979 0.0535424 0.0514308
980 0.0480764 0.046003
981 0.0424207 0.0403937
982 0.0365975 0.0346249
983 0.0306299 0.0287195
984 0.0245415 0.0227008
985 0.0183562 0.0165924
986 0.0120984 0.0104186
987 0.0057929 0.00420369
988 -0.000535472 -0.00202784
989 -0.00686173 -0.00825136
990 -0.0131609 -0.0144423
991 -0.0194081 -0.0205763
992 -0.0255788 -0.026629
993 -0.0316485 -0.0325767
994 -0.0375933 -0.0383958
995 -0.0433897 -0.0440634
996 -0.0490149 -0.049557
997 -0.0544466 -0.0548551
998 -0.0596635 -0.0599367
999 -0.0646449 -0.0647818
