0 -0.0998486 -0.0998486
1 -0.0994497 -0.0992527
2 -0.0986583 -0.0982651
3 -0.0974776 -0.0968896
4 -0.0959122 -0.0951319
5 -0.0939683 -0.0929986
6 -0.0916535 -0.0904984
7 -0.088977 -0.087641
8 -0.0859494 -0.0844377
9 -0.0825825 -0.0809012
10 -0.0788897 -0.0770453
11 -0.0748856 -0.0728855
12 -0.070586 -0.068438
13 -0.0660078 -0.0637204
14 -0.061169 -0.0587513
15 -0.0560889 -0.0535503
16 -0.0507874 -0.048138
17 -0.0452855 -0.0425358
18 -0.0396049 -0.0367657
19 -0.0337679 -0.0308504
20 -0.0277977 -0.0248134
21 -0.0217178 -0.0186785
22 -0.0155522 -0.0124699
23 -0.00932519 -0.00621206
24 -0.00306138 7.02932e-05
25 0.0032145 0.00635237
26 0.0094777 0.0126094
27 0.0157035 0.0188166
28 0.0218673 0.0249496
29 0.0279448 0.0309841
30 0.0339121 0.0368964
31 0.0397455 0.042663
32 0.045422 0.0482612
33 0.0509193 0.053669
34 0.0562156 0.058865
35 0.0612901 0.0638287
36 0.0661227 0.0685405
37 0.0706943 0.0729817
38 0.0749869 0.077135
39 0.0789836 0.0809838
40 0.0826686 0.084513
41 0.0860273 0.0877087
42 0.0890466 0.0905582
43 0.0917143 0.0930504
44 0.0940202 0.0951753
45 0.095955 0.0969246
46 0.097511 0.0982914
47 0.0986823 0.0992703
48 0.0994641 0.0998574
49 0.0998534 0.10005
50 0.0998486 0.0998486
51 0.0994497 0.0992527
52 0.0986583 0.0982651
53 0.0974776 0.0968896
54 0.0959122 0.0951319
55 0.0939683 0.0929986
56 0.0916535 0.0904984
57 0.088977 0.087641
58 0.0859494 0.0844377
59 0.0825825 0.0809012
60 0.0788897 0.0770453
61 0.0748856 0.0728855
62 0.070586 0.068438
63 0.0660078 0.0637204
64 0.061169 0.0587513
65 0.0560889 0.0535503
66 0.0507874 0.048138
67 0.0452855 0.0425358
68 0.0396049 0.0367657
69 0.0337679 0.0308504
70 0.0277977 0.0248134
71 0.0217178 0.0186785
72 0.0155522 0.0124699
73 0.00932519 0.00621206
74 0.00306138 -7.02932e-05
75 -0.0032145 -0.00635237
76 -0.0094777 -0.0126094
77 -0.0157035 -0.0188166
78 -0.0218673 -0.0249496
79 -0.0279448 -0.0309841
80 -0.0339121 -0.0368964
81 -0.0397455 -0.042663
82 -0.045422 -0.0482612
83 -0.0509193 -0.053669
84 -0.0562156 -0.058865
85 -0.0612901 -0.0638287
86 -0.0661227 -0.0685405
87 -0.0706943 -0.0729817
88 -0.0749869 -0.077135
89 -0.0789836 -0.0809838
90 -0.0826686 -0.084513
91 -0.0860273 -0.0877087
92 -0.0890466 -0.0905582
93 -0.0917143 -0.0930504
94 -0.0940202 -0.0951753
95 -0.095955 -0.0969246
96 -0.097511 -0.0982914
97 -0.0986823 -0.0992703
98 -0.0994641 -0.0998574
99 -0.0998534 -0.10005
100 -0.0998486 -0.0998486
101 -0.0994497 -0.0992527
102 -0.0986583 -0.0982651
103 -0.0974776 -0.0968896
104 -0.0959122 -0.0951319
105 -0.0939683 -0.0929986
106 -0.0916535 -0.0904984
107 -0.088977 -0.087641
108 -0.0859494 -0.0844377
109 -0.0825825 -0.0809012
110 -0.0788897 -0.0770453
111 -0.0748856 -0.0728855
112 -0.070586 -0.068438
113 -0.0660078 -0.0637204
114 -0.061169 -0.0587513
115 -0.0560889 -0.0535503
116 -0.0507874 -0.048138
117 -0.0452855 -0.0425358
118 -0.0396049 -0.0367657
119 -0.0337679 -0.0308504
120 -0.0277977 -0.0248134
121 -0.0217178 -0.0186785
122 -0.0155522 -0.0124699
123 -0.00932519 -0.00621206
124 -0.00306138 7.02932e-05
125 0.0032145 0.00635237
126 0.0094777 0.0126094
127 0.0157035 0.0188166
128 0.0218673 0.0249496
129 0.0279448 0.0309841
130 0.0339121 0.0368964
131 0.0397455 0.042663
132 0.045422 0.0482612
133 0.0509193 0.053669
134 0.0562156 0.058865
135 0.0612901 0.0638287
136 0.0661227 0.0685405
137 0.0706943 0.0729817
138 0.0749869 0.077135
139 0.0789836 0.0809838
140 0.0826686 0.084513
141 0.0860273 0.0877087
142 0.0890466 0.0905582
143 0.0917143 0.0930504
144 0.0940202 0.0951753
145 0.095955 0.0969246
146 0.097511 0.0982914
147 0.0986823 0.0992703
148 0.0994641 0.0998574
149 0.0998534 0.10005
150 0.0998486 0.0998486
151 0.0994497 0.0992527
152 0.0986583 0.0982651
153 0.0974776 0.0968896
154 0.0959122 0.0951319
155 0.0939683 0.0929986
156 0.0916535 0.0904984
157 0.088977 0.087641
158 0.0859494 0.0844377
159 0.0825825 0.0809012
160 0.0788897 0.0770453
161 0.0748856 0.0728855
162 0.070586 0.068438
163 0.0660078 0.0637204
164 0.061169 0.0587513
165 0.0560889 0.0535503
166 0.0507874 0.048138
167 0.0452855 0.0425358
168 0.0396049 0.0367657
169 0.0337679 0.0308504
170 0.0277977 0.0248134
171 0.0217178 0.0186785
172 0.0155522 0.0124699
173 0.00932519 0.00621206
174 0.00306138 -7.02932e-05
175 -0.0032145 -0.00635237
176 -0.0094777 -0.0126094
177 -0.0157035 -0.0188166
178 -0.0218673 -0.0249496
179 -0.0279448 -0.0309841
180 -0.0339121 -0.0368964
181 -0.0397455 -0.042663
182 -0.045422 -0.0482612
183 -0.0509193 -0.053669
184 -0.0562156 -0.058865
185 -0.0612901 -0.0638287
186 -0.0661227 -0.0685405
187 -0.0706943 -0.0729817
188 -0.0749869 -0.077135
189 -0.0789836 -0.0809838
190 -0.0826686 -0.084513
191 -0.0860273 -0.0877087
192 -0.0890466 -0.0905582
193 -0.0917143 -0.0930504
194 -0.0940202 -0.0951753
195 -0.095955 -0.0969246
196 -0.097511 -0.0982914
197 -0.0986823 -0.0992703
198 -0.0994641 -0.0998574
199 -0.0998534 -0.10005
200 -0.0998486 -0.0998486
201 -0.0994497 -0.0992527
202 -0.0986583 -0.0982651
203 -0.0974776 -0.0968896
204 -0.0959122 -0.0951319
205 -0.0939683 -0.0929986
206 -0.0916535 -0.0904984
207 -0.088977 -0.087641
208 -0.0859494 -0.0844377
209 -0.0825825 -0.0809012
210 -0.0788897 -0.0770453
211 -0.0748856 -0.0728855
212 -0.070586 -0.068438
213 -0.0660078 -0.0637204
214 -0.061169 -0.0587513
215 -0.0560889 -0.0535503
216 -0.0507874 -0.048138
217 -0.0452855 -0.0425358
218 -0.0396049 -0.0367657
219 -0.0337679 -0.0308504
220 -0.0277977 -0.0248134
221 -0.0217178 -0.0186785
222 -0.0155522 -0.0124699
223 -0.00932519 -0.00621206
224 -0.00306138 7.02932e-05
225 0.0032145 0.00635237
226 0.0094777 0.0126094
227 0.0157035 0.0188166
228 0.0218673 0.0249496
229 0.0279448 0.0309841
230 0.0339121 0.0368964
231 0.0397455 0.042663
232 0.045422 0.0482612
233 0.0509193 0.053669
234 0.0562156 0.058865
235 0.0612901 0.0638287
236 0.0661227 0.0685405
237 0.0706943 0.0729817
238 0.0749869 0.077135
239 0.0789836 0.0809838
240 0.0826686 0.084513
241 0.0860273 0.0877087
242 0.0890466 0.0905582
243 0.0917143 0.0930504
244 0.0940202 0.0951753
245 0.095955 0.0969246
246 0.097511 0.0982914
247 0.0986823 0.0992703
248 0.0994641 0.0998574
249 0.0998534 0.10005
250 0.0998486 0.0998486
251 0.0994497 0.0992527
252 0.0986583 0.0982651
253 0.0974776 0.0968896
254 0.0959122 0.0951319
255 0.0939683 0.0929986
256 0.0916535 0.0904984
257 0.088977 0.087641
258 0.0859494 0.0844377
259 0.0825825 0.0809012
260 0.0788897 0.0770453
261 0.0748856 0.0728855
262 0.070586 0.068438
263 0.0660078 0.0637204
264 0.061169 0.0587513
265 0.0560889 0.0535503
266 0.0507874 0.048138
267 0.0452855 0.0425358
268 0.0396049 0.0367657
269 0.0337679 0.0308504
270 0.0277977 0.0248134
271 0.0217178 0.0186785
272 0.0155522 0.0124699
273 0.00932519 0.00621206
274 0.00306138 -7.02932e-05
275 -0.0032145 -0.00635237
276 -0.0094777 -0.0126094
277 -0.0157035 -0.0188166
278 -0.0218673 -0.0249496
279 -0.0279448 -0.0309841
280 -0.0339121 -0.0368964
281 -0.0397455 -0.042663
282 -0.045422 -0.0482612
283 -0.0509193 -0.053669
284 -0.0562156 -0.058865
285 -0.0612901 -0.0638287
286 -0.0661227 -0.0685405
287 -0.0706943 -0.0729817
288 -0.0749869 -0.077135
289 -0.0789836 -0.0809838
290 -0.0826686 -0.084513
291 -0.0860273 -0.0877087
292 -0.0890466 -0.0905582
293 -0.0917143 -0.0930504
294 -0.0940202 -0.0951753
295 -0.095955 -0.0969246
296 -0.097511 -0.0982914
297 -0.0986823 -0.0992703
298 -0.0994641 -0.0998574
299 -0.0998534 -0.10005
300 -0.0998486 -0.0998486
301 -0.0994497 -0.0992527
302 -0.0986583 -0.0982651
303 -0.0974776 -0.0968896
304 -0.0959122 -0.0951319
305 -0.0939683 -0.0929986
306 -0.0916535 -0.0904984
307 -0.088977 -0.087641
308 -0.0859494 -0.0844377
309 -0.0825825 -0.0809012
310 -0.0788897 -0.0770453
311 -0.0748856 -0.0728855
312 -0.070586 -0.068438
313 -0.0660078 -0.0637204
314 -0.061169 -0.0587513
315 -0.0560889 -0.0535503
316 -0.0507874 -0.048138
317 -0.0452855 -0.0425358
318 -0.0396049 -0.0367657
319 -0.0337679 -0.0308504
320 -0.0277977 -0.0248134
321 -0.0217178 -0.0186785
322 -0.0155522 -0.0124699
323 -0.00932519 -0.00621206
324 -0.00306138 7.02932e-05
325 0.0032145 0.00635237
326 0.0094777 0.0126094
327 0.0157035 0.0188166
328 0.0218673 0.0249496
329 0.0279448 0.0309841
330 0.0339121 0.0368964
331 0.0397455 0.042663
332 0.045422 0.0482612
333 0.0509193 0.053669
334 0.0562156 0.058865
335 0.0612901 0.0638287
336 0.0661227 0.0685405
337 0.0706943 0.0729817
338 0.0749869 0.077135
339 0.0789836 0.0809838
340 0.0826686 0.084513
341 0.0860273 0.0877087
342 0.0890466 0.0905582
343 0.0917143 0.0930504
344 0.0940202 0.0951753
345 0.095955 0.0969246
346 0.097511 0.0982914
347 0.0986823 0.0992703
348 0.0994641 0.0998574
349 0.0998534 0.10005
350 0.0998486 0.0998486
351 0.0994497 0.0992527
352 0.0986583 0.0982651
353 0.0974776 0.0968896
354 0.0959122 0.0951319
355 0.0939683 0.0929986
356 0.0916535 0.0904984
357 0.088977 0.087641
358 0.0859494 0.0844377
359 0.0825825 0.0809012
360 0.0788897 0.0770453
361 0.0748856 0.0728855
362 0.070586 0.068438
363 0.0660078 0.0637204
364 0.061169 0.0587513
365 0.0560889 0.0535503
366 0.0507874 0.048138
367 0.0452855 0.0425358
368 0.0396049 0.0367657
369 0.0337679 0.0308504
370 0.0277977 0.0248134
371 0.0217178 0.0186785
372 0.0155522 0.0124699
373 0.00932519 0.00621206
374 0.00306138 -7.02932e-05
375 -0.0032145 -0.00635237
376 -0.0094777 -0.0126094
377 -0.0157035 -0.0188166
378 -0.0218673 -0.0249496
379 -0.0279448 -0.0309841
380 -0.0339121 -0.0368964
381 -0.0397455 -0.042663
382 -0.045422 -0.0482612
383 -0.0509193 -0.053669
384 -0.0562156 -0.058865
385 -0.0612901 -0.0638287
386 -0.0661227 -0.0685405
387 -0.0706943 -0.0729817
388 -0.0749869 -0.077135
389 -0.0789836 -0.0809838
390 -0.0826686 -0.084513
391 -0.0860273 -0.0877087
392 -0.0890466 -0.0905582
393 -0.0917143 -0.0930504
394 -0.0940202 -0.0951753
395 -0.095955 -0.0969246
396 -0.097511 -0.0982914
397 -0.0986823 -0.0992703
398 -0.0994641 -0.0998574
399 -0.0998534 -0.10005
400 -0.0998486 -0.0998486
401 -0.0994497 -0.0992527
402 -0.0986583 -0.0982651
403 -0.0974776 -0.0968896
404 -0.0959122 -0.0951319
405 -0.0939683 -0.0929986
406 -0.0916535 -0.0904984
407 -0.088977 -0.087641
408 -0.0859494 -0.0844377
409 -0.0825825 -0.0809012
410 -0.0788897 -0.0770453
411 -0.0748856 -0.0728855
412 -0.070586 -0.068438
413 -0.0660078 -0.0637204
414 -0.061169 -0.0587513
415 -0.0560889 -0.0535503
416 -0.0507874 -0.048138
417 -0.0452855 -0.0425358
418 -0.0396049 -0.0367657
419 -0.0337679 -0.0308504
420 -0.0277977 -0.0248134
421 -0.0217178 -0.0186785
422 -0.0155522 -0.0124699
423 -0.00932519 -0.00621206
424 -0.00306138 7.02932e-05
425 0.0032145 0.00635237
426 0.0094777 0.0126094
427 0.0157035 0.0188166
428 0.0218673 0.0249496
429 0.0279448 0.0309841
430 0.0339121 0.0368964
431 0.0397455 0.042663
432 0.045422 0.0482612
433 0.0509193 0.053669
434 0.0562156 0.058865
435 0.0612901 0.0638287
436 0.0661227 0.0685405
437 0.0706943 0.0729817
438 0.0749869 0.077135
439 0.0789836 0.0809838
440 0.0826686 0.084513
441 0.0860273 0.0877087
442 0.0890466 0.0905582
443 0.0917143 0.0930504
444 0.0940202 0.0951753
445 0.095955 0.0969246
446 0.097511 0.0982914
447 0.0986823 0.0992703
448 0.0994641 0.0998574
449 0.0998534 0.10005
450 0.0998486 0.0998486
451 0.0994497 0.0992527
452 0.0986583 0.0982651
453 0.0974776 0.0968896
454 0.0959122 0.0951319
455 0.0939683 0.0929986
456 0.0916535 0.0904984
457 0.088977 0.087641
458 0.0859494 0.0844377
459 0.0825825 0.0809012
460 0.0788897 0.0770453
461 0.0748856 0.0728855
462 0.070586 0.068438
463 0.0660078 0.0637204
464 0.061169 0.0587513
465 0.0560889 0.0535503
466 0.0507874 0.048138
467 0.0452855 0.0425358
468 0.0396049 0.0367657
469 0.0337679 0.0308504
470 0.0277977 0.0248134
471 0.0217178 0.0186785
472 0.0155522 0.0124699
473 0.00932519 0.00621206
474 0.00306138 -7.02932e-05
475 -0.0032145 -0.00635237
476 -0.0094777 -0.0126094
477 -0.0157035 -0.0188166
478 -0.0218673 -0.0249496
479 -0.0279448 -0.0309841
480 -0.0339121 -0.0368964
481 -0.0397455 -0.042663
482 -0.045422 -0.0482612
483 -0.0509193 -0.053669
484 -0.0562156 -0.058865
485 -0.0612901 -0.0638287
486 -0.0661227 -0.0685405
487 -0.0706943 -0.0729817
488 -0.0749869 -0.077135
489 -0.0789836 -0.0809838
490 -0.0826686 -0.084513
491 -0.0860273 -0.0877087
492 -0.0890466 -0.0905582
493 -0.0917143 -0.0930504
494 -0.0940202 -0.0951753
495 -0.095955 -0.0969246
496 -0.097511 -0.0982914
497 -0.0986823 -0.0992703
498 -0.0994641 -0.0998574
499 -0.0998534 -0.10005
500 -0.0998486 -0.0998486
501 -0.0994497 -0.0992527
502 -0.0986583 -0.0982651
503 -0.0974776 -0.0968896
504 -0.0959122 -0.0951319
505 -0.0939683 -0.0929986
506 -0.0916535 -0.0904984
507 -0.088977 -0.087641
508 -0.0859494 -0.0844377
509 -0.0825825 -0.0809012
510 -0.0788897 -0.0770453
511 -0.0748856 -0.0728855
512 -0.070586 -0.068438
513 -0.0660078 -0.0637204
514 -0.061169 -0.0587513
515 -0.0560889 -0.0535503
516 -0.0507874 -0.048138
517 -0.0452855 -0.0425358
518 -0.0396049 -0.0367657
519 -0.0337679 -0.0308504
520 -0.0277977 -0.0248134
521 -0.0217178 -0.0186785
522 -0.0155522 -0.0124699
523 -0.00932519 -0.00621206
524 -0.00306138 7.02932e-05
525 0.0032145 0.00635237
526 0.0094777 0.0126094
527 0.0157035 0.0188166
528 0.0218673 0.0249496
529 0.0279448 0.0309841
530 0.0339121 0.0368964
531 0.0397455 0.042663
532 0.045422 0.0482612
533 0.0509193 0.053669
534 0.0562156 0.058865
535 0.0612901 0.0638287
536 0.0661227 0.0685405
537 0.0706943 0.0729817
538 0.0749869 0.077135
539 0.0789836 0.0809838
540 0.0826686 0.084513
541 0.0860273 0.0877087
542 0.0890466 0.0905582
543 0.0917143 0.0930504
544 0.0940202 0.0951753
545 0.095955 0.0969246
546 0.097511 0.0982914
547 0.0986823 0.0992703
548 0.0994641 0.0998574
549 0.0998534 0.10005
550 0.0998486 0.0998486
551 0.0994497 0.0992527
552 0.0986583 0.0982651
553 0.0974776 0.0968896
554 0.0959122 0.0951319
555 0.0939683 0.0929986
556 0.0916535 0.0904984
557 0.088977 0.087641
558 0.0859494 0.0844377
559 0.0825825 0.0809012
560 0.0788897 0.0770453
561 0.0748856 0.0728855
562 0.070586 0.068438
563 0.0660078 0.0637204
564 0.061169 0.0587513
565 0.0560889 0.0535503
566 0.0507874 0.048138
567 0.0452855 0.0425358
568 0.0396049 0.0367657
569 0.0337679 0.0308504
570 0.0277977 0.0248134
571 0.0217178 0.0186785
572 0.0155522 0.0124699
573 0.00932519 0.00621206
574 0.00306138 -7.02932e-05
575 -0.0032145 -0.00635237
576 -0.0094777 -0.0126094
577 -0.0157035 -0.0188166
578 -0.0218673 -0.0249496
579 -0.0279448 -0.0309841
580 -0.0339121 -0.0368964
581 -0.0397455 -0.042663
582 -0.045422 -0.0482612
583 -0.0509193 -0.053669
584 -0.0562156 -0.058865
585 -0.0612901 -0.0638287
586 -0.0661227 -0.0685405
587 -0.0706943 -0.0729817
588 -0.0749869 -0.077135
589 -0.0789836 -0.0809838
590 -0.0826686 -0.084513
591 -0.0860273 -0.0877087
592 -0.0890466 -0.0905582
593 -0.0917143 -0.0930504
594 -0.0940202 -0.0951753
595 -0.095955 -0.0969246
596 -0.097511 -0.0982914
597 -0.0986823 -0.0992703
598 -0.0994641 -0.0998574
599 -0.0998534 -0.10005
600 -0.0998486 -0.0998486
601 -0.0994497 -0.0992527
602 -0.0986583 -0.0982651
603 -0.0974776 -0.0968896
604 -0.0959122 -0.0951319
605 -0.0939683 -0.0929986
606 -0.0916535 -0.0904984
607 -0.088977 -0.087641
608 -0.0859494 -0.0844377
609 -0.0825825 -0.0809012
610 -0.0788897 -0.0770453
611 -0.0748856 -0.0728855
612 -0.070586 -0.068438
613 -0.0660078 -0.0637204
614 -0.061169 -0.0587513
615 -0.0560889 -0.0535503
616 -0.0507874 -0.048138
617 -0.0452855 -0.0425358
618 -0.0396049 -0.0367657
619 -0.0337679 -0.0308504
620 -0.0277977 -0.0248134
621 -0.0217178 -0.0186785
622 -0.0155522 -0.0124699
623 -0.00932519 -0.00621206
624 -0.00306138 7.02932e-05
625 0.0032145 0.00635237
626 0.0094777 0.0126094
627 0.0157035 0.0188166
628 0.0218673 0.0249496
629 0.0279448 0.0309841
630 0.0339121 0.0368964
631 0.0397455 0.042663
632 0.045422 0.0482612
633 0.0509193 0.053669
634 0.0562156 0.058865
635 0.0612901 0.0638287
636 0.0661227 0.0685405
637 0.0706943 0.0729817
638 0.0749869 0.077135
639 0.0789836 0.0809838
640 0.0826686 0.084513
641 0.0860273 0.0877087
642 0.0890466 0.0905582
643 0.0917143 0.0930504
644 0.0940202 0.0951753
645 0.095955 0.0969246
646 0.097511 0.0982914
647 0.0986823 0.0992703
648 0.0994641 0.0998574
649 0.0998534 0.10005
650 0.0998486 0.0998486
651 0.0994497 0.0992527
652 0.0986583 0.0982651
653 0.0974776 0.0968896
654 0.0959122 0.0951319
655 0.0939683 0.0929986
656 0.0916535 0.0904984
657 0.088977 0.087641
658 0.0859494 0.0844377
659 0.0825825 0.0809012
660 0.0788897 0.0770453
661 0.0748856 0.0728855
662 0.070586 0.068438
663 0.0660078 0.0637204
664 0.061169 0.0587513
665 0.0560889 0.0535503
666 0.0507874 0.048138
667 0.0452855 0.0425358
668 0.0396049 0.0367657
669 0.0337679 0.0308504
670 0.0277977 0.0248134
671 0.0217178 0.0186785
672 0.0155522 0.0124699
673 0.00932519 0.00621206
674 0.00306138 -7.02932e-05
675 -0.0032145 -0.00635237
676 -0.0094777 -0.0126094
677 -0.0157035 -0.0188166
678 -0.0218673 -0.0249496
679 -0.0279448 -0.0309841
680 -0.0339121 -0.0368964
681 -0.0397455 -0.042663
682 -0.045422 -0.0482612
683 -0.0509193 -0.053669
684 -0.0562156 -0.058865
685 -0.0612901 -0.0638287
686 -0.0661227 -0.0685405
687 -0.0706943 -0.0729817
688 -0.0749869 -0.077135
689 -0.0789836 -0.0809838
690 -0.0826686 -0.084513
691 -0.0860273 -0.0877087
692 -0.0890466 -0.0905582
693 -0.0917143 -0.0930504
694 -0.0940202 -0.0951753
695 -0.095955 -0.0969246
696 -0.097511 -0.0982914
697 -0.0986823 -0.0992703
698 -0.0994641 -0.0998574
699 -0.0998534 -0.10005
700 -0.0998486 -0.0998486
701 -0.0994497 -0.0992527
702 -0.0986583 -0.0982651
703 -0.0974776 -0.0968896
704 -0.0959122 -0.0951319
705 -0.0939683 -0.0929986
706 -0.0916535 -0.0904984
707 -0.088977 -0.087641
708 -0.0859494 -0.0844377
709 -0.0825825 -0.0809012
710 -0.0788897 -0.0770453
711 -0.0748856 -0.0728855
712 -0.070586 -0.068438
713 -0.0660078 -0.0637204
714 -0.061169 -0.0587513
715 -0.0560889 -0.0535503
716 -0.0507874 -0.048138
717 -0.0452855 -0.0425358
718 -0.0396049 -0.0367657
719 -0.0337679 -0.0308504
720 -0.0277977 -0.0248134
721 -0.0217178 -0.0186785
722 -0.0155522 -0.0124699
723 -0.00932519 -0.00621206
724 -0.00306138 7.02932e-05
725 0.0032145 0.00635237
726 0.0094777 0.0126094
727 0.0157035 0.0188166
728 0.0218673 0.0249496
729 0.0279448 0.0309841
730 0.0339121 0.0368964
731 0.0397455 0.042663
732 0.045422 0.0482612
733 0.0509193 0.053669
734 0.0562156 0.058865
735 0.0612901 0.0638287
736 0.0661227 0.0685405
737 0.0706943 0.0729817
738 0.0749869 0.077135
739 0.0789836 0.0809838
740 0.0826686 0.084513
741 0.0860273 0.0877087
742 0.0890466 0.0905582
743 0.0917143 0.0930504
744 0.0940202 0.0951753
745 0.095955 0.0969246
746 0.097511 0.0982914
747 0.0986823 0.0992703
748 0.0994641 0.0998574
749 0.0998534 0.10005
750 0.0998486 0.0998486
751 0.0994497 0.0992527
752 0.0986583 0.0982651
753 0.0974776 0.0968896
754 0.0959122 0.0951319
755 0.0939683 0.0929986
756 0.0916535 0.0904984
757 0.088977 0.087641
758 0.0859494 0.0844377
759 0.0825825 0.0809012
760 0.0788897 0.0770453
761 0.0748856 0.0728855
762 0.070586 0.068438
763 0.0660078 0.0637204
764 0.061169 0.0587513
765 0.0560889 0.0535503
766 0.0507874 0.048138
767 0.0452855 0.0425358
768 0.0396049 0.0367657
769 0.0337679 0.0308504
770 0.0277977 0.0248134
771 0.0217178 0.0186785
772 0.0155522 0.0124699
773 0.00932519 0.00621206
774 0.00306138 -7.02932e-05
775 -0.0032145 -0.00635237
776 -0.0094777 -0.0126094
777 -0.0157035 -0.0188166
778 -0.0218673 -0.0249496
779 -0.0279448 -0.0309841
780 -0.0339121 -0.0368964
781 -0.0397455 -0.042663
782 -0.045422 -0.0482612
783 -0.0509193 -0.053669
784 -0.0562156 -0.058865
785 -0.0612901 -0.0638287
786 -0.0661227 -0.0685405
787 -0.0706943 -0.0729817
788 -0.0749869 -0.077135
789 -0.0789836 -0.0809838
790 -0.0826686 -0.084513
791 -0.0860273 -0.0877087
792 -0.0890466 -0.0905582
793 -0.0917143 -0.0930504
794 -0.0940202 -0.0951753
795 -0.095955 -0.0969246
796 -0.097511 -0.0982914
797 -0.0986823 -0.0992703
798 -0.0994641 -0.0998574
799 -0.0998534 -0.10005
800 -0.0998486 -0.0998486
801 -0.0994497 -0.0992527
802 -0.0986583 -0.0982651
803 -0.0974776 -0.0968896
804 -0.0959122 -0.0951319
805 -0.0939683 -0.0929986
806 -0.0916535 -0.0904984
807 -0.088977 -0.087641
808 -0.0859494 -0.0844377
809 -0.0825825 -0.0809012
810 -0.0788897 -0.0770453
811 -0.0748856 -0.0728855
812 -0.070586 -0.068438
813 -0.0660078 -0.0637204
814 -0.061169 -0.0587513
815 -0.0560889 -0.0535503
816 -0.0507874 -0.048138
817 -0.0452855 -0.0425358
818 -0.0396049 -0.0367657
819 -0.0337679 -0.0308504
820 -0.0277977 -0.0248134
821 -0.0217178 -0.0186785
822 -0.0155522 -0.0124699
823 -0.00932519 -0.00621206
824 -0.00306138 7.02932e-05
825 0.0032145 0.00635237
826 0.0094777 0.0126094
827 0.0157035 0.0188166
828 0.0218673 0.0249496
829 0.0279448 0.0309841
830 0.0339121 0.0368964
831 0.0397455 0.042663
832 0.045422 0.0482612
833 0.0509193 0.053669
834 0.0562156 0.058865
835 0.0612901 0.0638287
836 0.0661227 0.0685405
837 0.0706943 0.0729817
838 0.0749869 0.077135
839 0.0789836 0.0809838
840 0.0826686 0.084513
841 0.0860273 0.0877087
842 0.0890466 0.0905582
843 0.0917143 0.0930504
844 0.0940202 0.0951753
845 0.095955 0.0969246
846 0.097511 0.0982914
847 0.0986823 0.0992703
848 0.0994641 0.0998574
849 0.0998534 0.10005
850 0.0998486 0.0998486
851 0.0994497 0.0992527
852 0.0986583 0.0982651
853 0.0974776 0.0968896
854 0.0959122 0.0951319
855 0.0939683 0.0929986
856 0.0916535 0.0904984
857 0.088977 0.087641
858 0.0859494 0.0844377
859 0.0825825 0.0809012
860 0.0788897 0.0770453
861 0.0748856 0.0728855
862 0.070586 0.068438
863 0.0660078 0.0637204
864 0.061169 0.0587513
865 0.0560889 0.0535503
866 0.0507874 0.048138
867 0.0452855 0.0425358
868 0.0396049 0.0367657
869 0.0337679 0.0308504
870 0.0277977 0.0248134
871 0.0217178 0.0186785
872 0.0155522 0.0124699
873 0.00932519 0.00621206
874 0.00306138 -7.02932e-05
875 -0.0032145 -0.00635237
876 -0.0094777 -0.0126094
877 -0.0157035 -0.0188166
878 -0.0218673 -0.0249496
879 -0.0279448 -0.0309841
880 -0.0339121 -0.0368964
881 -0.0397455 -0.042663
882 -0.045422 -0.0482612
883 -0.0509193 -0.053669
884 -0.0562156 -0.058865
885 -0.0612901 -0.0638287
886 -0.0661227 -0.0685405
887 -0.0706943 -0.0729817
888 -0.0749869 -0.077135
889 -0.0789836 -0.0809838
890 -0.0826686 -0.084513
891 -0.0860273 -0.0877087
892 -0.0890466 -0.0905582
893 -0.0917143 -0.0930504
894 -0.0940202 -0.0951753
895 -0.095955 -0.0969246
896 -0.097511 -0.0982914
897 -0.0986823 -0.0992703
898 -0.0994641 -0.0998574
899 -0.0998534 -0.10005
900 -0.0998486 -0.0998486
901 -0.0994497 -0.0992527
902 -0.0986583 -0.0982651
903 -0.0974776 -0.0968896
904 -0.0959122 -0.0951319
905 -0.0939683 -0.0929986
906 -0.0916535 -0.0904984
907 -0.088977 -0.087641
908 -0.0859494 -0.0844377
909 -0.0825825 -0.0809012
910 -0.0788897 -0.0770453
911 -0.0748856 -0.0728855
912 -0.070586 -0.068438
913 -0.0660078 -0.0637204
914 -0.061169 -0.0587513
915 -0.0560889 -0.0535503
916 -0.0507874 -0.048138
917 -0.0452855 -0.0425358
918 -0.0396049 -0.0367657
919 -0.0337679 -0.0308504
920 -0.0277977 -0.0248134
921 -0.0217178 -0.0186785
922 -0.0155522 -0.0124699
923 -0.00932519 -0.00621206
924 -0.00306138 7.02932e-05
925 0.0032145 0.00635237
926 0.0094777 0.0126094
927 0.0157035 0.0188166
928 0.0218673 0.0249496
929 0.0279448 0.0309841
930 0.0339121 0.0368964
931 0.0397455 0.042663
932 0.045422 0.0482612
933 0.0509193 0.053669
934 0.0562156 0.058865
935 0.0612901 0.0638287
936 0.0661227 0.0685405
937 0.0706943 0.0729817
938 0.0749869 0.077135
939 0.0789836 0.0809838
940 0.0826686 0.084513
941 0.0860273 0.0877087
942 0.0890466 0.0905582
943 0.0917143 0.0930504
944 0.0940202 0.0951753
945 0.095955 0.0969246
946 0.097511 0.0982914
947 0.0986823 0.0992703
948 0.0994641 0.0998574
949 0.0998534 0.10005
950 0.0998486 0.0998486
951 0.0994497 0.0992527
952 0.0986583 0.0982651
953 0.0974776 0.0968896
954 0.0959122 0.0951319
955 0.0939683 0.0929986
956 0.0916535 0.0904984
957 0.088977 0.087641
958 0.0859494 0.0844377
959 0.0825825 0.0809012
960 0.0788897 0.0770453
961 0.0748856 0.0728855
962 0.070586 0.068438
963 0.0660078 0.0637204
964 0.061169 0.0587513
965 0.0560889 0.0535503
966 0.0507874 0.048138
967 0.0452855 0.0425358
968 0.0396049 0.0367657
969 0.0337679 0.0308504
970 0.0277977 0.0248134
971 0.0217178 0.0186785
972 0.0155522 0.0124699
973 0.00932519 0.00621206
974 0.00306138 -7.02932e-05
975 -0.0032145 -0.00635237
976 -0.0094777 -0.0126094
977 -0.0157035 -0.0188166
978 -0.0218673 -0.0249496
979 -0.0279448 -0.0309841
980 -0.0339121 -0.0368964
981 -0.0397455 -0.042663
982 -0.045422 -0.0482612
983 -0.0509193 -0.053669
984 -0.0562156 -0.058865
985 -0.0612901 -0.0638287
986 -0.0661227 -0.0685405
987 -0.0706943 -0.0729817
988 -0.0749869 -0.077135
989 -0.0789836 -0.0809838
990 -0.0826686 -0.084513
991 -0.0860273 -0.0877087
992 -0.0890466 -0.0905582
993 -0.0917143 -0.0930504
994 -0.0940202 -0.0951753
995 -0.095955 -0.0969246
996 -0.097511 -0.0982914
997 -0.0986823 -0.0992703
998 -0.0994641 -0.0998574
999 -0.0998534 -0.10005
