0 -0.0939437 -0.0939437
1 -0.0917051 -0.0915197
2 -0.0891045 -0.0887345
3 -0.0861523 -0.0855991
4 -0.0828601 -0.0821259
5 -0.0792408 -0.0783285
6 -0.0753089 -0.0742221
7 -0.0710797 -0.0698227
8 -0.06657 -0.0651477
9 -0.0617976 -0.0602157
10 -0.0567813 -0.055046
11 -0.0515409 -0.049659
12 -0.0460971 -0.0440761
13 -0.0404714 -0.0383192
14 -0.0346859 -0.0324111
15 -0.0287636 -0.0263751
16 -0.0227277 -0.020235
17 -0.0166022 -0.0140151
18 -0.0104111 -0.00773979
19 -0.00417896 -0.00143398
20 0.00206969 0.0048775
21 0.00831018 0.0111697
22 0.0145179 0.0174179
23 0.0206683 0.0235973
24 0.0267371 0.0296836
25 0.0327004 0.0356527
26 0.0385346 0.0414811
27 0.0442168 0.0471458
28 0.0497245 0.0526245
29 0.0550359 0.0578954
30 0.0601301 0.0629379
31 0.064987 0.067732
32 0.0695875 0.0722588
33 0.0739133 0.0765004
34 0.0779474 0.0804401
35 0.0816739 0.0840624
36 0.0850781 0.0873529
37 0.0881465 0.0902986
38 0.090867 0.092888
39 0.0932289 0.0951108
40 0.0952229 0.0969582
41 0.0968411 0.098423
42 0.0980771 0.0994993
43 0.098926 0.100183
44 0.0993845 0.100471
45 0.0994508 0.100363
46 0.0991246 0.0998588
47 0.0984072 0.0989604
48 0.0973014 0.0976714
49 0.0958116 0.095997
50 0.0939437 0.0939437
51 0.0917051 0.0915197
52 0.0891045 0.0887345
53 0.0861523 0.0855991
54 0.0828601 0.0821259
55 0.0792408 0.0783285
56 0.0753089 0.0742221
57 0.0710797 0.0698227
58 0.06657 0.0651477
59 0.0617976 0.0602157
60 0.0567813 0.055046
61 0.0515409 0.049659
62 0.0460971 0.0440761
63 0.0404714 0.0383192
64 0.0346859 0.0324111
65 0.0287636 0.0263751
66 0.0227277 0.020235
67 0.0166022 0.0140151
68 0.0104111 0.00773979
69 0.00417896 0.00143398
70 -0.00206969 -0.0048775
71 -0.00831018 -0.0111697
72 -0.0145179 -0.0174179
73 -0.0206683 -0.0235973
74 -0.0267371 -0.0296836
75 -0.0327004 -0.0356527
76 -0.0385346 -0.0414811
77 -0.0442168 -0.0471458
78 -0.0497245 -0.0526245
79 -0.0550359 -0.0578954
80 -0.0601301 -0.0629379
81 -0.064987 -0.067732
82 -0.0695875 -0.0722588
83 -0.0739133 -0.0765004
84 -0.0779474 -0.0804401
85 -0.0816739 -0.0840624
86 -0.0850781 -0.0873529
87 -0.0881465 -0.0902986
88 -0.090867 -0.092888
89 -0.0932289 -0.0951108
90 -0.0952229 -0.0969582
91 -0.0968411 -0.098423
92 -0.0980771 -0.0994993
93 -0.098926 -0.100183
94 -0.0993845 -0.100471
95 -0.0994508 -0.100363
96 -0.0991246 -0.0998588
97 -0.0984072 -0.0989604
98 -0.0973014 -0.0976714
99 -0.0958116 -0.095997
100 -0.0939437 -0.0939437
101 -0.0917051 -0.0915197
102 -0.0891045 -0.0887345
103 -0.0861523 -0.0855991
104 -0.0828601 -0.0821259
105 -0.0792408 -0.0783285
106 -0.0753089 -0.0742221
107 -0.0710797 -0.0698227
108 -0.06657 -0.0651477
109 -0.0617976 -0.0602157
110 -0.0567813 -0.055046
111 -0.0515409 -0.049659
112 -0.0460971 -0.0440761
113 -0.0404714 -0.0383192
114 -0.0346859 -0.0324111
115 -0.0287636 -0.0263751
116 -0.0227277 -0.020235
117 -0.0166022 -0.0140151
118 -0.0104111 -0.00773979
119 -0.00417896 -0.00143398
120 0.00206969 0.0048775
121 0.00831018 0.0111697
122 0.0145179 0.0174179
123 0.0206683 0.0235973
124 0.0267371 0.0296836
125 0.0327004 0.0356527
126 0.0385346 0.0414811
127 0.0442168 0.0471458
128 0.0497245 0.0526245
129 0.0550359 0.0578954
130 0.0601301 0.0629379
131 0.064987 0.067732
132 0.0695875 0.0722588
133 0.0739133 0.0765004
134 0.0779474 0.0804401
135 0.0816739 0.0840624
136 0.0850781 0.0873529
137 0.0881465 0.0902986
138 0.090867 0.092888
139 0.0932289 0.0951108
140 0.0952229 0.0969582
141 0.0968411 0.098423
142 0.0980771 0.0994993
143 0.098926 0.100183
144 0.0993845 0.100471
145 0.0994508 0.100363
146 0.0991246 0.0998588
147 0.0984072 0.0989604
148 0.0973014 0.0976714
149 0.0958116 0.095997
150 0.0939437 0.0939437
151 0.0917051 0.0915197
152 0.0891045 0.0887345
153 0.0861523 0.0855991
154 0.0828601 0.0821259
155 0.0792408 0.0783285
156 0.0753089 0.0742221
157 0.0710797 0.0698227
158 0.06657 0.0651477
159 0.0617976 0.0602157
160 0.0567813 0.055046
161 0.0515409 0.049659
162 0.0460971 0.0440761
163 0.0404714 0.0383192
164 0.0346859 0.0324111
165 0.0287636 0.0263751
166 0.0227277 0.020235
167 0.0166022 0.0140151
168 0.0104111 0.00773979
169 0.00417896 0.00143398
170 -0.00206969 -0.0048775
171 -0.00831018 -0.0111697
172 -0.0145179 -0.0174179
173 -0.0206683 -0.0235973
174 -0.0267371 -0.0296836
175 -0.0327004 -0.0356527
176 -0.0385346 -0.0414811
177 -0.0442168 -0.0471458
178 -0.0497245 -0.0526245
179 -0.0550359 -0.0578954
180 -0.0601301 -0.0629379
181 -0.064987 -0.067732
182 -0.0695875 -0.0722588
183 -0.0739133 -0.0765004
184 -0.0779474 -0.0804401
185 -0.0816739 -0.0840624
186 -0.0850781 -0.0873529
187 -0.0881465 -0.0902986
188 -0.090867 -0.092888
189 -0.0932289 -0.0951108
190 -0.0952229 -0.0969582
191 -0.0968411 -0.098423
192 -0.0980771 -0.0994993
193 -0.098926 -0.100183
194 -0.0993845 -0.100471
195 -0.0994508 -0.100363
196 -0.0991246 -0.0998588
197 -0.0984072 -0.0989604
198 -0.0973014 -0.0976714
199 -0.0958116 -0.095997
200 -0.0939437 -0.0939437
201 -0.0917051 -0.0915197
202 -0.0891045 -0.0887345
203 -0.0861523 -0.0855991
204 -0.0828601 -0.0821259
205 -0.0792408 -0.0783285
206 -0.0753089 -0.0742221
207 -0.0710797 -0.0698227
208 -0.06657 -0.0651477
209 -0.0617976 -0.0602157
210 -0.0567813 -0.055046
211 -0.0515409 -0.049659
212 -0.0460971 -0.0440761
213 -0.0404714 -0.0383192
214 -0.0346859 -0.0324111
215 -0.0287636 -0.0263751
216 -0.0227277 -0.020235
217 -0.0166022 -0.0140151
218 -0.0104111 -0.00773979
219 -0.00417896 -0.00143398
220 0.00206969 0.0048775
221 0.00831018 0.0111697
222 0.0145179 0.0174179
223 0.0206683 0.0235973
224 0.0267371 0.0296836
225 0.0327004 0.0356527
226 0.0385346 0.0414811
227 0.0442168 0.0471458
228 0.0497245 0.0526245
229 0.0550359 0.0578954
230 0.0601301 0.0629379
231 0.064987 0.067732
232 0.0695875 0.0722588
233 0.0739133 0.0765004
234 0.0779474 0.0804401
235 0.0816739 0.0840624
236 0.0850781 0.0873529
237 0.0881465 0.0902986
238 0.090867 0.092888
239 0.0932289 0.0951108
240 0.0952229 0.0969582
241 0.0968411 0.098423
242 0.0980771 0.0994993
243 0.098926 0.100183
244 0.0993845 0.100471
245 0.0994508 0.100363
246 0.0991246 0.0998588
247 0.0984072 0.0989604
248 0.0973014 0.0976714
249 0.0958116 0.095997
250 0.0939437 0.0939437
251 0.0917051 0.0915197
252 0.0891045 0.0887345
253 0.0861523 0.0855991
254 0.0828601 0.0821259
255 0.0792408 0.0783285
256 0.0753089 0.0742221
257 0.0710797 0.0698227
258 0.06657 0.0651477
259 0.0617976 0.0602157
260 0.0567813 0.055046
261 0.0515409 0.049659
262 0.0460971 0.0440761
263 0.0404714 0.0383192
264 0.0346859 0.0324111
265 0.0287636 0.0263751
266 0.0227277 0.020235
267 0.0166022 0.0140151
268 0.0104111 0.00773979
269 0.00417896 0.00143398
270 -0.00206969 -0.0048775
271 -0.00831018 -0.0111697
272 -0.0145179 -0.0174179
273 -0.0206683 -0.0235973
274 -0.0267371 -0.0296836
275 -0.0327004 -0.0356527
276 -0.0385346 -0.0414811
277 -0.0442168 -0.0471458
278 -0.0497245 -0.0526245
279 -0.0550359 -0.0578954
280 -0.0601301 -0.0629379
281 -0.064987 -0.067732
282 -0.0695875 -0.0722588
283 -0.0739133 -0.0765004
284 -0.0779474 -0.0804401
285 -0.0816739 -0.0840624
286 -0.0850781 -0.0873529
287 -0.0881465 -0.0902986
288 -0.090867 -0.092888
289 -0.0932289 -0.0951108
290 -0.0952229 -0.0969582
291 -0.0968411 -0.098423
292 -0.0980771 -0.0994993
293 -0.098926 -0.100183
294 -0.0993845 -0.100471
295 -0.0994508 -0.100363
296 -0.0991246 -0.0998588
297 -0.0984072 -0.0989604
298 -0.0973014 -0.0976714
299 -0.0958116 -0.095997
300 -0.0939437 -0.0939437
301 -0.0917051 -0.0915197
302 -0.0891045 -0.0887345
303 -0.0861523 -0.0855991
304 -0.0828601 -0.0821259
305 -0.0792408 -0.0783285
306 -0.0753089 -0.0742221
307 -0.0710797 -0.0698227
308 -0.06657 -0.0651477
309 -0.0617976 -0.0602157
310 -0.0567813 -0.055046
311 -0.0515409 -0.049659
312 -0.0460971 -0.0440761
313 -0.0404714 -0.0383192
314 -0.0346859 -0.0324111
315 -0.0287636 -0.0263751
316 -0.0227277 -0.020235
317 -0.0166022 -0.0140151
318 -0.0104111 -0.00773979
319 -0.00417896 -0.00143398
320 0.00206969 0.0048775
321 0.00831018 0.0111697
322 0.0145179 0.0174179
323 0.0206683 0.0235973
324 0.0267371 0.0296836
325 0.0327004 0.0356527
326 0.0385346 0.0414811
327 0.0442168 0.0471458
328 0.0497245 0.0526245
329 0.0550359 0.0578954
330 0.0601301 0.0629379
331 0.064987 0.067732
332 0.0695875 0.0722588
333 0.0739133 0.0765004
334 0.0779474 0.0804401
335 0.0816739 0.0840624
336 0.0850781 0.0873529
337 0.0881465 0.0902986
338 0.090867 0.092888
339 0.0932289 0.0951108
340 0.0952229 0.0969582
341 0.0968411 0.098423
342 0.0980771 0.0994993
343 0.098926 0.100183
344 0.0993845 0.100471
345 0.0994508 0.100363
346 0.0991246 0.0998588
347 0.0984072 0.0989604
348 0.0973014 0.0976714
349 0.0958116 0.095997
350 0.0939437 0.0939437
351 0.0917051 0.0915197
352 0.0891045 0.0887345
353 0.0861523 0.0855991
354 0.0828601 0.0821259
355 0.0792408 0.0783285
356 0.0753089 0.0742221
357 0.0710797 0.0698227
358 0.06657 0.0651477
359 0.0617976 0.0602157
360 0.0567813 0.055046
361 0.0515409 0.049659
362 0.0460971 0.0440761
363 0.0404714 0.0383192
364 0.0346859 0.0324111
365 0.0287636 0.0263751
366 0.0227277 0.020235
367 0.0166022 0.0140151
368 0.0104111 0.00773979
369 0.00417896 0.00143398
370 -0.00206969 -0.0048775
371 -0.00831018 -0.0111697
372 -0.0145179 -0.0174179
373 -0.0206683 -0.0235973
374 -0.0267371 -0.0296836
375 -0.0327004 -0.0356527
376 -0.0385346 -0.0414811
377 -0.0442168 -0.0471458
378 -0.0497245 -0.0526245
379 -0.0550359 -0.0578954
380 -0.0601301 -0.0629379
381 -0.064987 -0.067732
382 -0.0695875 -0.0722588
383 -0.0739133 -0.0765004
384 -0.0779474 -0.0804401
385 -0.0816739 -0.0840624
386 -0.0850781 -0.0873529
387 -0.0881465 -0.0902986
388 -0.090867 -0.092888
389 -0.0932289 -0.0951108
390 -0.0952229 -0.0969582
391 -0.0968411 -0.098423
392 -0.0980771 -0.0994993
393 -0.098926 -0.100183
394 -0.0993845 -0.100471
395 -0.0994508 -0.100363
396 -0.0991246 -0.0998588
397 -0.0984072 -0.0989604
398 -0.0973014 -0.0976714
399 -0.0958116 -0.095997
400 -0.0939437 -0.0939437
401 -0.0917051 -0.0915197
402 -0.0891045 -0.0887345
403 -0.0861523 -0.0855991
404 -0.0828601 -0.0821259
405 -0.0792408 -0.0783285
406 -0.0753089 -0.0742221
407 -0.0710797 -0.0698227
408 -0.06657 -0.0651477
409 -0.0617976 -0.0602157
410 -0.0567813 -0.055046
411 -0.0515409 -0.049659
412 -0.0460971 -0.0440761
413 -0.0404714 -0.0383192
414 -0.0346859 -0.0324111
415 -0.0287636 -0.0263751
416 -0.0227277 -0.020235
417 -0.0166022 -0.0140151
418 -0.0104111 -0.00773979
419 -0.00417896 -0.00143398
420 0.00206969 0.0048775
421 0.00831018 0.0111697
422 0.0145179 0.0174179
423 0.0206683 0.0235973
424 0.0267371 0.0296836
425 0.0327004 0.0356527
426 0.0385346 0.0414811
427 0.0442168 0.0471458
428 0.0497245 0.0526245
429 0.0550359 0.0578954
430 0.0601301 0.0629379
431 0.064987 0.067732
432 0.0695875 0.0722588
433 0.0739133 0.0765004
434 0.0779474 0.0804401
435 0.0816739 0.0840624
436 0.0850781 0.0873529
437 0.0881465 0.0902986
438 0.090867 0.092888
439 0.0932289 0.0951108
440 0.0952229 0.0969582
441 0.0968411 0.098423
442 0.0980771 0.0994993
443 0.098926 0.100183
444 0.0993845 0.100471
445 0.0994508 0.100363
446 0.0991246 0.0998588
447 0.0984072 0.0989604
448 0.0973014 0.0976714
449 0.0958116 0.095997
450 0.0939437 0.0939437
451 0.0917051 0.0915197
452 0.0891045 0.0887345
453 0.0861523 0.0855991
454 0.0828601 0.0821259
455 0.0792408 0.0783285
456 0.0753089 0.0742221
457 0.0710797 0.0698227
458 0.06657 0.0651477
459 0.0617976 0.0602157
460 0.0567813 0.055046
461 0.0515409 0.049659
462 0.0460971 0.0440761
463 0.0404714 0.0383192
464 0.0346859 0.0324111
465 0.0287636 0.0263751
466 0.0227277 0.020235
467 0.0166022 0.0140151
468 0.0104111 0.00773979
469 0.00417896 0.00143398
470 -0.00206969 -0.0048775
471 -0.00831018 -0.0111697
472 -0.0145179 -0.0174179
473 -0.0206683 -0.0235973
474 -0.0267371 -0.0296836
475 -0.0327004 -0.0356527
476 -0.0385346 -0.0414811
477 -0.0442168 -0.0471458
478 -0.0497245 -0.0526245
479 -0.0550359 -0.0578954
480 -0.0601301 -0.0629379
481 -0.064987 -0.067732
482 -0.0695875 -0.0722588
483 -0.0739133 -0.0765004
484 -0.0779474 -0.0804401
485 -0.0816739 -0.0840624
486 -0.0850781 -0.0873529
487 -0.0881465 -0.0902986
488 -0.090867 -0.092888
489 -0.0932289 -0.0951108
490 -0.0952229 -0.0969582
491 -0.0968411 -0.098423
492 -0.0980771 -0.0994993
493 -0.098926 -0.100183
494 -0.0993845 -0.100471
495 -0.0994508 -0.100363
496 -0.0991246 -0.0998588
497 -0.0984072 -0.0989604
498 -0.0973014 -0.0976714
499 -0.0958116 -0.095997
500 -0.0939437 -0.0939437
501 -0.0917051 -0.0915197
502 -0.0891045 -0.0887345
503 -0.0861523 -0.0855991
504 -0.0828601 -0.0821259
505 -0.0792408 -0.0783285
506 -0.0753089 -0.0742221
507 -0.0710797 -0.0698227
508 -0.06657 -0.0651477
509 -0.0617976 -0.0602157
510 -0.0567813 -0.055046
511 -0.0515409 -0.049659
512 -0.0460971 -0.0440761
513 -0.0404714 -0.0383192
514 -0.0346859 -0.0324111
515 -0.0287636 -0.0263751
516 -0.0227277 -0.020235
517 -0.0166022 -0.0140151
518 -0.0104111 -0.00773979
519 -0.00417896 -0.00143398
520 0.00206969 0.0048775
521 0.00831018 0.0111697
522 0.0145179 0.0174179
523 0.0206683 0.0235973
524 0.0267371 0.0296836
525 0.0327004 0.0356527
526 0.0385346 0.0414811
527 0.0442168 0.0471458
528 0.0497245 0.0526245
529 0.0550359 0.0578954
530 0.0601301 0.0629379
531 0.064987 0.067732
532 0.0695875 0.0722588
533 0.0739133 0.0765004
534 0.0779474 0.0804401
535 0.0816739 0.0840624
536 0.0850781 0.0873529
537 0.0881465 0.0902986
538 0.090867 0.092888
539 0.0932289 0.0951108
540 0.0952229 0.0969582
541 0.0968411 0.098423
542 0.0980771 0.0994993
543 0.098926 0.100183
544 0.0993845 0.100471
545 0.0994508 0.100363
546 0.0991246 0.0998588
547 0.0984072 0.0989604
548 0.0973014 0.0976714
549 0.0958116 0.095997
550 0.0939437 0.0939437
551 0.0917051 0.0915197
552 0.0891045 0.0887345
553 0.0861523 0.0855991
554 0.0828601 0.0821259
555 0.0792408 0.0783285
556 0.0753089 0.0742221
557 0.0710797 0.0698227
558 0.06657 0.0651477
559 0.0617976 0.0602157
560 0.0567813 0.055046
561 0.0515409 0.049659
562 0.0460971 0.0440761
563 0.0404714 0.0383192
564 0.0346859 0.0324111
565 0.0287636 0.0263751
566 0.0227277 0.020235
567 0.0166022 0.0140151
568 0.0104111 0.00773979
569 0.00417896 0.00143398
570 -0.00206969 -0.0048775
571 -0.00831018 -0.0111697
572 -0.0145179 -0.0174179
573 -0.0206683 -0.0235973
574 -0.0267371 -0.0296836
575 -0.0327004 -0.0356527
576 -0.0385346 -0.0414811
577 -0.0442168 -0.0471458
578 -0.0497245 -0.0526245
579 -0.0550359 -0.0578954
580 -0.0601301 -0.0629379
581 -0.064987 -0.067732
582 -0.0695875 -0.0722588
583 -0.0739133 -0.0765004
584 -0.0779474 -0.0804401
585 -0.0816739 -0.0840624
586 -0.0850781 -0.0873529
587 -0.0881465 -0.0902986
588 -0.090867 -0.092888
589 -0.0932289 -0.0951108
590 -0.0952229 -0.0969582
591 -0.0968411 -0.098423
592 -0.0980771 -0.0994993
593 -0.098926 -0.100183
594 -0.0993845 -0.100471
595 -0.0994508 -0.100363
596 -0.0991246 -0.0998588
597 -0.0984072 -0.0989604
598 -0.0973014 -0.0976714
599 -0.0958116 -0.095997
600 -0.0939437 -0.0939437
601 -0.0917051 -0.0915197
602 -0.0891045 -0.0887345
603 -0.0861523 -0.0855991
604 -0.0828601 -0.0821259
605 -0.0792408 -0.0783285
606 -0.0753089 -0.0742221
607 -0.0710797 -0.0698227
608 -0.06657 -0.0651477
609 -0.0617976 -0.0602157
610 -0.0567813 -0.055046
611 -0.0515409 -0.049659
612 -0.0460971 -0.0440761
613 -0.0404714 -0.0383192
614 -0.0346859 -0.0324111
615 -0.0287636 -0.0263751
616 -0.0227277 -0.020235
617 -0.0166022 -0.0140151
618 -0.0104111 -0.00773979
619 -0.00417896 -0.00143398
620 0.00206969 0.0048775
621 0.00831018 0.0111697
622 0.0145179 0.0174179
623 0.0206683 0.0235973
624 0.0267371 0.0296836
625 0.0327004 0.0356527
626 0.0385346 0.0414811
627 0.0442168 0.0471458
628 0.0497245 0.0526245
629 0.0550359 0.0578954
630 0.0601301 0.0629379
631 0.064987 0.067732
632 0.0695875 0.0722588
633 0.0739133 0.0765004
634 0.0779474 0.0804401
635 0.0816739 0.0840624
636 0.0850781 0.0873529
637 0.0881465 0.0902986
638 0.090867 0.092888
639 0.0932289 0.0951108
640 0.0952229 0.0969582
641 0.0968411 0.098423
642 0.0980771 0.0994993
643 0.098926 0.100183
644 0.0993845 0.100471
645 0.0994508 0.100363
646 0.0991246 0.0998588
647 0.0984072 0.0989604
648 0.0973014 0.0976714
649 0.0958116 0.095997
650 0.0939437 0.0939437
651 0.0917051 0.0915197
652 0.0891045 0.0887345
653 0.0861523 0.0855991
654 0.0828601 0.0821259
655 0.0792408 0.0783285
656 0.0753089 0.0742221
657 0.0710797 0.0698227
658 0.06657 0.0651477
659 0.0617976 0.0602157
660 0.0567813 0.055046
661 0.0515409 0.049659
662 0.0460971 0.0440761
663 0.0404714 0.0383192
664 0.0346859 0.0324111
665 0.0287636 0.0263751
666 0.0227277 0.020235
667 0.0166022 0.0140151
668 0.0104111 0.00773979
669 0.00417896 0.00143398
670 -0.00206969 -0.0048775
671 -0.00831018 -0.0111697
672 -0.0145179 -0.0174179
673 -0.0206683 -0.0235973
674 -0.0267371 -0.0296836
675 -0.0327004 -0.0356527
676 -0.0385346 -0.0414811
677 -0.0442168 -0.0471458
678 -0.0497245 -0.0526245
679 -0.0550359 -0.0578954
680 -0.0601301 -0.0629379
681 -0.064987 -0.067732
682 -0.0695875 -0.0722588
683 -0.0739133 -0.0765004
684 -0.0779474 -0.0804401
685 -0.0816739 -0.0840624
686 -0.0850781 -0.0873529
687 -0.0881465 -0.0902986
688 -0.090867 -0.092888
689 -0.0932289 -0.0951108
690 -0.0952229 -0.0969582
691 -0.0968411 -0.098423
692 -0.0980771 -0.0994993
693 -0.098926 -0.100183
694 -0.0993845 -0.100471
695 -0.0994508 -0.100363
696 -0.0991246 -0.0998588
697 -0.0984072 -0.0989604
698 -0.0973014 -0.0976714
699 -0.0958116 -0.095997
700 -0.0939437 -0.0939437
701 -0.0917051 -0.0915197
702 -0.0891045 -0.0887345
703 -0.0861523 -0.0855991
704 -0.0828601 -0.0821259
705 -0.0792408 -0.0783285
706 -0.0753089 -0.0742221
707 -0.0710797 -0.0698227
708 -0.06657 -0.0651477
709 -0.0617976 -0.0602157
710 -0.0567813 -0.055046
711 -0.0515409 -0.049659
712 -0.0460971 -0.0440761
713 -0.0404714 -0.0383192
714 -0.0346859 -0.0324111
715 -0.0287636 -0.0263751
716 -0.0227277 -0.020235
717 -0.0166022 -0.0140151
718 -0.0104111 -0.00773979
719 -0.00417896 -0.00143398
720 0.00206969 0.0048775
721 0.00831018 0.0111697
722 0.0145179 0.0174179
723 0.0206683 0.0235973
724 0.0267371 0.0296836
725 0.0327004 0.0356527
726 0.0385346 0.0414811
727 0.0442168 0.0471458
728 0.0497245 0.0526245
729 0.0550359 0.0578954
730 0.0601301 0.0629379
731 0.064987 0.067732
732 0.0695875 0.0722588
733 0.0739133 0.0765004
734 0.0779474 0.0804401
735 0.0816739 0.0840624
736 0.0850781 0.0873529
737 0.0881465 0.0902986
738 0.090867 0.092888
739 0.0932289 0.0951108
740 0.0952229 0.0969582
741 0.0968411 0.098423
742 0.0980771 0.0994993
743 0.098926 0.100183
744 0.0993845 0.100471
745 0.0994508 0.100363
746 0.0991246 0.0998588
747 0.0984072 0.0989604
748 0.0973014 0.0976714
749 0.0958116 0.095997
750 0.0939437 0.0939437
751 0.0917051 0.0915197
752 0.0891045 0.0887345
753 0.0861523 0.0855991
754 0.0828601 0.0821259
755 0.0792408 0.0783285
756 0.0753089 0.0742221
757 0.0710797 0.0698227
758 0.06657 0.0651477
759 0.0617976 0.0602157
760 0.0567813 0.055046
761 0.0515409 0.049659
762 0.0460971 0.0440761
763 0.0404714 0.0383192
764 0.0346859 0.0324111
765 0.0287636 0.0263751
766 0.0227277 0.020235
767 0.0166022 0.0140151
768 0.0104111 0.00773979
769 0.00417896 0.00143398
770 -0.00206969 -0.0048775
771 -0.00831018 -0.0111697
772 -0.0145179 -0.0174179
773 -0.0206683 -0.0235973
774 -0.0267371 -0.0296836
775 -0.0327004 -0.0356527
776 -0.0385346 -0.0414811
777 -0.0442168 -0.0471458
778 -0.0497245 -0.0526245
779 -0.0550359 -0.0578954
780 -0.0601301 -0.0629379
781 -0.064987 -0.067732
782 -0.0695875 -0.0722588
783 -0.0739133 -0.0765004
784 -0.0779474 -0.0804401
785 -0.0816739 -0.0840624
786 -0.0850781 -0.0873529
787 -0.0881465 -0.0902986
788 -0.090867 -0.092888
789 -0.0932289 -0.0951108
790 -0.0952229 -0.0969582
791 -0.0968411 -0.098423
792 -0.0980771 -0.0994993
793 -0.098926 -0.100183
794 -0.0993845 -0.100471
795 -0.0994508 -0.100363
796 -0.0991246 -0.0998588
797 -0.0984072 -0.0989604
798 -0.0973014 -0.0976714
799 -0.0958116 -0.095997
800 -0.0939437 -0.0939437
801 -0.0917051 -0.0915197
802 -0.0891045 -0.0887345
803 -0.0861523 -0.0855991
804 -0.0828601 -0.0821259
805 -0.0792408 -0.0783285
806 -0.0753089 -0.0742221
807 -0.0710797 -0.0698227
808 -0.06657 -0.0651477
809 -0.0617976 -0.0602157
810 -0.0567813 -0.055046
811 -0.0515409 -0.049659
812 -0.0460971 -0.0440761
813 -0.0404714 -0.0383192
814 -0.0346859 -0.0324111
815 -0.0287636 -0.0263751
816 -0.0227277 -0.020235
817 -0.0166022 -0.0140151
818 -0.0104111 -0.00773979
819 -0.00417896 -0.00143398
820 0.00206969 0.0048775
821 0.00831018 0.0111697
822 0.0145179 0.0174179
823 0.0206683 0.0235973
824 0.0267371 0.0296836
825 0.0327004 0.0356527
826 0.0385346 0.0414811
827 0.0442168 0.0471458
828 0.0497245 0.0526245
829 0.0550359 0.0578954
830 0.0601301 0.0629379
831 0.064987 0.067732
832 0.0695875 0.0722588
833 0.0739133 0.0765004
834 0.0779474 0.0804401
835 0.0816739 0.0840624
836 0.0850781 0.0873529
837 0.0881465 0.0902986
838 0.090867 0.092888
839 0.0932289 0.0951108
840 0.0952229 0.0969582
841 0.0968411 0.098423
842 0.0980771 0.0994993
843 0.098926 0.100183
844 0.0993845 0.100471
845 0.0994508 0.100363
846 0.0991246 0.0998588
847 0.0984072 0.0989604
848 0.0973014 0.0976714
849 0.0958116 0.095997
850 0.0939437 0.0939437
851 0.0917051 0.0915197
852 0.0891045 0.0887345
853 0.0861523 0.0855991
854 0.0828601 0.0821259
855 0.0792408 0.0783285
856 0.0753089 0.0742221
857 0.0710797 0.0698227
858 0.06657 0.0651477
859 0.0617976 0.0602157
860 0.0567813 0.055046
861 0.0515409 0.049659
862 0.0460971 0.0440761
863 0.0404714 0.0383192
864 0.0346859 0.0324111
865 0.0287636 0.0263751
866 0.0227277 0.020235
867 0.0166022 0.0140151
868 0.0104111 0.00773979
869 0.00417896 0.00143398
870 -0.00206969 -0.0048775
871 -0.00831018 -0.0111697
872 -0.0145179 -0.0174179
873 -0.0206683 -0.0235973
874 -0.0267371 -0.0296836
875 -0.0327004 -0.0356527
876 -0.0385346 -0.0414811
877 -0.0442168 -0.0471458
878 -0.0497245 -0.0526245
879 -0.0550359 -0.0578954
880 -0.0601301 -0.0629379
881 -0.064987 -0.067732
882 -0.0695875 -0.0722588
883 -0.0739133 -0.0765004
884 -0.0779474 -0.0804401
885 -0.0816739 -0.0840624
886 -0.0850781 -0.0873529
887 -0.0881465 -0.0902986
888 -0.090867 -0.092888
889 -0.0932289 -0.0951108
890 -0.0952229 -0.0969582
891 -0.0968411 -0.098423
892 -0.0980771 -0.0994993
893 -0.098926 -0.100183
894 -0.0993845 -0.100471
895 -0.0994508 -0.100363
896 -0.0991246 -0.0998588
897 -0.0984072 -0.0989604
898 -0.0973014 -0.0976714
899 -0.0958116 -0.095997
900 -0.0939437 -0.0939437
901 -0.0917051 -0.0915197
902 -0.0891045 -0.0887345
903 -0.0861523 -0.0855991
904 -0.0828601 -0.0821259
905 -0.0792408 -0.0783285
906 -0.0753089 -0.0742221
907 -0.0710797 -0.0698227
908 -0.06657 -0.0651477
909 -0.0617976 -0.0602157
910 -0.0567813 -0.055046
911 -0.0515409 -0.049659
912 -0.0460971 -0.0440761
913 -0.0404714 -0.0383192
914 -0.0346859 -0.0324111
915 -0.0287636 -0.0263751
916 -0.0227277 -0.020235
917 -0.0166022 -0.0140151
918 -0.0104111 -0.00773979
919 -0.00417896 -0.00143398
920 0.00206969 0.0048775
921 0.00831018 0.0111697
922 0.0145179 0.0174179
923 0.0206683 0.0235973
924 0.0267371 0.0296836
925 0.0327004 0.0356527
926 0.0385346 0.0414811
927 0.0442168 0.0471458
928 0.0497245 0.0526245
929 0.0550359 0.0578954
930 0.0601301 0.0629379
931 0.064987 0.067732
932 0.0695875 0.0722588
933 0.0739133 0.0765004
934 0.0779474 0.0804401
935 0.0816739 0.0840624
936 0.0850781 0.0873529
937 0.0881465 0.0902986
938 0.090867 0.092888
939 0.0932289 0.0951108
940 0.0952229 0.0969582
941 0.0968411 0.098423
942 0.0980771 0.0994993
943 0.098926 0.100183
944 0.0993845 0.100471
945 0.0994508 0.100363
946 0.0991246 0.0998588
947 0.0984072 0.0989604
948 0.0973014 0.0976714
949 0.0958116 0.095997
950 0.0939437 0.0939437
951 0.0917051 0.0915197
952 0.0891045 0.0887345
953 0.0861523 0.0855991
954 0.0828601 0.0821259
955 0.0792408 0.0783285
956 0.0753089 0.0742221
957 0.0710797 0.0698227
958 0.06657 0.0651477
959 0.0617976 0.0602157
960 0.0567813 0.055046
961 0.0515409 0.049659
962 0.0460971 0.0440761
963 0.0404714 0.0383192
964 0.0346859 0.0324111
965 0.0287636 0.0263751
966 0.0227277 0.020235
967 0.0166022 0.0140151
968 0.0104111 0.00773979
969 0.00417896 0.00143398
970 -0.00206969 -0.0048775
971 -0.00831018 -0.0111697
972 -0.0145179 -0.0174179
973 -0.0206683 -0.0235973
974 -0.0267371 -0.0296836
975 -0.0327004 -0.0356527
976 -0.0385346 -0.0414811
977 -0.0442168 -0.0471458
978 -0.0497245 -0.0526245
979 -0.0550359 -0.0578954
980 -0.0601301 -0.0629379
981 -0.064987 -0.067732
982 -0.0695875 -0.0722588
983 -0.0739133 -0.0765004
984 -0.0779474 -0.0804401
985 -0.0816739 -0.0840624
986 -0.0850781 -0.0873529
987 -0.0881465 -0.0902986
988 -0.090867 -0.092888
989 -0.0932289 -0.0951108
990 -0.0952229 -0.0969582
991 -0.0968411 -0.098423
992 -0.0980771 -0.0994993
993 -0.098926 -0.100183
994 -0.0993845 -0.100471
995 -0.0994508 -0.100363
996 -0.0991246 -0.0998588
997 -0.0984072 -0.0989604
998 -0.0973014 -0.0976714
999 -0.0958116 -0.095997
