0 -0.0972274 -0.0972274
1 -0.0985904 -0.0983985
2 -0.0995642 -0.0991813
3 -0.100145 -0.0995726
4 -0.100331 -0.099571
5 -0.100121 -0.0991764
6 -0.0995152 -0.0983904
7 -0.0985171 -0.0972161
8 -0.0971302 -0.0956582
9 -0.0953599 -0.0937227
10 -0.0932133 -0.0914173
11 -0.0906989 -0.0887512
12 -0.0878264 -0.0857348
13 -0.0846074 -0.08238
14 -0.0810545 -0.0787002
15 -0.0771816 -0.0747097
16 -0.0730042 -0.0704244
17 -0.0685387 -0.0658611
18 -0.0638027 -0.061038
19 -0.0588148 -0.0559739
20 -0.0535949 -0.050689
21 -0.0481634 -0.0452039
22 -0.0425419 -0.0395405
23 -0.0367525 -0.0337211
24 -0.030818 -0.0277685
25 -0.0247619 -0.0217064
26 -0.0186081 -0.0155586
27 -0.0123808 -0.00934942
28 -0.0061047 -0.00310333
29 0.00019551 0.00315501
30 0.00649495 0.0094009
31 0.0127688 0.0156097
32 0.0189922 0.0217569
33 0.0251406 0.0278182
34 0.0311899 0.0337697
35 0.037116 0.039588
36 0.0428957 0.04525
37 0.0485061 0.0507335
38 0.053925 0.0560167
39 0.0591312 0.0610788
40 0.064104 0.0658999
41 0.0688237 0.070461
42 0.0732719 0.0747439
43 0.0774309 0.0787319
44 0.0812843 0.0824091
45 0.0848169 0.0857611
46 0.0880148 0.0887747
47 0.0908653 0.0914379
48 0.0933573 0.0937402
49 0.0954808 0.0956726
50 0.0972274 0.0972274
51 0.0985904 0.0983985
52 0.0995642 0.0991813
53 0.100145 0.0995726
54 0.100331 0.099571
55 0.100121 0.0991764
56 0.0995152 0.0983904
57 0.0985171 0.0972161
58 0.0971302 0.0956582
59 0.0953599 0.0937227
60 0.0932133 0.0914173
61 0.0906989 0.0887512
62 0.0878264 0.0857348
63 0.0846074 0.08238
64 0.0810545 0.0787002
65 0.0771816 0.0747097
66 0.0730042 0.0704244
67 0.0685387 0.0658611
68 0.0638027 0.061038
69 0.0588148 0.0559739
70 0.0535949 0.050689
71 0.0481634 0.0452039
72 0.0425419 0.0395405
73 0.0367525 0.0337211
74 0.030818 0.0277685
75 0.0247619 0.0217064
76 0.0186081 0.0155586
77 0.0123808 0.00934942
78 0.0061047 0.00310333
79 -0.00019551 -0.00315501
80 -0.00649495 -0.0094009
81 -0.0127688 -0.0156097
82 -0.0189922 -0.0217569
83 -0.0251406 -0.0278182
84 -0.0311899 -0.0337697
85 -0.037116 -0.039588
86 -0.0428957 -0.04525
87 -0.0485061 -0.0507335
88 -0.053925 -0.0560167
89 -0.0591312 -0.0610788
90 -0.064104 -0.0658999
91 -0.0688237 -0.070461
92 -0.0732719 -0.0747439
93 -0.0774309 -0.0787319
94 -0.0812843 -0.0824091
95 -0.0848169 -0.0857611
96 -0.0880148 -0.0887747
97 -0.0908653 -0.0914379
98 -0.0933573 -0.0937402
99 -0.0954808 -0.0956726
100 -0.0972274 -0.0972274
101 -0.0985904 -0.0983985
102 -0.0995642 -0.0991813
103 -0.100145 -0.0995726
104 -0.100331 -0.099571
105 -0.100121 -0.0991764
106 -0.0995152 -0.0983904
107 -0.0985171 -0.0972161
108 -0.0971302 -0.0956582
109 -0.0953599 -0.0937227
110 -0.0932133 -0.0914173
111 -0.0906989 -0.0887512
112 -0.0878264 -0.0857348
113 -0.0846074 -0.08238
114 -0.0810545 -0.0787002
115 -0.0771816 -0.0747097
116 -0.0730042 -0.0704244
117 -0.0685387 -0.0658611
118 -0.0638027 -0.061038
119 -0.0588148 -0.0559739
120 -0.0535949 -0.050689
121 -0.0481634 -0.0452039
122 -0.0425419 -0.0395405
123 -0.0367525 -0.0337211
124 -0.030818 -0.0277685
125 -0.0247619 -0.0217064
126 -0.0186081 -0.0155586
127 -0.0123808 -0.00934942
128 -0.0061047 -0.00310333
129 0.00019551 0.00315501
130 0.00649495 0.0094009
131 0.0127688 0.0156097
132 0.0189922 0.0217569
133 0.0251406 0.0278182
134 0.0311899 0.0337697
135 0.037116 0.039588
136 0.0428957 0.04525
137 0.0485061 0.0507335
138 0.053925 0.0560167
139 0.0591312 0.0610788
140 0.064104 0.0658999
141 0.0688237 0.070461
142 0.0732719 0.0747439
143 0.0774309 0.0787319
144 0.0812843 0.0824091
145 0.0848169 0.0857611
146 0.0880148 0.0887747
147 0.0908653 0.0914379
148 0.0933573 0.0937402
149 0.0954808 0.0956726
150 0.0972274 0.0972274
151 0.0985904 0.0983985
152 0.0995642 0.0991813
153 0.100145 0.0995726
154 0.100331 0.099571
155 0.100121 0.0991764
156 0.0995152 0.0983904
157 0.0985171 0.0972161
158 0.0971302 0.0956582
159 0.0953599 0.0937227
160 0.0932133 0.0914173
161 0.0906989 0.0887512
162 0.0878264 0.0857348
163 0.0846074 0.08238
164 0.0810545 0.0787002
165 0.0771816 0.0747097
166 0.0730042 0.0704244
167 0.0685387 0.0658611
168 0.0638027 0.061038
169 0.0588148 0.0559739
170 0.0535949 0.050689
171 0.0481634 0.0452039
172 0.0425419 0.0395405
173 0.0367525 0.0337211
174 0.030818 0.0277685
175 0.0247619 0.0217064
176 0.0186081 0.0155586
177 0.0123808 0.00934942
178 0.0061047 0.00310333
179 -0.00019551 -0.00315501
180 -0.00649495 -0.0094009
181 -0.0127688 -0.0156097
182 -0.0189922 -0.0217569
183 -0.0251406 -0.0278182
184 -0.0311899 -0.0337697
185 -0.037116 -0.039588
186 -0.0428957 -0.04525
187 -0.0485061 -0.0507335
188 -0.053925 -0.0560167
189 -0.0591312 -0.0610788
190 -0.064104 -0.0658999
191 -0.0688237 -0.070461
192 -0.0732719 -0.0747439
193 -0.0774309 -0.0787319
194 -0.0812843 -0.0824091
195 -0.0848169 -0.0857611
196 -0.0880148 -0.0887747
197 -0.0908653 -0.0914379
198 -0.0933573 -0.0937402
199 -0.0954808 -0.0956726
200 -0.0972274 -0.0972274
201 -0.0985904 -0.0983985
202 -0.0995642 -0.0991813
203 -0.100145 -0.0995726
204 -0.100331 -0.099571
205 -0.100121 -0.0991764
206 -0.0995152 -0.0983904
207 -0.0985171 -0.0972161
208 -0.0971302 -0.0956582
209 -0.0953599 -0.0937227
210 -0.0932133 -0.0914173
211 -0.0906989 -0.0887512
212 -0.0878264 -0.0857348
213 -0.0846074 -0.08238
214 -0.0810545 -0.0787002
215 -0.0771816 -0.0747097
216 -0.0730042 -0.0704244
217 -0.0685387 -0.0658611
218 -0.0638027 -0.061038
219 -0.0588148 -0.0559739
220 -0.0535949 -0.050689
221 -0.0481634 -0.0452039
222 -0.0425419 -0.0395405
223 -0.0367525 -0.0337211
224 -0.030818 -0.0277685
225 -0.0247619 -0.0217064
226 -0.0186081 -0.0155586
227 -0.0123808 -0.00934942
228 -0.0061047 -0.00310333
229 0.00019551 0.00315501
230 0.00649495 0.0094009
231 0.0127688 0.0156097
232 0.0189922 0.0217569
233 0.0251406 0.0278182
234 0.0311899 0.0337697
235 0.037116 0.039588
236 0.0428957 0.04525
237 0.0485061 0.0507335
238 0.053925 0.0560167
239 0.0591312 0.0610788
240 0.064104 0.0658999
241 0.0688237 0.070461
242 0.0732719 0.0747439
243 0.0774309 0.0787319
244 0.0812843 0.0824091
245 0.0848169 0.0857611
246 0.0880148 0.0887747
247 0.0908653 0.0914379
248 0.0933573 0.0937402
249 0.0954808 0.0956726
250 0.0972274 0.0972274
251 0.0985904 0.0983985
252 0.0995642 0.0991813
253 0.100145 0.0995726
254 0.100331 0.099571
255 0.100121 0.0991764
256 0.0995152 0.0983904
257 0.0985171 0.0972161
258 0.0971302 0.0956582
259 0.0953599 0.0937227
260 0.0932133 0.0914173
261 0.0906989 0.0887512
262 0.0878264 0.0857348
263 0.0846074 0.08238
264 0.0810545 0.0787002
265 0.0771816 0.0747097
266 0.0730042 0.0704244
267 0.0685387 0.0658611
268 0.0638027 0.061038
269 0.0588148 0.0559739
270 0.0535949 0.050689
271 0.0481634 0.0452039
272 0.0425419 0.0395405
273 0.0367525 0.0337211
274 0.030818 0.0277685
275 0.0247619 0.0217064
276 0.0186081 0.0155586
277 0.0123808 0.00934942
278 0.0061047 0.00310333
279 -0.00019551 -0.00315501
280 -0.00649495 -0.0094009
281 -0.0127688 -0.0156097
282 -0.0189922 -0.0217569
283 -0.0251406 -0.0278182
284 -0.0311899 -0.0337697
285 -0.037116 -0.039588
286 -0.0428957 -0.04525
287 -0.0485061 -0.0507335
288 -0.053925 -0.0560167
289 -0.0591312 -0.0610788
290 -0.064104 -0.0658999
291 -0.0688237 -0.070461
292 -0.0732719 -0.0747439
293 -0.0774309 -0.0787319
294 -0.0812843 -0.0824091
295 -0.0848169 -0.0857611
296 -0.0880148 -0.0887747
297 -0.0908653 -0.0914379
298 -0.0933573 -0.0937402
299 -0.0954808 -0.0956726
300 -0.0972274 -0.0972274
301 -0.0985904 -0.0983985
302 -0.0995642 -0.0991813
303 -0.100145 -0.0995726
304 -0.100331 -0.099571
305 -0.100121 -0.0991764
306 -0.0995152 -0.0983904
307 -0.0985171 -0.0972161
308 -0.0971302 -0.0956582
309 -0.0953599 -0.0937227
310 -0.0932133 -0.0914173
311 -0.0906989 -0.0887512
312 -0.0878264 -0.0857348
313 -0.0846074 -0.08238
314 -0.0810545 -0.0787002
315 -0.0771816 -0.0747097
316 -0.0730042 -0.0704244
317 -0.0685387 -0.0658611
318 -0.0638027 -0.061038
319 -0.0588148 -0.0559739
320 -0.0535949 -0.050689
321 -0.0481634 -0.0452039
322 -0.0425419 -0.0395405
323 -0.0367525 -0.0337211
324 -0.030818 -0.0277685
325 -0.0247619 -0.0217064
326 -0.0186081 -0.0155586
327 -0.0123808 -0.00934942
328 -0.0061047 -0.00310333
329 0.00019551 0.00315501
330 0.00649495 0.0094009
331 0.0127688 0.0156097
332 0.0189922 0.0217569
333 0.0251406 0.0278182
334 0.0311899 0.0337697
335 0.037116 0.039588
336 0.0428957 0.04525
337 0.0485061 0.0507335
338 0.053925 0.0560167
339 0.0591312 0.0610788
340 0.064104 0.0658999
341 0.0688237 0.070461
342 0.0732719 0.0747439
343 0.0774309 0.0787319
344 0.0812843 0.0824091
345 0.0848169 0.0857611
346 0.0880148 0.0887747
347 0.0908653 0.0914379
348 0.0933573 0.0937402
349 0.0954808 0.0956726
350 0.0972274 0.0972274
351 0.0985904 0.0983985
352 0.0995642 0.0991813
353 0.100145 0.0995726
354 0.100331 0.099571
355 0.100121 0.0991764
356 0.0995152 0.0983904
357 0.0985171 0.0972161
358 0.0971302 0.0956582
359 0.0953599 0.0937227
360 0.0932133 0.0914173
361 0.0906989 0.0887512
362 0.0878264 0.0857348
363 0.0846074 0.08238
364 0.0810545 0.0787002
365 0.0771816 0.0747097
366 0.0730042 0.0704244
367 0.0685387 0.0658611
368 0.0638027 0.061038
369 0.0588148 0.0559739
370 0.0535949 0.050689
371 0.0481634 0.0452039
372 0.0425419 0.0395405
373 0.0367525 0.0337211
374 0.030818 0.0277685
375 0.0247619 0.0217064
376 0.0186081 0.0155586
377 0.0123808 0.00934942
378 0.0061047 0.00310333
379 -0.00019551 -0.00315501
380 -0.00649495 -0.0094009
381 -0.0127688 -0.0156097
382 -0.0189922 -0.0217569
383 -0.0251406 -0.0278182
384 -0.0311899 -0.0337697
385 -0.037116 -0.039588
386 -0.0428957 -0.04525
387 -0.0485061 -0.0507335
388 -0.053925 -0.0560167
389 -0.0591312 -0.0610788
390 -0.064104 -0.0658999
391 -0.0688237 -0.070461
392 -0.0732719 -0.0747439
393 -0.0774309 -0.0787319
394 -0.0812843 -0.0824091
395 -0.0848169 -0.0857611
396 -0.0880148 -0.0887747
397 -0.0908653 -0.0914379
398 -0.0933573 -0.0937402
399 -0.0954808 -0.0956726
400 -0.0972274 -0.0972274
401 -0.0985904 -0.0983985
402 -0.0995642 -0.0991813
403 -0.100145 -0.0995726
404 -0.100331 -0.099571
405 -0.100121 -0.0991764
406 -0.0995152 -0.0983904
407 -0.0985171 -0.0972161
408 -0.0971302 -0.0956582
409 -0.0953599 -0.0937227
410 -0.0932133 -0.0914173
411 -0.0906989 -0.0887512
412 -0.0878264 -0.0857348
413 -0.0846074 -0.08238
414 -0.0810545 -0.0787002
415 -0.0771816 -0.0747097
416 -0.0730042 -0.0704244
417 -0.0685387 -0.0658611
418 -0.0638027 -0.061038
419 -0.0588148 -0.0559739
420 -0.0535949 -0.050689
421 -0.0481634 -0.0452039
422 -0.0425419 -0.0395405
423 -0.0367525 -0.0337211
424 -0.030818 -0.0277685
425 -0.0247619 -0.0217064
426 -0.0186081 -0.0155586
427 -0.0123808 -0.00934942
428 -0.0061047 -0.00310333
429 0.00019551 0.00315501
430 0.00649495 0.0094009
431 0.0127688 0.0156097
432 0.0189922 0.0217569
433 0.0251406 0.0278182
434 0.0311899 0.0337697
435 0.037116 0.039588
436 0.0428957 0.04525
437 0.0485061 0.0507335
438 0.053925 0.0560167
439 0.0591312 0.0610788
440 0.064104 0.0658999
441 0.0688237 0.070461
442 0.0732719 0.0747439
443 0.0774309 0.0787319
444 0.0812843 0.0824091
445 0.0848169 0.0857611
446 0.0880148 0.0887747
447 0.0908653 0.0914379
448 0.0933573 0.0937402
449 0.0954808 0.0956726
450 0.0972274 0.0972274
451 0.0985904 0.0983985
452 0.0995642 0.0991813
453 0.100145 0.0995726
454 0.100331 0.099571
455 0.100121 0.0991764
456 0.0995152 0.0983904
457 0.0985171 0.0972161
458 0.0971302 0.0956582
459 0.0953599 0.0937227
460 0.0932133 0.0914173
461 0.0906989 0.0887512
462 0.0878264 0.0857348
463 0.0846074 0.08238
464 0.0810545 0.0787002
465 0.0771816 0.0747097
466 0.0730042 0.0704244
467 0.0685387 0.0658611
468 0.0638027 0.061038
469 0.0588148 0.0559739
470 0.0535949 0.050689
471 0.0481634 0.0452039
472 0.0425419 0.0395405
473 0.0367525 0.0337211
474 0.030818 0.0277685
475 0.0247619 0.0217064
476 0.0186081 0.0155586
477 0.0123808 0.00934942
478 0.0061047 0.00310333
479 -0.00019551 -0.00315501
480 -0.00649495 -0.0094009
481 -0.0127688 -0.0156097
482 -0.0189922 -0.0217569
483 -0.0251406 -0.0278182
484 -0.0311899 -0.0337697
485 -0.037116 -0.039588
486 -0.0428957 -0.04525
487 -0.0485061 -0.0507335
488 -0.053925 -0.0560167
489 -0.0591312 -0.0610788
490 -0.064104 -0.0658999
491 -0.0688237 -0.070461
492 -0.0732719 -0.0747439
493 -0.0774309 -0.0787319
494 -0.0812843 -0.0824091
495 -0.0848169 -0.0857611
496 -0.0880148 -0.0887747
497 -0.0908653 -0.0914379
498 -0.0933573 -0.0937402
499 -0.0954808 -0.0956726
500 -0.0972274 -0.0972274
501 -0.0985904 -0.0983985
502 -0.0995642 -0.0991813
503 -0.100145 -0.0995726
504 -0.100331 -0.099571
505 -0.100121 -0.0991764
506 -0.0995152 -0.0983904
507 -0.0985171 -0.0972161
508 -0.0971302 -0.0956582
509 -0.0953599 -0.0937227
510 -0.0932133 -0.0914173
511 -0.0906989 -0.0887512
512 -0.0878264 -0.0857348
513 -0.0846074 -0.08238
514 -0.0810545 -0.0787002
515 -0.0771816 -0.0747097
516 -0.0730042 -0.0704244
517 -0.0685387 -0.0658611
518 -0.0638027 -0.061038
519 -0.0588148 -0.0559739
520 -0.0535949 -0.050689
521 -0.0481634 -0.0452039
522 -0.0425419 -0.0395405
523 -0.0367525 -0.0337211
524 -0.030818 -0.0277685
525 -0.0247619 -0.0217064
526 -0.0186081 -0.0155586
527 -0.0123808 -0.00934942
528 -0.0061047 -0.00310333
529 0.00019551 0.00315501
530 0.00649495 0.0094009
531 0.0127688 0.0156097
532 0.0189922 0.0217569
533 0.0251406 0.0278182
534 0.0311899 0.0337697
535 0.037116 0.039588
536 0.0428957 0.04525
537 0.0485061 0.0507335
538 0.053925 0.0560167
539 0.0591312 0.0610788
540 0.064104 0.0658999
541 0.0688237 0.070461
542 0.0732719 0.0747439
543 0.0774309 0.0787319
544 0.0812843 0.0824091
545 0.0848169 0.0857611
546 0.0880148 0.0887747
547 0.0908653 0.0914379
548 0.0933573 0.0937402
549 0.0954808 0.0956726
550 0.0972274 0.0972274
551 0.0985904 0.0983985
552 0.0995642 0.0991813
553 0.100145 0.0995726
554 0.100331 0.099571
555 0.100121 0.0991764
556 0.0995152 0.0983904
557 0.0985171 0.0972161
558 0.0971302 0.0956582
559 0.0953599 0.0937227
560 0.0932133 0.0914173
561 0.0906989 0.0887512
562 0.0878264 0.0857348
563 0.0846074 0.08238
564 0.0810545 0.0787002
565 0.0771816 0.0747097
566 0.0730042 0.0704244
567 0.0685387 0.0658611
568 0.0638027 0.061038
569 0.0588148 0.0559739
570 0.0535949 0.050689
571 0.0481634 0.0452039
572 0.0425419 0.0395405
573 0.0367525 0.0337211
574 0.030818 0.0277685
575 0.0247619 0.0217064
576 0.0186081 0.0155586
577 0.0123808 0.00934942
578 0.0061047 0.00310333
579 -0.00019551 -0.00315501
580 -0.00649495 -0.0094009
581 -0.0127688 -0.0156097
582 -0.0189922 -0.0217569
583 -0.0251406 -0.0278182
584 -0.0311899 -0.0337697
585 -0.037116 -0.039588
586 -0.0428957 -0.04525
587 -0.0485061 -0.0507335
588 -0.053925 -0.0560167
589 -0.0591312 -0.0610788
590 -0.064104 -0.0658999
591 -0.0688237 -0.070461
592 -0.0732719 -0.0747439
593 -0.0774309 -0.0787319
594 -0.0812843 -0.0824091
595 -0.0848169 -0.0857611
596 -0.0880148 -0.0887747
597 -0.0908653 -0.0914379
598 -0.0933573 -0.0937402
599 -0.0954808 -0.0956726
600 -0.0972274 -0.0972274
601 -0.0985904 -0.0983985
602 -0.0995642 -0.0991813
603 -0.100145 -0.0995726
604 -0.100331 -0.099571
605 -0.100121 -0.0991764
606 -0.0995152 -0.0983904
607 -0.0985171 -0.0972161
608 -0.0971302 -0.0956582
609 -0.0953599 -0.0937227
610 -0.0932133 -0.0914173
611 -0.0906989 -0.0887512
612 -0.0878264 -0.0857348
613 -0.0846074 -0.08238
614 -0.0810545 -0.0787002
615 -0.0771816 -0.0747097
616 -0.0730042 -0.0704244
617 -0.0685387 -0.0658611
618 -0.0638027 -0.061038
619 -0.0588148 -0.0559739
620 -0.0535949 -0.050689
621 -0.0481634 -0.0452039
622 -0.0425419 -0.0395405
623 -0.0367525 -0.0337211
624 -0.030818 -0.0277685
625 -0.0247619 -0.0217064
626 -0.0186081 -0.0155586
627 -0.0123808 -0.00934942
628 -0.0061047 -0.00310333
629 0.00019551 0.00315501
630 0.00649495 0.0094009
631 0.0127688 0.0156097
632 0.0189922 0.0217569
633 0.0251406 0.0278182
634 0.0311899 0.0337697
635 0.037116 0.039588
636 0.0428957 0.04525
637 0.0485061 0.0507335
638 0.053925 0.0560167
639 0.0591312 0.0610788
640 0.064104 0.0658999
641 0.0688237 0.070461
642 0.0732719 0.0747439
643 0.0774309 0.0787319
644 0.0812843 0.0824091
645 0.0848169 0.0857611
646 0.0880148 0.0887747
647 0.0908653 0.0914379
648 0.0933573 0.0937402
649 0.0954808 0.0956726
650 0.0972274 0.0972274
651 0.0985904 0.0983985
652 0.0995642 0.0991813
653 0.100145 0.0995726
654 0.100331 0.099571
655 0.100121 0.0991764
656 0.0995152 0.0983904
657 0.0985171 0.0972161
658 0.0971302 0.0956582
659 0.0953599 0.0937227
660 0.0932133 0.0914173
661 0.0906989 0.0887512
662 0.0878264 0.0857348
663 0.0846074 0.08238
664 0.0810545 0.0787002
665 0.0771816 0.0747097
666 0.0730042 0.0704244
667 0.0685387 0.0658611
668 0.0638027 0.061038
669 0.0588148 0.0559739
670 0.0535949 0.050689
671 0.0481634 0.0452039
672 0.0425419 0.0395405
673 0.0367525 0.0337211
674 0.030818 0.0277685
675 0.0247619 0.0217064
676 0.0186081 0.0155586
677 0.0123808 0.00934942
678 0.0061047 0.00310333
679 -0.00019551 -0.00315501
680 -0.00649495 -0.0094009
681 -0.0127688 -0.0156097
682 -0.0189922 -0.0217569
683 -0.0251406 -0.0278182
684 -0.0311899 -0.0337697
685 -0.037116 -0.039588
686 -0.0428957 -0.04525
687 -0.0485061 -0.0507335
688 -0.053925 -0.0560167
689 -0.0591312 -0.0610788
690 -0.064104 -0.0658999
691 -0.0688237 -0.070461
692 -0.0732719 -0.0747439
693 -0.0774309 -0.0787319
694 -0.0812843 -0.0824091
695 -0.0848169 -0.0857611
696 -0.0880148 -0.0887747
697 -0.0908653 -0.0914379
698 -0.0933573 -0.0937402
699 -0.0954808 -0.0956726
700 -0.0972274 -0.0972274
701 -0.0985904 -0.0983985
702 -0.0995642 -0.0991813
703 -0.100145 -0.0995726
704 -0.100331 -0.099571
705 -0.100121 -0.0991764
706 -0.0995152 -0.0983904
707 -0.0985171 -0.0972161
708 -0.0971302 -0.0956582
709 -0.0953599 -0.0937227
710 -0.0932133 -0.0914173
711 -0.0906989 -0.0887512
712 -0.0878264 -0.0857348
713 -0.0846074 -0.08238
714 -0.0810545 -0.0787002
715 -0.0771816 -0.0747097
716 -0.0730042 -0.0704244
717 -0.0685387 -0.0658611
718 -0.0638027 -0.061038
719 -0.0588148 -0.0559739
720 -0.0535949 -0.050689
721 -0.0481634 -0.0452039
722 -0.0425419 -0.0395405
723 -0.0367525 -0.0337211
724 -0.030818 -0.0277685
725 -0.0247619 -0.0217064
726 -0.0186081 -0.0155586
727 -0.0123808 -0.00934942
728 -0.0061047 -0.00310333
729 0.00019551 0.00315501
730 0.00649495 0.0094009
731 0.0127688 0.0156097
732 0.0189922 0.0217569
733 0.0251406 0.0278182
734 0.0311899 0.0337697
735 0.037116 0.039588
736 0.0428957 0.04525
737 0.0485061 0.0507335
738 0.053925 0.0560167
739 0.0591312 0.0610788
740 0.064104 0.0658999
741 0.0688237 0.070461
742 0.0732719 0.0747439
743 0.0774309 0.0787319
744 0.0812843 0.0824091
745 0.0848169 0.0857611
746 0.0880148 0.0887747
747 0.0908653 0.0914379
748 0.0933573 0.0937402
749 0.0954808 0.0956726
750 0.0972274 0.0972274
751 0.0985904 0.0983985
752 0.0995642 0.0991813
753 0.100145 0.0995726
754 0.100331 0.099571
755 0.100121 0.0991764
756 0.0995152 0.0983904
757 0.0985171 0.0972161
758 0.0971302 0.0956582
759 0.0953599 0.0937227
760 0.0932133 0.0914173
761 0.0906989 0.0887512
762 0.0878264 0.0857348
763 0.0846074 0.08238
764 0.0810545 0.0787002
765 0.0771816 0.0747097
766 0.0730042 0.0704244
767 0.0685387 0.0658611
768 0.0638027 0.061038
769 0.0588148 0.0559739
770 0.0535949 0.050689
771 0.0481634 0.0452039
772 0.0425419 0.0395405
773 0.0367525 0.0337211
774 0.030818 0.0277685
775 0.0247619 0.0217064
776 0.0186081 0.0155586
777 0.0123808 0.00934942
778 0.0061047 0.00310333
779 -0.00019551 -0.00315501
780 -0.00649495 -0.0094009
781 -0.0127688 -0.0156097
782 -0.0189922 -0.0217569
783 -0.0251406 -0.0278182
784 -0.0311899 -0.0337697
785 -0.037116 -0.039588
786 -0.0428957 -0.04525
787 -0.0485061 -0.0507335
788 -0.053925 -0.0560167
789 -0.0591312 -0.0610788
790 -0.064104 -0.0658999
791 -0.0688237 -0.070461
792 -0.0732719 -0.0747439
793 -0.0774309 -0.0787319
794 -0.0812843 -0.0824091
795 -0.0848169 -0.0857611
796 -0.0880148 -0.0887747
797 -0.0908653 -0.0914379
798 -0.0933573 -0.0937402
799 -0.0954808 -0.0956726
800 -0.0972274 -0.0972274
801 -0.0985904 -0.0983985
802 -0.0995642 -0.0991813
803 -0.100145 -0.0995726
804 -0.100331 -0.099571
805 -0.100121 -0.0991764
806 -0.0995152 -0.0983904
807 -0.0985171 -0.0972161
808 -0.0971302 -0.0956582
809 -0.0953599 -0.0937227
810 -0.0932133 -0.0914173
811 -0.0906989 -0.0887512
812 -0.0878264 -0.0857348
813 -0.0846074 -0.08238
814 -0.0810545 -0.0787002
815 -0.0771816 -0.0747097
816 -0.0730042 -0.0704244
817 -0.0685387 -0.0658611
818 -0.0638027 -0.061038
819 -0.0588148 -0.0559739
820 -0.0535949 -0.050689
821 -0.0481634 -0.0452039
822 -0.0425419 -0.0395405
823 -0.0367525 -0.0337211
824 -0.030818 -0.0277685
825 -0.0247619 -0.0217064
826 -0.0186081 -0.0155586
827 -0.0123808 -0.00934942
828 -0.0061047 -0.00310333
829 0.00019551 0.00315501
830 0.00649495 0.0094009
831 0.0127688 0.0156097
832 0.0189922 0.0217569
833 0.0251406 0.0278182
834 0.0311899 0.0337697
835 0.037116 0.039588
836 0.0428957 0.04525
837 0.0485061 0.0507335
838 0.053925 0.0560167
839 0.0591312 0.0610788
840 0.064104 0.0658999
841 0.0688237 0.070461
842 0.0732719 0.0747439
843 0.0774309 0.0787319
844 0.0812843 0.0824091
845 0.0848169 0.0857611
846 0.0880148 0.0887747
847 0.0908653 0.0914379
848 0.0933573 0.0937402
849 0.0954808 0.0956726
850 0.0972274 0.0972274
851 0.0985904 0.0983985
852 0.0995642 0.0991813
853 0.100145 0.0995726
854 0.100331 0.099571
855 0.100121 0.0991764
856 0.0995152 0.0983904
857 0.0985171 0.0972161
858 0.0971302 0.0956582
859 0.0953599 0.0937227
860 0.0932133 0.0914173
861 0.0906989 0.0887512
862 0.0878264 0.0857348
863 0.0846074 0.08238
864 0.0810545 0.0787002
865 0.0771816 0.0747097
866 0.0730042 0.0704244
867 0.0685387 0.0658611
868 0.0638027 0.061038
869 0.0588148 0.0559739
870 0.0535949 0.050689
871 0.0481634 0.0452039
872 0.0425419 0.0395405
873 0.0367525 0.0337211
874 0.030818 0.0277685
875 0.0247619 0.0217064
876 0.0186081 0.0155586
877 0.0123808 0.00934942
878 0.0061047 0.00310333
879 -0.00019551 -0.00315501
880 -0.00649495 -0.0094009
881 -0.0127688 -0.0156097
882 -0.0189922 -0.0217569
883 -0.0251406 -0.0278182
884 -0.0311899 -0.0337697
885 -0.037116 -0.039588
886 -0.0428957 -0.04525
887 -0.0485061 -0.0507335
888 -0.053925 -0.0560167
889 -0.0591312 -0.0610788
890 -0.064104 -0.0658999
891 -0.0688237 -0.070461
892 -0.0732719 -0.0747439
893 -0.0774309 -0.0787319
894 -0.0812843 -0.0824091
895 -0.0848169 -0.0857611
896 -0.0880148 -0.0887747
897 -0.0908653 -0.0914379
898 -0.0933573 -0.0937402
899 -0.0954808 -0.0956726
900 -0.0972274 -0.0972274
901 -0.0985904 -0.0983985
902 -0.0995642 -0.0991813
903 -0.100145 -0.0995726
904 -0.100331 -0.099571
905 -0.100121 -0.0991764
906 -0.0995152 -0.0983904
907 -0.0985171 -0.0972161
908 -0.0971302 -0.0956582
909 -0.0953599 -0.0937227
910 -0.0932133 -0.0914173
911 -0.0906989 -0.0887512
912 -0.0878264 -0.0857348
913 -0.0846074 -0.08238
914 -0.0810545 -0.0787002
915 -0.0771816 -0.0747097
916 -0.0730042 -0.0704244
917 -0.0685387 -0.0658611
918 -0.0638027 -0.061038
919 -0.0588148 -0.0559739
920 -0.0535949 -0.050689
921 -0.0481634 -0.0452039
922 -0.0425419 -0.0395405
923 -0.0367525 -0.0337211
924 -0.030818 -0.0277685
925 -0.0247619 -0.0217064
926 -0.0186081 -0.0155586
927 -0.0123808 -0.00934942
928 -0.0061047 -0.00310333
929 0.00019551 0.00315501
930 0.00649495 0.0094009
931 0.0127688 0.0156097
932 0.0189922 0.0217569
933 0.0251406 0.0278182
934 0.0311899 0.0337697
935 0.037116 0.039588
936 0.0428957 0.04525
937 0.0485061 0.0507335
938 0.053925 0.0560167
939 0.0591312 0.0610788
940 0.064104 0.0658999
941 0.0688237 0.070461
942 0.0732719 0.0747439
943 0.0774309 0.0787319
944 0.0812843 0.0824091
945 0.0848169 0.0857611
946 0.0880148 0.0887747
947 0.0908653 0.0914379
948 0.0933573 0.0937402
949 0.0954808 0.0956726
950 0.0972274 0.0972274
951 0.0985904 0.0983985
952 0.0995642 0.0991813
953 0.100145 0.0995726
954 0.100331 0.099571
955 0.100121 0.0991764
956 0.0995152 0.0983904
957 0.0985171 0.0972161
958 0.0971302 0.0956582
959 0.0953599 0.0937227
960 0.0932133 0.0914173
961 0.0906989 0.0887512
962 0.0878264 0.0857348
963 0.0846074 0.08238
964 0.0810545 0.0787002
965 0.0771816 0.0747097
966 0.0730042 0.0704244
967 0.0685387 0.0658611
968 0.0638027 0.061038
969 0.0588148 0.0559739
970 0.0535949 0.050689
971 0.0481634 0.0452039
972 0.0425419 0.0395405
973 0.0367525 0.0337211
974 0.030818 0.0277685
975 0.0247619 0.0217064
976 0.0186081 0.0155586
977 0.0123808 0.00934942
978 0.0061047 0.00310333
979 -0.00019551 -0.00315501
980 -0.00649495 -0.0094009
981 -0.0127688 -0.0156097
982 -0.0189922 -0.0217569
983 -0.0251406 -0.0278182
984 -0.0311899 -0.0337697
985 -0.037116 -0.039588
986 -0.0428957 -0.04525
987 -0.0485061 -0.0507335
988 -0.053925 -0.0560167
989 -0.0591312 -0.0610788
990 -0.064104 -0.0658999
991 -0.0688237 -0.070461
992 -0.0732719 -0.0747439
993 -0.0774309 -0.0787319
994 -0.0812843 -0.0824091
995 -0.0848169 -0.0857611
996 -0.0880148 -0.0887747
997 -0.0908653 -0.0914379
998 -0.0933573 -0.0937402
999 -0.0954808 -0.0956726
