0 -0.0325751 -0.0325751
1 -0.0384793 -0.038415
2 -0.0442316 -0.0441033
3 -0.0498093 -0.0496175
4 -0.0551905 -0.0549359
5 -0.0603539 -0.0600375
6 -0.065279 -0.0649022
7 -0.0699466 -0.0695107
8 -0.0743381 -0.0738449
9 -0.0784362 -0.0778876
10 -0.0822247 -0.081623
11 -0.0856888 -0.0850363
12 -0.0888147 -0.0881139
13 -0.0915901 -0.0908438
14 -0.094004 -0.0932152
15 -0.0960469 -0.0952187
16 -0.0977107 -0.0968464
17 -0.098989 -0.0980919
18 -0.0998766 -0.0989503
19 -0.10037 -0.0994182
20 -0.100467 -0.0994937
21 -0.100168 -0.0991765
22 -0.0994736 -0.098468
23 -0.0983865 -0.0973708
24 -0.0969111 -0.0958894
25 -0.0950532 -0.0940295
26 -0.0928203 -0.0917986
27 -0.090221 -0.0892053
28 -0.0872656 -0.08626
29 -0.0839659 -0.0829743
30 -0.0803347 -0.0793611
31 -0.0763866 -0.0754347
32 -0.0721369 -0.0712106
33 -0.0676026 -0.0667055
34 -0.0628015 -0.0619371
35 -0.0577525 -0.0569243
36 -0.0524756 -0.0516868
37 -0.0469916 -0.0462454
38 -0.0413222 -0.0406214
39 -0.0354896 -0.0348371
40 -0.0295171 -0.0289153
41 -0.023428 -0.0228794
42 -0.0172464 -0.0167533
43 -0.0109968 -0.010561
44 -0.00470383 -0.00432698
45 0.00160773 0.00192408
46 0.00791295 0.00816754
47 0.0141869 0.0143788
48 0.0204049 0.0205333
49 0.0265424 0.0266067
50 0.0325751 0.0325751
51 0.0384793 0.038415
52 0.0442316 0.0441033
53 0.0498093 0.0496175
54 0.0551905 0.0549359
55 0.0603539 0.0600375
56 0.065279 0.0649022
57 0.0699466 0.0695107
58 0.0743381 0.0738449
59 0.0784362 0.0778876
60 0.0822247 0.081623
61 0.0856888 0.0850363
62 0.0888147 0.0881139
63 0.0915901 0.0908438
64 0.094004 0.0932152
65 0.0960469 0.0952187
66 0.0977107 0.0968464
67 0.098989 0.0980919
68 0.0998766 0.0989503
69 0.10037 0.0994182
70 0.100467 0.0994937
71 0.100168 0.0991765
72 0.0994736 0.098468
73 0.0983865 0.0973708
74 0.0969111 0.0958894
75 0.0950532 0.0940295
76 0.0928203 0.0917986
77 0.090221 0.0892053
78 0.0872656 0.08626
79 0.0839659 0.0829743
80 0.0803347 0.0793611
81 0.0763866 0.0754347
82 0.0721369 0.0712106
83 0.0676026 0.0667055
84 0.0628015 0.0619371
85 0.0577525 0.0569243
86 0.0524756 0.0516868
87 0.0469916 0.0462454
88 0.0413222 0.0406214
89 0.0354896 0.0348371
90 0.0295171 0.0289153
91 0.023428 0.0228794
92 0.0172464 0.0167533
93 0.0109968 0.010561
94 0.00470383 0.00432698
95 -0.00160773 -0.00192408
96 -0.00791295 -0.00816754
97 -0.0141869 -0.0143788
98 -0.0204049 -0.0205333
99 -0.0265424 -0.0266067
100 -0.0325751 -0.0325751
101 -0.0384793 -0.038415
102 -0.0442316 -0.0441033
103 -0.0498093 -0.0496175
104 -0.0551905 -0.0549359
105 -0.0603539 -0.0600375
106 -0.065279 -0.0649022
107 -0.0699466 -0.0695107
108 -0.0743381 -0.0738449
109 -0.0784362 -0.0778876
110 -0.0822247 -0.081623
111 -0.0856888 -0.0850363
112 -0.0888147 -0.0881139
113 -0.0915901 -0.0908438
114 -0.094004 -0.0932152
115 -0.0960469 -0.0952187
116 -0.0977107 -0.0968464
117 -0.098989 -0.0980919
118 -0.0998766 -0.0989503
119 -0.10037 -0.0994182
120 -0.100467 -0.0994937
121 -0.100168 -0.0991765
122 -0.0994736 -0.098468
123 -0.0983865 -0.0973708
124 -0.0969111 -0.0958894
125 -0.0950532 -0.0940295
126 -0.0928203 -0.0917986
127 -0.090221 -0.0892053
128 -0.0872656 -0.08626
129 -0.0839659 -0.0829743
130 -0.0803347 -0.0793611
131 -0.0763866 -0.0754347
132 -0.0721369 -0.0712106
133 -0.0676026 -0.0667055
134 -0.0628015 -0.0619371
135 -0.0577525 -0.0569243
136 -0.0524756 -0.0516868
137 -0.0469916 -0.0462454
138 -0.0413222 -0.0406214
139 -0.0354896 -0.0348371
140 -0.0295171 -0.0289153
141 -0.023428 -0.0228794
142 -0.0172464 -0.0167533
143 -0.0109968 -0.010561
144 -0.00470383 -0.00432698
145 0.00160773 0.00192408
146 0.00791295 0.00816754
147 0.0141869 0.0143788
148 0.0204049 0.0205333
149 0.0265424 0.0266067
150 0.0325751 0.0325751
151 0.0384793 0.038415
152 0.0442316 0.0441033
153 0.0498093 0.0496175
154 0.0551905 0.0549359
155 0.0603539 0.0600375
156 0.065279 0.0649022
157 0.0699466 0.0695107
158 0.0743381 0.0738449
159 0.0784362 0.0778876
160 0.0822247 0.081623
161 0.0856888 0.0850363
162 0.0888147 0.0881139
163 0.0915901 0.0908438
164 0.094004 0.0932152
165 0.0960469 0.0952187
166 0.0977107 0.0968464
167 0.098989 0.0980919
168 0.0998766 0.0989503
169 0.10037 0.0994182
170 0.100467 0.0994937
171 0.100168 0.0991765
172 0.0994736 0.098468
173 0.0983865 0.0973708
174 0.0969111 0.0958894
175 0.0950532 0.0940295
176 0.0928203 0.0917986
177 0.090221 0.0892053
178 0.0872656 0.08626
179 0.0839659 0.0829743
180 0.0803347 0.0793611
181 0.0763866 0.0754347
182 0.0721369 0.0712106
183 0.0676026 0.0667055
184 0.0628015 0.0619371
185 0.0577525 0.0569243
186 0.0524756 0.0516868
187 0.0469916 0.0462454
188 0.0413222 0.0406214
189 0.0354896 0.0348371
190 0.0295171 0.0289153
191 0.023428 0.0228794
192 0.0172464 0.0167533
193 0.0109968 0.010561
194 0.00470383 0.00432698
195 -0.00160773 -0.00192408
196 -0.00791295 -0.00816754
197 -0.0141869 -0.0143788
198 -0.0204049 -0.0205333
199 -0.0265424 -0.0266067
200 -0.0325751 -0.0325751
201 -0.0384793 -0.038415
202 -0.0442316 -0.0441033
203 -0.0498093 -0.0496175
204 -0.0551905 -0.0549359
205 -0.0603539 -0.0600375
206 -0.065279 -0.0649022
207 -0.0699466 -0.0695107
208 -0.0743381 -0.0738449
209 -0.0784362 -0.0778876
210 -0.0822247 -0.081623
211 -0.0856888 -0.0850363
212 -0.0888147 -0.0881139
213 -0.0915901 -0.0908438
214 -0.094004 -0.0932152
215 -0.0960469 -0.0952187
216 -0.0977107 -0.0968464
217 -0.098989 -0.0980919
218 -0.0998766 -0.0989503
219 -0.10037 -0.0994182
220 -0.100467 -0.0994937
221 -0.100168 -0.0991765
222 -0.0994736 -0.098468
223 -0.0983865 -0.0973708
224 -0.0969111 -0.0958894
225 -0.0950532 -0.0940295
226 -0.0928203 -0.0917986
227 -0.090221 -0.0892053
228 -0.0872656 -0.08626
229 -0.0839659 -0.0829743
230 -0.0803347 -0.0793611
231 -0.0763866 -0.0754347
232 -0.0721369 -0.0712106
233 -0.0676026 -0.0667055
234 -0.0628015 -0.0619371
235 -0.0577525 -0.0569243
236 -0.0524756 -0.0516868
237 -0.0469916 -0.0462454
238 -0.0413222 -0.0406214
239 -0.0354896 -0.0348371
240 -0.0295171 -0.0289153
241 -0.023428 -0.0228794
242 -0.0172464 -0.0167533
243 -0.0109968 -0.010561
244 -0.00470383 -0.00432698
245 0.00160773 0.00192408
246 0.00791295 0.00816754
247 0.0141869 0.0143788
248 0.0204049 0.0205333
249 0.0265424 0.0266067
250 0.0325751 0.0325751
251 0.0384793 0.038415
252 0.0442316 0.0441033
253 0.0498093 0.0496175
254 0.0551905 0.0549359
255 0.0603539 0.0600375
256 0.065279 0.0649022
257 0.0699466 0.0695107
258 0.0743381 0.0738449
259 0.0784362 0.0778876
260 0.0822247 0.081623
261 0.0856888 0.0850363
262 0.0888147 0.0881139
263 0.0915901 0.0908438
264 0.094004 0.0932152
265 0.0960469 0.0952187
266 0.0977107 0.0968464
267 0.098989 0.0980919
268 0.0998766 0.0989503
269 0.10037 0.0994182
270 0.100467 0.0994937
271 0.100168 0.0991765
272 0.0994736 0.098468
273 0.0983865 0.0973708
274 0.0969111 0.0958894
275 0.0950532 0.0940295
276 0.0928203 0.0917986
277 0.090221 0.0892053
278 0.0872656 0.08626
279 0.0839659 0.0829743
280 0.0803347 0.0793611
281 0.0763866 0.0754347
282 0.0721369 0.0712106
283 0.0676026 0.0667055
284 0.0628015 0.0619371
285 0.0577525 0.0569243
286 0.0524756 0.0516868
287 0.0469916 0.0462454
288 0.0413222 0.0406214
289 0.0354896 0.0348371
290 0.0295171 0.0289153
291 0.023428 0.0228794
292 0.0172464 0.0167533
293 0.0109968 0.010561
294 0.00470383 0.00432698
295 -0.00160773 -0.00192408
296 -0.00791295 -0.00816754
297 -0.0141869 -0.0143788
298 -0.0204049 -0.0205333
299 -0.0265424 -0.0266067
300 -0.0325751 -0.0325751
301 -0.0384793 -0.038415
302 -0.0442316 -0.0441033
303 -0.0498093 -0.0496175
304 -0.0551905 -0.0549359
305 -0.0603539 -0.0600375
306 -0.065279 -0.0649022
307 -0.0699466 -0.0695107
308 -0.0743381 -0.0738449
309 -0.0784362 -0.0778876
310 -0.0822247 -0.081623
311 -0.0856888 -0.0850363
312 -0.0888147 -0.0881139
313 -0.0915901 -0.0908438
314 -0.094004 -0.0932152
315 -0.0960469 -0.0952187
316 -0.0977107 -0.0968464
317 -0.098989 -0.0980919
318 -0.0998766 -0.0989503
319 -0.10037 -0.0994182
320 -0.100467 -0.0994937
321 -0.100168 -0.0991765
322 -0.0994736 -0.098468
323 -0.0983865 -0.0973708
324 -0.0969111 -0.0958894
325 -0.0950532 -0.0940295
326 -0.0928203 -0.0917986
327 -0.090221 -0.0892053
328 -0.0872656 -0.08626
329 -0.0839659 -0.0829743
330 -0.0803347 -0.0793611
331 -0.0763866 -0.0754347
332 -0.0721369 -0.0712106
333 -0.0676026 -0.0667055
334 -0.0628015 -0.0619371
335 -0.0577525 -0.0569243
336 -0.0524756 -0.0516868
337 -0.0469916 -0.0462454
338 -0.0413222 -0.0406214
339 -0.0354896 -0.0348371
340 -0.0295171 -0.0289153
341 -0.023428 -0.0228794
342 -0.0172464 -0.0167533
343 -0.0109968 -0.010561
344 -0.00470383 -0.00432698
345 0.00160773 0.00192408
346 0.00791295 0.00816754
347 0.0141869 0.0143788
348 0.0204049 0.0205333
349 0.0265424 0.0266067
350 0.0325751 0.0325751
351 0.0384793 0.038415
352 0.0442316 0.0441033
353 0.0498093 0.0496175
354 0.0551905 0.0549359
355 0.0603539 0.0600375
356 0.065279 0.0649022
357 0.0699466 0.0695107
358 0.0743381 0.0738449
359 0.0784362 0.0778876
360 0.0822247 0.081623
361 0.0856888 0.0850363
362 0.0888147 0.0881139
363 0.0915901 0.0908438
364 0.094004 0.0932152
365 0.0960469 0.0952187
366 0.0977107 0.0968464
367 0.098989 0.0980919
368 0.0998766 0.0989503
369 0.10037 0.0994182
370 0.100467 0.0994937
371 0.100168 0.0991765
372 0.0994736 0.098468
373 0.0983865 0.0973708
374 0.0969111 0.0958894
375 0.0950532 0.0940295
376 0.0928203 0.0917986
377 0.090221 0.0892053
378 0.0872656 0.08626
379 0.0839659 0.0829743
380 0.0803347 0.0793611
381 0.0763866 0.0754347
382 0.0721369 0.0712106
383 0.0676026 0.0667055
384 0.0628015 0.0619371
385 0.0577525 0.0569243
386 0.0524756 0.0516868
387 0.0469916 0.0462454
388 0.0413222 0.0406214
389 0.0354896 0.0348371
390 0.0295171 0.0289153
391 0.023428 0.0228794
392 0.0172464 0.0167533
393 0.0109968 0.010561
394 0.00470383 0.00432698
395 -0.00160773 -0.00192408
396 -0.00791295 -0.00816754
397 -0.0141869 -0.0143788
398 -0.0204049 -0.0205333
399 -0.0265424 -0.0266067
400 -0.0325751 -0.0325751
401 -0.0384793 -0.038415
402 -0.0442316 -0.0441033
403 -0.0498093 -0.0496175
404 -0.0551905 -0.0549359
405 -0.0603539 -0.0600375
406 -0.065279 -0.0649022
407 -0.0699466 -0.0695107
408 -0.0743381 -0.0738449
409 -0.0784362 -0.0778876
410 -0.0822247 -0.081623
411 -0.0856888 -0.0850363
412 -0.0888147 -0.0881139
413 -0.0915901 -0.0908438
414 -0.094004 -0.0932152
415 -0.0960469 -0.0952187
416 -0.0977107 -0.0968464
417 -0.098989 -0.0980919
418 -0.0998766 -0.0989503
419 -0.10037 -0.0994182
420 -0.100467 -0.0994937
421 -0.100168 -0.0991765
422 -0.0994736 -0.098468
423 -0.0983865 -0.0973708
424 -0.0969111 -0.0958894
425 -0.0950532 -0.0940295
426 -0.0928203 -0.0917986
427 -0.090221 -0.0892053
428 -0.0872656 -0.08626
429 -0.0839659 -0.0829743
430 -0.0803347 -0.0793611
431 -0.0763866 -0.0754347
432 -0.0721369 -0.0712106
433 -0.0676026 -0.0667055
434 -0.0628015 -0.0619371
435 -0.0577525 -0.0569243
436 -0.0524756 -0.0516868
437 -0.0469916 -0.0462454
438 -0.0413222 -0.0406214
439 -0.0354896 -0.0348371
440 -0.0295171 -0.0289153
441 -0.023428 -0.0228794
442 -0.0172464 -0.0167533
443 -0.0109968 -0.010561
444 -0.00470383 -0.00432698
445 0.00160773 0.00192408
446 0.00791295 0.00816754
447 0.0141869 0.0143788
448 0.0204049 0.0205333
449 0.0265424 0.0266067
450 0.0325751 0.0325751
451 0.0384793 0.038415
452 0.0442316 0.0441033
453 0.0498093 0.0496175
454 0.0551905 0.0549359
455 0.0603539 0.0600375
456 0.065279 0.0649022
457 0.0699466 0.0695107
458 0.0743381 0.0738449
459 0.0784362 0.0778876
460 0.0822247 0.081623
461 0.0856888 0.0850363
462 0.0888147 0.0881139
463 0.0915901 0.0908438
464 0.094004 0.0932152
465 0.0960469 0.0952187
466 0.0977107 0.0968464
467 0.098989 0.0980919
468 0.0998766 0.0989503
469 0.10037 0.0994182
470 0.100467 0.0994937
471 0.100168 0.0991765
472 0.0994736 0.098468
473 0.0983865 0.0973708
474 0.0969111 0.0958894
475 0.0950532 0.0940295
476 0.0928203 0.0917986
477 0.090221 0.0892053
478 0.0872656 0.08626
479 0.0839659 0.0829743
480 0.0803347 0.0793611
481 0.0763866 0.0754347
482 0.0721369 0.0712106
483 0.0676026 0.0667055
484 0.0628015 0.0619371
485 0.0577525 0.0569243
486 0.0524756 0.0516868
487 0.0469916 0.0462454
488 0.0413222 0.0406214
489 0.0354896 0.0348371
490 0.0295171 0.0289153
491 0.023428 0.0228794
492 0.0172464 0.0167533
493 0.0109968 0.010561
494 0.00470383 0.00432698
495 -0.00160773 -0.00192408
496 -0.00791295 -0.00816754
497 -0.0141869 -0.0143788
498 -0.0204049 -0.0205333
499 -0.0265424 -0.0266067
500 -0.0325751 -0.0325751
501 -0.0384793 -0.038415
502 -0.0442316 -0.0441033
503 -0.0498093 -0.0496175
504 -0.0551905 -0.0549359
505 -0.0603539 -0.0600375
506 -0.065279 -0.0649022
507 -0.0699466 -0.0695107
508 -0.0743381 -0.0738449
509 -0.0784362 -0.0778876
510 -0.0822247 -0.081623
511 -0.0856888 -0.0850363
512 -0.0888147 -0.0881139
513 -0.0915901 -0.0908438
514 -0.094004 -0.0932152
515 -0.0960469 -0.0952187
516 -0.0977107 -0.0968464
517 -0.098989 -0.0980919
518 -0.0998766 -0.0989503
519 -0.10037 -0.0994182
520 -0.100467 -0.0994937
521 -0.100168 -0.0991765
522 -0.0994736 -0.098468
523 -0.0983865 -0.0973708
524 -0.0969111 -0.0958894
525 -0.0950532 -0.0940295
526 -0.0928203 -0.0917986
527 -0.090221 -0.0892053
528 -0.0872656 -0.08626
529 -0.0839659 -0.0829743
530 -0.0803347 -0.0793611
531 -0.0763866 -0.0754347
532 -0.0721369 -0.0712106
533 -0.0676026 -0.0667055
534 -0.0628015 -0.0619371
535 -0.0577525 -0.0569243
536 -0.0524756 -0.0516868
537 -0.0469916 -0.0462454
538 -0.0413222 -0.0406214
539 -0.0354896 -0.0348371
540 -0.0295171 -0.0289153
541 -0.023428 -0.0228794
542 -0.0172464 -0.0167533
543 -0.0109968 -0.010561
544 -0.00470383 -0.00432698
545 0.00160773 0.00192408
546 0.00791295 0.00816754
547 0.0141869 0.0143788
548 0.0204049 0.0205333
549 0.0265424 0.0266067
550 0.0325751 0.0325751
551 0.0384793 0.038415
552 0.0442316 0.0441033
553 0.0498093 0.0496175
554 0.0551905 0.0549359
555 0.0603539 0.0600375
556 0.065279 0.0649022
557 0.0699466 0.0695107
558 0.0743381 0.0738449
559 0.0784362 0.0778876
560 0.0822247 0.081623
561 0.0856888 0.0850363
562 0.0888147 0.0881139
563 0.0915901 0.0908438
564 0.094004 0.0932152
565 0.0960469 0.0952187
566 0.0977107 0.0968464
567 0.098989 0.0980919
568 0.0998766 0.0989503
569 0.10037 0.0994182
570 0.100467 0.0994937
571 0.100168 0.0991765
572 0.0994736 0.098468
573 0.0983865 0.0973708
574 0.0969111 0.0958894
575 0.0950532 0.0940295
576 0.0928203 0.0917986
577 0.090221 0.0892053
578 0.0872656 0.08626
579 0.0839659 0.0829743
580 0.0803347 0.0793611
581 0.0763866 0.0754347
582 0.0721369 0.0712106
583 0.0676026 0.0667055
584 0.0628015 0.0619371
585 0.0577525 0.0569243
586 0.0524756 0.0516868
587 0.0469916 0.0462454
588 0.0413222 0.0406214
589 0.0354896 0.0348371
590 0.0295171 0.0289153
591 0.023428 0.0228794
592 0.0172464 0.0167533
593 0.0109968 0.010561
594 0.00470383 0.00432698
595 -0.00160773 -0.00192408
596 -0.00791295 -0.00816754
597 -0.0141869 -0.0143788
598 -0.0204049 -0.0205333
599 -0.0265424 -0.0266067
600 -0.0325751 -0.0325751
601 -0.0384793 -0.038415
602 -0.0442316 -0.0441033
603 -0.0498093 -0.0496175
604 -0.0551905 -0.0549359
605 -0.0603539 -0.0600375
606 -0.065279 -0.0649022
607 -0.0699466 -0.0695107
608 -0.0743381 -0.0738449
609 -0.0784362 -0.0778876
610 -0.0822247 -0.081623
611 -0.0856888 -0.0850363
612 -0.0888147 -0.0881139
613 -0.0915901 -0.0908438
614 -0.094004 -0.0932152
615 -0.0960469 -0.0952187
616 -0.0977107 -0.0968464
617 -0.098989 -0.0980919
618 -0.0998766 -0.0989503
619 -0.10037 -0.0994182
620 -0.100467 -0.0994937
621 -0.100168 -0.0991765
622 -0.0994736 -0.098468
623 -0.0983865 -0.0973708
624 -0.0969111 -0.0958894
625 -0.0950532 -0.0940295
626 -0.0928203 -0.0917986
627 -0.090221 -0.0892053
628 -0.0872656 -0.08626
629 -0.0839659 -0.0829743
630 -0.0803347 -0.0793611
631 -0.0763866 -0.0754347
632 -0.0721369 -0.0712106
633 -0.0676026 -0.0667055
634 -0.0628015 -0.0619371
635 -0.0577525 -0.0569243
636 -0.0524756 -0.0516868
637 -0.0469916 -0.0462454
638 -0.0413222 -0.0406214
639 -0.0354896 -0.0348371
640 -0.0295171 -0.0289153
641 -0.023428 -0.0228794
642 -0.0172464 -0.0167533
643 -0.0109968 -0.010561
644 -0.00470383 -0.00432698
645 0.00160773 0.00192408
646 0.00791295 0.00816754
647 0.0141869 0.0143788
648 0.0204049 0.0205333
649 0.0265424 0.0266067
650 0.0325751 0.0325751
651 0.0384793 0.038415
652 0.0442316 0.0441033
653 0.0498093 0.0496175
654 0.0551905 0.0549359
655 0.0603539 0.0600375
656 0.065279 0.0649022
657 0.0699466 0.0695107
658 0.0743381 0.0738449
659 0.0784362 0.0778876
660 0.0822247 0.081623
661 0.0856888 0.0850363
662 0.0888147 0.0881139
663 0.0915901 0.0908438
664 0.094004 0.0932152
665 0.0960469 0.0952187
666 0.0977107 0.0968464
667 0.098989 0.0980919
668 0.0998766 0.0989503
669 0.10037 0.0994182
670 0.100467 0.0994937
671 0.100168 0.0991765
672 0.0994736 0.098468
673 0.0983865 0.0973708
674 0.0969111 0.0958894
675 0.0950532 0.0940295
676 0.0928203 0.0917986
677 0.090221 0.0892053
678 0.0872656 0.08626
679 0.0839659 0.0829743
680 0.0803347 0.0793611
681 0.0763866 0.0754347
682 0.0721369 0.0712106
683 0.0676026 0.0667055
684 0.0628015 0.0619371
685 0.0577525 0.0569243
686 0.0524756 0.0516868
687 0.0469916 0.0462454
688 0.0413222 0.0406214
689 0.0354896 0.0348371
690 0.0295171 0.0289153
691 0.023428 0.0228794
692 0.0172464 0.0167533
693 0.0109968 0.010561
694 0.00470383 0.00432698
695 -0.00160773 -0.00192408
696 -0.00791295 -0.00816754
697 -0.0141869 -0.0143788
698 -0.0204049 -0.0205333
699 -0.0265424 -0.0266067
700 -0.0325751 -0.0325751
701 -0.0384793 -0.038415
702 -0.0442316 -0.0441033
703 -0.0498093 -0.0496175
704 -0.0551905 -0.0549359
705 -0.0603539 -0.0600375
706 -0.065279 -0.0649022
707 -0.0699466 -0.0695107
708 -0.0743381 -0.0738449
709 -0.0784362 -0.0778876
710 -0.0822247 -0.081623
711 -0.0856888 -0.0850363
712 -0.0888147 -0.0881139
713 -0.0915901 -0.0908438
714 -0.094004 -0.0932152
715 -0.0960469 -0.0952187
716 -0.0977107 -0.0968464
717 -0.098989 -0.0980919
718 -0.0998766 -0.0989503
719 -0.10037 -0.0994182
720 -0.100467 -0.0994937
721 -0.100168 -0.0991765
722 -0.0994736 -0.098468
723 -0.0983865 -0.0973708
724 -0.0969111 -0.0958894
725 -0.0950532 -0.0940295
726 -0.0928203 -0.0917986
727 -0.090221 -0.0892053
728 -0.0872656 -0.08626
729 -0.0839659 -0.0829743
730 -0.0803347 -0.0793611
731 -0.0763866 -0.0754347
732 -0.0721369 -0.0712106
733 -0.0676026 -0.0667055
734 -0.0628015 -0.0619371
735 -0.0577525 -0.0569243
736 -0.0524756 -0.0516868
737 -0.0469916 -0.0462454
738 -0.0413222 -0.0406214
739 -0.0354896 -0.0348371
740 -0.0295171 -0.0289153
741 -0.023428 -0.0228794
742 -0.0172464 -0.0167533
743 -0.0109968 -0.010561
744 -0.00470383 -0.00432698
745 0.00160773 0.00192408
746 0.00791295 0.00816754
747 0.0141869 0.0143788
748 0.0204049 0.0205333
749 0.0265424 0.0266067
750 0.0325751 0.0325751
751 0.0384793 0.038415
752 0.0442316 0.0441033
753 0.0498093 0.0496175
754 0.0551905 0.0549359
755 0.0603539 0.0600375
756 0.065279 0.0649022
757 0.0699466 0.0695107
758 0.0743381 0.0738449
759 0.0784362 0.0778876
760 0.0822247 0.081623
761 0.0856888 0.0850363
762 0.0888147 0.0881139
763 0.0915901 0.0908438
764 0.094004 0.0932152
765 0.0960469 0.0952187
766 0.0977107 0.0968464
767 0.098989 0.0980919
768 0.0998766 0.0989503
769 0.10037 0.0994182
770 0.100467 0.0994937
771 0.100168 0.0991765
772 0.0994736 0.098468
773 0.0983865 0.0973708
774 0.0969111 0.0958894
775 0.0950532 0.0940295
776 0.0928203 0.0917986
777 0.090221 0.0892053
778 0.0872656 0.08626
779 0.0839659 0.0829743
780 0.0803347 0.0793611
781 0.0763866 0.0754347
782 0.0721369 0.0712106
783 0.0676026 0.0667055
784 0.0628015 0.0619371
785 0.0577525 0.0569243
786 0.0524756 0.0516868
787 0.0469916 0.0462454
788 0.0413222 0.0406214
789 0.0354896 0.0348371
790 0.0295171 0.0289153
791 0.023428 0.0228794
792 0.0172464 0.0167533
793 0.0109968 0.010561
794 0.00470383 0.00432698
795 -0.00160773 -0.00192408
796 -0.00791295 -0.00816754
797 -0.0141869 -0.0143788
798 -0.0204049 -0.0205333
799 -0.0265424 -0.0266067
800 -0.0325751 -0.0325751
801 -0.0384793 -0.038415
802 -0.0442316 -0.0441033
803 -0.0498093 -0.0496175
804 -0.0551905 -0.0549359
805 -0.0603539 -0.0600375
806 -0.065279 -0.0649022
807 -0.0699466 -0.0695107
808 -0.0743381 -0.0738449
809 -0.0784362 -0.0778876
810 -0.0822247 -0.081623
811 -0.0856888 -0.0850363
812 -0.0888147 -0.0881139
813 -0.0915901 -0.0908438
814 -0.094004 -0.0932152
815 -0.0960469 -0.0952187
816 -0.0977107 -0.0968464
817 -0.098989 -0.0980919
818 -0.0998766 -0.0989503
819 -0.10037 -0.0994182
820 -0.100467 -0.0994937
821 -0.100168 -0.0991765
822 -0.0994736 -0.098468
823 -0.0983865 -0.0973708
824 -0.0969111 -0.0958894
825 -0.0950532 -0.0940295
826 -0.0928203 -0.0917986
827 -0.090221 -0.0892053
828 -0.0872656 -0.08626
829 -0.0839659 -0.0829743
830 -0.0803347 -0.0793611
831 -0.0763866 -0.0754347
832 -0.0721369 -0.0712106
833 -0.0676026 -0.0667055
834 -0.0628015 -0.0619371
835 -0.0577525 -0.0569243
836 -0.0524756 -0.0516868
837 -0.0469916 -0.0462454
838 -0.0413222 -0.0406214
839 -0.0354896 -0.0348371
840 -0.0295171 -0.0289153
841 -0.023428 -0.0228794
842 -0.0172464 -0.0167533
843 -0.0109968 -0.010561
844 -0.00470383 -0.00432698
845 0.00160773 0.00192408
846 0.00791295 0.00816754
847 0.0141869 0.0143788
848 0.0204049 0.0205333
849 0.0265424 0.0266067
850 0.0325751 0.0325751
851 0.0384793 0.038415
852 0.0442316 0.0441033
853 0.0498093 0.0496175
854 0.0551905 0.0549359
855 0.0603539 0.0600375
856 0.065279 0.0649022
857 0.0699466 0.0695107
858 0.0743381 0.0738449
859 0.0784362 0.0778876
860 0.0822247 0.081623
861 0.0856888 0.0850363
862 0.0888147 0.0881139
863 0.0915901 0.0908438
864 0.094004 0.0932152
865 0.0960469 0.0952187
866 0.0977107 0.0968464
867 0.098989 0.0980919
868 0.0998766 0.0989503
869 0.10037 0.0994182
870 0.100467 0.0994937
871 0.100168 0.0991765
872 0.0994736 0.098468
873 0.0983865 0.0973708
874 0.0969111 0.0958894
875 0.0950532 0.0940295
876 0.0928203 0.0917986
877 0.090221 0.0892053
878 0.0872656 0.08626
879 0.0839659 0.0829743
880 0.0803347 0.0793611
881 0.0763866 0.0754347
882 0.0721369 0.0712106
883 0.0676026 0.0667055
884 0.0628015 0.0619371
885 0.0577525 0.0569243
886 0.0524756 0.0516868
887 0.0469916 0.0462454
888 0.0413222 0.0406214
889 0.0354896 0.0348371
890 0.0295171 0.0289153
891 0.023428 0.0228794
892 0.0172464 0.0167533
893 0.0109968 0.010561
894 0.00470383 0.00432698
895 -0.00160773 -0.00192408
896 -0.00791295 -0.00816754
897 -0.0141869 -0.0143788
898 -0.0204049 -0.0205333
899 -0.0265424 -0.0266067
900 -0.0325751 -0.0325751
901 -0.0384793 -0.038415
902 -0.0442316 -0.0441033
903 -0.0498093 -0.0496175
904 -0.0551905 -0.0549359
905 -0.0603539 -0.0600375
906 -0.065279 -0.0649022
907 -0.0699466 -0.0695107
908 -0.0743381 -0.0738449
909 -0.0784362 -0.0778876
910 -0.0822247 -0.081623
911 -0.0856888 -0.0850363
912 -0.0888147 -0.0881139
913 -0.0915901 -0.0908438
914 -0.094004 -0.0932152
915 -0.0960469 -0.0952187
916 -0.0977107 -0.0968464
917 -0.098989 -0.0980919
918 -0.0998766 -0.0989503
919 -0.10037 -0.0994182
920 -0.100467 -0.0994937
921 -0.100168 -0.0991765
922 -0.0994736 -0.098468
923 -0.0983865 -0.0973708
924 -0.0969111 -0.0958894
925 -0.0950532 -0.0940295
926 -0.0928203 -0.0917986
927 -0.090221 -0.0892053
928 -0.0872656 -0.08626
929 -0.0839659 -0.0829743
930 -0.0803347 -0.0793611
931 -0.0763866 -0.0754347
932 -0.0721369 -0.0712106
933 -0.0676026 -0.0667055
934 -0.0628015 -0.0619371
935 -0.0577525 -0.0569243
936 -0.0524756 -0.0516868
937 -0.0469916 -0.0462454
938 -0.0413222 -0.0406214
939 -0.0354896 -0.0348371
940 -0.0295171 -0.0289153
941 -0.023428 -0.0228794
942 -0.0172464 -0.0167533
943 -0.0109968 -0.010561
944 -0.00470383 -0.00432698
945 0.00160773 0.00192408
946 0.00791295 0.00816754
947 0.0141869 0.0143788
948 0.0204049 0.0205333
949 0.0265424 0.0266067
950 0.0325751 0.0325751
951 0.0384793 0.038415
952 0.0442316 0.0441033
953 0.0498093 0.0496175
954 0.0551905 0.0549359
955 0.0603539 0.0600375
956 0.065279 0.0649022
957 0.0699466 0.0695107
958 0.0743381 0.0738449
959 0.0784362 0.0778876
960 0.0822247 0.081623
961 0.0856888 0.0850363
962 0.0888147 0.0881139
963 0.0915901 0.0908438
964 0.094004 0.0932152
965 0.0960469 0.0952187
966 0.0977107 0.0968464
967 0.098989 0.0980919
968 0.0998766 0.0989503
969 0.10037 0.0994182
970 0.100467 0.0994937
971 0.100168 0.0991765
972 0.0994736 0.098468
973 0.0983865 0.0973708
974 0.0969111 0.0958894
975 0.0950532 0.0940295
976 0.0928203 0.0917986
977 0.090221 0.0892053
978 0.0872656 0.08626
979 0.0839659 0.0829743
980 0.0803347 0.0793611
981 0.0763866 0.0754347
982 0.0721369 0.0712106
983 0.0676026 0.0667055
984 0.0628015 0.0619371
985 0.0577525 0.0569243
986 0.0524756 0.0516868
987 0.0469916 0.0462454
988 0.0413222 0.0406214
989 0.0354896 0.0348371
990 0.0295171 0.0289153
991 0.023428 0.0228794
992 0.0172464 0.0167533
993 0.0109968 0.010561
994 0.00470383 0.00432698
995 -0.00160773 -0.00192408
996 -0.00791295 -0.00816754
997 -0.0141869 -0.0143788
998 -0.0204049 -0.0205333
999 -0.0265424 -0.0266067
