0 -0.0298514 -0.0298514
1 -0.0358145 -0.0357556
2 -0.0416363 -0.0415187
3 -0.0472937 -0.0471179
4 -0.0527645 -0.0525312
5 -0.058027 -0.0577371
6 -0.0630606 -0.0627152
7 -0.0678452 -0.0674458
8 -0.0723621 -0.0719102
9 -0.0765935 -0.0760908
10 -0.0805225 -0.0799711
11 -0.0841338 -0.0835358
12 -0.087413 -0.0867708
13 -0.0903473 -0.0896634
14 -0.0929249 -0.0922021
15 -0.0951359 -0.094377
16 -0.0969714 -0.0961793
17 -0.0984242 -0.0976021
18 -0.0994886 -0.0986397
19 -0.10016 -0.0992881
20 -0.100437 -0.0995445
21 -0.100317 -0.0994082
22 -0.099801 -0.0988795
23 -0.0988912 -0.0979605
24 -0.0975913 -0.096655
25 -0.0959061 -0.094968
26 -0.0938425 -0.0929062
27 -0.0914085 -0.0904778
28 -0.0886138 -0.0876923
29 -0.0854693 -0.0845607
30 -0.0819875 -0.0810953
31 -0.0781822 -0.07731
32 -0.0740683 -0.0732195
33 -0.0696621 -0.0688401
34 -0.064981 -0.0641889
35 -0.0600435 -0.0592845
36 -0.0548689 -0.0541461
37 -0.0494778 -0.048794
38 -0.0438915 -0.0432493
39 -0.0381319 -0.037534
40 -0.0322219 -0.0316705
41 -0.0261847 -0.025682
42 -0.0200441 -0.0195922
43 -0.0138245 -0.013425
44 -0.00755024 -0.0072049
45 -0.00124623 -0.000956332
46 0.00506271 0.00529601
47 0.0113517 0.0115274
48 0.0175958 0.0177134
49 0.0237705 0.0238294
50 0.0298514 0.0298514
51 0.0358145 0.0357556
52 0.0416363 0.0415187
53 0.0472937 0.0471179
54 0.0527645 0.0525312
55 0.058027 0.0577371
56 0.0630606 0.0627152
57 0.0678452 0.0674458
58 0.0723621 0.0719102
59 0.0765935 0.0760908
60 0.0805225 0.0799711
61 0.0841338 0.0835358
62 0.087413 0.0867708
63 0.0903473 0.0896634
64 0.0929249 0.0922021
65 0.0951359 0.094377
66 0.0969714 0.0961793
67 0.0984242 0.0976021
68 0.0994886 0.0986397
69 0.10016 0.0992881
70 0.100437 0.0995445
71 0.100317 0.0994082
72 0.099801 0.0988795
73 0.0988912 0.0979605
74 0.0975913 0.096655
75 0.0959061 0.094968
76 0.0938425 0.0929062
77 0.0914085 0.0904778
78 0.0886138 0.0876923
79 0.0854693 0.0845607
80 0.0819875 0.0810953
81 0.0781822 0.07731
82 0.0740683 0.0732195
83 0.0696621 0.0688401
84 0.064981 0.0641889
85 0.0600435 0.0592845
86 0.0548689 0.0541461
87 0.0494778 0.048794
88 0.0438915 0.0432493
89 0.0381319 0.037534
90 0.0322219 0.0316705
91 0.0261847 0.025682
92 0.0200441 0.0195922
93 0.0138245 0.013425
94 0.00755024 0.0072049
95 0.00124623 0.000956332
96 -0.00506271 -0.00529601
97 -0.0113517 -0.0115274
98 -0.0175958 -0.0177134
99 -0.0237705 -0.0238294
100 -0.0298514 -0.0298514
101 -0.0358145 -0.0357556
102 -0.0416363 -0.0415187
103 -0.0472937 -0.0471179
104 -0.0527645 -0.0525312
105 -0.058027 -0.0577371
106 -0.0630606 -0.0627152
107 -0.0678452 -0.0674458
108 -0.0723621 -0.0719102
109 -0.0765935 -0.0760908
110 -0.0805225 -0.0799711
111 -0.0841338 -0.0835358
112 -0.087413 -0.0867708
113 -0.0903473 -0.0896634
114 -0.0929249 -0.0922021
115 -0.0951359 -0.094377
116 -0.0969714 -0.0961793
117 -0.0984242 -0.0976021
118 -0.0994886 -0.0986397
119 -0.10016 -0.0992881
120 -0.100437 -0.0995445
121 -0.100317 -0.0994082
122 -0.099801 -0.0988795
123 -0.0988912 -0.0979605
124 -0.0975913 -0.096655
125 -0.0959061 -0.094968
126 -0.0938425 -0.0929062
127 -0.0914085 -0.0904778
128 -0.0886138 -0.0876923
129 -0.0854693 -0.0845607
130 -0.0819875 -0.0810953
131 -0.0781822 -0.07731
132 -0.0740683 -0.0732195
133 -0.0696621 -0.0688401
134 -0.064981 -0.0641889
135 -0.0600435 -0.0592845
136 -0.0548689 -0.0541461
137 -0.0494778 -0.048794
138 -0.0438915 -0.0432493
139 -0.0381319 -0.037534
140 -0.0322219 -0.0316705
141 -0.0261847 -0.025682
142 -0.0200441 -0.0195922
143 -0.0138245 -0.013425
144 -0.00755024 -0.0072049
145 -0.00124623 -0.000956332
146 0.00506271 0.00529601
147 0.0113517 0.0115274
148 0.0175958 0.0177134
149 0.0237705 0.0238294
150 0.0298514 0.0298514
151 0.0358145 0.0357556
152 0.0416363 0.0415187
153 0.0472937 0.0471179
154 0.0527645 0.0525312
155 0.058027 0.0577371
156 0.0630606 0.0627152
157 0.0678452 0.0674458
158 0.0723621 0.0719102
159 0.0765935 0.0760908
160 0.0805225 0.0799711
161 0.0841338 0.0835358
162 0.087413 0.0867708
163 0.0903473 0.0896634
164 0.0929249 0.0922021
165 0.0951359 0.094377
166 0.0969714 0.0961793
167 0.0984242 0.0976021
168 0.0994886 0.0986397
169 0.10016 0.0992881
170 0.100437 0.0995445
171 0.100317 0.0994082
172 0.099801 0.0988795
173 0.0988912 0.0979605
174 0.0975913 0.096655
175 0.0959061 0.094968
176 0.0938425 0.0929062
177 0.0914085 0.0904778
178 0.0886138 0.0876923
179 0.0854693 0.0845607
180 0.0819875 0.0810953
181 0.0781822 0.07731
182 0.0740683 0.0732195
183 0.0696621 0.0688401
184 0.064981 0.0641889
185 0.0600435 0.0592845
186 0.0548689 0.0541461
187 0.0494778 0.048794
188 0.0438915 0.0432493
189 0.0381319 0.037534
190 0.0322219 0.0316705
191 0.0261847 0.025682
192 0.0200441 0.0195922
193 0.0138245 0.013425
194 0.00755024 0.0072049
195 0.00124623 0.000956332
196 -0.00506271 -0.00529601
197 -0.0113517 -0.0115274
198 -0.0175958 -0.0177134
199 -0.0237705 -0.0238294
200 -0.0298514 -0.0298514
201 -0.0358145 -0.0357556
202 -0.0416363 -0.0415187
203 -0.0472937 -0.0471179
204 -0.0527645 -0.0525312
205 -0.058027 -0.0577371
206 -0.0630606 -0.0627152
207 -0.0678452 -0.0674458
208 -0.0723621 -0.0719102
209 -0.0765935 -0.0760908
210 -0.0805225 -0.0799711
211 -0.0841338 -0.0835358
212 -0.087413 -0.0867708
213 -0.0903473 -0.0896634
214 -0.0929249 -0.0922021
215 -0.0951359 -0.094377
216 -0.0969714 -0.0961793
217 -0.0984242 -0.0976021
218 -0.0994886 -0.0986397
219 -0.10016 -0.0992881
220 -0.100437 -0.0995445
221 -0.100317 -0.0994082
222 -0.099801 -0.0988795
223 -0.0988912 -0.0979605
224 -0.0975913 -0.096655
225 -0.0959061 -0.094968
226 -0.0938425 -0.0929062
227 -0.0914085 -0.0904778
228 -0.0886138 -0.0876923
229 -0.0854693 -0.0845607
230 -0.0819875 -0.0810953
231 -0.0781822 -0.07731
232 -0.0740683 -0.0732195
233 -0.0696621 -0.0688401
234 -0.064981 -0.0641889
235 -0.0600435 -0.0592845
236 -0.0548689 -0.0541461
237 -0.0494778 -0.048794
238 -0.0438915 -0.0432493
239 -0.0381319 -0.037534
240 -0.0322219 -0.0316705
241 -0.0261847 -0.025682
242 -0.0200441 -0.0195922
243 -0.0138245 -0.013425
244 -0.00755024 -0.0072049
245 -0.00124623 -0.000956332
246 0.00506271 0.00529601
247 0.0113517 0.0115274
248 0.0175958 0.0177134
249 0.0237705 0.0238294
250 0.0298514 0.0298514
251 0.0358145 0.0357556
252 0.0416363 0.0415187
253 0.0472937 0.0471179
254 0.0527645 0.0525312
255 0.058027 0.0577371
256 0.0630606 0.0627152
257 0.0678452 0.0674458
258 0.0723621 0.0719102
259 0.0765935 0.0760908
260 0.0805225 0.0799711
261 0.0841338 0.0835358
262 0.087413 0.0867708
263 0.0903473 0.0896634
264 0.0929249 0.0922021
265 0.0951359 0.094377
266 0.0969714 0.0961793
267 0.0984242 0.0976021
268 0.0994886 0.0986397
269 0.10016 0.0992881
270 0.100437 0.0995445
271 0.100317 0.0994082
272 0.099801 0.0988795
273 0.0988912 0.0979605
274 0.0975913 0.096655
275 0.0959061 0.094968
276 0.0938425 0.0929062
277 0.0914085 0.0904778
278 0.0886138 0.0876923
279 0.0854693 0.0845607
280 0.0819875 0.0810953
281 0.0781822 0.07731
282 0.0740683 0.0732195
283 0.0696621 0.0688401
284 0.064981 0.0641889
285 0.0600435 0.0592845
286 0.0548689 0.0541461
287 0.0494778 0.048794
288 0.0438915 0.0432493
289 0.0381319 0.037534
290 0.0322219 0.0316705
291 0.0261847 0.025682
292 0.0200441 0.0195922
293 0.0138245 0.013425
294 0.00755024 0.0072049
295 0.00124623 0.000956332
296 -0.00506271 -0.00529601
297 -0.0113517 -0.0115274
298 -0.0175958 -0.0177134
299 -0.0237705 -0.0238294
300 -0.0298514 -0.0298514
301 -0.0358145 -0.0357556
302 -0.0416363 -0.0415187
303 -0.0472937 -0.0471179
304 -0.0527645 -0.0525312
305 -0.058027 -0.0577371
306 -0.0630606 -0.0627152
307 -0.0678452 -0.0674458
308 -0.0723621 -0.0719102
309 -0.0765935 -0.0760908
310 -0.0805225 -0.0799711
311 -0.0841338 -0.0835358
312 -0.087413 -0.0867708
313 -0.0903473 -0.0896634
314 -0.0929249 -0.0922021
315 -0.0951359 -0.094377
316 -0.0969714 -0.0961793
317 -0.0984242 -0.0976021
318 -0.0994886 -0.0986397
319 -0.10016 -0.0992881
320 -0.100437 -0.0995445
321 -0.100317 -0.0994082
322 -0.099801 -0.0988795
323 -0.0988912 -0.0979605
324 -0.0975913 -0.096655
325 -0.0959061 -0.094968
326 -0.0938425 -0.0929062
327 -0.0914085 -0.0904778
328 -0.0886138 -0.0876923
329 -0.0854693 -0.0845607
330 -0.0819875 -0.0810953
331 -0.0781822 -0.07731
332 -0.0740683 -0.0732195
333 -0.0696621 -0.0688401
334 -0.064981 -0.0641889
335 -0.0600435 -0.0592845
336 -0.0548689 -0.0541461
337 -0.0494778 -0.048794
338 -0.0438915 -0.0432493
339 -0.0381319 -0.037534
340 -0.0322219 -0.0316705
341 -0.0261847 -0.025682
342 -0.0200441 -0.0195922
343 -0.0138245 -0.013425
344 -0.00755024 -0.0072049
345 -0.00124623 -0.000956332
346 0.00506271 0.00529601
347 0.0113517 0.0115274
348 0.0175958 0.0177134
349 0.0237705 0.0238294
350 0.0298514 0.0298514
351 0.0358145 0.0357556
352 0.0416363 0.0415187
353 0.0472937 0.0471179
354 0.0527645 0.0525312
355 0.058027 0.0577371
356 0.0630606 0.0627152
357 0.0678452 0.0674458
358 0.0723621 0.0719102
359 0.0765935 0.0760908
360 0.0805225 0.0799711
361 0.0841338 0.0835358
362 0.087413 0.0867708
363 0.0903473 0.0896634
364 0.0929249 0.0922021
365 0.0951359 0.094377
366 0.0969714 0.0961793
367 0.0984242 0.0976021
368 0.0994886 0.0986397
369 0.10016 0.0992881
370 0.100437 0.0995445
371 0.100317 0.0994082
372 0.099801 0.0988795
373 0.0988912 0.0979605
374 0.0975913 0.096655
375 0.0959061 0.094968
376 0.0938425 0.0929062
377 0.0914085 0.0904778
378 0.0886138 0.0876923
379 0.0854693 0.0845607
380 0.0819875 0.0810953
381 0.0781822 0.07731
382 0.0740683 0.0732195
383 0.0696621 0.0688401
384 0.064981 0.0641889
385 0.0600435 0.0592845
386 0.0548689 0.0541461
387 0.0494778 0.048794
388 0.0438915 0.0432493
389 0.0381319 0.037534
390 0.0322219 0.0316705
391 0.0261847 0.025682
392 0.0200441 0.0195922
393 0.0138245 0.013425
394 0.00755024 0.0072049
395 0.00124623 0.000956332
396 -0.00506271 -0.00529601
397 -0.0113517 -0.0115274
398 -0.0175958 -0.0177134
399 -0.0237705 -0.0238294
400 -0.0298514 -0.0298514
401 -0.0358145 -0.0357556
402 -0.0416363 -0.0415187
403 -0.0472937 -0.0471179
404 -0.0527645 -0.0525312
405 -0.058027 -0.0577371
406 -0.0630606 -0.0627152
407 -0.0678452 -0.0674458
408 -0.0723621 -0.0719102
409 -0.0765935 -0.0760908
410 -0.0805225 -0.0799711
411 -0.0841338 -0.0835358
412 -0.087413 -0.0867708
413 -0.0903473 -0.0896634
414 -0.0929249 -0.0922021
415 -0.0951359 -0.094377
416 -0.0969714 -0.0961793
417 -0.0984242 -0.0976021
418 -0.0994886 -0.0986397
419 -0.10016 -0.0992881
420 -0.100437 -0.0995445
421 -0.100317 -0.0994082
422 -0.099801 -0.0988795
423 -0.0988912 -0.0979605
424 -0.0975913 -0.096655
425 -0.0959061 -0.094968
426 -0.0938425 -0.0929062
427 -0.0914085 -0.0904778
428 -0.0886138 -0.0876923
429 -0.0854693 -0.0845607
430 -0.0819875 -0.0810953
431 -0.0781822 -0.07731
432 -0.0740683 -0.0732195
433 -0.0696621 -0.0688401
434 -0.064981 -0.0641889
435 -0.0600435 -0.0592845
436 -0.0548689 -0.0541461
437 -0.0494778 -0.048794
438 -0.0438915 -0.0432493
439 -0.0381319 -0.037534
440 -0.0322219 -0.0316705
441 -0.0261847 -0.025682
442 -0.0200441 -0.0195922
443 -0.0138245 -0.013425
444 -0.00755024 -0.0072049
445 -0.00124623 -0.000956332
446 0.00506271 0.00529601
447 0.0113517 0.0115274
448 0.0175958 0.0177134
449 0.0237705 0.0238294
450 0.0298514 0.0298514
451 0.0358145 0.0357556
452 0.0416363 0.0415187
453 0.0472937 0.0471179
454 0.0527645 0.0525312
455 0.058027 0.0577371
456 0.0630606 0.0627152
457 0.0678452 0.0674458
458 0.0723621 0.0719102
459 0.0765935 0.0760908
460 0.0805225 0.0799711
461 0.0841338 0.0835358
462 0.087413 0.0867708
463 0.0903473 0.0896634
464 0.0929249 0.0922021
465 0.0951359 0.094377
466 0.0969714 0.0961793
467 0.0984242 0.0976021
468 0.0994886 0.0986397
469 0.10016 0.0992881
470 0.100437 0.0995445
471 0.100317 0.0994082
472 0.099801 0.0988795
473 0.0988912 0.0979605
474 0.0975913 0.096655
475 0.0959061 0.094968
476 0.0938425 0.0929062
477 0.0914085 0.0904778
478 0.0886138 0.0876923
479 0.0854693 0.0845607
480 0.0819875 0.0810953
481 0.0781822 0.07731
482 0.0740683 0.0732195
483 0.0696621 0.0688401
484 0.064981 0.0641889
485 0.0600435 0.0592845
486 0.0548689 0.0541461
487 0.0494778 0.048794
488 0.0438915 0.0432493
489 0.0381319 0.037534
490 0.0322219 0.0316705
491 0.0261847 0.025682
492 0.0200441 0.0195922
493 0.0138245 0.013425
494 0.00755024 0.0072049
495 0.00124623 0.000956332
496 -0.00506271 -0.00529601
497 -0.0113517 -0.0115274
498 -0.0175958 -0.0177134
499 -0.0237705 -0.0238294
500 -0.0298514 -0.0298514
501 -0.0358145 -0.0357556
502 -0.0416363 -0.0415187
503 -0.0472937 -0.0471179
504 -0.0527645 -0.0525312
505 -0.058027 -0.0577371
506 -0.0630606 -0.0627152
507 -0.0678452 -0.0674458
508 -0.0723621 -0.0719102
509 -0.0765935 -0.0760908
510 -0.0805225 -0.0799711
511 -0.0841338 -0.0835358
512 -0.087413 -0.0867708
513 -0.0903473 -0.0896634
514 -0.0929249 -0.0922021
515 -0.0951359 -0.094377
516 -0.0969714 -0.0961793
517 -0.0984242 -0.0976021
518 -0.0994886 -0.0986397
519 -0.10016 -0.0992881
520 -0.100437 -0.0995445
521 -0.100317 -0.0994082
522 -0.099801 -0.0988795
523 -0.0988912 -0.0979605
524 -0.0975913 -0.096655
525 -0.0959061 -0.094968
526 -0.0938425 -0.0929062
527 -0.0914085 -0.0904778
528 -0.0886138 -0.0876923
529 -0.0854693 -0.0845607
530 -0.0819875 -0.0810953
531 -0.0781822 -0.07731
532 -0.0740683 -0.0732195
533 -0.0696621 -0.0688401
534 -0.064981 -0.0641889
535 -0.0600435 -0.0592845
536 -0.0548689 -0.0541461
537 -0.0494778 -0.048794
538 -0.0438915 -0.0432493
539 -0.0381319 -0.037534
540 -0.0322219 -0.0316705
541 -0.0261847 -0.025682
542 -0.0200441 -0.0195922
543 -0.0138245 -0.013425
544 -0.00755024 -0.0072049
545 -0.00124623 -0.000956332
546 0.00506271 0.00529601
547 0.0113517 0.0115274
548 0.0175958 0.0177134
549 0.0237705 0.0238294
550 0.0298514 0.0298514
551 0.0358145 0.0357556
552 0.0416363 0.0415187
553 0.0472937 0.0471179
554 0.0527645 0.0525312
555 0.058027 0.0577371
556 0.0630606 0.0627152
557 0.0678452 0.0674458
558 0.0723621 0.0719102
559 0.0765935 0.0760908
560 0.0805225 0.0799711
561 0.0841338 0.0835358
562 0.087413 0.0867708
563 0.0903473 0.0896634
564 0.0929249 0.0922021
565 0.0951359 0.094377
566 0.0969714 0.0961793
567 0.0984242 0.0976021
568 0.0994886 0.0986397
569 0.10016 0.0992881
570 0.100437 0.0995445
571 0.100317 0.0994082
572 0.099801 0.0988795
573 0.0988912 0.0979605
574 0.0975913 0.096655
575 0.0959061 0.094968
576 0.0938425 0.0929062
577 0.0914085 0.0904778
578 0.0886138 0.0876923
579 0.0854693 0.0845607
580 0.0819875 0.0810953
581 0.0781822 0.07731
582 0.0740683 0.0732195
583 0.0696621 0.0688401
584 0.064981 0.0641889
585 0.0600435 0.0592845
586 0.0548689 0.0541461
587 0.0494778 0.048794
588 0.0438915 0.0432493
589 0.0381319 0.037534
590 0.0322219 0.0316705
591 0.0261847 0.025682
592 0.0200441 0.0195922
593 0.0138245 0.013425
594 0.00755024 0.0072049
595 0.00124623 0.000956332
596 -0.00506271 -0.00529601
597 -0.0113517 -0.0115274
598 -0.0175958 -0.0177134
599 -0.0237705 -0.0238294
600 -0.0298514 -0.0298514
601 -0.0358145 -0.0357556
602 -0.0416363 -0.0415187
603 -0.0472937 -0.0471179
604 -0.0527645 -0.0525312
605 -0.058027 -0.0577371
606 -0.0630606 -0.0627152
607 -0.0678452 -0.0674458
608 -0.0723621 -0.0719102
609 -0.0765935 -0.0760908
610 -0.0805225 -0.0799711
611 -0.0841338 -0.0835358
612 -0.087413 -0.0867708
613 -0.0903473 -0.0896634
614 -0.0929249 -0.0922021
615 -0.0951359 -0.094377
616 -0.0969714 -0.0961793
617 -0.0984242 -0.0976021
618 -0.0994886 -0.0986397
619 -0.10016 -0.0992881
620 -0.100437 -0.0995445
621 -0.100317 -0.0994082
622 -0.099801 -0.0988795
623 -0.0988912 -0.0979605
624 -0.0975913 -0.096655
625 -0.0959061 -0.094968
626 -0.0938425 -0.0929062
627 -0.0914085 -0.0904778
628 -0.0886138 -0.0876923
629 -0.0854693 -0.0845607
630 -0.0819875 -0.0810953
631 -0.0781822 -0.07731
632 -0.0740683 -0.0732195
633 -0.0696621 -0.0688401
634 -0.064981 -0.0641889
635 -0.0600435 -0.0592845
636 -0.0548689 -0.0541461
637 -0.0494778 -0.048794
638 -0.0438915 -0.0432493
639 -0.0381319 -0.037534
640 -0.0322219 -0.0316705
641 -0.0261847 -0.025682
642 -0.0200441 -0.0195922
643 -0.0138245 -0.013425
644 -0.00755024 -0.0072049
645 -0.00124623 -0.000956332
646 0.00506271 0.00529601
647 0.0113517 0.0115274
648 0.0175958 0.0177134
649 0.0237705 0.0238294
650 0.0298514 0.0298514
651 0.0358145 0.0357556
652 0.0416363 0.0415187
653 0.0472937 0.0471179
654 0.0527645 0.0525312
655 0.058027 0.0577371
656 0.0630606 0.0627152
657 0.0678452 0.0674458
658 0.0723621 0.0719102
659 0.0765935 0.0760908
660 0.0805225 0.0799711
661 0.0841338 0.0835358
662 0.087413 0.0867708
663 0.0903473 0.0896634
664 0.0929249 0.0922021
665 0.0951359 0.094377
666 0.0969714 0.0961793
667 0.0984242 0.0976021
668 0.0994886 0.0986397
669 0.10016 0.0992881
670 0.100437 0.0995445
671 0.100317 0.0994082
672 0.099801 0.0988795
673 0.0988912 0.0979605
674 0.0975913 0.096655
675 0.0959061 0.094968
676 0.0938425 0.0929062
677 0.0914085 0.0904778
678 0.0886138 0.0876923
679 0.0854693 0.0845607
680 0.0819875 0.0810953
681 0.0781822 0.07731
682 0.0740683 0.0732195
683 0.0696621 0.0688401
684 0.064981 0.0641889
685 0.0600435 0.0592845
686 0.0548689 0.0541461
687 0.0494778 0.048794
688 0.0438915 0.0432493
689 0.0381319 0.037534
690 0.0322219 0.0316705
691 0.0261847 0.025682
692 0.0200441 0.0195922
693 0.0138245 0.013425
694 0.00755024 0.0072049
695 0.00124623 0.000956332
696 -0.00506271 -0.00529601
697 -0.0113517 -0.0115274
698 -0.0175958 -0.0177134
699 -0.0237705 -0.0238294
700 -0.0298514 -0.0298514
701 -0.0358145 -0.0357556
702 -0.0416363 -0.0415187
703 -0.0472937 -0.0471179
704 -0.0527645 -0.0525312
705 -0.058027 -0.0577371
706 -0.0630606 -0.0627152
707 -0.0678452 -0.0674458
708 -0.0723621 -0.0719102
709 -0.0765935 -0.0760908
710 -0.0805225 -0.0799711
711 -0.0841338 -0.0835358
712 -0.087413 -0.0867708
713 -0.0903473 -0.0896634
714 -0.0929249 -0.0922021
715 -0.0951359 -0.094377
716 -0.0969714 -0.0961793
717 -0.0984242 -0.0976021
718 -0.0994886 -0.0986397
719 -0.10016 -0.0992881
720 -0.100437 -0.0995445
721 -0.100317 -0.0994082
722 -0.099801 -0.0988795
723 -0.0988912 -0.0979605
724 -0.0975913 -0.096655
725 -0.0959061 -0.094968
726 -0.0938425 -0.0929062
727 -0.0914085 -0.0904778
728 -0.0886138 -0.0876923
729 -0.0854693 -0.0845607
730 -0.0819875 -0.0810953
731 -0.0781822 -0.07731
732 -0.0740683 -0.0732195
733 -0.0696621 -0.0688401
734 -0.064981 -0.0641889
735 -0.0600435 -0.0592845
736 -0.0548689 -0.0541461
737 -0.0494778 -0.048794
738 -0.0438915 -0.0432493
739 -0.0381319 -0.037534
740 -0.0322219 -0.0316705
741 -0.0261847 -0.025682
742 -0.0200441 -0.0195922
743 -0.0138245 -0.013425
744 -0.00755024 -0.0072049
745 -0.00124623 -0.000956332
746 0.00506271 0.00529601
747 0.0113517 0.0115274
748 0.0175958 0.0177134
749 0.0237705 0.0238294
750 0.0298514 0.0298514
751 0.0358145 0.0357556
752 0.0416363 0.0415187
753 0.0472937 0.0471179
754 0.0527645 0.0525312
755 0.058027 0.0577371
756 0.0630606 0.0627152
757 0.0678452 0.0674458
758 0.0723621 0.0719102
759 0.0765935 0.0760908
760 0.0805225 0.0799711
761 0.0841338 0.0835358
762 0.087413 0.0867708
763 0.0903473 0.0896634
764 0.0929249 0.0922021
765 0.0951359 0.094377
766 0.0969714 0.0961793
767 0.0984242 0.0976021
768 0.0994886 0.0986397
769 0.10016 0.0992881
770 0.100437 0.0995445
771 0.100317 0.0994082
772 0.099801 0.0988795
773 0.0988912 0.0979605
774 0.0975913 0.096655
775 0.0959061 0.094968
776 0.0938425 0.0929062
777 0.0914085 0.0904778
778 0.0886138 0.0876923
779 0.0854693 0.0845607
780 0.0819875 0.0810953
781 0.0781822 0.07731
782 0.0740683 0.0732195
783 0.0696621 0.0688401
784 0.064981 0.0641889
785 0.0600435 0.0592845
786 0.0548689 0.0541461
787 0.0494778 0.048794
788 0.0438915 0.0432493
789 0.0381319 0.037534
790 0.0322219 0.0316705
791 0.0261847 0.025682
792 0.0200441 0.0195922
793 0.0138245 0.013425
794 0.00755024 0.0072049
795 0.00124623 0.000956332
796 -0.00506271 -0.00529601
797 -0.0113517 -0.0115274
798 -0.0175958 -0.0177134
799 -0.0237705 -0.0238294
800 -0.0298514 -0.0298514
801 -0.0358145 -0.0357556
802 -0.0416363 -0.0415187
803 -0.0472937 -0.0471179
804 -0.0527645 -0.0525312
805 -0.058027 -0.0577371
806 -0.0630606 -0.0627152
807 -0.0678452 -0.0674458
808 -0.0723621 -0.0719102
809 -0.0765935 -0.0760908
810 -0.0805225 -0.0799711
811 -0.0841338 -0.0835358
812 -0.087413 -0.0867708
813 -0.0903473 -0.0896634
814 -0.0929249 -0.0922021
815 -0.0951359 -0.094377
816 -0.0969714 -0.0961793
817 -0.0984242 -0.0976021
818 -0.0994886 -0.0986397
819 -0.10016 -0.0992881
820 -0.100437 -0.0995445
821 -0.100317 -0.0994082
822 -0.099801 -0.0988795
823 -0.0988912 -0.0979605
824 -0.0975913 -0.096655
825 -0.0959061 -0.094968
826 -0.0938425 -0.0929062
827 -0.0914085 -0.0904778
828 -0.0886138 -0.0876923
829 -0.0854693 -0.0845607
830 -0.0819875 -0.0810953
831 -0.0781822 -0.07731
832 -0.0740683 -0.0732195
833 -0.0696621 -0.0688401
834 -0.064981 -0.0641889
835 -0.0600435 -0.0592845
836 -0.0548689 -0.0541461
837 -0.0494778 -0.048794
838 -0.0438915 -0.0432493
839 -0.0381319 -0.037534
840 -0.0322219 -0.0316705
841 -0.0261847 -0.025682
842 -0.0200441 -0.0195922
843 -0.0138245 -0.013425
844 -0.00755024 -0.0072049
845 -0.00124623 -0.000956332
846 0.00506271 0.00529601
847 0.0113517 0.0115274
848 0.0175958 0.0177134
849 0.0237705 0.0238294
850 0.0298514 0.0298514
851 0.0358145 0.0357556
852 0.0416363 0.0415187
853 0.0472937 0.0471179
854 0.0527645 0.0525312
855 0.058027 0.0577371
856 0.0630606 0.0627152
857 0.0678452 0.0674458
858 0.0723621 0.0719102
859 0.0765935 0.0760908
860 0.0805225 0.0799711
861 0.0841338 0.0835358
862 0.087413 0.0867708
863 0.0903473 0.0896634
864 0.0929249 0.0922021
865 0.0951359 0.094377
866 0.0969714 0.0961793
867 0.0984242 0.0976021
868 0.0994886 0.0986397
869 0.10016 0.0992881
870 0.100437 0.0995445
871 0.100317 0.0994082
872 0.099801 0.0988795
873 0.0988912 0.0979605
874 0.0975913 0.096655
875 0.0959061 0.094968
876 0.0938425 0.0929062
877 0.0914085 0.0904778
878 0.0886138 0.0876923
879 0.0854693 0.0845607
880 0.0819875 0.0810953
881 0.0781822 0.07731
882 0.0740683 0.0732195
883 0.0696621 0.0688401
884 0.064981 0.0641889
885 0.0600435 0.0592845
886 0.0548689 0.0541461
887 0.0494778 0.048794
888 0.0438915 0.0432493
889 0.0381319 0.037534
890 0.0322219 0.0316705
891 0.0261847 0.025682
892 0.0200441 0.0195922
893 0.0138245 0.013425
894 0.00755024 0.0072049
895 0.00124623 0.000956332
896 -0.00506271 -0.00529601
897 -0.0113517 -0.0115274
898 -0.0175958 -0.0177134
899 -0.0237705 -0.0238294
900 -0.0298514 -0.0298514
901 -0.0358145 -0.0357556
902 -0.0416363 -0.0415187
903 -0.0472937 -0.0471179
904 -0.0527645 -0.0525312
905 -0.058027 -0.0577371
906 -0.0630606 -0.0627152
907 -0.0678452 -0.0674458
908 -0.0723621 -0.0719102
909 -0.0765935 -0.0760908
910 -0.0805225 -0.0799711
911 -0.0841338 -0.0835358
912 -0.087413 -0.0867708
913 -0.0903473 -0.0896634
914 -0.0929249 -0.0922021
915 -0.0951359 -0.094377
916 -0.0969714 -0.0961793
917 -0.0984242 -0.0976021
918 -0.0994886 -0.0986397
919 -0.10016 -0.0992881
920 -0.100437 -0.0995445
921 -0.100317 -0.0994082
922 -0.099801 -0.0988795
923 -0.0988912 -0.0979605
924 -0.0975913 -0.096655
925 -0.0959061 -0.094968
926 -0.0938425 -0.0929062
927 -0.0914085 -0.0904778
928 -0.0886138 -0.0876923
929 -0.0854693 -0.0845607
930 -0.0819875 -0.0810953
931 -0.0781822 -0.07731
932 -0.0740683 -0.0732195
933 -0.0696621 -0.0688401
934 -0.064981 -0.0641889
935 -0.0600435 -0.0592845
936 -0.0548689 -0.0541461
937 -0.0494778 -0.048794
938 -0.0438915 -0.0432493
939 -0.0381319 -0.037534
940 -0.0322219 -0.0316705
941 -0.0261847 -0.025682
942 -0.0200441 -0.0195922
943 -0.0138245 -0.013425
944 -0.00755024 -0.0072049
945 -0.00124623 -0.000956332
946 0.00506271 0.00529601
947 0.0113517 0.0115274
948 0.0175958 0.0177134
949 0.0237705 0.0238294
950 0.0298514 0.0298514
951 0.0358145 0.0357556
952 0.0416363 0.0415187
953 0.0472937 0.0471179
954 0.0527645 0.0525312
955 0.058027 0.0577371
956 0.0630606 0.0627152
957 0.0678452 0.0674458
958 0.0723621 0.0719102
959 0.0765935 0.0760908
960 0.0805225 0.0799711
961 0.0841338 0.0835358
962 0.087413 0.0867708
963 0.0903473 0.0896634
964 0.0929249 0.0922021
965 0.0951359 0.094377
966 0.0969714 0.0961793
967 0.0984242 0.0976021
968 0.0994886 0.0986397
969 0.10016 0.0992881
970 0.100437 0.0995445
971 0.100317 0.0994082
972 0.099801 0.0988795
973 0.0988912 0.0979605
974 0.0975913 0.096655
975 0.0959061 0.094968
976 0.0938425 0.0929062
977 0.0914085 0.0904778
978 0.0886138 0.0876923
979 0.0854693 0.0845607
980 0.0819875 0.0810953
981 0.0781822 0.07731
982 0.0740683 0.0732195
983 0.0696621 0.0688401
984 0.064981 0.0641889
985 0.0600435 0.0592845
986 0.0548689 0.0541461
987 0.0494778 0.048794
988 0.0438915 0.0432493
989 0.0381319 0.037534
990 0.0322219 0.0316705
991 0.0261847 0.025682
992 0.0200441 0.0195922
993 0.0138245 0.013425
994 0.00755024 0.0072049
995 0.00124623 0.000956332
996 -0.00506271 -0.00529601
997 -0.0113517 -0.0115274
998 -0.0175958 -0.0177134
999 -0.0237705 -0.0238294
