0 0.0547336 0.0547336
1 0.0494254 0.0493174
2 0.0439221 0.0437065
3 0.0382455 0.0379232
4 0.032418 0.0319902
5 0.0264625 0.025931
6 0.0204026 0.0197694
7 0.0142622 0.0135298
8 0.00806548 0.00723683
9 0.00183694 0.000915282
10 -0.00439885 -0.00540988
11 -0.0106173 -0.0117137
12 -0.0167938 -0.0179713
13 -0.0229041 -0.0241579
14 -0.0289239 -0.0302493
15 -0.0348296 -0.0362212
16 -0.0405979 -0.0420502
17 -0.0462059 -0.0477132
18 -0.0516316 -0.053188
19 -0.0568535 -0.0584528
20 -0.061851 -0.0634869
21 -0.0666045 -0.0682705
22 -0.0710951 -0.0727847
23 -0.0753051 -0.0770116
24 -0.0792179 -0.0809345
25 -0.082818 -0.0845381
26 -0.0860914 -0.087808
27 -0.0890249 -0.0907314
28 -0.0916071 -0.0932967
29 -0.0938278 -0.0954939
30 -0.0956782 -0.0973141
31 -0.097151 -0.0987503
32 -0.0982404 -0.0997968
33 -0.0989421 -0.100449
34 -0.0992533 -0.100706
35 -0.0991728 -0.100564
36 -0.0987009 -0.100026
37 -0.0978394 -0.0990933
38 -0.0965919 -0.0977694
39 -0.0949631 -0.0960595
40 -0.0929596 -0.0939706
41 -0.0905892 -0.0915108
42 -0.0878613 -0.0886899
43 -0.0847866 -0.085519
44 -0.0813773 -0.0820105
45 -0.0776469 -0.0781784
46 -0.07361 -0.0740378
47 -0.0692826 -0.0696049
48 -0.0646818 -0.0648974
49 -0.0598257 -0.0599337
50 -0.0547336 -0.0547336
51 -0.0494254 -0.0493174
52 -0.0439221 -0.0437065
53 -0.0382455 -0.0379232
54 -0.032418 -0.0319902
55 -0.0264625 -0.025931
56 -0.0204026 -0.0197694
57 -0.0142622 -0.0135298
58 -0.00806548 -0.00723683
59 -0.00183694 -0.000915282
60 0.00439885 0.00540988
61 0.0106173 0.0117137
62 0.0167938 0.0179713
63 0.0229041 0.0241579
64 0.0289239 0.0302493
65 0.0348296 0.0362212
66 0.0405979 0.0420502
67 0.0462059 0.0477132
68 0.0516316 0.053188
69 0.0568535 0.0584528
70 0.061851 0.0634869
71 0.0666045 0.0682705
72 0.0710951 0.0727847
73 0.0753051 0.0770116
74 0.0792179 0.0809345
75 0.082818 0.0845381
76 0.0860914 0.087808
77 0.0890249 0.0907314
78 0.0916071 0.0932967
79 0.0938278 0.0954939
80 0.0956782 0.0973141
81 0.097151 0.0987503
82 0.0982404 0.0997968
83 0.0989421 0.100449
84 0.0992533 0.100706
85 0.0991728 0.100564
86 0.0987009 0.100026
87 0.0978394 0.0990933
88 0.0965919 0.0977694
89 0.0949631 0.0960595
90 0.0929596 0.0939706
91 0.0905892 0.0915108
92 0.0878613 0.0886899
93 0.0847866 0.085519
94 0.0813773 0.0820105
95 0.0776469 0.0781784
96 0.07361 0.0740378
97 0.0692826 0.0696049
98 0.0646818 0.0648974
99 0.0598257 0.0599337
100 0.0547336 0.0547336
101 0.0494254 0.0493174
102 0.0439221 0.0437065
103 0.0382455 0.0379232
104 0.032418 0.0319902
105 0.0264625 0.025931
106 0.0204026 0.0197694
107 0.0142622 0.0135298
108 0.00806548 0.00723683
109 0.00183694 0.000915282
110 -0.00439885 -0.00540988
111 -0.0106173 -0.0117137
112 -0.0167938 -0.0179713
113 -0.0229041 -0.0241579
114 -0.0289239 -0.0302493
115 -0.0348296 -0.0362212
116 -0.0405979 -0.0420502
117 -0.0462059 -0.0477132
118 -0.0516316 -0.053188
119 -0.0568535 -0.0584528
120 -0.061851 -0.0634869
121 -0.0666045 -0.0682705
122 -0.0710951 -0.0727847
123 -0.0753051 -0.0770116
124 -0.0792179 -0.0809345
125 -0.082818 -0.0845381
126 -0.0860914 -0.087808
127 -0.0890249 -0.0907314
128 -0.0916071 -0.0932967
129 -0.0938278 -0.0954939
130 -0.0956782 -0.0973141
131 -0.097151 -0.0987503
132 -0.0982404 -0.0997968
133 -0.0989421 -0.100449
134 -0.0992533 -0.100706
135 -0.0991728 -0.100564
136 -0.0987009 -0.100026
137 -0.0978394 -0.0990933
138 -0.0965919 -0.0977694
139 -0.0949631 -0.0960595
140 -0.0929596 -0.0939706
141 -0.0905892 -0.0915108
142 -0.0878613 -0.0886899
143 -0.0847866 -0.085519
144 -0.0813773 -0.0820105
145 -0.0776469 -0.0781784
146 -0.07361 -0.0740378
147 -0.0692826 -0.0696049
148 -0.0646818 -0.0648974
149 -0.0598257 -0.0599337
150 -0.0547336 -0.0547336
151 -0.0494254 -0.0493174
152 -0.0439221 -0.0437065
153 -0.0382455 -0.0379232
154 -0.032418 -0.0319902
155 -0.0264625 -0.025931
156 -0.0204026 -0.0197694
157 -0.0142622 -0.0135298
158 -0.00806548 -0.00723683
159 -0.00183694 -0.000915282
160 0.00439885 0.00540988
161 0.0106173 0.0117137
162 0.0167938 0.0179713
163 0.0229041 0.0241579
164 0.0289239 0.0302493
165 0.0348296 0.0362212
166 0.0405979 0.0420502
167 0.0462059 0.0477132
168 0.0516316 0.053188
169 0.0568535 0.0584528
170 0.061851 0.0634869
171 0.0666045 0.0682705
172 0.0710951 0.0727847
173 0.0753051 0.0770116
174 0.0792179 0.0809345
175 0.082818 0.0845381
176 0.0860914 0.087808
177 0.0890249 0.0907314
178 0.0916071 0.0932967
179 0.0938278 0.0954939
180 0.0956782 0.0973141
181 0.097151 0.0987503
182 0.0982404 0.0997968
183 0.0989421 0.100449
184 0.0992533 0.100706
185 0.0991728 0.100564
186 0.0987009 0.100026
187 0.0978394 0.0990933
188 0.0965919 0.0977694
189 0.0949631 0.0960595
190 0.0929596 0.0939706
191 0.0905892 0.0915108
192 0.0878613 0.0886899
193 0.0847866 0.085519
194 0.0813773 0.0820105
195 0.0776469 0.0781784
196 0.07361 0.0740378
197 0.0692826 0.0696049
198 0.0646818 0.0648974
199 0.0598257 0.0599337
200 0.0547336 0.0547336
201 0.0494254 0.0493174
202 0.0439221 0.0437065
203 0.0382455 0.0379232
204 0.032418 0.0319902
205 0.0264625 0.025931
206 0.0204026 0.0197694
207 0.0142622 0.0135298
208 0.00806548 0.00723683
209 0.00183694 0.000915282
210 -0.00439885 -0.00540988
211 -0.0106173 -0.0117137
212 -0.0167938 -0.0179713
213 -0.0229041 -0.0241579
214 -0.0289239 -0.0302493
215 -0.0348296 -0.0362212
216 -0.0405979 -0.0420502
217 -0.0462059 -0.0477132
218 -0.0516316 -0.053188
219 -0.0568535 -0.0584528
220 -0.061851 -0.0634869
221 -0.0666045 -0.0682705
222 -0.0710951 -0.0727847
223 -0.0753051 -0.0770116
224 -0.0792179 -0.0809345
225 -0.082818 -0.0845381
226 -0.0860914 -0.087808
227 -0.0890249 -0.0907314
228 -0.0916071 -0.0932967
229 -0.0938278 -0.0954939
230 -0.0956782 -0.0973141
231 -0.097151 -0.0987503
232 -0.0982404 -0.0997968
233 -0.0989421 -0.100449
234 -0.0992533 -0.100706
235 -0.0991728 -0.100564
236 -0.0987009 -0.100026
237 -0.0978394 -0.0990933
238 -0.0965919 -0.0977694
239 -0.0949631 -0.0960595
240 -0.0929596 -0.0939706
241 -0.0905892 -0.0915108
242 -0.0878613 -0.0886899
243 -0.0847866 -0.085519
244 -0.0813773 -0.0820105
245 -0.0776469 -0.0781784
246 -0.07361 -0.0740378
247 -0.0692826 -0.0696049
248 -0.0646818 -0.0648974
249 -0.0598257 -0.0599337
250 -0.0547336 -0.0547336
251 -0.0494254 -0.0493174
252 -0.0439221 -0.0437065
253 -0.0382455 -0.0379232
254 -0.032418 -0.0319902
255 -0.0264625 -0.025931
256 -0.0204026 -0.0197694
257 -0.0142622 -0.0135298
258 -0.00806548 -0.00723683
259 -0.00183694 -0.000915282
260 0.00439885 0.00540988
261 0.0106173 0.0117137
262 0.0167938 0.0179713
263 0.0229041 0.0241579
264 0.0289239 0.0302493
265 0.0348296 0.0362212
266 0.0405979 0.0420502
267 0.0462059 0.0477132
268 0.0516316 0.053188
269 0.0568535 0.0584528
270 0.061851 0.0634869
271 0.0666045 0.0682705
272 0.0710951 0.0727847
273 0.0753051 0.0770116
274 0.0792179 0.0809345
275 0.082818 0.0845381
276 0.0860914 0.087808
277 0.0890249 0.0907314
278 0.0916071 0.0932967
279 0.0938278 0.0954939
280 0.0956782 0.0973141
281 0.097151 0.0987503
282 0.0982404 0.0997968
283 0.0989421 0.100449
284 0.0992533 0.100706
285 0.0991728 0.100564
286 0.0987009 0.100026
287 0.0978394 0.0990933
288 0.0965919 0.0977694
289 0.0949631 0.0960595
290 0.0929596 0.0939706
291 0.0905892 0.0915108
292 0.0878613 0.0886899
293 0.0847866 0.085519
294 0.0813773 0.0820105
295 0.0776469 0.0781784
296 0.07361 0.0740378
297 0.0692826 0.0696049
298 0.0646818 0.0648974
299 0.0598257 0.0599337
300 0.0547336 0.0547336
301 0.0494254 0.0493174
302 0.0439221 0.0437065
303 0.0382455 0.0379232
304 0.032418 0.0319902
305 0.0264625 0.025931
306 0.0204026 0.0197694
307 0.0142622 0.0135298
308 0.00806548 0.00723683
309 0.00183694 0.000915282
310 -0.00439885 -0.00540988
311 -0.0106173 -0.0117137
312 -0.0167938 -0.0179713
313 -0.0229041 -0.0241579
314 -0.0289239 -0.0302493
315 -0.0348296 -0.0362212
316 -0.0405979 -0.0420502
317 -0.0462059 -0.0477132
318 -0.0516316 -0.053188
319 -0.0568535 -0.0584528
320 -0.061851 -0.0634869
321 -0.0666045 -0.0682705
322 -0.0710951 -0.0727847
323 -0.0753051 -0.0770116
324 -0.0792179 -0.0809345
325 -0.082818 -0.0845381
326 -0.0860914 -0.087808
327 -0.0890249 -0.0907314
328 -0.0916071 -0.0932967
329 -0.0938278 -0.0954939
330 -0.0956782 -0.0973141
331 -0.097151 -0.0987503
332 -0.0982404 -0.0997968
333 -0.0989421 -0.100449
334 -0.0992533 -0.100706
335 -0.0991728 -0.100564
336 -0.0987009 -0.100026
337 -0.0978394 -0.0990933
338 -0.0965919 -0.0977694
339 -0.0949631 -0.0960595
340 -0.0929596 -0.0939706
341 -0.0905892 -0.0915108
342 -0.0878613 -0.0886899
343 -0.0847866 -0.085519
344 -0.0813773 -0.0820105
345 -0.0776469 -0.0781784
346 -0.07361 -0.0740378
347 -0.0692826 -0.0696049
348 -0.0646818 -0.0648974
349 -0.0598257 -0.0599337
350 -0.0547336 -0.0547336
351 -0.0494254 -0.0493174
352 -0.0439221 -0.0437065
353 -0.0382455 -0.0379232
354 -0.032418 -0.0319902
355 -0.0264625 -0.025931
356 -0.0204026 -0.0197694
357 -0.0142622 -0.0135298
358 -0.00806548 -0.00723683
359 -0.00183694 -0.000915282
360 0.00439885 0.00540988
361 0.0106173 0.0117137
362 0.0167938 0.0179713
363 0.0229041 0.0241579
364 0.0289239 0.0302493
365 0.0348296 0.0362212
366 0.0405979 0.0420502
367 0.0462059 0.0477132
368 0.0516316 0.053188
369 0.0568535 0.0584528
370 0.061851 0.0634869
371 0.0666045 0.0682705
372 0.0710951 0.0727847
373 0.0753051 0.0770116
374 0.0792179 0.0809345
375 0.082818 0.0845381
376 0.0860914 0.087808
377 0.0890249 0.0907314
378 0.0916071 0.0932967
379 0.0938278 0.0954939
380 0.0956782 0.0973141
381 0.097151 0.0987503
382 0.0982404 0.0997968
383 0.0989421 0.100449
384 0.0992533 0.100706
385 0.0991728 0.100564
386 0.0987009 0.100026
387 0.0978394 0.0990933
388 0.0965919 0.0977694
389 0.0949631 0.0960595
390 0.0929596 0.0939706
391 0.0905892 0.0915108
392 0.0878613 0.0886899
393 0.0847866 0.085519
394 0.0813773 0.0820105
395 0.0776469 0.0781784
396 0.07361 0.0740378
397 0.0692826 0.0696049
398 0.0646818 0.0648974
399 0.0598257 0.0599337
400 0.0547336 0.0547336
401 0.0494254 0.0493174
402 0.0439221 0.0437065
403 0.0382455 0.0379232
404 0.032418 0.0319902
405 0.0264625 0.025931
406 0.0204026 0.0197694
407 0.0142622 0.0135298
408 0.00806548 0.00723683
409 0.00183694 0.000915282
410 -0.00439885 -0.00540988
411 -0.0106173 -0.0117137
412 -0.0167938 -0.0179713
413 -0.0229041 -0.0241579
414 -0.0289239 -0.0302493
415 -0.0348296 -0.0362212
416 -0.0405979 -0.0420502
417 -0.0462059 -0.0477132
418 -0.0516316 -0.053188
419 -0.0568535 -0.0584528
420 -0.061851 -0.0634869
421 -0.0666045 -0.0682705
422 -0.0710951 -0.0727847
423 -0.0753051 -0.0770116
424 -0.0792179 -0.0809345
425 -0.082818 -0.0845381
426 -0.0860914 -0.087808
427 -0.0890249 -0.0907314
428 -0.0916071 -0.0932967
429 -0.0938278 -0.0954939
430 -0.0956782 -0.0973141
431 -0.097151 -0.0987503
432 -0.0982404 -0.0997968
433 -0.0989421 -0.100449
434 -0.0992533 -0.100706
435 -0.0991728 -0.100564
436 -0.0987009 -0.100026
437 -0.0978394 -0.0990933
438 -0.0965919 -0.0977694
439 -0.0949631 -0.0960595
440 -0.0929596 -0.0939706
441 -0.0905892 -0.0915108
442 -0.0878613 -0.0886899
443 -0.0847866 -0.085519
444 -0.0813773 -0.0820105
445 -0.0776469 -0.0781784
446 -0.07361 -0.0740378
447 -0.0692826 -0.0696049
448 -0.0646818 -0.0648974
449 -0.0598257 -0.0599337
450 -0.0547336 -0.0547336
451 -0.0494254 -0.0493174
452 -0.0439221 -0.0437065
453 -0.0382455 -0.0379232
454 -0.032418 -0.0319902
455 -0.0264625 -0.025931
456 -0.0204026 -0.0197694
457 -0.0142622 -0.0135298
458 -0.00806548 -0.00723683
459 -0.00183694 -0.000915282
460 0.00439885 0.00540988
461 0.0106173 0.0117137
462 0.0167938 0.0179713
463 0.0229041 0.0241579
464 0.0289239 0.0302493
465 0.0348296 0.0362212
466 0.0405979 0.0420502
467 0.0462059 0.0477132
468 0.0516316 0.053188
469 0.0568535 0.0584528
470 0.061851 0.0634869
471 0.0666045 0.0682705
472 0.0710951 0.0727847
473 0.0753051 0.0770116
474 0.0792179 0.0809345
475 0.082818 0.0845381
476 0.0860914 0.087808
477 0.0890249 0.0907314
478 0.0916071 0.0932967
479 0.0938278 0.0954939
480 0.0956782 0.0973141
481 0.097151 0.0987503
482 0.0982404 0.0997968
483 0.0989421 0.100449
484 0.0992533 0.100706
485 0.0991728 0.100564
486 0.0987009 0.100026
487 0.0978394 0.0990933
488 0.0965919 0.0977694
489 0.0949631 0.0960595
490 0.0929596 0.0939706
491 0.0905892 0.0915108
492 0.0878613 0.0886899
493 0.0847866 0.085519
494 0.0813773 0.0820105
495 0.0776469 0.0781784
496 0.07361 0.0740378
497 0.0692826 0.0696049
498 0.0646818 0.0648974
499 0.0598257 0.0599337
500 0.0547336 0.0547336
501 0.0494254 0.0493174
502 0.0439221 0.0437065
503 0.0382455 0.0379232
504 0.032418 0.0319902
505 0.0264625 0.025931
506 0.0204026 0.0197694
507 0.0142622 0.0135298
508 0.00806548 0.00723683
509 0.00183694 0.000915282
510 -0.00439885 -0.00540988
511 -0.0106173 -0.0117137
512 -0.0167938 -0.0179713
513 -0.0229041 -0.0241579
514 -0.0289239 -0.0302493
515 -0.0348296 -0.0362212
516 -0.0405979 -0.0420502
517 -0.0462059 -0.0477132
518 -0.0516316 -0.053188
519 -0.0568535 -0.0584528
520 -0.061851 -0.0634869
521 -0.0666045 -0.0682705
522 -0.0710951 -0.0727847
523 -0.0753051 -0.0770116
524 -0.0792179 -0.0809345
525 -0.082818 -0.0845381
526 -0.0860914 -0.087808
527 -0.0890249 -0.0907314
528 -0.0916071 -0.0932967
529 -0.0938278 -0.0954939
530 -0.0956782 -0.0973141
531 -0.097151 -0.0987503
532 -0.0982404 -0.0997968
533 -0.0989421 -0.100449
534 -0.0992533 -0.100706
535 -0.0991728 -0.100564
536 -0.0987009 -0.100026
537 -0.0978394 -0.0990933
538 -0.0965919 -0.0977694
539 -0.0949631 -0.0960595
540 -0.0929596 -0.0939706
541 -0.0905892 -0.0915108
542 -0.0878613 -0.0886899
543 -0.0847866 -0.085519
544 -0.0813773 -0.0820105
545 -0.0776469 -0.0781784
546 -0.07361 -0.0740378
547 -0.0692826 -0.0696049
548 -0.0646818 -0.0648974
549 -0.0598257 -0.0599337
550 -0.0547336 -0.0547336
551 -0.0494254 -0.0493174
552 -0.0439221 -0.0437065
553 -0.0382455 -0.0379232
554 -0.032418 -0.0319902
555 -0.0264625 -0.025931
556 -0.0204026 -0.0197694
557 -0.0142622 -0.0135298
558 -0.00806548 -0.00723683
559 -0.00183694 -0.000915282
560 0.00439885 0.00540988
561 0.0106173 0.0117137
562 0.0167938 0.0179713
563 0.0229041 0.0241579
564 0.0289239 0.0302493
565 0.0348296 0.0362212
566 0.0405979 0.0420502
567 0.0462059 0.0477132
568 0.0516316 0.053188
569 0.0568535 0.0584528
570 0.061851 0.0634869
571 0.0666045 0.0682705
572 0.0710951 0.0727847
573 0.0753051 0.0770116
574 0.0792179 0.0809345
575 0.082818 0.0845381
576 0.0860914 0.087808
577 0.0890249 0.0907314
578 0.0916071 0.0932967
579 0.0938278 0.0954939
580 0.0956782 0.0973141
581 0.097151 0.0987503
582 0.0982404 0.0997968
583 0.0989421 0.100449
584 0.0992533 0.100706
585 0.0991728 0.100564
586 0.0987009 0.100026
587 0.0978394 0.0990933
588 0.0965919 0.0977694
589 0.0949631 0.0960595
590 0.0929596 0.0939706
591 0.0905892 0.0915108
592 0.0878613 0.0886899
593 0.0847866 0.085519
594 0.0813773 0.0820105
595 0.0776469 0.0781784
596 0.07361 0.0740378
597 0.0692826 0.0696049
598 0.0646818 0.0648974
599 0.0598257 0.0599337
600 0.0547336 0.0547336
601 0.0494254 0.0493174
602 0.0439221 0.0437065
603 0.0382455 0.0379232
604 0.032418 0.0319902
605 0.0264625 0.025931
606 0.0204026 0.0197694
607 0.0142622 0.0135298
608 0.00806548 0.00723683
609 0.00183694 0.000915282
610 -0.00439885 -0.00540988
611 -0.0106173 -0.0117137
612 -0.0167938 -0.0179713
613 -0.0229041 -0.0241579
614 -0.0289239 -0.0302493
615 -0.0348296 -0.0362212
616 -0.0405979 -0.0420502
617 -0.0462059 -0.0477132
618 -0.0516316 -0.053188
619 -0.0568535 -0.0584528
620 -0.061851 -0.0634869
621 -0.0666045 -0.0682705
622 -0.0710951 -0.0727847
623 -0.0753051 -0.0770116
624 -0.0792179 -0.0809345
625 -0.082818 -0.0845381
626 -0.0860914 -0.087808
627 -0.0890249 -0.0907314
628 -0.0916071 -0.0932967
629 -0.0938278 -0.0954939
630 -0.0956782 -0.0973141
631 -0.097151 -0.0987503
632 -0.0982404 -0.0997968
633 -0.0989421 -0.100449
634 -0.0992533 -0.100706
635 -0.0991728 -0.100564
636 -0.0987009 -0.100026
637 -0.0978394 -0.0990933
638 -0.0965919 -0.0977694
639 -0.0949631 -0.0960595
640 -0.0929596 -0.0939706
641 -0.0905892 -0.0915108
642 -0.0878613 -0.0886899
643 -0.0847866 -0.085519
644 -0.0813773 -0.0820105
645 -0.0776469 -0.0781784
646 -0.07361 -0.0740378
647 -0.0692826 -0.0696049
648 -0.0646818 -0.0648974
649 -0.0598257 -0.0599337
650 -0.0547336 -0.0547336
651 -0.0494254 -0.0493174
652 -0.0439221 -0.0437065
653 -0.0382455 -0.0379232
654 -0.032418 -0.0319902
655 -0.0264625 -0.025931
656 -0.0204026 -0.0197694
657 -0.0142622 -0.0135298
658 -0.00806548 -0.00723683
659 -0.00183694 -0.000915282
660 0.00439885 0.00540988
661 0.0106173 0.0117137
662 0.0167938 0.0179713
663 0.0229041 0.0241579
664 0.0289239 0.0302493
665 0.0348296 0.0362212
666 0.0405979 0.0420502
667 0.0462059 0.0477132
668 0.0516316 0.053188
669 0.0568535 0.0584528
670 0.061851 0.0634869
671 0.0666045 0.0682705
672 0.0710951 0.0727847
673 0.0753051 0.0770116
674 0.0792179 0.0809345
675 0.082818 0.0845381
676 0.0860914 0.087808
677 0.0890249 0.0907314
678 0.0916071 0.0932967
679 0.0938278 0.0954939
680 0.0956782 0.0973141
681 0.097151 0.0987503
682 0.0982404 0.0997968
683 0.0989421 0.100449
684 0.0992533 0.100706
685 0.0991728 0.100564
686 0.0987009 0.100026
687 0.0978394 0.0990933
688 0.0965919 0.0977694
689 0.0949631 0.0960595
690 0.0929596 0.0939706
691 0.0905892 0.0915108
692 0.0878613 0.0886899
693 0.0847866 0.085519
694 0.0813773 0.0820105
695 0.0776469 0.0781784
696 0.07361 0.0740378
697 0.0692826 0.0696049
698 0.0646818 0.0648974
699 0.0598257 0.0599337
700 0.0547336 0.0547336
701 0.0494254 0.0493174
702 0.0439221 0.0437065
703 0.0382455 0.0379232
704 0.032418 0.0319902
705 0.0264625 0.025931
706 0.0204026 0.0197694
707 0.0142622 0.0135298
708 0.00806548 0.00723683
709 0.00183694 0.000915282
710 -0.00439885 -0.00540988
711 -0.0106173 -0.0117137
712 -0.0167938 -0.0179713
713 -0.0229041 -0.0241579
714 -0.0289239 -0.0302493
715 -0.0348296 -0.0362212
716 -0.0405979 -0.0420502
717 -0.0462059 -0.0477132
718 -0.0516316 -0.053188
719 -0.0568535 -0.0584528
720 -0.061851 -0.0634869
721 -0.0666045 -0.0682705
722 -0.0710951 -0.0727847
723 -0.0753051 -0.0770116
724 -0.0792179 -0.0809345
725 -0.082818 -0.0845381
726 -0.0860914 -0.087808
727 -0.0890249 -0.0907314
728 -0.0916071 -0.0932967
729 -0.0938278 -0.0954939
730 -0.0956782 -0.0973141
731 -0.097151 -0.0987503
732 -0.0982404 -0.0997968
733 -0.0989421 -0.100449
734 -0.0992533 -0.100706
735 -0.0991728 -0.100564
736 -0.0987009 -0.100026
737 -0.0978394 -0.0990933
738 -0.0965919 -0.0977694
739 -0.0949631 -0.0960595
740 -0.0929596 -0.0939706
741 -0.0905892 -0.0915108
742 -0.0878613 -0.0886899
743 -0.0847866 -0.085519
744 -0.0813773 -0.0820105
745 -0.0776469 -0.0781784
746 -0.07361 -0.0740378
747 -0.0692826 -0.0696049
748 -0.0646818 -0.0648974
749 -0.0598257 -0.0599337
750 -0.0547336 -0.0547336
751 -0.0494254 -0.0493174
752 -0.0439221 -0.0437065
753 -0.0382455 -0.0379232
754 -0.032418 -0.0319902
755 -0.0264625 -0.025931
756 -0.0204026 -0.0197694
757 -0.0142622 -0.0135298
758 -0.00806548 -0.00723683
759 -0.00183694 -0.000915282
760 0.00439885 0.00540988
761 0.0106173 0.0117137
762 0.0167938 0.0179713
763 0.0229041 0.0241579
764 0.0289239 0.0302493
765 0.0348296 0.0362212
766 0.0405979 0.0420502
767 0.0462059 0.0477132
768 0.0516316 0.053188
769 0.0568535 0.0584528
770 0.061851 0.0634869
771 0.0666045 0.0682705
772 0.0710951 0.0727847
773 0.0753051 0.0770116
774 0.0792179 0.0809345
775 0.082818 0.0845381
776 0.0860914 0.087808
777 0.0890249 0.0907314
778 0.0916071 0.0932967
779 0.0938278 0.0954939
780 0.0956782 0.0973141
781 0.097151 0.0987503
782 0.0982404 0.0997968
783 0.0989421 0.100449
784 0.0992533 0.100706
785 0.0991728 0.100564
786 0.0987009 0.100026
787 0.0978394 0.0990933
788 0.0965919 0.0977694
789 0.0949631 0.0960595
790 0.0929596 0.0939706
791 0.0905892 0.0915108
792 0.0878613 0.0886899
793 0.0847866 0.085519
794 0.0813773 0.0820105
795 0.0776469 0.0781784
796 0.07361 0.0740378
797 0.0692826 0.0696049
798 0.0646818 0.0648974
799 0.0598257 0.0599337
800 0.0547336 0.0547336
801 0.0494254 0.0493174
802 0.0439221 0.0437065
803 0.0382455 0.0379232
804 0.032418 0.0319902
805 0.0264625 0.025931
806 0.0204026 0.0197694
807 0.0142622 0.0135298
808 0.00806548 0.00723683
809 0.00183694 0.000915282
810 -0.00439885 -0.00540988
811 -0.0106173 -0.0117137
812 -0.0167938 -0.0179713
813 -0.0229041 -0.0241579
814 -0.0289239 -0.0302493
815 -0.0348296 -0.0362212
816 -0.0405979 -0.0420502
817 -0.0462059 -0.0477132
818 -0.0516316 -0.053188
819 -0.0568535 -0.0584528
820 -0.061851 -0.0634869
821 -0.0666045 -0.0682705
822 -0.0710951 -0.0727847
823 -0.0753051 -0.0770116
824 -0.0792179 -0.0809345
825 -0.082818 -0.0845381
826 -0.0860914 -0.087808
827 -0.0890249 -0.0907314
828 -0.0916071 -0.0932967
829 -0.0938278 -0.0954939
830 -0.0956782 -0.0973141
831 -0.097151 -0.0987503
832 -0.0982404 -0.0997968
833 -0.0989421 -0.100449
834 -0.0992533 -0.100706
835 -0.0991728 -0.100564
836 -0.0987009 -0.100026
837 -0.0978394 -0.0990933
838 -0.0965919 -0.0977694
839 -0.0949631 -0.0960595
840 -0.0929596 -0.0939706
841 -0.0905892 -0.0915108
842 -0.0878613 -0.0886899
843 -0.0847866 -0.085519
844 -0.0813773 -0.0820105
845 -0.0776469 -0.0781784
846 -0.07361 -0.0740378
847 -0.0692826 -0.0696049
848 -0.0646818 -0.0648974
849 -0.0598257 -0.0599337
850 -0.0547336 -0.0547336
851 -0.0494254 -0.0493174
852 -0.0439221 -0.0437065
853 -0.0382455 -0.0379232
854 -0.032418 -0.0319902
855 -0.0264625 -0.025931
856 -0.0204026 -0.0197694
857 -0.0142622 -0.0135298
858 -0.00806548 -0.00723683
859 -0.00183694 -0.000915282
860 0.00439885 0.00540988
861 0.0106173 0.0117137
862 0.0167938 0.0179713
863 0.0229041 0.0241579
864 0.0289239 0.0302493
865 0.0348296 0.0362212
866 0.0405979 0.0420502
867 0.0462059 0.0477132
868 0.0516316 0.053188
869 0.0568535 0.0584528
870 0.061851 0.0634869
871 0.0666045 0.0682705
872 0.0710951 0.0727847
873 0.0753051 0.0770116
874 0.0792179 0.0809345
875 0.082818 0.0845381
876 0.0860914 0.087808
877 0.0890249 0.0907314
878 0.0916071 0.0932967
879 0.0938278 0.0954939
880 0.0956782 0.0973141
881 0.097151 0.0987503
882 0.0982404 0.0997968
883 0.0989421 0.100449
884 0.0992533 0.100706
885 0.0991728 0.100564
886 0.0987009 0.100026
887 0.0978394 0.0990933
888 0.0965919 0.0977694
889 0.0949631 0.0960595
890 0.0929596 0.0939706
891 0.0905892 0.0915108
892 0.0878613 0.0886899
893 0.0847866 0.085519
894 0.0813773 0.0820105
895 0.0776469 0.0781784
896 0.07361 0.0740378
897 0.0692826 0.0696049
898 0.0646818 0.0648974
899 0.0598257 0.0599337
900 0.0547336 0.0547336
901 0.0494254 0.0493174
902 0.0439221 0.0437065
903 0.0382455 0.0379232
904 0.032418 0.0319902
905 0.0264625 0.025931
906 0.0204026 0.0197694
907 0.0142622 0.0135298
908 0.00806548 0.00723683
909 0.00183694 0.000915282
910 -0.00439885 -0.00540988
911 -0.0106173 -0.0117137
912 -0.0167938 -0.0179713
913 -0.0229041 -0.0241579
914 -0.0289239 -0.0302493
915 -0.0348296 -0.0362212
916 -0.0405979 -0.0420502
917 -0.0462059 -0.0477132
918 -0.0516316 -0.053188
919 -0.0568535 -0.0584528
920 -0.061851 -0.0634869
921 -0.0666045 -0.0682705
922 -0.0710951 -0.0727847
923 -0.0753051 -0.0770116
924 -0.0792179 -0.0809345
925 -0.082818 -0.0845381
926 -0.0860914 -0.087808
927 -0.0890249 -0.0907314
928 -0.0916071 -0.0932967
929 -0.0938278 -0.0954939
930 -0.0956782 -0.0973141
931 -0.097151 -0.0987503
932 -0.0982404 -0.0997968
933 -0.0989421 -0.100449
934 -0.0992533 -0.100706
935 -0.0991728 -0.100564
936 -0.0987009 -0.100026
937 -0.0978394 -0.0990933
938 -0.0965919 -0.0977694
939 -0.0949631 -0.0960595
940 -0.0929596 -0.0939706
941 -0.0905892 -0.0915108
942 -0.0878613 -0.0886899
943 -0.0847866 -0.085519
944 -0.0813773 -0.0820105
945 -0.0776469 -0.0781784
946 -0.07361 -0.0740378
947 -0.0692826 -0.0696049
948 -0.0646818 -0.0648974
949 -0.0598257 -0.0599337
950 -0.0547336 -0.0547336
951 -0.0494254 -0.0493174
952 -0.0439221 -0.0437065
953 -0.0382455 -0.0379232
954 -0.032418 -0.0319902
955 -0.0264625 -0.025931
956 -0.0204026 -0.0197694
957 -0.0142622 -0.0135298
958 -0.00806548 -0.00723683
959 -0.00183694 -0.000915282
960 0.00439885 0.00540988
961 0.0106173 0.0117137
962 0.0167938 0.0179713
963 0.0229041 0.0241579
964 0.0289239 0.0302493
965 0.0348296 0.0362212
966 0.0405979 0.0420502
967 0.0462059 0.0477132
968 0.0516316 0.053188
969 0.0568535 0.0584528
970 0.061851 0.0634869
971 0.0666045 0.0682705
972 0.0710951 0.0727847
973 0.0753051 0.0770116
974 0.0792179 0.0809345
975 0.082818 0.0845381
976 0.0860914 0.087808
977 0.0890249 0.0907314
978 0.0916071 0.0932967
979 0.0938278 0.0954939
980 0.0956782 0.0973141
981 0.097151 0.0987503
982 0.0982404 0.0997968
983 0.0989421 0.100449
984 0.0992533 0.100706
985 0.0991728 0.100564
986 0.0987009 0.100026
987 0.0978394 0.0990933
988 0.0965919 0.0977694
989 0.0949631 0.0960595
990 0.0929596 0.0939706
991 0.0905892 0.0915108
992 0.0878613 0.0886899
993 0.0847866 0.085519
994 0.0813773 0.0820105
995 0.0776469 0.0781784
996 0.07361 0.0740378
997 0.0692826 0.0696049
998 0.0646818 0.0648974
999 0.0598257 0.0599337
