0 0.0286287 0.0286287
1 0.0346165 0.03456
2 0.0404677 0.0403549
3 0.0461592 0.0459906
4 0.0516685 0.0514447
5 0.0569739 0.0566958
6 0.0620544 0.0617232
7 0.06689 0.066507
8 0.0714617 0.0710282
9 0.0757513 0.0752692
10 0.079742 0.0792131
11 0.0834179 0.0828444
12 0.0867647 0.0861488
13 0.089769 0.0891132
14 0.0924191 0.0917258
15 0.0947044 0.0939765
16 0.0966159 0.0958563
17 0.0981462 0.0973578
18 0.0992891 0.0984751
19 0.10004 0.0992037
20 0.100396 0.0995408
21 0.100357 0.0994851
22 0.0999205 0.0990367
23 0.0990901 0.0981975
24 0.0978687 0.0969708
25 0.0962611 0.0953614
26 0.0942735 0.0933756
27 0.0919139 0.0910213
28 0.0891915 0.0883078
29 0.0861172 0.0852457
30 0.0827029 0.0818473
31 0.0789623 0.0781258
32 0.0749101 0.074096
33 0.0705622 0.0697738
34 0.0659358 0.0651762
35 0.0610493 0.0603214
36 0.0559218 0.0552285
37 0.0505736 0.0499177
38 0.0450258 0.0444099
39 0.0393003 0.0387268
40 0.0334197 0.0328909
41 0.0274072 0.0269251
42 0.0212866 0.0208531
43 0.0150819 0.0146988
44 0.00881772 0.00848652
45 0.00251875 0.00224073
46 -0.00379017 -0.00401391
47 -0.0100841 -0.0102527
48 -0.0163383 -0.0164511
49 -0.022528 -0.0225845
50 -0.0286287 -0.0286287
51 -0.0346165 -0.03456
52 -0.0404677 -0.0403549
53 -0.0461592 -0.0459906
54 -0.0516685 -0.0514447
55 -0.0569739 -0.0566958
56 -0.0620544 -0.0617232
57 -0.06689 -0.066507
58 -0.0714617 -0.0710282
59 -0.0757513 -0.0752692
60 -0.079742 -0.0792131
61 -0.0834179 -0.0828444
62 -0.0867647 -0.0861488
63 -0.089769 -0.0891132
64 -0.0924191 -0.0917258
65 -0.0947044 -0.0939765
66 -0.0966159 -0.0958563
67 -0.0981462 -0.0973578
68 -0.0992891 -0.0984751
69 -0.10004 -0.0992037
70 -0.100396 -0.0995408
71 -0.100357 -0.0994851
72 -0.0999205 -0.0990367
73 -0.0990901 -0.0981975
74 -0.0978687 -0.0969708
75 -0.0962611 -0.0953614
76 -0.0942735 -0.0933756
77 -0.0919139 -0.0910213
78 -0.0891915 -0.0883078
79 -0.0861172 -0.0852457
80 -0.0827029 -0.0818473
81 -0.0789623 -0.0781258
82 -0.0749101 -0.074096
83 -0.0705622 -0.0697738
84 -0.0659358 -0.0651762
85 -0.0610493 -0.0603214
86 -0.0559218 -0.0552285
87 -0.0505736 -0.0499177
88 -0.0450258 -0.0444099
89 -0.0393003 -0.0387268
90 -0.0334197 -0.0328909
91 -0.0274072 -0.0269251
92 -0.0212866 -0.0208531
93 -0.0150819 -0.0146988
94 -0.00881772 -0.00848652
95 -0.00251875 -0.00224073
96 0.00379017 0.00401391
97 0.0100841 0.0102527
98 0.0163383 0.0164511
99 0.022528 0.0225845
100 0.0286287 0.0286287
101 0.0346165 0.03456
102 0.0404677 0.0403549
103 0.0461592 0.0459906
104 0.0516685 0.0514447
105 0.0569739 0.0566958
106 0.0620544 0.0617232
107 0.06689 0.066507
108 0.0714617 0.0710282
109 0.0757513 0.0752692
110 0.079742 0.0792131
111 0.0834179 0.0828444
112 0.0867647 0.0861488
113 0.089769 0.0891132
114 0.0924191 0.0917258
115 0.0947044 0.0939765
116 0.0966159 0.0958563
117 0.0981462 0.0973578
118 0.0992891 0.0984751
119 0.10004 0.0992037
120 0.100396 0.0995408
121 0.100357 0.0994851
122 0.0999205 0.0990367
123 0.0990901 0.0981975
124 0.0978687 0.0969708
125 0.0962611 0.0953614
126 0.0942735 0.0933756
127 0.0919139 0.0910213
128 0.0891915 0.0883078
129 0.0861172 0.0852457
130 0.0827029 0.0818473
131 0.0789623 0.0781258
132 0.0749101 0.074096
133 0.0705622 0.0697738
134 0.0659358 0.0651762
135 0.0610493 0.0603214
136 0.0559218 0.0552285
137 0.0505736 0.0499177
138 0.0450258 0.0444099
139 0.0393003 0.0387268
140 0.0334197 0.0328909
141 0.0274072 0.0269251
142 0.0212866 0.0208531
143 0.0150819 0.0146988
144 0.00881772 0.00848652
145 0.00251875 0.00224073
146 -0.00379017 -0.00401391
147 -0.0100841 -0.0102527
148 -0.0163383 -0.0164511
149 -0.022528 -0.0225845
150 -0.0286287 -0.0286287
151 -0.0346165 -0.03456
152 -0.0404677 -0.0403549
153 -0.0461592 -0.0459906
154 -0.0516685 -0.0514447
155 -0.0569739 -0.0566958
156 -0.0620544 -0.0617232
157 -0.06689 -0.066507
158 -0.0714617 -0.0710282
159 -0.0757513 -0.0752692
160 -0.079742 -0.0792131
161 -0.0834179 -0.0828444
162 -0.0867647 -0.0861488
163 -0.089769 -0.0891132
164 -0.0924191 -0.0917258
165 -0.0947044 -0.0939765
166 -0.0966159 -0.0958563
167 -0.0981462 -0.0973578
168 -0.0992891 -0.0984751
169 -0.10004 -0.0992037
170 -0.100396 -0.0995408
171 -0.100357 -0.0994851
172 -0.0999205 -0.0990367
173 -0.0990901 -0.0981975
174 -0.0978687 -0.0969708
175 -0.0962611 -0.0953614
176 -0.0942735 -0.0933756
177 -0.0919139 -0.0910213
178 -0.0891915 -0.0883078
179 -0.0861172 -0.0852457
180 -0.0827029 -0.0818473
181 -0.0789623 -0.0781258
182 -0.0749101 -0.074096
183 -0.0705622 -0.0697738
184 -0.0659358 -0.0651762
185 -0.0610493 -0.0603214
186 -0.0559218 -0.0552285
187 -0.0505736 -0.0499177
188 -0.0450258 -0.0444099
189 -0.0393003 -0.0387268
190 -0.0334197 -0.0328909
191 -0.0274072 -0.0269251
192 -0.0212866 -0.0208531
193 -0.0150819 -0.0146988
194 -0.00881772 -0.00848652
195 -0.00251875 -0.00224073
196 0.00379017 0.00401391
197 0.0100841 0.0102527
198 0.0163383 0.0164511
199 0.022528 0.0225845
200 0.0286287 0.0286287
201 0.0346165 0.03456
202 0.0404677 0.0403549
203 0.0461592 0.0459906
204 0.0516685 0.0514447
205 0.0569739 0.0566958
206 0.0620544 0.0617232
207 0.06689 0.066507
208 0.0714617 0.0710282
209 0.0757513 0.0752692
210 0.079742 0.0792131
211 0.0834179 0.0828444
212 0.0867647 0.0861488
213 0.089769 0.0891132
214 0.0924191 0.0917258
215 0.0947044 0.0939765
216 0.0966159 0.0958563
217 0.0981462 0.0973578
218 0.0992891 0.0984751
219 0.10004 0.0992037
220 0.100396 0.0995408
221 0.100357 0.0994851
222 0.0999205 0.0990367
223 0.0990901 0.0981975
224 0.0978687 0.0969708
225 0.0962611 0.0953614
226 0.0942735 0.0933756
227 0.0919139 0.0910213
228 0.0891915 0.0883078
229 0.0861172 0.0852457
230 0.0827029 0.0818473
231 0.0789623 0.0781258
232 0.0749101 0.074096
233 0.0705622 0.0697738
234 0.0659358 0.0651762
235 0.0610493 0.0603214
236 0.0559218 0.0552285
237 0.0505736 0.0499177
238 0.0450258 0.0444099
239 0.0393003 0.0387268
240 0.0334197 0.0328909
241 0.0274072 0.0269251
242 0.0212866 0.0208531
243 0.0150819 0.0146988
244 0.00881772 0.00848652
245 0.00251875 0.00224073
246 -0.00379017 -0.00401391
247 -0.0100841 -0.0102527
248 -0.0163383 -0.0164511
249 -0.022528 -0.0225845
250 -0.0286287 -0.0286287
251 -0.0346165 -0.03456
252 -0.0404677 -0.0403549
253 -0.0461592 -0.0459906
254 -0.0516685 -0.0514447
255 -0.0569739 -0.0566958
256 -0.0620544 -0.0617232
257 -0.06689 -0.066507
258 -0.0714617 -0.0710282
259 -0.0757513 -0.0752692
260 -0.079742 -0.0792131
261 -0.0834179 -0.0828444
262 -0.0867647 -0.0861488
263 -0.089769 -0.0891132
264 -0.0924191 -0.0917258
265 -0.0947044 -0.0939765
266 -0.0966159 -0.0958563
267 -0.0981462 -0.0973578
268 -0.0992891 -0.0984751
269 -0.10004 -0.0992037
270 -0.100396 -0.0995408
271 -0.100357 -0.0994851
272 -0.0999205 -0.0990367
273 -0.0990901 -0.0981975
274 -0.0978687 -0.0969708
275 -0.0962611 -0.0953614
276 -0.0942735 -0.0933756
277 -0.0919139 -0.0910213
278 -0.0891915 -0.0883078
279 -0.0861172 -0.0852457
280 -0.0827029 -0.0818473
281 -0.0789623 -0.0781258
282 -0.0749101 -0.074096
283 -0.0705622 -0.0697738
284 -0.0659358 -0.0651762
285 -0.0610493 -0.0603214
286 -0.0559218 -0.0552285
287 -0.0505736 -0.0499177
288 -0.0450258 -0.0444099
289 -0.0393003 -0.0387268
290 -0.0334197 -0.0328909
291 -0.0274072 -0.0269251
292 -0.0212866 -0.0208531
293 -0.0150819 -0.0146988
294 -0.00881772 -0.00848652
295 -0.00251875 -0.00224073
296 0.00379017 0.00401391
297 0.0100841 0.0102527
298 0.0163383 0.0164511
299 0.022528 0.0225845
300 0.0286287 0.0286287
301 0.0346165 0.03456
302 0.0404677 0.0403549
303 0.0461592 0.0459906
304 0.0516685 0.0514447
305 0.0569739 0.0566958
306 0.0620544 0.0617232
307 0.06689 0.066507
308 0.0714617 0.0710282
309 0.0757513 0.0752692
310 0.079742 0.0792131
311 0.0834179 0.0828444
312 0.0867647 0.0861488
313 0.089769 0.0891132
314 0.0924191 0.0917258
315 0.0947044 0.0939765
316 0.0966159 0.0958563
317 0.0981462 0.0973578
318 0.0992891 0.0984751
319 0.10004 0.0992037
320 0.100396 0.0995408
321 0.100357 0.0994851
322 0.0999205 0.0990367
323 0.0990901 0.0981975
324 0.0978687 0.0969708
325 0.0962611 0.0953614
326 0.0942735 0.0933756
327 0.0919139 0.0910213
328 0.0891915 0.0883078
329 0.0861172 0.0852457
330 0.0827029 0.0818473
331 0.0789623 0.0781258
332 0.0749101 0.074096
333 0.0705622 0.0697738
334 0.0659358 0.0651762
335 0.0610493 0.0603214
336 0.0559218 0.0552285
337 0.0505736 0.0499177
338 0.0450258 0.0444099
339 0.0393003 0.0387268
340 0.0334197 0.0328909
341 0.0274072 0.0269251
342 0.0212866 0.0208531
343 0.0150819 0.0146988
344 0.00881772 0.00848652
345 0.00251875 0.00224073
346 -0.00379017 -0.00401391
347 -0.0100841 -0.0102527
348 -0.0163383 -0.0164511
349 -0.022528 -0.0225845
350 -0.0286287 -0.0286287
351 -0.0346165 -0.03456
352 -0.0404677 -0.0403549
353 -0.0461592 -0.0459906
354 -0.0516685 -0.0514447
355 -0.0569739 -0.0566958
356 -0.0620544 -0.0617232
357 -0.06689 -0.066507
358 -0.0714617 -0.0710282
359 -0.0757513 -0.0752692
360 -0.079742 -0.0792131
361 -0.0834179 -0.0828444
362 -0.0867647 -0.0861488
363 -0.089769 -0.0891132
364 -0.0924191 -0.0917258
365 -0.0947044 -0.0939765
366 -0.0966159 -0.0958563
367 -0.0981462 -0.0973578
368 -0.0992891 -0.0984751
369 -0.10004 -0.0992037
370 -0.100396 -0.0995408
371 -0.100357 -0.0994851
372 -0.0999205 -0.0990367
373 -0.0990901 -0.0981975
374 -0.0978687 -0.0969708
375 -0.0962611 -0.0953614
376 -0.0942735 -0.0933756
377 -0.0919139 -0.0910213
378 -0.0891915 -0.0883078
379 -0.0861172 -0.0852457
380 -0.0827029 -0.0818473
381 -0.0789623 -0.0781258
382 -0.0749101 -0.074096
383 -0.0705622 -0.0697738
384 -0.0659358 -0.0651762
385 -0.0610493 -0.0603214
386 -0.0559218 -0.0552285
387 -0.0505736 -0.0499177
388 -0.0450258 -0.0444099
389 -0.0393003 -0.0387268
390 -0.0334197 -0.0328909
391 -0.0274072 -0.0269251
392 -0.0212866 -0.0208531
393 -0.0150819 -0.0146988
394 -0.00881772 -0.00848652
395 -0.00251875 -0.00224073
396 0.00379017 0.00401391
397 0.0100841 0.0102527
398 0.0163383 0.0164511
399 0.022528 0.0225845
400 0.0286287 0.0286287
401 0.0346165 0.03456
402 0.0404677 0.0403549
403 0.0461592 0.0459906
404 0.0516685 0.0514447
405 0.0569739 0.0566958
406 0.0620544 0.0617232
407 0.06689 0.066507
408 0.0714617 0.0710282
409 0.0757513 0.0752692
410 0.079742 0.0792131
411 0.0834179 0.0828444
412 0.0867647 0.0861488
413 0.089769 0.0891132
414 0.0924191 0.0917258
415 0.0947044 0.0939765
416 0.0966159 0.0958563
417 0.0981462 0.0973578
418 0.0992891 0.0984751
419 0.10004 0.0992037
420 0.100396 0.0995408
421 0.100357 0.0994851
422 0.0999205 0.0990367
423 0.0990901 0.0981975
424 0.0978687 0.0969708
425 0.0962611 0.0953614
426 0.0942735 0.0933756
427 0.0919139 0.0910213
428 0.0891915 0.0883078
429 0.0861172 0.0852457
430 0.0827029 0.0818473
431 0.0789623 0.0781258
432 0.0749101 0.074096
433 0.0705622 0.0697738
434 0.0659358 0.0651762
435 0.0610493 0.0603214
436 0.0559218 0.0552285
437 0.0505736 0.0499177
438 0.0450258 0.0444099
439 0.0393003 0.0387268
440 0.0334197 0.0328909
441 0.0274072 0.0269251
442 0.0212866 0.0208531
443 0.0150819 0.0146988
444 0.00881772 0.00848652
445 0.00251875 0.00224073
446 -0.00379017 -0.00401391
447 -0.0100841 -0.0102527
448 -0.0163383 -0.0164511
449 -0.022528 -0.0225845
450 -0.0286287 -0.0286287
451 -0.0346165 -0.03456
452 -0.0404677 -0.0403549
453 -0.0461592 -0.0459906
454 -0.0516685 -0.0514447
455 -0.0569739 -0.0566958
456 -0.0620544 -0.0617232
457 -0.06689 -0.066507
458 -0.0714617 -0.0710282
459 -0.0757513 -0.0752692
460 -0.079742 -0.0792131
461 -0.0834179 -0.0828444
462 -0.0867647 -0.0861488
463 -0.089769 -0.0891132
464 -0.0924191 -0.0917258
465 -0.0947044 -0.0939765
466 -0.0966159 -0.0958563
467 -0.0981462 -0.0973578
468 -0.0992891 -0.0984751
469 -0.10004 -0.0992037
470 -0.100396 -0.0995408
471 -0.100357 -0.0994851
472 -0.0999205 -0.0990367
473 -0.0990901 -0.0981975
474 -0.0978687 -0.0969708
475 -0.0962611 -0.0953614
476 -0.0942735 -0.0933756
477 -0.0919139 -0.0910213
478 -0.0891915 -0.0883078
479 -0.0861172 -0.0852457
480 -0.0827029 -0.0818473
481 -0.0789623 -0.0781258
482 -0.0749101 -0.074096
483 -0.0705622 -0.0697738
484 -0.0659358 -0.0651762
485 -0.0610493 -0.0603214
486 -0.0559218 -0.0552285
487 -0.0505736 -0.0499177
488 -0.0450258 -0.0444099
489 -0.0393003 -0.0387268
490 -0.0334197 -0.0328909
491 -0.0274072 -0.0269251
492 -0.0212866 -0.0208531
493 -0.0150819 -0.0146988
494 -0.00881772 -0.00848652
495 -0.00251875 -0.00224073
496 0.00379017 0.00401391
497 0.0100841 0.0102527
498 0.0163383 0.0164511
499 0.022528 0.0225845
500 0.0286287 0.0286287
501 0.0346165 0.03456
502 0.0404677 0.0403549
503 0.0461592 0.0459906
504 0.0516685 0.0514447
505 0.0569739 0.0566958
506 0.0620544 0.0617232
507 0.06689 0.066507
508 0.0714617 0.0710282
509 0.0757513 0.0752692
510 0.079742 0.0792131
511 0.0834179 0.0828444
512 0.0867647 0.0861488
513 0.089769 0.0891132
514 0.0924191 0.0917258
515 0.0947044 0.0939765
516 0.0966159 0.0958563
517 0.0981462 0.0973578
518 0.0992891 0.0984751
519 0.10004 0.0992037
520 0.100396 0.0995408
521 0.100357 0.0994851
522 0.0999205 0.0990367
523 0.0990901 0.0981975
524 0.0978687 0.0969708
525 0.0962611 0.0953614
526 0.0942735 0.0933756
527 0.0919139 0.0910213
528 0.0891915 0.0883078
529 0.0861172 0.0852457
530 0.0827029 0.0818473
531 0.0789623 0.0781258
532 0.0749101 0.074096
533 0.0705622 0.0697738
534 0.0659358 0.0651762
535 0.0610493 0.0603214
536 0.0559218 0.0552285
537 0.0505736 0.0499177
538 0.0450258 0.0444099
539 0.0393003 0.0387268
540 0.0334197 0.0328909
541 0.0274072 0.0269251
542 0.0212866 0.0208531
543 0.0150819 0.0146988
544 0.00881772 0.00848652
545 0.00251875 0.00224073
546 -0.00379017 -0.00401391
547 -0.0100841 -0.0102527
548 -0.0163383 -0.0164511
549 -0.022528 -0.0225845
550 -0.0286287 -0.0286287
551 -0.0346165 -0.03456
552 -0.0404677 -0.0403549
553 -0.0461592 -0.0459906
554 -0.0516685 -0.0514447
555 -0.0569739 -0.0566958
556 -0.0620544 -0.0617232
557 -0.06689 -0.066507
558 -0.0714617 -0.0710282
559 -0.0757513 -0.0752692
560 -0.079742 -0.0792131
561 -0.0834179 -0.0828444
562 -0.0867647 -0.0861488
563 -0.089769 -0.0891132
564 -0.0924191 -0.0917258
565 -0.0947044 -0.0939765
566 -0.0966159 -0.0958563
567 -0.0981462 -0.0973578
568 -0.0992891 -0.0984751
569 -0.10004 -0.0992037
570 -0.100396 -0.0995408
571 -0.100357 -0.0994851
572 -0.0999205 -0.0990367
573 -0.0990901 -0.0981975
574 -0.0978687 -0.0969708
575 -0.0962611 -0.0953614
576 -0.0942735 -0.0933756
577 -0.0919139 -0.0910213
578 -0.0891915 -0.0883078
579 -0.0861172 -0.0852457
580 -0.0827029 -0.0818473
581 -0.0789623 -0.0781258
582 -0.0749101 -0.074096
583 -0.0705622 -0.0697738
584 -0.0659358 -0.0651762
585 -0.0610493 -0.0603214
586 -0.0559218 -0.0552285
587 -0.0505736 -0.0499177
588 -0.0450258 -0.0444099
589 -0.0393003 -0.0387268
590 -0.0334197 -0.0328909
591 -0.0274072 -0.0269251
592 -0.0212866 -0.0208531
593 -0.0150819 -0.0146988
594 -0.00881772 -0.00848652
595 -0.00251875 -0.00224073
596 0.00379017 0.00401391
597 0.0100841 0.0102527
598 0.0163383 0.0164511
599 0.022528 0.0225845
600 0.0286287 0.0286287
601 0.0346165 0.03456
602 0.0404677 0.0403549
603 0.0461592 0.0459906
604 0.0516685 0.0514447
605 0.0569739 0.0566958
606 0.0620544 0.0617232
607 0.06689 0.066507
608 0.0714617 0.0710282
609 0.0757513 0.0752692
610 0.079742 0.0792131
611 0.0834179 0.0828444
612 0.0867647 0.0861488
613 0.089769 0.0891132
614 0.0924191 0.0917258
615 0.0947044 0.0939765
616 0.0966159 0.0958563
617 0.0981462 0.0973578
618 0.0992891 0.0984751
619 0.10004 0.0992037
620 0.100396 0.0995408
621 0.100357 0.0994851
622 0.0999205 0.0990367
623 0.0990901 0.0981975
624 0.0978687 0.0969708
625 0.0962611 0.0953614
626 0.0942735 0.0933756
627 0.0919139 0.0910213
628 0.0891915 0.0883078
629 0.0861172 0.0852457
630 0.0827029 0.0818473
631 0.0789623 0.0781258
632 0.0749101 0.074096
633 0.0705622 0.0697738
634 0.0659358 0.0651762
635 0.0610493 0.0603214
636 0.0559218 0.0552285
637 0.0505736 0.0499177
638 0.0450258 0.0444099
639 0.0393003 0.0387268
640 0.0334197 0.0328909
641 0.0274072 0.0269251
642 0.0212866 0.0208531
643 0.0150819 0.0146988
644 0.00881772 0.00848652
645 0.00251875 0.00224073
646 -0.00379017 -0.00401391
647 -0.0100841 -0.0102527
648 -0.0163383 -0.0164511
649 -0.022528 -0.0225845
650 -0.0286287 -0.0286287
651 -0.0346165 -0.03456
652 -0.0404677 -0.0403549
653 -0.0461592 -0.0459906
654 -0.0516685 -0.0514447
655 -0.0569739 -0.0566958
656 -0.0620544 -0.0617232
657 -0.06689 -0.066507
658 -0.0714617 -0.0710282
659 -0.0757513 -0.0752692
660 -0.079742 -0.0792131
661 -0.0834179 -0.0828444
662 -0.0867647 -0.0861488
663 -0.089769 -0.0891132
664 -0.0924191 -0.0917258
665 -0.0947044 -0.0939765
666 -0.0966159 -0.0958563
667 -0.0981462 -0.0973578
668 -0.0992891 -0.0984751
669 -0.10004 -0.0992037
670 -0.100396 -0.0995408
671 -0.100357 -0.0994851
672 -0.0999205 -0.0990367
673 -0.0990901 -0.0981975
674 -0.0978687 -0.0969708
675 -0.0962611 -0.0953614
676 -0.0942735 -0.0933756
677 -0.0919139 -0.0910213
678 -0.0891915 -0.0883078
679 -0.0861172 -0.0852457
680 -0.0827029 -0.0818473
681 -0.0789623 -0.0781258
682 -0.0749101 -0.074096
683 -0.0705622 -0.0697738
684 -0.0659358 -0.0651762
685 -0.0610493 -0.0603214
686 -0.0559218 -0.0552285
687 -0.0505736 -0.0499177
688 -0.0450258 -0.0444099
689 -0.0393003 -0.0387268
690 -0.0334197 -0.0328909
691 -0.0274072 -0.0269251
692 -0.0212866 -0.0208531
693 -0.0150819 -0.0146988
694 -0.00881772 -0.00848652
695 -0.00251875 -0.00224073
696 0.00379017 0.00401391
697 0.0100841 0.0102527
698 0.0163383 0.0164511
699 0.022528 0.0225845
700 0.0286287 0.0286287
701 0.0346165 0.03456
702 0.0404677 0.0403549
703 0.0461592 0.0459906
704 0.0516685 0.0514447
705 0.0569739 0.0566958
706 0.0620544 0.0617232
707 0.06689 0.066507
708 0.0714617 0.0710282
709 0.0757513 0.0752692
710 0.079742 0.0792131
711 0.0834179 0.0828444
712 0.0867647 0.0861488
713 0.089769 0.0891132
714 0.0924191 0.0917258
715 0.0947044 0.0939765
716 0.0966159 0.0958563
717 0.0981462 0.0973578
718 0.0992891 0.0984751
719 0.10004 0.0992037
720 0.100396 0.0995408
721 0.100357 0.0994851
722 0.0999205 0.0990367
723 0.0990901 0.0981975
724 0.0978687 0.0969708
725 0.0962611 0.0953614
726 0.0942735 0.0933756
727 0.0919139 0.0910213
728 0.0891915 0.0883078
729 0.0861172 0.0852457
730 0.0827029 0.0818473
731 0.0789623 0.0781258
732 0.0749101 0.074096
733 0.0705622 0.0697738
734 0.0659358 0.0651762
735 0.0610493 0.0603214
736 0.0559218 0.0552285
737 0.0505736 0.0499177
738 0.0450258 0.0444099
739 0.0393003 0.0387268
740 0.0334197 0.0328909
741 0.0274072 0.0269251
742 0.0212866 0.0208531
743 0.0150819 0.0146988
744 0.00881772 0.00848652
745 0.00251875 0.00224073
746 -0.00379017 -0.00401391
747 -0.0100841 -0.0102527
748 -0.0163383 -0.0164511
749 -0.022528 -0.0225845
750 -0.0286287 -0.0286287
751 -0.0346165 -0.03456
752 -0.0404677 -0.0403549
753 -0.0461592 -0.0459906
754 -0.0516685 -0.0514447
755 -0.0569739 -0.0566958
756 -0.0620544 -0.0617232
757 -0.06689 -0.066507
758 -0.0714617 -0.0710282
759 -0.0757513 -0.0752692
760 -0.079742 -0.0792131
761 -0.0834179 -0.0828444
762 -0.0867647 -0.0861488
763 -0.089769 -0.0891132
764 -0.0924191 -0.0917258
765 -0.0947044 -0.0939765
766 -0.0966159 -0.0958563
767 -0.0981462 -0.0973578
768 -0.0992891 -0.0984751
769 -0.10004 -0.0992037
770 -0.100396 -0.0995408
771 -0.100357 -0.0994851
772 -0.0999205 -0.0990367
773 -0.0990901 -0.0981975
774 -0.0978687 -0.0969708
775 -0.0962611 -0.0953614
776 -0.0942735 -0.0933756
777 -0.0919139 -0.0910213
778 -0.0891915 -0.0883078
779 -0.0861172 -0.0852457
780 -0.0827029 -0.0818473
781 -0.0789623 -0.0781258
782 -0.0749101 -0.074096
783 -0.0705622 -0.0697738
784 -0.0659358 -0.0651762
785 -0.0610493 -0.0603214
786 -0.0559218 -0.0552285
787 -0.0505736 -0.0499177
788 -0.0450258 -0.0444099
789 -0.0393003 -0.0387268
790 -0.0334197 -0.0328909
791 -0.0274072 -0.0269251
792 -0.0212866 -0.0208531
793 -0.0150819 -0.0146988
794 -0.00881772 -0.00848652
795 -0.00251875 -0.00224073
796 0.00379017 0.00401391
797 0.0100841 0.0102527
798 0.0163383 0.0164511
799 0.022528 0.0225845
800 0.0286287 0.0286287
801 0.0346165 0.03456
802 0.0404677 0.0403549
803 0.0461592 0.0459906
804 0.0516685 0.0514447
805 0.0569739 0.0566958
806 0.0620544 0.0617232
807 0.06689 0.066507
808 0.0714617 0.0710282
809 0.0757513 0.0752692
810 0.079742 0.0792131
811 0.0834179 0.0828444
812 0.0867647 0.0861488
813 0.089769 0.0891132
814 0.0924191 0.0917258
815 0.0947044 0.0939765
816 0.0966159 0.0958563
817 0.0981462 0.0973578
818 0.0992891 0.0984751
819 0.10004 0.0992037
820 0.100396 0.0995408
821 0.100357 0.0994851
822 0.0999205 0.0990367
823 0.0990901 0.0981975
824 0.0978687 0.0969708
825 0.0962611 0.0953614
826 0.0942735 0.0933756
827 0.0919139 0.0910213
828 0.0891915 0.0883078
829 0.0861172 0.0852457
830 0.0827029 0.0818473
831 0.0789623 0.0781258
832 0.0749101 0.074096
833 0.0705622 0.0697738
834 0.0659358 0.0651762
835 0.0610493 0.0603214
836 0.0559218 0.0552285
837 0.0505736 0.0499177
838 0.0450258 0.0444099
839 0.0393003 0.0387268
840 0.0334197 0.0328909
841 0.0274072 0.0269251
842 0.0212866 0.0208531
843 0.0150819 0.0146988
844 0.00881772 0.00848652
845 0.00251875 0.00224073
846 -0.00379017 -0.00401391
847 -0.0100841 -0.0102527
848 -0.0163383 -0.0164511
849 -0.022528 -0.0225845
850 -0.0286287 -0.0286287
851 -0.0346165 -0.03456
852 -0.0404677 -0.0403549
853 -0.0461592 -0.0459906
854 -0.0516685 -0.0514447
855 -0.0569739 -0.0566958
856 -0.0620544 -0.0617232
857 -0.06689 -0.066507
858 -0.0714617 -0.0710282
859 -0.0757513 -0.0752692
860 -0.079742 -0.0792131
861 -0.0834179 -0.0828444
862 -0.0867647 -0.0861488
863 -0.089769 -0.0891132
864 -0.0924191 -0.0917258
865 -0.0947044 -0.0939765
866 -0.0966159 -0.0958563
867 -0.0981462 -0.0973578
868 -0.0992891 -0.0984751
869 -0.10004 -0.0992037
870 -0.100396 -0.0995408
871 -0.100357 -0.0994851
872 -0.0999205 -0.0990367
873 -0.0990901 -0.0981975
874 -0.0978687 -0.0969708
875 -0.0962611 -0.0953614
876 -0.0942735 -0.0933756
877 -0.0919139 -0.0910213
878 -0.0891915 -0.0883078
879 -0.0861172 -0.0852457
880 -0.0827029 -0.0818473
881 -0.0789623 -0.0781258
882 -0.0749101 -0.074096
883 -0.0705622 -0.0697738
884 -0.0659358 -0.0651762
885 -0.0610493 -0.0603214
886 -0.0559218 -0.0552285
887 -0.0505736 -0.0499177
888 -0.0450258 -0.0444099
889 -0.0393003 -0.0387268
890 -0.0334197 -0.0328909
891 -0.0274072 -0.0269251
892 -0.0212866 -0.0208531
893 -0.0150819 -0.0146988
894 -0.00881772 -0.00848652
895 -0.00251875 -0.00224073
896 0.00379017 0.00401391
897 0.0100841 0.0102527
898 0.0163383 0.0164511
899 0.022528 0.0225845
900 0.0286287 0.0286287
901 0.0346165 0.03456
902 0.0404677 0.0403549
903 0.0461592 0.0459906
904 0.0516685 0.0514447
905 0.0569739 0.0566958
906 0.0620544 0.0617232
907 0.06689 0.066507
908 0.0714617 0.0710282
909 0.0757513 0.0752692
910 0.079742 0.0792131
911 0.0834179 0.0828444
912 0.0867647 0.0861488
913 0.089769 0.0891132
914 0.0924191 0.0917258
915 0.0947044 0.0939765
916 0.0966159 0.0958563
917 0.0981462 0.0973578
918 0.0992891 0.0984751
919 0.10004 0.0992037
920 0.100396 0.0995408
921 0.100357 0.0994851
922 0.0999205 0.0990367
923 0.0990901 0.0981975
924 0.0978687 0.0969708
925 0.0962611 0.0953614
926 0.0942735 0.0933756
927 0.0919139 0.0910213
928 0.0891915 0.0883078
929 0.0861172 0.0852457
930 0.0827029 0.0818473
931 0.0789623 0.0781258
932 0.0749101 0.074096
933 0.0705622 0.0697738
934 0.0659358 0.0651762
935 0.0610493 0.0603214
936 0.0559218 0.0552285
937 0.0505736 0.0499177
938 0.0450258 0.0444099
939 0.0393003 0.0387268
940 0.0334197 0.0328909
941 0.0274072 0.0269251
942 0.0212866 0.0208531
943 0.0150819 0.0146988
944 0.00881772 0.00848652
945 0.00251875 0.00224073
946 -0.00379017 -0.00401391
947 -0.0100841 -0.0102527
948 -0.0163383 -0.0164511
949 -0.022528 -0.0225845
950 -0.0286287 -0.0286287
951 -0.0346165 -0.03456
952 -0.0404677 -0.0403549
953 -0.0461592 -0.0459906
954 -0.0516685 -0.0514447
955 -0.0569739 -0.0566958
956 -0.0620544 -0.0617232
957 -0.06689 -0.066507
958 -0.0714617 -0.0710282
959 -0.0757513 -0.0752692
960 -0.079742 -0.0792131
961 -0.0834179 -0.0828444
962 -0.0867647 -0.0861488
963 -0.089769 -0.0891132
964 -0.0924191 -0.0917258
965 -0.0947044 -0.0939765
966 -0.0966159 -0.0958563
967 -0.0981462 -0.0973578
968 -0.0992891 -0.0984751
969 -0.10004 -0.0992037
970 -0.100396 -0.0995408
971 -0.100357 -0.0994851
972 -0.0999205 -0.0990367
973 -0.0990901 -0.0981975
974 -0.0978687 -0.0969708
975 -0.0962611 -0.0953614
976 -0.0942735 -0.0933756
977 -0.0919139 -0.0910213
978 -0.0891915 -0.0883078
979 -0.0861172 -0.0852457
980 -0.0827029 -0.0818473
981 -0.0789623 -0.0781258
982 -0.0749101 -0.074096
983 -0.0705622 -0.0697738
984 -0.0659358 -0.0651762
985 -0.0610493 -0.0603214
986 -0.0559218 -0.0552285
987 -0.0505736 -0.0499177
988 -0.0450258 -0.0444099
989 -0.0393003 -0.0387268
990 -0.0334197 -0.0328909
991 -0.0274072 -0.0269251
992 -0.0212866 -0.0208531
993 -0.0150819 -0.0146988
994 -0.00881772 -0.00848652
995 -0.00251875 -0.00224073
996 0.00379017 0.00401391
997 0.0100841 0.0102527
998 0.0163383 0.0164511
999 0.022528 0.0225845
