0 -1.43411e-11 -2.19625e-11
1 -2.7463e-11 -2.2842e-11
2 3.27826e-12 1.39796e-11
3 3.24087e-11 3.22708e-11
4 1.1697e-11 -3.61354e-13
5 -3.08299e-11 -3.6441e-11
6 -2.79991e-11 -1.71876e-11
7 2.10613e-11 3.25963e-11
8 4.17667e-11 3.52888e-11
9 -3.10256e-12 -1.92201e-11
10 -4.84836e-11 -4.92186e-11
11 -2.07393e-11 -3.0424e-12
12 4.40586e-11 5.37874e-11
13 4.56441e-11 3.07399e-11
14 -2.62237e-11 -4.4735e-11
15 -6.47888e-11 -5.75988e-11
16 -4.06336e-12 2.04066e-11
17 7.07117e-11 7.54069e-11
18 4.16867e-11 1.67237e-11
19 -5.74576e-11 -7.59112e-11
20 -7.74408e-11 -5.92792e-11
21 2.30993e-11 5.35128e-11
22 9.95216e-11 9.55662e-11
23 2.80796e-11 -8.15886e-12
24 -9.65353e-11 -1.11909e-10
25 -8.47e-11 -5.25382e-11
26 6.16084e-11 9.6655e-11
27 1.29588e-10 1.13074e-10
28 3.47332e-12 -4.50795e-11
29 -1.4374e-10 -1.52652e-10
30 -8.56448e-11 -3.62844e-11
31 1.12604e-10 1.50835e-10
32 1.61162e-10 1.2784e-10
33 -3.31939e-11 -9.53615e-11
34 -2.00582e-10 -1.99483e-10
35 -8.04236e-11 -1.00905e-11
36 1.7805e-10 2.1834e-10
37 1.96282e-10 1.41358e-10
38 -8.28126e-11 -1.60847e-10
39 -2.7055e-10 -2.55969e-10
40 -7.0661e-11 2.55602e-11
41 2.61275e-10 3.03364e-10
42 2.39726e-10 1.57357e-10
43 -1.45817e-10 -2.44268e-10
44 -3.59731e-10 -3.29296e-10
45 -5.99138e-11 6.79421e-11
46 3.68021e-10 4.11508e-10
47 3.01627e-10 1.81186e-10
48 -2.19179e-10 -3.52249e-10
49 -4.73945e-10 -4.37354e-10
50 -4.88908e-11 1.00803e-10
51 5.17228e-10 5.33739e-10
52 4.1808e-10 1.94503e-10
53 -2.63122e-10 -5.40024e-10
54 -5.67148e-10 -6.87231e-10
55 4.86449e-11 -3.6236e-11
56 8.83919e-10 4.35438e-10
57 8.91837e-10 -1.86986e-10
58 1.93668e-10 -1.4732e-09
59 9.68356e-11 -2.19644e-09
60 1.4382e-09 -2.14272e-09
61 3.47274e-09 -2.74679e-09
62 4.99533e-09 -5.55818e-09
63 6.38627e-09 -1.05621e-08
64 9.8391e-09 -1.68421e-08
65 1.73651e-08 -2.5064e-08
66 2.93453e-08 -3.87063e-08
67 4.60189e-08 -6.25349e-08
68 7.05455e-08 -1.0074e-07
69 1.10129e-07 -1.58168e-07
70 1.74343e-07 -2.44522e-07
71 2.7409e-07 -3.77835e-07
72 4.24753e-07 -5.85006e-07
73 6.52614e-07 -9.02319e-07
74 1.00032e-06 -1.38094e-06
75 1.52999e-06 -2.09862e-06
76 2.32849e-06 -3.17387e-06
77 3.52057e-06 -4.78008e-06
78 5.29097e-06 -7.16365e-06
79 7.9116e-06 -1.06745e-05
80 1.17727e-05 -1.58141e-05
81 1.74252e-05 -2.32998e-05
82 2.56449e-05 -3.41446e-05
83 3.7526e-05 -4.97617e-05
84 5.46032e-05 -7.2107e-05
85 7.90069e-05 -0.000103878
86 0.000113663 -0.000148774
87 0.000162562 -0.000211823
88 0.000231112 -0.000299797
89 0.000326597 -0.000421736
90 0.000458731 -0.000589616
91 0.000640358 -0.000819175
92 0.000888299 -0.00113091
93 0.0012244 -0.00155124
94 0.00167676 -0.00211391
95 0.00228118 -0.00286152
96 0.0030828 -0.00384735
97 0.00413785 -0.00513725
98 0.0055156 -0.0068116
99 0.00730037 -0.00896723
100 0.00959338 -0.0117192
101 0.0125144 -0.0152019
102 0.0162031 -0.0195701
103 0.0208191 -0.0249983
104 0.0265416 -0.0316789
105 0.033567 -0.0398188
106 0.0421052 -0.0496334
107 0.0523725 -0.0613383
108 0.0645828 -0.0751375
109 0.078935 -0.0912085
110 0.0955975 -0.109684
111 0.114689 -0.130632
112 0.136256 -0.15403
113 0.160251 -0.179741
114 0.186504 -0.207489
115 0.214701 -0.236836
116 0.24436 -0.267165
117 0.274818 -0.29767
118 0.30522 -0.327356
119 0.334526 -0.355057
120 0.361532 -0.379467
121 0.384903 -0.399189
122 0.403232 -0.412812
123 0.415113 -0.41899
124 0.419236 -0.416552
125 0.41449 -0.404613
126 0.400078 -0.382684
127 0.375626 -0.350774
128 0.341284 -0.309472
129 0.297794 -0.259994
130 0.246531 -0.204179
131 0.189485 -0.14444
132 0.129196 -0.0836427
133 0.0686184 -0.0249357
134 0.010939 0.0284764
135 -0.0406633 0.073593
136 -0.0832818 0.107892
137 -0.114557 0.12959
138 -0.132924 0.137852
139 -0.137815 0.132934
140 -0.129765 0.116211
141 -0.110424 0.0900966
142 -0.0824374 0.0578346
143 -0.0492122 0.0231849
144 -0.0145782 -0.00997277
145 0.0176221 -0.0380704
146 0.043966 -0.0582665
147 0.0618523 -0.0687868
148 0.0698137 -0.0691372
149 0.0676918 -0.0601525
150 0.0566415 -0.0438636
151 0.0389521 -0.0231924
152 0.0177053 -0.00151491
153 -0.00368757 0.0178479
154 -0.0220004 0.0321315
155 -0.0346793 0.0395417
156 -0.0402216 0.0395081
157 -0.0383802 0.0327311
158 -0.030156 0.0210116
159 -0.0175754 0.00688863
160 -0.00328976 -0.00684803
161 0.00993059 -0.0176813
162 0.019714 -0.0238265
163 0.0245162 -0.0245377
164 0.0238775 -0.0202004
165 0.0184553 -0.0121928
166 0.00983018 -0.00254638
167 0.000126486 0.00651989
168 -0.00846893 0.0130885
169 -0.0141833 0.0159468
170 -0.0160251 0.014816
171 -0.0139597 0.010356
172 -0.00885778 0.00395173
173 -0.0022334 -0.00266263
174 0.00416023 -0.00784667
175 0.0087737 -0.0104521
176 0.0106319 -0.0100782
177 0.00954085 -0.00712365
178 0.00608317 -0.00262771
179 0.0014118 0.00205044
180 -0.00309638 0.00562082
181 -0.0062283 0.00721127
182 -0.00725621 0.00657961
183 -0.00610602 0.00413515
184 -0.00333088 0.000772268
185 9.47294e-05 -0.00242671
186 0.00309224 -0.00452547
187 0.00480809 -0.00500304
188 0.00485437 -0.00388046
189 0.00339123 -0.0016728
190 0.00103384 0.000810073
191 -0.00137751 0.00274376
192 -0.00306324 0.0035567
193 -0.003551 0.00309781
194 -0.0028052 0.00165354
195 -0.00120361 -0.000183701
196 0.000622473 -0.00174282
197 0.0020231 -0.00251262
198 0.00255528 -0.0023072
199 0.00212162 -0.00130384
200 0.000977465 5.17891e-05
201 -0.000389075 0.00122994
202 -0.00145405 0.00181728
203 -0.00185442 0.0016588
204 -0.00151074 0.000893023
205 -0.000633224 -0.000125444
206 0.000383945 -0.000979023
207 0.00113163 -0.00135301
208 0.00134707 -0.00114962
209 0.00100396 -0.00050902
210 0.000300767 0.000265724
211 -0.000440168 0.000844363
212 -0.000914443 0.00100743
213 -0.000957528 0.000729078
214 -0.000598709 0.000172755
215 -3.07277e-05 -0.000394009
216 0.000485441 -0.000724232
217 0.000736104 -0.000698341
218 0.000641051 -0.000366425
219 0.000276432 8.92923e-05
220 -0.000171024 0.000449257
221 -0.000494479 0.000560709
222 -0.000560219 0.000401694
223 -0.000362399 7.79818e-05
224 -1.66429e-05 -0.000239947
225 0.000301811 -0.000404303
226 0.000444412 -0.000357445
227 0.000358355 -0.000148807
228 0.000105901 0.000101565
229 -0.0001736 0.00026925
230 -0.000338025 0.000285726
231 -0.000314382 0.000163999
232 -0.000131643 -1.8588e-05
233 0.000100954 -0.000166373
234 0.000256553 -0.000213892
235 0.00025927 -0.000152912
236 0.000121589 -2.79821e-05
237 -6.84303e-05 9.26234e-05
238 -0.000200824 0.000152783
239 -0.000206549 0.000132996
240 -9.37066e-05 5.37351e-05
241 6.22045e-05 -4.02601e-05
242 0.000166296 -0.000104131
243 0.000161027 -0.00011295
244 5.80626e-05 -6.95151e-05
245 -7.25714e-05 1.10753e-06
246 -0.000147914 6.53561e-05
247 -0.000123534 9.60151e-05
248 -1.9576e-05 8.22305e-05
249 9.38656e-05 3.20479e-05
250 0.000142191 -3.20479e-05
251 9.38656e-05 -8.22305e-05
252 -1.9576e-05 -9.60151e-05
253 -0.000123534 -6.53561e-05
254 -0.000147914 -1.10753e-06
255 -7.25714e-05 6.95151e-05
256 5.80626e-05 0.00011295
257 0.000161027 0.000104131
258 0.000166296 4.02601e-05
259 6.22045e-05 -5.37351e-05
260 -9.37066e-05 -0.000132996
261 -0.000206549 -0.000152783
262 -0.000200824 -9.26234e-05
263 -6.84303e-05 2.79821e-05
264 0.000121589 0.000152912
265 0.00025927 0.000213892
266 0.000256553 0.000166373
267 0.000100954 1.8588e-05
268 -0.000131643 -0.000163999
269 -0.000314382 -0.000285726
270 -0.000338025 -0.00026925
271 -0.0001736 -0.000101565
272 0.000105901 0.000148807
273 0.000358355 0.000357445
274 0.000444412 0.000404303
275 0.000301811 0.000239947
276 -1.66429e-05 -7.79818e-05
277 -0.000362399 -0.000401694
278 -0.000560219 -0.000560709
279 -0.000494479 -0.000449257
280 -0.000171024 -8.92923e-05
281 0.000276432 0.000366425
282 0.000641051 0.000698341
283 0.000736104 0.000724232
284 0.000485441 0.000394009
285 -3.07277e-05 -0.000172755
286 -0.000598709 -0.000729078
287 -0.000957528 -0.00100743
288 -0.000914443 -0.000844363
289 -0.000440168 -0.000265724
290 0.000300767 0.00050902
291 0.00100396 0.00114962
292 0.00134707 0.00135301
293 0.00113163 0.000979023
294 0.000383945 0.000125444
295 -0.000633224 -0.000893023
296 -0.00151074 -0.0016588
297 -0.00185442 -0.00181728
298 -0.00145405 -0.00122994
299 -0.000389075 -5.17891e-05
300 0.000977465 0.00130384
301 0.00212162 0.0023072
302 0.00255528 0.00251262
303 0.0020231 0.00174282
304 0.000622473 0.000183701
305 -0.00120361 -0.00165354
306 -0.0028052 -0.00309781
307 -0.003551 -0.0035567
308 -0.00306324 -0.00274376
309 -0.00137751 -0.000810073
310 0.00103384 0.0016728
311 0.00339123 0.00388046
312 0.00485437 0.00500304
313 0.00480809 0.00452547
314 0.00309224 0.00242671
315 9.47294e-05 -0.000772268
316 -0.00333088 -0.00413515
317 -0.00610602 -0.00657961
318 -0.00725621 -0.00721127
319 -0.0062283 -0.00562082
320 -0.00309638 -0.00205044
321 0.0014118 0.00262771
322 0.00608317 0.00712365
323 0.00954085 0.0100782
324 0.0106319 0.0104521
325 0.0087737 0.00784667
326 0.00416023 0.00266263
327 -0.0022334 -0.00395173
328 -0.00885778 -0.010356
329 -0.0139597 -0.014816
330 -0.0160251 -0.0159468
331 -0.0141833 -0.0130885
332 -0.00846893 -0.00651989
333 0.000126486 0.00254638
334 0.00983018 0.0121928
335 0.0184553 0.0202004
336 0.0238775 0.0245377
337 0.0245162 0.0238265
338 0.019714 0.0176813
339 0.00993059 0.00684803
340 -0.00328976 -0.00688863
341 -0.0175754 -0.0210116
342 -0.030156 -0.0327311
343 -0.0383802 -0.0395081
344 -0.0402216 -0.0395417
345 -0.0346793 -0.0321315
346 -0.0220004 -0.0178479
347 -0.00368757 0.00151491
348 0.0177053 0.0231924
349 0.0389521 0.0438636
350 0.0566415 0.0601525
351 0.0676918 0.0691372
352 0.0698137 0.0687868
353 0.0618523 0.0582665
354 0.043966 0.0380704
355 0.0176221 0.00997277
356 -0.0145782 -0.0231849
357 -0.0492122 -0.0578346
358 -0.0824374 -0.0900966
359 -0.110424 -0.116211
360 -0.129765 -0.132934
361 -0.137815 -0.137852
362 -0.132924 -0.12959
363 -0.114557 -0.107892
364 -0.0832818 -0.073593
365 -0.0406633 -0.0284764
366 0.010939 0.0249357
367 0.0686184 0.0836427
368 0.129196 0.14444
369 0.189485 0.204179
370 0.246531 0.259994
371 0.297794 0.309472
372 0.341284 0.350774
373 0.375626 0.382684
374 0.400078 0.404613
375 0.41449 0.416552
376 0.419236 0.41899
377 0.415113 0.412812
378 0.403232 0.399189
379 0.384903 0.379467
380 0.361532 0.355057
381 0.334526 0.327356
382 0.30522 0.29767
383 0.274818 0.267165
384 0.24436 0.236836
385 0.214701 0.207489
386 0.186504 0.179741
387 0.160251 0.15403
388 0.136256 0.130632
389 0.114689 0.109684
390 0.0955975 0.0912085
391 0.078935 0.0751375
392 0.0645828 0.0613383
393 0.0523725 0.0496334
394 0.0421052 0.0398188
395 0.033567 0.0316789
396 0.0265416 0.0249983
397 0.0208191 0.0195701
398 0.0162031 0.0152019
399 0.0125144 0.0117192
400 0.00959338 0.00896723
401 0.00730037 0.0068116
402 0.0055156 0.00513725
403 0.00413785 0.00384735
404 0.0030828 0.00286152
405 0.00228118 0.00211391
406 0.00167676 0.00155124
407 0.0012244 0.00113091
408 0.000888299 0.000819175
409 0.000640358 0.000589616
410 0.000458731 0.000421736
411 0.000326597 0.000299797
412 0.000231112 0.000211823
413 0.000162562 0.000148774
414 0.000113663 0.000103878
415 7.90069e-05 7.2107e-05
416 5.46032e-05 4.97617e-05
417 3.7526e-05 3.41446e-05
418 2.56449e-05 2.32998e-05
419 1.74252e-05 1.58141e-05
420 1.17727e-05 1.06745e-05
421 7.9116e-06 7.16365e-06
422 5.29097e-06 4.78008e-06
423 3.52057e-06 3.17387e-06
424 2.32849e-06 2.09862e-06
425 1.52999e-06 1.38094e-06
426 1.00032e-06 9.02319e-07
427 6.52614e-07 5.85006e-07
428 4.24753e-07 3.77835e-07
429 2.7409e-07 2.44522e-07
430 1.74343e-07 1.58168e-07
431 1.10129e-07 1.0074e-07
432 7.05455e-08 6.25349e-08
433 4.60189e-08 3.87063e-08
434 2.93453e-08 2.5064e-08
435 1.73651e-08 1.68421e-08
436 9.8391e-09 1.05621e-08
437 6.38627e-09 5.55818e-09
438 4.99533e-09 2.74679e-09
439 3.47274e-09 2.14272e-09
440 1.4382e-09 2.19644e-09
441 9.68353e-11 1.4732e-09
442 1.93669e-10 1.86986e-10
443 8.91838e-10 -4.35438e-10
444 8.83919e-10 3.62362e-11
445 4.86444e-11 6.8723e-10
446 -5.67148e-10 5.40024e-10
447 -2.63122e-10 -1.94503e-10
448 4.1808e-10 -5.33739e-10
449 5.17227e-10 -1.00804e-10
450 -4.8891e-11 4.37354e-10
451 -4.73944e-10 3.52248e-10
452 -2.19179e-10 -1.81186e-10
453 3.01627e-10 -4.11508e-10
454 3.68021e-10 -6.79423e-11
455 -5.99137e-11 3.29296e-10
456 -3.59731e-10 2.44268e-10
457 -1.45817e-10 -1.57357e-10
458 2.39726e-10 -3.03364e-10
459 2.61275e-10 -2.55603e-11
460 -7.06604e-11 2.55969e-10
461 -2.7055e-10 1.60847e-10
462 -8.28126e-11 -1.41358e-10
463 1.96282e-10 -2.1834e-10
464 1.7805e-10 1.00902e-11
465 -8.04236e-11 1.99483e-10
466 -2.00583e-10 9.53615e-11
467 -3.3194e-11 -1.2784e-10
468 1.61162e-10 -1.50834e-10
469 1.12604e-10 3.62842e-11
470 -8.56447e-11 1.52652e-10
471 -1.4374e-10 4.50794e-11
472 3.47325e-12 -1.13074e-10
473 1.29588e-10 -9.6655e-11
474 6.16085e-11 5.25379e-11
475 -8.46998e-11 1.11909e-10
476 -9.65357e-11 8.1586e-12
477 2.80799e-11 -9.5566e-11
478 9.9521e-11 -5.35127e-11
479 2.30995e-11 5.92788e-11
480 -7.74411e-11 7.59115e-11
481 -5.74576e-11 -1.67237e-11
482 4.16867e-11 -7.54072e-11
483 7.0712e-11 -2.04066e-11
484 -4.06306e-12 5.75988e-11
485 -6.4789e-11 4.47347e-11
486 -2.62237e-11 -3.07401e-11
487 4.56443e-11 -5.37875e-11
488 4.40584e-11 3.04226e-12
489 -2.07396e-11 4.92187e-11
490 -4.84835e-11 1.92198e-11
491 -3.1023e-12 -3.52886e-11
492 4.17665e-11 -3.25964e-11
493 2.10612e-11 1.71875e-11
494 -2.79988e-11 3.6441e-11
495 -3.083e-11 3.60951e-13
496 1.16975e-11 -3.227e-11
497 3.24083e-11 -1.39797e-11
498 3.27842e-12 2.28422e-11
499 -2.74635e-11 2.19625e-11
500 -1.43412e-11 -1.12389e-11
501 1.85175e-11 -2.4158e-11
502 2.03477e-11 1.57821e-13
503 -8.20657e-12 2.15619e-11
504 -2.14169e-11 8.50916e-12
505 -1.26824e-12 -1.58018e-11
506 1.85554e-11 -1.38121e-11
507 8.43857e-12 8.65265e-12
508 -1.32157e-11 1.56542e-11
509 -1.26332e-11 -1.66683e-12
510 6.9038e-12 -1.45696e-11
511 1.38764e-11 -4.04179e-12
512 -8.95061e-13 1.1447e-11
513 -1.26858e-11 7.86673e-12
514 -3.92284e-12 -7.27869e-12
515 9.84358e-12 -9.67152e-12
516 7.09285e-12 2.96234e-12
517 -6.18931e-12 9.67623e-12
518 -8.53877e-12 8.22071e-13
519 2.46495e-12 -8.32195e-12
520 8.47164e-12 -3.65459e-12
521 7.73783e-13 6.13579e-12
522 -7.27275e-12 5.37018e-12
523 -3.19124e-12 -3.62546e-12
524 5.38572e-12 -6.00905e-12
525 4.66085e-12 1.20967e-12
526 -3.23349e-12 5.75182e-12
527 -5.22188e-12 8.1906e-13
528 1.16216e-12 -4.853e-12
529 5.02717e-12 -2.29949e-12
530 5.87281e-13 3.58394e-12
531 -4.28772e-12 3.18459e-12
532 -1.87992e-12 -2.19011e-12
533 3.22869e-12 -3.51723e-12
534 2.67606e-12 8.66133e-13
535 -2.05238e-12 3.39565e-12
536 -3.00655e-12 2.5536e-13
537 9.21297e-13 -2.94737e-12
538 2.95221e-12 -1.09978e-12
539 5.10347e-14 2.30226e-12
540 -2.61373e-12 1.64654e-12
541 -8.00673e-13 -1.57724e-12
542 2.09825e-12 -1.91413e-12
543 1.30682e-12 8.67275e-13
544 -1.503e-12 1.94496e-12
545 -1.57975e-12 -2.37721e-13
546 9.05237e-13 -1.79672e-12
547 1.65209e-12 -2.71648e-13
548 -3.63348e-13 1.52822e-12
549 -1.56754e-12 6.43358e-13
550 -8.63779e-14 -1.19337e-12
551 1.37346e-12 -8.79839e-13
552 4.28713e-13 8.39698e-13
553 -1.11476e-12 9.93948e-13
554 -6.60601e-13 -5.01773e-13
555 8.30093e-13 -1.0076e-12
556 7.90347e-13 2.03208e-13
557 -5.48522e-13 9.46322e-13
558 -8.34648e-13 4.20805e-14
559 2.92565e-13 -8.32883e-13
560 8.11105e-13 -2.29353e-13
561 -7.46551e-14 6.90316e-13
562 -7.39579e-13 3.5892e-13
563 -9.85535e-14 -5.35298e-13
564 6.37224e-13 -4.36198e-13
565 2.2592e-13 3.83101e-13
566 -5.19104e-13 4.69557e-13
567 -3.10691e-13 -2.42925e-13
568 3.97712e-13 -4.68494e-13
569 3.58448e-13 1.20933e-13
570 -2.81384e-13 4.42042e-13
571 -3.76073e-13 -2.07574e-14
572 1.77117e-13 -3.97283e-13
573 3.68646e-13 -5.79099e-14
574 -8.71088e-14 3.43216e-13
575 -3.45239e-13 1.15343e-13
576 1.37146e-14 -2.8438e-13
577 3.09896e-13 -1.54206e-13
578 4.32269e-14 2.26791e-13
579 -2.68695e-13 1.76279e-13
580 -8.43244e-14 -1.7101e-13
581 2.24911e-13 -1.86636e-13
582 1.13304e-13 1.21982e-13
583 -1.81845e-13 1.85994e-13
584 -1.30395e-13 -7.92905e-14
585 1.4157e-13 -1.77772e-13
586 1.37884e-13 4.34306e-14
587 -1.04784e-13 1.6478e-13
588 -1.38386e-13 -1.3802e-14
589 7.28382e-14 -1.49179e-13
590 1.34158e-13 -8.59263e-15
591 -4.63642e-14 1.31329e-13
592 -1.25827e-13 2.57009e-14
593 2.39689e-14 -1.13779e-13
594 1.15124e-13 -3.77986e-14
595 -6.29075e-15 9.65854e-14
596 -1.03702e-13 4.56519e-14
597 -7.21167e-15 -8.05631e-14
598 9.11122e-14 -5.04114e-14
599 1.73613e-14 6.58694e-14
600 -7.95969e-14 5.2085e-14
601 -2.42425e-14 -5.29613e-14
602 6.8146e-14 -5.26095e-14
603 2.8832e-14 4.14911e-14
604 -5.78686e-14 5.09989e-14
605 -3.16843e-14 -3.22114e-14
606 4.82e-14 -4.85688e-14
607 3.25292e-14 2.40261e-14
608 -3.99411e-14 4.56209e-14
609 -3.2978e-14 -1.73917e-14
610 3.26556e-14 -4.21176e-14
611 3.21192e-14 1.20663e-14
612 -2.65233e-14 3.8433e-14
613 -3.0759e-14 -8.2616e-15
614 2.15973e-14 -3.48153e-14
615 2.89129e-14 4.80619e-15
616 -1.70437e-14 3.11245e-14
617 -2.73247e-14 -2.422e-15
618 1.37677e-14 -2.76419e-14
619 2.47117e-14 -3.5212e-16
620 -1.05518e-14 2.49253e-14
621 -2.25891e-14 1.30027e-15
622 8.30907e-15 -2.20408e-14
623 2.05753e-14 -2.47526e-15
624 -5.99026e-15 2.02454e-14
625 -1.86002e-14 2.88849e-15
626 5.10786e-15 -1.75675e-14
627 1.67924e-14 -3.39826e-15
628 -3.37668e-15 1.54262e-14
629 -1.55017e-14 2.94947e-15
630 3.11961e-15 -1.36529e-14
631 1.33838e-14 -3.00204e-15
632 -2.13903e-15 1.12704e-14
633 -1.18482e-14 3.42657e-15
634 1.65195e-15 -1.06998e-14
635 1.08286e-14 -2.6459e-15
636 -1.31949e-15 9.45141e-15
637 -9.57297e-15 2.83341e-15
638 1.0493e-15 -8.3798e-15
639 8.55032e-15 -2.66683e-15
640 -7.64656e-16 7.42461e-15
641 -7.68756e-15 2.20714e-15
642 1.01856e-15 -6.49754e-15
643 6.63554e-15 -2.21197e-15
644 -8.40262e-16 6.12499e-15
645 -6.35697e-15 1.33825e-15
646 1.02909e-15 -5.25083e-15
647 5.60491e-15 -1.26112e-15
648 -8.1448e-16 4.7033e-15
649 -4.56569e-15 1.18955e-15
650 7.76579e-16 -4.0168e-15
651 4.1777e-15 -1.13691e-15
652 -8.17209e-16 3.7257e-15
653 -4.02093e-15 9.25123e-16
654 8.84729e-16 -3.80833e-15
655 3.33554e-15 -3.80599e-16
656 -8.05922e-16 3.02131e-15
657 -3.08424e-15 1.42006e-16
658 1.07448e-15 -2.63008e-15
659 2.23106e-15 -2.01409e-16
660 -8.01597e-16 2.41411e-15
661 -2.09409e-15 1.58497e-16
662 1.03986e-15 -2.14639e-15
663 1.86603e-15 -2.58565e-16
664 -1.06318e-15 2.35739e-15
665 -1.75502e-15 -4.57816e-16
666 1.03949e-15 -1.75759e-15
667 1.37832e-15 2.36039e-16
668 -1.08353e-15 1.30682e-15
669 -1.27449e-15 -5.74226e-16
670 1.22364e-15 -1.06112e-15
671 6.44758e-16 3.29064e-16
672 -8.75458e-16 1.36969e-15
673 -8.85651e-16 -2.74536e-16
674 5.36659e-16 -1.1919e-15
675 8.88478e-16 5.01575e-16
676 -1.10314e-15 9.57868e-16
677 -5.60802e-16 -6.51919e-16
678 9.92136e-16 -4.92895e-16
679 3.94819e-16 7.60411e-16
680 -1.09267e-15 6.54661e-16
681 1.13475e-16 -7.94539e-16
682 5.29374e-16 -4.01558e-16
683 4.58105e-16 6.56403e-16
684 -6.64391e-16 2.24725e-16
685 5.70181e-17 -5.51954e-16
686 5.86875e-16 -1.93075e-16
687 -8.96079e-17 3.93427e-16
688 -5.86337e-16 4.64906e-16
689 -3.79704e-17 -7.82253e-16
690 6.96446e-16 -2.04495e-17
691 -1.7739e-17 5.39694e-16
692 -6.93856e-16 -9.94567e-17
693 2.6519e-16 -3.17482e-16
694 3.49532e-16 -1.15143e-16
695 7.70156e-18 8.53933e-16
696 -5.56765e-16 -1.01869e-16
697 3.60518e-16 -5.47101e-16
698 4.10467e-16 1.4826e-16
699 -1.41209e-16 2.73503e-16
700 -9.23365e-17 -5.10688e-17
701 1.9959e-16 -4.0106e-17
702 7.18271e-18 -5.06397e-18
703 -8.29005e-17 -1.1649e-16
704 1.5927e-16 -1.4873e-16
705 1.40062e-16 -3.40102e-16
706 -1.48059e-16 4.38543e-17
707 -1.49154e-16 4.26515e-16
708 -1.93445e-16 -4.85919e-16
709 2.90346e-16 1.44165e-16
710 -2.07155e-16 1.02556e-18
711 -2.13463e-17 1.53535e-16
712 6.09701e-17 -5.60891e-17
713 -3.19661e-17 -2.17959e-16
714 -1.49749e-16 2.03497e-16
715 -1.91223e-16 -3.21555e-16
716 4.99298e-17 -3.35175e-16
717 4.22182e-17 4.88184e-16
718 -8.12481e-17 1.87993e-16
719 -1.49404e-16 -5.2609e-16
720 4.77235e-16 2.12263e-17
721 -1.42061e-16 2.0081e-16
722 -4.46611e-17 1.08404e-16
723 1.19616e-16 -1.6032e-16
724 -5.95098e-17 6.32615e-17
725 -1.25329e-16 6.95885e-17
726 2.00573e-16 -1.85211e-16
727 4.16222e-17 -8.78188e-18
728 -1.73557e-16 1.26362e-16
729 -9.54882e-17 -1.10174e-16
730 2.59655e-16 5.33001e-17
731 -9.30499e-17 3.0002e-16
732 2.14555e-16 1.27257e-16
733 -1.86293e-16 -1.52203e-16
734 -6.38717e-17 1.85845e-17
735 1.95945e-16 3.08281e-16
736 -3.50004e-16 -2.64236e-16
737 4.44484e-17 2.21942e-16
738 -1.61398e-16 -1.07316e-16
739 1.35407e-16 -1.34409e-16
740 -5.0937e-17 2.37972e-16
741 -4.56618e-17 5.83096e-17
742 -3.99491e-16 -1.83036e-16
743 2.60392e-16 1.6598e-16
744 -2.73767e-16 1.4994e-16
745 -6.46885e-17 -3.23223e-16
746 1.00036e-16 4.96591e-17
747 1.56796e-16 3.47366e-17
748 3.02347e-17 -1.53388e-16
749 3.78909e-17 1.01071e-16
750 1.48873e-16 1.27204e-16
751 2.44873e-16 1.23659e-16
752 -2.21577e-16 3.8437e-19
753 9.07772e-17 1.14313e-16
754 6.57397e-17 -3.32949e-17
755 -5.51387e-16 -1.17855e-16
756 1.65316e-16 2.72128e-16
757 -7.14979e-18 4.5967e-18
758 -3.2513e-16 -4.0746e-16
759 -2.12009e-16 2.37199e-16
760 2.16621e-16 -1.19578e-16
761 9.85947e-17 -7.53643e-17
762 -5.83739e-17 9.17773e-17
763 -3.9169e-16 -4.04502e-16
764 2.80731e-16 2.59702e-16
765 -8.45527e-17 2.87631e-16
766 -1.06686e-16 -1.39475e-16
767 1.64625e-17 9.7837e-18
768 -1.35124e-16 4.87336e-17
769 -2.17108e-16 1.8797e-16
770 7.37872e-17 -7.20297e-17
771 -1.00151e-16 -1.17626e-16
772 -1.14865e-16 -9.55081e-17
773 1.76943e-16 3.96712e-17
774 6.79473e-17 2.69546e-17
775 -1.87256e-16 1.09722e-16
776 1.58978e-16 -7.49994e-17
777 -1.09588e-16 -1.14699e-16
778 -2.90679e-16 8.66984e-17
779 2.11798e-16 2.60115e-16
780 -5.63536e-17 -9.8797e-18
781 1.01622e-16 6.53213e-18
782 1.33171e-16 6.80272e-17
783 -1.55083e-16 3.90291e-17
784 4.42305e-16 3.27449e-16
785 -2.59365e-16 -2.17039e-16
786 -1.20125e-16 -1.83952e-16
787 3.42487e-17 -2.98279e-17
788 2.01731e-16 3.70286e-16
789 -3.36768e-16 -2.85681e-16
790 2.04139e-16 3.97525e-16
791 3.48012e-16 1.43155e-16
792 -1.49572e-17 -3.82599e-16
793 1.18112e-16 -2.06623e-16
794 2.51112e-17 -8.69372e-17
795 1.20387e-16 3.63335e-16
796 -1.47155e-16 -2.53441e-16
797 6.56671e-17 -9.40133e-18
798 -6.06908e-17 1.32552e-16
799 4.41882e-16 4.50469e-16
800 -4.07236e-16 -4.29379e-16
801 -3.29365e-16 -7.69285e-18
802 1.97078e-16 8.29719e-17
803 4.65641e-16 9.09945e-18
804 -1.30579e-16 -9.10404e-17
805 -3.95595e-17 -5.00059e-17
806 1.20193e-16 2.50075e-16
807 4.64402e-18 -2.95079e-16
808 -3.39401e-16 -5.24617e-16
809 -2.36536e-16 -1.47437e-16
810 5.37316e-16 3.68479e-16
811 -6.63258e-17 -8.89965e-17
812 -6.58112e-16 -5.63268e-16
813 2.31018e-16 4.54605e-16
814 3.86504e-16 4.0088e-16
815 -3.32253e-16 -9.10221e-17
816 -9.30369e-16 -2.74271e-16
817 -1.24787e-16 4.53805e-17
818 6.90737e-16 9.13488e-16
819 -2.38836e-16 -7.52342e-16
820 -5.54575e-16 -5.41663e-16
821 1.1735e-16 9.41077e-16
822 8.53633e-16 5.27115e-16
823 -3.61102e-16 -1.03561e-15
824 -9.7029e-16 -5.98805e-16
825 6.24705e-16 1.18689e-15
826 8.76438e-16 4.9991e-16
827 -9.3542e-16 -1.1959e-15
828 -9.228e-16 -5.86479e-16
829 1.1599e-15 1.21626e-15
830 9.65988e-16 6.52681e-16
831 -9.1374e-16 -1.34805e-15
832 -1.22383e-15 -3.6453e-16
833 1.68286e-15 1.90949e-15
834 1.09634e-15 1.78436e-16
835 -1.72901e-15 -1.77278e-15
836 -1.07135e-15 -8.10068e-17
837 1.89459e-15 2.14156e-15
838 1.21746e-15 5.0999e-17
839 -2.30979e-15 -2.62423e-15
840 -7.58904e-16 2.45418e-17
841 2.48185e-15 3.16519e-15
842 1.10743e-15 -3.49568e-17
843 -3.06712e-15 -3.18893e-15
844 -8.2594e-16 5.04348e-16
845 3.33226e-15 3.35949e-15
846 1.18151e-15 -5.93066e-16
847 -3.66782e-15 -3.90861e-15
848 -9.25346e-16 8.37591e-16
849 4.33796e-15 4.86149e-15
850 6.5071e-16 -1.30473e-15
851 -4.89655e-15 -5.02696e-15
852 -7.81133e-16 1.34524e-15
853 5.38323e-15 5.36008e-15
854 6.78048e-16 -1.90943e-15
855 -5.99099e-15 -6.05478e-15
856 -9.04638e-16 1.43824e-15
857 7.1246e-15 6.79314e-15
858 1.0695e-15 -2.39814e-15
859 -7.87859e-15 -7.53011e-15
860 -1.13546e-15 2.52745e-15
861 8.59034e-15 8.65616e-15
862 1.02272e-15 -2.77351e-15
863 -9.74647e-15 -9.67166e-15
864 -1.21657e-15 3.42956e-15
865 1.06829e-14 1.08506e-14
866 1.80077e-15 -3.31288e-15
867 -1.19331e-14 -1.20439e-14
868 -2.35138e-15 3.2949e-15
869 1.37663e-14 1.33986e-14
870 2.90803e-15 -3.26028e-15
871 -1.49371e-14 -1.53149e-14
872 -3.58107e-15 3.16069e-15
873 1.67999e-14 1.74341e-14
874 4.94265e-15 -2.75104e-15
875 -1.87939e-14 -1.97382e-14
876 -6.11524e-15 2.13831e-15
877 2.0701e-14 2.22663e-14
878 8.06193e-15 -1.39831e-15
879 -2.27044e-14 -2.47899e-14
880 -1.05394e-14 -1.64884e-16
881 2.45738e-14 2.77968e-14
882 1.35746e-14 2.22793e-15
883 -2.70584e-14 -3.11716e-14
884 -1.72396e-14 -4.28188e-15
885 2.88651e-14 3.44994e-14
886 2.16024e-14 7.84497e-15
887 -3.06096e-14 -3.85094e-14
888 -2.6677e-14 -1.2312e-14
889 3.19508e-14 4.2091e-14
890 3.28192e-14 1.73471e-14
891 -3.28386e-14 -4.54893e-14
892 -4.02584e-14 -2.43408e-14
893 3.29066e-14 4.81398e-14
894 4.83327e-14 3.23763e-14
895 -3.16572e-14 -5.10285e-14
896 -5.79204e-14 -4.17079e-14
897 2.88983e-14 5.23564e-14
898 6.84753e-14 5.30276e-14
899 -2.4284e-14 -5.22484e-14
900 -7.96829e-14 -6.62469e-14
901 1.71658e-14 5.03879e-14
902 9.15981e-14 8.04394e-14
903 -6.94608e-15 -4.5582e-14
904 -1.03773e-13 -9.65801e-14
905 -6.25262e-15 3.75431e-14
906 1.1529e-13 1.13951e-13
907 2.39895e-14 -2.5696e-14
908 -1.25792e-13 -1.31831e-13
909 -4.64047e-14 8.62242e-15
910 1.33972e-13 1.49405e-13
911 7.29005e-14 1.41908e-14
912 -1.38342e-13 -1.64781e-13
913 -1.05263e-13 -4.31409e-14
914 1.38137e-13 1.78126e-13
915 1.41329e-13 7.90159e-14
916 -1.30424e-13 -1.85839e-13
917 -1.82036e-13 -1.2222e-13
918 1.1344e-13 1.86435e-13
919 2.24654e-13 1.71597e-13
920 -8.48851e-14 -1.76553e-13
921 -2.68505e-13 -2.26488e-13
922 4.27074e-14 1.53745e-13
923 3.10089e-13 2.84807e-13
924 1.41423e-14 -1.15185e-13
925 -3.45189e-13 -3.43563e-13
926 -8.75199e-14 5.77168e-14
927 3.69108e-13 3.97611e-13
928 1.77123e-13 2.07548e-14
929 -3.7602e-13 -4.4195e-13
930 -2.81176e-13 -1.20754e-13
931 3.58834e-13 4.68683e-13
932 3.97307e-13 2.4238e-13
933 -3.10607e-13 -4.70026e-13
934 -5.18891e-13 -3.83159e-13
935 2.26085e-13 4.36474e-13
936 6.3702e-13 5.35192e-13
937 -9.83454e-14 -3.58789e-13
938 -7.39549e-13 -6.89853e-13
939 -7.45463e-14 2.29344e-13
940 8.10949e-13 8.3294e-13
941 2.92372e-13 -4.24146e-14
942 -8.34551e-13 -9.46206e-13
943 -5.48626e-13 -2.03458e-13
944 7.90709e-13 1.00817e-12
945 8.29712e-13 5.01325e-13
946 -6.60423e-13 -9.93791e-13
947 -1.11465e-12 -8.39632e-13
948 4.28468e-13 8.79391e-13
949 1.37324e-12 1.19369e-12
950 -8.66359e-14 -6.43458e-13
951 -1.56778e-12 -1.52802e-12
952 -3.63579e-13 2.71605e-13
953 1.65201e-12 1.79694e-12
954 9.0532e-13 2.37631e-13
955 -1.57976e-12 -1.94547e-12
956 -1.5026e-12 -8.67226e-13
957 1.30683e-12 1.91416e-12
958 2.0982e-12 1.5771e-12
959 -8.0046e-13 -1.64649e-12
960 -2.61375e-12 -2.302e-12
961 5.06953e-14 1.09936e-12
962 2.95181e-12 2.9471e-12
963 9.21535e-13 -2.55048e-13
964 -3.00653e-12 -3.39582e-12
965 -2.05215e-12 -8.65492e-13
966 2.67558e-12 3.51707e-12
967 3.2283e-12 2.18973e-12
968 -1.87975e-12 -3.1845e-12
969 -4.28824e-12 -3.58424e-12
970 5.87254e-13 2.2994e-12
971 5.02725e-12 4.85308e-12
972 1.16168e-12 -8.19285e-13
973 -5.22235e-12 -5.75215e-12
974 -3.23346e-12 -1.20972e-12
975 4.6608e-12 6.00939e-12
976 5.38551e-12 3.62558e-12
977 -3.19106e-12 -5.37018e-12
978 -7.27254e-12 -6.1357e-12
979 7.73413e-13 3.65458e-12
980 8.47159e-12 8.32209e-12
981 2.46487e-12 -8.22047e-13
982 -8.53876e-12 -9.67635e-12
983 -6.18937e-12 -2.96248e-12
984 7.0929e-12 9.67148e-12
985 9.84403e-12 7.27916e-12
986 -3.92319e-12 -7.86687e-12
987 -1.26861e-11 -1.14472e-11
988 -8.95253e-13 4.04167e-12
989 1.38762e-11 1.45693e-11
990 6.90392e-12 1.66628e-12
991 -1.26333e-11 -1.56544e-11
992 -1.32155e-11 -8.6526e-12
993 8.43869e-12 1.3812e-11
994 1.85556e-11 1.58019e-11
995 -1.26842e-12 -8.50896e-12
996 -2.1417e-11 -2.15622e-11
997 -8.20636e-12 -1.57817e-13
998 2.03474e-11 2.41582e-11
999 1.85174e-11 1.12387e-11
