0 6.86889e-42 -2.78157e-41
1 4.18074e-41 -1.67289e-40
2 2.50772e-40 -9.91514e-40
3 1.48234e-39 -5.79116e-39
4 8.63459e-39 -3.33313e-38
5 4.95618e-38 -1.89035e-37
6 2.80314e-37 -1.05637e-36
7 1.56213e-36 -5.81641e-36
8 8.57725e-36 -3.15531e-35
9 4.63997e-35 -1.68639e-34
10 2.47286e-34 -8.87935e-34
11 1.29832e-33 -4.60566e-33
12 6.71494e-33 -2.35325e-32
13 3.42103e-32 -1.18437e-31
14 1.71674e-31 -5.8712e-31
15 8.48518e-31 -2.86658e-30
16 4.13052e-30 -1.3784e-29
17 1.9802e-29 -6.5273e-29
18 9.3487e-29 -3.04379e-28
19 4.34614e-28 -1.39763e-27
20 1.98949e-27 -6.31886e-27
21 8.96675e-27 -2.81271e-26
22 3.97885e-26 -1.23261e-25
23 1.73812e-25 -5.31748e-25
24 7.47433e-25 -2.25808e-24
25 3.16376e-24 -9.43826e-24
26 1.31808e-23 -3.88269e-23
27 5.40448e-23 -1.57191e-22
28 2.18076e-22 -6.26246e-22
29 8.65901e-22 -2.45497e-21
30 3.38298e-21 -9.46881e-21
31 1.30036e-20 -3.59299e-20
32 4.91731e-20 -1.34119e-19
33 1.82914e-19 -4.92442e-19
34 6.69244e-19 -1.77833e-18
35 2.40824e-18 -6.3157e-18
36 8.52212e-18 -2.20565e-17
37 2.96542e-17 -7.57379e-17
38 1.01454e-16 -2.55685e-16
39 3.41236e-16 -8.4853e-16
40 1.12821e-15 -2.76788e-15
41 3.66629e-15 -8.87356e-15
42 1.17089e-14 -2.79554e-14
43 3.67454e-14 -8.65359e-14
44 1.13302e-13 -2.63169e-13
45 3.43208e-13 -7.86187e-13
46 1.0212e-12 -2.30679e-12
47 2.98425e-12 -6.64695e-12
48 8.56389e-12 -1.88064e-11
49 2.41298e-11 -5.22385e-11
50 6.6745e-11 -1.42434e-10
51 1.81216e-10 -3.81154e-10
52 4.82857e-10 -1.00088e-09
53 1.26244e-09 -2.57861e-09
54 3.23817e-09 -6.51676e-09
55 8.14716e-09 -1.61525e-08
56 2.01025e-08 -3.9258e-08
57 4.86346e-08 -9.35425e-08
58 1.15347e-07 -2.18471e-07
59 2.6813e-07 -5.00023e-07
60 6.10754e-07 -1.12124e-06
61 1.36292e-06 -2.46277e-06
62 2.97891e-06 -5.29732e-06
63 6.37559e-06 -1.11555e-05
64 1.33583e-05 -2.29936e-05
65 2.73924e-05 -4.63758e-05
66 5.49594e-05 -9.14994e-05
67 0.00010786 -0.000176546
68 0.00020699 -0.000333022
69 0.000388306 -0.000613933
70 0.000711853 -0.00110574
71 0.00127481 -0.00194495
72 0.00222935 -0.00333982
73 0.0038056 -0.00559656
74 0.0063387 -0.00914782
75 0.0102973 -0.0145786
76 0.0163076 -0.0226418
77 0.0251649 -0.0342513
78 0.037819 -0.050441
79 0.0553219 -0.0722733
80 0.078723 -0.100691
81 0.108906 -0.136313
82 0.146369 -0.179185
83 0.190979 -0.228536
84 0.24172 -0.282572
85 0.296527 -0.338402
86 0.352237 -0.392131
87 0.404745 -0.439188
88 0.449385 -0.474858
89 0.481513 -0.494982
90 0.49722 -0.496672
91 0.494045 -0.478925
92 0.471519 -0.442932
93 0.431393 -0.392016
94 0.377468 -0.331155
95 0.315016 -0.266173
96 0.24993 -0.202799
97 0.187766 -0.145782
98 0.132918 -0.0982846
99 0.0880945 -0.0616545
100 0.0542006 -0.0355898
101 0.0305833 -0.0185921
102 0.0155348 -0.00854845
103 0.00687891 -0.00327361
104 0.00248225 -0.00089742
105 0.000591614 -5.00633e-05
106 -2.96733e-05 0.000129222
107 -0.000128078 9.4904e-05
108 -7.85457e-05 3.653e-05
109 -2.57691e-05 4.62319e-06
110 -9.24544e-07 -4.15916e-06
111 4.3055e-06 -3.20932e-06
112 2.5603e-06 -9.28202e-07
113 5.35071e-07 1.40972e-07
114 -2.20809e-07 2.48078e-07
115 -2.09416e-07 8.76137e-08
116 -5.27801e-08 -9.985e-09
117 1.80598e-08 -2.14042e-08
118 1.77795e-08 -6.44548e-09
119 3.30655e-09 1.87289e-09
120 -2.33227e-09 1.94241e-09
121 -1.45786e-09 2.55705e-10
122 3.46357e-12 -3.15435e-10
123 2.95712e-10 -1.40939e-10
124 8.0791e-11 2.7789e-11
125 -3.98504e-11 3.55985e-11
126 -2.58587e-11 2.02773e-12
127 2.73443e-12 -6.98193e-12
128 5.87856e-12 -1.65695e-12
129 4.3537e-13 1.20136e-12
130 -1.16271e-12 5.12385e-13
131 -2.43328e-13 -1.93712e-13
132 2.18031e-13 -1.27294e-13
133 7.15948e-14 3.113e-14
134 -4.11414e-14 2.92256e-14
135 -1.73346e-14 -5.65708e-15
136 8.34248e-15 -6.27675e-15
137 3.80902e-15 1.24662e-15
138 -1.65847e-15 1.50568e-15
139 -8.28533e-16 -2.63739e-16
140 3.04854e-16 -3.82744e-16
141 2.99709e-16 1.92081e-16
142 -2.69002e-16 -4.16876e-17
143 -3.11216e-17 6.80848e-18
144 -1.92476e-17 -1.07647e-16
145 4.64533e-17 3.34576e-17
146 -1.8837e-16 -2.89756e-17
147 2.17177e-17 -2.35101e-17
148 3.1742e-17 -8.3277e-17
149 8.83256e-17 -7.33536e-17
150 -4.43875e-17 8.71263e-18
151 1.8559e-17 8.93532e-19
152 -2.78555e-17 -9.07374e-17
153 -4.77376e-17 -7.61853e-17
154 7.37286e-17 8.74649e-18
155 2.62328e-17 1.27245e-16
156 -1.53375e-16 -1.22655e-16
157 -1.91942e-17 -2.24072e-17
158 -6.46742e-17 1.5105e-16
159 -1.63629e-16 4.69281e-17
160 -7.35836e-17 -1.40443e-16
161 3.11205e-17 4.63046e-17
162 2.72565e-17 1.04992e-16
163 -3.59921e-17 -9.64581e-17
164 -6.84706e-17 2.0854e-16
165 -9.67133e-17 -1.19361e-16
166 8.90856e-17 6.95991e-17
167 -8.05631e-17 -5.47999e-17
168 -1.72951e-17 -3.97078e-18
169 -3.31876e-17 -5.17803e-17
170 -9.80812e-17 -9.53816e-17
171 -2.71842e-17 9.57826e-17
172 2.7762e-17 -4.11957e-17
173 -5.07908e-17 5.28901e-17
174 7.86594e-17 1.74336e-17
175 -2.21243e-17 2.04257e-16
176 -8.30977e-17 -2.81049e-16
177 9.36639e-17 6.63831e-17
178 -6.19078e-17 -1.29776e-16
179 1.13407e-17 6.15722e-17
180 -9.74767e-17 -5.01728e-17
181 6.92784e-17 6.47706e-18
182 -7.46337e-17 -1.85222e-17
183 -2.46e-17 8.24671e-17
184 3.88095e-17 1.29381e-17
185 2.509e-17 -7.80095e-17
186 1.43961e-16 1.10761e-16
187 -1.20356e-16 -1.52976e-16
188 8.40598e-17 1.35487e-17
189 -6.89011e-17 -2.51283e-17
190 -3.15883e-17 5.03032e-17
191 7.92276e-19 6.50014e-17
192 -8.42967e-17 -7.81167e-17
193 1.20848e-17 -3.05681e-17
194 -1.0147e-16 -1.19592e-17
195 -1.72278e-16 -5.40112e-17
196 -6.9825e-17 5.64485e-17
197 4.80139e-17 -7.21751e-17
198 -7.99932e-17 -3.99163e-17
199 9.24535e-17 -2.43811e-17
200 -1.19096e-16 8.28201e-17
201 6.82265e-17 1.21799e-16
202 8.47591e-17 -4.10952e-17
203 8.09763e-17 -6.08484e-17
204 2.42849e-17 4.48665e-17
205 -4.03257e-18 9.17787e-17
206 -7.03643e-17 -4.41709e-17
207 1.32332e-16 5.3084e-17
208 -7.79345e-17 -6.95068e-18
209 2.27e-17 5.34917e-17
210 -3.60781e-17 -2.59605e-17
211 2.70605e-17 -1.12674e-16
212 5.36606e-18 -5.21205e-17
213 6.47804e-17 2.03105e-18
214 7.86832e-17 1.01315e-16
215 -4.89884e-17 -9.89348e-17
216 6.75937e-17 6.59602e-17
217 -7.715e-18 1.38611e-17
218 4.63989e-17 4.80521e-17
219 1.73906e-16 7.95057e-17
220 -2.82374e-17 3.7683e-17
221 4.38894e-18 8.3378e-17
222 -9.48355e-17 -4.52102e-17
223 6.82584e-17 1.32398e-17
224 -5.74318e-17 7.05086e-17
225 -1.1573e-16 6.53378e-17
226 -8.1002e-17 -1.06989e-16
227 1.45081e-16 -1.6971e-17
228 -2.07337e-17 -2.52682e-17
229 -5.71179e-17 -3.09579e-17
230 -4.01931e-17 -1.5175e-17
231 -1.5379e-16 -6.48243e-18
232 -4.66375e-17 -8.3204e-17
233 5.05958e-17 1.79726e-16
234 -1.09835e-16 -1.2731e-16
235 -2.66238e-17 1.7612e-17
236 4.18055e-17 1.01609e-17
237 -5.225e-17 -7.14298e-17
238 1.55561e-16 2.05595e-17
239 -3.35404e-17 -9.64917e-17
240 -5.91536e-17 -1.44117e-17
241 4.55888e-17 4.90105e-17
242 -2.7385e-17 8.88021e-17
243 -1.77132e-16 -6.20894e-17
244 1.47377e-16 -1.22207e-17
245 7.01264e-17 -2.29069e-17
246 7.06959e-17 8.72897e-17
247 -9.09645e-17 5.00917e-17
248 -7.95e-17 4.30463e-17
249 -1.2156e-17 1.98724e-17
250 -8.62329e-17 -1.64616e-16
251 2.23889e-17 -1.11255e-16
252 1.51619e-16 9.54437e-17
253 -2.6266e-17 5.07139e-17
254 -6.44585e-17 2.69093e-17
255 1.3253e-17 -1.25573e-16
256 -2.83707e-17 1.56257e-16
257 -7.0654e-17 -8.34664e-17
258 1.24231e-16 1.17455e-16
259 3.43985e-17 1.16971e-16
260 -7.32835e-17 4.61907e-17
261 4.99335e-17 4.45375e-17
262 2.33069e-17 2.89301e-17
263 9.48804e-18 8.47711e-18
264 4.57354e-17 -5.05958e-17
265 -7.98344e-17 5.40481e-17
266 1.07268e-17 -5.59317e-17
267 8.35028e-17 2.15072e-17
268 6.71124e-17 3.04081e-17
269 -1.16537e-16 -3.53467e-18
270 -2.83174e-18 -1.35501e-16
271 -3.48975e-17 -4.53886e-17
272 -1.82344e-18 -1.4962e-16
273 1.53677e-16 -4.68002e-17
274 -6.68469e-17 -6.27491e-18
275 -2.26062e-17 1.92206e-17
276 7.30318e-17 1.38922e-16
277 -4.9048e-17 -5.68786e-17
278 -6.60994e-17 2.2426e-17
279 9.4655e-17 -3.22507e-17
280 -4.00086e-17 -1.93795e-17
281 1.09464e-16 1.5638e-17
282 -1.17143e-16 -1.32854e-17
283 2.02022e-17 8.4949e-17
284 -9.51549e-18 -1.3678e-16
285 9.86414e-17 4.95398e-17
286 -2.28221e-17 1.73892e-17
287 8.97686e-17 5.5493e-17
288 -1.11231e-16 -1.22928e-16
289 -6.74101e-18 -1.4061e-17
290 5.45921e-17 -7.19084e-17
291 1.18455e-16 5.77178e-17
292 -5.06413e-17 1.41509e-17
293 -4.91876e-17 -6.60623e-17
294 -1.67599e-17 1.22345e-16
295 -5.12892e-17 -7.70469e-17
296 -1.00824e-16 -8.81317e-17
297 1.03407e-17 2.07816e-16
298 -1.80682e-16 -3.99191e-17
299 1.39261e-17 1.90534e-16
300 -1.15493e-16 -8.49972e-17
301 4.38994e-17 1.15813e-17
302 -1.20873e-17 -3.64954e-17
303 -2.86592e-17 4.95597e-17
304 -6.11084e-17 7.61082e-17
305 -6.28805e-17 7.74324e-17
306 1.57465e-17 -5.5412e-17
307 2.8031e-18 -8.14832e-18
308 4.09922e-17 -2.34182e-17
309 -3.30469e-17 -1.21812e-17
310 -6.75462e-17 -3.83533e-18
311 1.37917e-16 7.35711e-17
312 -7.10538e-17 -6.5254e-17
313 -2.04701e-17 1.84026e-17
314 -5.63842e-17 -1.77668e-16
315 -3.40065e-17 -4.07108e-17
316 1.52641e-16 8.14997e-17
317 -1.70488e-16 7.28233e-17
318 3.78459e-17 -2.94642e-17
319 -1.00742e-16 -1.22932e-16
320 1.29173e-16 3.70228e-17
321 -2.73193e-17 -3.00728e-17
322 1.11596e-16 7.80411e-17
323 -2.50931e-17 -5.74312e-17
324 -1.68131e-17 2.73648e-17
325 -7.03613e-18 2.05368e-17
326 -6.64034e-18 -4.1363e-18
327 4.72733e-17 -9.92586e-18
328 -1.8482e-17 3.04536e-17
329 -2.21001e-18 9.84588e-17
330 9.34081e-18 -1.47665e-17
331 6.94197e-17 8.40885e-17
332 7.64329e-19 3.56257e-17
333 -1.18827e-16 6.97324e-18
334 1.55925e-16 -4.95839e-18
335 3.66202e-17 -3.37904e-17
336 -9.04766e-17 -2.2467e-17
337 -3.94959e-17 -5.88586e-17
338 -9.76226e-17 -1.09262e-16
339 8.81205e-17 1.31194e-18
340 -2.70098e-17 -1.14032e-16
341 5.72798e-17 1.39146e-16
342 -9.26151e-17 -8.61478e-17
343 6.24525e-17 -1.70733e-18
344 1.37561e-16 -1.98188e-17
345 1.25421e-18 9.8136e-18
346 4.2381e-17 1.70331e-19
347 1.23712e-16 2.42532e-16
348 -2.38877e-16 -3.26231e-17
349 1.11383e-16 1.88242e-16
350 -2.46339e-17 -2.92357e-17
351 -2.36063e-17 2.73876e-17
352 -1.24708e-17 -1.79254e-16
353 -3.41032e-17 -1.91327e-17
354 5.88192e-18 -8.00427e-17
355 -5.89455e-17 -1.096e-16
356 -1.73073e-17 2.6266e-17
357 9.6169e-18 -6.46651e-17
358 -7.7357e-17 1.38032e-17
359 6.84959e-18 5.83435e-17
360 5.03647e-16 2.23099e-16
361 -6.68154e-16 -1.37752e-15
362 -1.89534e-15 -1.17239e-15
363 3.65458e-15 6.38157e-15
364 8.36815e-15 5.74771e-15
365 -1.75442e-14 -2.90718e-14
366 -4.10859e-14 -3.11592e-14
367 7.13353e-14 1.27218e-13
368 2.18176e-13 1.93731e-13
369 -2.43283e-13 -5.12279e-13
370 -1.16289e-12 -1.2015e-12
371 4.35188e-13 1.65691e-12
372 5.87878e-12 6.98204e-12
373 2.73426e-12 -2.02786e-12
374 -2.58585e-11 -3.55985e-11
375 -3.98502e-11 -2.77888e-11
376 8.07908e-11 1.40939e-10
377 2.95713e-10 3.15435e-10
378 3.46389e-12 -2.55705e-10
379 -1.45786e-09 -1.94241e-09
380 -2.33227e-09 -1.87289e-09
381 3.30655e-09 6.44548e-09
382 1.77795e-08 2.14042e-08
383 1.80598e-08 9.985e-09
384 -5.27801e-08 -8.76137e-08
385 -2.09416e-07 -2.48078e-07
386 -2.20809e-07 -1.40972e-07
387 5.35071e-07 9.28202e-07
388 2.5603e-06 3.20932e-06
389 4.3055e-06 4.15916e-06
390 -9.24544e-07 -4.62319e-06
391 -2.57691e-05 -3.653e-05
392 -7.85457e-05 -9.4904e-05
393 -0.000128078 -0.000129222
394 -2.96733e-05 5.00633e-05
395 0.000591614 0.00089742
396 0.00248225 0.00327361
397 0.00687891 0.00854845
398 0.0155348 0.0185921
399 0.0305833 0.0355898
400 0.0542006 0.0616545
401 0.0880945 0.0982846
402 0.132918 0.145782
403 0.187766 0.202799
404 0.24993 0.266173
405 0.315016 0.331155
406 0.377468 0.392016
407 0.431393 0.442932
408 0.471519 0.478925
409 0.494045 0.496672
410 0.49722 0.494982
411 0.481513 0.474858
412 0.449385 0.439188
413 0.404745 0.392131
414 0.352237 0.338402
415 0.296527 0.282572
416 0.24172 0.228536
417 0.190979 0.179185
418 0.146369 0.136313
419 0.108906 0.100691
420 0.078723 0.0722733
421 0.0553219 0.050441
422 0.037819 0.0342513
423 0.0251649 0.0226418
424 0.0163076 0.0145786
425 0.0102973 0.00914782
426 0.0063387 0.00559656
427 0.0038056 0.00333982
428 0.00222935 0.00194495
429 0.00127481 0.00110574
430 0.000711853 0.000613933
431 0.000388306 0.000333022
432 0.00020699 0.000176546
433 0.00010786 9.14994e-05
434 5.49594e-05 4.63758e-05
435 2.73924e-05 2.29936e-05
436 1.33583e-05 1.11555e-05
437 6.37559e-06 5.29732e-06
438 2.97891e-06 2.46277e-06
439 1.36292e-06 1.12124e-06
440 6.10754e-07 5.00023e-07
441 2.6813e-07 2.18471e-07
442 1.15347e-07 9.35425e-08
443 4.86346e-08 3.9258e-08
444 2.01025e-08 1.61525e-08
445 8.14716e-09 6.51676e-09
446 3.23817e-09 2.57861e-09
447 1.26244e-09 1.00088e-09
448 4.82857e-10 3.81154e-10
449 1.81216e-10 1.42434e-10
450 6.6745e-11 5.22385e-11
451 2.41298e-11 1.88064e-11
452 8.56389e-12 6.64695e-12
453 2.98425e-12 2.30679e-12
454 1.0212e-12 7.86187e-13
455 3.43208e-13 2.63169e-13
456 1.13302e-13 8.65359e-14
457 3.67454e-14 2.79554e-14
458 1.17089e-14 8.87356e-15
459 3.66629e-15 2.76788e-15
460 1.12821e-15 8.4853e-16
461 3.41236e-16 2.55685e-16
462 1.01454e-16 7.57379e-17
463 2.96542e-17 2.20565e-17
464 8.52212e-18 6.3157e-18
465 2.40824e-18 1.77833e-18
466 6.69244e-19 4.92442e-19
467 1.82914e-19 1.34119e-19
468 4.91731e-20 3.59299e-20
469 1.30036e-20 9.46881e-21
470 3.38298e-21 2.45497e-21
471 8.65901e-22 6.26246e-22
472 2.18076e-22 1.57191e-22
473 5.40448e-23 3.88269e-23
474 1.31808e-23 9.43826e-24
475 3.16376e-24 2.25808e-24
476 7.47433e-25 5.31748e-25
477 1.73812e-25 1.23261e-25
478 3.97885e-26 2.81271e-26
479 8.96675e-27 6.31886e-27
480 1.98949e-27 1.39763e-27
481 4.34614e-28 3.04379e-28
482 9.3487e-29 6.5273e-29
483 1.9802e-29 1.3784e-29
484 4.13052e-30 2.86658e-30
485 8.48518e-31 5.8712e-31
486 1.71674e-31 1.18437e-31
487 3.42103e-32 2.35325e-32
488 6.71494e-33 4.60566e-33
489 1.29832e-33 8.87935e-34
490 2.47286e-34 1.68639e-34
491 4.63997e-35 3.15531e-35
492 8.57725e-36 5.81641e-36
493 1.56213e-36 1.05637e-36
494 2.80314e-37 1.89035e-37
495 4.95618e-38 3.33313e-38
496 8.63459e-39 5.79116e-39
497 1.48234e-39 9.91514e-40
498 2.50772e-40 1.67289e-40
499 4.18074e-41 2.78157e-41
500 6.86889e-42 4.55804e-42
501 1.11223e-42 7.36122e-43
502 1.77496e-43 1.17171e-43
503 2.79181e-44 1.83822e-44
504 4.32812e-45 2.8425e-45
505 6.61363e-46 4.33253e-46
506 9.96145e-47 6.50926e-47
507 1.47897e-47 9.64012e-48
508 2.1645e-48 1.40736e-48
509 3.12272e-49 2.02541e-49
510 4.44114e-50 2.87353e-50
511 6.22662e-51 4.01902e-51
512 8.60628e-52 5.54165e-52
513 1.17272e-52 7.53322e-53
514 1.57541e-53 1.00961e-53
515 2.08655e-54 1.33403e-54
516 2.72459e-55 1.7379e-55
517 3.50769e-56 2.23222e-56
518 4.4524e-57 2.82691e-57
519 5.57223e-58 3.52983e-58
520 6.8759e-59 4.34579e-59
521 8.36569e-60 5.2755e-60
522 1.00358e-60 6.31455e-61
523 1.18709e-61 7.45265e-62
524 1.38453e-62 8.67306e-63
525 1.59226e-63 9.95247e-64
526 1.80558e-64 1.12614e-64
527 2.01891e-65 1.25648e-65
528 2.22597e-66 1.38237e-66
529 2.42004e-67 1.4997e-67
530 2.59436e-68 1.60434e-68
531 2.74249e-69 1.69238e-69
532 2.85869e-70 1.76042e-70
533 2.93831e-71 1.80571e-71
534 2.97808e-72 1.82639e-72
535 2.97635e-73 1.8216e-73
536 2.93318e-74 1.79155e-74
537 2.85038e-75 1.73747e-75
538 2.73132e-76 1.66157e-76
539 2.58075e-77 1.56687e-77
540 2.4045e-78 1.45698e-78
541 2.20903e-79 1.33592e-79
542 2.00115e-80 1.20785e-80
543 1.78752e-81 1.07682e-81
544 1.57439e-82 9.46613e-83
545 1.3673e-83 8.20531e-84
546 1.17084e-84 7.01304e-85
547 9.88575e-86 5.9102e-86
548 8.22994e-87 4.91109e-87
549 6.75541e-88 4.02371e-88
550 5.46726e-89 3.25046e-89
551 4.36259e-90 2.58895e-90
552 3.43217e-91 2.0331e-91
553 2.66217e-92 1.57413e-92
554 2.03582e-93 1.20162e-93
555 1.53487e-94 9.04324e-95
556 1.14084e-95 6.70976e-96
557 8.35962e-97 4.90802e-97
558 6.03883e-98 3.53927e-98
559 4.30043e-99 2.51605e-99
560 3.01894e-100 1.76325e-100
561 2.08915e-101 1.21811e-101
562 1.42511e-102 8.29519e-103
563 9.58255e-104 5.56832e-104
564 6.35116e-105 3.6844e-105
565 4.1491e-106 2.40295e-106
566 2.6716e-107 1.5447e-107
567 1.69549e-108 9.78703e-109
568 1.06049e-109 6.1116e-110
569 6.53731e-111 3.76133e-111
570 3.9715e-112 2.28137e-112
571 2.37771e-113 1.36366e-113
572 1.40281e-114 8.03259e-115
573 8.15566e-116 4.66261e-116
574 4.67222e-117 2.66693e-117
575 2.6374e-118 1.5031e-118
576 1.4669e-119 8.34719e-120
577 8.03859e-121 4.56722e-121
578 4.34007e-122 2.4621e-122
579 2.30852e-123 1.30762e-123
580 1.20968e-124 6.84174e-125
581 6.24441e-126 3.52645e-126
582 3.17523e-127 1.7905e-127
583 1.59038e-128 8.95492e-129
584 7.84608e-130 4.4114e-130
585 3.81247e-131 2.14041e-131
586 1.82449e-132 1.02283e-132
587 8.59877e-134 4.81367e-134
588 3.99088e-135 2.23095e-135
589 1.82397e-136 1.01817e-136
590 8.20835e-138 4.57563e-138
591 3.63717e-139 2.02466e-139
592 1.58677e-140 8.82067e-141
593 6.81531e-142 3.78333e-142
594 2.88171e-143 1.59751e-143
595 1.19945e-144 6.6403e-145
596 4.91423e-146 2.71691e-146
597 1.98173e-147 1.09417e-147
598 7.86537e-149 4.33692e-149
599 3.07223e-150 1.69178e-150
600 1.18092e-151 6.49441e-152
601 4.46668e-153 2.45325e-153
602 1.66235e-154 9.1184e-155
603 6.08696e-156 3.33458e-156
604 2.19275e-157 1.19971e-157
605 7.77062e-159 4.24616e-159
606 2.70875e-160 1.47831e-160
607 9.28742e-162 5.06235e-162
608 3.13185e-163 1.70499e-163
609 1.03861e-164 5.64732e-165
610 3.38701e-166 1.83941e-166
611 1.08606e-167 5.89106e-168
612 3.424e-169 1.85503e-169
613 1.06124e-170 5.74272e-171
614 3.23341e-172 1.74764e-172
615 9.68356e-174 5.22781e-174
616 2.85035e-175 1.53702e-175
617 8.24536e-177 4.44111e-177
618 2.34385e-178 1.26101e-178
619 6.54666e-180 3.51816e-180
620 1.79654e-181 9.64371e-182
621 4.84324e-183 2.59693e-183
622 1.28256e-184 6.86947e-185
623 3.33592e-186 1.78479e-186
624 8.52134e-188 4.55415e-188
625 2.13751e-189 1.14114e-189
626 5.26464e-191 2.80762e-191
627 1.27305e-192 6.78195e-193
628 3.02195e-194 1.60821e-194
629 7.04124e-196 3.74329e-196
630 1.6102e-197 8.55141e-198
631 3.61352e-199 1.9171e-199
632 7.95702e-201 4.21721e-201
633 1.71904e-202 9.10179e-203
634 3.64324e-204 1.92707e-204
635 7.57356e-206 4.00205e-206
636 1.54408e-207 8.15134e-208
637 3.08703e-209 1.6281e-209
638 6.05145e-211 3.18849e-211
639 1.16297e-212 6.12185e-213
640 2.19082e-214 1.15217e-214
641 4.04502e-216 2.12534e-216
642 7.31896e-218 3.842e-218
643 1.29757e-219 6.80528e-220
644 2.25376e-221 1.18095e-221
645 3.83457e-223 2.00749e-223
646 6.38988e-225 3.34232e-225
647 1.04274e-226 5.44945e-227
648 1.66609e-228 8.69964e-229
649 2.60613e-230 1.35966e-230
650 3.99027e-232 2.08003e-232
651 5.97931e-234 3.11428e-234
652 8.76745e-236 4.56271e-236
653 1.25777e-237 6.54029e-238
654 1.76507e-239 9.17087e-240
655 2.42264e-241 1.25774e-241
656 3.25169e-243 1.68683e-243
657 4.26726e-245 2.21195e-245
658 5.4744e-247 2.8355e-247
659 6.86431e-249 3.55273e-249
660 8.41116e-251 4.35008e-251
661 1.00702e-252 5.20426e-253
662 1.17778e-254 6.08233e-255
663 1.34542e-256 6.94311e-257
664 1.50088e-258 7.73986e-259
665 1.63471e-260 8.42417e-261
666 1.73808e-262 8.95071e-263
667 1.80364e-264 9.28203e-265
668 1.82642e-266 9.39297e-267
669 1.80443e-268 9.27375e-269
670 1.73893e-270 8.93135e-271
671 1.63436e-272 8.38892e-273
672 1.4978e-274 7.68312e-275
673 1.33817e-276 6.86005e-277
674 1.16531e-278 5.97022e-279
675 9.88898e-281 5.06339e-281
676 8.17635e-283 4.18401e-283
677 6.58535e-285 3.36791e-285
678 5.1656e-287 2.64031e-287
679 3.94548e-289 2.01553e-289
680 2.93377e-291 1.49788e-291
681 2.12331e-293 1.0835e-293
682 1.49544e-295 7.627e-296
683 1.02473e-297 5.22356e-298
684 6.83034e-300 3.47998e-300
685 4.42771e-302 2.25473e-302
686 2.79072e-304 1.42033e-304
687 1.71277e-306 8.56387e-307
688 0 0
689 0 0
690 0 0
691 0 0
692 0 0
693 0 0
694 0 0
695 0 0
696 0 0
697 0 0
698 0 0
699 0 0
700 0 0
701 0 0
702 0 0
703 0 0
704 0 0
705 0 0
706 0 0
707 0 0
708 0 0
709 0 0
710 0 0
711 0 0
712 0 0
713 0 0
714 0 0
715 0 0
716 0 0
717 0 0
718 0 0
719 0 0
720 0 0
721 0 0
722 0 0
723 0 0
724 0 0
725 0 0
726 0 0
727 0 0
728 0 0
729 0 0
730 0 0
731 0 0
732 0 0
733 0 0
734 0 0
735 0 0
736 0 0
737 0 0
738 0 0
739 0 0
740 0 0
741 0 0
742 0 0
743 0 0
744 0 0
745 0 0
746 0 0
747 0 0
748 0 0
749 0 0
750 0 0
751 0 0
752 0 0
753 0 0
754 0 0
755 0 0
756 0 0
757 0 0
758 0 0
759 0 0
760 0 0
761 0 0
762 0 0
763 0 0
764 0 0
765 0 0
766 0 0
767 0 0
768 0 0
769 0 0
770 0 0
771 0 0
772 0 0
773 0 0
774 0 0
775 0 0
776 0 0
777 0 0
778 0 0
779 0 0
780 0 0
781 0 0
782 0 0
783 0 0
784 0 0
785 0 0
786 0 0
787 0 0
788 0 0
789 0 0
790 0 0
791 0 0
792 0 0
793 0 0
794 0 0
795 0 0
796 0 0
797 0 0
798 0 0
799 0 0
800 0 0
801 0 0
802 0 0
803 0 0
804 0 0
805 0 0
806 0 0
807 0 0
808 0 0
809 0 0
810 0 0
811 0 0
812 0 -8.56387e-307
813 1.71277e-306 -1.42033e-304
814 2.79072e-304 -2.25473e-302
815 4.42771e-302 -3.47998e-300
816 6.83034e-300 -5.22356e-298
817 1.02473e-297 -7.627e-296
818 1.49544e-295 -1.0835e-293
819 2.12331e-293 -1.49788e-291
820 2.93377e-291 -2.01553e-289
821 3.94548e-289 -2.64031e-287
822 5.1656e-287 -3.36791e-285
823 6.58535e-285 -4.18401e-283
824 8.17635e-283 -5.06339e-281
825 9.88898e-281 -5.97022e-279
826 1.16531e-278 -6.86005e-277
827 1.33817e-276 -7.68312e-275
828 1.4978e-274 -8.38892e-273
829 1.63436e-272 -8.93135e-271
830 1.73893e-270 -9.27375e-269
831 1.80443e-268 -9.39297e-267
832 1.82642e-266 -9.28203e-265
833 1.80364e-264 -8.95071e-263
834 1.73808e-262 -8.42417e-261
835 1.63471e-260 -7.73986e-259
836 1.50088e-258 -6.94311e-257
837 1.34542e-256 -6.08233e-255
838 1.17778e-254 -5.20426e-253
839 1.00702e-252 -4.35008e-251
840 8.41116e-251 -3.55273e-249
841 6.86431e-249 -2.8355e-247
842 5.4744e-247 -2.21195e-245
843 4.26726e-245 -1.68683e-243
844 3.25169e-243 -1.25774e-241
845 2.42264e-241 -9.17087e-240
846 1.76507e-239 -6.54029e-238
847 1.25777e-237 -4.56271e-236
848 8.76745e-236 -3.11428e-234
849 5.97931e-234 -2.08003e-232
850 3.99027e-232 -1.35966e-230
851 2.60613e-230 -8.69964e-229
852 1.66609e-228 -5.44945e-227
853 1.04274e-226 -3.34232e-225
854 6.38988e-225 -2.00749e-223
855 3.83457e-223 -1.18095e-221
856 2.25376e-221 -6.80528e-220
857 1.29757e-219 -3.842e-218
858 7.31896e-218 -2.12534e-216
859 4.04502e-216 -1.15217e-214
860 2.19082e-214 -6.12185e-213
861 1.16297e-212 -3.18849e-211
862 6.05145e-211 -1.6281e-209
863 3.08703e-209 -8.15134e-208
864 1.54408e-207 -4.00205e-206
865 7.57356e-206 -1.92707e-204
866 3.64324e-204 -9.10179e-203
867 1.71904e-202 -4.21721e-201
868 7.95702e-201 -1.9171e-199
869 3.61352e-199 -8.55141e-198
870 1.6102e-197 -3.74329e-196
871 7.04124e-196 -1.60821e-194
872 3.02195e-194 -6.78195e-193
873 1.27305e-192 -2.80762e-191
874 5.26464e-191 -1.14114e-189
875 2.13751e-189 -4.55415e-188
876 8.52134e-188 -1.78479e-186
877 3.33592e-186 -6.86947e-185
878 1.28256e-184 -2.59693e-183
879 4.84324e-183 -9.64371e-182
880 1.79654e-181 -3.51816e-180
881 6.54666e-180 -1.26101e-178
882 2.34385e-178 -4.44111e-177
883 8.24536e-177 -1.53702e-175
884 2.85035e-175 -5.22781e-174
885 9.68356e-174 -1.74764e-172
886 3.23341e-172 -5.74272e-171
887 1.06124e-170 -1.85503e-169
888 3.424e-169 -5.89106e-168
889 1.08606e-167 -1.83941e-166
890 3.38701e-166 -5.64732e-165
891 1.03861e-164 -1.70499e-163
892 3.13185e-163 -5.06235e-162
893 9.28742e-162 -1.47831e-160
894 2.70875e-160 -4.24616e-159
895 7.77062e-159 -1.19971e-157
896 2.19275e-157 -3.33458e-156
897 6.08696e-156 -9.1184e-155
898 1.66235e-154 -2.45325e-153
899 4.46668e-153 -6.49441e-152
900 1.18092e-151 -1.69178e-150
901 3.07223e-150 -4.33692e-149
902 7.86537e-149 -1.09417e-147
903 1.98173e-147 -2.71691e-146
904 4.91423e-146 -6.6403e-145
905 1.19945e-144 -1.59751e-143
906 2.88171e-143 -3.78333e-142
907 6.81531e-142 -8.82067e-141
908 1.58677e-140 -2.02466e-139
909 3.63717e-139 -4.57563e-138
910 8.20835e-138 -1.01817e-136
911 1.82397e-136 -2.23095e-135
912 3.99088e-135 -4.81367e-134
913 8.59877e-134 -1.02283e-132
914 1.82449e-132 -2.14041e-131
915 3.81247e-131 -4.4114e-130
916 7.84608e-130 -8.95492e-129
917 1.59038e-128 -1.7905e-127
918 3.17523e-127 -3.52645e-126
919 6.24441e-126 -6.84174e-125
920 1.20968e-124 -1.30762e-123
921 2.30852e-123 -2.4621e-122
922 4.34007e-122 -4.56722e-121
923 8.03859e-121 -8.34719e-120
924 1.4669e-119 -1.5031e-118
925 2.6374e-118 -2.66693e-117
926 4.67222e-117 -4.66261e-116
927 8.15566e-116 -8.03259e-115
928 1.40281e-114 -1.36366e-113
929 2.37771e-113 -2.28137e-112
930 3.9715e-112 -3.76133e-111
931 6.53731e-111 -6.1116e-110
932 1.06049e-109 -9.78703e-109
933 1.69549e-108 -1.5447e-107
934 2.6716e-107 -2.40295e-106
935 4.1491e-106 -3.6844e-105
936 6.35116e-105 -5.56832e-104
937 9.58255e-104 -8.29519e-103
938 1.42511e-102 -1.21811e-101
939 2.08915e-101 -1.76325e-100
940 3.01894e-100 -2.51605e-99
941 4.30043e-99 -3.53927e-98
942 6.03883e-98 -4.90802e-97
943 8.35962e-97 -6.70976e-96
944 1.14084e-95 -9.04324e-95
945 1.53487e-94 -1.20162e-93
946 2.03582e-93 -1.57413e-92
947 2.66217e-92 -2.0331e-91
948 3.43217e-91 -2.58895e-90
949 4.36259e-90 -3.25046e-89
950 5.46726e-89 -4.02371e-88
951 6.75541e-88 -4.91109e-87
952 8.22994e-87 -5.9102e-86
953 9.88575e-86 -7.01304e-85
954 1.17084e-84 -8.20531e-84
955 1.3673e-83 -9.46613e-83
956 1.57439e-82 -1.07682e-81
957 1.78752e-81 -1.20785e-80
958 2.00115e-80 -1.33592e-79
959 2.20903e-79 -1.45698e-78
960 2.4045e-78 -1.56687e-77
961 2.58075e-77 -1.66157e-76
962 2.73132e-76 -1.73747e-75
963 2.85038e-75 -1.79155e-74
964 2.93318e-74 -1.8216e-73
965 2.97635e-73 -1.82639e-72
966 2.97808e-72 -1.80571e-71
967 2.93831e-71 -1.76042e-70
968 2.85869e-70 -1.69238e-69
969 2.74249e-69 -1.60434e-68
970 2.59436e-68 -1.4997e-67
971 2.42004e-67 -1.38237e-66
972 2.22597e-66 -1.25648e-65
973 2.01891e-65 -1.12614e-64
974 1.80558e-64 -9.95247e-64
975 1.59226e-63 -8.67306e-63
976 1.38453e-62 -7.45265e-62
977 1.18709e-61 -6.31455e-61
978 1.00358e-60 -5.2755e-60
979 8.36569e-60 -4.34579e-59
980 6.8759e-59 -3.52983e-58
981 5.57223e-58 -2.82691e-57
982 4.4524e-57 -2.23222e-56
983 3.50769e-56 -1.7379e-55
984 2.72459e-55 -1.33403e-54
985 2.08655e-54 -1.00961e-53
986 1.57541e-53 -7.53322e-53
987 1.17272e-52 -5.54165e-52
988 8.60628e-52 -4.01902e-51
989 6.22662e-51 -2.87353e-50
990 4.44114e-50 -2.02541e-49
991 3.12272e-49 -1.40736e-48
992 2.1645e-48 -9.64012e-48
993 1.47897e-47 -6.50926e-47
994 9.96145e-47 -4.33253e-46
995 6.61363e-46 -2.8425e-45
996 4.32812e-45 -1.83822e-44
997 2.79181e-44 -1.17171e-43
998 1.77496e-43 -7.36122e-43
999 1.11223e-42 -4.55804e-42
