0 0.00462673 -0.000513376
1 -0.00084452 0.00447874
2 -0.00550463 0.00775587
3 -0.00821077 0.00861224
4 -0.00842809 0.00704635
5 -0.00633323 0.00371489
6 -0.00271919 -0.000291664
7 0.00126474 -0.00378265
8 0.00445904 -0.00581128
9 0.00602434 -0.00593003
10 0.00566151 -0.00428657
11 0.00366179 -0.00153861
12 0.000779073 0.00137903
13 -0.00202932 0.00355804
14 -0.00390897 0.00439436
15 -0.00436493 0.00375483
16 -0.0033908 0.00198515
17 -0.00143534 -0.000235657
18 0.000774863 -0.00213978
19 0.00249215 -0.00312927
20 0.00319553 -0.00296213
21 0.00274758 -0.00180721
22 0.00141209 -0.000155816
23 -0.000266105 0.00137182
24 -0.00167071 0.00225254
25 -0.00233481 0.00223732
26 -0.00209462 0.00141909
27 -0.00112479 0.000172885
28 0.000150834 -0.00100275
29 0.00123354 -0.0016792
30 0.00174001 -0.00165208
31 0.00153654 -0.00100067
32 0.000770026 -3.5421e-05
33 -0.000210251 0.00083977
34 -0.00100341 0.00129203
35 -0.00131733 0.00118459
36 -0.00107505 0.000615396
37 -0.000428169 -0.000140965
38 0.000322427 -0.000758644
39 0.000860682 -0.000997854
40 0.000986126 -0.000796876
41 0.000687454 -0.000283304
42 0.000131855 0.00029507
43 -0.00042006 0.000685315
44 -0.000732849 0.000738196
45 -0.000695334 0.000464199
46 -0.000358574 1.57757e-05
47 9.98721e-05 -0.000391556
48 0.000464817 -0.000580232
49 0.00058243 -0.000487096
50 0.00042426 -0.000182431
51 8.96711e-05 0.00017327
52 -0.000250291 0.000410719
53 -0.000437801 0.000431143
54 -0.000400553 0.000246574
55 -0.000178467 -3.5185e-05
56 0.000104671 -0.000269963
57 0.000307344 -0.000349474
58 0.000339851 -0.000250644
59 0.000203376 -3.96068e-05
60 -1.83315e-05 0.000168416
61 -0.000207258 0.000270391
62 -0.000272638 0.000225866
63 -0.000194026 7.19573e-05
64 -2.55679e-05 -0.000102147
65 0.000137934 -0.00020524
66 0.000213054 -0.000191222
67 0.000169796 -7.91136e-05
68 4.25569e-05 6.25315e-05
69 -9.3466e-05 0.000156007
70 -0.000165475 0.000156456
71 -0.000141541 7.29679e-05
72 -4.41262e-05 -4.10164e-05
73 6.6768e-05 -0.000120534
74 0.000129453 -0.000125557
75 0.000114422 -6.07983e-05
76 3.77739e-05 3.08193e-05
77 -5.17168e-05 9.54385e-05
78 -0.000102698 9.94428e-05
79 -9.03278e-05 4.66589e-05
80 -2.79891e-05 -2.71244e-05
81 4.37063e-05 -7.74691e-05
82 8.26167e-05 -7.76611e-05
83 6.95327e-05 -3.26355e-05
84 1.73054e-05 2.6714e-05
85 -3.95163e-05 6.39973e-05
86 -6.69532e-05 5.93407e-05
87 -5.16768e-05 1.97455e-05
88 -7.11638e-06 -2.75031e-05
89 3.69873e-05 -5.30962e-05
90 5.39977e-05 -4.36615e-05
91 3.62904e-05 -8.49947e-06
92 -1.78826e-06 2.81607e-05
93 -3.4716e-05 4.34726e-05
94 -4.25946e-05 3.00525e-05
95 -2.3036e-05 -7.92382e-07
96 8.91709e-06 -2.78612e-05
97 3.18407e-05 -3.43708e-05
98 3.20874e-05 -1.82439e-05
99 1.17886e-05 7.88774e-06
100 -1.3938e-05 2.61508e-05
101 -2.79168e-05 2.5486e-05
102 -2.22472e-05 8.23868e-06
103 -2.62028e-06 -1.25931e-05
104 1.66491e-05 -2.28933e-05
105 2.28555e-05 -1.68869e-05
106 1.31918e-05 -2.31843e-07
107 -4.27639e-06 1.48137e-05
108 -1.7015e-05 1.8255e-05
109 -1.68895e-05 8.92903e-06
110 -5.28569e-06 -5.50849e-06
111 8.70471e-06 -1.46336e-05
112 1.52262e-05 -1.26878e-05
113 1.05283e-05 -2.14041e-06
114 -9.9113e-07 8.78421e-06
115 -1.05984e-05 1.239e-05
116 -1.1743e-05 6.87639e-06
117 -4.47337e-06 -2.92856e-06
118 5.20267e-06 -9.60951e-06
119 1.01427e-05 -8.70111e-06
120 7.2856e-06 -1.62478e-06
121 -5.21464e-07 5.87906e-06
122 -7.12526e-06 8.31429e-06
123 -7.84231e-06 4.41542e-06
124 -2.74411e-06 -2.31471e-06
125 3.83366e-06 -6.62515e-06
126 6.88281e-06 -5.56563e-06
127 4.49732e-06 -4.69079e-07
128 -9.93176e-07 4.4407e-06
129 -5.15894e-06 5.48952e-06
130 -4.99658e-06 2.27562e-06
131 -1.0673e-06 -2.32853e-06
132 3.25944e-06 -4.66881e-06
133 4.63752e-06 -3.1802e-06
134 2.30769e-06 6.02813e-07
135 -1.55746e-06 3.52002e-06
136 -3.8073e-06 3.39086e-06
137 -2.85391e-06 6.2481e-07
138 2.32526e-07 -2.34032e-06
139 2.81081e-06 -3.14678e-06
140 2.89731e-06 -1.37459e-06
141 6.75886e-07 1.30512e-06
142 -1.8502e-06 2.65896e-06
143 -2.62892e-06 1.73452e-06
144 -1.21147e-06 -4.91977e-07
145 1.0353e-06 -2.08541e-06
146 2.20553e-06 -1.81372e-06
147 1.45526e-06 -8.78737e-08
148 -4.0714e-07 1.52855e-06
149 -1.73887e-06 1.71441e-06
150 -1.49487e-06 4.60816e-07
151 -3.70457e-08 -1.04425e-06
152 1.29832e-06 -1.51877e-06
153 1.40753e-06 -6.69334e-07
154 3.23167e-07 6.54669e-07
155 -9.19783e-07 1.28568e-06
156 -1.25313e-06 7.58202e-07
157 -4.85694e-07 -3.60615e-07
158 6.15921e-07 -1.05301e-06
159 1.07364e-06 -7.6701e-07
160 5.5879e-07 1.51337e-07
161 -3.85125e-07 8.42046e-07
162 -8.95581e-07 7.27145e-07
163 -5.71819e-07 -1.1346e-08
164 2.18366e-07 -6.62419e-07
165 7.3373e-07 -6.61486e-07
166 5.47758e-07 -7.5407e-08
167 -1.03799e-07 5.16224e-07
168 -5.94709e-07 5.85493e-07
169 -5.03296e-07 1.23317e-07
170 2.95355e-08 -4.01262e-07
171 4.79959e-07 -5.08812e-07
172 4.49747e-07 -1.44226e-07
173 1.49502e-08 3.13275e-07
174 -3.87948e-07 4.36889e-07
175 -3.94245e-07 1.47296e-07
176 -3.82937e-08 -2.47373e-07
177 3.15689e-07 -3.72334e-07
178 3.40899e-07 -1.39264e-07
179 4.72249e-08 1.9886e-07
180 -2.59702e-07 3.15969e-07
181 -2.91786e-07 1.24859e-07
182 -4.67953e-08 -1.63626e-07
183 2.16589e-07 -2.67553e-07
184 2.47715e-07 -1.07248e-07
185 4.06796e-08 1.38265e-07
186 -1.83342e-07 2.26276e-07
187 -2.08766e-07 8.84538e-08
188 -3.14678e-08 -1.20041e-07
189 1.5747e-07 -1.91067e-07
190 1.74632e-07 -6.97215e-08
191 2.09155e-08 1.06781e-07
192 -1.37002e-07 1.60812e-07
193 -1.44823e-07 5.18103e-08
194 -1.01548e-08 -9.67702e-08
195 1.20424e-07 -1.34489e-07
196 1.18772e-07 -3.5209e-08
197 -1.22893e-10 8.86753e-08
198 -1.06573e-07 1.11267e-07
199 -9.59031e-08 2.02685e-08
200 9.50723e-09 -8.1497e-08
201 9.45447e-08 -9.05487e-08
202 7.56771e-08 -7.26181e-09
203 -1.7736e-08 7.45463e-08
204 -8.36213e-08 7.19706e-08
205 -5.76479e-08 -3.61034e-09
206 2.45988e-08 -6.74214e-08
207 7.32375e-08 -5.53601e-08
208 4.15084e-08 1.22405e-08
209 -2.98877e-08 5.99691e-08
210 -6.29877e-08 4.06674e-08
211 -2.71207e-08 -1.86366e-08
212 3.33955e-08 -5.22275e-08
213 5.26492e-08 -2.789e-08
214 1.45157e-08 2.2925e-08
215 -3.49545e-08 4.43518e-08
216 -4.22042e-08 1.70105e-08
217 -3.85512e-09 -2.53297e-08
218 3.44944e-08 -3.65415e-08
219 3.18398e-08 -7.96194e-09
220 -4.63869e-09 2.61302e-08
221 -3.20987e-08 2.89802e-08
222 -2.19138e-08 6.24629e-10
223 1.07707e-08 -2.56136e-08
224 2.80373e-08 -2.18036e-08
225 1.28878e-08 5.15262e-09
226 -1.44584e-08 2.40342e-08
227 -2.27625e-08 1.50953e-08
228 -5.23721e-09 -9.52004e-09
229 1.57959e-08 -2.1593e-08
230 1.68669e-08 -8.90535e-09
231 -6.43262e-10 1.25981e-08
232 -1.5081e-08 1.84413e-08
233 -1.10093e-08 3.28055e-09
234 4.52172e-09 -1.4464e-08
235 1.28025e-08 -1.47019e-08
236 5.82388e-09 1.70937e-09
237 -6.38244e-09 1.5158e-08
238 -9.58943e-09 1.05008e-08
239 -1.83027e-09 -5.95865e-09
240 6.44248e-09 -1.47066e-08
241 6.13376e-09 -5.99448e-09
242 -6.4108e-10 9.33133e-09
243 -5.13021e-09 1.31536e-08
244 -3.10008e-09 1.38384e-09
245 1.49527e-09 -1.16835e-08
246 3.03068e-09 -1.0589e-08
247 1.03777e-09 3.08946e-09
248 -8.857e-10 1.28942e-08
249 -8.07678e-10 7.16402e-09
250 -3.08337e-10 -7.16402e-09
251 -8.07679e-10 -1.28942e-08
252 -8.857e-10 -3.08946e-09
253 1.03777e-09 1.0589e-08
254 3.03068e-09 1.16835e-08
255 1.49527e-09 -1.38384e-09
256 -3.10008e-09 -1.31536e-08
257 -5.13021e-09 -9.33133e-09
258 -6.4108e-10 5.99448e-09
259 6.13376e-09 1.47066e-08
260 6.44248e-09 5.95865e-09
261 -1.83027e-09 -1.05008e-08
262 -9.58944e-09 -1.5158e-08
263 -6.38244e-09 -1.70937e-09
264 5.82388e-09 1.47019e-08
265 1.28025e-08 1.4464e-08
266 4.52172e-09 -3.28055e-09
267 -1.10093e-08 -1.84413e-08
268 -1.5081e-08 -1.25981e-08
269 -6.43262e-10 8.90535e-09
270 1.68669e-08 2.1593e-08
271 1.57959e-08 9.52004e-09
272 -5.23721e-09 -1.50953e-08
273 -2.27625e-08 -2.40342e-08
274 -1.44584e-08 -5.15262e-09
275 1.28878e-08 2.18036e-08
276 2.80373e-08 2.56136e-08
277 1.07707e-08 -6.24629e-10
278 -2.19138e-08 -2.89802e-08
279 -3.20987e-08 -2.61302e-08
280 -4.63869e-09 7.96193e-09
281 3.18398e-08 3.65415e-08
282 3.44944e-08 2.53297e-08
283 -3.85512e-09 -1.70105e-08
284 -4.22042e-08 -4.43518e-08
285 -3.49545e-08 -2.2925e-08
286 1.45157e-08 2.789e-08
287 5.26492e-08 5.22275e-08
288 3.33955e-08 1.86366e-08
289 -2.71207e-08 -4.06674e-08
290 -6.29877e-08 -5.99691e-08
291 -2.98877e-08 -1.22405e-08
292 4.15084e-08 5.53601e-08
293 7.32375e-08 6.74214e-08
294 2.45988e-08 3.61034e-09
295 -5.76479e-08 -7.19706e-08
296 -8.36213e-08 -7.45463e-08
297 -1.7736e-08 7.26181e-09
298 7.56771e-08 9.05487e-08
299 9.45447e-08 8.1497e-08
300 9.50723e-09 -2.02685e-08
301 -9.59031e-08 -1.11267e-07
302 -1.06573e-07 -8.86753e-08
303 -1.22893e-10 3.5209e-08
304 1.18772e-07 1.34489e-07
305 1.20424e-07 9.67702e-08
306 -1.01548e-08 -5.18103e-08
307 -1.44823e-07 -1.60812e-07
308 -1.37002e-07 -1.06781e-07
309 2.09155e-08 6.97215e-08
310 1.74632e-07 1.91067e-07
311 1.5747e-07 1.20041e-07
312 -3.14678e-08 -8.84538e-08
313 -2.08766e-07 -2.26276e-07
314 -1.83342e-07 -1.38265e-07
315 4.06796e-08 1.07248e-07
316 2.47715e-07 2.67553e-07
317 2.16589e-07 1.63626e-07
318 -4.67953e-08 -1.24859e-07
319 -2.91786e-07 -3.15969e-07
320 -2.59702e-07 -1.9886e-07
321 4.72249e-08 1.39264e-07
322 3.40899e-07 3.72334e-07
323 3.15689e-07 2.47373e-07
324 -3.82937e-08 -1.47296e-07
325 -3.94245e-07 -4.36889e-07
326 -3.87948e-07 -3.13275e-07
327 1.49502e-08 1.44226e-07
328 4.49747e-07 5.08812e-07
329 4.79959e-07 4.01262e-07
330 2.95355e-08 -1.23317e-07
331 -5.03296e-07 -5.85493e-07
332 -5.94709e-07 -5.16224e-07
333 -1.03799e-07 7.5407e-08
334 5.47758e-07 6.61486e-07
335 7.3373e-07 6.62419e-07
336 2.18366e-07 1.1346e-08
337 -5.71819e-07 -7.27145e-07
338 -8.95581e-07 -8.42046e-07
339 -3.85125e-07 -1.51337e-07
340 5.5879e-07 7.6701e-07
341 1.07364e-06 1.05301e-06
342 6.15921e-07 3.60615e-07
343 -4.85694e-07 -7.58202e-07
344 -1.25313e-06 -1.28568e-06
345 -9.19783e-07 -6.54669e-07
346 3.23167e-07 6.69334e-07
347 1.40753e-06 1.51877e-06
348 1.29832e-06 1.04425e-06
349 -3.70457e-08 -4.60816e-07
350 -1.49487e-06 -1.71441e-06
351 -1.73887e-06 -1.52855e-06
352 -4.0714e-07 8.78737e-08
353 1.45526e-06 1.81372e-06
354 2.20553e-06 2.08541e-06
355 1.0353e-06 4.91977e-07
356 -1.21147e-06 -1.73452e-06
357 -2.62892e-06 -2.65896e-06
358 -1.8502e-06 -1.30512e-06
359 6.75886e-07 1.37459e-06
360 2.89731e-06 3.14678e-06
361 2.81081e-06 2.34032e-06
362 2.32526e-07 -6.2481e-07
363 -2.85391e-06 -3.39086e-06
364 -3.8073e-06 -3.52002e-06
365 -1.55746e-06 -6.02813e-07
366 2.30769e-06 3.1802e-06
367 4.63752e-06 4.66881e-06
368 3.25944e-06 2.32853e-06
369 -1.0673e-06 -2.27562e-06
370 -4.99658e-06 -5.48952e-06
371 -5.15894e-06 -4.4407e-06
372 -9.93176e-07 4.69079e-07
373 4.49732e-06 5.56563e-06
374 6.88281e-06 6.62515e-06
375 3.83366e-06 2.31471e-06
376 -2.74411e-06 -4.41542e-06
377 -7.84231e-06 -8.31429e-06
378 -7.12526e-06 -5.87906e-06
379 -5.21464e-07 1.62478e-06
380 7.2856e-06 8.70111e-06
381 1.01427e-05 9.60951e-06
382 5.20267e-06 2.92856e-06
383 -4.47337e-06 -6.87639e-06
384 -1.1743e-05 -1.239e-05
385 -1.05984e-05 -8.78421e-06
386 -9.9113e-07 2.14041e-06
387 1.05283e-05 1.26878e-05
388 1.52262e-05 1.46336e-05
389 8.70471e-06 5.50849e-06
390 -5.28569e-06 -8.92903e-06
391 -1.68895e-05 -1.8255e-05
392 -1.7015e-05 -1.48137e-05
393 -4.27639e-06 2.31843e-07
394 1.31918e-05 1.68869e-05
395 2.28555e-05 2.28933e-05
396 1.66491e-05 1.25931e-05
397 -2.62028e-06 -8.23868e-06
398 -2.22472e-05 -2.5486e-05
399 -2.79168e-05 -2.61508e-05
400 -1.3938e-05 -7.88774e-06
401 1.17886e-05 1.82439e-05
402 3.20874e-05 3.43708e-05
403 3.18407e-05 2.78612e-05
404 8.91709e-06 7.92382e-07
405 -2.3036e-05 -3.00525e-05
406 -4.25946e-05 -4.34726e-05
407 -3.4716e-05 -2.81607e-05
408 -1.78826e-06 8.49947e-06
409 3.62904e-05 4.36615e-05
410 5.39977e-05 5.30962e-05
411 3.69873e-05 2.75031e-05
412 -7.11638e-06 -1.97455e-05
413 -5.16768e-05 -5.93407e-05
414 -6.69532e-05 -6.39973e-05
415 -3.95163e-05 -2.6714e-05
416 1.73054e-05 3.26355e-05
417 6.95327e-05 7.76611e-05
418 8.26167e-05 7.74691e-05
419 4.37063e-05 2.71244e-05
420 -2.79891e-05 -4.66589e-05
421 -9.03278e-05 -9.94428e-05
422 -0.000102698 -9.54385e-05
423 -5.17168e-05 -3.08193e-05
424 3.77739e-05 6.07983e-05
425 0.000114422 0.000125557
426 0.000129453 0.000120534
427 6.6768e-05 4.10164e-05
428 -4.41262e-05 -7.29679e-05
429 -0.000141541 -0.000156456
430 -0.000165475 -0.000156007
431 -9.3466e-05 -6.25315e-05
432 4.25569e-05 7.91136e-05
433 0.000169796 0.000191222
434 0.000213054 0.00020524
435 0.000137934 0.000102147
436 -2.55679e-05 -7.19573e-05
437 -0.000194026 -0.000225866
438 -0.000272638 -0.000270391
439 -0.000207258 -0.000168416
440 -1.83315e-05 3.96068e-05
441 0.000203376 0.000250644
442 0.000339851 0.000349474
443 0.000307344 0.000269963
444 0.000104671 3.5185e-05
445 -0.000178467 -0.000246574
446 -0.000400553 -0.000431143
447 -0.000437801 -0.000410719
448 -0.000250291 -0.00017327
449 8.96711e-05 0.000182431
450 0.00042426 0.000487096
451 0.00058243 0.000580232
452 0.000464817 0.000391556
453 9.98721e-05 -1.57757e-05
454 -0.000358574 -0.000464199
455 -0.000695334 -0.000738196
456 -0.000732849 -0.000685315
457 -0.00042006 -0.00029507
458 0.000131855 0.000283304
459 0.000687454 0.000796876
460 0.000986126 0.000997854
461 0.000860682 0.000758644
462 0.000322427 0.000140965
463 -0.000428169 -0.000615396
464 -0.00107505 -0.00118459
465 -0.00131733 -0.00129203
466 -0.00100341 -0.00083977
467 -0.000210251 3.5421e-05
468 0.000770026 0.00100067
469 0.00153654 0.00165208
470 0.00174001 0.0016792
471 0.00123354 0.00100275
472 0.000150834 -0.000172885
473 -0.00112479 -0.00141909
474 -0.00209462 -0.00223732
475 -0.00233481 -0.00225254
476 -0.00167071 -0.00137182
477 -0.000266105 0.000155816
478 0.00141209 0.00180721
479 0.00274758 0.00296213
480 0.00319553 0.00312927
481 0.00249215 0.00213978
482 0.000774863 0.000235657
483 -0.00143534 -0.00198515
484 -0.0033908 -0.00375483
485 -0.00436493 -0.00439436
486 -0.00390897 -0.00355804
487 -0.00202932 -0.00137903
488 0.000779073 0.00153861
489 0.00366179 0.00428657
490 0.00566151 0.00593003
491 0.00602434 0.00581128
492 0.00445904 0.00378265
493 0.00126474 0.000291664
494 -0.00271919 -0.00371489
495 -0.00633323 -0.00704635
496 -0.00842809 -0.00861224
497 -0.00821077 -0.00775587
498 -0.00550463 -0.00447874
499 -0.00084452 0.000513376
500 0.00462673 0.00596274
501 0.00943842 0.0103746
502 0.0121774 0.012414
503 0.0118771 0.0112782
504 0.00830627 0.00694689
505 0.00207823 0.000238039
506 -0.00545349 -0.00734854
507 -0.0124916 -0.0139672
508 -0.0172155 -0.0178626
509 -0.0182247 -0.0178026
510 -0.0149008 -0.0134037
511 -0.00759838 -0.00527056
512 0.00238008 0.0050859
513 0.0130247 0.0155367
514 0.0220236 0.0237692
515 0.0272467 0.0277747
516 0.027206 0.0262868
517 0.0213963 0.0190796
518 0.0104453 0.00706373
519 -0.00395599 -0.00783913
520 -0.0193311 -0.0230181
521 -0.0328487 -0.035631
522 -0.0418264 -0.0431121
523 -0.044216 -0.0436377
524 -0.0389828 -0.0364687
525 -0.0263164 -0.0221123
526 -0.00764081 -0.00227961
527 0.0145758 0.0203488
528 0.0371734 0.0425085
529 0.0567572 0.0608229
530 0.0701855 0.0722873
531 0.0750165 0.0746944
532 0.0698505 0.0669433
533 0.0545257 0.0491945
534 0.0301484 0.0228577
535 -0.00103746 -0.00957496
536 -0.0359149 -0.0448207
537 -0.0708499 -0.0791782
538 -0.102091 -0.108929
539 -0.126158 -0.130718
540 -0.140184 -0.141875
541 -0.142167 -0.140643
542 -0.131117 -0.126297
543 -0.107098 -0.0991572
544 -0.071162 -0.0605027
545 -0.0251975 -0.0124018
546 0.0282766 0.042507
547 0.0863558 0.101262
548 0.145998 0.160825
549 0.204258 0.218305
550 0.25848 0.271148
551 0.306449 0.317265
552 0.346488 0.355122
553 0.377498 0.383767
554 0.398955 0.402814
555 0.410866 0.412391
556 0.413693 0.413062
557 0.408262 0.405728
558 0.395662 0.391526
559 0.377142 0.371731
560 0.354022 0.347667
561 0.327607 0.320627
562 0.299131 0.291815
563 0.269702 0.262304
564 0.240272 0.233006
565 0.211627 0.20466
566 0.184378 0.177836
567 0.158967 0.152938
568 0.13569 0.130224
569 0.114705 0.109825
570 0.0960635 0.0917671
571 0.079727 0.0759931
572 0.0655909 0.062385
573 0.0535035 0.0507825
574 0.0432835 0.040999
575 0.0347344 0.0328361
576 0.0276554 0.0260937
577 0.0218507 0.020578
578 0.0171353 0.0161076
579 0.0133393 0.0125167
580 0.0103099 0.00965706
581 0.00791253 0.00739874
582 0.00603089 0.00562974
583 0.00456569 0.00425492
584 0.00343355 0.00319463
585 0.00256534 0.00238301
586 0.00190439 0.00176626
587 0.00140484 0.00130092
588 0.00102991 0.000952268
589 0.000750431 0.000692821
590 0.00054351 0.000501044
591 0.000391314 0.000360214
592 0.000280092 0.000257461
593 0.000199328 0.000182964
594 0.000141046 0.000129286
595 9.92465e-05 9.08464e-05
596 6.94477e-05 6.34834e-05
597 4.83305e-05 4.41205e-05
598 3.34529e-05 3.04983e-05
599 2.30315e-05 2.09699e-05
600 1.5773e-05 1.43426e-05
601 1.07458e-05 9.75873e-06
602 7.28309e-06 6.60574e-06
603 4.91103e-06 4.44872e-06
604 3.29483e-06 2.98097e-06
605 2.19947e-06 1.98752e-06
606 1.46101e-06 1.31862e-06
607 9.65732e-07 8.70568e-07
608 6.35258e-07 5.7198e-07
609 4.15867e-07 3.74003e-07
610 2.7095e-07 2.43391e-07
611 1.75701e-07 1.57648e-07
612 1.13403e-07 1.01635e-07
613 7.28558e-08 6.52214e-08
614 4.65914e-08 4.16625e-08
615 2.96598e-08 2.64926e-08
616 1.87962e-08 1.67705e-08
617 1.18583e-08 1.05688e-08
618 7.44813e-09 6.63102e-09
619 4.65754e-09 4.14212e-09
620 2.89979e-09 2.57614e-09
621 1.79759e-09 1.59528e-09
622 1.10955e-09 9.83638e-10
623 6.81937e-10 6.03924e-10
624 4.1735e-10 3.69224e-10
625 2.54347e-10 2.24787e-10
626 1.54361e-10 1.36283e-10
627 9.32924e-11 8.22831e-11
628 5.61519e-11 4.9476e-11
629 3.36588e-11 2.96278e-11
630 2.00948e-11 1.76705e-11
631 1.19481e-11 1.04962e-11
632 7.07575e-12 6.21029e-12
633 4.17358e-12 3.65956e-12
634 2.45225e-12 2.14816e-12
635 1.43496e-12 1.25596e-12
636 8.36593e-13 7.31504e-13
637 4.85803e-13 4.24672e-13
638 2.80905e-13 2.4533e-13
639 1.6179e-13 1.41453e-13
640 9.27262e-14 8.08597e-14
641 5.29614e-14 4.60408e-14
642 3.04253e-14 2.61591e-14
643 1.71647e-14 1.48735e-14
644 9.57201e-15 8.34183e-15
645 5.44251e-15 4.64426e-15
646 3.08766e-15 2.83192e-15
647 1.87716e-15 1.54271e-15
648 9.56073e-16 7.41769e-16
649 5.55758e-16 7.22074e-16
650 4.06155e-16 4.84052e-16
651 -9.07275e-17 -2.23801e-16
652 6.85616e-16 2.13118e-16
653 -1.52096e-16 2.3988e-16
654 2.12735e-16 -1.78228e-17
655 -7.30046e-17 1.37725e-16
656 -8.21573e-17 2.51446e-17
657 -1.73337e-17 -6.35544e-17
658 3.5116e-16 1.82592e-16
659 -1.46335e-16 -3.47719e-17
660 -2.72451e-16 -6.32327e-17
661 1.4767e-16 -1.28142e-16
662 -6.69033e-17 -4.79354e-17
663 4.98028e-17 -1.52845e-16
664 -8.25164e-17 9.68899e-18
665 3.41385e-17 1.49912e-16
666 -2.91464e-16 -5.81736e-17
667 -1.60541e-16 -2.6079e-16
668 3.19426e-16 2.38073e-17
669 -1.58992e-17 1.3859e-16
670 -1.26632e-16 -1.81619e-16
671 3.29524e-17 -2.34672e-17
672 -4.40654e-17 1.41487e-17
673 2.07494e-16 -3.58639e-17
674 4.52946e-17 2.46965e-16
675 -2.47677e-16 -7.67998e-17
676 9.48627e-17 1.91601e-17
677 1.51948e-17 -5.56387e-16
678 2.07001e-16 -2.44004e-16
679 8.2878e-17 -1.31919e-16
680 2.70014e-16 5.99553e-16
681 -6.91982e-17 -1.77943e-16
682 6.65139e-17 4.28679e-16
683 -1.05344e-16 -1.22144e-16
684 -2.84818e-17 1.14925e-16
685 5.83337e-17 1.56898e-16
686 -4.62511e-16 -7.41374e-17
687 1.24889e-16 -8.58708e-17
688 -2.50952e-16 -1.82241e-16
689 2.78897e-16 4.32943e-17
690 3.59489e-17 -1.81962e-16
691 1.39688e-16 -2.10387e-16
692 5.78809e-17 2.13571e-16
693 2.6938e-17 -1.56199e-17
694 1.94895e-17 -1.76383e-16
695 8.57805e-17 2.20471e-16
696 1.37903e-17 -2.30207e-16
697 1.05731e-16 7.21083e-17
698 -4.79736e-17 2.47284e-16
699 7.51349e-17 4.30985e-17
700 -3.68545e-16 -1.23157e-16
701 3.21807e-16 -9.18644e-17
702 5.06746e-17 1.72452e-16
703 9.17346e-17 2.8411e-16
704 -2.6932e-16 -8.39945e-17
705 3.52777e-17 1.72605e-16
706 -1.22964e-16 -3.43183e-17
707 7.3091e-17 -1.13175e-16
708 3.38402e-17 2.00442e-18
709 -6.0002e-17 -4.82078e-17
710 3.06195e-16 1.1471e-16
711 1.10977e-16 -1.81555e-16
712 2.03412e-16 6.0161e-17
713 -2.56562e-16 -7.55233e-17
714 1.78327e-16 -8.11237e-17
715 1.40486e-16 2.90686e-16
716 -3.91061e-17 9.68416e-17
717 2.68001e-16 2.46328e-16
718 3.35312e-16 7.57666e-17
719 -2.01601e-16 -1.2233e-16
720 -2.05681e-16 -4.28229e-16
721 8.39828e-17 2.4107e-16
722 -1.30301e-16 -2.7074e-16
723 -1.64301e-16 1.47021e-16
724 1.75204e-16 7.02983e-17
725 2.09295e-16 -2.71385e-16
726 4.43185e-17 -8.90742e-17
727 1.5356e-16 3.65791e-16
728 -3.22615e-16 -1.14748e-16
729 -1.62706e-16 -4.70904e-17
730 2.35559e-16 3.79609e-16
731 1.27852e-16 -9.72392e-18
732 -2.63283e-16 -1.63671e-16
733 -6.53494e-17 4.10682e-16
734 -4.24085e-17 2.32072e-16
735 -1.44981e-16 -8.45452e-17
736 -1.40619e-16 1.20127e-16
737 7.61709e-17 -3.69907e-17
738 5.70424e-17 1.23293e-16
739 -2.459e-16 -8.08182e-17
740 2.17537e-16 1.10447e-16
741 2.44019e-16 9.55165e-17
742 -1.68748e-16 1.22664e-16
743 -7.77161e-17 -2.20819e-16
744 -4.38293e-18 3.09428e-16
745 5.73529e-17 -1.64765e-16
746 -1.86508e-17 -3.41178e-17
747 2.62653e-16 1.35895e-16
748 6.78807e-17 -2.94866e-16
749 -5.81244e-18 2.773e-16
750 4.80404e-17 -4.21989e-17
751 -2.25261e-16 -4.77454e-16
752 9.32401e-17 1.07529e-16
753 -8.221e-17 -1.64385e-16
754 4.74819e-17 -7.4542e-17
755 3.93641e-16 1.28688e-16
756 1.5372e-16 -2.00415e-16
757 1.23544e-16 1.53211e-17
758 1.94384e-16 -4.92635e-17
759 -2.20774e-16 1.87051e-16
760 -5.78291e-17 -2.26158e-16
761 3.02455e-16 4.33897e-16
762 -3.66761e-16 -2.3109e-17
763 2.09317e-16 1.24475e-16
764 -1.15689e-17 -9.11058e-18
765 1.26959e-16 -1.90588e-17
766 1.82125e-16 -8.28922e-17
767 2.13356e-17 -1.11399e-16
768 4.78827e-17 2.0924e-16
769 -2.42447e-16 -2.89275e-17
770 1.26796e-16 7.60052e-18
771 -2.2445e-16 8.96276e-17
772 1.18436e-18 2.26422e-17
773 -3.16171e-16 1.09747e-17
774 -6.17306e-17 -5.44241e-17
775 -1.67872e-16 -1.26654e-16
776 2.95198e-16 6.02927e-17
777 -8.60027e-17 -1.48375e-16
778 -1.17775e-16 -3.07535e-16
779 7.39768e-17 -3.57279e-17
780 -1.38704e-16 1.45331e-17
781 -1.38171e-16 -1.65471e-16
782 5.40401e-17 -2.49714e-16
783 -1.83312e-16 -2.68488e-16
784 1.27948e-16 1.1303e-16
785 -3.35696e-16 -9.06962e-17
786 -5.76868e-17 -5.00899e-17
787 1.5903e-16 1.48749e-16
788 -2.62047e-16 -2.97847e-16
789 1.11092e-16 4.89953e-17
790 -1.61329e-16 -9.1296e-17
791 -5.12105e-17 2.70379e-16
792 1.23579e-16 1.01084e-16
793 -7.25039e-17 -1.5111e-16
794 -1.74144e-16 2.2799e-17
795 -1.14087e-16 -9.02726e-17
796 -2.10727e-16 -2.76336e-16
797 9.9267e-17 1.569e-17
798 -2.43335e-16 2.67803e-16
799 -1.79263e-16 -1.80893e-16
800 1.23003e-16 1.65591e-16
801 -7.75176e-17 -4.02501e-17
802 3.41585e-16 1.81195e-16
803 3.00149e-16 2.12786e-16
804 -8.88395e-17 7.45479e-17
805 -1.30914e-18 -1.43328e-16
806 9.52548e-18 5.7325e-18
807 5.54298e-17 -5.76524e-17
808 -1.02872e-16 -2.68735e-16
809 1.93832e-16 1.62755e-17
810 -1.3249e-16 -3.78091e-17
811 1.2664e-16 6.02442e-17
812 1.81991e-17 -1.03966e-16
813 -7.0681e-17 -4.22388e-18
814 8.02057e-19 -2.14455e-16
815 3.76706e-16 7.43342e-17
816 4.96093e-17 1.33569e-16
817 2.29867e-16 1.04492e-16
818 2.29893e-17 -3.16705e-16
819 -1.34969e-16 9.40215e-17
820 -9.41656e-17 7.89704e-17
821 -1.24205e-16 -2.62579e-16
822 4.07968e-17 1.48196e-16
823 -5.0318e-17 -4.60095e-17
824 1.9862e-16 9.87839e-17
825 -3.6126e-16 8.34937e-17
826 2.39905e-16 1.70702e-16
827 -6.36864e-17 -2.2224e-16
828 8.1082e-17 2.8156e-16
829 1.0025e-16 3.33547e-17
830 -2.71628e-16 -1.311e-16
831 2.44278e-16 -1.61766e-16
832 -7.26356e-17 -1.00034e-16
833 -2.49779e-17 -7.95314e-17
834 2.42789e-16 2.89708e-17
835 -3.54637e-16 -8.33907e-17
836 2.619e-17 -7.98215e-17
837 -6.83984e-17 2.59811e-16
838 -4.73099e-17 -9.04933e-17
839 -1.29815e-16 2.30786e-16
840 5.07918e-18 6.88325e-17
841 2.58333e-16 4.62556e-17
842 -2.33805e-16 -2.88855e-16
843 -3.83748e-17 -1.40927e-16
844 6.11073e-17 -2.38114e-17
845 1.6066e-16 -2.55234e-16
846 7.27673e-17 -2.93476e-16
847 1.70842e-16 2.42966e-16
848 -8.26833e-17 -4.6208e-16
849 -5.40768e-17 -6.79069e-17
850 3.46276e-16 -4.7267e-16
851 5.89561e-16 -8.67829e-16
852 7.23205e-16 -1.70274e-15
853 1.97355e-15 -2.55712e-15
854 2.88046e-15 -4.93562e-15
855 5.45772e-15 -8.57926e-15
856 1.01527e-14 -1.46986e-14
857 1.68506e-14 -2.64248e-14
858 3.03726e-14 -4.62307e-14
859 5.34745e-14 -8.09739e-14
860 9.29537e-14 -1.41245e-13
861 1.61839e-13 -2.453e-13
862 2.81249e-13 -4.24183e-13
863 4.85779e-13 -7.31232e-13
864 8.36448e-13 -1.25595e-12
865 1.43516e-12 -2.14802e-12
866 2.4521e-12 -3.65958e-12
867 4.17371e-12 -6.21026e-12
868 7.076e-12 -1.04965e-11
869 1.19483e-11 -1.76704e-11
870 2.00944e-11 -2.96283e-11
871 3.36593e-11 -4.9476e-11
872 5.61519e-11 -8.2283e-11
873 9.32926e-11 -1.36283e-10
874 1.54361e-10 -2.24788e-10
875 2.54347e-10 -3.69224e-10
876 4.1735e-10 -6.03924e-10
877 6.81937e-10 -9.83638e-10
878 1.10955e-09 -1.59528e-09
879 1.79759e-09 -2.57614e-09
880 2.89979e-09 -4.14212e-09
881 4.65754e-09 -6.63102e-09
882 7.44813e-09 -1.05688e-08
883 1.18583e-08 -1.67705e-08
884 1.87962e-08 -2.64926e-08
885 2.96598e-08 -4.16625e-08
886 4.65914e-08 -6.52214e-08
887 7.28558e-08 -1.01635e-07
888 1.13403e-07 -1.57648e-07
889 1.75701e-07 -2.43391e-07
890 2.7095e-07 -3.74003e-07
891 4.15867e-07 -5.7198e-07
892 6.35258e-07 -8.70568e-07
893 9.65732e-07 -1.31862e-06
894 1.46101e-06 -1.98752e-06
895 2.19947e-06 -2.98097e-06
896 3.29483e-06 -4.44872e-06
897 4.91103e-06 -6.60574e-06
898 7.28309e-06 -9.75873e-06
899 1.07458e-05 -1.43426e-05
900 1.5773e-05 -2.09699e-05
901 2.30315e-05 -3.04983e-05
902 3.34529e-05 -4.41205e-05
903 4.83305e-05 -6.34834e-05
904 6.94477e-05 -9.08464e-05
905 9.92465e-05 -0.000129286
906 0.000141046 -0.000182964
907 0.000199328 -0.000257461
908 0.000280092 -0.000360214
909 0.000391314 -0.000501044
910 0.00054351 -0.000692821
911 0.000750431 -0.000952268
912 0.00102991 -0.00130092
913 0.00140484 -0.00176626
914 0.00190439 -0.00238301
915 0.00256534 -0.00319463
916 0.00343355 -0.00425492
917 0.00456569 -0.00562974
918 0.00603089 -0.00739874
919 0.00791253 -0.00965706
920 0.0103099 -0.0125167
921 0.0133393 -0.0161076
922 0.0171353 -0.020578
923 0.0218507 -0.0260937
924 0.0276554 -0.0328361
925 0.0347344 -0.040999
926 0.0432835 -0.0507825
927 0.0535035 -0.062385
928 0.0655909 -0.0759931
929 0.079727 -0.0917671
930 0.0960635 -0.109825
931 0.114705 -0.130224
932 0.13569 -0.152938
933 0.158967 -0.177836
934 0.184378 -0.20466
935 0.211627 -0.233006
936 0.240272 -0.262304
937 0.269702 -0.291815
938 0.299131 -0.320627
939 0.327607 -0.347667
940 0.354022 -0.371731
941 0.377142 -0.391526
942 0.395662 -0.405728
943 0.408262 -0.413062
944 0.413693 -0.412391
945 0.410866 -0.402814
946 0.398955 -0.383767
947 0.377498 -0.355122
948 0.346488 -0.317265
949 0.306449 -0.271148
950 0.25848 -0.218305
951 0.204258 -0.160825
952 0.145998 -0.101262
953 0.0863558 -0.042507
954 0.0282766 0.0124018
955 -0.0251975 0.0605027
956 -0.071162 0.0991572
957 -0.107098 0.126297
958 -0.131117 0.140643
959 -0.142167 0.141875
960 -0.140184 0.130718
961 -0.126158 0.108929
962 -0.102091 0.0791782
963 -0.0708499 0.0448207
964 -0.0359149 0.00957496
965 -0.00103746 -0.0228577
966 0.0301484 -0.0491945
967 0.0545257 -0.0669433
968 0.0698505 -0.0746944
969 0.0750165 -0.0722873
970 0.0701855 -0.0608229
971 0.0567572 -0.0425085
972 0.0371734 -0.0203488
973 0.0145758 0.00227961
974 -0.00764081 0.0221123
975 -0.0263164 0.0364687
976 -0.0389828 0.0436377
977 -0.044216 0.0431121
978 -0.0418264 0.035631
979 -0.0328487 0.0230181
980 -0.0193311 0.00783913
981 -0.00395599 -0.00706373
982 0.0104453 -0.0190796
983 0.0213963 -0.0262868
984 0.027206 -0.0277747
985 0.0272467 -0.0237692
986 0.0220236 -0.0155367
987 0.0130247 -0.0050859
988 0.00238008 0.00527056
989 -0.00759838 0.0134037
990 -0.0149008 0.0178026
991 -0.0182247 0.0178626
992 -0.0172155 0.0139672
993 -0.0124916 0.00734854
994 -0.00545349 -0.000238039
995 0.00207823 -0.00694689
996 0.00830627 -0.0112782
997 0.0118771 -0.012414
998 0.0121774 -0.0103746
999 0.00943842 -0.00596274
