0 -5.46409e-14 -3.5112e-14
1 4.33008e-14 6.76549e-14
2 7.46012e-14 5.24296e-14
3 -4.66852e-14 -8.06231e-14
4 -1.02199e-13 -7.81338e-14
5 4.64786e-14 9.30178e-14
6 1.38199e-13 1.13873e-13
7 -3.97931e-14 -1.03048e-13
8 -1.83557e-13 -1.62499e-13
9 2.10297e-14 1.05487e-13
10 2.39765e-13 2.27326e-13
11 1.58516e-14 -9.42921e-14
12 -3.05546e-13 -3.1027e-13
13 -7.91379e-14 6.09439e-14
14 3.77388e-13 4.11629e-13
15 1.807e-13 8.49266e-15
16 -4.46418e-13 -5.27834e-13
17 -3.32597e-13 -1.30628e-13
18 4.97541e-13 6.48832e-13
19 5.4751e-13 3.25189e-13
20 -5.05151e-13 -7.5406e-13
21 -8.33755e-13 -6.12674e-13
22 4.31531e-13 8.08476e-13
23 1.19037e-12 1.00944e-12
24 -2.24422e-13 -7.57745e-13
25 -1.59726e-12 -1.51883e-12
26 -1.8065e-13 5.25559e-13
27 2.00292e-12 2.11635e-12
28 8.53304e-13 -1.62417e-14
29 -2.30897e-12 -2.73118e-12
30 -1.85149e-12 -8.75049e-13
31 2.35705e-12 3.22486e-12
32 3.19104e-12 2.23694e-12
33 -1.922e-12 -3.36832e-12
34 -4.7996e-12 -4.09506e-12
35 7.2215e-13 2.83393e-12
36 6.45631e-12 6.34373e-12
37 1.5336e-12 -1.21594e-12
38 -7.72513e-12 -8.65449e-12
39 -5.05113e-12 -1.89675e-12
40 7.9092e-12 1.03833e-11
41 9.78882e-12 6.77054e-12
42 -6.06519e-12 -1.05131e-11
43 -1.5235e-11 -1.32829e-11
44 1.13916e-12 7.69981e-12
45 2.01598e-11 2.05914e-11
46 7.70611e-12 -5.10045e-13
47 -2.24365e-11 -2.68009e-11
48 -2.05245e-11 -1.2048e-11
49 1.90983e-11 2.87671e-11
50 3.58092e-11 2.96615e-11
51 -6.86342e-12 -2.23196e-11
52 -4.96802e-11 -4.9604e-11
53 -1.6643e-11 3.22294e-12
54 5.54448e-11 6.57154e-11
55 5.08766e-11 3.08372e-11
56 -4.4181e-11 -6.81537e-11
57 -8.98547e-11 -7.72598e-11
58 7.13763e-12 4.48942e-11
59 1.20059e-10 1.25193e-10
60 5.95104e-11 1.40008e-11
61 -1.20489e-10 -1.53521e-10
62 -1.47901e-10 -1.0897e-10
63 6.71855e-11 1.32862e-10
64 2.31835e-10 2.2171e-10
65 5.58461e-11 -3.4682e-11
66 -2.64717e-10 -3.08192e-10
67 -2.39625e-10 -1.50913e-10
68 1.88446e-10 3.01127e-10
69 4.3219e-10 3.91515e-10
70 4.10892e-11 -1.30357e-10
71 -5.31271e-10 -5.93421e-10
72 -4.12346e-10 -2.34217e-10
73 4.04467e-10 6.06214e-10
74 8.13779e-10 7.2492e-10
75 4.86777e-11 -2.72786e-10
76 -1.01782e-09 -1.13224e-09
77 -7.96051e-10 -4.65552e-10
78 7.36158e-10 1.1239e-09
79 1.57312e-09 1.43456e-09
80 2.22641e-10 -3.78809e-10
81 -1.86715e-09 -2.1434e-09
82 -1.71623e-09 -1.15471e-09
83 1.08822e-09 1.87721e-09
84 3.07317e-09 2.96883e-09
85 1.02507e-09 -7.11241e-11
86 -3.1572e-09 -3.90016e-09
87 -3.88449e-09 -3.07714e-09
88 9.05918e-10 2.52109e-09
89 5.78024e-09 6.0789e-09
90 3.66707e-09 1.84128e-09
91 -4.38182e-09 -6.30917e-09
92 -8.4994e-09 -7.8e-09
93 -1.67524e-09 1.40588e-09
94 9.54662e-09 1.13372e-08
95 1.0604e-08 8.22321e-09
96 -2.90424e-09 -7.32772e-09
97 -1.63612e-08 -1.72844e-08
98 -1.11457e-08 -6.29942e-09
99 1.09455e-08 1.65865e-08
100 2.46272e-08 2.3634e-08
101 8.944e-09 7.60552e-10
102 -2.34444e-08 -2.99178e-08
103 -3.40619e-08 -2.97318e-08
104 -2.55723e-09 9.94812e-09
105 4.16776e-08 4.83057e-08
106 4.44371e-08 3.48836e-08
107 -9.79889e-09 -2.78192e-08
108 -6.75049e-08 -7.33052e-08
109 -5.58207e-08 -3.85234e-08
110 3.0388e-08 5.55361e-08
111 1.03876e-07 1.07589e-07
112 6.90161e-08 4.05406e-08
113 -6.21088e-08 -9.68205e-08
114 -1.55643e-07 -1.55846e-07
115 -8.63898e-08 -4.19613e-08
116 1.08545e-07 1.56799e-07
117 2.30782e-07 2.26228e-07
118 1.13444e-07 4.63672e-08
119 -1.73583e-07 -2.42135e-07
120 -3.42127e-07 -3.32558e-07
121 -1.61733e-07 -6.27475e-08
122 2.59865e-07 3.60263e-07
123 5.0943e-07 4.97395e-07
124 2.54015e-07 1.10919e-07
125 -3.64537e-07 -5.16208e-07
126 -7.60873e-07 -7.55452e-07
127 -4.32646e-07 -2.31084e-07
128 4.69439e-07 7.039e-07
129 1.1313e-06 1.15516e-06
130 7.71494e-07 4.98915e-07
131 -5.21139e-07 -8.86488e-07
132 -1.65066e-06 -1.75218e-06
133 -1.38855e-06 -1.0452e-06
134 3.95096e-07 9.57583e-07
135 2.30944e-06 2.58088e-06
136 2.44768e-06 2.07094e-06
137 1.58474e-07 -6.76023e-07
138 -2.97951e-06 -3.57823e-06
139 -4.11923e-06 -3.82907e-06
140 -1.57305e-06 -4.20205e-07
141 3.26531e-06 4.42396e-06
142 6.43806e-06 6.50656e-06
143 4.46882e-06 3.07081e-06
144 -2.28554e-06 -4.2744e-06
145 -8.96549e-06 -9.89176e-06
146 -9.44853e-06 -8.16884e-06
147 -1.51266e-06 1.4582e-06
148 1.01848e-05 1.27009e-05
149 1.64093e-05 1.61395e-05
150 1.01588e-05 6.53949e-06
151 -6.77624e-06 -1.16127e-05
152 -2.30665e-05 -2.53896e-05
153 -2.48412e-05 -2.19982e-05
154 -6.4517e-06 6.96228e-07
155 2.2843e-05 2.97246e-05
156 4.25004e-05 4.35282e-05
157 3.40711e-05 2.6762e-05
158 -3.88239e-06 -1.62092e-05
159 -5.03797e-05 -5.96781e-05
160 -7.22808e-05 -7.06386e-05
161 -4.59976e-05 -3.15248e-05
162 2.27384e-05 4.30367e-05
163 9.57081e-05 0.00010876
164 0.000121423 0.000115837
165 6.80566e-05 4.24674e-05
166 -4.96421e-05 -8.31858e-05
167 -0.000168919 -0.000189798
168 -0.000209292 -0.000199901
169 -0.000121275 -7.92323e-05
170 7.3988e-05 0.000130645
171 0.000281046 0.00032031
172 0.000371913 0.000364254
173 0.000256888 0.000193766
174 -5.21706e-05 -0.000148245
175 -0.000424668 -0.000505978
176 -0.000658955 -0.000674012
177 -0.000580351 -0.00050193
178 -0.000144875 9.393e-06
179 0.000506303 0.000673113
180 0.00107953 0.00117283
181 0.00124725 0.00119748
182 0.000807887 0.00060068
183 -0.000184938 -0.000489299
184 -0.00139128 -0.00167034
185 -0.00228316 -0.00239609
186 -0.00234858 -0.00219651
187 -0.00132686 -0.000905979
188 0.000622032 0.00119864
189 0.00289633 0.00342178
190 0.00461038 0.00484929
191 0.0048945 0.00467072
192 0.00324036 0.00251684
193 -0.000232172 -0.00131192
194 -0.00469418 -0.00582275
195 -0.00876496 -0.00954697
196 -0.0108821 -0.0109509
197 -0.00978664 -0.00892864
198 -0.00498186 -0.00323045
199 0.00297786 0.00530927
200 0.012468 0.014829
201 0.0210734 0.0227888
202 0.0261118 0.0265399
203 0.0252835 0.0239804
204 0.0172905 0.0141438
205 0.00227826 -0.00242373
206 -0.018006 -0.0235856
207 -0.0403792 -0.0458595
208 -0.0606789 -0.0649349
209 -0.0744191 -0.0763584
210 -0.0775143 -0.0762543
211 -0.0669383 -0.0619469
212 -0.041203 -0.0323811
213 -0.000586169 0.0117183
214 0.0529118 0.0679553
215 0.115855 0.132601
216 0.183833 0.201088
217 0.252021 0.268575
218 0.315728 0.330485
219 0.370883 0.382965
220 0.414385 0.423194
221 0.444299 0.449542
222 0.459896 0.461572
223 0.46156 0.45992
224 0.450593 0.446079
225 0.428962 0.42214
226 0.399027 0.39052
227 0.363286 0.353713
228 0.324154 0.314088
229 0.283801 0.273732
230 0.244045 0.234365
231 0.206297 0.197295
232 0.17156 0.163423
233 0.140453 0.133282
234 0.113265 0.107089
235 0.0900226 0.0848123
236 0.0705516 0.0662401
237 0.0545455 0.0510407
238 0.0416186 0.0388162
239 0.031352 0.0291444
240 0.0233272 0.02161
241 0.01715 0.0158262
242 0.0124655 0.0114467
243 0.0089651 0.00817164
244 0.00638941 0.00574796
245 0.0045264 0.00396657
246 0.00320794 0.00265701
247 0.00230515 0.00168101
248 0.00172367 0.000925418
249 0.00139945 0.000294963
250 0.00129542 -0.000294963
251 0.00139945 -0.000925418
252 0.00172367 -0.00168101
253 0.00230515 -0.00265701
254 0.00320794 -0.00396657
255 0.0045264 -0.00574796
256 0.00638941 -0.00817164
257 0.0089651 -0.0114467
258 0.0124655 -0.0158262
259 0.01715 -0.02161
260 0.0233272 -0.0291444
261 0.031352 -0.0388162
262 0.0416186 -0.0510407
263 0.0545455 -0.0662401
264 0.0705516 -0.0848123
265 0.0900226 -0.107089
266 0.113265 -0.133282
267 0.140453 -0.163423
268 0.17156 -0.197295
269 0.206297 -0.234365
270 0.244045 -0.273732
271 0.283801 -0.314088
272 0.324154 -0.353713
273 0.363286 -0.39052
274 0.399027 -0.42214
275 0.428962 -0.446079
276 0.450593 -0.45992
277 0.46156 -0.461572
278 0.459896 -0.449542
279 0.444299 -0.423194
280 0.414385 -0.382965
281 0.370883 -0.330485
282 0.315728 -0.268575
283 0.252021 -0.201088
284 0.183833 -0.132601
285 0.115855 -0.0679553
286 0.0529118 -0.0117183
287 -0.000586169 0.0323811
288 -0.041203 0.0619469
289 -0.0669383 0.0762543
290 -0.0775143 0.0763584
291 -0.0744191 0.0649349
292 -0.0606789 0.0458595
293 -0.0403792 0.0235856
294 -0.018006 0.00242373
295 0.00227826 -0.0141438
296 0.0172905 -0.0239804
297 0.0252835 -0.0265399
298 0.0261118 -0.0227888
299 0.0210734 -0.014829
300 0.012468 -0.00530927
301 0.00297786 0.00323045
302 -0.00498186 0.00892864
303 -0.00978664 0.0109509
304 -0.0108821 0.00954697
305 -0.00876496 0.00582275
306 -0.00469418 0.00131192
307 -0.000232172 -0.00251684
308 0.00324036 -0.00467072
309 0.0048945 -0.00484929
310 0.00461038 -0.00342178
311 0.00289633 -0.00119864
312 0.000622032 0.000905979
313 -0.00132686 0.00219651
314 -0.00234858 0.00239609
315 -0.00228316 0.00167034
316 -0.00139128 0.000489299
317 -0.000184938 -0.00060068
318 0.000807887 -0.00119748
319 0.00124725 -0.00117283
320 0.00107953 -0.000673113
321 0.000506303 -9.393e-06
322 -0.000144875 0.00050193
323 -0.000580351 0.000674012
324 -0.000658955 0.000505978
325 -0.000424668 0.000148245
326 -5.21706e-05 -0.000193766
327 0.000256888 -0.000364254
328 0.000371913 -0.00032031
329 0.000281046 -0.000130645
330 7.3988e-05 7.92323e-05
331 -0.000121275 0.000199901
332 -0.000209292 0.000189798
333 -0.000168919 8.31858e-05
334 -4.96421e-05 -4.24674e-05
335 6.80566e-05 -0.000115837
336 0.000121423 -0.00010876
337 9.57081e-05 -4.30367e-05
338 2.27384e-05 3.15248e-05
339 -4.59976e-05 7.06386e-05
340 -7.22808e-05 5.96781e-05
341 -5.03797e-05 1.62092e-05
342 -3.88239e-06 -2.6762e-05
343 3.40711e-05 -4.35282e-05
344 4.25004e-05 -2.97246e-05
345 2.2843e-05 -6.96228e-07
346 -6.4517e-06 2.19982e-05
347 -2.48412e-05 2.53896e-05
348 -2.30665e-05 1.16127e-05
349 -6.77624e-06 -6.53949e-06
350 1.01588e-05 -1.61395e-05
351 1.64093e-05 -1.27009e-05
352 1.01848e-05 -1.4582e-06
353 -1.51266e-06 8.16884e-06
354 -9.44853e-06 9.89176e-06
355 -8.96549e-06 4.2744e-06
356 -2.28554e-06 -3.07081e-06
357 4.46882e-06 -6.50656e-06
358 6.43806e-06 -4.42396e-06
359 3.26531e-06 4.20205e-07
360 -1.57305e-06 3.82907e-06
361 -4.11923e-06 3.57823e-06
362 -2.97951e-06 6.76023e-07
363 1.58474e-07 -2.07094e-06
364 2.44768e-06 -2.58088e-06
365 2.30944e-06 -9.57583e-07
366 3.95096e-07 1.0452e-06
367 -1.38855e-06 1.75218e-06
368 -1.65066e-06 8.86488e-07
369 -5.21139e-07 -4.98915e-07
370 7.71494e-07 -1.15516e-06
371 1.1313e-06 -7.039e-07
372 4.69439e-07 2.31084e-07
373 -4.32646e-07 7.55452e-07
374 -7.60873e-07 5.16208e-07
375 -3.64537e-07 -1.10919e-07
376 2.54015e-07 -4.97395e-07
377 5.0943e-07 -3.60263e-07
378 2.59865e-07 6.27475e-08
379 -1.61733e-07 3.32558e-07
380 -3.42127e-07 2.42135e-07
381 -1.73583e-07 -4.63672e-08
382 1.13444e-07 -2.26228e-07
383 2.30782e-07 -1.56799e-07
384 1.08545e-07 4.19613e-08
385 -8.63898e-08 1.55846e-07
386 -1.55643e-07 9.68205e-08
387 -6.21088e-08 -4.05406e-08
388 6.90161e-08 -1.07589e-07
389 1.03876e-07 -5.55361e-08
390 3.0388e-08 3.85234e-08
391 -5.58207e-08 7.33052e-08
392 -6.75049e-08 2.78192e-08
393 -9.79889e-09 -3.48836e-08
394 4.44371e-08 -4.83057e-08
395 4.16776e-08 -9.94812e-09
396 -2.55723e-09 2.97318e-08
397 -3.40619e-08 2.99178e-08
398 -2.34444e-08 -7.60552e-10
399 8.944e-09 -2.3634e-08
400 2.46272e-08 -1.65865e-08
401 1.09455e-08 6.29942e-09
402 -1.11457e-08 1.72844e-08
403 -1.63612e-08 7.32772e-09
404 -2.90424e-09 -8.22321e-09
405 1.0604e-08 -1.13372e-08
406 9.54662e-09 -1.40588e-09
407 -1.67524e-09 7.8e-09
408 -8.4994e-09 6.30917e-09
409 -4.38182e-09 -1.84128e-09
410 3.66707e-09 -6.0789e-09
411 5.78024e-09 -2.52109e-09
412 9.05919e-10 3.07714e-09
413 -3.88449e-09 3.90016e-09
414 -3.1572e-09 7.1124e-11
415 1.02507e-09 -2.96883e-09
416 3.07317e-09 -1.87721e-09
417 1.08822e-09 1.15471e-09
418 -1.71623e-09 2.1434e-09
419 -1.86715e-09 3.7881e-10
420 2.2264e-10 -1.43456e-09
421 1.57312e-09 -1.1239e-09
422 7.36158e-10 4.65552e-10
423 -7.96051e-10 1.13224e-09
424 -1.01782e-09 2.72785e-10
425 4.86779e-11 -7.2492e-10
426 8.13779e-10 -6.06213e-10
427 4.04467e-10 2.34217e-10
428 -4.12346e-10 5.93421e-10
429 -5.3127e-10 1.30357e-10
430 4.10894e-11 -3.91515e-10
431 4.3219e-10 -3.01127e-10
432 1.88446e-10 1.50913e-10
433 -2.39625e-10 3.08192e-10
434 -2.64717e-10 3.46822e-11
435 5.58459e-11 -2.2171e-10
436 2.31835e-10 -1.32863e-10
437 6.71854e-11 1.0897e-10
438 -1.47901e-10 1.5352e-10
439 -1.20489e-10 -1.40006e-11
440 5.95106e-11 -1.25194e-10
441 1.20059e-10 -4.48942e-11
442 7.13761e-12 7.72597e-11
443 -8.98546e-11 6.81537e-11
444 -4.41811e-11 -3.08373e-11
445 5.08766e-11 -6.57153e-11
446 5.54447e-11 -3.22309e-12
447 -1.6643e-11 4.96038e-11
448 -4.96807e-11 2.23197e-11
449 -6.86341e-12 -2.96617e-11
450 3.58093e-11 -2.87669e-11
451 1.90982e-11 1.20482e-11
452 -2.05247e-11 2.68007e-11
453 -2.24366e-11 5.09814e-13
454 7.70647e-12 -2.05917e-11
455 2.01598e-11 -7.69962e-12
456 1.13899e-12 1.32825e-11
457 -1.52348e-11 1.05131e-11
458 -6.0651e-12 -6.77071e-12
459 9.78884e-12 -1.03833e-11
460 7.90907e-12 1.89662e-12
461 -5.0512e-12 8.65409e-12
462 -7.72475e-12 1.21602e-12
463 1.53349e-12 -6.34347e-12
464 6.45619e-12 -2.83381e-12
465 7.22013e-13 4.09483e-12
466 -4.79947e-12 3.36834e-12
467 -1.92208e-12 -2.23666e-12
468 3.19083e-12 -3.22497e-12
469 2.35717e-12 8.75017e-13
470 -1.85146e-12 2.73106e-12
471 -2.30895e-12 1.64326e-14
472 8.5337e-13 -2.11632e-12
473 2.00289e-12 -5.25714e-13
474 -1.80463e-13 1.51887e-12
475 -1.59745e-12 7.57579e-13
476 -2.24347e-13 -1.00948e-12
477 1.19041e-12 -8.08878e-13
478 4.31783e-13 6.12768e-13
479 -8.33717e-13 7.54344e-13
480 -5.05207e-13 -3.2494e-13
481 5.47095e-13 -6.48956e-13
482 4.97738e-13 1.30965e-13
483 -3.32749e-13 5.27614e-13
484 -4.46665e-13 -8.62124e-15
485 1.80655e-13 -4.11721e-13
486 3.77301e-13 -6.0622e-14
487 -7.92379e-14 3.10079e-13
488 -3.05436e-13 9.48078e-14
489 1.56593e-14 -2.27354e-13
490 2.3968e-13 -1.05377e-13
491 2.108e-14 1.62803e-13
492 -1.83705e-13 1.02678e-13
493 -3.95268e-14 -1.13753e-13
494 1.37987e-13 -9.33337e-14
495 4.70408e-14 7.8303e-14
496 -1.0228e-13 8.07161e-14
497 -4.69033e-14 -5.30523e-14
498 7.48096e-14 -6.75061e-14
499 4.33702e-14 3.49265e-14
500 -5.44151e-14 5.54388e-14
501 -3.80461e-14 -2.2862e-14
502 3.93921e-14 -4.47583e-14
503 3.23527e-14 1.48491e-14
504 -2.85748e-14 3.57969e-14
505 -2.69339e-14 -9.61752e-15
506 2.08385e-14 -2.83791e-14
507 2.20358e-14 6.08173e-15
508 -1.54548e-14 2.22161e-14
509 -1.78118e-14 -4.32588e-15
510 1.14268e-14 -1.75457e-14
511 1.39967e-14 2.86716e-15
512 -8.59138e-15 1.38673e-14
513 -1.11899e-14 -2.41451e-15
514 6.83179e-15 -1.07232e-14
515 8.52383e-15 1.81108e-15
516 -5.31405e-15 8.48554e-15
517 -6.71572e-15 -1.51034e-15
518 4.24511e-15 -6.56772e-15
519 5.23209e-15 1.23802e-15
520 -3.33035e-15 4.81618e-15
521 -3.90196e-15 -1.1451e-15
522 2.84363e-15 -3.86613e-15
523 2.75888e-15 1.01863e-15
524 -2.21974e-15 2.89548e-15
525 -2.01481e-15 -1.05764e-15
526 2.08069e-15 -2.13989e-15
527 1.39941e-15 7.3821e-16
528 -1.5703e-15 1.66416e-15
529 -1.14841e-15 -1.18063e-15
530 1.53764e-15 -1.08397e-15
531 6.23011e-16 8.26043e-16
532 -1.10999e-15 1.3295e-15
533 -6.32059e-16 -8.46843e-16
534 9.75998e-16 -6.73987e-16
535 2.35953e-16 6.69703e-16
536 -8.60888e-16 4.03881e-16
537 -3.03527e-17 -6.13211e-16
538 5.61551e-16 -3.99366e-17
539 -8.88649e-17 5.05513e-16
540 -2.86823e-16 8.01496e-17
541 -3.75503e-17 -2.6383e-16
542 3.19534e-16 -8.7574e-17
543 4.9998e-17 2.56589e-16
544 -2.63145e-16 -4.90545e-17
545 1.41379e-16 -1.92255e-16
546 1.14606e-16 1.50214e-16
547 -7.48708e-17 2.85576e-17
548 -7.02288e-17 -1.55754e-16
549 2.32542e-16 6.96819e-18
550 -8.92006e-17 1.61108e-16
551 -1.89095e-16 -1.2741e-16
552 7.26e-17 -1.22875e-16
553 -1.45915e-16 9.44428e-17
554 4.89239e-18 1.36382e-16
555 -1.49541e-16 1.20621e-16
556 -1.91834e-16 -6.98477e-17
557 1.9168e-16 -1.23009e-16
558 -6.76035e-17 -8.88106e-17
559 -1.5625e-16 5.34253e-17
560 9.42639e-17 -1.19446e-16
561 7.39032e-17 9.31196e-17
562 2.7956e-17 -7.36763e-17
563 4.99767e-17 -1.29761e-16
564 1.46702e-16 -6.38164e-17
565 1.17675e-16 2.93823e-17
566 -1.69433e-16 -1.47564e-16
567 5.10709e-17 2.00879e-17
568 1.30644e-16 4.53664e-17
569 4.48765e-17 -8.34011e-17
570 1.15462e-16 1.03326e-17
571 8.36286e-17 -6.97219e-17
572 -5.64635e-17 -5.20604e-17
573 -2.62072e-17 1.04423e-16
574 9.46369e-17 -4.86942e-17
575 -5.78333e-17 1.58118e-16
576 -2.32449e-17 -4.46964e-17
577 9.95185e-17 9.08639e-17
578 1.03269e-16 2.03007e-16
579 -1.71214e-16 3.55271e-17
580 -2.32401e-17 4.30167e-17
581 1.77485e-16 1.31645e-16
582 -1.91447e-16 1.43047e-16
583 -1.69248e-17 -1.60236e-16
584 -1.87474e-16 1.50077e-16
585 -4.95977e-17 -4.53975e-17
586 5.56495e-17 -1.51915e-16
587 -1.11074e-16 -2.83147e-17
588 9.62168e-17 1.11122e-16
589 6.25262e-17 1.31552e-16
590 -1.97903e-16 1.76378e-16
591 -1.97847e-16 7.0369e-17
592 1.22515e-17 1.24845e-16
593 4.59581e-17 -2.59577e-16
594 3.63279e-16 -2.29352e-16
595 4.2152e-17 2.09411e-16
596 2.16159e-17 -6.76148e-17
597 -7.13032e-17 -7.51779e-17
598 1.29365e-16 2.08809e-16
599 -1.34095e-16 -1.57806e-16
600 1.26778e-16 5.7595e-17
601 1.37443e-16 -3.91847e-17
602 8.74061e-17 1.17749e-17
603 -1.17033e-16 -7.5689e-17
604 -1.66195e-17 2.05584e-16
605 -1.80067e-16 2.45328e-17
606 -2.15749e-16 -1.2845e-16
607 7.2061e-17 1.30967e-16
608 -1.68283e-16 -4.19457e-18
609 2.99162e-17 -1.95922e-16
610 -6.19034e-17 -3.48644e-17
611 -4.14143e-17 -6.79447e-17
612 1.31769e-16 -8.65104e-17
613 1.16676e-16 -7.12888e-18
614 4.35416e-17 6.80935e-17
615 -1.81712e-16 -1.22027e-16
616 3.34035e-17 9.11322e-17
617 2.13651e-17 5.18923e-17
618 9.48609e-17 9.91036e-17
619 -1.12929e-16 -1.34478e-16
620 1.81322e-16 1.15085e-16
621 -1.88188e-16 -1.4156e-16
622 2.37094e-16 4.99043e-17
623 3.72141e-17 6.24923e-17
624 -1.32189e-16 3.86239e-17
625 -2.35136e-16 4.48929e-17
626 4.46219e-17 2.59608e-16
627 -2.25994e-16 -1.08609e-16
628 1.79858e-16 1.16749e-16
629 1.55535e-16 -2.20703e-17
630 1.11006e-16 1.41223e-16
631 -1.08253e-16 2.30487e-17
632 1.73068e-16 5.6288e-17
633 -1.01897e-16 -2.22356e-17
634 5.5229e-18 1.41974e-16
635 -2.68105e-17 -2.32055e-16
636 1.74113e-16 2.21428e-16
637 -1.4761e-16 -2.88839e-16
638 4.57735e-17 3.50564e-16
639 -1.57029e-16 -1.40069e-16
640 1.28405e-16 1.82448e-16
641 6.61778e-17 -1.87564e-16
642 1.26017e-16 -2.07815e-17
643 7.41537e-17 8.52207e-17
644 -9.34335e-17 -1.49541e-17
645 -6.32311e-17 -9.81031e-17
646 -1.84812e-16 4.69832e-17
647 8.69974e-17 -6.2422e-17
648 -2.33147e-17 4.06205e-17
649 6.71638e-17 1.28631e-16
650 -1.79255e-16 -3.54805e-16
651 2.20365e-16 1.27183e-16
652 -1.48833e-16 8.29747e-17
653 -1.25803e-17 1.40208e-17
654 4.79501e-17 1.06607e-16
655 2.66278e-18 -9.26825e-17
656 7.8568e-18 -1.50907e-16
657 6.0692e-17 -1.20096e-16
658 9.71438e-17 8.24663e-17
659 -2.53315e-17 -8.92596e-17
660 -2.64406e-17 -5.33229e-20
661 2.22564e-17 7.48998e-17
662 -6.73129e-18 -9.7426e-17
663 2.61998e-16 -1.27804e-16
664 -2.0032e-16 8.32138e-17
665 1.52218e-16 5.23824e-18
666 -1.23548e-17 -1.14473e-16
667 -1.92692e-16 9.79299e-17
668 4.60127e-17 9.79365e-17
669 -1.12211e-16 -9.79345e-17
670 1.5603e-16 -1.87555e-17
671 -6.82777e-17 1.66337e-16
672 -4.69262e-17 -1.55761e-16
673 2.00794e-17 1.96872e-16
674 -2.23509e-16 -1.85645e-16
675 1.43149e-16 2.70703e-17
676 -1.03524e-16 -1.16053e-16
677 3.71382e-17 1.24002e-16
678 -1.2613e-17 1.05755e-16
679 -1.63277e-16 -7.37762e-17
680 2.09415e-16 1.44222e-16
681 8.56329e-18 2.47256e-17
682 5.58795e-17 9.41565e-18
683 -3.50563e-17 -1.87078e-16
684 -1.52513e-17 2.47271e-16
685 8.14757e-17 -2.46897e-16
686 7.01978e-17 -1.76541e-18
687 7.01495e-17 6.89443e-17
688 1.55337e-16 -6.79156e-17
689 1.41731e-16 4.89912e-17
690 -1.04371e-17 -2.77729e-17
691 1.1089e-16 -5.54418e-17
692 3.8776e-17 2.41423e-16
693 -7.67216e-17 -5.25774e-17
694 -9.51899e-17 -2.51964e-17
695 1.57795e-17 1.32927e-17
696 -3.02877e-16 -2.7982e-16
697 2.05124e-16 -7.30823e-17
698 -3.91822e-17 1.63243e-16
699 -5.22352e-17 -2.97945e-17
700 -9.86723e-17 -1.79016e-16
701 2.61474e-16 4.75578e-17
702 -8.10118e-17 -8.58668e-17
703 -1.35709e-17 -2.85561e-17
704 -5.67955e-17 -1.8184e-17
705 -3.93298e-17 -1.83063e-16
706 5.43841e-17 7.44103e-17
707 -1.08172e-16 7.11771e-17
708 -1.71049e-17 1.23591e-16
709 -9.04644e-17 -7.35419e-17
710 -6.94396e-17 2.72728e-18
711 1.16937e-16 2.28957e-18
712 -3.16354e-17 3.33839e-17
713 1.60087e-16 1.04829e-16
714 8.68617e-17 1.2663e-16
715 -1.18964e-16 -7.53042e-17
716 5.16089e-17 -4.59409e-18
717 9.35993e-18 -1.88934e-16
718 2.12145e-16 9.62414e-17
719 -3.72279e-17 -3.06146e-17
720 -1.37473e-17 1.75503e-16
721 -1.11723e-16 -1.63579e-16
722 3.36378e-16 2.00191e-16
723 -1.60307e-16 -8.66612e-18
724 -3.61292e-17 1.52116e-17
725 -1.78494e-16 -5.9944e-17
726 -3.14886e-17 2.31062e-16
727 -1.53336e-16 -8.24239e-17
728 -3.27274e-17 -1.34828e-17
729 1.49037e-16 4.26488e-17
730 1.419e-16 -3.38836e-17
731 -8.61016e-17 1.29606e-17
732 5.04839e-17 -2.09957e-16
733 2.6854e-17 3.40914e-17
734 -3.44082e-17 -4.53517e-17
735 1.57043e-16 -2.64571e-17
736 -2.06886e-16 -1.4672e-16
737 1.72312e-16 1.82719e-18
738 -1.38372e-16 -1.53954e-16
739 6.80446e-17 3.95901e-17
740 -6.90033e-17 -8.88516e-17
741 -7.9605e-17 -2.78558e-18
742 -5.91431e-17 -1.59451e-18
743 -7.50076e-17 3.71966e-17
744 -1.03753e-16 -6.3899e-17
745 -4.4039e-18 -2.1221e-16
746 1.67935e-17 8.02626e-17
747 -1.65418e-16 -9.79411e-17
748 2.62982e-16 1.0247e-16
749 -3.0808e-17 1.67697e-16
750 4.05339e-17 -8.72413e-17
751 -2.55862e-17 -8.31958e-17
752 1.97735e-16 1.58477e-16
753 -1.55877e-16 -3.09604e-16
754 1.56545e-16 2.13052e-16
755 -1.23607e-16 -4.29909e-17
756 -7.20296e-18 1.14536e-16
757 -1.83239e-16 2.88414e-17
758 -6.64566e-18 -2.4805e-16
759 -2.63988e-16 2.78541e-17
760 1.61047e-16 -1.7186e-18
761 -1.25799e-16 -2.04292e-16
762 8.95651e-17 -6.29658e-17
763 -2.04886e-17 -1.00409e-16
764 -6.48142e-17 -2.21915e-17
765 8.69527e-17 2.49747e-16
766 -9.95821e-17 -2.39622e-16
767 -6.6398e-17 1.38158e-16
768 -1.11477e-16 -2.08752e-17
769 -8.92814e-17 -1.86049e-16
770 2.65867e-17 1.76545e-16
771 -1.41333e-16 -3.48239e-17
772 -1.86365e-16 -4.41807e-17
773 -7.82263e-17 -5.00492e-17
774 1.56232e-16 -1.03624e-16
775 -1.43316e-17 -1.39841e-16
776 -3.89172e-17 -4.6268e-17
777 3.63845e-17 -2.25739e-16
778 -1.18438e-16 -1.94116e-16
779 1.85832e-16 1.7081e-16
780 -2.35051e-17 -1.86773e-16
781 6.39163e-17 -2.06751e-17
782 7.87222e-17 -4.87856e-17
783 6.95663e-17 1.18955e-16
784 5.58474e-17 1.24037e-16
785 -5.54445e-17 -2.13837e-16
786 3.41786e-17 1.4751e-17
787 -2.10827e-17 -9.96246e-17
788 8.28098e-17 1.10936e-16
789 1.34492e-16 -2.27123e-16
790 -5.7918e-17 4.71727e-17
791 -1.38926e-16 -7.63355e-17
792 -1.5395e-16 -1.8147e-16
793 1.73671e-17 2.33951e-16
794 -8.80561e-17 -2.92394e-16
795 1.26581e-16 -7.82152e-17
796 1.93823e-17 1.19872e-16
797 -2.58019e-16 -9.25896e-17
798 -1.57171e-16 5.81248e-17
799 6.6716e-17 -7.81264e-17
800 -8.9642e-17 -1.90211e-16
801 1.17072e-16 3.52582e-17
802 -8.28403e-17 -9.04944e-17
803 1.53581e-16 1.56006e-16
804 -2.9253e-17 -1.55547e-16
805 1.23562e-16 8.8105e-17
806 -4.57431e-17 2.17553e-17
807 -7.3845e-17 -8.62109e-17
808 3.25276e-17 3.6566e-18
809 5.51289e-17 4.94484e-17
810 1.59222e-17 -1.78994e-16
811 1.90814e-16 1.50216e-16
812 -2.45754e-16 -7.13155e-17
813 -5.18604e-17 7.21089e-17
814 1.28658e-16 -1.59726e-16
815 -1.94602e-16 -1.68261e-16
816 1.36374e-16 -1.14382e-16
817 -8.12598e-17 3.41011e-17
818 -1.74579e-16 -1.34262e-16
819 1.0471e-16 7.16667e-17
820 5.75344e-18 -6.58267e-17
821 -6.90939e-17 3.6562e-17
822 -1.51699e-17 -3.52461e-17
823 1.25021e-16 1.11811e-16
824 -1.00298e-16 -1.24449e-16
825 -2.74231e-16 -3.59417e-17
826 -2.33155e-17 1.58997e-16
827 -6.06854e-17 -4.99315e-17
828 2.04226e-16 3.95165e-17
829 -2.63892e-17 3.78637e-17
830 -4.13836e-17 -3.12813e-17
831 2.96425e-17 3.60643e-17
832 3.57948e-17 7.42149e-17
833 2.55873e-17 -2.017e-16
834 1.10136e-16 1.77588e-16
835 -8.79014e-17 3.39492e-17
836 -4.25868e-17 -6.08048e-17
837 1.93012e-16 -1.51278e-18
838 -9.52256e-17 -1.1245e-16
839 -8.35504e-17 -9.59374e-17
840 -4.45144e-17 -1.62809e-16
841 3.15436e-19 2.28959e-16
842 -2.27471e-16 -2.96648e-16
843 1.5102e-16 3.04173e-16
844 -4.70691e-17 2.60473e-16
845 2.05479e-17 -1.34158e-16
846 3.73749e-17 2.49492e-16
847 8.49006e-17 -1.2438e-16
848 1.36205e-16 2.33455e-16
849 -5.22942e-17 -8.58688e-17
850 -7.34211e-18 9.85161e-18
851 -3.82816e-17 -1.42931e-16
852 -4.13731e-17 1.46819e-16
853 -5.36427e-17 -2.41133e-16
854 1.65583e-16 4.86438e-17
855 -1.31775e-17 7.08951e-17
856 6.63015e-17 -7.46987e-17
857 -8.07005e-17 2.45887e-16
858 -2.57858e-16 -1.68394e-16
859 -3.91152e-17 9.74287e-18
860 7.4193e-17 -1.13116e-16
861 -1.22997e-16 4.06949e-17
862 -3.93532e-17 -6.34823e-17
863 2.08593e-17 -1.52742e-16
864 -1.00445e-16 6.7935e-17
865 -6.52838e-17 4.65534e-18
866 2.89461e-17 -1.05272e-16
867 -3.22248e-17 8.00411e-17
868 2.13953e-16 2.57082e-17
869 1.63227e-18 2.4189e-17
870 3.36463e-17 -9.69297e-17
871 1.80285e-16 1.96548e-17
872 -1.67671e-16 -1.01294e-16
873 1.74006e-16 1.13143e-16
874 2.5546e-17 6.11865e-17
875 6.75553e-17 1.2541e-16
876 -7.72015e-18 -1.00309e-16
877 -8.82626e-17 -8.68958e-17
878 9.72645e-17 2.54926e-16
879 -2.84348e-16 -2.2831e-16
880 2.3076e-16 7.41725e-17
881 9.06744e-17 6.23015e-19
882 5.67962e-17 -3.21973e-17
883 1.47436e-16 1.3432e-18
884 7.14147e-17 1.10911e-16
885 -1.08068e-16 1.205e-16
886 -3.29309e-17 -7.49196e-17
887 -1.74881e-16 -1.42886e-16
888 1.96975e-16 1.56974e-16
889 -2.3612e-16 -3.48678e-17
890 -1.61982e-16 6.59595e-17
891 -8.62934e-18 1.76624e-16
892 -1.20203e-16 5.28884e-17
893 -2.40704e-17 -9.00591e-17
894 2.23515e-16 -6.11357e-17
895 2.02915e-16 1.22469e-16
896 -3.56187e-16 -1.69164e-16
897 1.54972e-16 2.38693e-16
898 -4.9653e-17 -2.19594e-16
899 -9.07766e-18 -2.02995e-16
900 6.18732e-17 2.05902e-16
901 1.71305e-16 1.09225e-16
902 -1.76467e-16 -1.56001e-16
903 2.46181e-17 2.45291e-16
904 -7.67375e-18 1.12324e-16
905 8.99736e-17 6.02474e-17
906 1.87597e-17 6.49015e-20
907 2.1382e-17 -1.06331e-16
908 -1.52418e-16 1.82554e-17
909 3.21523e-17 -8.13051e-17
910 -1.46617e-16 -3.47245e-17
911 2.39257e-16 1.21958e-16
912 -4.93368e-17 -9.53963e-18
913 1.7813e-18 -7.45168e-17
914 -7.68221e-17 1.11856e-16
915 -2.23435e-16 -2.07289e-16
916 7.52446e-17 8.63707e-17
917 1.2576e-17 1.48096e-16
918 -1.63522e-16 -8.90218e-17
919 -7.52196e-17 4.42245e-17
920 -6.62038e-17 -1.11127e-16
921 8.7965e-17 4.5659e-17
922 -1.05819e-17 2.98822e-17
923 2.05985e-16 6.9192e-17
924 -5.84659e-17 -8.53411e-18
925 -1.14622e-16 -1.12055e-16
926 3.47807e-17 2.60447e-16
927 -2.21353e-16 -1.81185e-16
928 -6.39088e-17 -2.25796e-17
929 6.61841e-17 5.60405e-17
930 1.02192e-16 -9.82771e-17
931 -6.83797e-17 -8.02095e-17
932 2.00328e-17 1.70628e-16
933 -3.23189e-17 -4.84098e-17
934 -3.44038e-17 -1.7769e-16
935 4.38273e-17 -8.45965e-18
936 -1.41537e-16 6.12206e-17
937 2.42227e-17 1.61636e-17
938 -1.66781e-16 -2.47808e-16
939 9.42702e-17 -2.11276e-17
940 2.55658e-16 -5.21458e-17
941 8.19759e-17 -1.3948e-16
942 1.29691e-16 1.27019e-16
943 -6.40238e-17 5.98573e-17
944 1.63255e-16 3.55751e-17
945 -1.39169e-16 -7.11967e-17
946 1.16695e-16 1.89734e-16
947 2.84547e-17 1.94846e-18
948 6.65047e-17 -1.28498e-16
949 3.9564e-17 2.50967e-17
950 -4.10652e-17 9.68709e-18
951 4.49628e-16 3.97156e-16
952 -3.83323e-16 -3.56409e-16
953 -2.22802e-16 -2.63515e-16
954 1.44839e-16 2.38055e-16
955 2.43925e-16 1.96581e-17
956 -1.72163e-16 -3.92432e-16
957 1.38416e-17 4.65962e-17
958 4.51546e-16 4.75489e-16
959 2.88305e-16 2.11024e-17
960 -8.3216e-16 -4.68699e-16
961 1.75149e-16 4.09757e-16
962 5.78723e-16 3.008e-16
963 -6.30201e-17 -3.09239e-16
964 -7.15593e-16 -7.84774e-16
965 3.31555e-16 7.48269e-16
966 7.62765e-16 6.72991e-16
967 -3.4721e-16 -7.60908e-16
968 -1.24996e-15 -8.64004e-16
969 7.34813e-16 1.21358e-15
970 1.24821e-15 8.28021e-16
971 -1.16964e-15 -1.62349e-15
972 -1.5178e-15 -8.85692e-16
973 1.33093e-15 2.32091e-15
974 1.86648e-15 1.17966e-15
975 -2.25602e-15 -3.1347e-15
976 -2.19876e-15 -1.02805e-15
977 2.7502e-15 3.74419e-15
978 2.8866e-15 1.21965e-15
979 -3.94913e-15 -5.1051e-15
980 -3.22662e-15 -1.18788e-15
981 4.80453e-15 6.32294e-15
982 4.15052e-15 1.54943e-15
983 -6.57299e-15 -8.20038e-15
984 -5.53113e-15 -1.82826e-15
985 8.68917e-15 1.08022e-14
986 6.63466e-15 2.07696e-15
987 -1.09149e-14 -1.36868e-14
988 -8.66081e-15 -3.18783e-15
989 1.40437e-14 1.73373e-14
990 1.14609e-14 4.39676e-15
991 -1.76127e-14 -2.23923e-14
992 -1.53884e-14 -6.48238e-15
993 2.19038e-14 2.82662e-14
994 2.09725e-14 9.91168e-15
995 -2.67489e-14 -3.55989e-14
996 -2.89291e-14 -1.50131e-14
997 3.23527e-14 4.48413e-14
998 3.94551e-14 2.29014e-14
999 -3.78393e-14 -5.51541e-14
