0 -0.0068059 0.00576131
1 -0.00551024 0.00336081
2 -0.00295857 0.000279797
3 0.000265907 -0.00277646
4 0.00341361 -0.00513712
5 0.0057456 -0.00630714
6 0.00671386 -0.00606242
7 0.00609802 -0.00448516
8 0.00406122 -0.00193845
9 0.0011086 0.00101207
10 -0.00204146 0.00371498
11 -0.00463869 0.00556874
12 -0.00608599 0.00615193
13 -0.00607928 0.00532178
14 -0.00466815 0.00325646
15 -0.00222686 0.000426135
16 0.000650114 -0.00250748
17 0.00329573 -0.0048442
18 0.00512281 -0.00601631
19 0.00574725 -0.0057338
20 0.00505992 -0.00406392
21 0.00323887 -0.00142048
22 0.000704818 0.00153809
23 -0.00196913 0.00407667
24 -0.00417765 0.00557305
25 -0.00541273 0.00567709
26 -0.00537889 0.00439584
27 -0.00406884 0.00208241
28 -0.00177794 -0.000665612
29 0.000953021 -0.00316676
30 0.0034605 -0.00482879
31 0.00512055 -0.00528811
32 0.0055104 -0.00448303
33 0.00452446 -0.00264937
34 0.00240967 -0.000248339
35 -0.000293664 0.00214934
36 -0.00289202 0.00399367
37 -0.00472226 0.0048729
38 -0.00532755 0.00459793
39 -0.00457623 0.00324028
40 -0.00269089 0.00111753
41 -0.000181027 -0.00127274
42 0.00229944 -0.0033609
43 0.00412784 -0.00463598
44 0.0048718 -0.0047714
45 0.00438978 -0.00371436
46 0.0028502 -0.0017122
47 0.000671045 0.000738003
48 -0.00159703 0.0030095
49 -0.00340939 0.00450812
50 -0.00435275 0.00483363
51 -0.00423103 0.00389398
52 -0.00309839 0.00193709
53 -0.00123844 -0.000512419
54 0.000902287 -0.00279627
55 0.00281325 -0.00430505
56 0.00403334 -0.00464739
57 0.00425805 -0.00375597
58 0.00341739 -0.00189982
59 0.00170374 0.000399163
60 -0.000463126 0.00251828
61 -0.00253219 0.00390794
62 -0.0039596 0.00423623
63 -0.00435495 0.00346504
64 -0.00359471 0.00184186
65 -0.00186724 -0.000182972
66 0.000368786 -0.00208396
67 0.00250532 -0.00339531
68 0.00395385 -0.00381896
69 0.0043136 -0.00328398
70 0.00348879 -0.00194999
71 0.00171804 -0.000160145
72 -0.000494387 0.00164253
73 -0.00252583 0.00301739
74 -0.00381618 0.00362698
75 -0.00402766 0.0033168
76 -0.00313531 0.00215632
77 -0.0014232 0.000429589
78 0.000609044 -0.00142691
79 0.00239691 -0.00292889
80 0.00347116 -0.00366879
81 0.00358041 -0.00342878
82 0.00274421 -0.00225025
83 0.00122867 -0.000435833
84 -0.000540914 0.00152276
85 -0.00210005 0.00307658
86 -0.00306354 0.00377627
87 -0.0032138 0.00340814
88 -0.00254244 0.00206588
89 -0.00124101 0.000131462
90 0.000351896 -0.00183341
91 0.00183362 -0.00325448
92 0.00283237 -0.00371914
93 0.00309507 -0.00310193
94 0.00254985 -0.00160085
95 0.00132828 0.000326993
96 -0.000260333 0.00210865
97 -0.00180064 0.00323065
98 -0.00287511 0.00339052
99 -0.00317627 0.00257841
100 -0.00259759 0.00106705
101 -0.00127535 -0.000681945
102 0.000435912 -0.00216225
103 0.00205385 -0.00297114
104 0.00310398 -0.00291782
105 0.00326257 -0.00206327
106 0.00246245 -0.000685835
107 0.000924722 0.000811157
108 -0.00089898 0.0020181
109 -0.00246023 0.00262896
110 -0.00328331 0.00251351
111 -0.00311593 0.00173749
112 -0.00201107 0.000531727
113 -0.000311749 -0.000776094
114 0.00145721 -0.00184673
115 0.00275515 -0.00241119
116 0.00319506 -0.00233226
117 0.00266192 -0.00163476
118 0.00134273 -0.000499583
119 -0.000339266 0.00077784
120 -0.00186292 0.0018577
121 -0.00277375 0.00244125
122 -0.00282175 0.0023525
123 -0.0020297 0.00159409
124 -0.000673343 0.000358737
125 0.000815951 -0.00101323
126 0.00199111 -0.00212394
127 0.00252508 -0.00263344
128 0.00230045 -0.00236688
129 0.00142872 -0.00137837
130 0.000199952 5.30189e-05
131 -0.0010154 0.00149916
132 -0.00187823 0.00251116
133 -0.00217225 0.0027614
134 -0.00185223 0.00215349
135 -0.00104115 0.000861968
136 1.61544e-05 -0.000715122
137 0.00102557 -0.00207895
138 0.00172167 -0.00279029
139 0.00193218 -0.00261494
140 0.00161574 -0.00160468
141 0.000867104 -8.42008e-05
142 -0.000109602 0.00145375
143 -0.00105245 0.00251082
144 -0.00170701 0.00274842
145 -0.00189126 0.00209932
146 -0.00154513 0.00078757
147 -0.000751818 -0.000749435
148 0.000277127 -0.00200914
149 0.00125303 -0.00259087
150 0.00188755 -0.00232514
151 0.00197735 -0.00132307
152 0.00147132 6.84132e-05
153 0.000497531 0.00138765
154 -0.000663503 0.00221305
155 -0.00165663 0.00229919
156 -0.00216072 0.00164991
157 -0.00199487 0.000506428
158 -0.00118619 -0.000742065
159 2.72695e-05 -0.00169229
160 0.0012643 -0.00205853
161 0.00212067 -0.00175835
162 0.00230352 -0.00092653
163 0.00173434 0.000142616
164 0.000583393 0.00110038
165 -0.000779398 0.00165796
166 -0.0019037 0.00167222
167 -0.00240933 0.00117803
168 -0.00211727 0.000362336
169 -0.00111509 -0.000506016
170 0.000267588 -0.00116439
171 0.00156752 -0.00143395
172 0.00234436 -0.00126475
173 0.00233201 -0.000738505
174 0.00153206 -3.30103e-05
175 0.000215605 0.000637384
176 -0.0011685 0.0010855
177 -0.00214792 0.00120076
178 -0.00239012 0.000972347
179 -0.00181731 0.000483195
180 -0.000632558 -0.000119727
181 0.000752193 -0.000668034
182 0.00186037 -0.00101563
183 0.00231635 -0.00107369
184 0.0019741 -0.000830598
185 0.000964494 -0.000353855
186 -0.000354183 0.000226143
187 -0.00152367 0.000748005
188 -0.00214575 0.00106106
189 -0.00201866 0.00106766
190 -0.00120315 0.000754568
191 3.84669e-06 0.000202833
192 0.00117694 -0.000429803
193 0.00191268 -0.000951757
194 0.00196926 -0.00119491
195 0.00134667 -0.00106937
196 0.000280465 -0.000597536
197 -0.000846907 8.54087e-05
198 -0.00164373 0.000767959
199 -0.00184587 0.00122668
200 -0.00140453 0.00129957
201 -0.000495756 0.000944274
202 0.00054889 0.00026008
203 0.00136323 -0.000537127
204 0.00167478 -0.00118198
205 0.00139565 -0.00144846
206 0.00064588 -0.0012305
207 -0.000296034 -0.000584947
208 -0.00109582 0.000280746
209 -0.00148168 0.00107475
210 -0.00133663 0.00151989
211 -0.000733472 0.00145148
212 9.78932e-05 0.000878941
213 0.00085725 -1.18602e-05
214 0.00128238 -0.000918548
215 0.00123975 -0.00152503
216 0.000766044 -0.00161227
217 4.76048e-05 -0.00113805
218 -0.000652046 -0.000256617
219 -0.00108858 0.00073067
220 -0.00112177 0.00147834
221 -0.00075969 0.00171828
222 -0.000148735 0.00135686
223 0.000484267 0.000511957
224 0.000915281 -0.000524818
225 0.0010016 -0.00138901
226 0.000728553 -0.00177216
227 0.000209439 -0.00153269
228 -0.000359741 -0.000748638
229 -0.000773242 0.000307519
230 -0.000889548 0.00126378
231 -0.000679815 0.00178001
232 -0.000234023 0.00166931
233 0.000276131 0.000965933
234 0.000662692 -8.48737e-05
235 0.000790353 -0.00111224
236 0.000623491 -0.00175068
237 0.000235095 -0.00177047
238 -0.000224046 -0.00116079
239 -0.000583012 -0.000135335
240 -0.000713432 0.000942503
241 -0.000574599 0.0016887
242 -0.000225629 0.00183597
243 0.000198611 0.00132997
244 0.000538362 0.000349489
245 0.000668012 -0.000756958
246 0.000542002 -0.00159537
247 0.000211005 -0.00186692
248 -0.000197588 -0.00147455
249 -0.000527778 -0.000557645
250 -0.000653828 0.000557645
251 -0.000527778 0.00147455
252 -0.000197588 0.00186692
253 0.000211005 0.00159537
254 0.000542002 0.000756958
255 0.000668012 -0.000349489
256 0.000538362 -0.00132997
257 0.000198611 -0.00183597
258 -0.000225629 -0.0016887
259 -0.000574599 -0.000942503
260 -0.000713432 0.000135335
261 -0.000583012 0.00116079
262 -0.000224046 0.00177047
263 0.000235095 0.00175068
264 0.000623491 0.00111224
265 0.000790353 8.48737e-05
266 0.000662692 -0.000965933
267 0.000276131 -0.00166931
268 -0.000234023 -0.00178001
269 -0.000679815 -0.00126378
270 -0.000889548 -0.000307519
271 -0.000773242 0.000748638
272 -0.000359741 0.00153269
273 0.000209439 0.00177216
274 0.000728553 0.00138901
275 0.0010016 0.000524818
276 0.000915281 -0.000511957
277 0.000484267 -0.00135686
278 -0.000148735 -0.00171828
279 -0.00075969 -0.00147834
280 -0.00112177 -0.00073067
281 -0.00108858 0.000256617
282 -0.000652046 0.00113805
283 4.76048e-05 0.00161227
284 0.000766044 0.00152503
285 0.00123975 0.000918548
286 0.00128238 1.18602e-05
287 0.00085725 -0.000878941
288 9.78932e-05 -0.00145148
289 -0.000733472 -0.00151989
290 -0.00133663 -0.00107475
291 -0.00148168 -0.000280746
292 -0.00109582 0.000584947
293 -0.000296034 0.0012305
294 0.00064588 0.00144846
295 0.00139565 0.00118198
296 0.00167478 0.000537127
297 0.00136323 -0.00026008
298 0.00054889 -0.000944274
299 -0.000495756 -0.00129957
300 -0.00140453 -0.00122668
301 -0.00184587 -0.000767959
302 -0.00164373 -8.54087e-05
303 -0.000846907 0.000597536
304 0.000280465 0.00106937
305 0.00134667 0.00119491
306 0.00196926 0.000951757
307 0.00191268 0.000429803
308 0.00117694 -0.000202833
309 3.84669e-06 -0.000754568
310 -0.00120315 -0.00106766
311 -0.00201866 -0.00106106
312 -0.00214575 -0.000748005
313 -0.00152367 -0.000226143
314 -0.000354183 0.000353855
315 0.000964494 0.000830598
316 0.0019741 0.00107369
317 0.00231635 0.00101563
318 0.00186037 0.000668034
319 0.000752193 0.000119727
320 -0.000632558 -0.000483195
321 -0.00181731 -0.000972347
322 -0.00239012 -0.00120076
323 -0.00214792 -0.0010855
324 -0.0011685 -0.000637384
325 0.000215605 3.30103e-05
326 0.00153206 0.000738505
327 0.00233201 0.00126475
328 0.00234436 0.00143395
329 0.00156752 0.00116439
330 0.000267588 0.000506016
331 -0.00111509 -0.000362336
332 -0.00211727 -0.00117803
333 -0.00240933 -0.00167222
334 -0.0019037 -0.00165796
335 -0.000779398 -0.00110038
336 0.000583393 -0.000142616
337 0.00173434 0.00092653
338 0.00230352 0.00175835
339 0.00212067 0.00205853
340 0.0012643 0.00169229
341 2.72695e-05 0.000742065
342 -0.00118619 -0.000506428
343 -0.00199487 -0.00164991
344 -0.00216072 -0.00229919
345 -0.00165663 -0.00221305
346 -0.000663503 -0.00138765
347 0.000497531 -6.84132e-05
348 0.00147132 0.00132307
349 0.00197735 0.00232514
350 0.00188755 0.00259087
351 0.00125303 0.00200914
352 0.000277127 0.000749435
353 -0.000751818 -0.00078757
354 -0.00154513 -0.00209932
355 -0.00189126 -0.00274842
356 -0.00170701 -0.00251082
357 -0.00105245 -0.00145375
358 -0.000109602 8.42008e-05
359 0.000867104 0.00160468
360 0.00161574 0.00261494
361 0.00193218 0.00279029
362 0.00172167 0.00207895
363 0.00102557 0.000715122
364 1.61544e-05 -0.000861968
365 -0.00104115 -0.00215349
366 -0.00185223 -0.0027614
367 -0.00217225 -0.00251116
368 -0.00187823 -0.00149916
369 -0.0010154 -5.30189e-05
370 0.000199952 0.00137837
371 0.00142872 0.00236688
372 0.00230045 0.00263344
373 0.00252508 0.00212394
374 0.00199111 0.00101323
375 0.000815951 -0.000358737
376 -0.000673343 -0.00159409
377 -0.0020297 -0.0023525
378 -0.00282175 -0.00244125
379 -0.00277375 -0.0018577
380 -0.00186292 -0.00077784
381 -0.000339266 0.000499583
382 0.00134273 0.00163476
383 0.00266192 0.00233226
384 0.00319506 0.00241119
385 0.00275515 0.00184673
386 0.00145721 0.000776094
387 -0.000311749 -0.000531727
388 -0.00201107 -0.00173749
389 -0.00311593 -0.00251351
390 -0.00328331 -0.00262896
391 -0.00246023 -0.0020181
392 -0.00089898 -0.000811157
393 0.000924722 0.000685835
394 0.00246245 0.00206327
395 0.00326257 0.00291782
396 0.00310398 0.00297114
397 0.00205385 0.00216225
398 0.000435912 0.000681945
399 -0.00127535 -0.00106705
400 -0.00259759 -0.00257841
401 -0.00317627 -0.00339052
402 -0.00287511 -0.00323065
403 -0.00180064 -0.00210865
404 -0.000260333 -0.000326993
405 0.00132828 0.00160085
406 0.00254985 0.00310193
407 0.00309507 0.00371914
408 0.00283237 0.00325448
409 0.00183362 0.00183341
410 0.000351896 -0.000131462
411 -0.00124101 -0.00206588
412 -0.00254244 -0.00340814
413 -0.0032138 -0.00377627
414 -0.00306354 -0.00307658
415 -0.00210005 -0.00152276
416 -0.000540914 0.000435833
417 0.00122867 0.00225025
418 0.00274421 0.00342878
419 0.00358041 0.00366879
420 0.00347116 0.00292889
421 0.00239691 0.00142691
422 0.000609044 -0.000429589
423 -0.0014232 -0.00215632
424 -0.00313531 -0.0033168
425 -0.00402766 -0.00362698
426 -0.00381618 -0.00301739
427 -0.00252583 -0.00164253
428 -0.000494387 0.000160145
429 0.00171804 0.00194999
430 0.00348879 0.00328398
431 0.0043136 0.00381896
432 0.00395385 0.00339531
433 0.00250532 0.00208396
434 0.000368786 0.000182972
435 -0.00186724 -0.00184186
436 -0.00359471 -0.00346504
437 -0.00435495 -0.00423623
438 -0.0039596 -0.00390794
439 -0.00253219 -0.00251828
440 -0.000463126 -0.000399163
441 0.00170374 0.00189982
442 0.00341739 0.00375597
443 0.00425805 0.00464739
444 0.00403334 0.00430505
445 0.00281325 0.00279627
446 0.000902287 0.000512419
447 -0.00123844 -0.00193709
448 -0.00309839 -0.00389398
449 -0.00423103 -0.00483363
450 -0.00435275 -0.00450812
451 -0.00340939 -0.0030095
452 -0.00159703 -0.000738003
453 0.000671045 0.0017122
454 0.0028502 0.00371436
455 0.00438978 0.0047714
456 0.0048718 0.00463598
457 0.00412784 0.0033609
458 0.00229944 0.00127274
459 -0.000181027 -0.00111753
460 -0.00269089 -0.00324028
461 -0.00457623 -0.00459793
462 -0.00532755 -0.0048729
463 -0.00472226 -0.00399367
464 -0.00289202 -0.00214934
465 -0.000293664 0.000248339
466 0.00240967 0.00264937
467 0.00452446 0.00448303
468 0.0055104 0.00528811
469 0.00512055 0.00482879
470 0.0034605 0.00316676
471 0.000953021 0.000665612
472 -0.00177794 -0.00208241
473 -0.00406884 -0.00439584
474 -0.00537889 -0.00567709
475 -0.00541273 -0.00557305
476 -0.00417765 -0.00407667
477 -0.00196913 -0.00153809
478 0.000704818 0.00142048
479 0.00323887 0.00406392
480 0.00505992 0.0057338
481 0.00574725 0.00601631
482 0.00512281 0.0048442
483 0.00329573 0.00250748
484 0.000650114 -0.000426135
485 -0.00222686 -0.00325646
486 -0.00466815 -0.00532178
487 -0.00607928 -0.00615193
488 -0.00608599 -0.00556874
489 -0.00463869 -0.00371498
490 -0.00204146 -0.00101207
491 0.0011086 0.00193845
492 0.00406122 0.00448516
493 0.00609802 0.00606242
494 0.00671386 0.00630714
495 0.0057456 0.00513712
496 0.00341361 0.00277646
497 0.000265907 -0.000279797
498 -0.00295857 -0.00336081
499 -0.00551024 -0.00576131
500 -0.0068059 -0.00690279
501 -0.00655942 -0.00647751
502 -0.00483779 -0.00453688
503 -0.00203457 -0.00149561
504 0.00122703 0.00195623
505 0.00423469 0.00501516
506 0.00633862 0.00695965
507 0.00708364 0.00732708
508 0.00629871 0.00602546
509 0.0041308 0.00335161
510 0.00101886 -8.55402e-05
511 -0.00238829 -0.00351294
512 -0.00535852 -0.0061725
513 -0.00722751 -0.00748773
514 -0.00754674 -0.00718182
515 -0.0061953 -0.00532649
516 -0.00342517 -0.00231749
517 0.000178753 0.00121278
518 0.00382176 0.00452558
519 0.00668031 0.00692369
520 0.00809662 0.00789048
521 0.00773654 0.00719595
522 0.00566911 0.0049499
523 0.00234804 0.00159009
524 -0.00149769 -0.0021965
525 -0.00503314 -0.00560876
526 -0.00750305 -0.00789926
527 -0.0083904 -0.00854061
528 -0.00751595 -0.00735216
529 -0.00506389 -0.00455381
530 -0.00153535 -0.000728604
531 0.00235578 0.00330163
532 0.00582307 0.00666011
533 0.00815889 0.00861372
534 0.008872 0.00873683
535 0.0077878 0.00700114
536 0.00509188 0.00377263
537 0.00130512 -0.000277921
538 -0.00280999 -0.004324
539 -0.00639826 -0.00755501
540 -0.0086885 -0.00933394
541 -0.00916114 -0.00931374
542 -0.00766836 -0.0074969
543 -0.00447635 -0.00423318
544 -0.000215976 -0.00015809
545 0.00424963 0.00391929
546 0.00801122 0.00716452
547 0.0103099 0.00887954
548 0.0106977 0.00864855
549 0.00912667 0.00643584
550 0.00594992 0.00260886
551 0.00183962 -0.00212555
552 -0.00235338 -0.00686311
553 -0.00576601 -0.0106924
554 -0.00768226 -0.0128901
555 -0.00765948 -0.0130751
556 -0.00560475 -0.0112876
557 -0.00179277 -0.00797711
558 0.00317767 -0.00390602
559 0.00848493 5.88115e-06
560 0.0132323 0.00286131
561 0.0166207 0.00395335
562 0.018114 0.00289124
563 0.017562 -0.000335196
564 0.0152468 -0.00535988
565 0.0118393 -0.0115099
566 0.00826851 -0.0179271
567 0.0055344 -0.023723
568 0.00450653 -0.0281419
569 0.00575474 -0.030707
570 0.00944689 -0.0313218
571 0.0153307 -0.030305
572 0.0227957 -0.0283473
573 0.0309971 -0.0263911
574 0.039014 -0.0254553
575 0.0460135 -0.0264365
576 0.0513977 -0.029933
577 0.0549104 -0.0361275
578 0.0566896 -0.044757
579 0.0572544 -0.0551723
580 0.0574254 -0.0664711
581 0.0581864 -0.0776725
582 0.0605085 -0.0878961
583 0.0651692 -0.0965123
584 0.0725995 -0.103243
585 0.0827945 -0.1082
586 0.0953051 -0.111867
587 0.109316 -0.115018
588 0.123796 -0.118591
589 0.137684 -0.123526
590 0.150079 -0.130591
591 0.160396 -0.140229
592 0.168451 -0.152449
593 0.174479 -0.166797
594 0.179068 -0.182423
595 0.183045 -0.198214
596 0.18732 -0.212993
597 0.192719 -0.225709
598 0.199837 -0.235613
599 0.208912 -0.242354
600 0.219762 -0.246013
601 0.231783 -0.247052
602 0.24401 -0.246211
603 0.255257 -0.244368
604 0.264298 -0.242377
605 0.270061 -0.240911
606 0.271805 -0.240334
607 0.269233 -0.240614
608 0.262525 -0.241298
609 0.252284 -0.241564
610 0.239407 -0.240341
611 0.224918 -0.236479
612 0.209794 -0.228947
613 0.194811 -0.217014
614 0.180432 -0.200383
615 0.166748 -0.179256
616 0.153472 -0.154308
617 0.139993 -0.126597
618 0.125486 -0.0974137
619 0.10906 -0.068104
620 0.089939 -0.0398965
621 0.0676392 -0.0137545
622 0.0421046 0.00972457
623 0.0137777 0.0303515
624 -0.0164172 0.0483261
625 -0.0471748 0.0641579
626 -0.0769716 0.0785386
627 -0.10426 0.0921832
628 -0.127657 0.105662
629 -0.146101 0.119256
630 -0.158955 0.132855
631 -0.166054 0.145926
632 -0.167693 0.157564
633 -0.164562 0.16661
634 -0.157628 0.171825
635 -0.147985 0.172078
636 -0.136687 0.166533
637 -0.124589 0.154786
638 -0.112222 0.136943
639 -0.0997385 0.11364
640 -0.0869265 0.0859897
641 -0.0732968 0.0554847
642 -0.0582253 0.0238513
643 -0.0411219 -0.00712297
644 -0.021594 -0.0357736
645 0.000421012 -0.0607312
646 0.0245732 -0.0810555
647 0.0500781 -0.0963082
648 0.0757553 -0.106549
649 0.100125 -0.112255
650 0.121552 -0.114186
651 0.13842 -0.113214
652 0.149316 -0.110162
653 0.153211 -0.105674
654 0.149595 -0.100132
655 0.138556 -0.0936256
656 0.120792 -0.0859681
657 0.0975451 -0.0767603
658 0.0704677 -0.0654871
659 0.0414447 -0.0516445
660 0.0123965 -0.0348819
661 -0.0149118 -0.015142
662 -0.0390271 0.00723107
663 -0.0589174 0.0314394
664 -0.0740224 0.0562521
665 -0.0842463 0.0801029
666 -0.0898992 0.101248
667 -0.0915969 0.117958
668 -0.0901334 0.128715
669 -0.0863402 0.132381
670 -0.0809538 0.128335
671 -0.074508 0.116552
672 -0.0672697 0.0976365
673 -0.0592304 0.0727908
674 -0.0501562 0.0437326
675 -0.0396852 0.0125499
676 -0.0274557 -0.018491
677 -0.0132375 -0.0471644
678 0.00295509 -0.0715025
679 0.0207891 -0.0899778
680 0.0395851 -0.101626
681 0.0583377 -0.106099
682 0.0757816 -0.103646
683 0.0904971 -0.0950369
684 0.101048 -0.0814516
685 0.106144 -0.0643372
686 0.104803 -0.0452587
687 0.0965126 -0.0257467
688 0.0813339 -0.00715718
689 0.0599601 0.00944206
690 0.0336912 0.0233441
691 0.00433831 0.0342219
692 -0.0259331 0.0420925
693 -0.054798 0.0472357
694 -0.0799805 0.0500859
695 -0.0994557 0.0511211
696 -0.11163 0.0507664
697 -0.115486 0.0493277
698 -0.110691 0.0469572
699 -0.0976356 0.0436498
700 -0.0774197 0.0392673
701 -0.0517564 0.0335858
702 -0.0228124 0.0263641
703 0.00700084 0.0174248
704 0.0352573 0.00673947
705 0.0597375 -0.00549807
706 0.0786145 -0.0188273
707 0.0905925 -0.0325174
708 0.0949898 -0.0456101
709 0.0917713 -0.0570047
710 0.081531 -0.0655718
711 0.0654257 -0.0702813
712 0.0450625 -0.0703264
713 0.0223432 -0.065232
714 -0.000721363 -0.0549363
715 -0.0222037 -0.0398393
716 -0.0404359 -0.0208096
717 -0.0541442 0.000854616
718 -0.0625301 0.0235136
719 -0.0652968 0.0453187
720 -0.0626293 0.0643786
721 -0.0551414 0.0789418
722 -0.0437989 0.0875732
723 -0.0298239 0.0893042
724 -0.0145824 0.083741
725 0.000541566 0.0711193
726 0.0142734 0.0523029
727 0.0255632 0.0287264
728 0.0336693 0.00228523
729 0.0382004 -0.0248186
730 0.039112 -0.0502649
731 0.0366681 -0.071823
732 0.0313816 -0.0875573
733 0.0239478 -0.0960118
734 0.0151782 -0.0963524
735 0.00593498 -0.0884509
736 -0.00293551 -0.0729046
737 -0.0106729 -0.0509889
738 -0.0166694 -0.0245498
739 -0.0205224 0.00415341
740 -0.0220622 0.0326427
741 -0.0213477 0.0584369
742 -0.018635 0.0792706
743 -0.014329 0.0932988
744 -0.00893224 0.0992656
745 -0.00300056 0.0966214
746 0.0028932 0.0855755
747 0.0081927 0.0670786
748 0.0123953 0.0427375
749 0.015095 0.0146721
750 0.0160258 -0.0146721
751 0.015095 -0.0427375
752 0.0123953 -0.0670786
753 0.0081927 -0.0855755
754 0.0028932 -0.0966214
755 -0.00300056 -0.0992656
756 -0.00893224 -0.0932988
757 -0.014329 -0.0792706
758 -0.018635 -0.0584369
759 -0.0213477 -0.0326427
760 -0.0220622 -0.00415341
761 -0.0205224 0.0245498
762 -0.0166694 0.0509889
763 -0.0106729 0.0729046
764 -0.00293551 0.0884509
765 0.00593498 0.0963524
766 0.0151782 0.0960118
767 0.0239478 0.0875573
768 0.0313816 0.071823
769 0.0366681 0.0502649
770 0.039112 0.0248186
771 0.0382004 -0.00228523
772 0.0336693 -0.0287264
773 0.0255632 -0.0523029
774 0.0142734 -0.0711193
775 0.000541566 -0.083741
776 -0.0145824 -0.0893042
777 -0.0298239 -0.0875732
778 -0.0437989 -0.0789418
779 -0.0551414 -0.0643786
780 -0.0626293 -0.0453187
781 -0.0652968 -0.0235136
782 -0.0625301 -0.000854616
783 -0.0541442 0.0208096
784 -0.0404359 0.0398393
785 -0.0222037 0.0549363
786 -0.000721363 0.065232
787 0.0223432 0.0703264
788 0.0450625 0.0702813
789 0.0654257 0.0655718
790 0.081531 0.0570047
791 0.0917713 0.0456101
792 0.0949898 0.0325174
793 0.0905925 0.0188273
794 0.0786145 0.00549807
795 0.0597375 -0.00673947
796 0.0352573 -0.0174248
797 0.00700084 -0.0263641
798 -0.0228124 -0.0335858
799 -0.0517564 -0.0392673
800 -0.0774197 -0.0436498
801 -0.0976356 -0.0469572
802 -0.110691 -0.0493277
803 -0.115486 -0.0507664
804 -0.11163 -0.0511211
805 -0.0994557 -0.0500859
806 -0.0799805 -0.0472357
807 -0.054798 -0.0420925
808 -0.0259331 -0.0342219
809 0.00433831 -0.0233441
810 0.0336912 -0.00944206
811 0.0599601 0.00715718
812 0.0813339 0.0257467
813 0.0965126 0.0452587
814 0.104803 0.0643372
815 0.106144 0.0814516
816 0.101048 0.0950369
817 0.0904971 0.103646
818 0.0757816 0.106099
819 0.0583377 0.101626
820 0.0395851 0.0899778
821 0.0207891 0.0715025
822 0.00295509 0.0471644
823 -0.0132375 0.018491
824 -0.0274557 -0.0125499
825 -0.0396852 -0.0437326
826 -0.0501562 -0.0727908
827 -0.0592304 -0.0976365
828 -0.0672697 -0.116552
829 -0.074508 -0.128335
830 -0.0809538 -0.132381
831 -0.0863402 -0.128715
832 -0.0901334 -0.117958
833 -0.0915969 -0.101248
834 -0.0898992 -0.0801029
835 -0.0842463 -0.0562521
836 -0.0740224 -0.0314394
837 -0.0589174 -0.00723107
838 -0.0390271 0.015142
839 -0.0149118 0.0348819
840 0.0123965 0.0516445
841 0.0414447 0.0654871
842 0.0704677 0.0767603
843 0.0975451 0.0859681
844 0.120792 0.0936256
845 0.138556 0.100132
846 0.149595 0.105674
847 0.153211 0.110162
848 0.149316 0.113214
849 0.13842 0.114186
850 0.121552 0.112255
851 0.100125 0.106549
852 0.0757553 0.0963082
853 0.0500781 0.0810555
854 0.0245732 0.0607312
855 0.000421012 0.0357736
856 -0.021594 0.00712297
857 -0.0411219 -0.0238513
858 -0.0582253 -0.0554847
859 -0.0732968 -0.0859897
860 -0.0869265 -0.11364
861 -0.0997385 -0.136943
862 -0.112222 -0.154786
863 -0.124589 -0.166533
864 -0.136687 -0.172078
865 -0.147985 -0.171825
866 -0.157628 -0.16661
867 -0.164562 -0.157564
868 -0.167693 -0.145926
869 -0.166054 -0.132855
870 -0.158955 -0.119256
871 -0.146101 -0.105662
872 -0.127657 -0.0921832
873 -0.10426 -0.0785386
874 -0.0769716 -0.0641579
875 -0.0471748 -0.0483261
876 -0.0164172 -0.0303515
877 0.0137777 -0.00972457
878 0.0421046 0.0137545
879 0.0676392 0.0398965
880 0.089939 0.068104
881 0.10906 0.0974137
882 0.125486 0.126597
883 0.139993 0.154308
884 0.153472 0.179256
885 0.166748 0.200383
886 0.180432 0.217014
887 0.194811 0.228947
888 0.209794 0.236479
889 0.224918 0.240341
890 0.239407 0.241564
891 0.252284 0.241298
892 0.262525 0.240614
893 0.269233 0.240334
894 0.271805 0.240911
895 0.270061 0.242377
896 0.264298 0.244368
897 0.255257 0.246211
898 0.24401 0.247052
899 0.231783 0.246013
900 0.219762 0.242354
901 0.208912 0.235613
902 0.199837 0.225709
903 0.192719 0.212993
904 0.18732 0.198214
905 0.183045 0.182423
906 0.179068 0.166797
907 0.174479 0.152449
908 0.168451 0.140229
909 0.160396 0.130591
910 0.150079 0.123526
911 0.137684 0.118591
912 0.123796 0.115018
913 0.109316 0.111867
914 0.0953051 0.1082
915 0.0827945 0.103243
916 0.0725995 0.0965123
917 0.0651692 0.0878961
918 0.0605085 0.0776725
919 0.0581864 0.0664711
920 0.0574254 0.0551723
921 0.0572544 0.044757
922 0.0566896 0.0361275
923 0.0549104 0.029933
924 0.0513977 0.0264365
925 0.0460135 0.0254553
926 0.039014 0.0263911
927 0.0309971 0.0283473
928 0.0227957 0.030305
929 0.0153307 0.0313218
930 0.00944689 0.030707
931 0.00575474 0.0281419
932 0.00450653 0.023723
933 0.0055344 0.0179271
934 0.00826851 0.0115099
935 0.0118393 0.00535988
936 0.0152468 0.000335196
937 0.017562 -0.00289124
938 0.018114 -0.00395335
939 0.0166207 -0.00286131
940 0.0132323 -5.88115e-06
941 0.00848493 0.00390602
942 0.00317767 0.00797711
943 -0.00179277 0.0112876
944 -0.00560475 0.0130751
945 -0.00765948 0.0128901
946 -0.00768226 0.0106924
947 -0.00576601 0.00686311
948 -0.00235338 0.00212555
949 0.00183962 -0.00260886
950 0.00594992 -0.00643584
951 0.00912667 -0.00864855
952 0.0106977 -0.00887954
953 0.0103099 -0.00716452
954 0.00801122 -0.00391929
955 0.00424963 0.00015809
956 -0.000215976 0.00423318
957 -0.00447635 0.0074969
958 -0.00766836 0.00931374
959 -0.00916114 0.00933394
960 -0.0086885 0.00755501
961 -0.00639826 0.004324
962 -0.00280999 0.000277921
963 0.00130512 -0.00377263
964 0.00509188 -0.00700114
965 0.0077878 -0.00873683
966 0.008872 -0.00861372
967 0.00815889 -0.00666011
968 0.00582307 -0.00330163
969 0.00235578 0.000728604
970 -0.00153535 0.00455381
971 -0.00506389 0.00735216
972 -0.00751595 0.00854061
973 -0.0083904 0.00789926
974 -0.00750305 0.00560876
975 -0.00503314 0.0021965
976 -0.00149769 -0.00159009
977 0.00234804 -0.0049499
978 0.00566911 -0.00719595
979 0.00773654 -0.00789048
980 0.00809662 -0.00692369
981 0.00668031 -0.00452558
982 0.00382176 -0.00121278
983 0.000178753 0.00231749
984 -0.00342517 0.00532649
985 -0.0061953 0.00718182
986 -0.00754674 0.00748773
987 -0.00722751 0.0061725
988 -0.00535852 0.00351294
989 -0.00238829 8.55402e-05
990 0.00101886 -0.00335161
991 0.0041308 -0.00602546
992 0.00629871 -0.00732708
993 0.00708364 -0.00695965
994 0.00633862 -0.00501516
995 0.00423469 -0.00195623
996 0.00122703 0.00149561
997 -0.00203457 0.00453688
998 -0.00483779 0.00647751
999 -0.00655942 0.00690279
