0 -4.96716e-05 0.00166752
1 0.00442823 0.00611309
2 0.00818753 0.00935803
3 0.0104877 0.0108055
4 0.0108341 0.0102174
5 0.00908892 0.00773489
6 0.00552138 0.00383047
7 0.00077656 -0.000788534
8 -0.0042376 -0.00530319
9 -0.00852842 -0.00891416
10 -0.0112253 -0.0109673
11 -0.0117678 -0.0110618
12 -0.0100292 -0.00912645
13 -0.0063446 -0.00545089
14 -0.00143592 -0.000655873
15 0.00374488 0.00440025
16 0.00821493 0.00877102
17 0.0111538 0.0116023
18 0.0120492 0.0123073
19 0.0107722 0.0106963
20 0.00757543 0.00702917
21 0.00303021 0.00197441
22 -0.00207943 -0.00351899
23 -0.00688344 -0.00841016
24 -0.0105578 -0.0117742
25 -0.01245 -0.0129834
26 -0.0121867 -0.0118242
27 -0.00974869 -0.00852604
28 -0.00549745 -0.00370291
29 -0.000136608 0.00177446
30 0.00539476 0.0069442
31 0.0100864 0.0109212
32 0.0130493 0.0130383
33 0.0136955 0.0129421
34 0.0118632 0.010638
35 0.00785673 0.00648441
36 0.00239071 0.00114171
37 -0.00354861 -0.00451968
38 -0.00889383 -0.00954585
39 -0.0126969 -0.0130503
40 -0.0142987 -0.01437
41 -0.0134373 -0.0131997
42 -0.0102786 -0.00967187
43 -0.00537099 -0.00435677
44 0.000459176 0.00182742
45 0.00625008 0.00778256
46 0.0110573 0.0124413
47 0.0140962 0.0149731
48 0.0148562 0.0149382
49 0.0131776 0.0123579
50 0.0092827 0.00769246
51 0.00375481 0.00174044
52 -0.00253556 -0.00451081
53 -0.00855686 -0.0100507
54 -0.0132817 -0.0139991
55 -0.0158671 -0.0157301
56 -0.0158164 -0.0149563
57 -0.0130847 -0.0117692
58 -0.00810206 -0.00663162
59 -0.00170052 -0.000320808
60 0.00503819 0.00617752
61 0.0109832 0.0118149
62 0.0151569 0.0156479
63 0.0168974 0.0170008
64 0.0159522 0.0155918
65 0.0124951 0.0115967
66 0.00707675 0.00563104
67 0.000527622 -0.00134868
68 -0.00616521 -0.00820777
69 -0.0119915 -0.0138294
70 -0.0160518 -0.0173053
71 -0.0176842 -0.0180854
72 -0.0165699 -0.0160591
73 -0.0128018 -0.0115594
74 -0.00689545 -0.00529524
75 0.000270849 0.00177026
76 0.00758649 0.00856887
77 0.0138906 0.0140806
78 0.0181715 0.0174718
79 0.0197418 0.0182045
80 0.0183553 0.0161109
81 0.0142408 0.0114251
82 0.00805472 0.00476621
83 0.000764238 -0.00293251
84 -0.00651036 -0.0105482
85 -0.0126656 -0.0169363
86 -0.0167705 -0.0211173
87 -0.0181897 -0.0224474
88 -0.0166628 -0.0207366
89 -0.0123346 -0.0162853
90 -0.00573652 -0.00983127
91 0.00228034 -0.00242025
92 0.0106546 0.00476958
93 0.0182574 0.0106101
94 0.0240532 0.0141801
95 0.0272569 0.0148773
96 0.0274625 0.0124789
97 0.0247194 0.00715671
98 0.0195388 -0.000547403
99 0.0128237 -0.00978236
100 0.00573367 -0.0194853
101 -0.000493611 -0.0285142
102 -0.00473107 -0.0358065
103 -0.00612649 -0.0405434
104 -0.00421563 -0.0422901
105 0.00102988 -0.0410807
106 0.00921915 -0.0374257
107 0.019611 -0.0322372
108 0.0312181 -0.0266867
109 0.0429311 -0.0220257
110 0.0536511 -0.0194039
111 0.0624244 -0.0197161
112 0.0685686 -0.0234964
113 0.0717788 -0.0308662
114 0.0721926 -0.0415332
115 0.0703959 -0.0548332
116 0.0673563 -0.06981
117 0.0642881 -0.0853262
118 0.0624711 -0.100199
119 0.0630561 -0.113351
120 0.0668973 -0.123953
121 0.0744402 -0.131547
122 0.0856789 -0.136114
123 0.100178 -0.138087
124 0.117145 -0.138288
125 0.135526 -0.137814
126 0.154126 -0.137873
127 0.171727 -0.139615
128 0.187217 -0.143968
129 0.199718 -0.151514
130 0.208699 -0.162412
131 0.214054 -0.176383
132 0.216132 -0.192737
133 0.215685 -0.210455
134 0.21376 -0.228292
135 0.211532 -0.244908
136 0.210124 -0.259008
137 0.21044 -0.269476
138 0.213043 -0.275503
139 0.218091 -0.276678
140 0.225323 -0.273042
141 0.234091 -0.265082
142 0.243427 -0.253661
143 0.252132 -0.239897
144 0.258892 -0.225008
145 0.262411 -0.210141
146 0.261551 -0.196224
147 0.255476 -0.18386
148 0.243761 -0.173272
149 0.226462 -0.164298
150 0.204116 -0.156429
151 0.177683 -0.148874
152 0.148432 -0.140651
153 0.117791 -0.130697
154 0.0871987 -0.117992
155 0.0579566 -0.101693
156 0.0311179 -0.0812742
157 0.00740658 -0.0566324
158 -0.0128251 -0.0281467
159 -0.029604 0.00332523
160 -0.043306 0.036521
161 -0.0545918 0.0699011
162 -0.0643092 0.101806
163 -0.0733702 0.130613
164 -0.0826166 0.154876
165 -0.0926896 0.173428
166 -0.103923 0.185462
167 -0.116278 0.19058
168 -0.129321 0.188825
169 -0.142263 0.180678
170 -0.154039 0.167031
171 -0.163421 0.149099
172 -0.169152 0.128298
173 -0.170087 0.106089
174 -0.165312 0.0838188
175 -0.154255 0.0625858
176 -0.136755 0.043159
177 -0.113113 0.0259485
178 -0.0840931 0.0110284
179 -0.0508987 -0.00180937
180 -0.0150983 -0.0129862
181 0.021482 -0.0230632
182 0.0568987 -0.0326635
183 0.0892483 -0.042387
184 0.116823 -0.0527158
185 0.138248 -0.0639178
186 0.152574 -0.0759666
187 0.159338 -0.0884972
188 0.158563 -0.100815
189 0.15073 -0.111962
190 0.136718 -0.120827
191 0.117721 -0.126276
192 0.0951602 -0.127285
193 0.0705695 -0.123048
194 0.0454858 -0.113061
195 0.0213281 -0.0971773
196 -0.000712291 -0.0756469
197 -0.0197565 -0.0491403
198 -0.0352831 -0.0187467
199 -0.0471274 0.0140605
200 -0.0554371 0.047502
201 -0.0605983 0.079616
202 -0.0631505 0.108414
203 -0.0637034 0.132049
204 -0.0628682 0.148965
205 -0.0611988 0.15802
206 -0.0591442 0.158557
207 -0.0570046 0.150444
208 -0.054898 0.134074
209 -0.0527427 0.110345
210 -0.0502683 0.0806142
211 -0.0470607 0.0466346
212 -0.0426379 0.0104486
213 -0.0365437 -0.0257431
214 -0.0284394 -0.0597395
215 -0.0181735 -0.0895018
216 -0.00582012 -0.113301
217 0.00831424 -0.12983
218 0.0237075 -0.138274
219 0.0396499 -0.138337
220 0.0552775 -0.130232
221 0.0696121 -0.114656
222 0.0816168 -0.0927365
223 0.0902705 -0.0659674
224 0.0946638 -0.0361205
225 0.0941031 -0.00513162
226 0.0882042 0.0250314
227 0.0769555 0.0525077
228 0.0607386 0.0756729
229 0.0403045 0.09324
230 0.0167186 0.104326
231 -0.00871378 0.108478
232 -0.0345251 0.105679
233 -0.0591646 0.0963194
234 -0.0810798 0.0811706
235 -0.0988089 0.0613355
236 -0.111085 0.0381871
237 -0.116947 0.013285
238 -0.115832 -0.0117266
239 -0.107648 -0.0352332
240 -0.0927895 -0.0557612
241 -0.0721045 -0.0720728
242 -0.0468265 -0.0832336
243 -0.018478 -0.0886521
244 0.0112306 -0.0880941
245 0.0404989 -0.0816819
246 0.0675311 -0.0698826
247 0.0906349 -0.0534864
248 0.108327 -0.0335704
249 0.119442 -0.0114418
250 0.123232 0.0114418
251 0.119442 0.0335704
252 0.108327 0.0534864
253 0.0906349 0.0698826
254 0.0675311 0.0816819
255 0.0404989 0.0880941
256 0.0112306 0.0886521
257 -0.018478 0.0832336
258 -0.0468265 0.0720728
259 -0.0721045 0.0557612
260 -0.0927895 0.0352332
261 -0.107648 0.0117266
262 -0.115832 -0.013285
263 -0.116947 -0.0381871
264 -0.111085 -0.0613355
265 -0.0988089 -0.0811706
266 -0.0810798 -0.0963194
267 -0.0591646 -0.105679
268 -0.0345251 -0.108478
269 -0.00871378 -0.104326
270 0.0167186 -0.09324
271 0.0403045 -0.0756729
272 0.0607386 -0.0525077
273 0.0769555 -0.0250314
274 0.0882042 0.00513162
275 0.0941031 0.0361205
276 0.0946638 0.0659674
277 0.0902705 0.0927365
278 0.0816168 0.114656
279 0.0696121 0.130232
280 0.0552775 0.138337
281 0.0396499 0.138274
282 0.0237075 0.12983
283 0.00831424 0.113301
284 -0.00582012 0.0895018
285 -0.0181735 0.0597395
286 -0.0284394 0.0257431
287 -0.0365437 -0.0104486
288 -0.0426379 -0.0466346
289 -0.0470607 -0.0806142
290 -0.0502683 -0.110345
291 -0.0527427 -0.134074
292 -0.054898 -0.150444
293 -0.0570046 -0.158557
294 -0.0591442 -0.15802
295 -0.0611988 -0.148965
296 -0.0628682 -0.132049
297 -0.0637034 -0.108414
298 -0.0631505 -0.079616
299 -0.0605983 -0.047502
300 -0.0554371 -0.0140605
301 -0.0471274 0.0187467
302 -0.0352831 0.0491403
303 -0.0197565 0.0756469
304 -0.000712291 0.0971773
305 0.0213281 0.113061
306 0.0454858 0.123048
307 0.0705695 0.127285
308 0.0951602 0.126276
309 0.117721 0.120827
310 0.136718 0.111962
311 0.15073 0.100815
312 0.158563 0.0884972
313 0.159338 0.0759666
314 0.152574 0.0639178
315 0.138248 0.0527158
316 0.116823 0.042387
317 0.0892483 0.0326635
318 0.0568987 0.0230632
319 0.021482 0.0129862
320 -0.0150983 0.00180937
321 -0.0508987 -0.0110284
322 -0.0840931 -0.0259485
323 -0.113113 -0.043159
324 -0.136755 -0.0625858
325 -0.154255 -0.0838188
326 -0.165312 -0.106089
327 -0.170087 -0.128298
328 -0.169152 -0.149099
329 -0.163421 -0.167031
330 -0.154039 -0.180678
331 -0.142263 -0.188825
332 -0.129321 -0.19058
333 -0.116278 -0.185462
334 -0.103923 -0.173428
335 -0.0926896 -0.154876
336 -0.0826166 -0.130613
337 -0.0733702 -0.101806
338 -0.0643092 -0.0699011
339 -0.0545918 -0.036521
340 -0.043306 -0.00332523
341 -0.029604 0.0281467
342 -0.0128251 0.0566324
343 0.00740658 0.0812742
344 0.0311179 0.101693
345 0.0579566 0.117992
346 0.0871987 0.130697
347 0.117791 0.140651
348 0.148432 0.148874
349 0.177683 0.156429
350 0.204116 0.164298
351 0.226462 0.173272
352 0.243761 0.18386
353 0.255476 0.196224
354 0.261551 0.210141
355 0.262411 0.225008
356 0.258892 0.239897
357 0.252132 0.253661
358 0.243427 0.265082
359 0.234091 0.273042
360 0.225323 0.276678
361 0.218091 0.275503
362 0.213043 0.269476
363 0.21044 0.259008
364 0.210124 0.244908
365 0.211532 0.228292
366 0.21376 0.210455
367 0.215685 0.192737
368 0.216132 0.176383
369 0.214054 0.162412
370 0.208699 0.151514
371 0.199718 0.143968
372 0.187217 0.139615
373 0.171727 0.137873
374 0.154126 0.137814
375 0.135526 0.138288
376 0.117145 0.138087
377 0.100178 0.136114
378 0.0856789 0.131547
379 0.0744402 0.123953
380 0.0668973 0.113351
381 0.0630561 0.100199
382 0.0624711 0.0853262
383 0.0642881 0.06981
384 0.0673563 0.0548332
385 0.0703959 0.0415332
386 0.0721926 0.0308662
387 0.0717788 0.0234964
388 0.0685686 0.0197161
389 0.0624244 0.0194039
390 0.0536511 0.0220257
391 0.0429311 0.0266867
392 0.0312181 0.0322372
393 0.019611 0.0374257
394 0.00921915 0.0410807
395 0.00102988 0.0422901
396 -0.00421563 0.0405434
397 -0.00612649 0.0358065
398 -0.00473107 0.0285142
399 -0.000493611 0.0194853
400 0.00573367 0.00978236
401 0.0128237 0.000547403
402 0.0195388 -0.00715671
403 0.0247194 -0.0124789
404 0.0274625 -0.0148773
405 0.0272569 -0.0141801
406 0.0240532 -0.0106101
407 0.0182574 -0.00476958
408 0.0106546 0.00242025
409 0.00228034 0.00983127
410 -0.00573652 0.0162853
411 -0.0123346 0.0207366
412 -0.0166628 0.0224474
413 -0.0181897 0.0211173
414 -0.0167705 0.0169363
415 -0.0126656 0.0105482
416 -0.00651036 0.00293251
417 0.000764238 -0.00476621
418 0.00805472 -0.0114251
419 0.0142408 -0.0161109
420 0.0183553 -0.0182045
421 0.0197418 -0.0174718
422 0.0181715 -0.0140806
423 0.0138906 -0.00856887
424 0.00758649 -0.00177026
425 0.000270849 0.00529524
426 -0.00689545 0.0115594
427 -0.0128018 0.0160591
428 -0.0165699 0.0180854
429 -0.0176842 0.0173053
430 -0.0160518 0.0138294
431 -0.0119915 0.00820777
432 -0.00616521 0.00134868
433 0.000527622 -0.00563104
434 0.00707675 -0.0115967
435 0.0124951 -0.0155918
436 0.0159522 -0.0170008
437 0.0168974 -0.0156479
438 0.0151569 -0.0118149
439 0.0109832 -0.00617752
440 0.00503819 0.000320808
441 -0.00170052 0.00663162
442 -0.00810206 0.0117692
443 -0.0130847 0.0149563
444 -0.0158164 0.0157301
445 -0.0158671 0.0139991
446 -0.0132817 0.0100507
447 -0.00855686 0.00451081
448 -0.00253556 -0.00174044
449 0.00375481 -0.00769246
450 0.0092827 -0.0123579
451 0.0131776 -0.0149382
452 0.0148562 -0.0149731
453 0.0140962 -0.0124413
454 0.0110573 -0.00778256
455 0.00625008 -0.00182742
456 0.000459176 0.00435677
457 -0.00537099 0.00967187
458 -0.0102786 0.0131997
459 -0.0134373 0.01437
460 -0.0142987 0.0130503
461 -0.0126969 0.00954585
462 -0.00889383 0.00451968
463 -0.00354861 -0.00114171
464 0.00239071 -0.00648441
465 0.00785673 -0.010638
466 0.0118632 -0.0129421
467 0.0136955 -0.0130383
468 0.0130493 -0.0109212
469 0.0100864 -0.0069442
470 0.00539476 -0.00177446
471 -0.000136608 0.00370291
472 -0.00549745 0.00852604
473 -0.00974869 0.0118242
474 -0.0121867 0.0129834
475 -0.01245 0.0117742
476 -0.0105578 0.00841016
477 -0.00688344 0.00351899
478 -0.00207943 -0.00197441
479 0.00303021 -0.00702917
480 0.00757543 -0.0106963
481 0.0107722 -0.0123073
482 0.0120492 -0.0116023
483 0.0111538 -0.00877102
484 0.00821493 -0.00440025
485 0.00374488 0.000655873
486 -0.00143592 0.00545089
487 -0.0063446 0.00912645
488 -0.0100292 0.0110618
489 -0.0117678 0.0109673
490 -0.0112253 0.00891416
491 -0.00852842 0.00530319
492 -0.0042376 0.000788534
493 0.00077656 -0.00383047
494 0.00552138 -0.00773489
495 0.00908892 -0.0102174
496 0.0108341 -0.0108055
497 0.0104877 -0.00935803
498 0.00818753 -0.00611309
499 0.00442823 -0.00166752
500 -4.96716e-05 0.00312093
501 -0.00440604 0.00729807
502 -0.00785297 0.0100131
503 -0.00978712 0.0107072
504 -0.00988467 0.00924319
505 -0.00814851 0.00594001
506 -0.00490433 0.00150156
507 -0.000747494 -0.00314229
508 0.00355346 -0.00704251
509 0.00718608 -0.00943424
510 0.00944026 -0.00988937
511 0.00984883 -0.00838749
512 0.00829482 -0.00529658
513 0.00505736 -0.00127648
514 0.000776088 0.0028667
515 -0.00366888 0.00634108
516 -0.00734204 0.00851305
517 -0.00946196 0.00901178
518 -0.00958279 0.00778193
519 -0.00769941 0.00508201
520 -0.00424685 0.00143305
521 6.0595e-06 -0.00247275
522 0.00413962 -0.00589107
523 0.00729376 -0.00815647
524 0.00885291 -0.0088074
525 0.00856315 -0.00768399
526 0.0065614 -0.00497734
527 0.00332003 -0.00121282
528 -0.000470782 0.0028396
529 -0.00405082 0.00631853
530 -0.00673603 0.00845968
531 -0.00803783 0.00877654
532 -0.00774003 0.0071855
533 -0.00592683 0.00403777
534 -0.00296189 4.35109e-05
535 0.00057669 -0.00389559
536 0.00399727 -0.00690253
537 0.00661858 -0.00833233
538 0.00789925 -0.00791652
539 0.00755085 -0.00581008
540 0.00561066 -0.002535
541 0.0024536 0.00115771
542 -0.00126775 0.00446742
543 -0.00475097 0.0067187
544 -0.0072175 0.00749367
545 -0.00809471 0.00669855
546 -0.00716122 0.00455926
547 -0.00461414 0.00155588
548 -0.00103443 -0.00168434
549 0.00274699 -0.00451179
550 0.005851 -0.00637452
551 0.00756717 -0.00691552
552 0.00752705 -0.00603437
553 0.00578719 -0.00390592
554 0.00280156 -0.000953007
555 -0.000704712 0.00222552
556 -0.00392132 0.00496415
557 -0.00614658 0.0066631
558 -0.0069399 0.00692058
559 -0.00620059 0.00563605
560 -0.00416334 0.00305524
561 -0.00132208 -0.000263288
562 0.00169205 -0.00356244
563 0.00424782 -0.0060613
564 0.00583777 -0.0071492
565 0.00616834 -0.00654726
566 0.0052045 -0.00439013
567 0.00316645 -0.00120062
568 0.000482318 0.00223985
569 -0.0022936 0.00509136
570 -0.00458445 0.00667117
571 -0.00590127 0.00662537
572 -0.00594304 0.0050103
573 -0.0046684 0.00226486
574 -0.00232131 -0.000914588
575 0.000601848 -0.00375811
576 0.0034462 -0.0056138
577 0.00554083 -0.00609759
578 0.00636089 -0.00516705
579 0.00566884 -0.00310774
580 0.00359341 -0.000443697
581 0.000616955 0.00219929
582 -0.00253376 0.0042405
583 -0.00506961 0.00526677
584 -0.00634626 0.00510659
585 -0.00603823 0.00384637
586 -0.00422917 0.00179376
587 -0.00139098 -0.000597029
588 0.00174297 -0.00281935
589 0.00437466 -0.00441032
590 0.00585253 -0.00503581
591 0.00583829 -0.00455411
592 0.00438495 -0.00304969
593 0.00190823 -0.000828683
594 -0.00093617 0.00162979
595 -0.00343175 0.00376571
596 -0.0049859 0.00506131
597 -0.00527104 0.00517003
598 -0.00428845 0.00401757
599 -0.0023444 0.00184248
600 4.7368e-05 -0.000843426
601 0.00230488 -0.00337248
602 0.00391962 -0.00509008
603 0.00456568 -0.0055309
604 0.00415508 -0.00455244
605 0.0028345 -0.00238566
606 0.000933724 0.000415738
607 -0.00111569 0.00311743
608 -0.00287133 0.00500134
609 -0.0039643 0.00556327
610 -0.00416617 0.00465479
611 -0.00343148 0.00252742
612 -0.00191041 -0.000236037
613 7.27627e-05 -0.00288465
614 0.00207728 -0.00471015
615 0.00363489 -0.00524356
616 0.00435602 -0.00438018
617 0.00403025 -0.00239778
618 0.00269344 0.000134256
619 0.000638563 0.0025239
620 -0.00164043 0.00415113
621 -0.00356404 0.00463125
622 -0.00461575 0.00390314
623 -0.00448518 0.00222364
624 -0.00316498 7.74661e-05
625 -0.000970291 -0.00196545
626 0.00153122 -0.00340232
627 0.00366523 -0.0039186
628 0.00483606 -0.00345003
629 0.00469931 -0.00217611
630 0.00327007 -0.000454671
631 0.000930044 0.00127929
632 -0.00167331 0.00262161
633 -0.00380969 0.00328752
634 -0.00487746 0.0031634
635 -0.00457985 0.00231618
636 -0.00301167 0.000964892
637 -0.000629827 -0.000574282
638 0.00188273 -0.00195606
639 0.00381754 -0.00287488
640 0.00464491 -0.00312461
641 0.00416153 -0.00264099
642 0.00254011 -0.00151997
643 0.00026928 -6.18089e-06
644 -0.00199528 0.00155106
645 -0.00362288 0.0027707
646 -0.00418612 0.0033301
647 -0.00357434 0.00305216
648 -0.00201152 0.00196536
649 2.3031e-05 0.000315071
650 0.00194385 -0.00148438
651 0.0032309 -0.00295076
652 0.00357191 -0.00366445
653 0.0029356 -0.00339233
654 0.00155936 -0.00216724
655 -0.00013762 -0.000295226
656 -0.00168385 0.00171746
657 -0.00268681 0.00330102
658 -0.00292924 0.00398583
659 -0.00240853 0.00354526
660 -0.00131597 0.00207352
661 3.11059e-05 -2.88287e-05
662 0.00128065 -0.00216223
663 0.0021351 -0.00370031
664 0.00241703 -0.00417729
665 0.00209895 -0.0034334
666 0.00129504 -0.00167152
667 0.0002221 0.000596169
668 -0.000857468 0.00269806
669 -0.00169591 0.00400545
670 -0.00211108 0.00412468
671 -0.00201989 0.00301888
672 -0.00145098 0.0010207
673 -0.000536662 -0.00126854
674 0.000513482 -0.00316184
675 0.00145409 -0.00409509
676 0.00205529 -0.00379718
677 0.00215593 -0.00237
678 0.00170769 -0.000254824
679 0.000797629 0.00190416
680 -0.000361023 0.00345689
681 -0.00147321 0.00394496
682 -0.00223468 0.00323913
683 -0.00241585 0.00157478
684 -0.00193338 -0.000525144
685 -0.000886343 -0.00241516
686 0.000458011 -0.00352772
687 0.0017296 -0.00354608
688 0.00255705 -0.00249551
689 0.00267754 -0.000726333
690 0.00202215 0.00120323
691 0.000748491 0.00270443
692 -0.000793177 0.00333861
693 -0.00215491 0.00294523
694 -0.00292181 0.00168044
695 -0.0028403 -4.18892e-05
696 -0.0019037 -0.00168479
697 -0.000365821 -0.00275508
698 0.00132583 -0.00295119
699 0.00266042 -0.00224799
700 0.00321962 -0.000894734
701 0.00281085 0.000670757
702 0.0015347 0.00196318
703 -0.000237225 0.00260084
704 -0.00197031 0.0024192
705 -0.00312924 0.00151244
706 -0.00334504 0.0001926
707 -0.00253397 -0.00111726
708 -0.000929815 -0.00201904
709 0.000982894 -0.00226049
710 0.00261553 -0.00180423
711 0.00345747 -0.000826982
712 0.00323697 0.000346286
713 0.00200984 0.0013491
714 0.000146834 0.00188654
715 -0.00177803 0.00182067
716 -0.00316467 0.00120419
717 -0.00357491 0.000255132
718 -0.00287214 -0.00071774
719 -0.00126769 -0.00141407
720 0.000742047 -0.00163447
721 0.00252932 -0.00133778
722 0.00353189 -0.000646074
723 0.00343096 0.000202194
724 0.00225346 0.000933672
725 0.000365536 0.00132817
726 -0.00164144 0.00128453
727 -0.00313658 0.000844677
728 -0.00364833 0.000171049
729 -0.00301367 -0.000511785
730 -0.00143028 -0.000990607
731 0.000604922 -0.00112851
732 0.00245161 -0.000902469
733 0.00352753 -0.000404234
734 0.0034922 0.000193779
735 0.00235508 0.000695811
736 0.000473621 0.000945335
737 -0.00155869 0.000873538
738 -0.0030994 0.000518637
739 -0.00366051 1.00654e-05
740 -0.00306358 -0.00047698
741 -0.001497 -0.000781133
742 0.000543326 -0.000808202
743 0.00241111 -0.000560264
744 0.00351477 -0.000131378
745 0.00350509 0.000327281
746 0.00238571 0.000659775
747 0.000511604 0.000757041
748 -0.0015237 0.00059117
749 -0.00307608 0.000222361
750 -0.00365452 -0.000222361
751 -0.00307608 -0.00059117
752 -0.0015237 -0.000757041
753 0.000511604 -0.000659775
754 0.00238571 -0.000327281
755 0.00350509 0.000131378
756 0.00351477 0.000560264
757 0.00241111 0.000808202
758 0.000543326 0.000781133
759 -0.001497 0.00047698
760 -0.00306358 -1.00654e-05
761 -0.00366051 -0.000518637
762 -0.0030994 -0.000873538
763 -0.00155869 -0.000945335
764 0.000473621 -0.000695811
765 0.00235508 -0.000193779
766 0.0034922 0.000404234
767 0.00352753 0.000902469
768 0.00245161 0.00112851
769 0.000604922 0.000990607
770 -0.00143028 0.000511785
771 -0.00301367 -0.000171049
772 -0.00364833 -0.000844677
773 -0.00313658 -0.00128453
774 -0.00164144 -0.00132817
775 0.000365536 -0.000933672
776 0.00225346 -0.000202194
777 0.00343096 0.000646074
778 0.00353189 0.00133778
779 0.00252932 0.00163447
780 0.000742047 0.00141407
781 -0.00126769 0.00071774
782 -0.00287214 -0.000255132
783 -0.00357491 -0.00120419
784 -0.00316467 -0.00182067
785 -0.00177803 -0.00188654
786 0.000146834 -0.0013491
787 0.00200984 -0.000346286
788 0.00323697 0.000826982
789 0.00345747 0.00180423
790 0.00261553 0.00226049
791 0.000982894 0.00201904
792 -0.000929815 0.00111726
793 -0.00253397 -0.0001926
794 -0.00334504 -0.00151244
795 -0.00312924 -0.0024192
796 -0.00197031 -0.00260084
797 -0.000237225 -0.00196318
798 0.0015347 -0.000670757
799 0.00281085 0.000894734
800 0.00321962 0.00224799
801 0.00266042 0.00295119
802 0.00132583 0.00275508
803 -0.000365821 0.00168479
804 -0.0019037 4.18892e-05
805 -0.0028403 -0.00168044
806 -0.00292181 -0.00294523
807 -0.00215491 -0.00333861
808 -0.000793177 -0.00270443
809 0.000748491 -0.00120323
810 0.00202215 0.000726333
811 0.00267754 0.00249551
812 0.00255705 0.00354608
813 0.0017296 0.00352772
814 0.000458011 0.00241516
815 -0.000886343 0.000525144
816 -0.00193338 -0.00157478
817 -0.00241585 -0.00323913
818 -0.00223468 -0.00394496
819 -0.00147321 -0.00345689
820 -0.000361023 -0.00190416
821 0.000797629 0.000254824
822 0.00170769 0.00237
823 0.00215593 0.00379718
824 0.00205529 0.00409509
825 0.00145409 0.00316184
826 0.000513482 0.00126854
827 -0.000536662 -0.0010207
828 -0.00145098 -0.00301888
829 -0.00201989 -0.00412468
830 -0.00211108 -0.00400545
831 -0.00169591 -0.00269806
832 -0.000857468 -0.000596169
833 0.0002221 0.00167152
834 0.00129504 0.0034334
835 0.00209895 0.00417729
836 0.00241703 0.00370031
837 0.0021351 0.00216223
838 0.00128065 2.88287e-05
839 3.11059e-05 -0.00207352
840 -0.00131597 -0.00354526
841 -0.00240853 -0.00398583
842 -0.00292924 -0.00330102
843 -0.00268681 -0.00171746
844 -0.00168385 0.000295226
845 -0.00013762 0.00216724
846 0.00155936 0.00339233
847 0.0029356 0.00366445
848 0.00357191 0.00295076
849 0.0032309 0.00148438
850 0.00194385 -0.000315071
851 2.3031e-05 -0.00196536
852 -0.00201152 -0.00305216
853 -0.00357434 -0.0033301
854 -0.00418612 -0.0027707
855 -0.00362288 -0.00155106
856 -0.00199528 6.18089e-06
857 0.00026928 0.00151997
858 0.00254011 0.00264099
859 0.00416153 0.00312461
860 0.00464491 0.00287488
861 0.00381754 0.00195606
862 0.00188273 0.000574282
863 -0.000629827 -0.000964892
864 -0.00301167 -0.00231618
865 -0.00457985 -0.0031634
866 -0.00487746 -0.00328752
867 -0.00380969 -0.00262161
868 -0.00167331 -0.00127929
869 0.000930044 0.000454671
870 0.00327007 0.00217611
871 0.00469931 0.00345003
872 0.00483606 0.0039186
873 0.00366523 0.00340232
874 0.00153122 0.00196545
875 -0.000970291 -7.74661e-05
876 -0.00316498 -0.00222364
877 -0.00448518 -0.00390314
878 -0.00461575 -0.00463125
879 -0.00356404 -0.00415113
880 -0.00164043 -0.0025239
881 0.000638563 -0.000134256
882 0.00269344 0.00239778
883 0.00403025 0.00438018
884 0.00435602 0.00524356
885 0.00363489 0.00471015
886 0.00207728 0.00288465
887 7.27627e-05 0.000236037
888 -0.00191041 -0.00252742
889 -0.00343148 -0.00465479
890 -0.00416617 -0.00556327
891 -0.0039643 -0.00500134
892 -0.00287133 -0.00311743
893 -0.00111569 -0.000415738
894 0.000933724 0.00238566
895 0.0028345 0.00455244
896 0.00415508 0.0055309
897 0.00456568 0.00509008
898 0.00391962 0.00337248
899 0.00230488 0.000843426
900 4.7368e-05 -0.00184248
901 -0.0023444 -0.00401757
902 -0.00428845 -0.00517003
903 -0.00527104 -0.00506131
904 -0.0049859 -0.00376571
905 -0.00343175 -0.00162979
906 -0.00093617 0.000828683
907 0.00190823 0.00304969
908 0.00438495 0.00455411
909 0.00583829 0.00503581
910 0.00585253 0.00441032
911 0.00437466 0.00281935
912 0.00174297 0.000597029
913 -0.00139098 -0.00179376
914 -0.00422917 -0.00384637
915 -0.00603823 -0.00510659
916 -0.00634626 -0.00526677
917 -0.00506961 -0.0042405
918 -0.00253376 -0.00219929
919 0.000616955 0.000443697
920 0.00359341 0.00310774
921 0.00566884 0.00516705
922 0.00636089 0.00609759
923 0.00554083 0.0056138
924 0.0034462 0.00375811
925 0.000601848 0.000914588
926 -0.00232131 -0.00226486
927 -0.0046684 -0.0050103
928 -0.00594304 -0.00662537
929 -0.00590127 -0.00667117
930 -0.00458445 -0.00509136
931 -0.0022936 -0.00223985
932 0.000482318 0.00120062
933 0.00316645 0.00439013
934 0.0052045 0.00654726
935 0.00616834 0.0071492
936 0.00583777 0.0060613
937 0.00424782 0.00356244
938 0.00169205 0.000263288
939 -0.00132208 -0.00305524
940 -0.00416334 -0.00563605
941 -0.00620059 -0.00692058
942 -0.0069399 -0.0066631
943 -0.00614658 -0.00496415
944 -0.00392132 -0.00222552
945 -0.000704712 0.000953007
946 0.00280156 0.00390592
947 0.00578719 0.00603437
948 0.00752705 0.00691552
949 0.00756717 0.00637452
950 0.005851 0.00451179
951 0.00274699 0.00168434
952 -0.00103443 -0.00155588
953 -0.00461414 -0.00455926
954 -0.00716122 -0.00669855
955 -0.00809471 -0.00749367
956 -0.0072175 -0.0067187
957 -0.00475097 -0.00446742
958 -0.00126775 -0.00115771
959 0.0024536 0.002535
960 0.00561066 0.00581008
961 0.00755085 0.00791652
962 0.00789925 0.00833233
963 0.00661858 0.00690253
964 0.00399727 0.00389559
965 0.00057669 -4.35109e-05
966 -0.00296189 -0.00403777
967 -0.00592683 -0.0071855
968 -0.00774003 -0.00877654
969 -0.00803783 -0.00845968
970 -0.00673603 -0.00631853
971 -0.00405082 -0.0028396
972 -0.000470782 0.00121282
973 0.00332003 0.00497734
974 0.0065614 0.00768399
975 0.00856315 0.0088074
976 0.00885291 0.00815647
977 0.00729376 0.00589107
978 0.00413962 0.00247275
979 6.0595e-06 -0.00143305
980 -0.00424685 -0.00508201
981 -0.00769941 -0.00778193
982 -0.00958279 -0.00901178
983 -0.00946196 -0.00851305
984 -0.00734204 -0.00634108
985 -0.00366888 -0.0028667
986 0.000776088 0.00127648
987 0.00505736 0.00529658
988 0.00829482 0.00838749
989 0.00984883 0.00988937
990 0.00944026 0.00943424
991 0.00718608 0.00704251
992 0.00355346 0.00314229
993 -0.000747494 -0.00150156
994 -0.00490433 -0.00594001
995 -0.00814851 -0.00924319
996 -0.00988467 -0.0107072
997 -0.00978712 -0.0100131
998 -0.00785297 -0.00729807
999 -0.00440604 -0.00312093
