0 0.000128596 -0.000175997
1 0.000195078 -0.00026532
2 0.00029348 -0.000396627
3 0.000437807 -0.000587875
4 0.000647534 -0.000863811
5 0.000949418 -0.00125812
6 0.00137976 -0.00181604
7 0.00198717 -0.00259753
8 0.00283582 -0.00368091
9 0.00400924 -0.0051669
10 0.00561443 -0.00718297
11 0.0077862 -0.00988756
12 0.0106914 -0.0134739
13 0.0145324 -0.0181725
14 0.0195493 -0.0242522
15 0.0260203 -0.0320174
16 0.034258 -0.0418023
17 0.0446023 -0.0539585
18 0.0574069 -0.0688373
19 0.0730193 -0.0867636
20 0.0917526 -0.108002
21 0.11385 -0.132715
22 0.139443 -0.160916
23 0.168497 -0.192417
24 0.200767 -0.226777
25 0.235742 -0.263258
26 0.272603 -0.300794
27 0.310199 -0.337982
28 0.347044 -0.373101
29 0.381347 -0.404174
30 0.411079 -0.429068
31 0.434088 -0.445635
32 0.448251 -0.4519
33 0.451667 -0.446264
34 0.442866 -0.427727
35 0.421028 -0.396081
36 0.386174 -0.352069
37 0.339298 -0.297459
38 0.282428 -0.23502
39 0.218564 -0.168373
40 0.151503 -0.101719
41 0.0855387 -0.0394656
42 0.0250603 0.0142296
43 -0.0259122 0.0559334
44 -0.0641974 0.0833647
45 -0.0878591 0.0957114
46 -0.0964835 0.0937698
47 -0.0912684 0.079871
48 -0.0748918 0.0575815
49 -0.0511597 0.0312108
50 -0.0244739 0.00519133
51 0.000805551 -0.0165705
52 0.0209994 -0.0312616
53 0.0336382 -0.0375422
54 0.0377831 -0.0356652
55 0.0340715 -0.0273053
56 0.0244771 -0.0151311
57 0.0118276 -0.00220395
58 -0.000820341 0.00866994
59 -0.010819 0.0154952
60 -0.0164422 0.0174328
61 -0.0171639 0.0148631
62 -0.0136467 0.00916415
63 -0.00745637 0.00227024
64 -0.000582775 -0.00386777
65 0.0051027 -0.00777899
66 0.00831078 -0.00879824
67 0.00860253 -0.00714525
68 0.0064025 -0.00375261
69 0.00277158 8.99698e-05
70 -0.000977849 0.0031578
71 -0.0036996 0.00464879
72 -0.00473661 0.00437292
73 -0.00405821 0.00272947
74 -0.00218512 0.000498349
75 5.42236e-05 -0.00146877
76 0.00184023 -0.00254481
77 0.00263804 -0.00251133
78 0.00234238 -0.00157734
79 0.00125372 -0.000243403
80 -8.80098e-05 0.000923416
81 -0.00113647 0.00151078
82 -0.00154474 0.0013954
83 -0.00126883 0.00074837
84 -0.000540257 -7.58869e-05
85 0.000266645 -0.000709479
86 0.000807282 -0.000923729
87 0.000904136 -0.000703561
88 0.000595932 -0.000221629
89 8.84368e-05 0.000264632
90 -0.000360053 0.000538795
91 -0.000560449 0.000515589
92 -0.000466858 0.00025932
93 -0.000175383 -6.88064e-05
94 0.000142215 -0.000300994
95 0.000330789 -0.000343428
96 0.000323055 -0.00020985
97 0.000158342 2.01362e-06
98 -5.34132e-05 0.000172068
99 -0.000197445 0.000221708
100 -0.000212778 0.000147286
101 -0.000114876 1.00888e-05
102 2.45283e-05 -0.000106076
103 0.000124071 -0.000142927
104 0.000137601 -9.49324e-05
105 7.34155e-05 -3.85462e-06
106 -1.90201e-05 7.18837e-05
107 -8.30599e-05 9.24944e-05
108 -8.77562e-05 5.62919e-05
109 -4.12426e-05 -5.51894e-06
110 2.02719e-05 -5.22474e-05
111 5.80914e-05 -5.90933e-05
112 5.41721e-05 -2.92499e-05
113 1.84755e-05 1.25855e-05
114 -2.1601e-05 3.87043e-05
115 -4.07391e-05 3.58672e-05
116 -3.0925e-05 1.11319e-05
117 -3.58506e-06 -1.5911e-05
118 2.07974e-05 -2.76131e-05
119 2.71875e-05 -1.92454e-05
120 1.47497e-05 8.0395e-08
121 -4.961e-06 1.56608e-05
122 -1.76265e-05 1.78382e-05
123 -1.61053e-05 7.60417e-06
124 -4.01575e-06 -5.84049e-06
125 8.50031e-06 -1.27148e-05
126 1.2784e-05 -9.47483e-06
127 7.37698e-06 -2.30267e-07
128 -2.16806e-06 7.41455e-06
129 -8.35997e-06 8.32256e-06
130 -7.40385e-06 3.07632e-06
131 -1.29584e-06 -3.40192e-06
132 4.59095e-06 -6.1574e-06
133 5.9893e-06 -3.84239e-06
134 2.68902e-06 8.94122e-07
135 -1.9909e-06 4.058e-06
136 -4.28132e-06 3.54502e-06
137 -2.88419e-06 4.19999e-07
138 4.56856e-07 -2.43498e-06
139 2.81007e-06 -2.85504e-06
140 2.52719e-06 -9.57813e-07
141 3.13053e-07 1.33608e-06
142 -1.72864e-06 2.13037e-06
143 -2.00285e-06 1.0633e-06
144 -6.13276e-07 -6.62038e-07
145 1.01018e-06 -1.52018e-06
146 1.49997e-06 -9.65818e-07
147 6.61082e-07 2.83732e-07
148 -5.67721e-07 1.05971e-06
149 -1.08877e-06 7.97263e-07
150 -5.93338e-07 -9.12565e-08
151 3.12234e-07 -7.33707e-07
152 7.79259e-07 -6.23458e-07
153 4.86239e-07 6.18997e-09
154 -1.73536e-07 5.1139e-07
155 -5.56793e-07 4.71534e-07
156 -3.77168e-07 2.17218e-08
157 1.03096e-07 -3.62492e-07
158 4.0053e-07 -3.48674e-07
159 2.81478e-07 -2.22206e-08
160 -7.00679e-08 2.62852e-07
161 -2.91357e-07 2.5322e-07
162 -2.03349e-07 1.17412e-08
163 5.60475e-08 -1.95113e-07
164 2.14367e-07 -1.80517e-07
165 1.42014e-07 1.25161e-09
166 -5.06237e-08 1.47591e-07
167 -1.58917e-07 1.25624e-07
168 -9.49977e-08 -1.2776e-08
169 4.82208e-08 -1.12786e-07
170 1.17823e-07 -8.43492e-08
171 5.96042e-08 2.12411e-08
172 -4.60612e-08 8.60689e-08
173 -8.64425e-08 5.3476e-08
174 -3.34833e-08 -2.62724e-08
175 4.29388e-08 -6.47006e-08
176 6.18855e-08 -3.06616e-08
177 1.47596e-08 2.8092e-08
178 -3.85143e-08 4.71465e-08
179 -4.24161e-08 1.4226e-08
180 -1.97203e-09 -2.72072e-08
181 3.29225e-08 -3.26121e-08
182 2.7024e-08 -2.93826e-09
183 -6.04126e-09 2.42595e-08
184 -2.65507e-08 2.07298e-08
185 -1.51212e-08 -4.16311e-09
186 1.02573e-08 -1.99455e-08
187 1.99059e-08 -1.13443e-08
188 6.32896e-09 7.90148e-09
189 -1.15534e-08 1.4963e-08
190 -1.35207e-08 4.36257e-09
191 -3.3185e-10 -9.04501e-09
192 1.07546e-08 -9.96108e-09
193 7.87851e-09 3.48118e-10
194 -3.21578e-09 8.34227e-09
195 -8.64357e-09 5.48749e-09
196 -3.34973e-09 -3.02001e-09
197 4.73663e-09 -6.51688e-09
198 5.9379e-09 -1.93862e-09
199 1.42441e-10 4.00447e-09
200 -4.73449e-09 4.23132e-09
201 -3.24653e-09 -4.77071e-10
202 1.72312e-09 -3.75298e-09
203 3.76075e-09 -2.03496e-09
204 1.02033e-09 1.75117e-09
205 -2.40852e-09 2.76632e-09
206 -2.35403e-09 3.13849e-10
207 4.84055e-10 -2.05544e-09
208 2.21647e-09 -1.52397e-09
209 9.70444e-10 7.40615e-10
210 -1.21217e-09 1.68893e-09
211 -1.52227e-09 4.1119e-10
212 7.56073e-11 -1.12999e-09
213 1.28393e-09 -1.00047e-09
214 6.92288e-10 3.35854e-10
215 -6.42535e-10 1.00865e-09
216 -9.33433e-10 3.04191e-10
217 -9.27376e-12 -6.48856e-10
218 7.54357e-10 -6.12283e-10
219 4.29198e-10 1.88023e-10
220 -3.76162e-10 6.02588e-10
221 -5.55208e-10 1.75374e-10
222 4.70126e-12 -3.96795e-10
223 4.53931e-10 -3.55175e-10
224 2.37618e-10 1.36111e-10
225 -2.43742e-10 3.61376e-10
226 -3.20233e-10 7.57768e-11
227 3.25091e-11 -2.56832e-10
228 2.76773e-10 -1.91951e-10
229 1.14089e-10 1.14495e-10
230 -1.67401e-10 2.13901e-10
231 -1.76287e-10 1.0188e-11
232 4.86794e-11 -1.70838e-10
233 1.6734e-10 -8.91968e-11
234 4.22869e-11 9.91224e-11
235 -1.15792e-10 1.18889e-10
236 -9.07262e-11 -2.84092e-11
237 5.08243e-11 -1.10787e-10
238 9.90704e-11 -2.41555e-11
239 6.12497e-12 8.18195e-11
240 -7.90725e-11 5.35215e-11
241 -4.37761e-11 -4.71801e-11
242 4.48338e-11 -6.29914e-11
243 5.94926e-11 1.67292e-11
244 -8.40574e-12 5.96619e-11
245 -5.61306e-11 5.60625e-12
246 -2.19378e-11 -5.06297e-11
247 3.90017e-11 -2.05092e-11
248 4.15258e-11 4.0623e-11
249 -1.38655e-11 3.10919e-11
250 -4.8245e-11 -3.10921e-11
251 -1.38651e-11 -4.06233e-11
252 4.15258e-11 2.0509e-11
253 3.90014e-11 5.06296e-11
254 -2.19377e-11 -5.60632e-12
255 -5.61302e-11 -5.9662e-11
256 -8.40597e-12 -1.67292e-11
257 5.94928e-11 6.29918e-11
258 4.48335e-11 4.71801e-11
259 -4.37764e-11 -5.35216e-11
260 -7.9072e-11 -8.18191e-11
261 6.12477e-12 2.41555e-11
262 9.90701e-11 1.10787e-10
263 5.08244e-11 2.84091e-11
264 -9.07266e-11 -1.18889e-10
265 -1.15792e-10 -9.9122e-11
266 4.22873e-11 8.91969e-11
267 1.6734e-10 1.70838e-10
268 4.86793e-11 -1.01884e-11
269 -1.76287e-10 -2.139e-10
270 -1.67401e-10 -1.14495e-10
271 1.14089e-10 1.91951e-10
272 2.76773e-10 2.56832e-10
273 3.25089e-11 -7.57771e-11
274 -3.20232e-10 -3.61375e-10
275 -2.43742e-10 -1.36111e-10
276 2.37618e-10 3.55175e-10
277 4.53931e-10 3.96795e-10
278 4.70089e-12 -1.75374e-10
279 -5.55208e-10 -6.02588e-10
280 -3.76163e-10 -1.88024e-10
281 4.29199e-10 6.12283e-10
282 7.54356e-10 6.48857e-10
283 -9.27391e-12 -3.04191e-10
284 -9.33432e-10 -1.00865e-09
285 -6.42535e-10 -3.35854e-10
286 6.92288e-10 1.00047e-09
287 1.28393e-09 1.12999e-09
288 7.56075e-11 -4.1119e-10
289 -1.52227e-09 -1.68893e-09
290 -1.21217e-09 -7.40616e-10
291 9.70443e-10 1.52397e-09
292 2.21647e-09 2.05544e-09
293 4.84055e-10 -3.13848e-10
294 -2.35403e-09 -2.76632e-09
295 -2.40852e-09 -1.75117e-09
296 1.02033e-09 2.03496e-09
297 3.76075e-09 3.75298e-09
298 1.72312e-09 4.77072e-10
299 -3.24653e-09 -4.23132e-09
300 -4.73449e-09 -4.00447e-09
301 1.42442e-10 1.93862e-09
302 5.9379e-09 6.51688e-09
303 4.73663e-09 3.02001e-09
304 -3.34973e-09 -5.48749e-09
305 -8.64357e-09 -8.34227e-09
306 -3.21578e-09 -3.48118e-10
307 7.87851e-09 9.96108e-09
308 1.07546e-08 9.04501e-09
309 -3.31851e-10 -4.36257e-09
310 -1.35207e-08 -1.4963e-08
311 -1.15534e-08 -7.90148e-09
312 6.32896e-09 1.13443e-08
313 1.99059e-08 1.99455e-08
314 1.02573e-08 4.16311e-09
315 -1.51212e-08 -2.07298e-08
316 -2.65507e-08 -2.42595e-08
317 -6.04126e-09 2.93826e-09
318 2.7024e-08 3.26121e-08
319 3.29225e-08 2.72072e-08
320 -1.97203e-09 -1.4226e-08
321 -4.24161e-08 -4.71465e-08
322 -3.85143e-08 -2.8092e-08
323 1.47596e-08 3.06616e-08
324 6.18855e-08 6.47006e-08
325 4.29388e-08 2.62724e-08
326 -3.34833e-08 -5.3476e-08
327 -8.64425e-08 -8.60689e-08
328 -4.60612e-08 -2.12411e-08
329 5.96042e-08 8.43492e-08
330 1.17823e-07 1.12786e-07
331 4.82208e-08 1.2776e-08
332 -9.49977e-08 -1.25624e-07
333 -1.58917e-07 -1.47591e-07
334 -5.06237e-08 -1.25161e-09
335 1.42014e-07 1.80517e-07
336 2.14367e-07 1.95113e-07
337 5.60475e-08 -1.17412e-08
338 -2.03349e-07 -2.5322e-07
339 -2.91357e-07 -2.62852e-07
340 -7.00679e-08 2.22206e-08
341 2.81478e-07 3.48674e-07
342 4.0053e-07 3.62492e-07
343 1.03096e-07 -2.17218e-08
344 -3.77168e-07 -4.71534e-07
345 -5.56793e-07 -5.1139e-07
346 -1.73536e-07 -6.18997e-09
347 4.86239e-07 6.23458e-07
348 7.79259e-07 7.33707e-07
349 3.12234e-07 9.12565e-08
350 -5.93338e-07 -7.97263e-07
351 -1.08877e-06 -1.05971e-06
352 -5.67721e-07 -2.83732e-07
353 6.61082e-07 9.65818e-07
354 1.49997e-06 1.52018e-06
355 1.01018e-06 6.62038e-07
356 -6.13276e-07 -1.0633e-06
357 -2.00285e-06 -2.13037e-06
358 -1.72864e-06 -1.33608e-06
359 3.13053e-07 9.57813e-07
360 2.52719e-06 2.85504e-06
361 2.81007e-06 2.43498e-06
362 4.56856e-07 -4.19999e-07
363 -2.88419e-06 -3.54502e-06
364 -4.28132e-06 -4.058e-06
365 -1.9909e-06 -8.94122e-07
366 2.68902e-06 3.84239e-06
367 5.9893e-06 6.1574e-06
368 4.59095e-06 3.40192e-06
369 -1.29584e-06 -3.07632e-06
370 -7.40385e-06 -8.32256e-06
371 -8.35997e-06 -7.41455e-06
372 -2.16806e-06 2.30267e-07
373 7.37698e-06 9.47483e-06
374 1.2784e-05 1.27148e-05
375 8.50031e-06 5.84049e-06
376 -4.01575e-06 -7.60417e-06
377 -1.61053e-05 -1.78382e-05
378 -1.76265e-05 -1.56608e-05
379 -4.961e-06 -8.0395e-08
380 1.47497e-05 1.92454e-05
381 2.71875e-05 2.76131e-05
382 2.07974e-05 1.5911e-05
383 -3.58506e-06 -1.11319e-05
384 -3.0925e-05 -3.58672e-05
385 -4.07391e-05 -3.87043e-05
386 -2.1601e-05 -1.25855e-05
387 1.84755e-05 2.92499e-05
388 5.41721e-05 5.90933e-05
389 5.80914e-05 5.22474e-05
390 2.02719e-05 5.51894e-06
391 -4.12426e-05 -5.62919e-05
392 -8.77562e-05 -9.24944e-05
393 -8.30599e-05 -7.18837e-05
394 -1.90201e-05 3.85462e-06
395 7.34155e-05 9.49324e-05
396 0.000137601 0.000142927
397 0.000124071 0.000106076
398 2.45283e-05 -1.00888e-05
399 -0.000114876 -0.000147286
400 -0.000212778 -0.000221708
401 -0.000197445 -0.000172068
402 -5.34132e-05 -2.01362e-06
403 0.000158342 0.00020985
404 0.000323055 0.000343428
405 0.000330789 0.000300994
406 0.000142215 6.88064e-05
407 -0.000175383 -0.00025932
408 -0.000466858 -0.000515589
409 -0.000560449 -0.000538795
410 -0.000360053 -0.000264632
411 8.84368e-05 0.000221629
412 0.000595932 0.000703561
413 0.000904136 0.000923729
414 0.000807282 0.000709479
415 0.000266645 7.58869e-05
416 -0.000540257 -0.00074837
417 -0.00126883 -0.0013954
418 -0.00154474 -0.00151078
419 -0.00113647 -0.000923416
420 -8.80098e-05 0.000243403
421 0.00125372 0.00157734
422 0.00234238 0.00251133
423 0.00263804 0.00254481
424 0.00184023 0.00146877
425 5.42236e-05 -0.000498349
426 -0.00218512 -0.00272947
427 -0.00405821 -0.00437292
428 -0.00473661 -0.00464879
429 -0.0036996 -0.0031578
430 -0.000977849 -8.99698e-05
431 0.00277158 0.00375261
432 0.0064025 0.00714525
433 0.00860253 0.00879824
434 0.00831078 0.00777899
435 0.0051027 0.00386777
436 -0.000582775 -0.00227024
437 -0.00745637 -0.00916415
438 -0.0136467 -0.0148631
439 -0.0171639 -0.0174328
440 -0.0164422 -0.0154952
441 -0.010819 -0.00866994
442 -0.000820341 0.00220395
443 0.0118276 0.0151311
444 0.0244771 0.0273053
445 0.0340715 0.0356652
446 0.0377831 0.0375422
447 0.0336382 0.0312616
448 0.0209994 0.0165705
449 0.000805551 -0.00519133
450 -0.0244739 -0.0312108
451 -0.0511597 -0.0575815
452 -0.0748918 -0.079871
453 -0.0912684 -0.0937698
454 -0.0964835 -0.0957114
455 -0.0878591 -0.0833647
456 -0.0641974 -0.0559334
457 -0.0259122 -0.0142296
458 0.0250603 0.0394656
459 0.0855387 0.101719
460 0.151503 0.168373
461 0.218564 0.23502
462 0.282428 0.297459
463 0.339298 0.352069
464 0.386174 0.396081
465 0.421028 0.427727
466 0.442866 0.446264
467 0.451667 0.4519
468 0.448251 0.445635
469 0.434088 0.429068
470 0.411079 0.404174
471 0.381347 0.373101
472 0.347044 0.337982
473 0.310199 0.300794
474 0.272603 0.263258
475 0.235742 0.226777
476 0.200767 0.192417
477 0.168497 0.160916
478 0.139443 0.132715
479 0.11385 0.108002
480 0.0917526 0.0867636
481 0.0730193 0.0688373
482 0.0574069 0.0539585
483 0.0446023 0.0418023
484 0.034258 0.0320174
485 0.0260203 0.0242522
486 0.0195493 0.0181725
487 0.0145324 0.0134739
488 0.0106914 0.00988756
489 0.0077862 0.00718297
490 0.00561443 0.0051669
491 0.00400924 0.00368091
492 0.00283582 0.00259753
493 0.00198717 0.00181604
494 0.00137976 0.00125812
495 0.000949418 0.000863811
496 0.000647534 0.000587875
497 0.000437807 0.000396627
498 0.00029348 0.00026532
499 0.000195078 0.000175997
500 0.000128596 0.000115783
501 8.40793e-05 7.55509e-05
502 5.45309e-05 4.89034e-05
503 3.50863e-05 3.14045e-05
504 2.23985e-05 2.00098e-05
505 1.41884e-05 1.26514e-05
506 8.91913e-06 7.93817e-06
507 5.56453e-06 4.94343e-06
508 3.4458e-06 3.05564e-06
509 2.1181e-06 1.87492e-06
510 1.29252e-06 1.14209e-06
511 7.83055e-07 6.90714e-07
512 4.71032e-07 4.14768e-07
513 2.81348e-07 2.47319e-07
514 1.6688e-07 1.46448e-07
515 9.83026e-08 8.61228e-08
516 5.75115e-08 5.03025e-08
517 3.34197e-08 2.91828e-08
518 1.92903e-08 1.68174e-08
519 1.10609e-08 9.62751e-09
520 6.3006e-09 5.47541e-09
521 3.56568e-09 3.09382e-09
522 2.00492e-09 1.73689e-09
523 1.12013e-09 9.68891e-10
524 6.21846e-10 5.37063e-10
525 3.43054e-10 2.95834e-10
526 1.88075e-10 1.61944e-10
527 1.02473e-10 8.81043e-11
528 5.54908e-11 4.76394e-11
529 2.98666e-11 2.56034e-11
530 1.59781e-11 1.36776e-11
531 8.49693e-12 7.26286e-12
532 4.49156e-12 3.83386e-12
533 2.36036e-12 2.01198e-12
534 1.23312e-12 1.04943e-12
535 6.40521e-13 5.44276e-13
536 3.30853e-13 2.80742e-13
537 1.69784e-13 1.43739e-13
538 8.67013e-14 7.33862e-14
539 4.41545e-14 3.73487e-14
540 2.21606e-14 1.85711e-14
541 1.11942e-14 9.38414e-15
542 5.57587e-15 4.63503e-15
543 2.76764e-15 2.31063e-15
544 1.42038e-15 1.02554e-15
545 7.46336e-16 7.01618e-16
546 4.54047e-16 9.07347e-17
547 3.93435e-16 2.12913e-16
548 9.60921e-17 1.72779e-16
549 2.20358e-17 7.38485e-18
550 -6.28179e-18 1.40014e-16
551 -2.46379e-16 -4.14625e-17
552 2.42034e-16 6.19592e-17
553 -2.67074e-16 -1.7874e-16
554 9.54021e-17 -6.71319e-17
555 -4.92797e-19 -1.68749e-16
556 1.70239e-16 1.08012e-16
557 2.66123e-16 9.18384e-17
558 -8.9969e-17 1.247e-16
559 -6.28219e-17 -1.81354e-16
560 7.84119e-17 1.00825e-16
561 -1.56189e-16 -4.81966e-17
562 -6.86534e-18 -4.22715e-17
563 1.96614e-16 1.5846e-16
564 -1.01137e-16 1.39027e-16
565 -6.47955e-17 4.97385e-17
566 -3.59499e-17 -1.11062e-16
567 -2.58216e-16 -5.53836e-17
568 -2.11176e-17 -1.61305e-16
569 3.47681e-16 8.62921e-17
570 -6.12501e-17 1.80006e-16
571 9.68427e-17 8.54335e-18
572 6.05598e-18 5.03554e-18
573 -2.17744e-16 3.73977e-17
574 -2.28324e-16 -2.95927e-16
575 -1.40909e-17 2.56623e-16
576 -1.67599e-16 -2.54238e-17
577 2.45139e-16 -5.92215e-17
578 6.20937e-19 2.85117e-16
579 -1.3046e-16 -1.33082e-16
580 2.13521e-16 -4.00878e-17
581 -1.37629e-16 -1.95546e-16
582 1.47709e-16 1.58856e-16
583 1.4954e-16 6.84747e-17
584 -1.31668e-16 1.0317e-17
585 2.23178e-16 1.60994e-16
586 1.06113e-16 2.50028e-16
587 -1.26093e-16 9.58206e-17
588 2.67112e-16 6.56854e-17
589 4.12544e-17 1.37985e-17
590 -2.44416e-17 2.12851e-17
591 -7.73717e-17 9.73991e-17
592 2.44075e-16 6.37568e-17
593 -3.11947e-16 -7.96148e-18
594 1.51375e-16 7.23387e-17
595 -8.34662e-17 1.74725e-18
596 -3.86342e-17 -1.36388e-16
597 1.9272e-16 -6.67639e-17
598 8.64789e-18 1.12229e-16
599 1.92859e-17 -2.49019e-17
600 8.10854e-17 3.58759e-17
601 -2.72085e-16 5.76501e-17
602 1.16105e-17 -5.25366e-17
603 4.58958e-17 3.79235e-17
604 -1.33966e-16 1.96426e-17
605 8.13566e-18 1.64463e-17
606 -1.65423e-16 3.15388e-17
607 9.36296e-18 7.02367e-17
608 1.05425e-16 -3.12506e-17
609 -1.97068e-17 -3.19849e-17
610 1.8219e-17 1.15017e-16
611 1.12717e-16 2.54603e-16
612 -7.98908e-17 1.8705e-17
613 4.37773e-17 1.71461e-17
614 3.43894e-17 2.15794e-17
615 2.72108e-17 2.31308e-17
616 1.73877e-16 1.0163e-16
617 -1.54443e-17 9.17859e-17
618 -1.73174e-16 -2.31679e-16
619 2.97654e-17 1.79598e-16
620 1.60754e-16 -1.62159e-17
621 -4.77578e-17 -9.38452e-18
622 -1.60252e-16 -1.50094e-16
623 4.15053e-17 9.84693e-17
624 9.28473e-17 -1.03021e-17
625 1.66753e-17 1.02233e-16
626 8.26503e-17 -1.90612e-16
627 4.70388e-17 1.44055e-16
628 6.48764e-17 -1.82997e-16
629 1.53338e-16 -8.35209e-17
630 -6.89669e-17 -8.88868e-17
631 1.14446e-16 4.50607e-17
632 6.99993e-18 -4.3564e-17
633 -4.3488e-17 -1.33918e-16
634 -1.45806e-16 3.6815e-17
635 1.41333e-16 1.21874e-16
636 9.23856e-17 -4.74936e-17
637 -7.44308e-17 -6.37488e-17
638 -1.11462e-16 -4.68961e-17
639 1.37173e-16 1.08779e-16
640 -7.56307e-17 -2.11846e-16
641 7.52867e-17 3.46922e-16
642 2.20537e-16 -7.52612e-18
643 -9.5049e-17 -1.82053e-16
644 1.07065e-16 -2.42494e-17
645 9.46206e-18 1.0334e-16
646 -1.42002e-17 1.69578e-16
647 1.41605e-16 1.68154e-16
648 -8.30433e-18 1.00086e-16
649 4.40381e-17 2.02209e-17
650 -5.69209e-17 1.54033e-16
651 -1.37093e-17 -1.21066e-16
652 1.82519e-16 9.62857e-17
653 -1.65576e-16 -1.01256e-16
654 7.61411e-17 -3.06025e-17
655 -1.83132e-17 -1.70806e-16
656 1.04377e-16 3.24116e-16
657 -1.99275e-17 -1.06136e-16
658 1.4194e-16 1.35169e-16
659 -3.1697e-16 5.38721e-17
660 1.01413e-16 -3.24164e-17
661 -3.07136e-17 1.48367e-16
662 -1.87343e-16 -5.86676e-17
663 1.06516e-16 -1.12735e-16
664 4.98724e-17 -7.0813e-17
665 -2.85442e-17 -1.49474e-16
666 1.5798e-16 6.73481e-17
667 -3.17221e-16 -6.42162e-17
668 1.03025e-16 1.86287e-16
669 -5.58842e-17 -1.16056e-16
670 9.14667e-17 6.43796e-17
671 -6.08154e-17 3.38698e-18
672 2.28944e-17 -7.11769e-18
673 4.28718e-17 6.00221e-17
674 -2.90207e-17 -1.50544e-16
675 -4.21977e-17 1.22654e-17
676 5.4653e-17 2.01547e-16
677 1.778e-17 -2.05882e-16
678 -1.42742e-17 -4.02638e-17
679 -1.95405e-16 -8.58146e-17
680 1.69139e-17 4.12753e-17
681 1.36758e-17 -3.26168e-17
682 2.51055e-17 -1.05092e-16
683 2.80588e-17 1.15655e-16
684 -1.94719e-16 -1.46402e-16
685 8.32185e-17 -5.56669e-17
686 -7.84135e-17 -1.56287e-16
687 -3.23589e-17 -1.02163e-16
688 -9.6058e-17 -9.66439e-17
689 1.09709e-16 2.17202e-17
690 -2.18135e-17 6.24367e-17
691 5.29318e-17 -4.49714e-17
692 -2.27925e-16 1.06349e-16
693 7.5973e-17 -9.1087e-17
694 -1.83599e-16 8.80711e-17
695 -1.14234e-16 1.93823e-16
696 -8.97827e-18 -2.64954e-16
697 2.6065e-16 1.96492e-16
698 -8.34727e-17 -6.03192e-17
699 1.53659e-16 -3.7625e-17
700 -3.63646e-17 -1.9831e-16
701 6.97004e-17 1.87408e-16
702 6.04704e-18 -7.13153e-17
703 7.45176e-17 -1.13671e-16
704 -2.26985e-17 -9.80751e-17
705 -7.53567e-17 1.87273e-17
706 1.76271e-16 -9.56601e-17
707 -3.81471e-17 2.09641e-16
708 7.10114e-17 -3.22742e-17
709 -2.76002e-16 -1.55829e-16
710 1.51614e-16 9.82686e-17
711 -1.33055e-16 -4.83694e-17
712 -1.2017e-16 2.98129e-17
713 4.99134e-17 -5.90279e-17
714 -3.18227e-17 -9.39845e-17
715 2.18748e-17 -4.87056e-17
716 -5.55421e-17 -1.94628e-16
717 2.61267e-16 -1.51025e-16
718 -1.67903e-18 1.54119e-16
719 3.29247e-17 2.01705e-16
720 -6.84673e-17 6.00649e-17
721 5.66678e-17 -5.45329e-17
722 -2.68314e-17 1.27204e-16
723 3.10931e-17 -9.2043e-17
724 5.08771e-18 7.34751e-17
725 -1.6082e-16 -4.57074e-17
726 -9.88621e-17 -2.92413e-17
727 -1.82477e-16 4.96229e-17
728 -3.04859e-17 -1.63768e-16
729 -1.23891e-16 8.6097e-17
730 -4.30381e-17 -1.64151e-16
731 -7.32274e-17 -1.38428e-16
732 4.47133e-17 5.70105e-17
733 7.68543e-17 -9.98739e-17
734 1.54546e-16 3.37713e-17
735 3.00765e-17 1.18209e-16
736 4.3788e-17 -1.09599e-16
737 1.30754e-16 2.2547e-16
738 -4.93366e-17 -2.0567e-18
739 1.89969e-17 9.0489e-18
740 -9.25822e-17 -2.54455e-17
741 2.40298e-17 3.3091e-17
742 9.12585e-17 7.89276e-17
743 6.25537e-17 5.98899e-18
744 1.31633e-16 -1.19993e-16
745 1.66204e-16 7.92649e-18
746 7.88153e-17 -3.09248e-16
747 2.12294e-16 1.35509e-16
748 -4.34992e-18 1.28817e-16
749 4.95012e-17 -1.68509e-16
750 -9.33238e-17 6.23966e-17
751 1.32212e-16 -9.51661e-17
752 -2.18539e-16 -3.06801e-16
753 1.59043e-16 2.16487e-16
754 -2.70476e-17 -9.18013e-17
755 1.08336e-16 1.4238e-16
756 -1.01283e-16 5.08405e-17
757 1.38011e-16 1.01555e-17
758 7.36317e-17 3.8935e-17
759 -2.25905e-17 -1.26299e-16
760 -5.05665e-17 2.35652e-17
761 -7.01565e-17 1.15794e-16
762 -5.66644e-17 7.27667e-17
763 4.53946e-17 -6.34875e-17
764 3.59192e-17 -7.96922e-17
765 2.14134e-16 3.20811e-16
766 -1.01126e-16 -1.25844e-16
767 4.41237e-17 -4.67978e-17
768 1.40253e-17 -1.21741e-16
769 -6.09275e-17 -2.05656e-16
770 -6.53677e-17 1.10293e-16
771 1.18288e-16 7.05549e-17
772 1.56327e-16 -2.28189e-17
773 -6.72026e-17 3.44441e-17
774 -4.09785e-17 -2.1743e-16
775 -4.63026e-17 1.04115e-17
776 1.06081e-17 -1.94847e-16
777 6.70758e-17 -7.46355e-17
778 -1.58737e-16 -6.09806e-17
779 7.00368e-17 6.84369e-17
780 -1.42525e-16 -1.38511e-16
781 1.42676e-16 2.52732e-17
782 -5.33209e-17 6.79924e-17
783 -1.40137e-16 9.90272e-17
784 -7.76967e-17 -1.18561e-16
785 1.03998e-16 2.98177e-17
786 3.14176e-17 1.12284e-16
787 -1.44535e-16 -1.44438e-17
788 1.96988e-17 2.74287e-18
789 -1.3644e-16 8.83138e-17
790 2.20923e-17 -1.18207e-16
791 1.22295e-16 1.56157e-16
792 -5.55891e-17 7.424e-18
793 2.79995e-19 7.36757e-17
794 2.85493e-17 -8.16522e-17
795 8.01581e-17 -1.4938e-17
796 8.66815e-17 2.05399e-16
797 -1.90465e-16 -1.81168e-16
798 -1.06601e-16 8.56429e-17
799 -4.20199e-17 1.18753e-17
800 2.9747e-17 -9.29854e-17
801 -2.8464e-16 -2.01153e-16
802 1.75841e-16 4.62876e-17
803 -1.45328e-16 -1.37872e-16
804 2.9953e-17 -2.09441e-17
805 -1.42316e-16 -2.77421e-16
806 -5.54761e-17 8.5066e-18
807 3.76255e-17 1.40018e-16
808 -4.5413e-17 2.26484e-17
809 8.0772e-17 -6.47108e-17
810 1.21266e-16 -7.50163e-17
811 -7.04255e-18 1.82495e-16
812 -1.32195e-18 -1.1865e-16
813 1.33005e-17 -9.36508e-17
814 8.79569e-17 6.19274e-17
815 -1.24829e-16 4.74345e-18
816 -4.94322e-17 -1.07875e-16
817 5.86962e-17 -4.42525e-18
818 5.46131e-17 5.71513e-17
819 -1.05142e-16 1.1948e-16
820 -4.35905e-17 -5.2988e-17
821 1.12561e-16 2.13418e-16
822 -1.19439e-16 -1.11891e-16
823 1.98302e-17 -3.64442e-17
824 9.24124e-17 1.42559e-16
825 -8.94009e-17 1.16416e-16
826 -1.28625e-16 -1.92455e-16
827 2.27736e-17 1.18957e-16
828 -8.39635e-17 -1.05647e-16
829 1.31719e-16 6.85589e-17
830 -7.65902e-17 -1.44057e-16
831 5.32572e-17 6.73469e-17
832 3.49963e-17 -6.19597e-17
833 1.23428e-16 -1.82597e-16
834 6.12208e-17 -7.08038e-17
835 1.28607e-16 1.40119e-16
836 1.00706e-18 -1.41714e-16
837 6.04806e-17 1.86423e-16
838 4.70048e-17 7.29948e-17
839 -2.31334e-16 -1.32808e-16
840 -3.71749e-17 1.05049e-16
841 5.28959e-17 -3.96941e-17
842 1.41767e-16 -2.59207e-17
843 1.36037e-16 1.74819e-16
844 -8.7432e-17 -4.08763e-17
845 1.63548e-16 -1.20574e-16
846 9.90001e-17 -5.72444e-17
847 2.01089e-17 7.83897e-17
848 6.90136e-18 -8.45185e-17
849 -9.23734e-17 -1.58634e-16
850 1.09548e-16 -1.34445e-16
851 -3.08092e-17 -6.29724e-17
852 -8.07799e-17 -1.15195e-16
853 -1.31648e-16 -9.76342e-17
854 -3.02439e-17 9.3774e-17
855 5.67115e-17 1.99544e-16
856 -2.19277e-16 -5.42624e-17
857 -6.17816e-17 2.08647e-17
858 1.56562e-17 -8.0277e-17
859 2.93271e-16 5.74325e-17
860 -5.54096e-17 -5.86115e-17
861 -5.01246e-17 1.70133e-16
862 6.44489e-17 1.64473e-16
863 -1.85584e-16 -1.11536e-16
864 7.32676e-17 3.05146e-17
865 -7.70915e-17 1.26526e-17
866 -7.45482e-17 -7.09315e-17
867 8.17633e-17 -5.0836e-17
868 -1.94414e-16 -1.2885e-16
869 1.64323e-16 8.38432e-17
870 -1.98482e-16 -2.70415e-16
871 3.51663e-16 3.63699e-16
872 -2.00441e-16 2.75043e-17
873 -4.96309e-17 -5.16779e-17
874 -5.07239e-17 1.33512e-16
875 -1.33359e-16 -2.25885e-16
876 9.08858e-17 1.06681e-16
877 9.29666e-17 9.13257e-17
878 -2.72187e-16 8.57219e-17
879 1.06645e-16 -2.11776e-17
880 2.21417e-16 5.27185e-17
881 -1.0446e-16 3.47273e-17
882 2.48478e-16 3.92166e-17
883 1.44416e-16 1.90351e-17
884 -1.92742e-16 9.49403e-18
885 7.27348e-17 1.07393e-16
886 -2.44169e-17 4.04912e-17
887 -4.37692e-17 2.1444e-17
888 -9.76586e-17 -1.00168e-16
889 2.4036e-16 4.80882e-17
890 -3.59127e-18 1.84619e-16
891 -3.82529e-17 -6.45892e-17
892 -9.66765e-17 -5.73202e-17
893 4.78859e-17 1.70885e-16
894 1.79773e-16 6.99808e-17
895 -1.54109e-16 -1.36034e-16
896 1.79547e-16 7.75706e-17
897 4.06938e-17 -7.55538e-17
898 -7.95928e-17 1.29257e-16
899 2.03938e-16 1.32145e-16
900 -1.24003e-16 -1.0919e-16
901 7.49796e-17 9.8577e-18
902 1.5413e-16 4.71878e-17
903 -1.02457e-17 7.31333e-17
904 -7.11628e-17 4.47323e-20
905 1.45726e-16 2.27905e-16
906 -6.24377e-17 -2.66397e-16
907 2.28314e-17 2.80984e-16
908 5.42508e-17 -3.50846e-17
909 -2.88647e-16 -1.4794e-16
910 3.40385e-16 1.14733e-16
911 -2.72679e-16 -1.22263e-16
912 7.01428e-17 -1.01515e-17
913 1.44429e-16 -1.22614e-17
914 -1.51095e-16 -7.21825e-17
915 -3.81842e-17 -1.21885e-16
916 2.65124e-16 7.08534e-17
917 -2.91445e-17 3.28493e-17
918 -9.40097e-17 -1.55087e-16
919 3.26477e-16 1.28478e-16
920 2.93565e-17 1.35123e-17
921 7.84651e-17 4.76447e-17
922 1.80671e-16 1.83603e-16
923 -9.41191e-17 -1.62658e-16
924 1.05591e-16 1.76897e-17
925 -1.54482e-17 6.89754e-17
926 -5.29392e-17 -1.6051e-16
927 4.23013e-17 -8.64893e-17
928 1.79857e-16 1.30569e-16
929 3.7509e-17 -8.77165e-17
930 -6.52511e-17 1.04126e-16
931 4.94427e-17 1.34656e-16
932 1.13316e-17 3.19281e-17
933 -4.368e-17 -9.58655e-17
934 1.38935e-16 1.75674e-16
935 4.09498e-17 -8.18773e-17
936 -1.03678e-17 -2.04925e-17
937 2.12019e-16 1.46021e-16
938 -9.36211e-17 -5.83091e-17
939 1.58989e-16 -2.51191e-17
940 -6.31197e-17 -4.73673e-18
941 -8.37668e-17 6.72006e-17
942 -1.1146e-16 7.78314e-17
943 -6.70974e-17 1.22296e-16
944 -1.64144e-16 -1.225e-16
945 -7.45845e-17 -6.15136e-17
946 1.57436e-16 6.63493e-17
947 -1.88328e-16 5.97823e-17
948 8.08291e-17 -6.57819e-17
949 2.08881e-18 1.28888e-16
950 7.24247e-17 -1.18165e-16
951 1.46336e-16 8.61246e-17
952 -1.39289e-16 -2.17691e-16
953 1.46351e-16 -3.37674e-16
954 3.36693e-16 -5.0154e-16
955 6.49689e-16 -1.24847e-15
956 1.49039e-15 -2.11597e-15
957 2.49948e-15 -4.79024e-15
958 5.76912e-15 -9.22754e-15
959 1.09317e-14 -1.90477e-14
960 2.24003e-14 -3.71392e-14
961 4.4093e-14 -7.33455e-14
962 8.68354e-14 -1.44165e-13
963 1.69844e-13 -2.80598e-13
964 3.30661e-13 -5.44496e-13
965 6.40409e-13 -1.04972e-12
966 1.23322e-12 -2.01185e-12
967 2.36046e-12 -3.83405e-12
968 4.49154e-12 -7.26285e-12
969 8.49699e-12 -1.36774e-11
970 1.59778e-11 -2.56036e-11
971 2.98666e-11 -4.76395e-11
972 5.54907e-11 -8.81041e-11
973 1.02473e-10 -1.61944e-10
974 1.88075e-10 -2.95834e-10
975 3.43054e-10 -5.37063e-10
976 6.21846e-10 -9.68891e-10
977 1.12013e-09 -1.73689e-09
978 2.00492e-09 -3.09382e-09
979 3.56568e-09 -5.47541e-09
980 6.3006e-09 -9.62751e-09
981 1.10609e-08 -1.68174e-08
982 1.92903e-08 -2.91828e-08
983 3.34197e-08 -5.03025e-08
984 5.75115e-08 -8.61228e-08
985 9.83026e-08 -1.46448e-07
986 1.6688e-07 -2.47319e-07
987 2.81348e-07 -4.14768e-07
988 4.71032e-07 -6.90714e-07
989 7.83055e-07 -1.14209e-06
990 1.29252e-06 -1.87492e-06
991 2.1181e-06 -3.05564e-06
992 3.4458e-06 -4.94343e-06
993 5.56453e-06 -7.93817e-06
994 8.91913e-06 -1.26514e-05
995 1.41884e-05 -2.00098e-05
996 2.23985e-05 -3.14045e-05
997 3.50863e-05 -4.89034e-05
998 5.45309e-05 -7.55509e-05
999 8.40793e-05 -0.000115783
