0 -0.0243637 -0.022232
1 -0.0154091 -0.0128909
2 -0.00429264 -0.00166738
3 0.00754118 0.0100573
4 0.0185687 0.0207933
5 0.0273927 0.0291331
6 0.0329132 0.033946
7 0.0344461 0.034544
8 0.0317836 0.030787
9 0.0252023 0.023105
10 0.0154288 0.0124346
11 0.00356604 8.35393e-05
12 -0.00901529 -0.0124492
13 -0.020821 -0.0236654
14 -0.0304049 -0.0322421
15 -0.0365517 -0.0371715
16 -0.0384425 -0.0378571
17 -0.0357747 -0.0341674
18 -0.0288091 -0.0264488
19 -0.0183362 -0.0154991
20 -0.00556649 -0.00249811
21 0.00803124 0.0111072
22 0.0209137 0.0237593
23 0.0316401 0.0339745
24 0.039021 0.040531
25 0.0422298 0.0426273
26 0.0408751 0.0399835
27 0.0350344 0.0328676
28 0.0252529 0.0220473
29 0.0125019 0.00868258
30 -0.00190587 -0.00581656
31 -0.0164436 -0.0199421
32 -0.029535 -0.032234
33 -0.0397365 -0.0414113
34 -0.04591 -0.0464875
35 -0.0473582 -0.0468667
36 -0.0438995 -0.042414
37 -0.0358726 -0.0334886
38 -0.0240794 -0.0209249
39 -0.00968203 -0.00595696
40 0.00592274 0.00991186
41 0.021235 0.0250757
42 0.0347802 0.038005
43 0.0452321 0.0474091
44 0.0515298 0.0523608
45 0.0529838 0.0523713
46 0.0493583 0.0474156
47 0.0409132 0.0379162
48 0.0283909 0.0246969
49 0.0129441 0.00891197
50 -0.00398814 -0.00804276
51 -0.0208345 -0.0246413
52 -0.0360514 -0.0393579
53 -0.0482655 -0.0508101
54 -0.0563854 -0.0578992
55 -0.0596784 -0.0599265
56 -0.0578162 -0.0566645
57 -0.050894 -0.0483719
58 -0.039426 -0.035752
59 -0.0243146 -0.0198683
60 -0.00678818 -0.00203676
61 0.0116947 0.0162881
62 0.0295716 0.0336217
63 0.0453202 0.0485523
64 0.0576016 0.0598396
65 0.065381 0.0665109
66 0.0680104 0.0679484
67 0.0652649 0.0639546
68 0.0573391 0.0547813
69 0.0448111 0.0411105
70 0.0285895 0.0239892
71 0.00984954 0.00472763
72 -0.0100413 -0.0152198
73 -0.0296103 -0.0343733
74 -0.0473837 -0.0513321
75 -0.0620026 -0.0648625
76 -0.0723389 -0.0739686
77 -0.0775934 -0.0779524
78 -0.0773572 -0.076462
79 -0.0716313 -0.0695245
80 -0.0608039 -0.0575556
81 -0.0455994 -0.0413367
82 -0.027014 -0.021958
83 -0.00624781 -0.000729888
84 0.0153629 0.0209234
85 0.0364183 0.0415729
86 0.0555367 0.059883
87 0.0714457 0.0746882
88 0.0830758 0.0850495
89 0.089642 0.0902954
90 0.0906996 0.0900524
91 0.086166 0.0842687
92 0.0763079 0.0732273
93 0.0617033 0.0575384
94 0.0431893 0.0381064
95 0.0218057 0.0160663
96 -0.00126073 -0.00730166
97 -0.0247327 -0.030665
98 -0.0473043 -0.0527255
99 -0.0677101 -0.0722872
100 -0.0848007 -0.0883053
101 -0.0976152 -0.0999214
102 -0.105442 -0.106495
103 -0.107857 -0.107634
104 -0.104735 -0.103226
105 -0.0962347 -0.0934502
106 -0.0827738 -0.0787752
107 -0.0649893 -0.0599247
108 -0.0437039 -0.037822
109 -0.0198922 -0.0135228
110 0.00535558 0.011849
111 0.0308778 0.0371545
112 0.0554982 0.0612802
113 0.0780905 0.0831723
114 0.0976432 0.101872
115 0.113312 0.116554
116 0.12445 0.12657
117 0.130621 0.131486
118 0.13159 0.131099
119 0.127316 0.125438
120 0.117946 0.11475
121 0.103812 0.0994607
122 0.085429 0.0801492
123 0.0634776 0.0575131
124 0.0387744 0.032347
125 0.012224 0.00552046
126 -0.015234 -0.0220474
127 -0.042672 -0.04942
128 -0.0692069 -0.0756822
129 -0.0940177 -0.0999819
130 -0.116354 -0.121565
131 -0.135544 -0.139799
132 -0.151018 -0.154183
133 -0.162323 -0.164349
134 -0.169152 -0.170051
135 -0.171354 -0.171162
136 -0.168928 -0.167673
137 -0.162004 -0.1597
138 -0.150819 -0.147476
139 -0.135691 -0.131351
140 -0.117007 -0.111767
141 -0.0952155 -0.0892346
142 -0.0708244 -0.0642964
143 -0.0443892 -0.037507
144 -0.0164964 -0.0094177
145 0.0122624 0.0194264
146 0.0413172 0.0484872
147 0.0701399 0.0772383
148 0.098254 0.105179
149 0.125235 0.131855
150 0.150707 0.15688
151 0.174339 0.179944
152 0.195849 0.200815
153 0.215008 0.219321
154 0.231655 0.235338
155 0.245696 0.248779
156 0.257103 0.259598
157 0.265907 0.267795
158 0.272176 0.273428
159 0.276011 0.276614
160 0.277531 0.277513
161 0.276879 0.276309
162 0.274216 0.273189
163 0.269731 0.268337
164 0.263633 0.261933
165 0.256146 0.254162
166 0.247489 0.245228
167 0.237872 0.235346
168 0.227483 0.224733
169 0.216494 0.213592
170 0.205063 0.202096
171 0.193347 0.190388
172 0.181501 0.178589
173 0.169674 0.16681
174 0.157996 0.155165
175 0.146572 0.143765
176 0.13548 0.132711
177 0.124769 0.122083
178 0.114482 0.111932
179 0.104656 0.102281
180 0.0953352 0.0931422
181 0.0865586 0.084523
182 0.078354 0.0764371
183 0.0707276 0.0689013
184 0.0636628 0.0619266
185 0.0571297 0.0555091
186 0.0510976 0.0496273
187 0.0455469 0.0442464
188 0.0404696 0.0393292
189 0.0358617 0.0348455
190 0.0317111 0.0307748
191 0.0279888 0.0271032
192 0.0246507 0.0238149
193 0.0216482 0.0208858
194 0.0189419 0.018282
195 0.0165095 0.0159649
196 0.0143433 0.0138991
197 0.0124393 0.0120585
198 0.0107839 0.0104268
199 0.0093481 0.00899316
200 0.00809194 0.00774564
201 0.00697718 0.00666667
202 0.00597959 0.00573294
203 0.00509321 0.00491958
204 0.00432388 0.00420579
205 0.00367601 0.00357831
206 0.00314124 0.00303114
207 0.00269607 0.00256164
208 0.00231008 0.00216581
209 0.00195921 0.00183527
210 0.00163557 0.00155765
211 0.00134743 0.00131966
212 0.00110929 0.00111096
213 0.000928607 0.000926491
214 0.000797543 0.000766041
215 0.000695147 0.0006315
216 0.000598321 0.000523473
217 0.000494452 0.00043912
218 0.000387445 0.000372284
219 0.000293283 0.000315658
220 0.000228047 0.000263643
221 0.000196189 0.000214299
222 0.000186651 0.000169345
223 0.000179232 0.000132293
224 0.000156969 0.000105759
225 0.00011642 8.94565e-05
226 6.91606e-05 7.99068e-05
227 3.36007e-05 7.20209e-05
228 2.25075e-05 6.1631e-05
229 3.4385e-05 4.75561e-05
230 5.42809e-05 3.20208e-05
231 6.34084e-05 1.91678e-05
232 5.12281e-05 1.24832e-05
233 2.20772e-05 1.26016e-05
234 -7.94614e-06 1.67708e-05
235 -2.17355e-05 2.03242e-05
236 -1.24817e-05 1.93294e-05
237 1.18656e-05 1.28642e-05
238 3.38473e-05 3.54877e-06
239 3.79482e-05 -4.02775e-06
240 2.07082e-05 -6.08463e-06
241 -7.12365e-06 -1.97869e-06
242 -2.77607e-05 5.33651e-06
243 -2.81234e-05 1.10343e-05
244 -8.43271e-06 1.13069e-05
245 1.79726e-05 5.67609e-06
246 3.34439e-05 -2.70045e-06
247 2.76405e-05 -8.93892e-06
248 4.31352e-06 -9.40842e-06
249 -2.11971e-05 -3.96075e-06
250 -3.20929e-05 3.96075e-06
251 -2.11971e-05 9.40842e-06
252 4.31352e-06 8.93892e-06
253 2.76405e-05 2.70045e-06
254 3.34439e-05 -5.67609e-06
255 1.79726e-05 -1.13069e-05
256 -8.43271e-06 -1.10343e-05
257 -2.81234e-05 -5.33651e-06
258 -2.77607e-05 1.97869e-06
259 -7.12365e-06 6.08463e-06
260 2.07082e-05 4.02775e-06
261 3.79482e-05 -3.54877e-06
262 3.38473e-05 -1.28642e-05
263 1.18656e-05 -1.93294e-05
264 -1.24817e-05 -2.03242e-05
265 -2.17355e-05 -1.67708e-05
266 -7.94614e-06 -1.26016e-05
267 2.20772e-05 -1.24832e-05
268 5.12281e-05 -1.91678e-05
269 6.34084e-05 -3.20208e-05
270 5.42809e-05 -4.75561e-05
271 3.4385e-05 -6.1631e-05
272 2.25075e-05 -7.20209e-05
273 3.36007e-05 -7.99068e-05
274 6.91606e-05 -8.94565e-05
275 0.00011642 -0.000105759
276 0.000156969 -0.000132293
277 0.000179232 -0.000169345
278 0.000186651 -0.000214299
279 0.000196189 -0.000263643
280 0.000228047 -0.000315658
281 0.000293283 -0.000372284
282 0.000387445 -0.00043912
283 0.000494452 -0.000523473
284 0.000598321 -0.0006315
285 0.000695147 -0.000766041
286 0.000797543 -0.000926491
287 0.000928607 -0.00111096
288 0.00110929 -0.00131966
289 0.00134743 -0.00155765
290 0.00163557 -0.00183527
291 0.00195921 -0.00216581
292 0.00231008 -0.00256164
293 0.00269607 -0.00303114
294 0.00314124 -0.00357831
295 0.00367601 -0.00420579
296 0.00432388 -0.00491958
297 0.00509321 -0.00573294
298 0.00597959 -0.00666667
299 0.00697718 -0.00774564
300 0.00809194 -0.00899316
301 0.0093481 -0.0104268
302 0.0107839 -0.0120585
303 0.0124393 -0.0138991
304 0.0143433 -0.0159649
305 0.0165095 -0.018282
306 0.0189419 -0.0208858
307 0.0216482 -0.0238149
308 0.0246507 -0.0271032
309 0.0279888 -0.0307748
310 0.0317111 -0.0348455
311 0.0358617 -0.0393292
312 0.0404696 -0.0442464
313 0.0455469 -0.0496273
314 0.0510976 -0.0555091
315 0.0571297 -0.0619266
316 0.0636628 -0.0689013
317 0.0707276 -0.0764371
318 0.078354 -0.084523
319 0.0865586 -0.0931422
320 0.0953352 -0.102281
321 0.104656 -0.111932
322 0.114482 -0.122083
323 0.124769 -0.132711
324 0.13548 -0.143765
325 0.146572 -0.155165
326 0.157996 -0.16681
327 0.169674 -0.178589
328 0.181501 -0.190388
329 0.193347 -0.202096
330 0.205063 -0.213592
331 0.216494 -0.224733
332 0.227483 -0.235346
333 0.237872 -0.245228
334 0.247489 -0.254162
335 0.256146 -0.261933
336 0.263633 -0.268337
337 0.269731 -0.273189
338 0.274216 -0.276309
339 0.276879 -0.277513
340 0.277531 -0.276614
341 0.276011 -0.273428
342 0.272176 -0.267795
343 0.265907 -0.259598
344 0.257103 -0.248779
345 0.245696 -0.235338
346 0.231655 -0.219321
347 0.215008 -0.200815
348 0.195849 -0.179944
349 0.174339 -0.15688
350 0.150707 -0.131855
351 0.125235 -0.105179
352 0.098254 -0.0772383
353 0.0701399 -0.0484872
354 0.0413172 -0.0194264
355 0.0122624 0.0094177
356 -0.0164964 0.037507
357 -0.0443892 0.0642964
358 -0.0708244 0.0892346
359 -0.0952155 0.111767
360 -0.117007 0.131351
361 -0.135691 0.147476
362 -0.150819 0.1597
363 -0.162004 0.167673
364 -0.168928 0.171162
365 -0.171354 0.170051
366 -0.169152 0.164349
367 -0.162323 0.154183
368 -0.151018 0.139799
369 -0.135544 0.121565
370 -0.116354 0.0999819
371 -0.0940177 0.0756822
372 -0.0692069 0.04942
373 -0.042672 0.0220474
374 -0.015234 -0.00552046
375 0.012224 -0.032347
376 0.0387744 -0.0575131
377 0.0634776 -0.0801492
378 0.085429 -0.0994607
379 0.103812 -0.11475
380 0.117946 -0.125438
381 0.127316 -0.131099
382 0.13159 -0.131486
383 0.130621 -0.12657
384 0.12445 -0.116554
385 0.113312 -0.101872
386 0.0976432 -0.0831723
387 0.0780905 -0.0612802
388 0.0554982 -0.0371545
389 0.0308778 -0.011849
390 0.00535558 0.0135228
391 -0.0198922 0.037822
392 -0.0437039 0.0599247
393 -0.0649893 0.0787752
394 -0.0827738 0.0934502
395 -0.0962347 0.103226
396 -0.104735 0.107634
397 -0.107857 0.106495
398 -0.105442 0.0999214
399 -0.0976152 0.0883053
400 -0.0848007 0.0722872
401 -0.0677101 0.0527255
402 -0.0473043 0.030665
403 -0.0247327 0.00730166
404 -0.00126073 -0.0160663
405 0.0218057 -0.0381064
406 0.0431893 -0.0575384
407 0.0617033 -0.0732273
408 0.0763079 -0.0842687
409 0.086166 -0.0900524
410 0.0906996 -0.0902954
411 0.089642 -0.0850495
412 0.0830758 -0.0746882
413 0.0714457 -0.059883
414 0.0555367 -0.0415729
415 0.0364183 -0.0209234
416 0.0153629 0.000729888
417 -0.00624781 0.021958
418 -0.027014 0.0413367
419 -0.0455994 0.0575556
420 -0.0608039 0.0695245
421 -0.0716313 0.076462
422 -0.0773572 0.0779524
423 -0.0775934 0.0739686
424 -0.0723389 0.0648625
425 -0.0620026 0.0513321
426 -0.0473837 0.0343733
427 -0.0296103 0.0152198
428 -0.0100413 -0.00472763
429 0.00984954 -0.0239892
430 0.0285895 -0.0411105
431 0.0448111 -0.0547813
432 0.0573391 -0.0639546
433 0.0652649 -0.0679484
434 0.0680104 -0.0665109
435 0.065381 -0.0598396
436 0.0576016 -0.0485523
437 0.0453202 -0.0336217
438 0.0295716 -0.0162881
439 0.0116947 0.00203676
440 -0.00678818 0.0198683
441 -0.0243146 0.035752
442 -0.039426 0.0483719
443 -0.050894 0.0566645
444 -0.0578162 0.0599265
445 -0.0596784 0.0578992
446 -0.0563854 0.0508101
447 -0.0482655 0.0393579
448 -0.0360514 0.0246413
449 -0.0208345 0.00804276
450 -0.00398814 -0.00891197
451 0.0129441 -0.0246969
452 0.0283909 -0.0379162
453 0.0409132 -0.0474156
454 0.0493583 -0.0523713
455 0.0529838 -0.0523608
456 0.0515298 -0.0474091
457 0.0452321 -0.038005
458 0.0347802 -0.0250757
459 0.021235 -0.00991186
460 0.00592274 0.00595696
461 -0.00968203 0.0209249
462 -0.0240794 0.0334886
463 -0.0358726 0.042414
464 -0.0438995 0.0468667
465 -0.0473582 0.0464875
466 -0.04591 0.0414113
467 -0.0397365 0.032234
468 -0.029535 0.0199421
469 -0.0164436 0.00581656
470 -0.00190587 -0.00868258
471 0.0125019 -0.0220473
472 0.0252529 -0.0328676
473 0.0350344 -0.0399835
474 0.0408751 -0.0426273
475 0.0422298 -0.040531
476 0.039021 -0.0339745
477 0.0316401 -0.0237593
478 0.0209137 -0.0111072
479 0.00803124 0.00249811
480 -0.00556649 0.0154991
481 -0.0183362 0.0264488
482 -0.0288091 0.0341674
483 -0.0357747 0.0378571
484 -0.0384425 0.0371715
485 -0.0365517 0.0322421
486 -0.0304049 0.0236654
487 -0.020821 0.0124492
488 -0.00901529 -8.35393e-05
489 0.00356604 -0.0124346
490 0.0154288 -0.023105
491 0.0252023 -0.030787
492 0.0317836 -0.034544
493 0.0344461 -0.033946
494 0.0329132 -0.0291331
495 0.0273927 -0.0207933
496 0.0185687 -0.0100573
497 0.00754118 0.00166738
498 -0.00429264 0.0128909
499 -0.0154091 0.022232
500 -0.0243637 0.0285782
501 -0.0299977 0.0312034
502 -0.0316093 0.0298379
503 -0.0290546 0.0246931
504 -0.0227602 0.0164425
505 -0.0136466 0.0061551
506 -0.00298284 -0.00482044
507 0.00779961 -0.0150194
508 0.0172995 -0.023058
509 0.0243189 -0.0278373
510 0.027999 -0.0287156
511 0.0279124 -0.0256149
512 0.0241082 -0.0190354
513 0.0171108 -0.00997337
514 0.00786748 0.000240712
515 -0.00235697 0.0101515
516 -0.0121377 0.0183943
517 -0.0200869 0.0238815
518 -0.0250635 0.0259352
519 -0.0263594 0.0243558
520 -0.0238217 0.0194286
521 -0.0178825 0.0118762
522 -0.00948608 0.00276566
523 7.22151e-05 -0.00662239
524 0.00936072 -0.0149544
525 0.0170368 -0.021024
526 0.0220417 -0.0239319
527 0.0237365 -0.0232368
528 0.0219681 -0.0190467
529 0.0170662 -0.0120218
530 0.00978406 -0.00327893
531 0.00119311 0.00579111
532 -0.00745589 0.0137609
533 -0.0148958 0.0194092
534 -0.0200175 0.0219192
535 -0.0220374 0.0209975
536 -0.0206325 0.0168945
537 -0.0160144 0.0103358
538 -0.00891902 0.00238546
539 -0.000500543 -0.0057261
540 0.00785812 -0.0127826
541 0.0147866 -0.0177475
542 0.0191711 -0.0199
543 0.0203494 -0.0189332
544 0.0182162 -0.0150029
545 0.0132206 -0.00872021
546 0.00626286 -0.00107836
547 -0.0014796 0.00668604
548 -0.0087568 0.0132867
549 -0.0144429 0.0176081
550 -0.017696 0.0189127
551 -0.0180659 0.0169885
552 -0.015544 0.0122001
553 -0.0105584 0.00542488
554 -0.00391421 -0.00211421
555 0.00331605 -0.00908498
556 0.00994678 -0.0142969
557 0.0148637 -0.016913
558 0.0172147 -0.0165814
559 0.0165731 -0.0134679
560 0.0130368 -0.00819464
561 0.00723299 -0.00170914
562 0.000216711 0.00488511
563 -0.00672421 0.0105056
564 -0.0123196 0.0142512
565 -0.0155677 0.0155312
566 -0.0159299 0.0141506
567 -0.0134241 0.0103454
568 -0.0086009 0.00475812
569 -0.00241303 -0.00164938
570 0.00398486 -0.00774449
571 0.00945835 -0.0124175
572 0.0130911 -0.0147907
573 0.0143255 -0.0144006
574 0.0130305 -0.0113095
575 0.00949813 -0.00611257
576 0.00437931 0.000171179
577 -0.00142608 0.0063053
578 -0.00690991 0.0110945
579 -0.0111127 0.0136345
580 -0.0132808 0.0134947
581 -0.0130022 0.010791
582 -0.0102983 0.00613894
583 -0.00564549 0.00050354
584 8.90127e-05 -0.00501131
585 0.00579749 -0.00938368
586 0.010347 -0.0118582
587 0.0128169 -0.0120629
588 0.0127045 -0.0100477
589 0.0100447 -0.00624763
590 0.00541056 -0.00139075
591 -0.000211821 0.00363181
592 -0.00564332 0.00791217
593 -0.00977438 0.0106728
594 -0.0118043 0.0113977
595 -0.011401 0.00993122
596 -0.00874822 0.00652466
597 -0.00447651 0.00181346
598 0.000495184 -0.00328286
599 0.00516425 -0.00773091
600 0.00864617 -0.0105959
601 0.0103326 -0.0112516
602 0.00998191 -0.00953499
603 0.00773553 -0.0058028
604 0.00406995 -0.00086533
605 -0.000299815 0.00419125
606 -0.00454628 0.00825473
607 -0.00786856 0.0104465
608 -0.00962883 0.010325
609 -0.00946982 0.0079808
610 -0.00739413 0.00400096
611 -0.00378566 -0.00068444
612 0.000641994 -0.00503077
613 0.00497211 -0.00812113
614 0.00827032 -0.00936245
615 0.00979279 -0.00859236
616 0.00916843 -0.00608065
617 0.00650541 -0.00243735
618 0.00238708 0.00154024
619 -0.00225088 0.0050405
620 -0.00633768 0.00739333
621 -0.00892659 0.00818298
622 -0.0094289 0.00730615
623 -0.00775956 0.00497459
624 -0.00435466 0.00166837
625 -5.56396e-05 -0.00195098
626 0.00410744 -0.00515684
627 0.0071741 -0.00728947
628 0.00848376 -0.00788576
629 0.00781969 -0.00678375
630 0.00543472 -0.00417738
631 0.00196082 -0.000600621
632 -0.00176491 0.00316712
633 -0.00490703 0.00626416
634 -0.006818 0.00794675
635 -0.00716285 0.00777881
636 -0.00596199 0.00575886
637 -0.0035546 0.00234317
638 -0.000502049 -0.00165045
639 0.00253998 -0.00524036
640 0.00495255 -0.00753133
641 0.00626519 -0.00795018
642 0.00623438 -0.00640053
643 0.00488172 -0.00329143
644 0.00248923 0.000570262
645 -0.000448224 0.004195
646 -0.00331019 0.00667356
647 -0.00546883 0.00741459
648 -0.00642107 0.00629131
649 -0.00590929 0.003659
650 -0.00400032 0.000242757
651 -0.00109609 -0.00306839
652 0.00213779 -0.00545974
653 0.00491856 -0.00639513
654 0.00653769 -0.00573444
655 0.00654965 -0.00373984
656 0.00490516 -0.000978947
657 0.00198602 0.0018399
658 -0.00147636 0.00405117
659 -0.00458413 0.00518598
660 -0.00651193 0.00506202
661 -0.00673581 0.00379647
662 -0.00518554 0.00174948
663 -0.00227285 -0.000578176
664 0.0012164 -0.00266409
665 0.00433819 -0.00407247
666 0.00625319 -0.00453301
667 0.00646076 -0.00398126
668 0.00493603 -0.00256009
669 0.00213066 -0.00058638
670 -0.00116152 0.00151039
671 -0.00403347 0.00326978
672 -0.00572086 0.00429177
673 -0.00581062 0.00432381
674 -0.00434359 0.00332614
675 -0.00178522 0.00149752
676 0.0011223 -0.000751818
677 0.00357901 -0.00288237
678 0.00495111 -0.00435014
679 0.0049357 -0.00474701
680 0.00362299 -0.00391986
681 0.00144541 -0.0020321
682 -0.000964086 0.000456955
683 -0.00295771 0.00289817
684 -0.00404738 0.00462164
685 -0.00402102 0.0051248
686 -0.00297417 0.00422539
687 -0.00125665 0.0021307
688 0.000642454 -0.000603353
689 0.00223402 -0.00321816
690 0.00315235 -0.00496542
691 0.00323267 -0.00532644
692 0.0025287 -0.00417177
693 0.00127464 -0.00181049
694 -0.000190658 0.00108973
695 -0.00151285 0.00369209
696 -0.00240214 0.00523531
697 -0.00268834 0.00526105
698 -0.00234416 0.00375461
699 -0.00147794 0.00115446
700 -0.000302038 -0.00177446
701 0.00091454 -0.00416733
702 0.00190063 -0.00531807
703 0.00243629 -0.00489152
704 0.00239739 -0.00302431
705 0.00178424 -0.000283025
706 0.000727621 0.00250769
707 -0.000532102 0.00451476
708 -0.00169275 0.00514787
709 -0.00245845 0.00423565
710 -0.00261446 0.00207364
711 -0.00208997 -0.000669903
712 -0.00098959 -0.00316043
713 0.000419965 -0.00465214
714 0.00177008 -0.00471308
715 0.00268537 -0.00335189
716 0.00288952 -0.00100848
717 0.0022914 0.0015869
718 0.00102401 0.00364117
719 -0.000579806 0.00454149
720 -0.0020726 0.00403906
721 -0.00301746 0.00231831
722 -0.00311807 -6.78768e-05
723 -0.00231407 -0.00237456
724 -0.0008105 -0.00389683
725 0.000971724 -0.00418533
726 0.00251335 -0.00317939
727 0.00334947 -0.00121812
728 0.00321188 0.00107185
729 0.0021169 0.00297532
730 0.000369338 0.0039114
731 -0.00152139 0.00361066
732 -0.0029903 0.00219281
733 -0.00358714 0.000122265
734 -0.00311616 -0.0019424
735 -0.00170151 -0.00335658
736 0.000243989 -0.00369001
737 0.00213931 -0.00285729
738 0.0034098 -0.00113924
739 0.00366295 0.000910102
740 0.00281104 0.00264039
741 0.00110188 0.00350997
742 -0.00095308 0.00325459
743 -0.00273246 0.00196759
744 -0.00369393 6.71441e-05
745 -0.00354064 -0.00183827
746 -0.00231369 -0.00314313
747 -0.000381585 -0.00343595
748 0.00167074 -0.00262807
749 0.00321994 -0.000980343
750 0.00379468 0.000980343
751 0.00321994 0.00262807
752 0.00167074 0.00343595
753 -0.000381585 0.00314313
754 -0.00231369 0.00183827
755 -0.00354064 -6.71441e-05
756 -0.00369393 -0.00196759
757 -0.00273246 -0.00325459
758 -0.00095308 -0.00350997
759 0.00110188 -0.00264039
760 0.00281104 -0.000910102
761 0.00366295 0.00113924
762 0.0034098 0.00285729
763 0.00213931 0.00369001
764 0.000243989 0.00335658
765 -0.00170151 0.0019424
766 -0.00311616 -0.000122265
767 -0.00358714 -0.00219281
768 -0.0029903 -0.00361066
769 -0.00152139 -0.0039114
770 0.000369338 -0.00297532
771 0.0021169 -0.00107185
772 0.00321188 0.00121812
773 0.00334947 0.00317939
774 0.00251335 0.00418533
775 0.000971724 0.00389683
776 -0.0008105 0.00237456
777 -0.00231407 6.78768e-05
778 -0.00311807 -0.00231831
779 -0.00301746 -0.00403906
780 -0.0020726 -0.00454149
781 -0.000579806 -0.00364117
782 0.00102401 -0.0015869
783 0.0022914 0.00100848
784 0.00288952 0.00335189
785 0.00268537 0.00471308
786 0.00177008 0.00465214
787 0.000419965 0.00316043
788 -0.00098959 0.000669903
789 -0.00208997 -0.00207364
790 -0.00261446 -0.00423565
791 -0.00245845 -0.00514787
792 -0.00169275 -0.00451476
793 -0.000532102 -0.00250769
794 0.000727621 0.000283025
795 0.00178424 0.00302431
796 0.00239739 0.00489152
797 0.00243629 0.00531807
798 0.00190063 0.00416733
799 0.00091454 0.00177446
800 -0.000302038 -0.00115446
801 -0.00147794 -0.00375461
802 -0.00234416 -0.00526105
803 -0.00268834 -0.00523531
804 -0.00240214 -0.00369209
805 -0.00151285 -0.00108973
806 -0.000190658 0.00181049
807 0.00127464 0.00417177
808 0.0025287 0.00532644
809 0.00323267 0.00496542
810 0.00315235 0.00321816
811 0.00223402 0.000603353
812 0.000642454 -0.0021307
813 -0.00125665 -0.00422539
814 -0.00297417 -0.0051248
815 -0.00402102 -0.00462164
816 -0.00404738 -0.00289817
817 -0.00295771 -0.000456955
818 -0.000964086 0.0020321
819 0.00144541 0.00391986
820 0.00362299 0.00474701
821 0.0049357 0.00435014
822 0.00495111 0.00288237
823 0.00357901 0.000751818
824 0.0011223 -0.00149752
825 -0.00178522 -0.00332614
826 -0.00434359 -0.00432381
827 -0.00581062 -0.00429177
828 -0.00572086 -0.00326978
829 -0.00403347 -0.00151039
830 -0.00116152 0.00058638
831 0.00213066 0.00256009
832 0.00493603 0.00398126
833 0.00646076 0.00453301
834 0.00625319 0.00407247
835 0.00433819 0.00266409
836 0.0012164 0.000578176
837 -0.00227285 -0.00174948
838 -0.00518554 -0.00379647
839 -0.00673581 -0.00506202
840 -0.00651193 -0.00518598
841 -0.00458413 -0.00405117
842 -0.00147636 -0.0018399
843 0.00198602 0.000978947
844 0.00490516 0.00373984
845 0.00654965 0.00573444
846 0.00653769 0.00639513
847 0.00491856 0.00545974
848 0.00213779 0.00306839
849 -0.00109609 -0.000242757
850 -0.00400032 -0.003659
851 -0.00590929 -0.00629131
852 -0.00642107 -0.00741459
853 -0.00546883 -0.00667356
854 -0.00331019 -0.004195
855 -0.000448224 -0.000570262
856 0.00248923 0.00329143
857 0.00488172 0.00640053
858 0.00623438 0.00795018
859 0.00626519 0.00753133
860 0.00495255 0.00524036
861 0.00253998 0.00165045
862 -0.000502049 -0.00234317
863 -0.0035546 -0.00575886
864 -0.00596199 -0.00777881
865 -0.00716285 -0.00794675
866 -0.006818 -0.00626416
867 -0.00490703 -0.00316712
868 -0.00176491 0.000600621
869 0.00196082 0.00417738
870 0.00543472 0.00678375
871 0.00781969 0.00788576
872 0.00848376 0.00728947
873 0.0071741 0.00515684
874 0.00410744 0.00195098
875 -5.56396e-05 -0.00166837
876 -0.00435466 -0.00497459
877 -0.00775956 -0.00730615
878 -0.0094289 -0.00818298
879 -0.00892659 -0.00739333
880 -0.00633768 -0.0050405
881 -0.00225088 -0.00154024
882 0.00238708 0.00243735
883 0.00650541 0.00608065
884 0.00916843 0.00859236
885 0.00979279 0.00936245
886 0.00827032 0.00812113
887 0.00497211 0.00503077
888 0.000641994 0.00068444
889 -0.00378566 -0.00400096
890 -0.00739413 -0.0079808
891 -0.00946982 -0.010325
892 -0.00962883 -0.0104465
893 -0.00786856 -0.00825473
894 -0.00454628 -0.00419125
895 -0.000299815 0.00086533
896 0.00406995 0.0058028
897 0.00773553 0.00953499
898 0.00998191 0.0112516
899 0.0103326 0.0105959
900 0.00864617 0.00773091
901 0.00516425 0.00328286
902 0.000495184 -0.00181346
903 -0.00447651 -0.00652466
904 -0.00874822 -0.00993122
905 -0.011401 -0.0113977
906 -0.0118043 -0.0106728
907 -0.00977438 -0.00791217
908 -0.00564332 -0.00363181
909 -0.000211821 0.00139075
910 0.00541056 0.00624763
911 0.0100447 0.0100477
912 0.0127045 0.0120629
913 0.0128169 0.0118582
914 0.010347 0.00938368
915 0.00579749 0.00501131
916 8.90127e-05 -0.00050354
917 -0.00564549 -0.00613894
918 -0.0102983 -0.010791
919 -0.0130022 -0.0134947
920 -0.0132808 -0.0136345
921 -0.0111127 -0.0110945
922 -0.00690991 -0.0063053
923 -0.00142608 -0.000171179
924 0.00437931 0.00611257
925 0.00949813 0.0113095
926 0.0130305 0.0144006
927 0.0143255 0.0147907
928 0.0130911 0.0124175
929 0.00945835 0.00774449
930 0.00398486 0.00164938
931 -0.00241303 -0.00475812
932 -0.0086009 -0.0103454
933 -0.0134241 -0.0141506
934 -0.0159299 -0.0155312
935 -0.0155677 -0.0142512
936 -0.0123196 -0.0105056
937 -0.00672421 -0.00488511
938 0.000216711 0.00170914
939 0.00723299 0.00819464
940 0.0130368 0.0134679
941 0.0165731 0.0165814
942 0.0172147 0.016913
943 0.0148637 0.0142969
944 0.00994678 0.00908498
945 0.00331605 0.00211421
946 -0.00391421 -0.00542488
947 -0.0105584 -0.0122001
948 -0.015544 -0.0169885
949 -0.0180659 -0.0189127
950 -0.017696 -0.0176081
951 -0.0144429 -0.0132867
952 -0.0087568 -0.00668604
953 -0.0014796 0.00107836
954 0.00626286 0.00872021
955 0.0132206 0.0150029
956 0.0182162 0.0189332
957 0.0203494 0.0199
958 0.0191711 0.0177475
959 0.0147866 0.0127826
960 0.00785812 0.0057261
961 -0.000500543 -0.00238546
962 -0.00891902 -0.0103358
963 -0.0160144 -0.0168945
964 -0.0206325 -0.0209975
965 -0.0220374 -0.0219192
966 -0.0200175 -0.0194092
967 -0.0148958 -0.0137609
968 -0.00745589 -0.00579111
969 0.00119311 0.00327893
970 0.00978406 0.0120218
971 0.0170662 0.0190467
972 0.0219681 0.0232368
973 0.0237365 0.0239319
974 0.0220417 0.021024
975 0.0170368 0.0149544
976 0.00936072 0.00662239
977 7.22151e-05 -0.00276566
978 -0.00948608 -0.0118762
979 -0.0178825 -0.0194286
980 -0.0238217 -0.0243558
981 -0.0263594 -0.0259352
982 -0.0250635 -0.0238815
983 -0.0200869 -0.0183943
984 -0.0121377 -0.0101515
985 -0.00235697 -0.000240712
986 0.00786748 0.00997337
987 0.0171108 0.0190354
988 0.0241082 0.0256149
989 0.0279124 0.0287156
990 0.027999 0.0278373
991 0.0243189 0.023058
992 0.0172995 0.0150194
993 0.00779961 0.00482044
994 -0.00298284 -0.0061551
995 -0.0136466 -0.0164425
996 -0.0227602 -0.0246931
997 -0.0290546 -0.0298379
998 -0.0316093 -0.0312034
999 -0.0299977 -0.0285782
