0 -1.35923e-14 -2.21819e-14
1 -2.54162e-14 -1.7821e-14
2 1.61902e-14 2.73738e-14
3 3.36166e-14 2.47966e-14
4 -1.85581e-14 -3.36943e-14
5 -4.42846e-14 -3.42202e-14
6 1.99169e-14 4.01218e-14
7 5.8761e-14 4.75254e-14
8 -1.97133e-14 -4.6628e-14
9 -7.7083e-14 -6.60148e-14
10 1.64226e-14 5.20775e-14
11 1.01207e-13 9.09679e-14
12 -8.38046e-15 -5.51198e-14
13 -1.31279e-13 -1.24618e-13
14 -7.47076e-15 5.28578e-14
15 1.66487e-13 1.67588e-13
16 3.61705e-14 -4.12285e-14
17 -2.08143e-13 -2.22038e-13
18 -8.22191e-14 1.41532e-14
19 2.52235e-13 2.8753e-13
20 1.52419e-13 3.61218e-14
21 -2.94021e-13 -3.61718e-13
22 -2.55263e-13 -1.20001e-13
23 3.2412e-13 4.38734e-13
24 3.97853e-13 2.50464e-13
25 -3.26628e-13 -5.06362e-13
26 -5.86625e-13 -4.40541e-13
27 2.78223e-13 5.43089e-13
28 8.22677e-13 7.02084e-13
29 -1.47834e-13 -5.17179e-13
30 -1.09515e-12 -1.03829e-12
31 -1.06988e-13 3.80563e-13
32 1.37694e-12 1.44034e-12
33 5.31566e-13 -7.31931e-14
34 -1.61291e-12 -1.87201e-12
35 -1.16938e-12 -4.75039e-13
36 1.71063e-12 2.25721e-12
37 2.0453e-12 1.33189e-12
38 -1.53277e-12 -2.46409e-12
39 -3.13884e-12 -2.53778e-12
40 8.99913e-13 2.29561e-12
41 4.34868e-12 4.06809e-12
42 3.94039e-13 -1.49019e-12
43 -5.44615e-12 -5.77607e-12
44 -2.53585e-12 -2.4997e-13
45 6.03741e-12 7.33027e-12
46 5.60629e-12 3.18684e-12
47 -5.54012e-12 -8.15433e-12
48 -9.45105e-12 -7.41625e-12
49 3.22562e-12 7.40909e-12
50 1.35129e-11 1.26726e-11
51 1.64403e-12 -4.06662e-12
52 -1.66649e-11 -1.80874e-11
53 -9.52975e-12 -2.85944e-12
54 1.71231e-11 2.19679e-11
55 2.01596e-11 1.38641e-11
56 -1.25708e-11 -2.1726e-11
57 -3.19476e-11 -2.82697e-11
58 6.57944e-13 1.41585e-11
59 4.14455e-11 4.34143e-11
60 1.99705e-11 3.68678e-12
61 -4.31579e-11 -5.39945e-11
62 -4.81028e-11 -3.2892e-11
63 3.02094e-11 5.20982e-11
64 7.81161e-11 7.03756e-11
65 3.57994e-12 -2.86434e-11
66 -9.86252e-11 -1.06517e-10
67 -5.98981e-11 -2.30805e-11
68 9.29552e-11 1.24006e-10
69 1.30833e-10 1.01636e-10
70 -4.31032e-11 -9.99563e-11
71 -1.94182e-10 -1.90594e-10
72 -6.15163e-11 1.34301e-11
73 2.12621e-10 2.53836e-10
74 2.11068e-10 1.40654e-10
75 -1.41403e-10 -2.3841e-10
76 -3.62122e-10 -3.33731e-10
77 -5.14847e-11 9.10543e-11
78 4.3316e-10 4.90008e-10
79 3.53461e-10 2.08582e-10
80 -3.212e-10 -4.91232e-10
81 -6.74232e-10 -6.04252e-10
82 -5.01559e-11 2.15794e-10
83 8.34605e-10 9.30347e-10
84 6.54088e-10 3.80992e-10
85 -6.08985e-10 -9.2674e-10
86 -1.28456e-09 -1.16451e-09
87 -1.55226e-10 3.39726e-10
88 1.54243e-09 1.75523e-09
89 1.35735e-09 8.82695e-10
90 -9.60384e-10 -1.59296e-09
91 -2.48936e-09 -2.36643e-09
92 -6.93968e-10 2.12011e-10
93 2.66833e-09 3.22186e-09
94 3.01622e-09 2.29456e-09
95 -1.02151e-09 -2.31014e-09
96 -4.72481e-09 -4.84575e-09
97 -2.56246e-09 -1.01008e-09
98 3.97393e-09 5.41667e-09
99 6.64633e-09 5.86628e-09
100 5.07129e-10 -2.00336e-09
101 -8.15137e-09 -9.30183e-09
102 -7.72133e-09 -5.49888e-09
103 3.76896e-09 7.18783e-09
104 1.33141e-08 1.34864e-08
105 7.03594e-09 2.80647e-09
106 -1.08517e-08 -1.48879e-08
107 -1.89996e-08 -1.72544e-08
108 -3.48789e-09 3.29377e-09
109 2.13166e-08 2.53832e-08
110 2.45581e-08 1.96795e-08
111 -4.24053e-09 -1.40808e-08
112 -3.58279e-08 -3.89921e-08
113 -2.92135e-08 -1.96522e-08
114 1.7779e-08 3.11685e-08
115 5.53449e-08 5.62743e-08
116 3.21568e-08 1.59076e-08
117 -3.92608e-08 -5.67672e-08
118 -8.14843e-08 -7.83827e-08
119 -3.27119e-08 -7.08345e-09
120 7.16269e-08 9.41035e-08
121 1.17127e-07 1.07665e-07
122 3.06777e-08 -8.10285e-09
123 -1.19034e-07 -1.4803e-07
124 -1.67421e-07 -1.48701e-07
125 -2.70652e-08 3.03481e-08
126 1.87279e-07 2.25805e-07
127 2.41384e-07 2.1006e-07
128 2.56657e-08 -5.84882e-08
129 -2.83954e-07 -3.37862e-07
130 -3.54362e-07 -3.07185e-07
131 -3.62249e-08 8.6609e-08
132 4.17573e-07 4.97955e-07
133 5.31414e-07 4.66796e-07
134 8.04783e-08 -9.80524e-08
135 -5.93974e-07 -7.21085e-07
136 -8.1102e-07 -7.32712e-07
137 -2.02737e-07 5.40303e-08
138 8.0653e-07 1.01567e-06
139 1.24652e-06 1.17128e-06
140 4.86419e-07 1.25834e-07
141 -1.01416e-06 -1.36309e-06
142 -1.89828e-06 -1.87012e-06
143 -1.07505e-06 -5.91944e-07
144 1.09849e-06 1.67362e-06
145 2.80099e-06 2.91451e-06
146 2.18697e-06 1.59486e-06
147 -7.93081e-07 -1.70571e-06
148 -3.87837e-06 -4.30987e-06
149 -4.09095e-06 -3.48751e-06
150 -4.06793e-07 9.46743e-07
151 4.76764e-06 5.80116e-06
152 6.9697e-06 6.62386e-06
153 3.29479e-06 1.49983e-06
154 -4.53564e-06 -6.544e-06
155 -1.05493e-05 -1.10105e-05
156 -8.79442e-06 -6.85729e-06
157 1.37399e-06 4.67127e-06
158 1.33727e-05 1.5527e-05
159 1.72514e-05 1.60751e-05
160 7.35387e-06 2.91129e-06
161 -1.18082e-05 -1.66876e-05
162 -2.67452e-05 -2.8114e-05
163 -2.38411e-05 -1.95802e-05
164 -4.05871e-07 7.60887e-06
165 3.04113e-05 3.68049e-05
166 4.60666e-05 4.5316e-05
167 2.99e-05 2.05768e-05
168 -1.45394e-05 -2.76626e-05
169 -6.11531e-05 -6.91663e-05
170 -7.52602e-05 -7.07148e-05
171 -3.71101e-05 -1.98302e-05
172 4.00354e-05 6.10442e-05
173 0.00011128 0.000121986
174 0.000124054 0.000113991
175 5.28228e-05 2.31637e-05
176 -7.68163e-05 -0.000111243
177 -0.000192954 -0.00021026
178 -0.000213831 -0.00019773
179 -9.87815e-05 -5.04284e-05
180 0.000115814 0.000174406
181 0.000321003 0.000355727
182 0.000385398 0.000368058
183 0.000229716 0.000156341
184 -0.000113623 -0.000214781
185 -0.000493235 -0.000570549
186 -0.0006979 -0.000700227
187 -0.000561562 -0.000466758
188 -6.53471e-05 0.000101069
189 0.000618467 0.000786102
190 0.00117398 0.00125417
191 0.00127262 0.00119954
192 0.000736515 0.000505058
193 -0.000339961 -0.00065833
194 -0.00157555 -0.00185009
195 -0.00241896 -0.00250746
196 -0.00236531 -0.00217593
197 -0.00119234 -0.000734726
198 0.000882553 0.00148016
199 0.00320213 0.00372186
200 0.00484926 0.0050535
201 0.00496125 0.00468217
202 0.00307643 0.00229377
203 -0.000611968 -0.00173457
204 -0.00519814 -0.00633638
205 -0.00924643 -0.00999707
206 -0.0111809 -0.0111815
207 -0.00977741 -0.00883024
208 -0.00461461 -0.0027763
209 0.00365703 0.00604867
210 0.0133225 0.015698
211 0.0219059 0.023582
212 0.0267112 0.0270507
213 0.0254751 0.0240504
214 0.0169777 0.0137007
215 0.00146576 -0.00334892
216 -0.0192123 -0.0248641
217 -0.0417938 -0.0472915
218 -0.0620745 -0.0662891
219 -0.0755699 -0.0774164
220 -0.0782369 -0.0768485
221 -0.067121 -0.0619867
222 -0.0408199 -0.0318623
223 0.000305014 0.0127191
224 0.0541863 0.0693
225 0.117346 0.134117
226 0.185362 0.202596
227 0.25342 0.269915
228 0.316866 0.331536
229 0.371676 0.383653
230 0.414799 0.423495
231 0.444346 0.449475
232 0.459629 0.461191
233 0.461056 0.459295
234 0.449943 0.445287
235 0.42826 0.42125
236 0.398365 0.389582
237 0.362746 0.352754
238 0.323812 0.313098
239 0.283732 0.272665
240 0.24433 0.233129
241 0.207037 0.195746
242 0.172889 0.161354
243 0.142562 0.130405
244 0.116423 0.103017
245 0.0946024 0.0790318
246 0.0770661 0.0580753
247 0.063683 0.0396157
248 0.0542858 0.0230097
249 0.0487195 0.00754199
250 0.0468768 -0.00754199
251 0.0487195 -0.0230097
252 0.0542858 -0.0396157
253 0.063683 -0.0580753
254 0.0770661 -0.0790318
255 0.0946024 -0.103017
256 0.116423 -0.130405
257 0.142562 -0.161354
258 0.172889 -0.195746
259 0.207037 -0.233129
260 0.24433 -0.272665
261 0.283732 -0.313098
262 0.323812 -0.352754
263 0.362746 -0.389582
264 0.398365 -0.42125
265 0.42826 -0.445287
266 0.449943 -0.459295
267 0.461056 -0.461191
268 0.459629 -0.449475
269 0.444346 -0.423495
270 0.414799 -0.383653
271 0.371676 -0.331536
272 0.316866 -0.269915
273 0.25342 -0.202596
274 0.185362 -0.134117
275 0.117346 -0.0693
276 0.0541863 -0.0127191
277 0.000305014 0.0318623
278 -0.0408199 0.0619867
279 -0.067121 0.0768485
280 -0.0782369 0.0774164
281 -0.0755699 0.0662891
282 -0.0620745 0.0472915
283 -0.0417938 0.0248641
284 -0.0192123 0.00334892
285 0.00146576 -0.0137007
286 0.0169777 -0.0240504
287 0.0254751 -0.0270507
288 0.0267112 -0.023582
289 0.0219059 -0.015698
290 0.0133225 -0.00604867
291 0.00365703 0.0027763
292 -0.00461461 0.00883024
293 -0.00977741 0.0111815
294 -0.0111809 0.00999707
295 -0.00924643 0.00633638
296 -0.00519814 0.00173457
297 -0.000611968 -0.00229377
298 0.00307643 -0.00468217
299 0.00496125 -0.0050535
300 0.00484926 -0.00372186
301 0.00320213 -0.00148016
302 0.000882553 0.000734726
303 -0.00119234 0.00217593
304 -0.00236531 0.00250746
305 -0.00241896 0.00185009
306 -0.00157555 0.00065833
307 -0.000339961 -0.000505058
308 0.000736515 -0.00119954
309 0.00127262 -0.00125417
310 0.00117398 -0.000786102
311 0.000618467 -0.000101069
312 -6.53471e-05 0.000466758
313 -0.000561562 0.000700227
314 -0.0006979 0.000570549
315 -0.000493235 0.000214781
316 -0.000113623 -0.000156341
317 0.000229716 -0.000368058
318 0.000385398 -0.000355727
319 0.000321003 -0.000174406
320 0.000115814 5.04284e-05
321 -9.87815e-05 0.00019773
322 -0.000213831 0.00021026
323 -0.000192954 0.000111243
324 -7.68163e-05 -2.31637e-05
325 5.28228e-05 -0.000113991
326 0.000124054 -0.000121986
327 0.00011128 -6.10442e-05
328 4.00354e-05 1.98302e-05
329 -3.71101e-05 7.07148e-05
330 -7.52602e-05 6.91663e-05
331 -6.11531e-05 2.76626e-05
332 -1.45394e-05 -2.05768e-05
333 2.99e-05 -4.5316e-05
334 4.60666e-05 -3.68049e-05
335 3.04113e-05 -7.60887e-06
336 -4.05871e-07 1.95802e-05
337 -2.38411e-05 2.8114e-05
338 -2.67452e-05 1.66876e-05
339 -1.18082e-05 -2.91129e-06
340 7.35387e-06 -1.60751e-05
341 1.72514e-05 -1.5527e-05
342 1.33727e-05 -4.67127e-06
343 1.37399e-06 6.85729e-06
344 -8.79442e-06 1.10105e-05
345 -1.05493e-05 6.544e-06
346 -4.53564e-06 -1.49983e-06
347 3.29479e-06 -6.62386e-06
348 6.9697e-06 -5.80116e-06
349 4.76764e-06 -9.46743e-07
350 -4.06793e-07 3.48751e-06
351 -4.09095e-06 4.30987e-06
352 -3.87837e-06 1.70571e-06
353 -7.93081e-07 -1.59486e-06
354 2.18697e-06 -2.91451e-06
355 2.80099e-06 -1.67362e-06
356 1.09849e-06 5.91944e-07
357 -1.07505e-06 1.87012e-06
358 -1.89828e-06 1.36309e-06
359 -1.01416e-06 -1.25834e-07
360 4.86419e-07 -1.17128e-06
361 1.24652e-06 -1.01567e-06
362 8.0653e-07 -5.40303e-08
363 -2.02737e-07 7.32712e-07
364 -8.1102e-07 7.21085e-07
365 -5.93974e-07 9.80524e-08
366 8.04783e-08 -4.66796e-07
367 5.31414e-07 -4.97955e-07
368 4.17573e-07 -8.6609e-08
369 -3.62249e-08 3.07185e-07
370 -3.54362e-07 3.37862e-07
371 -2.83954e-07 5.84882e-08
372 2.56657e-08 -2.1006e-07
373 2.41384e-07 -2.25805e-07
374 1.87279e-07 -3.03481e-08
375 -2.70652e-08 1.48701e-07
376 -1.67421e-07 1.4803e-07
377 -1.19034e-07 8.10285e-09
378 3.06777e-08 -1.07665e-07
379 1.17127e-07 -9.41035e-08
380 7.16269e-08 7.08345e-09
381 -3.27119e-08 7.83827e-08
382 -8.14843e-08 5.67672e-08
383 -3.92608e-08 -1.59076e-08
384 3.21568e-08 -5.62743e-08
385 5.53449e-08 -3.11685e-08
386 1.7779e-08 1.96522e-08
387 -2.92135e-08 3.89921e-08
388 -3.58279e-08 1.40808e-08
389 -4.24053e-09 -1.96795e-08
390 2.45581e-08 -2.53832e-08
391 2.13166e-08 -3.29377e-09
392 -3.48789e-09 1.72544e-08
393 -1.89996e-08 1.48879e-08
394 -1.08517e-08 -2.80647e-09
395 7.03594e-09 -1.34864e-08
396 1.33141e-08 -7.18783e-09
397 3.76895e-09 5.49888e-09
398 -7.72133e-09 9.30183e-09
399 -8.15137e-09 2.00336e-09
400 5.07129e-10 -5.86628e-09
401 6.64633e-09 -5.41667e-09
402 3.97393e-09 1.01008e-09
403 -2.56246e-09 4.84575e-09
404 -4.72481e-09 2.31014e-09
405 -1.02151e-09 -2.29456e-09
406 3.01622e-09 -3.22186e-09
407 2.66833e-09 -2.12011e-10
408 -6.93968e-10 2.36643e-09
409 -2.48936e-09 1.59296e-09
410 -9.60384e-10 -8.82695e-10
411 1.35735e-09 -1.75523e-09
412 1.54243e-09 -3.39726e-10
413 -1.55226e-10 1.16451e-09
414 -1.28456e-09 9.2674e-10
415 -6.08985e-10 -3.80993e-10
416 6.54088e-10 -9.30348e-10
417 8.34605e-10 -2.15794e-10
418 -5.01563e-11 6.04252e-10
419 -6.74232e-10 4.91232e-10
420 -3.212e-10 -2.08582e-10
421 3.53461e-10 -4.90008e-10
422 4.3316e-10 -9.10543e-11
423 -5.14848e-11 3.33731e-10
424 -3.62121e-10 2.38409e-10
425 -1.41402e-10 -1.40654e-10
426 2.11068e-10 -2.53836e-10
427 2.12621e-10 -1.34302e-11
428 -6.15159e-11 1.90594e-10
429 -1.94182e-10 9.99562e-11
430 -4.31032e-11 -1.01637e-10
431 1.30833e-10 -1.24006e-10
432 9.29549e-11 2.30806e-11
433 -5.98984e-11 1.06516e-10
434 -9.86255e-11 2.86432e-11
435 3.58009e-12 -7.03755e-11
436 7.81158e-11 -5.20983e-11
437 3.02094e-11 3.28921e-11
438 -4.8103e-11 5.39947e-11
439 -4.31578e-11 -3.68692e-12
440 1.99707e-11 -4.34141e-11
441 4.14454e-11 -1.41586e-11
442 6.58204e-13 2.82698e-11
443 -3.19476e-11 2.17259e-11
444 -1.25707e-11 -1.38644e-11
445 2.016e-11 -2.19681e-11
446 1.71229e-11 2.85958e-12
447 -9.52998e-12 1.80873e-11
448 -1.66644e-11 4.06658e-12
449 1.64412e-12 -1.26727e-11
450 1.35126e-11 -7.40904e-12
451 3.22579e-12 7.41609e-12
452 -9.45103e-12 8.15395e-12
453 -5.54021e-12 -3.18676e-12
454 5.60631e-12 -7.33002e-12
455 6.03714e-12 2.4992e-13
456 -2.53593e-12 5.77598e-12
457 -5.44628e-12 1.48987e-12
458 3.94081e-13 -4.06778e-12
459 4.34843e-12 -2.29557e-12
460 9.0031e-13 2.53785e-12
461 -3.13913e-12 2.46397e-12
462 -1.53283e-12 -1.33164e-12
463 2.04534e-12 -2.25714e-12
464 1.71051e-12 4.7498e-13
465 -1.16954e-12 1.87194e-12
466 -1.61282e-12 7.34275e-14
467 5.31448e-13 -1.44049e-12
468 1.37728e-12 -3.80516e-13
469 -1.06852e-13 1.03817e-12
470 -1.09539e-12 5.17148e-13
471 -1.47659e-13 -7.01863e-13
472 8.22535e-13 -5.43292e-13
473 2.78345e-13 4.40774e-13
474 -5.86957e-13 5.06435e-13
475 -3.26579e-13 -2.50658e-13
476 3.97832e-13 -4.38704e-13
477 3.24143e-13 1.20354e-13
478 -2.55453e-13 3.61561e-13
479 -2.93993e-13 -3.63179e-14
480 1.5253e-13 -2.87316e-13
481 2.52154e-13 -1.40778e-14
482 -8.22124e-14 2.21918e-13
483 -2.08062e-13 4.10187e-14
484 3.62822e-14 -1.67651e-13
485 1.66955e-13 -5.25727e-14
486 -8.1e-15 1.24166e-13
487 -1.30785e-13 5.53715e-14
488 -8.29738e-15 -9.09319e-14
489 1.01207e-13 -5.24823e-14
490 1.6529e-14 6.60372e-14
491 -7.73578e-14 4.66804e-14
492 -1.97346e-14 -4.77375e-14
493 5.85606e-14 -3.98265e-14
494 1.9639e-14 3.39339e-14
495 -4.43848e-14 3.3373e-14
496 -1.84377e-14 -2.46259e-14
497 3.34485e-14 -2.75267e-14
498 1.6233e-14 1.76842e-14
499 -2.52562e-14 2.2308e-14
500 -1.36715e-14 -1.27612e-14
501 1.92335e-14 -1.79408e-14
502 1.13861e-14 9.56707e-15
503 -1.46404e-14 1.42629e-14
504 -9.06461e-15 -7.19734e-15
505 1.15487e-14 -1.10684e-14
506 7.19566e-15 5.53993e-15
507 -8.85848e-15 8.95641e-15
508 -5.84629e-15 -4.63175e-15
509 7.13112e-15 -6.63295e-15
510 4.39901e-15 3.51948e-15
511 -5.50828e-15 5.11893e-15
512 -3.17353e-15 -2.72166e-15
513 4.31772e-15 -3.93659e-15
514 2.50708e-15 2.50309e-15
515 -3.55305e-15 2.82987e-15
516 -1.53687e-15 -2.0556e-15
517 2.7526e-15 -2.43105e-15
518 1.22865e-15 1.71867e-15
519 -2.25975e-15 1.70402e-15
520 -8.34776e-16 -1.71005e-15
521 1.94089e-15 -1.06628e-15
522 4.9495e-16 1.55604e-15
523 -1.6417e-15 6.06077e-16
524 -1.48104e-16 -1.01279e-15
525 1.37832e-15 -6.66658e-16
526 1.53966e-16 1.08319e-15
527 -9.83258e-16 3.86905e-16
528 -5.52955e-17 -7.96189e-16
529 8.26515e-16 -1.56614e-16
530 -3.04573e-16 6.39489e-16
531 -4.20483e-16 -1.38785e-16
532 2.02555e-16 -3.93337e-16
533 3.19177e-16 1.51452e-16
534 -9.45141e-17 2.83841e-16
535 -1.91625e-16 1.75291e-16
536 1.2931e-16 -5.10316e-16
537 1.60342e-16 -1.30082e-16
538 -8.79461e-17 2.06878e-17
539 -1.62974e-16 -7.50829e-17
540 1.84899e-16 -1.83396e-16
541 1.12e-16 2.14874e-16
542 -1.98392e-16 3.07786e-17
543 -2.5691e-17 -1.46079e-16
544 1.57084e-17 9.25725e-17
545 -2.58291e-16 1.3177e-16
546 -1.32267e-16 -1.59438e-16
547 -1.0389e-16 -1.07393e-16
548 5.46671e-17 -1.70568e-16
549 2.31586e-16 1.49452e-16
550 -1.39952e-16 -4.52511e-17
551 2.69794e-16 3.80025e-17
552 4.31626e-17 -3.92143e-17
553 -1.30773e-16 -8.24742e-17
554 9.19432e-17 -9.41897e-17
555 7.11024e-17 -1.98158e-16
556 2.91293e-17 2.55716e-16
557 -6.39503e-17 -7.54104e-17
558 1.99205e-16 -3.25591e-17
559 4.25631e-17 -5.82158e-17
560 9.38817e-17 -3.08681e-17
561 -1.43348e-16 1.98994e-17
562 1.23598e-16 -2.60844e-17
563 -3.91253e-17 7.19345e-17
564 -4.33095e-17 2.33249e-17
565 -1.46699e-18 -1.40907e-16
566 -1.34354e-16 -1.29758e-16
567 1.63336e-17 -1.55722e-16
568 -1.14702e-16 -1.3627e-16
569 1.04655e-16 7.52731e-17
570 -1.97144e-16 5.61448e-17
571 -1.52341e-16 -2.98272e-16
572 1.18583e-16 -6.64347e-18
573 -1.48215e-17 1.69486e-16
574 -4.68773e-17 -1.10887e-16
575 -9.92986e-19 3.18071e-17
576 2.39496e-17 -4.05263e-17
577 3.984e-17 -7.2477e-17
578 1.4845e-16 1.96664e-16
579 4.241e-17 1.88189e-16
580 -3.37308e-16 -6.88932e-17
581 4.28314e-17 1.3156e-16
582 -1.34111e-16 -7.97892e-17
583 8.5216e-17 -7.42451e-17
584 1.56078e-17 -1.32338e-16
585 -3.68898e-17 6.10298e-18
586 1.05431e-16 -7.10966e-17
587 1.92922e-17 1.36419e-16
588 1.33677e-16 6.16343e-17
589 -8.42639e-17 -8.53225e-18
590 2.15204e-17 7.72929e-17
591 -3.02832e-17 -2.21177e-16
592 6.86617e-17 8.05651e-17
593 -7.43002e-17 6.38772e-17
594 3.07159e-17 -1.06347e-17
595 -1.86343e-16 1.05233e-16
596 -7.43311e-17 3.19116e-17
597 -1.89154e-17 -2.08284e-17
598 3.92849e-17 -5.77159e-17
599 -1.16237e-17 4.36448e-17
600 8.3406e-17 -1.06386e-16
601 2.68475e-16 -8.02158e-17
602 -5.95571e-17 3.02935e-17
603 1.27242e-17 2.19977e-17
604 9.35142e-17 -8.44054e-17
605 3.58517e-17 2.26393e-16
606 -2.44847e-16 -5.51694e-17
607 2.47137e-16 4.45419e-17
608 -3.22999e-18 -1.88975e-16
609 -5.59799e-17 1.31941e-16
610 5.84666e-17 1.36837e-16
611 6.53235e-17 -5.76771e-17
612 -7.82347e-17 1.27338e-16
613 -7.40944e-17 1.44973e-16
614 -2.6633e-16 4.83979e-17
615 1.6136e-16 -3.942e-17
616 -1.26185e-16 -4.92112e-17
617 -7.63886e-17 -1.89304e-16
618 -1.47002e-16 4.49664e-17
619 -1.04999e-16 -1.92313e-16
620 6.36691e-17 -8.19509e-18
621 -1.911e-17 -6.96132e-17
622 -3.29277e-18 1.09644e-16
623 3.57203e-17 6.12037e-17
624 -7.49511e-17 7.53283e-17
625 5.2858e-17 7.95654e-17
626 -2.10824e-16 -7.62887e-17
627 2.21995e-16 2.04885e-16
628 2.87431e-18 4.97378e-17
629 -7.08148e-17 -2.2575e-17
630 -1.22632e-16 2.12504e-17
631 -7.45248e-18 4.11567e-17
632 -6.08298e-17 -1.74188e-16
633 4.25768e-17 -5.12729e-18
634 -7.27442e-17 9.85851e-17
635 -3.57669e-17 3.13601e-17
636 -1.27183e-16 -1.71229e-16
637 1.6036e-16 3.47919e-17
638 -2.84131e-16 4.97495e-17
639 1.982e-16 9.34305e-18
640 9.34246e-17 1.30656e-16
641 -1.77124e-16 -3.65386e-17
642 1.78303e-16 2.15552e-17
643 -3.85993e-17 4.80635e-17
644 -2.73933e-16 6.12312e-17
645 2.83375e-16 -1.02607e-17
646 -4.34624e-17 -7.23024e-17
647 2.61888e-17 1.15966e-16
648 1.32979e-16 -1.66971e-17
649 1.37063e-16 3.38067e-17
650 1.57245e-16 1.57298e-16
651 -1.68517e-16 -9.26851e-17
652 2.35168e-16 -5.11887e-17
653 3.98126e-17 -1.08939e-17
654 -7.38713e-18 -1.79915e-16
655 1.14292e-17 9.98071e-18
656 -3.96278e-17 1.69642e-16
657 3.82226e-17 -5.49995e-17
658 1.99316e-16 -2.27485e-17
659 -1.84969e-17 6.48252e-17
660 5.5232e-17 -1.45666e-16
661 1.02329e-16 2.03606e-16
662 -4.87424e-17 -7.12866e-17
663 8.45755e-17 1.24873e-16
664 1.28842e-17 -5.59892e-17
665 -4.49114e-18 1.59104e-16
666 -3.54022e-17 -2.48093e-16
667 2.54354e-16 1.62658e-16
668 1.08626e-16 2.56248e-17
669 -2.09525e-16 -5.04733e-17
670 2.62201e-16 2.65529e-16
671 -2.57804e-16 -3.04956e-18
672 6.17882e-17 -1.82116e-16
673 2.15687e-17 1.96829e-16
674 9.13757e-17 -4.08052e-17
675 -3.39026e-17 -3.1972e-17
676 9.94086e-18 -3.21135e-18
677 -1.02329e-16 -2.93055e-16
678 2.33239e-16 1.57247e-16
679 -1.35712e-16 -8.74905e-17
680 8.47686e-17 -6.89971e-17
681 7.65536e-17 -9.93762e-17
682 -1.1235e-16 1.21436e-17
683 3.0007e-16 1.99542e-16
684 -3.22077e-16 1.09909e-16
685 1.18978e-16 -8.86369e-18
686 -2.40028e-17 1.02873e-16
687 1.65861e-16 5.09551e-17
688 1.14227e-16 -1.46762e-16
689 1.12559e-16 -6.46128e-17
690 6.69799e-17 1.91043e-16
691 1.69983e-16 -2.90813e-16
692 1.01613e-16 1.00578e-16
693 -1.41984e-16 1.44544e-16
694 -9.38229e-17 -7.36911e-17
695 -6.84792e-17 8.39048e-17
696 -1.10165e-16 4.80999e-17
697 1.59797e-16 1.16761e-16
698 1.56045e-18 1.19848e-16
699 -8.12001e-17 -1.41484e-16
700 2.56895e-16 -1.46707e-16
701 3.16686e-16 2.88735e-16
702 -2.52965e-16 -8.12174e-17
703 1.06943e-16 -1.01448e-16
704 4.24385e-17 2.60453e-16
705 -2.83093e-16 -9.65805e-17
706 1.76751e-16 2.3604e-16
707 -1.72765e-16 -7.73637e-17
708 7.15797e-18 -1.58167e-16
709 1.46233e-16 -7.89172e-17
710 -4.35385e-17 -6.55723e-18
711 -2.22148e-17 -4.21519e-17
712 -9.87442e-17 4.19708e-17
713 -1.67519e-16 4.68278e-18
714 1.52179e-16 1.32781e-16
715 -3.52948e-17 1.19192e-16
716 -1.37264e-16 -2.13328e-16
717 1.46263e-16 1.21707e-16
718 2.05606e-17 1.02955e-16
719 1.79234e-17 -1.32545e-16
720 -6.80326e-17 -3.17447e-17
721 7.18567e-17 1.31388e-17
722 1.82202e-17 -1.89783e-16
723 5.64112e-17 -1.27023e-16
724 1.48803e-16 1.22969e-17
725 -3.23525e-17 -1.93743e-17
726 6.41156e-18 3.71969e-17
727 5.55686e-17 -4.85363e-17
728 1.09905e-17 -4.44773e-17
729 1.95774e-16 7.80879e-17
730 -1.1416e-16 -8.35722e-17
731 -9.6843e-17 -1.89559e-17
732 3.717e-17 1.04461e-16
733 -1.75689e-16 -8.507e-17
734 6.68573e-17 2.68266e-17
735 -3.44538e-17 -1.11668e-16
736 9.12228e-17 1.63822e-16
737 -1.71573e-16 -1.21412e-16
738 -2.88495e-17 -4.69413e-17
739 -1.31662e-17 7.57674e-17
740 1.09503e-18 -1.44112e-16
741 6.28124e-17 3.40943e-17
742 -2.94047e-17 -1.56383e-16
743 5.08622e-17 -1.78204e-16
744 -5.64578e-17 -1.83915e-17
745 9.70601e-17 -3.28223e-17
746 -1.40208e-16 1.18809e-16
747 -2.09186e-16 4.79273e-17
748 2.70481e-18 1.02087e-16
749 -1.16405e-16 -1.71074e-16
750 -5.57454e-17 -9.01139e-17
751 3.5474e-17 7.4795e-17
752 -8.52336e-17 -8.09217e-17
753 2.65835e-16 3.70605e-18
754 -1.42295e-16 9.26579e-17
755 2.77598e-17 -1.33318e-16
756 -1.8784e-16 -6.21264e-17
757 -5.61769e-17 -1.72717e-16
758 5.65822e-17 2.5425e-16
759 -1.5617e-16 -2.10797e-18
760 1.46182e-16 7.79188e-17
761 -3.19715e-17 -1.36339e-16
762 9.59728e-17 3.54344e-16
763 -1.9946e-16 -2.12558e-16
764 5.70647e-17 2.88188e-17
765 -4.35179e-17 -8.0441e-18
766 1.70762e-17 -8.55226e-17
767 2.32815e-17 1.03053e-17
768 5.05121e-17 -7.52035e-17
769 8.90554e-17 -2.30829e-16
770 3.33673e-17 1.19729e-16
771 6.56835e-17 -8.8733e-17
772 -1.75167e-16 -8.28413e-17
773 -2.74915e-17 3.04055e-17
774 2.24955e-17 -3.49393e-17
775 2.63833e-17 -1.42067e-16
776 6.5421e-17 -5.1746e-17
777 2.13837e-16 -2.18506e-16
778 4.75173e-17 -1.86596e-17
779 3.11568e-17 7.24923e-17
780 -2.85827e-16 -4.14674e-16
781 2.83216e-17 2.46839e-16
782 -5.69375e-17 -4.06162e-17
783 -9.1912e-17 -1.77621e-16
784 3.17487e-16 3.40495e-16
785 -2.98161e-17 -5.77734e-17
786 -1.36548e-16 -2.01328e-16
787 1.76724e-16 2.13431e-16
788 -2.18725e-16 -1.86777e-16
789 1.64858e-16 -9.76463e-17
790 1.61598e-18 2.81832e-17
791 6.82876e-17 -1.6613e-16
792 2.31589e-17 -9.36373e-18
793 1.43679e-16 2.90597e-16
794 -1.64613e-17 -1.61413e-16
795 -3.78113e-16 -1.24139e-16
796 1.15932e-16 1.90719e-16
797 -8.10027e-17 -1.27244e-16
798 -6.81455e-17 8.45539e-17
799 4.26687e-17 1.70463e-17
800 -1.91069e-16 -2.05266e-16
801 -1.71658e-17 -7.2127e-17
802 -1.62503e-17 -1.16823e-16
803 -1.2786e-16 4.25584e-17
804 1.13255e-16 2.0967e-17
805 8.44905e-19 -1.04887e-17
806 -9.97254e-17 2.47917e-17
807 -2.21831e-16 3.33431e-18
808 2.50583e-18 9.87152e-17
809 -6.98898e-17 6.26282e-17
810 -1.46605e-16 -5.66927e-17
811 1.07599e-16 -1.06051e-16
812 8.16758e-17 -5.40311e-17
813 3.96167e-17 4.34367e-17
814 4.03784e-17 1.74401e-16
815 -2.77271e-17 4.31249e-17
816 -8.25974e-17 -1.93112e-16
817 1.5392e-16 1.08702e-16
818 -1.50926e-16 -1.47692e-16
819 8.72658e-17 -1.26554e-17
820 -8.66336e-17 2.64515e-17
821 -7.08914e-17 -8.81087e-18
822 -6.00629e-17 1.06415e-17
823 2.51081e-17 -4.02221e-17
824 -1.52494e-16 -7.62442e-18
825 4.27361e-17 1.6004e-16
826 -1.03381e-16 -7.67286e-17
827 -1.55887e-16 -1.14922e-16
828 -5.85507e-18 -5.8553e-17
829 2.084e-16 -1.33944e-17
830 -1.60292e-16 -1.94019e-18
831 1.09522e-17 -2.00622e-16
832 1.5377e-17 5.99884e-17
833 -3.43851e-17 8.39054e-17
834 -2.34059e-16 -1.59055e-16
835 1.89993e-16 1.40388e-16
836 -2.49086e-16 -5.79414e-18
837 1.8758e-16 -5.97721e-17
838 -7.83592e-17 1.30935e-16
839 -1.69539e-16 -5.48805e-17
840 2.75756e-16 2.33798e-16
841 -1.66938e-16 -6.25139e-17
842 9.17251e-17 5.24832e-17
843 -9.07955e-17 1.09258e-16
844 7.4732e-17 2.36421e-17
845 -3.95073e-17 -4.77176e-17
846 -1.25944e-16 1.00929e-16
847 2.2245e-16 -2.29404e-17
848 -3.11619e-16 -5.79661e-17
849 1.41217e-17 1.40019e-17
850 3.87789e-18 -1.71327e-16
851 -1.04842e-16 -3.26656e-17
852 7.71826e-18 6.59625e-17
853 -2.66961e-17 -4.65279e-17
854 2.00117e-16 1.47226e-16
855 -1.22816e-16 1.71343e-16
856 9.57582e-18 6.12321e-17
857 -2.60597e-17 -2.17461e-16
858 2.73685e-16 9.74345e-17
859 -5.93054e-17 -9.61782e-19
860 -4.77167e-17 -4.12597e-17
861 1.64448e-16 -1.72859e-16
862 5.941e-18 5.11952e-17
863 2.21089e-16 1.14988e-16
864 -5.45506e-20 -8.09745e-17
865 1.68662e-16 -6.89297e-18
866 -9.37823e-17 -1.05076e-16
867 2.61581e-17 -3.49057e-17
868 4.02167e-17 -3.91275e-17
869 -2.60128e-16 -1.64113e-16
870 -4.68584e-17 1.49203e-16
871 1.51137e-16 2.15768e-17
872 -4.57328e-17 -2.08412e-16
873 -1.15912e-16 -1.49141e-17
874 3.40597e-17 -1.26263e-16
875 -2.25993e-17 -1.53926e-16
876 8.26066e-17 2.55605e-16
877 -1.92787e-16 -3.16771e-16
878 3.02838e-16 2.37416e-16
879 -8.52035e-17 -3.91003e-17
880 -8.01381e-17 5.76676e-17
881 -7.00573e-17 -3.39002e-17
882 -1.65446e-16 8.11575e-17
883 -1.01632e-16 -5.37114e-17
884 2.97509e-17 5.45268e-17
885 2.00175e-16 -4.61353e-17
886 1.5857e-16 1.69876e-17
887 -1.63984e-16 -1.39118e-16
888 -2.55802e-18 3.20672e-17
889 -1.38324e-16 -1.7401e-16
890 -6.96968e-17 1.03256e-16
891 2.93303e-17 2.01494e-16
892 -5.27237e-17 3.39878e-18
893 -5.48079e-17 -4.16128e-17
894 6.29343e-17 9.47237e-19
895 -1.32647e-16 -9.29009e-17
896 5.65974e-17 3.97745e-17
897 1.37236e-16 8.33028e-17
898 3.93366e-17 3.96449e-17
899 -5.92413e-18 3.6087e-17
900 -3.20108e-17 -1.52569e-17
901 8.35168e-17 -3.93693e-17
902 -1.24327e-16 -3.22882e-17
903 1.70072e-16 2.58248e-16
904 -1.24936e-16 -2.17342e-16
905 5.25603e-17 1.54187e-16
906 1.3877e-16 2.94136e-17
907 -7.45463e-17 -6.93716e-17
908 -1.05959e-16 -5.92428e-17
909 1.90908e-16 1.93518e-16
910 -1.79841e-16 -2.43275e-16
911 9.74498e-17 7.02166e-17
912 4.60049e-18 6.10675e-17
913 1.87413e-17 -4.02524e-17
914 1.0094e-16 1.16448e-16
915 -6.59146e-17 3.37561e-17
916 2.7719e-17 -1.24673e-17
917 -1.39483e-16 -3.46961e-17
918 -2.41911e-17 -2.54509e-16
919 4.65015e-17 -2.25607e-17
920 1.96553e-16 -4.31119e-17
921 -7.00001e-17 -3.6921e-17
922 1.249e-16 9.56804e-17
923 -4.48329e-17 5.40187e-17
924 -1.66878e-16 -1.14843e-16
925 -2.48822e-17 -8.44326e-17
926 -4.25654e-17 1.53275e-16
927 -3.34063e-17 -1.28436e-17
928 -1.93908e-16 1.26393e-16
929 6.23865e-17 -2.05674e-16
930 -1.12694e-16 5.62648e-17
931 1.04344e-17 -1.51767e-16
932 1.02433e-16 2.82906e-18
933 -6.59719e-17 4.68252e-17
934 -4.54231e-17 -3.2558e-17
935 9.8677e-17 -6.68304e-17
936 -6.35258e-17 -1.8691e-16
937 8.67087e-17 3.1157e-17
938 1.29148e-16 -1.71859e-16
939 5.31755e-17 3.46047e-17
940 3.14417e-17 1.24484e-16
941 2.27276e-17 1.63377e-16
942 -9.03981e-17 1.52974e-17
943 -7.73836e-17 -7.11262e-17
944 4.2759e-17 1.06828e-16
945 9.86671e-17 3.56889e-17
946 2.06646e-17 -9.04787e-17
947 -1.46744e-16 -1.14692e-16
948 1.52045e-16 -7.03937e-17
949 1.46636e-16 7.65684e-17
950 -2.04181e-16 -1.32489e-16
951 1.06647e-16 1.75926e-16
952 1.57398e-16 -7.63369e-17
953 1.45894e-17 1.47653e-17
954 2.03313e-17 2.41205e-17
955 -3.71904e-17 -1.52017e-18
956 1.60212e-16 1.76327e-16
957 1.51821e-16 9.18791e-17
958 -3.90212e-16 -8.36207e-17
959 -8.34424e-18 2.29989e-16
960 2.10551e-16 7.70524e-17
961 -1.02846e-16 -1.77076e-16
962 -2.15054e-16 -8.98724e-17
963 4.27196e-17 4.63455e-16
964 3.11928e-16 2.68798e-17
965 -3.31051e-16 -5.42164e-16
966 -1.46155e-16 -8.41855e-17
967 6.46279e-16 4.45074e-16
968 2.14621e-16 -3.59464e-17
969 -6.61392e-16 -5.213e-16
970 -1.47697e-16 1.41054e-16
971 6.95859e-16 7.32458e-16
972 2.5864e-18 -1.20331e-16
973 -1.07611e-15 -1.16912e-15
974 7.58472e-17 4.10474e-16
975 1.27452e-15 1.13498e-15
976 -5.20713e-16 -9.14114e-16
977 -1.25426e-15 -1.31808e-15
978 4.20722e-16 8.72545e-16
979 1.94169e-15 1.5498e-15
980 -6.48834e-16 -1.64901e-15
981 -2.20395e-15 -1.72286e-15
982 1.19786e-15 2.04913e-15
983 2.77178e-15 2.00263e-15
984 -1.73313e-15 -3.20998e-15
985 -3.4781e-15 -2.30528e-15
986 2.4765e-15 4.00766e-15
987 4.34744e-15 2.86051e-15
988 -3.14284e-15 -5.16627e-15
989 -5.41824e-15 -3.67776e-15
990 4.31637e-15 6.80266e-15
991 6.96652e-15 4.58735e-15
992 -5.68834e-15 -8.76614e-15
993 -8.90274e-15 -5.72718e-15
994 7.36362e-15 1.12525e-14
995 1.11826e-14 7.34685e-15
996 -9.18759e-15 -1.42089e-14
997 -1.47906e-14 -9.78142e-15
998 1.13415e-14 1.78074e-14
999 1.92545e-14 1.29812e-14
