0 -0.168652 0.161109
1 -0.15878 0.148055
2 -0.144101 0.130659
3 -0.125159 0.109345
4 -0.102647 0.084705
5 -0.0773433 0.0575282
6 -0.0500698 0.0287909
7 -0.0216771 -0.000392362
8 0.00694346 -0.0288501
9 0.0348388 -0.0554476
10 0.0609909 -0.0791671
11 0.0843462 -0.0991549
12 0.103884 -0.114733
13 0.118709 -0.125385
14 0.128148 -0.130734
15 0.131814 -0.130544
16 0.129638 -0.124744
17 0.121843 -0.11348
18 0.108901 -0.0971705
19 0.0914673 -0.0765397
20 0.0703343 -0.0526083
21 0.0464118 -0.0266324
22 0.0207261 -5.05052e-07
23 -0.00557315 0.0258855
24 -0.031223 0.0497188
25 -0.0548934 0.0703622
26 -0.0752751 0.0868841
27 -0.0911976 0.0985622
28 -0.101752 0.104877
29 -0.106385 0.105514
30 -0.104947 0.100391
31 -0.097682 0.0897043
32 -0.0851642 0.0739792
33 -0.0682246 0.0540959
34 -0.0478728 0.0312725
35 -0.0252452 0.0069869
36 -0.00157602 -0.0171497
37 0.0218201 -0.0395476
38 0.0435764 -0.0587863
39 0.0623327 -0.0737263
40 0.0768325 -0.0835675
41 0.0860473 -0.087859
42 0.0893057 -0.0864766
43 0.0863926 -0.0795926
44 0.077593 -0.0676592
45 0.0636652 -0.0514077
46 0.0457493 -0.0318549
47 0.0252353 -0.0102942
48 0.0036218 0.0117527
49 -0.0176045 0.0326358
50 -0.0370538 0.0507252
51 -0.0534838 0.0645862
52 -0.0658326 0.0731452
53 -0.073256 0.075812
54 -0.0751836 0.0725322
55 -0.0713934 0.0637623
56 -0.0620878 0.0503826
57 -0.0479425 0.0335749
58 -0.0300994 0.0146983
59 -0.0100869 -0.00481465
60 0.0103294 -0.0235332
61 0.029344 -0.0400849
62 0.0453183 -0.0532126
63 0.0569568 -0.061849
64 0.0634227 -0.0652161
65 0.0643786 -0.0629356
66 0.0599611 -0.055126
67 0.0507129 -0.0424522
68 0.0374998 -0.0261005
69 0.0214361 -0.00766848
70 0.0038243 0.0110181
71 -0.0138998 0.0281299
72 -0.0302351 0.0420569
73 -0.0437141 0.051586
74 -0.0530389 0.0560062
75 -0.0572408 0.055133
76 -0.0558336 0.0492646
77 -0.0489229 0.0390994
78 -0.0372357 0.0256418
79 -0.022053 0.010117
80 -0.00505054 -0.00610123
81 0.0119246 -0.0215606
82 0.0270968 -0.034817
83 0.0389771 -0.04455
84 0.0465147 -0.0497062
85 0.0491677 -0.0496534
86 0.0468982 -0.0443104
87 0.0401145 -0.0342154
88 0.0295899 -0.0205029
89 0.01638 -0.00477884
90 0.00174867 0.0110927
91 -0.0129036 0.0252515
92 -0.0261254 0.0361029
93 -0.0365283 0.0425255
94 -0.0429325 0.0439904
95 -0.0445304 0.0405782
96 -0.0410363 0.0329064
97 -0.0327835 0.0219985
98 -0.0207338 0.00913037
99 -0.00637916 -0.00431331
100 0.00845651 -0.0169586
101 0.0218848 -0.0275377
102 0.0322372 -0.0349715
103 0.0383091 -0.038454
104 0.0395174 -0.0375415
105 0.0359436 -0.032239
106 0.0282686 -0.0230596
107 0.0176223 -0.0110291
108 0.00539381 0.0023914
109 -0.00695984 0.015471
110 -0.0180725 0.0264495
111 -0.0267849 0.0338126
112 -0.0322204 0.0365474
113 -0.0338358 0.0343219
114 -0.0314595 0.0275457
115 -0.0253223 0.0172957
116 -0.0160741 0.00512474
117 -0.00476506 -0.00720724
118 0.00722701 -0.0180189
119 0.0183382 -0.0259543
120 0.0270236 -0.0301489
121 0.0319987 -0.0302954
122 0.0324722 -0.0266176
123 0.0283161 -0.0197762
124 0.0201267 -0.0107413
125 0.00915146 -0.000660076
126 -0.00291122 0.00926145
127 -0.0142039 0.0178608
128 -0.0230327 0.0241127
129 -0.0281531 0.0272235
130 -0.0289628 0.0267299
131 -0.0255647 0.0225902
132 -0.0186989 0.0152468
133 -0.00956893 0.00562819
134 0.000391568 -0.00493043
135 0.00975756 -0.014857
136 0.0173127 -0.0225857
137 0.0221827 -0.0268323
138 0.023897 -0.0268467
139 0.0223904 -0.0225817
140 0.0179667 -0.0147334
141 0.0112427 -0.00463429
142 0.00308422 0.00598642
143 -0.0054672 0.0153257
144 -0.0132855 0.0218452
145 -0.0192765 0.0245516
146 -0.0225203 0.0231599
147 -0.0224245 0.0181101
148 -0.0188601 0.0104427
149 -0.0122436 0.0015675
150 -0.00353056 -0.00701458
151 0.00589729 -0.0139779
152 0.0144487 -0.0183734
153 0.020608 -0.0197368
154 0.023234 -0.0180976
155 0.0218044 -0.0139087
156 0.0165469 -0.00792635
157 0.00841803 -0.00107469
158 -0.00107263 0.00568128
159 -0.0101586 0.0114406
160 -0.01717 0.0154497
161 -0.0208671 0.0171711
162 -0.0206787 0.0163422
163 -0.016796 0.0130234
164 -0.0101048 0.00762466
165 -0.00197622 0.000893203
166 0.00603059 -0.00615451
167 0.0124842 -0.0123634
168 0.0163461 -0.0166244
169 0.0171328 -0.0180848
170 0.0149529 -0.0163421
171 0.0104239 -0.0115709
172 0.00450338 -0.00454351
173 -0.001719 0.00347755
174 -0.00722236 0.010965
175 -0.0112093 0.0164305
176 -0.0131962 0.018742
177 -0.0130373 0.0173821
178 -0.0108964 0.0125821
179 -0.00718693 0.00529547
180 -0.00249832 -0.00299131
181 0.00247885 -0.0105722
182 0.00702614 -0.0158893
183 0.0104719 -0.0178726
184 0.0122703 -0.0161704
185 0.012083 -0.01122
186 0.00985215 -0.00414064
187 0.0058473 0.00352484
188 0.000665731 0.0101569
189 -0.00483022 0.0144145
190 -0.00964143 0.0155163
191 -0.0128119 0.0133871
192 -0.0136284 0.00864089
193 -0.011796 0.00241249
194 -0.00754304 -0.00391708
195 -0.00161983 -0.00903326
196 0.00482095 -0.011966
197 0.0104479 -0.012273
198 0.0140346 -0.0100937
199 0.0147404 -0.00607209
200 0.0123211 -0.00117661
201 0.00721433 0.00353353
202 0.000470766 0.00713824
203 -0.00646041 0.00903261
204 -0.0120487 0.00901648
205 -0.0150306 0.00728847
206 -0.0147074 0.00435782
207 -0.011119 0.000904161
208 -0.00504985 -0.00237759
209 0.00214083 -0.00491194
210 0.00882608 -0.00633261
211 0.0134861 -0.00651675
212 0.015062 -0.00556772
213 0.0132051 -0.00376088
214 0.00836016 -0.00147155
215 0.00166251 0.000897099
216 -0.00532801 0.00297414
217 -0.0109933 0.00446371
218 -0.0140366 0.0051713
219 -0.0137851 0.00501709
220 -0.0103431 0.00403982
221 -0.004561 0.00239279
222 0.00217263 0.000330346
223 0.00826453 -0.00181807
224 0.0122955 -0.00368875
225 0.0133537 -0.00493854
226 0.0112439 -0.00530759
227 0.00652411 -0.00467824
228 0.000361682 -0.00311545
229 -0.00575264 -0.000874857
230 -0.0103648 0.00162985
231 -0.0124037 0.00389913
232 -0.0114309 0.00544779
233 -0.00773578 0.00591266
234 -0.00225552 0.00514282
235 0.00365952 0.00324883
236 0.00857586 0.000595417
237 0.0113226 -0.00226572
238 0.0112699 -0.00471134
239 0.00847334 -0.00618589
240 0.00365219 -0.00633235
241 -0.00199229 -0.00508257
242 -0.00707286 -0.00268326
243 -0.0103543 0.000351124
244 -0.0110518 0.00334987
245 -0.0090173 0.00563729
246 -0.00477139 0.00668867
247 0.00062795 0.00625414
248 0.00584577 0.00442012
249 0.00959671 0.00159291
250 0.0109585 -0.00159291
251 0.00959671 -0.00442012
252 0.00584577 -0.00625414
253 0.00062795 -0.00668867
254 -0.00477139 -0.00563729
255 -0.0090173 -0.00334987
256 -0.0110518 -0.000351124
257 -0.0103543 0.00268326
258 -0.00707286 0.00508257
259 -0.00199229 0.00633235
260 0.00365219 0.00618589
261 0.00847334 0.00471134
262 0.0112699 0.00226572
263 0.0113226 -0.000595417
264 0.00857586 -0.00324883
265 0.00365952 -0.00514282
266 -0.00225552 -0.00591266
267 -0.00773578 -0.00544779
268 -0.0114309 -0.00389913
269 -0.0124037 -0.00162985
270 -0.0103648 0.000874857
271 -0.00575264 0.00311545
272 0.000361682 0.00467824
273 0.00652411 0.00530759
274 0.0112439 0.00493854
275 0.0133537 0.00368875
276 0.0122955 0.00181807
277 0.00826453 -0.000330346
278 0.00217263 -0.00239279
279 -0.004561 -0.00403982
280 -0.0103431 -0.00501709
281 -0.0137851 -0.0051713
282 -0.0140366 -0.00446371
283 -0.0109933 -0.00297414
284 -0.00532801 -0.000897099
285 0.00166251 0.00147155
286 0.00836016 0.00376088
287 0.0132051 0.00556772
288 0.015062 0.00651675
289 0.0134861 0.00633261
290 0.00882608 0.00491194
291 0.00214083 0.00237759
292 -0.00504985 -0.000904161
293 -0.011119 -0.00435782
294 -0.0147074 -0.00728847
295 -0.0150306 -0.00901648
296 -0.0120487 -0.00903261
297 -0.00646041 -0.00713824
298 0.000470766 -0.00353353
299 0.00721433 0.00117661
300 0.0123211 0.00607209
301 0.0147404 0.0100937
302 0.0140346 0.012273
303 0.0104479 0.011966
304 0.00482095 0.00903326
305 -0.00161983 0.00391708
306 -0.00754304 -0.00241249
307 -0.011796 -0.00864089
308 -0.0136284 -0.0133871
309 -0.0128119 -0.0155163
310 -0.00964143 -0.0144145
311 -0.00483022 -0.0101569
312 0.000665731 -0.00352484
313 0.0058473 0.00414064
314 0.00985215 0.01122
315 0.012083 0.0161704
316 0.0122703 0.0178726
317 0.0104719 0.0158893
318 0.00702614 0.0105722
319 0.00247885 0.00299131
320 -0.00249832 -0.00529547
321 -0.00718693 -0.0125821
322 -0.0108964 -0.0173821
323 -0.0130373 -0.018742
324 -0.0131962 -0.0164305
325 -0.0112093 -0.010965
326 -0.00722236 -0.00347755
327 -0.001719 0.00454351
328 0.00450338 0.0115709
329 0.0104239 0.0163421
330 0.0149529 0.0180848
331 0.0171328 0.0166244
332 0.0163461 0.0123634
333 0.0124842 0.00615451
334 0.00603059 -0.000893203
335 -0.00197622 -0.00762466
336 -0.0101048 -0.0130234
337 -0.016796 -0.0163422
338 -0.0206787 -0.0171711
339 -0.0208671 -0.0154497
340 -0.01717 -0.0114406
341 -0.0101586 -0.00568128
342 -0.00107263 0.00107469
343 0.00841803 0.00792635
344 0.0165469 0.0139087
345 0.0218044 0.0180976
346 0.023234 0.0197368
347 0.020608 0.0183734
348 0.0144487 0.0139779
349 0.00589729 0.00701458
350 -0.00353056 -0.0015675
351 -0.0122436 -0.0104427
352 -0.0188601 -0.0181101
353 -0.0224245 -0.0231599
354 -0.0225203 -0.0245516
355 -0.0192765 -0.0218452
356 -0.0132855 -0.0153257
357 -0.0054672 -0.00598642
358 0.00308422 0.00463429
359 0.0112427 0.0147334
360 0.0179667 0.0225817
361 0.0223904 0.0268467
362 0.023897 0.0268323
363 0.0221827 0.0225857
364 0.0173127 0.014857
365 0.00975756 0.00493043
366 0.000391568 -0.00562819
367 -0.00956893 -0.0152468
368 -0.0186989 -0.0225902
369 -0.0255647 -0.0267299
370 -0.0289628 -0.0272235
371 -0.0281531 -0.0241127
372 -0.0230327 -0.0178608
373 -0.0142039 -0.00926145
374 -0.00291122 0.000660076
375 0.00915146 0.0107413
376 0.0201267 0.0197762
377 0.0283161 0.0266176
378 0.0324722 0.0302954
379 0.0319987 0.0301489
380 0.0270236 0.0259543
381 0.0183382 0.0180189
382 0.00722701 0.00720724
383 -0.00476506 -0.00512474
384 -0.0160741 -0.0172957
385 -0.0253223 -0.0275457
386 -0.0314595 -0.0343219
387 -0.0338358 -0.0365474
388 -0.0322204 -0.0338126
389 -0.0267849 -0.0264495
390 -0.0180725 -0.015471
391 -0.00695984 -0.0023914
392 0.00539381 0.0110291
393 0.0176223 0.0230596
394 0.0282686 0.032239
395 0.0359436 0.0375415
396 0.0395174 0.038454
397 0.0383091 0.0349715
398 0.0322372 0.0275377
399 0.0218848 0.0169586
400 0.00845651 0.00431331
401 -0.00637916 -0.00913037
402 -0.0207338 -0.0219985
403 -0.0327835 -0.0329064
404 -0.0410363 -0.0405782
405 -0.0445304 -0.0439904
406 -0.0429325 -0.0425255
407 -0.0365283 -0.0361029
408 -0.0261254 -0.0252515
409 -0.0129036 -0.0110927
410 0.00174867 0.00477884
411 0.01638 0.0205029
412 0.0295899 0.0342154
413 0.0401145 0.0443104
414 0.0468982 0.0496534
415 0.0491677 0.0497062
416 0.0465147 0.04455
417 0.0389771 0.034817
418 0.0270968 0.0215606
419 0.0119246 0.00610123
420 -0.00505054 -0.010117
421 -0.022053 -0.0256418
422 -0.0372357 -0.0390994
423 -0.0489229 -0.0492646
424 -0.0558336 -0.055133
425 -0.0572408 -0.0560062
426 -0.0530389 -0.051586
427 -0.0437141 -0.0420569
428 -0.0302351 -0.0281299
429 -0.0138998 -0.0110181
430 0.0038243 0.00766848
431 0.0214361 0.0261005
432 0.0374998 0.0424522
433 0.0507129 0.055126
434 0.0599611 0.0629356
435 0.0643786 0.0652161
436 0.0634227 0.061849
437 0.0569568 0.0532126
438 0.0453183 0.0400849
439 0.029344 0.0235332
440 0.0103294 0.00481465
441 -0.0100869 -0.0146983
442 -0.0300994 -0.0335749
443 -0.0479425 -0.0503826
444 -0.0620878 -0.0637623
445 -0.0713934 -0.0725322
446 -0.0751836 -0.075812
447 -0.073256 -0.0731452
448 -0.0658326 -0.0645862
449 -0.0534838 -0.0507252
450 -0.0370538 -0.0326358
451 -0.0176045 -0.0117527
452 0.0036218 0.0102942
453 0.0252353 0.0318549
454 0.0457493 0.0514077
455 0.0636652 0.0676592
456 0.077593 0.0795926
457 0.0863926 0.0864766
458 0.0893057 0.087859
459 0.0860473 0.0835675
460 0.0768325 0.0737263
461 0.0623327 0.0587863
462 0.0435764 0.0395476
463 0.0218201 0.0171497
464 -0.00157602 -0.0069869
465 -0.0252452 -0.0312725
466 -0.0478728 -0.0540959
467 -0.0682246 -0.0739792
468 -0.0851642 -0.0897043
469 -0.097682 -0.100391
470 -0.104947 -0.105514
471 -0.106385 -0.104877
472 -0.101752 -0.0985622
473 -0.0911976 -0.0868841
474 -0.0752751 -0.0703622
475 -0.0548934 -0.0497188
476 -0.031223 -0.0258855
477 -0.00557315 5.05052e-07
478 0.0207261 0.0266324
479 0.0464118 0.0526083
480 0.0703343 0.0765397
481 0.0914673 0.0971705
482 0.108901 0.11348
483 0.121843 0.124744
484 0.129638 0.130544
485 0.131814 0.130734
486 0.128148 0.125385
487 0.118709 0.114733
488 0.103884 0.0991549
489 0.0843462 0.0791671
490 0.0609909 0.0554476
491 0.0348388 0.0288501
492 0.00694346 0.000392362
493 -0.0216771 -0.0287909
494 -0.0500698 -0.0575282
495 -0.0773433 -0.084705
496 -0.102647 -0.109345
497 -0.125159 -0.130659
498 -0.144101 -0.148055
499 -0.15878 -0.161109
500 -0.168652 -0.169527
501 -0.173378 -0.173104
502 -0.172857 -0.17172
503 -0.167211 -0.16535
504 -0.156749 -0.154109
505 -0.14189 -0.138278
506 -0.123109 -0.118319
507 -0.100892 -0.0948458
508 -0.0757313 -0.0685693
509 -0.0481456 -0.040221
510 -0.0187045 -0.0104912
511 0.0119534 0.0200059
512 0.0431325 0.050731
513 0.074121 0.0811904
514 0.104251 0.110902
515 0.132953 0.139372
516 0.159794 0.166107
517 0.184474 0.190646
518 0.206792 0.212611
519 0.226601 0.231746
520 0.243769 0.247936
521 0.258161 0.261185
522 0.269657 0.271582
523 0.278189 0.279239
524 0.283782 0.284265
525 0.286568 0.286744
526 0.286778 0.286757
527 0.2847 0.284412
528 0.280629 0.279882
529 0.27482 0.273415
530 0.267474 0.265324
531 0.25875 0.25594
532 0.248795 0.245572
533 0.237785 0.234459
534 0.22594 0.222773
535 0.213524 0.210626
536 0.200815 0.198122
537 0.188058 0.185384
538 0.175437 0.172582
539 0.163055 0.159915
540 0.150954 0.147581
541 0.139148 0.135737
542 0.127663 0.124466
543 0.116565 0.113783
544 0.105959 0.103653
545 0.0959633 0.0940324
546 0.0866694 0.0849063
547 0.0781116 0.0763036
548 0.0702567 0.0682877
549 0.063023 0.0609265
550 0.0563182 0.054258
551 0.0500788 0.0482666
552 0.0442913 0.0428827
553 0.0389874 0.0380052
554 0.0342148 0.0335373
555 0.0300007 0.029419
556 0.0263248 0.0256411
557 0.0231156 0.0222347
558 0.0202713 0.0192408
559 0.0176944 0.0166752
560 0.0153233 0.0145065
561 0.013147 0.0126566
562 0.0111951 0.0110265
563 0.00951049 0.00953142
564 0.00811619 0.00813102
565 0.00699383 0.00683706
566 0.00608237 0.00569624
567 0.00529827 0.00475646
568 0.00456694 0.00403391
569 0.00385062 0.00349745
570 0.00315914 0.00307786
571 0.0025382 0.00269654
572 0.00204073 0.00229889
573 0.00169512 0.00187529
574 0.00148621 0.00145974
575 0.00135851 0.00110761
576 0.00124034 0.000863996
577 0.00107669 0.000738849
578 0.00085401 0.000700421
579 0.000604235 0.000689669
580 0.000385752 0.000647738
581 0.000251294 0.000542812
582 0.000219349 0.000383382
583 0.000263825 0.000211892
584 0.000327044 8.22287e-05
585 0.000348881 3.21406e-05
586 0.000296616 6.39841e-05
587 0.000180072 0.000143099
588 4.46647e-05 0.000214593
589 -5.3354e-05 0.000230312
590 -7.62093e-05 0.000172632
591 -2.34029e-05 6.30696e-05
592 6.90625e-05 -4.88949e-05
593 0.000147808 -0.000111359
594 0.000169186 -9.69855e-05
595 0.000120518 -1.74416e-05
596 2.5197e-05 8.24526e-05
597 -7.02238e-05 0.000148034
598 -0.000119933 0.000143426
599 -0.000101673 7.02968e-05
600 -2.73369e-05 -3.33062e-05
601 6.35561e-05 -0.000113481
602 0.000123967 -0.000129296
603 0.000122972 -7.43925e-05
604 6.1188e-05 2.01937e-05
605 -2.96942e-05 0.000103249
606 -0.000103107 0.000131028
607 -0.000121482 9.02492e-05
608 -7.57043e-05 4.24159e-06
609 9.97411e-06 -8.05558e-05
610 9.03779e-05 -0.000119889
611 0.000123031 -9.49028e-05
612 9.06726e-05 -2.10717e-05
613 1.06349e-05 6.12583e-05
614 -7.4227e-05 0.000108921
615 -0.000118469 9.84727e-05
616 -9.86075e-05 3.74897e-05
617 -2.58935e-05 -4.06561e-05
618 5.98428e-05 -9.50395e-05
619 0.000112014 -9.84746e-05
620 0.000102786 -5.08854e-05
621 3.8155e-05 2.16449e-05
622 -4.57394e-05 8.10489e-05
623 -0.000102882 9.70322e-05
624 -0.000102814 6.23154e-05
625 -4.70239e-05 -4.15291e-06
626 3.26159e-05 -6.73526e-05
627 9.21248e-05 -9.43946e-05
628 9.98437e-05 -7.14857e-05
629 5.33467e-05 -1.10206e-05
630 -2.02505e-05 5.48846e-05
631 -8.01547e-05 9.1205e-05
632 -9.45944e-05 7.85387e-05
633 -5.76513e-05 2.36105e-05
634 8.67981e-06 -4.40318e-05
635 6.76041e-05 -8.77016e-05
636 8.79579e-05 -8.34576e-05
637 6.05877e-05 -3.34182e-05
638 2.14253e-06 3.50233e-05
639 -5.5026e-05 8.40341e-05
640 -8.07201e-05 8.62994e-05
641 -6.26808e-05 4.04582e-05
642 -1.21714e-05 -2.78467e-05
643 4.29741e-05 -8.02077e-05
644 7.35721e-05 -8.7137e-05
645 6.43336e-05 -4.48882e-05
646 2.13117e-05 2.23259e-05
647 -3.19266e-05 7.61541e-05
648 -6.70421e-05 8.61035e-05
649 -6.58012e-05 4.701e-05
650 -2.943e-05 -1.81587e-05
651 2.22702e-05 -7.1777e-05
652 6.14977e-05 -8.34045e-05
653 6.7211e-05 -4.72309e-05
654 3.63743e-05 1.49864e-05
655 -1.42907e-05 6.70041e-05
656 -5.7148e-05 7.93172e-05
657 -6.85697e-05 4.60134e-05
658 -4.19856e-05 -1.24498e-05
659 8.16139e-06 -6.18087e-05
660 5.40431e-05 -7.41667e-05
661 6.97849e-05 -4.38316e-05
662 4.61306e-05 1.02235e-05
663 -3.92845e-06 5.62164e-05
664 -5.2096e-05 6.83098e-05
665 -7.07095e-05 4.1144e-05
666 -4.87317e-05 -8.03897e-06
667 1.521e-06 -5.03146e-05
668 5.11249e-05 -6.21228e-05
669 7.11811e-05 -3.83633e-05
670 4.97737e-05 5.7134e-06
671 -7.77111e-07 4.42551e-05
672 -5.08886e-05 5.59729e-05
673 -7.10428e-05 3.58213e-05
674 -4.93026e-05 -3.16065e-06
675 1.46232e-06 -3.8231e-05
676 5.11109e-05 -5.01843e-05
677 7.01629e-05 -3.37538e-05
678 4.74292e-05 3.75021e-07
679 -3.28679e-06 3.24495e-05
680 -5.15112e-05 4.50242e-05
681 -6.84579e-05 3.23094e-05
682 -4.43257e-05 2.58465e-06
683 5.93384e-06 -2.71217e-05
684 5.18359e-05 -4.07016e-05
685 6.59019e-05 -3.15499e-05
686 4.02076e-05 -5.59928e-06
687 -9.09033e-06 2.2451e-05
688 -5.18768e-05 3.73514e-05
689 -6.25213e-05 3.14479e-05
690 -3.53123e-05 8.50863e-06
691 1.24645e-05 -1.86046e-05
692 5.14745e-05 -3.50249e-05
693 5.83861e-05 -3.19063e-05
694 2.9887e-05 -1.11445e-05
695 -1.57959e-05 1.56988e-05
696 -5.05225e-05 3.37043e-05
697 -5.36059e-05 3.27878e-05
698 -2.41776e-05 1.33459e-05
699 1.88674e-05 -1.38049e-05
700 4.8971e-05 -3.33187e-05
701 4.83206e-05 -3.39235e-05
702 1.84111e-05 -1.49618e-05
703 -2.15169e-05 1.29477e-05
704 -4.68217e-05 3.37428e-05
705 -4.26816e-05 3.51217e-05
706 -1.27807e-05 1.58687e-05
707 2.36349e-05 -1.30934e-05
708 4.41111e-05 -3.48077e-05
709 3.68376e-05 -3.6195e-05
710 7.44462e-06 -1.59887e-05
711 -2.51548e-05 1.41597e-05
712 -4.09013e-05 3.63277e-05
713 -3.09304e-05 3.69778e-05
714 -2.52749e-06 1.52834e-05
715 2.60504e-05 -1.60336e-05
716 3.72748e-05 -3.81115e-05
717 2.50893e-05 -3.73239e-05
718 -1.88503e-06 -1.37477e-05
719 -2.63329e-05 1.85733e-05
720 -3.33237e-05 3.99626e-05
721 -1.9418e-05 3.71128e-05
722 5.74676e-06 1.14193e-05
723 2.60374e-05 -2.16092e-05
724 2.91331e-05 -4.16944e-05
725 1.39919e-05 -3.62662e-05
726 -9.0386e-06 -8.37637e-06
727 -2.52084e-05 2.49627e-05
728 -2.47776e-05 4.31479e-05
729 -8.86625e-06 3.47457e-05
730 1.17597e-05 4.72124e-06
731 2.38972e-05 -2.84602e-05
732 2.03236e-05 -4.41895e-05
733 4.07645e-06 -3.25426e-05
734 -1.39282e-05 -5.75243e-07
735 -2.21589e-05 3.19289e-05
736 -1.58219e-05 4.4709e-05
737 3.65998e-07 2.96827e-05
738 1.55746e-05 -3.91713e-06
739 2.00395e-05 -3.52041e-05
740 1.1301e-05 -4.46328e-05
741 -4.46461e-06 -2.62309e-05
742 -1.67264e-05 8.6002e-06
743 -1.75694e-05 3.81456e-05
744 -6.77644e-06 4.3927e-05
745 8.22529e-06 2.22775e-05
746 1.74045e-05 -1.33217e-05
747 1.47707e-05 -4.06382e-05
748 2.25742e-06 -4.25869e-05
749 -1.16568e-05 -1.79306e-05
750 -1.76277e-05 1.79306e-05
751 -1.16568e-05 4.25869e-05
752 2.25742e-06 4.06382e-05
753 1.47707e-05 1.33217e-05
754 1.74045e-05 -2.22775e-05
755 8.22529e-06 -4.3927e-05
756 -6.77644e-06 -3.81456e-05
757 -1.75694e-05 -8.6002e-06
758 -1.67264e-05 2.62309e-05
759 -4.46461e-06 4.46328e-05
760 1.1301e-05 3.52041e-05
761 2.00395e-05 3.91713e-06
762 1.55746e-05 -2.96827e-05
763 3.65998e-07 -4.4709e-05
764 -1.58219e-05 -3.19289e-05
765 -2.21589e-05 5.75243e-07
766 -1.39282e-05 3.25426e-05
767 4.07645e-06 4.41895e-05
768 2.03236e-05 2.84602e-05
769 2.38972e-05 -4.72124e-06
770 1.17597e-05 -3.47457e-05
771 -8.86625e-06 -4.31479e-05
772 -2.47776e-05 -2.49627e-05
773 -2.52084e-05 8.37637e-06
774 -9.0386e-06 3.62662e-05
775 1.39919e-05 4.16944e-05
776 2.91331e-05 2.16092e-05
777 2.60374e-05 -1.14193e-05
778 5.74676e-06 -3.71128e-05
779 -1.9418e-05 -3.99626e-05
780 -3.33237e-05 -1.85733e-05
781 -2.63329e-05 1.37477e-05
782 -1.88503e-06 3.73239e-05
783 2.50893e-05 3.81115e-05
784 3.72748e-05 1.60336e-05
785 2.60504e-05 -1.52834e-05
786 -2.52749e-06 -3.69778e-05
787 -3.09304e-05 -3.63277e-05
788 -4.09013e-05 -1.41597e-05
789 -2.51548e-05 1.59887e-05
790 7.44462e-06 3.6195e-05
791 3.68376e-05 3.48077e-05
792 4.41111e-05 1.30934e-05
793 2.36349e-05 -1.58687e-05
794 -1.27807e-05 -3.51217e-05
795 -4.26816e-05 -3.37428e-05
796 -4.68217e-05 -1.29477e-05
797 -2.15169e-05 1.49618e-05
798 1.84111e-05 3.39235e-05
799 4.83206e-05 3.33187e-05
800 4.8971e-05 1.38049e-05
801 1.88674e-05 -1.33459e-05
802 -2.41776e-05 -3.27878e-05
803 -5.36059e-05 -3.37043e-05
804 -5.05225e-05 -1.56988e-05
805 -1.57959e-05 1.11445e-05
806 2.9887e-05 3.19063e-05
807 5.83861e-05 3.50249e-05
808 5.14745e-05 1.86046e-05
809 1.24645e-05 -8.50863e-06
810 -3.53123e-05 -3.14479e-05
811 -6.25213e-05 -3.73514e-05
812 -5.18768e-05 -2.2451e-05
813 -9.09033e-06 5.59928e-06
814 4.02076e-05 3.15499e-05
815 6.59019e-05 4.07016e-05
816 5.18359e-05 2.71217e-05
817 5.93384e-06 -2.58465e-06
818 -4.43257e-05 -3.23094e-05
819 -6.84579e-05 -4.50242e-05
820 -5.15112e-05 -3.24495e-05
821 -3.28679e-06 -3.75021e-07
822 4.74292e-05 3.37538e-05
823 7.01629e-05 5.01843e-05
824 5.11109e-05 3.8231e-05
825 1.46232e-06 3.16065e-06
826 -4.93026e-05 -3.58213e-05
827 -7.10428e-05 -5.59729e-05
828 -5.08886e-05 -4.42551e-05
829 -7.77111e-07 -5.7134e-06
830 4.97737e-05 3.83633e-05
831 7.11811e-05 6.21228e-05
832 5.11249e-05 5.03146e-05
833 1.521e-06 8.03897e-06
834 -4.87317e-05 -4.1144e-05
835 -7.07095e-05 -6.83098e-05
836 -5.2096e-05 -5.62164e-05
837 -3.92845e-06 -1.02235e-05
838 4.61306e-05 4.38316e-05
839 6.97849e-05 7.41667e-05
840 5.40431e-05 6.18087e-05
841 8.16139e-06 1.24498e-05
842 -4.19856e-05 -4.60134e-05
843 -6.85697e-05 -7.93172e-05
844 -5.7148e-05 -6.70041e-05
845 -1.42907e-05 -1.49864e-05
846 3.63743e-05 4.72309e-05
847 6.7211e-05 8.34045e-05
848 6.14977e-05 7.1777e-05
849 2.22702e-05 1.81587e-05
850 -2.943e-05 -4.701e-05
851 -6.58012e-05 -8.61035e-05
852 -6.70421e-05 -7.61541e-05
853 -3.19266e-05 -2.23259e-05
854 2.13117e-05 4.48882e-05
855 6.43336e-05 8.7137e-05
856 7.35721e-05 8.02077e-05
857 4.29741e-05 2.78467e-05
858 -1.21714e-05 -4.04582e-05
859 -6.26808e-05 -8.62994e-05
860 -8.07201e-05 -8.40341e-05
861 -5.5026e-05 -3.50233e-05
862 2.14253e-06 3.34182e-05
863 6.05877e-05 8.34576e-05
864 8.79579e-05 8.77016e-05
865 6.76041e-05 4.40318e-05
866 8.67981e-06 -2.36105e-05
867 -5.76513e-05 -7.85387e-05
868 -9.45944e-05 -9.1205e-05
869 -8.01547e-05 -5.48846e-05
870 -2.02505e-05 1.10206e-05
871 5.33467e-05 7.14857e-05
872 9.98437e-05 9.43946e-05
873 9.21248e-05 6.73526e-05
874 3.26159e-05 4.15291e-06
875 -4.70239e-05 -6.23154e-05
876 -0.000102814 -9.70322e-05
877 -0.000102882 -8.10489e-05
878 -4.57394e-05 -2.16449e-05
879 3.8155e-05 5.08854e-05
880 0.000102786 9.84746e-05
881 0.000112014 9.50395e-05
882 5.98428e-05 4.06561e-05
883 -2.58935e-05 -3.74897e-05
884 -9.86075e-05 -9.84727e-05
885 -0.000118469 -0.000108921
886 -7.4227e-05 -6.12583e-05
887 1.06349e-05 2.10717e-05
888 9.06726e-05 9.49028e-05
889 0.000123031 0.000119889
890 9.03779e-05 8.05558e-05
891 9.97411e-06 -4.24159e-06
892 -7.57043e-05 -9.02492e-05
893 -0.000121482 -0.000131028
894 -0.000103107 -0.000103249
895 -2.96942e-05 -2.01937e-05
896 6.1188e-05 7.43925e-05
897 0.000122972 0.000129296
898 0.000123967 0.000113481
899 6.35561e-05 3.33062e-05
900 -2.73369e-05 -7.02968e-05
901 -0.000101673 -0.000143426
902 -0.000119933 -0.000148034
903 -7.02238e-05 -8.24526e-05
904 2.5197e-05 1.74416e-05
905 0.000120518 9.69855e-05
906 0.000169186 0.000111359
907 0.000147808 4.88949e-05
908 6.90625e-05 -6.30696e-05
909 -2.34029e-05 -0.000172632
910 -7.62093e-05 -0.000230312
911 -5.3354e-05 -0.000214593
912 4.46647e-05 -0.000143099
913 0.000180072 -6.39841e-05
914 0.000296616 -3.21406e-05
915 0.000348881 -8.22287e-05
916 0.000327044 -0.000211892
917 0.000263825 -0.000383382
918 0.000219349 -0.000542812
919 0.000251294 -0.000647738
920 0.000385752 -0.000689669
921 0.000604235 -0.000700421
922 0.00085401 -0.000738849
923 0.00107669 -0.000863996
924 0.00124034 -0.00110761
925 0.00135851 -0.00145974
926 0.00148621 -0.00187529
927 0.00169512 -0.00229889
928 0.00204073 -0.00269654
929 0.0025382 -0.00307786
930 0.00315914 -0.00349745
931 0.00385062 -0.00403391
932 0.00456694 -0.00475646
933 0.00529827 -0.00569624
934 0.00608237 -0.00683706
935 0.00699383 -0.00813102
936 0.00811619 -0.00953142
937 0.00951049 -0.0110265
938 0.0111951 -0.0126566
939 0.013147 -0.0145065
940 0.0153233 -0.0166752
941 0.0176944 -0.0192408
942 0.0202713 -0.0222347
943 0.0231156 -0.0256411
944 0.0263248 -0.029419
945 0.0300007 -0.0335373
946 0.0342148 -0.0380052
947 0.0389874 -0.0428827
948 0.0442913 -0.0482666
949 0.0500788 -0.054258
950 0.0563182 -0.0609265
951 0.063023 -0.0682877
952 0.0702567 -0.0763036
953 0.0781116 -0.0849063
954 0.0866694 -0.0940324
955 0.0959633 -0.103653
956 0.105959 -0.113783
957 0.116565 -0.124466
958 0.127663 -0.135737
959 0.139148 -0.147581
960 0.150954 -0.159915
961 0.163055 -0.172582
962 0.175437 -0.185384
963 0.188058 -0.198122
964 0.200815 -0.210626
965 0.213524 -0.222773
966 0.22594 -0.234459
967 0.237785 -0.245572
968 0.248795 -0.25594
969 0.25875 -0.265324
970 0.267474 -0.273415
971 0.27482 -0.279882
972 0.280629 -0.284412
973 0.2847 -0.286757
974 0.286778 -0.286744
975 0.286568 -0.284265
976 0.283782 -0.279239
977 0.278189 -0.271582
978 0.269657 -0.261185
979 0.258161 -0.247936
980 0.243769 -0.231746
981 0.226601 -0.212611
982 0.206792 -0.190646
983 0.184474 -0.166107
984 0.159794 -0.139372
985 0.132953 -0.110902
986 0.104251 -0.0811904
987 0.074121 -0.050731
988 0.0431325 -0.0200059
989 0.0119534 0.0104912
990 -0.0187045 0.040221
991 -0.0481456 0.0685693
992 -0.0757313 0.0948458
993 -0.100892 0.118319
994 -0.123109 0.138278
995 -0.14189 0.154109
996 -0.156749 0.16535
997 -0.167211 0.17172
998 -0.172857 0.173104
999 -0.173378 0.169527
