0 0.00118531 0.0010946
1 0.000940797 0.000885805
2 0.00073665 0.000716823
3 0.000574544 0.000572608
4 0.000453613 0.000446548
5 0.000366441 0.000340187
6 0.00030038 0.000258181
7 0.000243045 0.000201932
8 0.000188023 0.000166179
9 0.000136828 0.000140676
10 9.57929e-05 0.000115618
11 7.0097e-05 8.69147e-05
12 5.90478e-05 5.76576e-05
13 5.5763e-05 3.48357e-05
14 5.13052e-05 2.36477e-05
15 4.02601e-05 2.33695e-05
16 2.38432e-05 2.75594e-05
17 8.43711e-06 2.83134e-05
18 6.8079e-07 2.14856e-05
19 2.59921e-06 9.20327e-06
20 1.01399e-05 -2.01008e-06
21 1.60289e-05 -6.07803e-06
22 1.48221e-05 -1.72062e-06
23 6.55403e-06 6.71325e-06
24 -3.5399e-06 1.24058e-05
25 -8.92457e-06 1.08829e-05
26 -6.44867e-06 3.04238e-06
27 1.50895e-06 -5.68725e-06
28 8.87001e-06 -9.35301e-06
29 1.02532e-05 -5.72683e-06
30 4.74629e-06 2.21966e-06
31 -3.60523e-06 8.58157e-06
32 -8.8451e-06 8.80913e-06
33 -7.41622e-06 2.90242e-06
34 -6.24388e-07 -4.73975e-06
35 6.44928e-06 -8.61454e-06
36 8.7049e-06 -6.10096e-06
37 4.67908e-06 7.47524e-07
38 -2.52301e-06 6.83162e-06
39 -7.61134e-06 7.78209e-06
40 -6.99759e-06 3.09159e-06
41 -1.33452e-06 -3.64573e-06
42 5.09215e-06 -7.47513e-06
43 7.58918e-06 -5.72391e-06
44 4.48028e-06 1.29882e-07
45 -1.77052e-06 5.67076e-06
46 -6.49082e-06 6.86429e-06
47 -6.28693e-06 2.9936e-06
48 -1.48694e-06 -2.92392e-06
49 4.22213e-06 -6.47169e-06
50 6.61345e-06 -5.12567e-06
51 4.04814e-06 -5.24531e-08
52 -1.40299e-06 4.8699e-06
53 -5.61107e-06 6.0061e-06
54 -5.50965e-06 2.64916e-06
55 -1.33005e-06 -2.54846e-06
56 3.679e-06 -5.65537e-06
57 5.76414e-06 -4.43189e-06
58 3.47746e-06 5.29031e-08
59 -1.31861e-06 4.32837e-06
60 -4.94952e-06 5.20059e-06
61 -4.73749e-06 2.13923e-06
62 -9.78147e-07 -2.41248e-06
63 3.37638e-06 -4.97547e-06
64 5.02519e-06 -3.69117e-06
65 2.82048e-06 3.30356e-07
66 -1.43358e-06 3.94912e-06
67 -4.44216e-06 4.43981e-06
68 -3.96795e-06 1.54391e-06
69 -4.97158e-07 -2.41603e-06
70 3.2201e-06 -4.38798e-06
71 4.34161e-06 -2.93968e-06
72 2.10633e-06 7.00648e-07
73 -1.65366e-06 3.66931e-06
74 -4.00361e-06 3.71386e-06
75 -3.19363e-06 9.03249e-07
76 3.80958e-08 -2.49858e-06
77 3.1173e-06 -3.84747e-06
78 3.67772e-06 -2.17377e-06
79 1.37867e-06 1.12e-06
80 -1.89958e-06 3.42233e-06
81 -3.58385e-06 2.98054e-06
82 -2.42483e-06 2.37121e-07
83 5.75906e-07 -2.58697e-06
84 3.01724e-06 -3.2851e-06
85 3.01456e-06 -1.38978e-06
86 6.55557e-07 1.52011e-06
87 -2.13019e-06 3.1268e-06
88 -3.14215e-06 2.21812e-06
89 -1.64692e-06 -3.98292e-07
90 1.08995e-06 -2.60039e-06
91 2.86546e-06 -2.6687e-06
92 2.31059e-06 -6.28364e-07
93 -5.20545e-08 1.83082e-06
94 -2.28411e-06 2.7474e-06
95 -2.61814e-06 1.4508e-06
96 -8.58236e-07 -9.49854e-07
97 1.51695e-06 -2.50557e-06
98 2.5911e-06 -2.0063e-06
99 1.55569e-06 7.74132e-08
100 -6.82416e-07 2.02339e-06
101 -2.28719e-06 2.27623e-06
102 -1.99709e-06 6.9092e-07
103 -1.16268e-07 -1.39344e-06
104 1.78509e-06 -2.27851e-06
105 2.17721e-06 -1.29015e-06
106 8.00224e-07 7.06732e-07
107 -1.17032e-06 2.05727e-06
108 -2.12089e-06 1.68669e-06
109 -1.31875e-06 -4.23913e-08
110 5.23708e-07 -1.67183e-06
111 1.8734e-06 -1.87515e-06
112 1.6487e-06 -5.38622e-07
113 8.66426e-08 1.18663e-06
114 -1.49072e-06 1.8725e-06
115 -1.79078e-06 9.96067e-07
116 -6.09925e-07 -6.63069e-07
117 1.03102e-06 -1.71119e-06
118 1.764e-06 -1.30995e-06
119 1.01403e-06 1.53751e-07
120 -5.48087e-07 1.43221e-06
121 -1.59945e-06 1.47792e-06
122 -1.28452e-06 3.00783e-07
123 8.68088e-08 -1.079e-06
124 1.33443e-06 -1.51137e-06
125 1.422e-06 -6.73238e-07
126 3.19118e-07 6.92693e-07
127 -1.00733e-06 1.43117e-06
128 -1.43851e-06 9.49048e-07
129 -6.47795e-07 -3.08731e-07
130 6.53822e-07 -1.26343e-06
131 1.35377e-06 -1.1247e-06
132 8.88361e-07 -4.49753e-08
133 -3.04222e-07 1.03594e-06
134 -1.19158e-06 1.20542e-06
135 -1.03934e-06 3.48745e-07
136 -1.78645e-08 -7.75279e-07
137 9.76785e-07 -1.20261e-06
138 1.10652e-06 -5.90844e-07
139 2.95953e-07 5.0489e-07
140 -7.32952e-07 1.13144e-06
141 -1.10074e-06 7.66556e-07
142 -5.20313e-07 -2.43869e-07
143 4.80738e-07 -1.00866e-06
144 1.03576e-06 -8.76866e-07
145 6.87098e-07 6.49938e-09
146 -2.36975e-07 8.50938e-07
147 -9.26492e-07 9.27012e-07
148 -7.97204e-07 1.97677e-07
149 1.43105e-08 -6.73583e-07
150 7.87551e-07 -9.25059e-07
151 8.55028e-07 -3.63421e-07
152 1.78707e-07 4.89771e-07
153 -6.32259e-07 8.8062e-07
154 -8.67282e-07 4.89115e-07
155 -3.37238e-07 -3.10132e-07
156 4.72001e-07 -8.03807e-07
157 8.41937e-07 -5.75983e-07
158 4.59575e-07 1.42651e-07
159 -3.15907e-07 7.04418e-07
160 -7.87366e-07 6.27296e-07
161 -5.46481e-07 7.1994e-09
162 1.70802e-07 -5.91371e-07
163 7.11687e-07 -6.47647e-07
164 6.00531e-07 -1.3618e-07
165 -4.13274e-08 4.72356e-07
166 -6.22302e-07 6.42316e-07
167 -6.25495e-07 2.42917e-07
168 -6.98008e-08 -3.53665e-07
169 5.25622e-07 -6.16773e-07
170 6.25812e-07 -3.2751e-07
171 1.61476e-07 2.40167e-07
172 -4.26932e-07 5.76289e-07
173 -6.06159e-07 3.91143e-07
174 -2.33857e-07 -1.35387e-07
175 3.30373e-07 -5.25679e-07
176 5.71123e-07 -4.35738e-07
177 2.88041e-07 4.16439e-08
178 -2.39001e-07 4.69142e-07
179 -5.24971e-07 4.6365e-07
180 -3.25754e-07 3.97685e-08
181 1.54903e-07 -4.10182e-07
182 4.71501e-07 -4.77431e-07
183 3.491e-07 -1.08388e-07
184 -7.93366e-08 3.51599e-07
185 -4.13963e-07 4.79637e-07
186 -3.60348e-07 1.64397e-07
187 1.28865e-08 -2.95521e-07
188 3.55036e-07 -4.72702e-07
189 3.6177e-07 -2.08447e-07
190 4.43896e-08 2.43472e-07
191 -2.96842e-07 4.58843e-07
192 -3.55526e-07 2.41508e-07
193 -9.28224e-08 -1.96451e-07
194 2.40986e-07 -4.40015e-07
195 3.43583e-07 -2.64741e-07
196 1.33011e-07 1.55021e-07
197 -1.88616e-07 4.17886e-07
198 -3.27674e-07 2.79397e-07
199 -1.65725e-07 -1.194e-07
200 1.4049e-07 -3.93842e-07
201 3.09275e-07 -2.86738e-07
202 1.91819e-07 8.95397e-08
203 -9.70393e-08 3.68999e-07
204 -2.89605e-07 2.87978e-07
205 -2.12177e-07 -6.51993e-08
206 5.84358e-08 -3.4423e-07
207 2.69636e-07 -2.84249e-07
208 2.27664e-07 4.6009e-08
209 -2.46502e-08 3.20194e-07
210 -2.50119e-07 2.76575e-07
211 -2.39094e-07 -3.15213e-08
212 -4.49635e-09 -2.97372e-07
213 2.31605e-07 -2.65858e-07
214 2.47215e-07 2.12518e-08
215 2.92888e-08 2.76094e-07
216 -2.14477e-07 2.52878e-07
217 -2.52692e-07 -1.47106e-08
218 -5.00816e-08 -2.56573e-07
219 1.98975e-07 -2.38293e-07
220 2.56109e-07 1.14251e-08
221 6.72708e-08 2.3893e-07
222 -1.85223e-07 2.22651e-07
223 -2.57968e-07 -1.0956e-08
224 -8.12717e-08 -2.23215e-07
225 1.73252e-07 -2.06396e-07
226 2.58693e-07 1.29071e-08
227 9.25025e-08 2.0943e-07
228 -1.63021e-07 1.89882e-07
229 -2.58636e-07 -1.693e-08
230 -1.01374e-07 -1.97547e-07
231 1.54434e-07 -1.73386e-07
232 2.58086e-07 2.27264e-08
233 1.08279e-07 1.87514e-07
234 -1.47352e-07 1.5712e-07
235 -2.57275e-07 -3.00461e-08
236 -1.13594e-07 -1.79273e-07
237 1.41607e-07 -1.41245e-07
238 2.56386e-07 3.86847e-08
239 1.17671e-07 1.72766e-07
240 -1.37008e-07 1.25878e-07
241 -2.5556e-07 -4.84779e-08
242 -1.20842e-07 -1.67937e-07
243 1.33346e-07 -1.1111e-07
244 2.549e-07 5.9297e-08
245 1.23416e-07 1.64745e-07
246 -1.30396e-07 9.70087e-08
247 -2.54477e-07 -7.10417e-08
248 -1.25685e-07 -1.63156e-07
249 1.27926e-07 -8.36336e-08
250 2.54332e-07 8.36336e-08
251 1.27926e-07 1.63156e-07
252 -1.25685e-07 7.10417e-08
253 -2.54477e-07 -9.70087e-08
254 -1.30396e-07 -1.64745e-07
255 1.23416e-07 -5.9297e-08
256 2.549e-07 1.1111e-07
257 1.33346e-07 1.67937e-07
258 -1.20842e-07 4.84779e-08
259 -2.5556e-07 -1.25878e-07
260 -1.37008e-07 -1.72766e-07
261 1.17671e-07 -3.86847e-08
262 2.56386e-07 1.41245e-07
263 1.41607e-07 1.79273e-07
264 -1.13594e-07 3.00461e-08
265 -2.57275e-07 -1.5712e-07
266 -1.47352e-07 -1.87514e-07
267 1.08279e-07 -2.27264e-08
268 2.58086e-07 1.73386e-07
269 1.54434e-07 1.97547e-07
270 -1.01374e-07 1.693e-08
271 -2.58636e-07 -1.89882e-07
272 -1.63021e-07 -2.0943e-07
273 9.25025e-08 -1.29071e-08
274 2.58693e-07 2.06396e-07
275 1.73252e-07 2.23215e-07
276 -8.12717e-08 1.0956e-08
277 -2.57968e-07 -2.22651e-07
278 -1.85223e-07 -2.3893e-07
279 6.72708e-08 -1.14251e-08
280 2.56109e-07 2.38293e-07
281 1.98975e-07 2.56573e-07
282 -5.00816e-08 1.47106e-08
283 -2.52692e-07 -2.52878e-07
284 -2.14477e-07 -2.76094e-07
285 2.92888e-08 -2.12518e-08
286 2.47215e-07 2.65858e-07
287 2.31605e-07 2.97372e-07
288 -4.49635e-09 3.15213e-08
289 -2.39094e-07 -2.76575e-07
290 -2.50119e-07 -3.20194e-07
291 -2.46502e-08 -4.6009e-08
292 2.27664e-07 2.84249e-07
293 2.69636e-07 3.4423e-07
294 5.84358e-08 6.51993e-08
295 -2.12177e-07 -2.87978e-07
296 -2.89605e-07 -3.68999e-07
297 -9.70393e-08 -8.95397e-08
298 1.91819e-07 2.86738e-07
299 3.09275e-07 3.93842e-07
300 1.4049e-07 1.194e-07
301 -1.65725e-07 -2.79397e-07
302 -3.27674e-07 -4.17886e-07
303 -1.88616e-07 -1.55021e-07
304 1.33011e-07 2.64741e-07
305 3.43583e-07 4.40015e-07
306 2.40986e-07 1.96451e-07
307 -9.28224e-08 -2.41508e-07
308 -3.55526e-07 -4.58843e-07
309 -2.96842e-07 -2.43472e-07
310 4.43896e-08 2.08447e-07
311 3.6177e-07 4.72702e-07
312 3.55036e-07 2.95521e-07
313 1.28865e-08 -1.64397e-07
314 -3.60348e-07 -4.79637e-07
315 -4.13963e-07 -3.51599e-07
316 -7.93366e-08 1.08388e-07
317 3.491e-07 4.77431e-07
318 4.71501e-07 4.10182e-07
319 1.54903e-07 -3.97685e-08
320 -3.25754e-07 -4.6365e-07
321 -5.24971e-07 -4.69142e-07
322 -2.39001e-07 -4.16439e-08
323 2.88041e-07 4.35738e-07
324 5.71123e-07 5.25679e-07
325 3.30373e-07 1.35387e-07
326 -2.33857e-07 -3.91143e-07
327 -6.06159e-07 -5.76289e-07
328 -4.26932e-07 -2.40167e-07
329 1.61476e-07 3.2751e-07
330 6.25812e-07 6.16773e-07
331 5.25622e-07 3.53665e-07
332 -6.98008e-08 -2.42917e-07
333 -6.25495e-07 -6.42316e-07
334 -6.22302e-07 -4.72356e-07
335 -4.13274e-08 1.3618e-07
336 6.00531e-07 6.47647e-07
337 7.11687e-07 5.91371e-07
338 1.70802e-07 -7.1994e-09
339 -5.46481e-07 -6.27296e-07
340 -7.87366e-07 -7.04418e-07
341 -3.15907e-07 -1.42651e-07
342 4.59575e-07 5.75983e-07
343 8.41937e-07 8.03807e-07
344 4.72001e-07 3.10132e-07
345 -3.37238e-07 -4.89115e-07
346 -8.67282e-07 -8.8062e-07
347 -6.32259e-07 -4.89771e-07
348 1.78707e-07 3.63421e-07
349 8.55028e-07 9.25059e-07
350 7.87551e-07 6.73583e-07
351 1.43105e-08 -1.97677e-07
352 -7.97204e-07 -9.27012e-07
353 -9.26492e-07 -8.50938e-07
354 -2.36975e-07 -6.49938e-09
355 6.87098e-07 8.76866e-07
356 1.03576e-06 1.00866e-06
357 4.80738e-07 2.43869e-07
358 -5.20313e-07 -7.66556e-07
359 -1.10074e-06 -1.13144e-06
360 -7.32952e-07 -5.0489e-07
361 2.95953e-07 5.90844e-07
362 1.10652e-06 1.20261e-06
363 9.76785e-07 7.75279e-07
364 -1.78645e-08 -3.48745e-07
365 -1.03934e-06 -1.20542e-06
366 -1.19158e-06 -1.03594e-06
367 -3.04222e-07 4.49753e-08
368 8.88361e-07 1.1247e-06
369 1.35377e-06 1.26343e-06
370 6.53822e-07 3.08731e-07
371 -6.47795e-07 -9.49048e-07
372 -1.43851e-06 -1.43117e-06
373 -1.00733e-06 -6.92693e-07
374 3.19118e-07 6.73238e-07
375 1.422e-06 1.51137e-06
376 1.33443e-06 1.079e-06
377 8.68088e-08 -3.00783e-07
378 -1.28452e-06 -1.47792e-06
379 -1.59945e-06 -1.43221e-06
380 -5.48087e-07 -1.53751e-07
381 1.01403e-06 1.30995e-06
382 1.764e-06 1.71119e-06
383 1.03102e-06 6.63069e-07
384 -6.09925e-07 -9.96067e-07
385 -1.79078e-06 -1.8725e-06
386 -1.49072e-06 -1.18663e-06
387 8.66426e-08 5.38622e-07
388 1.6487e-06 1.87515e-06
389 1.8734e-06 1.67183e-06
390 5.23708e-07 4.23913e-08
391 -1.31875e-06 -1.68669e-06
392 -2.12089e-06 -2.05727e-06
393 -1.17032e-06 -7.06732e-07
394 8.00224e-07 1.29015e-06
395 2.17721e-06 2.27851e-06
396 1.78509e-06 1.39344e-06
397 -1.16268e-07 -6.9092e-07
398 -1.99709e-06 -2.27623e-06
399 -2.28719e-06 -2.02339e-06
400 -6.82416e-07 -7.74132e-08
401 1.55569e-06 2.0063e-06
402 2.5911e-06 2.50557e-06
403 1.51695e-06 9.49854e-07
404 -8.58236e-07 -1.4508e-06
405 -2.61814e-06 -2.7474e-06
406 -2.28411e-06 -1.83082e-06
407 -5.20545e-08 6.28364e-07
408 2.31059e-06 2.6687e-06
409 2.86546e-06 2.60039e-06
410 1.08995e-06 3.98292e-07
411 -1.64692e-06 -2.21812e-06
412 -3.14215e-06 -3.1268e-06
413 -2.13019e-06 -1.52011e-06
414 6.55557e-07 1.38978e-06
415 3.01456e-06 3.2851e-06
416 3.01724e-06 2.58697e-06
417 5.75906e-07 -2.37121e-07
418 -2.42483e-06 -2.98054e-06
419 -3.58385e-06 -3.42233e-06
420 -1.89958e-06 -1.12e-06
421 1.37867e-06 2.17377e-06
422 3.67772e-06 3.84747e-06
423 3.1173e-06 2.49858e-06
424 3.80958e-08 -9.03249e-07
425 -3.19363e-06 -3.71386e-06
426 -4.00361e-06 -3.66931e-06
427 -1.65366e-06 -7.00648e-07
428 2.10633e-06 2.93968e-06
429 4.34161e-06 4.38798e-06
430 3.2201e-06 2.41603e-06
431 -4.97158e-07 -1.54391e-06
432 -3.96795e-06 -4.43981e-06
433 -4.44216e-06 -3.94912e-06
434 -1.43358e-06 -3.30356e-07
435 2.82048e-06 3.69117e-06
436 5.02519e-06 4.97547e-06
437 3.37638e-06 2.41248e-06
438 -9.78147e-07 -2.13923e-06
439 -4.73749e-06 -5.20059e-06
440 -4.94952e-06 -4.32837e-06
441 -1.31861e-06 -5.29031e-08
442 3.47746e-06 4.43189e-06
443 5.76414e-06 5.65537e-06
444 3.679e-06 2.54846e-06
445 -1.33005e-06 -2.64916e-06
446 -5.50965e-06 -6.0061e-06
447 -5.61107e-06 -4.8699e-06
448 -1.40299e-06 5.24531e-08
449 4.04814e-06 5.12567e-06
450 6.61345e-06 6.47169e-06
451 4.22213e-06 2.92392e-06
452 -1.48694e-06 -2.9936e-06
453 -6.28693e-06 -6.86429e-06
454 -6.49082e-06 -5.67076e-06
455 -1.77052e-06 -1.29882e-07
456 4.48028e-06 5.72391e-06
457 7.58918e-06 7.47513e-06
458 5.09215e-06 3.64573e-06
459 -1.33452e-06 -3.09159e-06
460 -6.99759e-06 -7.78209e-06
461 -7.61134e-06 -6.83162e-06
462 -2.52301e-06 -7.47524e-07
463 4.67908e-06 6.10096e-06
464 8.7049e-06 8.61454e-06
465 6.44928e-06 4.73975e-06
466 -6.24388e-07 -2.90242e-06
467 -7.41622e-06 -8.80913e-06
468 -8.8451e-06 -8.58157e-06
469 -3.60523e-06 -2.21966e-06
470 4.74629e-06 5.72683e-06
471 1.02532e-05 9.35301e-06
472 8.87001e-06 5.68725e-06
473 1.50895e-06 -3.04238e-06
474 -6.44867e-06 -1.08829e-05
475 -8.92457e-06 -1.24058e-05
476 -3.5399e-06 -6.71325e-06
477 6.55403e-06 1.72062e-06
478 1.48221e-05 6.07803e-06
479 1.60289e-05 2.01008e-06
480 1.01399e-05 -9.20327e-06
481 2.59921e-06 -2.14856e-05
482 6.8079e-07 -2.83134e-05
483 8.43711e-06 -2.75594e-05
484 2.38432e-05 -2.33695e-05
485 4.02601e-05 -2.36477e-05
486 5.13052e-05 -3.48357e-05
487 5.5763e-05 -5.76576e-05
488 5.90478e-05 -8.69147e-05
489 7.0097e-05 -0.000115618
490 9.57929e-05 -0.000140676
491 0.000136828 -0.000166179
492 0.000188023 -0.000201932
493 0.000243045 -0.000258181
494 0.00030038 -0.000340187
495 0.000366441 -0.000446548
496 0.000453613 -0.000572608
497 0.000574544 -0.000716823
498 0.00073665 -0.000885805
499 0.000940797 -0.0010946
500 0.00118531 -0.00136199
501 0.0014728 -0.00170409
502 0.00181533 -0.0021308
503 0.00223436 -0.00264781
504 0.00275568 -0.0032631
505 0.00340271 -0.00399384
506 0.00419304 -0.00486906
507 0.00514083 -0.00592639
508 0.00626381 -0.00720508
509 0.00759042 -0.00874025
510 0.00916235 -0.0105624
511 0.0110308 -0.0127026
512 0.013249 -0.0152008
513 0.0158657 -0.0181106
514 0.0189248 -0.0214981
515 0.0224703 -0.0254345
516 0.0265544 -0.0299874
517 0.0312421 -0.0352164
518 0.0366094 -0.0411743
519 0.0427341 -0.0479139
520 0.0496865 -0.0554938
521 0.0575228 -0.0639793
522 0.0662855 -0.0734342
523 0.0760096 -0.0839089
524 0.0867276 -0.0954299
525 0.0984687 -0.107995
526 0.111251 -0.121575
527 0.125066 -0.13612
528 0.139869 -0.151564
529 0.155572 -0.167814
530 0.172046 -0.184746
531 0.189128 -0.202185
532 0.206626 -0.219902
533 0.224318 -0.237611
534 0.241938 -0.25498
535 0.25917 -0.271647
536 0.275644 -0.287222
537 0.290938 -0.301293
538 0.3046 -0.313422
539 0.316162 -0.323147
540 0.325161 -0.329991
541 0.331151 -0.333482
542 0.333702 -0.333184
543 0.332415 -0.328727
544 0.326928 -0.319832
545 0.316952 -0.30632
546 0.302295 -0.288121
547 0.2829 -0.265286
548 0.258862 -0.237996
549 0.230439 -0.206587
550 0.19805 -0.171568
551 0.162263 -0.133631
552 0.123796 -0.093641
553 0.0835101 -0.0526107
554 0.0424094 -0.011661
555 0.00162107 0.0280233
556 -0.0376369 0.0652343
557 -0.0741094 0.0987787
558 -0.10657 0.127517
559 -0.133889 0.150412
560 -0.155092 0.166589
561 -0.169405 0.175402
562 -0.176294 0.176497
563 -0.175498 0.169864
564 -0.167062 0.15585
565 -0.151372 0.135159
566 -0.129169 0.108821
567 -0.101549 0.0781475
568 -0.0699237 0.0446854
569 -0.0359481 0.0101578
570 -0.00142746 -0.0236072
571 0.0317888 -0.0547685
572 0.0619107 -0.0815836
573 0.0873028 -0.102534
574 0.106573 -0.116442
575 0.118656 -0.122572
576 0.122896 -0.120685
577 0.119117 -0.111057
578 0.107667 -0.0944636
579 0.0894274 -0.072129
580 0.0657677 -0.0456595
581 0.0384481 -0.0169556
582 0.00948659 0.0119012
583 -0.0189959 0.0387872
584 -0.044932 0.0617008
585 -0.0664531 0.0789354
586 -0.0820194 0.0892398
587 -0.0905342 0.0919393
588 -0.0914393 0.0869998
589 -0.0847838 0.0750254
590 -0.0712507 0.057198
591 -0.0521253 0.0351706
592 -0.0291962 0.0109299
593 -0.00459245 -0.013361
594 0.0194234 -0.0355359
595 0.0406779 -0.0536092
596 0.0572935 -0.0659633
597 0.067858 -0.0715206
598 0.0715425 -0.0698744
599 0.0681673 -0.0613515
600 0.0582173 -0.0469887
601 0.0428073 -0.0284196
602 0.023594 -0.00768778
603 0.00262976 0.0129837
604 -0.01784 0.0314327
605 -0.0356208 0.0457795
606 -0.0488257 0.0546094
607 -0.0561058 0.0571085
608 -0.0568144 0.053146
609 -0.0510769 0.0432983
610 -0.0397585 0.028805
611 -0.0243408 0.0114485
612 -0.00673115 -0.00664216
613 0.0109624 -0.0232506
614 0.026667 -0.0363613
615 0.0385707 -0.0444311
616 0.0453237 -0.0465965
617 0.0462002 -0.0427803
618 0.0412017 -0.0336808
619 0.0310801 -0.0206528
620 0.0172617 -0.00550807
621 0.00166872 0.00973003
622 -0.0135465 0.0230823
623 -0.0263132 0.0328534
624 -0.0349482 0.0378354
625 -0.0383977 0.0374605
626 -0.0363748 0.031885
627 -0.0293726 0.0219867
628 -0.0185607 0.00926326
629 -0.00559325 -0.00437096
630 0.00763484 -0.0168686
631 0.0192479 -0.0263721
632 0.0276358 -0.0315158
633 0.0316653 -0.0316485
634 0.0308358 -0.0269294
635 0.0253608 -0.0182793
636 0.0161561 -0.00720263
637 0.00472017 0.00448023
638 -0.00708813 0.0149337
639 -0.0173499 0.022589
640 -0.0244153 0.0263652
641 -0.0271959 0.0258082
642 -0.0253591 0.0211367
643 -0.0193783 0.0132002
644 -0.0104284 0.00335081
645 -0.000151037 -0.00675692
646 0.00965625 -0.0154229
647 0.017361 -0.0211829
648 0.0217643 -0.0230714
649 0.0222753 -0.0208116
650 0.0189724 -0.0148873
651 0.0125573 -0.00646506
652 0.00422029 0.00282618
653 -0.00455989 0.0112184
654 -0.0122527 0.0171602
655 -0.0175238 0.0196244
656 -0.0194624 0.018297
657 -0.0177527 0.0136096
658 -0.012752 0.00661581
659 -0.00544827 -0.00125015
660 0.00271195 -0.00847177
661 0.010103 -0.0137384
662 0.0152552 -0.0161703
663 0.0171705 -0.0154471
664 0.0155417 -0.0118324
665 0.0108176 -0.00610175
666 0.00409357 0.000606359
667 -0.00314564 0.00699319
668 -0.00936706 0.0118292
669 -0.0133278 0.01418
670 -0.0143302 0.013592
671 -0.0123375 0.0102004
672 -0.00793695 0.00472638
673 -0.00217032 -0.00165179
674 0.0037132 -0.00753952
675 0.00852223 -0.0116348
676 0.0113505 -0.0130342
677 0.0117289 -0.0114567
678 0.00968668 -0.00732215
679 0.00572146 -0.00165366
680 0.000692797 0.00417468
681 -0.00434348 0.00878236
682 -0.00833552 0.0111263
683 -0.010442 0.0107518
684 -0.0102102 0.0078839
685 -0.00768829 0.00334062
686 -0.00343857 -0.00170209
687 0.00156468 -0.00602242
688 0.00614467 -0.00865478
689 0.00919857 -0.00910396
690 0.00997609 -0.00742471
691 0.00828471 -0.00416047
692 0.00455865 -0.000172524
693 -0.000238371 0.00358572
694 -0.00485929 0.00628929
695 -0.00810603 0.00740864
696 -0.00915563 0.00679527
697 -0.0077856 0.00468105
698 -0.00443089 0.00160371
699 -5.43396e-05 -0.00171891
700 0.00413176 -0.00454021
701 0.00701036 -0.00623635
702 0.00786853 -0.00643444
703 0.006581 -0.00509522
704 0.00361859 -0.00253182
705 -0.000114214 0.000646436
706 -0.00355705 0.0036627
707 -0.00579981 0.00575335
708 -0.00632624 0.00636222
709 -0.00512856 0.00529866
710 -0.00266942 0.00281091
711 0.000285558 -0.000455841
712 0.00290532 -0.0036173
713 0.00452664 -0.00578844
714 0.00481743 -0.00633824
715 0.00383149 -0.00508492
716 0.00195212 -0.00236743
717 -0.000246426 0.00103669
718 -0.00217111 0.00413072
719 -0.00336476 0.00599405
720 -0.00360491 0.00606422
721 -0.00292937 0.00431664
722 -0.00159397 0.00128145
723 1.60611e-05 -0.00211262
724 0.00149172 -0.0048226
725 0.00249593 -0.0060161
726 0.00283004 -0.00533371
727 0.00246275 -0.00300412
728 0.00152196 0.000226918
729 0.000256309 0.00333295
730 -0.0010236 0.00533384
731 -0.00201335 0.00560849
732 -0.00248052 0.00409228
733 -0.00231666 0.001295
734 -0.0015644 -0.00186678
735 -0.000411838 -0.00436843
736 0.000848057 -0.00540985
737 0.00188702 -0.00467351
738 0.00242538 -0.00242399
739 0.00230909 0.000582976
740 0.00155781 0.00335156
741 0.000367464 0.00497404
742 -0.000937283 0.00492831
743 -0.00199048 0.00324688
744 -0.00248885 0.000502573
745 -0.00228192 -0.00238392
746 -0.00142031 -0.00445044
747 -0.000145745 -0.00501223
748 0.00117651 -0.00388809
749 0.00216359 -0.00145911
750 0.00252809 0.00145911
751 0.00216359 0.00388809
752 0.00117651 0.00501223
753 -0.000145745 0.00445044
754 -0.00142031 0.00238392
755 -0.00228192 -0.000502573
756 -0.00248885 -0.00324688
757 -0.00199048 -0.00492831
758 -0.000937283 -0.00497404
759 0.000367464 -0.00335156
760 0.00155781 -0.000582976
761 0.00230909 0.00242399
762 0.00242538 0.00467351
763 0.00188702 0.00540985
764 0.000848057 0.00436843
765 -0.000411838 0.00186678
766 -0.0015644 -0.001295
767 -0.00231666 -0.00409228
768 -0.00248052 -0.00560849
769 -0.00201335 -0.00533384
770 -0.0010236 -0.00333295
771 0.000256309 -0.000226918
772 0.00152196 0.00300412
773 0.00246275 0.00533371
774 0.00283004 0.0060161
775 0.00249593 0.0048226
776 0.00149172 0.00211262
777 1.60611e-05 -0.00128145
778 -0.00159397 -0.00431664
779 -0.00292937 -0.00606422
780 -0.00360491 -0.00599405
781 -0.00336476 -0.00413072
782 -0.00217111 -0.00103669
783 -0.000246426 0.00236743
784 0.00195212 0.00508492
785 0.00383149 0.00633824
786 0.00481743 0.00578844
787 0.00452664 0.0036173
788 0.00290532 0.000455841
789 0.000285558 -0.00281091
790 -0.00266942 -0.00529866
791 -0.00512856 -0.00636222
792 -0.00632624 -0.00575335
793 -0.00579981 -0.0036627
794 -0.00355705 -0.000646436
795 -0.000114214 0.00253182
796 0.00361859 0.00509522
797 0.006581 0.00643444
798 0.00786853 0.00623635
799 0.00701036 0.00454021
800 0.00413176 0.00171891
801 -5.43396e-05 -0.00160371
802 -0.00443089 -0.00468105
803 -0.0077856 -0.00679527
804 -0.00915563 -0.00740864
805 -0.00810603 -0.00628929
806 -0.00485929 -0.00358572
807 -0.000238371 0.000172524
808 0.00455865 0.00416047
809 0.00828471 0.00742471
810 0.00997609 0.00910396
811 0.00919857 0.00865478
812 0.00614467 0.00602242
813 0.00156468 0.00170209
814 -0.00343857 -0.00334062
815 -0.00768829 -0.0078839
816 -0.0102102 -0.0107518
817 -0.010442 -0.0111263
818 -0.00833552 -0.00878236
819 -0.00434348 -0.00417468
820 0.000692797 0.00165366
821 0.00572146 0.00732215
822 0.00968668 0.0114567
823 0.0117289 0.0130342
824 0.0113505 0.0116348
825 0.00852223 0.00753952
826 0.0037132 0.00165179
827 -0.00217032 -0.00472638
828 -0.00793695 -0.0102004
829 -0.0123375 -0.013592
830 -0.0143302 -0.01418
831 -0.0133278 -0.0118292
832 -0.00936706 -0.00699319
833 -0.00314564 -0.000606359
834 0.00409357 0.00610175
835 0.0108176 0.0118324
836 0.0155417 0.0154471
837 0.0171705 0.0161703
838 0.0152552 0.0137384
839 0.010103 0.00847177
840 0.00271195 0.00125015
841 -0.00544827 -0.00661581
842 -0.012752 -0.0136096
843 -0.0177527 -0.018297
844 -0.0194624 -0.0196244
845 -0.0175238 -0.0171602
846 -0.0122527 -0.0112184
847 -0.00455989 -0.00282618
848 0.00422029 0.00646506
849 0.0125573 0.0148873
850 0.0189724 0.0208116
851 0.0222753 0.0230714
852 0.0217643 0.0211829
853 0.017361 0.0154229
854 0.00965625 0.00675692
855 -0.000151037 -0.00335081
856 -0.0104284 -0.0132002
857 -0.0193783 -0.0211367
858 -0.0253591 -0.0258082
859 -0.0271959 -0.0263652
860 -0.0244153 -0.022589
861 -0.0173499 -0.0149337
862 -0.00708813 -0.00448023
863 0.00472017 0.00720263
864 0.0161561 0.0182793
865 0.0253608 0.0269294
866 0.0308358 0.0316485
867 0.0316653 0.0315158
868 0.0276358 0.0263721
869 0.0192479 0.0168686
870 0.00763484 0.00437096
871 -0.00559325 -0.00926326
872 -0.0185607 -0.0219867
873 -0.0293726 -0.031885
874 -0.0363748 -0.0374605
875 -0.0383977 -0.0378354
876 -0.0349482 -0.0328534
877 -0.0263132 -0.0230823
878 -0.0135465 -0.00973003
879 0.00166872 0.00550807
880 0.0172617 0.0206528
881 0.0310801 0.0336808
882 0.0412017 0.0427803
883 0.0462002 0.0465965
884 0.0453237 0.0444311
885 0.0385707 0.0363613
886 0.026667 0.0232506
887 0.0109624 0.00664216
888 -0.00673115 -0.0114485
889 -0.0243408 -0.028805
890 -0.0397585 -0.0432983
891 -0.0510769 -0.053146
892 -0.0568144 -0.0571085
893 -0.0561058 -0.0546094
894 -0.0488257 -0.0457795
895 -0.0356208 -0.0314327
896 -0.01784 -0.0129837
897 0.00262976 0.00768778
898 0.023594 0.0284196
899 0.0428073 0.0469887
900 0.0582173 0.0613515
901 0.0681673 0.0698744
902 0.0715425 0.0715206
903 0.067858 0.0659633
904 0.0572935 0.0536092
905 0.0406779 0.0355359
906 0.0194234 0.013361
907 -0.00459245 -0.0109299
908 -0.0291962 -0.0351706
909 -0.0521253 -0.057198
910 -0.0712507 -0.0750254
911 -0.0847838 -0.0869998
912 -0.0914393 -0.0919393
913 -0.0905342 -0.0892398
914 -0.0820194 -0.0789354
915 -0.0664531 -0.0617008
916 -0.044932 -0.0387872
917 -0.0189959 -0.0119012
918 0.00948659 0.0169556
919 0.0384481 0.0456595
920 0.0657677 0.072129
921 0.0894274 0.0944636
922 0.107667 0.111057
923 0.119117 0.120685
924 0.122896 0.122572
925 0.118656 0.116442
926 0.106573 0.102534
927 0.0873028 0.0815836
928 0.0619107 0.0547685
929 0.0317888 0.0236072
930 -0.00142746 -0.0101578
931 -0.0359481 -0.0446854
932 -0.0699237 -0.0781475
933 -0.101549 -0.108821
934 -0.129169 -0.135159
935 -0.151372 -0.15585
936 -0.167062 -0.169864
937 -0.175498 -0.176497
938 -0.176294 -0.175402
939 -0.169405 -0.166589
940 -0.155092 -0.150412
941 -0.133889 -0.127517
942 -0.10657 -0.0987787
943 -0.0741094 -0.0652343
944 -0.0376369 -0.0280233
945 0.00162107 0.011661
946 0.0424094 0.0526107
947 0.0835101 0.093641
948 0.123796 0.133631
949 0.162263 0.171568
950 0.19805 0.206587
951 0.230439 0.237996
952 0.258862 0.265286
953 0.2829 0.288121
954 0.302295 0.30632
955 0.316952 0.319832
956 0.326928 0.328727
957 0.332415 0.333184
958 0.333702 0.333482
959 0.331151 0.329991
960 0.325161 0.323147
961 0.316162 0.313422
962 0.3046 0.301293
963 0.290938 0.287222
964 0.275644 0.271647
965 0.25917 0.25498
966 0.241938 0.237611
967 0.224318 0.219902
968 0.206626 0.202185
969 0.189128 0.184746
970 0.172046 0.167814
971 0.155572 0.151564
972 0.139869 0.13612
973 0.125066 0.121575
974 0.111251 0.107995
975 0.0984687 0.0954299
976 0.0867276 0.0839089
977 0.0760096 0.0734342
978 0.0662855 0.0639793
979 0.0575228 0.0554938
980 0.0496865 0.0479139
981 0.0427341 0.0411743
982 0.0366094 0.0352164
983 0.0312421 0.0299874
984 0.0265544 0.0254345
985 0.0224703 0.0214981
986 0.0189248 0.0181106
987 0.0158657 0.0152008
988 0.013249 0.0127026
989 0.0110308 0.0105624
990 0.00916235 0.00874025
991 0.00759042 0.00720508
992 0.00626381 0.00592639
993 0.00514083 0.00486906
994 0.00419304 0.00399384
995 0.00340271 0.0032631
996 0.00275568 0.00264781
997 0.00223436 0.0021308
998 0.00181533 0.00170409
999 0.0014728 0.00136199
