0 -0.00466637 0.00842153
1 -0.00944709 0.0119737
2 -0.0123661 0.0131717
3 -0.0129132 0.0118141
4 -0.0110198 0.00820512
5 -0.00706941 0.00309001
6 -0.00182932 -0.00250256
7 0.00368784 -0.00747336
8 0.00841317 -0.010873
9 0.0114285 -0.0120834
10 0.0121516 -0.0109252
11 0.0104593 -0.00767747
12 0.00671783 -0.00301057
13 0.00170862 0.00214834
14 -0.00353589 0.00679207
15 -0.00795152 0.0100219
16 -0.0106655 0.0112169
17 -0.0111729 0.0101552
18 -0.00942926 0.00706307
19 -0.00584337 0.00257788
20 -0.00117867 -0.00237428
21 0.00360975 -0.0067666
22 0.0075667 -0.00968838
23 0.00992022 -0.0105428
24 0.0102255 -0.0091784
25 0.00844691 -0.00592144
26 0.00496471 -0.00149903
27 0.000503668 0.00312726
28 -0.0040077 0.00697683
29 -0.00762458 0.0092621
30 -0.009585 0.00954902
31 -0.00947818 0.00783408
32 -0.00734126 0.0045277
33 -0.00365717 0.000355022
34 0.000750836 -0.00380004
35 0.00490588 -0.00707491
36 0.00790106 -0.00879942
37 0.00910492 -0.00862852
38 0.00829862 -0.00661316
39 0.00571329 -0.0031943
40 0.0019629 0.000883039
41 -0.00210575 0.00472395
42 -0.0056063 0.00747798
43 -0.00780339 0.00853228
44 -0.00826088 0.0076575
45 -0.00692143 0.00506754
46 -0.00410728 0.00137353
47 -0.000446921 -0.00256024
48 0.00325704 -0.00582404
49 0.00619467 -0.00768083
50 0.00772033 -0.00773875
51 0.00749581 -0.00603468
52 0.00557287 -0.003011
53 0.00239198 0.000603322
54 -0.00130977 0.0039723
55 -0.0046662 0.00634643
56 -0.00688826 0.00722487
57 -0.00745791 0.00645385
58 -0.00625812 0.00424618
59 -0.00360243 0.00112432
60 -0.000154317 -0.00219762
61 0.00324277 -0.00496861
62 0.00577841 -0.00656289
63 0.00687402 -0.00661864
64 0.00631594 -0.00512405
65 0.00429187 -0.00242874
66 0.00132757 0.000828163
67 -0.00185315 0.00386315
68 -0.00450548 0.00593666
69 -0.00603365 0.00653933
70 -0.00611753 0.00552645
71 -0.00477277 0.00316131
72 -0.00233742 5.1048e-05
73 0.000608237 -0.00301087
74 0.0033717 -0.00525332
75 0.00530268 -0.00612937
76 0.00594199 -0.00545474
77 0.0051329 -0.00344554
78 0.00306729 -0.000648307
79 0.000249955 0.0022136
80 -0.00261726 0.00443107
81 -0.00480833 0.00548504
82 -0.00576119 0.00516336
83 -0.0052304 0.00359503
84 -0.0033592 0.00120144
85 -0.000646426 -0.00141654
86 0.00218646 -0.00362492
87 0.00439234 -0.00490273
88 0.00540293 -0.00495807
89 0.00498143 -0.00379176
90 0.00327938 -0.00169663
91 0.000783679 0.000808484
92 -0.0018272 0.00309853
93 -0.00387264 0.00459243
94 -0.00484936 0.00490039
95 -0.00455269 0.00393128
96 -0.00311178 0.00192823
97 -0.00093719 -0.000583962
98 0.00139752 -0.00293226
99 0.00330503 -0.0044777
100 0.0043262 -0.00479602
101 0.00423329 -0.00380262
102 0.0030751 -0.00178138
103 0.00115828 0.000694579
104 -0.00102871 0.00292857
105 -0.00293219 0.00430267
106 -0.00406635 0.00445496
107 -0.00413448 0.00337813
108 -0.00310948 0.00141113
109 -0.00125088 -0.000870053
110 0.000952027 -0.00282566
111 0.002903 -0.00393513
112 0.00405955 -0.00393554
113 0.00408857 -0.00287898
114 0.0029702 -0.00109883
115 0.00101424 0.000897704
116 -0.00122153 0.0025746
117 -0.00309148 0.00350774
118 -0.00405383 0.00348569
119 -0.00383473 0.00255002
120 -0.00251191 0.0009717
121 -0.000490333 -0.000825051
122 0.00162349 -0.00237092
123 0.00320817 -0.0032668
124 0.00381566 -0.00328149
125 0.0033013 -0.00241079
126 0.00185675 -0.000883071
127 -6.11305e-05 0.00089319
128 -0.00187836 0.00243151
129 -0.00307908 0.00329711
130 -0.00335272 0.00323116
131 -0.00267072 0.00223364
132 -0.00127575 0.000576191
133 0.000405632 -0.00126558
134 0.00189452 -0.00274635
135 0.00279417 -0.00341503
136 0.00289042 -0.003058
137 0.00219532 -0.00177391
138 0.000929061 4.86988e-05
139 -0.000548792 0.001848
140 -0.00183747 0.00306526
141 -0.00259743 0.00332383
142 -0.00263388 0.00255123
143 -0.00194387 0.00100251
144 -0.000716963 -0.000823786
145 0.000711316 -0.00234903
146 0.0019445 -0.00310229
147 0.00263032 -0.00286972
148 0.00256051 -0.0017564
149 0.00173738 -0.000142529
150 0.000384763 0.00144849
151 -0.00110619 0.00252305
152 -0.00228635 0.00277288
153 -0.00278442 0.00216294
154 -0.00242768 0.000926926
155 -0.00130708 -0.000522312
156 0.000239784 -0.00173264
157 0.0017278 -0.00235439
158 0.00267764 -0.00223914
159 0.00277408 -0.00146875
160 0.00197564 -0.000312505
161 0.000535401 0.000867495
162 -0.00107744 0.00172886
163 -0.00233182 0.00204487
164 -0.00281328 0.00175848
165 -0.00236537 0.000984282
166 -0.00114383 -3.57578e-05
167 0.000436279 -0.00100611
168 0.00184295 -0.00165903
169 0.00260949 -0.00182314
170 0.00249285 -0.00146416
171 0.0015529 -0.00069033
172 0.000125991 0.000277392
173 -0.00129613 0.00116351
174 -0.0022381 0.00171151
175 -0.00240221 0.00175551
176 -0.0017637 0.0012712
177 -0.000569023 0.000390183
178 0.000758875 -0.000630422
179 0.00177168 -0.00147873
180 0.0021487 -0.00188181
181 0.00179863 -0.0016948
182 0.000877894 -0.000955841
183 -0.000276373 0.000114919
184 -0.00127032 0.00117726
185 -0.00178851 0.00187795
186 -0.00169335 0.00196968
187 -0.00105792 0.00140127
188 -0.000126158 0.000345149
189 0.000780295 -0.00085185
190 0.00137308 -0.00178179
191 0.00148766 -0.00211619
192 0.00112541 -0.00172475
193 0.000438332 -0.000728346
194 -0.000332966 0.000535833
195 -0.00094309 0.00162806
196 -0.00121831 0.00216038
197 -0.00110254 0.00193671
198 -0.000662342 0.00102733
199 -5.46466e-05 -0.000251269
200 0.000528299 -0.00144627
201 0.000917739 -0.00212993
202 0.0010139 -0.00205459
203 0.00080754 -0.00124441
204 0.000374918 1.09148e-05
205 -0.000149175 0.00125939
206 -0.000611302 0.00205025
207 -0.000881267 0.00209824
208 -0.000885995 0.0013881
209 -0.000627869 0.000180507
210 -0.000183579 -0.00108319
211 0.000316377 -0.00194278
212 0.000723168 -0.00208782
213 0.000911802 -0.00147097
214 0.000819026 -0.000324235
215 0.00046566 0.000927735
216 -4.4979e-05 0.00182504
217 -0.000554687 0.00204212
218 -0.000897877 0.00150676
219 -0.000955356 0.00042473
220 -0.000696832 -0.000798619
221 -0.000196547 -0.00171009
222 0.000385752 -0.00197687
223 0.000854722 -0.00150868
224 0.00104506 -0.000488696
225 0.000880749 0.000697338
226 0.000406284 0.0016067
227 -0.000223116 0.00190497
228 -0.000791464 0.0014893
229 -0.00109635 0.00052416
230 -0.00102198 -0.000622959
231 -0.000584111 -0.00152094
232 7.08296e-05 -0.00183686
233 0.000714232 -0.00145951
234 0.00111543 -0.00053875
235 0.00112521 0.000573227
236 0.000732143 0.00145607
237 7.01534e-05 0.00177979
238 -0.000626778 0.00142802
239 -0.00110764 0.000539941
240 -0.00119548 -0.000544202
241 -0.00085327 -0.00141287
242 -0.000199748 -0.00173892
243 0.000531669 -0.00140248
244 0.00107663 -0.000535071
245 0.0012361 0.000531422
246 0.000949694 0.00139108
247 0.000318846 0.00171784
248 -0.000429216 0.00138878
249 -0.00102379 0.000530277
250 -0.00124926 -0.000530277
251 -0.00102379 -0.00138878
252 -0.000429216 -0.00171784
253 0.000318846 -0.00139108
254 0.000949694 -0.000531422
255 0.0012361 0.000535071
256 0.00107663 0.00140248
257 0.000531669 0.00173892
258 -0.000199748 0.00141287
259 -0.00085327 0.000544202
260 -0.00119548 -0.000539941
261 -0.00110764 -0.00142802
262 -0.000626778 -0.00177979
263 7.01534e-05 -0.00145607
264 0.000732143 -0.000573227
265 0.00112521 0.00053875
266 0.00111543 0.00145951
267 0.000714232 0.00183686
268 7.08296e-05 0.00152094
269 -0.000584111 0.000622959
270 -0.00102198 -0.00052416
271 -0.00109635 -0.0014893
272 -0.000791464 -0.00190497
273 -0.000223116 -0.0016067
274 0.000406284 -0.000697338
275 0.000880749 0.000488696
276 0.00104506 0.00150868
277 0.000854722 0.00197687
278 0.000385752 0.00171009
279 -0.000196547 0.000798619
280 -0.000696832 -0.00042473
281 -0.000955356 -0.00150676
282 -0.000897877 -0.00204212
283 -0.000554687 -0.00182504
284 -4.4979e-05 -0.000927735
285 0.00046566 0.000324235
286 0.000819026 0.00147097
287 0.000911802 0.00208782
288 0.000723168 0.00194278
289 0.000316377 0.00108319
290 -0.000183579 -0.000180507
291 -0.000627869 -0.0013881
292 -0.000885995 -0.00209824
293 -0.000881267 -0.00205025
294 -0.000611302 -0.00125939
295 -0.000149175 -1.09148e-05
296 0.000374918 0.00124441
297 0.00080754 0.00205459
298 0.0010139 0.00212993
299 0.000917739 0.00144627
300 0.000528299 0.000251269
301 -5.46466e-05 -0.00102733
302 -0.000662342 -0.00193671
303 -0.00110254 -0.00216038
304 -0.00121831 -0.00162806
305 -0.00094309 -0.000535833
306 -0.000332966 0.000728346
307 0.000438332 0.00172475
308 0.00112541 0.00211619
309 0.00148766 0.00178179
310 0.00137308 0.00085185
311 0.000780295 -0.000345149
312 -0.000126158 -0.00140127
313 -0.00105792 -0.00196968
314 -0.00169335 -0.00187795
315 -0.00178851 -0.00117726
316 -0.00127032 -0.000114919
317 -0.000276373 0.000955841
318 0.000877894 0.0016948
319 0.00179863 0.00188181
320 0.0021487 0.00147873
321 0.00177168 0.000630422
322 0.000758875 -0.000390183
323 -0.000569023 -0.0012712
324 -0.0017637 -0.00175551
325 -0.00240221 -0.00171151
326 -0.0022381 -0.00116351
327 -0.00129613 -0.000277392
328 0.000125991 0.00069033
329 0.0015529 0.00146416
330 0.00249285 0.00182314
331 0.00260949 0.00165903
332 0.00184295 0.00100611
333 0.000436279 3.57578e-05
334 -0.00114383 -0.000984282
335 -0.00236537 -0.00175848
336 -0.00281328 -0.00204487
337 -0.00233182 -0.00172886
338 -0.00107744 -0.000867495
339 0.000535401 0.000312505
340 0.00197564 0.00146875
341 0.00277408 0.00223914
342 0.00267764 0.00235439
343 0.0017278 0.00173264
344 0.000239784 0.000522312
345 -0.00130708 -0.000926926
346 -0.00242768 -0.00216294
347 -0.00278442 -0.00277288
348 -0.00228635 -0.00252305
349 -0.00110619 -0.00144849
350 0.000384763 0.000142529
351 0.00173738 0.0017564
352 0.00256051 0.00286972
353 0.00263032 0.00310229
354 0.0019445 0.00234903
355 0.000711316 0.000823786
356 -0.000716963 -0.00100251
357 -0.00194387 -0.00255123
358 -0.00263388 -0.00332383
359 -0.00259743 -0.00306526
360 -0.00183747 -0.001848
361 -0.000548792 -4.86988e-05
362 0.000929061 0.00177391
363 0.00219532 0.003058
364 0.00289042 0.00341503
365 0.00279417 0.00274635
366 0.00189452 0.00126558
367 0.000405632 -0.000576191
368 -0.00127575 -0.00223364
369 -0.00267072 -0.00323116
370 -0.00335272 -0.00329711
371 -0.00307908 -0.00243151
372 -0.00187836 -0.00089319
373 -6.11305e-05 0.000883071
374 0.00185675 0.00241079
375 0.0033013 0.00328149
376 0.00381566 0.0032668
377 0.00320817 0.00237092
378 0.00162349 0.000825051
379 -0.000490333 -0.0009717
380 -0.00251191 -0.00255002
381 -0.00383473 -0.00348569
382 -0.00405383 -0.00350774
383 -0.00309148 -0.0025746
384 -0.00122153 -0.000897704
385 0.00101424 0.00109883
386 0.0029702 0.00287898
387 0.00408857 0.00393554
388 0.00405955 0.00393513
389 0.002903 0.00282566
390 0.000952027 0.000870053
391 -0.00125088 -0.00141113
392 -0.00310948 -0.00337813
393 -0.00413448 -0.00445496
394 -0.00406635 -0.00430267
395 -0.00293219 -0.00292857
396 -0.00102871 -0.000694579
397 0.00115828 0.00178138
398 0.0030751 0.00380262
399 0.00423329 0.00479602
400 0.0043262 0.0044777
401 0.00330503 0.00293226
402 0.00139752 0.000583962
403 -0.00093719 -0.00192823
404 -0.00311178 -0.00393128
405 -0.00455269 -0.00490039
406 -0.00484936 -0.00459243
407 -0.00387264 -0.00309853
408 -0.0018272 -0.000808484
409 0.000783679 0.00169663
410 0.00327938 0.00379176
411 0.00498143 0.00495807
412 0.00540293 0.00490273
413 0.00439234 0.00362492
414 0.00218646 0.00141654
415 -0.000646426 -0.00120144
416 -0.0033592 -0.00359503
417 -0.0052304 -0.00516336
418 -0.00576119 -0.00548504
419 -0.00480833 -0.00443107
420 -0.00261726 -0.0022136
421 0.000249955 0.000648307
422 0.00306729 0.00344554
423 0.0051329 0.00545474
424 0.00594199 0.00612937
425 0.00530268 0.00525332
426 0.0033717 0.00301087
427 0.000608237 -5.1048e-05
428 -0.00233742 -0.00316131
429 -0.00477277 -0.00552645
430 -0.00611753 -0.00653933
431 -0.00603365 -0.00593666
432 -0.00450548 -0.00386315
433 -0.00185315 -0.000828163
434 0.00132757 0.00242874
435 0.00429187 0.00512405
436 0.00631594 0.00661864
437 0.00687402 0.00656289
438 0.00577841 0.00496861
439 0.00324277 0.00219762
440 -0.000154317 -0.00112432
441 -0.00360243 -0.00424618
442 -0.00625812 -0.00645385
443 -0.00745791 -0.00722487
444 -0.00688826 -0.00634643
445 -0.0046662 -0.0039723
446 -0.00130977 -0.000603322
447 0.00239198 0.003011
448 0.00557287 0.00603468
449 0.00749581 0.00773875
450 0.00772033 0.00768083
451 0.00619467 0.00582404
452 0.00325704 0.00256024
453 -0.000446921 -0.00137353
454 -0.00410728 -0.00506754
455 -0.00692143 -0.0076575
456 -0.00826088 -0.00853228
457 -0.00780339 -0.00747798
458 -0.0056063 -0.00472395
459 -0.00210575 -0.000883039
460 0.0019629 0.0031943
461 0.00571329 0.00661316
462 0.00829862 0.00862852
463 0.00910492 0.00879942
464 0.00790106 0.00707491
465 0.00490588 0.00380004
466 0.000750836 -0.000355022
467 -0.00365717 -0.0045277
468 -0.00734126 -0.00783408
469 -0.00947818 -0.00954902
470 -0.009585 -0.0092621
471 -0.00762458 -0.00697683
472 -0.0040077 -0.00312726
473 0.000503668 0.00149903
474 0.00496471 0.00592144
475 0.00844691 0.0091784
476 0.0102255 0.0105428
477 0.00992022 0.00968838
478 0.0075667 0.0067666
479 0.00360975 0.00237428
480 -0.00117867 -0.00257788
481 -0.00584337 -0.00706307
482 -0.00942926 -0.0101552
483 -0.0111729 -0.0112169
484 -0.0106655 -0.0100219
485 -0.00795152 -0.00679207
486 -0.00353589 -0.00214834
487 0.00170862 0.00301057
488 0.00671783 0.00767747
489 0.0104593 0.0109252
490 0.0121516 0.0120834
491 0.0114285 0.010873
492 0.00841317 0.00747336
493 0.00368784 0.00250256
494 -0.00182932 -0.00309001
495 -0.00706941 -0.00820512
496 -0.0110198 -0.0118141
497 -0.0129132 -0.0131717
498 -0.0123661 -0.0119737
499 -0.00944709 -0.00842153
500 -0.00466637 -0.00318209
501 0.00111127 0.00274864
502 0.00681663 0.00824363
503 0.011368 0.0122616
504 0.0138734 0.0140395
505 0.0138071 0.013227
506 0.0111223 0.00994433
507 0.00627436 0.00475907
508 0.000142796 -0.00141255
509 -0.00613464 -0.00746223
510 -0.0113817 -0.0122819
511 -0.0146102 -0.0149617
512 -0.0152064 -0.0149608
513 -0.0130401 -0.0122176
514 -0.00848071 -0.00717572
515 -0.00232338 -0.000713418
516 0.00435559 0.00601282
517 0.0103851 0.0117823
518 0.014697 0.0155384
519 0.0165066 0.0165845
520 0.0154483 0.0147087
521 0.0116469 0.0102159
522 0.00570877 0.00386645
523 -0.00137077 -0.00326066
524 -0.00837285 -0.00995338
525 -0.0140674 -0.0150668
526 -0.0174342 -0.0177097
527 -0.0178494 -0.0173906
528 -0.0152002 -0.0141049
529 -0.00990567 -0.00834624
530 -0.00284012 -0.00103723
531 0.00482141 0.0066152
532 0.0118049 0.0133205
533 0.016948 0.0179269
534 0.019386 0.019624
535 0.0186856 0.0180868
536 0.0149126 0.0135312
537 0.00862464 0.00667545
538 0.000791624 -0.00138482
539 -0.00734906 -0.00935918
540 -0.0144842 -0.0159701
541 -0.0194364 -0.0201519
542 -0.0213622 -0.021212
543 -0.0198979 -0.0189366
544 -0.0152269 -0.0136255
545 -0.00805242 -0.00605389
546 0.000519106 0.00263741
547 0.00915848 0.0111108
548 0.0165256 0.0180374
549 0.0214754 0.0223077
550 0.0232265 0.0232127
551 0.0214735 0.0205618
552 0.0164295 0.0147157
553 0.00879781 0.00652882
554 -0.000324323 -0.00278691
555 -0.00959935 -0.0118497
556 -0.0176427 -0.0193146
557 -0.0232294 -0.0240672
558 -0.025483 -0.0253793
559 -0.0240142 -0.0230098
560 -0.0189854 -0.0172405
561 -0.0110879 -0.00884368
562 -0.00143726 0.00101781
563 0.00859405 0.0109489
564 0.0175776 0.0195204
565 0.0242313 0.0254784
566 0.0275942 0.0279321
567 0.0271548 0.0264862
568 0.0229181 0.0212983
569 0.0154079 0.0130514
570 0.00560272 0.00285195
571 -0.0051889 -0.00792638
572 -0.0155008 -0.0178293
573 -0.02391 -0.0255124
574 -0.0292366 -0.0299147
575 -0.0307122 -0.0303966
576 -0.0280887 -0.0268279
577 -0.0216704 -0.0196123
578 -0.0122674 -0.00964389
579 -0.00108133 0.00180526
580 0.0104554 0.013251
581 0.0208619 0.0231956
582 0.028792 0.0303284
583 0.0331989 0.0336984
584 0.0334656 0.0328347
585 0.0294882 0.027801
586 0.0216974 0.0191806
587 0.0110131 0.00800019
588 -0.00126725 -0.00439607
589 -0.0136332 -0.0165058
590 -0.0245545 -0.0268452
591 -0.0326749 -0.0341263
592 -0.0369784 -0.0374142
593 -0.036907 -0.0362473
594 -0.0324204 -0.0306999
595 -0.0239953 -0.0213771
596 -0.0125683 -0.00934137
597 0.000569605 0.00401959
598 0.0139164 0.017162
599 0.0259281 0.0285675
600 0.0351966 0.0369149
601 0.0406147 0.0412222
602 0.0415089 0.0409516
603 0.0377194 0.0360667
604 0.029618 0.0270417
605 0.0180613 0.0148153
606 0.00428915 0.00069374
607 -0.0102167 -0.0137923
608 -0.0238939 -0.02706
609 -0.0352637 -0.0376534
610 -0.0430834 -0.0444046
611 -0.0464734 -0.0465566
612 -0.0450108 -0.0438365
613 -0.0387777 -0.0364755
614 -0.0283587 -0.0251792
615 -0.0147825 -0.0110553
616 0.000586083 0.00449437
617 0.0161923 0.0199107
618 0.0304563 0.0336325
619 0.0419353 0.0442555
620 0.0494639 0.0506777
621 0.0522616 0.0522129
622 0.0500009 0.0486577
623 0.0428357 0.0403061
624 0.0313872 0.0279133
625 0.016691 0.0126161
626 0.000101688 -0.0041768
627 -0.0168344 -0.0209157
628 -0.0325301 -0.0360488
629 -0.0455118 -0.0481618
630 -0.0545594 -0.0561061
631 -0.0588149 -0.0591054
632 -0.0578519 -0.0568285
633 -0.0517039 -0.0494199
634 -0.0408545 -0.0374835
635 -0.0261947 -0.0220236
636 -0.00894832 -0.00434913
637 0.00942881 0.0140446
638 0.0273737 0.031604
639 0.0433528 0.0468457
640 0.0559972 0.0584747
641 0.0642204 0.0654875
642 0.0673064 0.0672533
643 0.0649602 0.0635663
644 0.057322 0.0546642
645 0.0449478 0.0412074
646 0.0287625 0.0242208
647 0.00998796 0.00500529
648 -0.0099492 -0.0149719
649 -0.029527 -0.0341928
650 -0.047247 -0.0512023
651 -0.0617514 -0.0647108
652 -0.071928 -0.0736837
653 -0.0769906 -0.0774136
654 -0.0765306 -0.0755725
655 -0.0705375 -0.0682362
656 -0.0593903 -0.0558788
657 -0.0438255 -0.0393328
658 -0.024883 -0.0197212
659 -0.00383405 0.00163045
660 0.0179058 0.0232903
661 0.0388743 0.0438161
662 0.0576637 0.0618456
663 0.0730171 0.0761788
664 0.0839105 0.0858528
665 0.0896151 0.0902034
666 0.0897363 0.0889089
667 0.0842287 0.0820093
668 0.073391 0.069897
669 0.0578416 0.0532814
670 0.0384783 0.0331331
671 0.0164232 0.0106185
672 -0.00704631 -0.0129711
673 -0.0305762 -0.0362911
674 -0.0528187 -0.058016
675 -0.0725129 -0.0769128
676 -0.0885547 -0.0919119
677 -0.100053 -0.102169
678 -0.106369 -0.107108
679 -0.107142 -0.106448
680 -0.102299 -0.100206
681 -0.0920569 -0.0886778
682 -0.0769059 -0.0724205
683 -0.0575817 -0.0522139
684 -0.0350225 -0.0290241
685 -0.0103129 -0.0039549
686 0.0153766 0.0218086
687 0.0408513 0.0470618
688 0.0649474 0.0706433
689 0.0865805 0.0914904
690 0.104788 0.108683
691 0.118765 0.121475
692 0.127901 0.129319
693 0.131801 0.131877
694 0.130299 0.129032
695 0.12346 0.120891
696 0.11156 0.107772
697 0.0950675 0.0901853
698 0.074608 0.0688043
699 0.0509392 0.0444256
700 0.02492 0.0179325
701 -0.00252045 -0.00974076
702 -0.0304188 -0.0376418
703 -0.0578167 -0.0648319
704 -0.0838002 -0.0904175
705 -0.107533 -0.11358
706 -0.128282 -0.133606
707 -0.145428 -0.149903
708 -0.158481 -0.162018
709 -0.167078 -0.169638
710 -0.170994 -0.17259
711 -0.170148 -0.170837
712 -0.164594 -0.164473
713 -0.154522 -0.153711
714 -0.140229 -0.138876
715 -0.122105 -0.120387
716 -0.100609 -0.0987372
717 -0.0762517 -0.0744739
718 -0.0495827 -0.0481776
719 -0.0211788 -0.020445
720 0.00837222 0.00812544
721 0.0384914 0.0369472
722 0.0686287 0.065458
723 0.0982793 0.0931326
724 0.126993 0.119494
725 0.154376 0.144121
726 0.180093 0.166654
727 0.203862 0.186796
728 0.225465 0.20431
729 0.24475 0.219021
730 0.261633 0.23081
731 0.276097 0.239613
732 0.288181 0.245421
733 0.297969 0.248268
734 0.30558 0.24823
735 0.311164 0.245418
736 0.314901 0.239966
737 0.316999 0.232032
738 0.317687 0.221788
739 0.317209 0.209421
740 0.315808 0.195124
741 0.313717 0.179095
742 0.311155 0.161533
743 0.308331 0.142633
744 0.305441 0.122588
745 0.302669 0.101583
746 0.30018 0.079802
747 0.298111 0.0574235
748 0.296566 0.034622
749 0.295615 0.0115686
750 0.295293 -0.0115686
751 0.295615 -0.034622
752 0.296566 -0.0574235
753 0.298111 -0.079802
754 0.30018 -0.101583
755 0.302669 -0.122588
756 0.305441 -0.142633
757 0.308331 -0.161533
758 0.311155 -0.179095
759 0.313717 -0.195124
760 0.315808 -0.209421
761 0.317209 -0.221788
762 0.317687 -0.232032
763 0.316999 -0.239966
764 0.314901 -0.245418
765 0.311164 -0.24823
766 0.30558 -0.248268
767 0.297969 -0.245421
768 0.288181 -0.239613
769 0.276097 -0.23081
770 0.261633 -0.219021
771 0.24475 -0.20431
772 0.225465 -0.186796
773 0.203862 -0.166654
774 0.180093 -0.144121
775 0.154376 -0.119494
776 0.126993 -0.0931326
777 0.0982793 -0.065458
778 0.0686287 -0.0369472
779 0.0384914 -0.00812544
780 0.00837222 0.020445
781 -0.0211788 0.0481776
782 -0.0495827 0.0744739
783 -0.0762517 0.0987372
784 -0.100609 0.120387
785 -0.122105 0.138876
786 -0.140229 0.153711
787 -0.154522 0.164473
788 -0.164594 0.170837
789 -0.170148 0.17259
790 -0.170994 0.169638
791 -0.167078 0.162018
792 -0.158481 0.149903
793 -0.145428 0.133606
794 -0.128282 0.11358
795 -0.107533 0.0904175
796 -0.0838002 0.0648319
797 -0.0578167 0.0376418
798 -0.0304188 0.00974076
799 -0.00252045 -0.0179325
800 0.02492 -0.0444256
801 0.0509392 -0.0688043
802 0.074608 -0.0901853
803 0.0950675 -0.107772
804 0.11156 -0.120891
805 0.12346 -0.129032
806 0.130299 -0.131877
807 0.131801 -0.129319
808 0.127901 -0.121475
809 0.118765 -0.108683
810 0.104788 -0.0914904
811 0.0865805 -0.0706433
812 0.0649474 -0.0470618
813 0.0408513 -0.0218086
814 0.0153766 0.0039549
815 -0.0103129 0.0290241
816 -0.0350225 0.0522139
817 -0.0575817 0.0724205
818 -0.0769059 0.0886778
819 -0.0920569 0.100206
820 -0.102299 0.106448
821 -0.107142 0.107108
822 -0.106369 0.102169
823 -0.100053 0.0919119
824 -0.0885547 0.0769128
825 -0.0725129 0.058016
826 -0.0528187 0.0362911
827 -0.0305762 0.0129711
828 -0.00704631 -0.0106185
829 0.0164232 -0.0331331
830 0.0384783 -0.0532814
831 0.0578416 -0.069897
832 0.073391 -0.0820093
833 0.0842287 -0.0889089
834 0.0897363 -0.0902034
835 0.0896151 -0.0858528
836 0.0839105 -0.0761788
837 0.0730171 -0.0618456
838 0.0576637 -0.0438161
839 0.0388743 -0.0232903
840 0.0179058 -0.00163045
841 -0.00383405 0.0197212
842 -0.024883 0.0393328
843 -0.0438255 0.0558788
844 -0.0593903 0.0682362
845 -0.0705375 0.0755725
846 -0.0765306 0.0774136
847 -0.0769906 0.0736837
848 -0.071928 0.0647108
849 -0.0617514 0.0512023
850 -0.047247 0.0341928
851 -0.029527 0.0149719
852 -0.0099492 -0.00500529
853 0.00998796 -0.0242208
854 0.0287625 -0.0412074
855 0.0449478 -0.0546642
856 0.057322 -0.0635663
857 0.0649602 -0.0672533
858 0.0673064 -0.0654875
859 0.0642204 -0.0584747
860 0.0559972 -0.0468457
861 0.0433528 -0.031604
862 0.0273737 -0.0140446
863 0.00942881 0.00434913
864 -0.00894832 0.0220236
865 -0.0261947 0.0374835
866 -0.0408545 0.0494199
867 -0.0517039 0.0568285
868 -0.0578519 0.0591054
869 -0.0588149 0.0561061
870 -0.0545594 0.0481618
871 -0.0455118 0.0360488
872 -0.0325301 0.0209157
873 -0.0168344 0.0041768
874 0.000101688 -0.0126161
875 0.016691 -0.0279133
876 0.0313872 -0.0403061
877 0.0428357 -0.0486577
878 0.0500009 -0.0522129
879 0.0522616 -0.0506777
880 0.0494639 -0.0442555
881 0.0419353 -0.0336325
882 0.0304563 -0.0199107
883 0.0161923 -0.00449437
884 0.000586083 0.0110553
885 -0.0147825 0.0251792
886 -0.0283587 0.0364755
887 -0.0387777 0.0438365
888 -0.0450108 0.0465566
889 -0.0464734 0.0444046
890 -0.0430834 0.0376534
891 -0.0352637 0.02706
892 -0.0238939 0.0137923
893 -0.0102167 -0.00069374
894 0.00428915 -0.0148153
895 0.0180613 -0.0270417
896 0.029618 -0.0360667
897 0.0377194 -0.0409516
898 0.0415089 -0.0412222
899 0.0406147 -0.0369149
900 0.0351966 -0.0285675
901 0.0259281 -0.017162
902 0.0139164 -0.00401959
903 0.000569605 0.00934137
904 -0.0125683 0.0213771
905 -0.0239953 0.0306999
906 -0.0324204 0.0362473
907 -0.036907 0.0374142
908 -0.0369784 0.0341263
909 -0.0326749 0.0268452
910 -0.0245545 0.0165058
911 -0.0136332 0.00439607
912 -0.00126725 -0.00800019
913 0.0110131 -0.0191806
914 0.0216974 -0.027801
915 0.0294882 -0.0328347
916 0.0334656 -0.0336984
917 0.0331989 -0.0303284
918 0.028792 -0.0231956
919 0.0208619 -0.013251
920 0.0104554 -0.00180526
921 -0.00108133 0.00964389
922 -0.0122674 0.0196123
923 -0.0216704 0.0268279
924 -0.0280887 0.0303966
925 -0.0307122 0.0299147
926 -0.0292366 0.0255124
927 -0.02391 0.0178293
928 -0.0155008 0.00792638
929 -0.0051889 -0.00285195
930 0.00560272 -0.0130514
931 0.0154079 -0.0212983
932 0.0229181 -0.0264862
933 0.0271548 -0.0279321
934 0.0275942 -0.0254784
935 0.0242313 -0.0195204
936 0.0175776 -0.0109489
937 0.00859405 -0.00101781
938 -0.00143726 0.00884368
939 -0.0110879 0.0172405
940 -0.0189854 0.0230098
941 -0.0240142 0.0253793
942 -0.025483 0.0240672
943 -0.0232294 0.0193146
944 -0.0176427 0.0118497
945 -0.00959935 0.00278691
946 -0.000324323 -0.00652882
947 0.00879781 -0.0147157
948 0.0164295 -0.0205618
949 0.0214735 -0.0232127
950 0.0232265 -0.0223077
951 0.0214754 -0.0180374
952 0.0165256 -0.0111108
953 0.00915848 -0.00263741
954 0.000519106 0.00605389
955 -0.00805242 0.0136255
956 -0.0152269 0.0189366
957 -0.0198979 0.021212
958 -0.0213622 0.0201519
959 -0.0194364 0.0159701
960 -0.0144842 0.00935918
961 -0.00734906 0.00138482
962 0.000791624 -0.00667545
963 0.00862464 -0.0135312
964 0.0149126 -0.0180868
965 0.0186856 -0.019624
966 0.019386 -0.0179269
967 0.016948 -0.0133205
968 0.0118049 -0.0066152
969 0.00482141 0.00103723
970 -0.00284012 0.00834624
971 -0.00990567 0.0141049
972 -0.0152002 0.0173906
973 -0.0178494 0.0177097
974 -0.0174342 0.0150668
975 -0.0140674 0.00995338
976 -0.00837285 0.00326066
977 -0.00137077 -0.00386645
978 0.00570877 -0.0102159
979 0.0116469 -0.0147087
980 0.0154483 -0.0165845
981 0.0165066 -0.0155384
982 0.014697 -0.0117823
983 0.0103851 -0.00601282
984 0.00435559 0.000713418
985 -0.00232338 0.00717572
986 -0.00848071 0.0122176
987 -0.0130401 0.0149608
988 -0.0152064 0.0149617
989 -0.0146102 0.0122819
990 -0.0113817 0.00746223
991 -0.00613464 0.00141255
992 0.000142796 -0.00475907
993 0.00627436 -0.00994433
994 0.0111223 -0.013227
995 0.0138071 -0.0140395
996 0.0138734 -0.0122616
997 0.011368 -0.00824363
998 0.00681663 -0.00274864
999 0.00111127 0.00318209
