0 0.0832198 0.0830212
1 0.0987188 0.100332
2 0.110745 0.114609
3 0.119328 0.125049
4 0.124623 0.13106
5 0.126776 0.132355
6 0.125825 0.128973
7 0.121665 0.121262
8 0.114098 0.109799
9 0.102943 0.0952834
10 0.0881595 0.0784196
11 0.0699613 0.0598161
12 0.0488594 0.0399291
13 0.0256376 0.0190595
14 0.00125929 -0.00259299
15 -0.0232609 -0.0248371
16 -0.0469895 -0.0473853
17 -0.0691762 -0.0697744
18 -0.0893064 -0.0913411
19 -0.107099 -0.111268
20 -0.122456 -0.128695
21 -0.13538 -0.14286
22 -0.145883 -0.153239
23 -0.153913 -0.159626
24 -0.159308 -0.162136
25 -0.161797 -0.16113
26 -0.161057 -0.157083
27 -0.156793 -0.150436
28 -0.148843 -0.141491
29 -0.137257 -0.130365
30 -0.122345 -0.117022
31 -0.104654 -0.101365
32 -0.0848883 -0.0833491
33 -0.0637899 -0.0630779
34 -0.0420055 -0.0408601
35 -0.0199852 -0.0172027
36 0.00205831 0.00724731
37 0.0241143 0.0317962
38 0.0462747 0.0558058
39 0.0686027 0.0787799
40 0.0910151 0.100415
41 0.113219 0.120605
42 0.134726 0.139403
43 0.154941 0.156946
44 0.173293 0.173366
45 0.189363 0.188708
46 0.202976 0.202883
47 0.21421 0.215654
48 0.223341 0.22669
49 0.230737 0.235643
50 0.236738 0.24225
51 0.241559 0.246423
52 0.24525 0.248296
53 0.247703 0.248205
54 0.24872 0.246618
55 0.248095 0.244014
56 0.245702 0.240764
57 0.241554 0.237034
58 0.235826 0.232772
59 0.228837 0.227757
60 0.220992 0.221713
61 0.212706 0.214445
62 0.204317 0.205941
63 0.19603 0.196417
64 0.18788 0.186278
65 0.179752 0.17601
66 0.17144 0.166056
67 0.162734 0.156696
68 0.153511 0.147992
69 0.143801 0.139801
70 0.13381 0.131855
71 0.123877 0.123868
72 0.114394 0.115644
73 0.105692 0.107151
74 0.0979414 0.0985257
75 0.091102 0.0900346
76 0.0849358 0.0819905
77 0.07909 0.0746613
78 0.0732198 0.0681971
79 0.067111 0.0625948
80 0.060757 0.0577084
81 0.0543625 0.0532973
82 0.0482708 0.0490977
83 0.0428423 0.0448951
84 0.0383259 0.0405807
85 0.0347718 0.0361767
86 0.0320148 0.0318261
87 0.0297322 0.0277488
88 0.0275531 0.0241757
89 0.0251805 0.0212761
90 0.0224821 0.0191006
91 0.0195213 0.0175541
92 0.0165214 0.0164127
93 0.0137787 0.0153826
94 0.0115558 0.0141862
95 0.0099938 0.0126505
96 0.00906903 0.010766
97 0.00860652 0.00869483
98 0.00834115 0.00671814
99 0.00800297 0.0051397
100 0.00739748 0.00417576
101 0.00645635 0.0038717
102 0.00524606 0.00407708
103 0.00393618 0.00449068
104 0.00274078 0.00476142
105 0.00185204 0.00460969
106 0.00138468 0.00392511
107 0.00134468 0.00280486
108 0.00162849 0.00151784
109 0.00205169 0.000407129
110 0.0023997 -0.00023434
111 0.00248797 -0.00026976
112 0.00221631 0.000232268
113 0.00160171 0.00102307
114 0.000777959 0.00176423
115 -4.11357e-05 0.00214937
116 -0.000627172 0.00201239
117 -0.000812551 0.00138249
118 -0.000551287 0.000467072
119 5.73406e-05 -0.000429357
120 0.000794052 -0.00101797
121 0.00138891 -0.00112767
122 0.00161322 -0.000759741
123 0.00136218 -7.80962e-05
124 0.000697581 0.000657061
125 -0.00016758 0.00118464
126 -0.000940124 0.00133144
127 -0.00135006 0.0010642
128 -0.00124961 0.000490477
129 -0.000671092 -0.000187425
130 0.000179647 -0.000745882
131 0.000994192 -0.0010143
132 0.00147271 -0.000926236
133 0.00143486 -0.000533049
134 0.000888628 2.08618e-05
135 2.99471e-05 0.000549994
136 -0.000828404 0.000888197
137 -0.00137279 0.000938279
138 -0.00140601 0.000696805
139 -0.000921001 0.000249157
140 -0.000102648 -0.000260818
141 0.000742938 -0.000675707
142 0.0013042 -0.000870601
143 0.00138033 -0.000788246
144 0.000953842 -0.000454858
145 0.000192885 2.70484e-05
146 -0.000615674 0.000507364
147 -0.00117552 0.000832091
148 -0.00129037 0.000890955
149 -0.000933093 0.000655109
150 -0.000250059 0.000191834
151 0.000498518 -0.000351396
152 0.00103813 -0.000791685
153 0.0011812 -0.000971795
154 0.000892495 -0.000817274
155 0.000295721 -0.000368376
156 -0.000378871 0.00022728
157 -0.000883955 0.000761847
158 -0.00104657 0.00103967
159 -0.000827296 0.000949748
160 -0.000326727 0.000511053
161 0.000259825 -0.00012801
162 0.000719203 -0.000738653
163 0.000898057 -0.00109356
164 0.000752871 -0.00105234
165 0.000356646 -0.000618181
166 -0.00013608 5.74949e-05
167 -0.00054948 0.000726937
168 -0.000748475 0.0011371
169 -0.000681115 0.00112634
170 -0.000389033 0.000689428
171 1.42897e-05 -1.59211e-05
172 0.000387083 -0.000725492
173 0.000608294 -0.0011681
174 0.000615537 -0.00117039
175 0.000420673 -0.000725832
176 9.99972e-05 -1.53643e-07
177 -0.000235382 0.00073043
178 -0.00047752 0.00118496
179 -0.000555064 0.00118672
180 -0.000452265 0.000732821
181 -0.000209543 -3.39408e-06
182 9.23061e-05 -0.000738553
183 0.00035797 -0.00118881
184 0.000505688 -0.00118013
185 0.000490401 -0.000716252
186 0.000316612 2.24906e-05
187 3.784e-05 0.000749213
188 -0.000257896 0.00118222
189 -0.00047384 0.00115478
190 -0.000535128 0.000679972
191 -0.000415059 -5.48956e-05
192 -0.000147506 -0.00076208
193 0.000180642 -0.00116638
194 0.000456544 -0.0011128
195 0.000579994 -0.000626593
196 0.000500257 9.79617e-05
197 0.000237354 0.000775142
198 -0.000121233 0.00114082
199 -0.000448848 0.00105599
200 -0.000624042 0.000559981
201 -0.000575673 -0.00014718
202 -0.000312055 -0.000785476
203 7.77516e-05 -0.00110601
204 0.000452904 -0.000988323
205 0.000671213 -0.000485701
206 0.000643306 0.000198403
207 0.000369837 0.000792618
208 -5.40209e-05 0.00106527
209 -0.00047085 0.000914747
210 -0.000719545 0.000407413
211 -0.000698298 -0.000251051
212 -0.000406968 -0.000798721
213 4.91501e-05 -0.00102152
214 0.000497248 -0.000837034
215 0.000762892 -0.000325163
216 0.00073846 0.000305882
217 0.000426997 0.000804048
218 -5.63729e-05 0.00097417
219 -0.000526959 0.000754625
220 -0.000801164 0.000239673
221 -0.000768255 -0.000360664
222 -0.000435236 -0.00080618
223 7.33177e-05 -0.00092259
224 0.000561518 -0.000669659
225 0.000837576 -0.000154758
226 0.000789442 0.000412479
227 0.000430745 0.000805258
228 -0.000102037 0.000870001
229 -0.000601352 0.000586163
230 -0.000869743 7.23611e-05
231 -0.0007985 -0.000462774
232 -0.000412115 -0.000804843
233 0.000139868 -0.000819255
234 0.000640991 -0.00050416
235 0.000893199 1.00967e-05
236 0.000795421 0.00051443
237 0.000384103 0.000805705
238 -0.000180495 0.000768476
239 -0.000676899 0.000420854
240 -0.000909379 -9.38588e-05
241 -0.000785124 -0.000566043
242 -0.000351319 -0.000805006
243 0.000222644 -0.000715871
244 0.000711189 -0.000337105
245 0.000921235 0.000176076
246 0.000768727 0.000615195
247 0.00031258 0.000802888
248 -0.000267876 0.000664133
249 -0.000743498 0.000255956
250 -0.000926143 -0.000255956
251 -0.000743498 -0.000664133
252 -0.000267876 -0.000802888
253 0.00031258 -0.000615195
254 0.000768727 -0.000176076
255 0.000921235 0.000337105
256 0.000711189 0.000715871
257 0.000222644 0.000805006
258 -0.000351319 0.000566043
259 -0.000785124 9.38588e-05
260 -0.000909379 -0.000420854
261 -0.000676899 -0.000768476
262 -0.000180495 -0.000805705
263 0.000384103 -0.00051443
264 0.000795421 -1.00967e-05
265 0.000893199 0.00050416
266 0.000640991 0.000819255
267 0.000139868 0.000804843
268 -0.000412115 0.000462774
269 -0.0007985 -7.23611e-05
270 -0.000869743 -0.000586163
271 -0.000601352 -0.000870001
272 -0.000102037 -0.000805258
273 0.000430745 -0.000412479
274 0.000789442 0.000154758
275 0.000837576 0.000669659
276 0.000561518 0.00092259
277 7.33177e-05 0.00080618
278 -0.000435236 0.000360664
279 -0.000768255 -0.000239673
280 -0.000801164 -0.000754625
281 -0.000526959 -0.00097417
282 -5.63729e-05 -0.000804048
283 0.000426997 -0.000305882
284 0.00073846 0.000325163
285 0.000762892 0.000837034
286 0.000497248 0.00102152
287 4.91501e-05 0.000798721
288 -0.000406968 0.000251051
289 -0.000698298 -0.000407413
290 -0.000719545 -0.000914747
291 -0.00047085 -0.00106527
292 -5.40209e-05 -0.000792618
293 0.000369837 -0.000198403
294 0.000643306 0.000485701
295 0.000671213 0.000988323
296 0.000452904 0.00110601
297 7.77516e-05 0.000785476
298 -0.000312055 0.00014718
299 -0.000575673 -0.000559981
300 -0.000624042 -0.00105599
301 -0.000448848 -0.00114082
302 -0.000121233 -0.000775142
303 0.000237354 -9.79617e-05
304 0.000500257 0.000626593
305 0.000579994 0.0011128
306 0.000456544 0.00116638
307 0.000180642 0.00076208
308 -0.000147506 5.48956e-05
309 -0.000415059 -0.000679972
310 -0.000535128 -0.00115478
311 -0.00047384 -0.00118222
312 -0.000257896 -0.000749213
313 3.784e-05 -2.24906e-05
314 0.000316612 0.000716252
315 0.000490401 0.00118013
316 0.000505688 0.00118881
317 0.00035797 0.000738553
318 9.23061e-05 3.39408e-06
319 -0.000209543 -0.000732821
320 -0.000452265 -0.00118672
321 -0.000555064 -0.00118496
322 -0.00047752 -0.00073043
323 -0.000235382 1.53643e-07
324 9.99972e-05 0.000725832
325 0.000420673 0.00117039
326 0.000615537 0.0011681
327 0.000608294 0.000725492
328 0.000387083 1.59211e-05
329 1.42897e-05 -0.000689428
330 -0.000389033 -0.00112634
331 -0.000681115 -0.0011371
332 -0.000748475 -0.000726937
333 -0.00054948 -5.74949e-05
334 -0.00013608 0.000618181
335 0.000356646 0.00105234
336 0.000752871 0.00109356
337 0.000898057 0.000738653
338 0.000719203 0.00012801
339 0.000259825 -0.000511053
340 -0.000326727 -0.000949748
341 -0.000827296 -0.00103967
342 -0.00104657 -0.000761847
343 -0.000883955 -0.00022728
344 -0.000378871 0.000368376
345 0.000295721 0.000817274
346 0.000892495 0.000971795
347 0.0011812 0.000791685
348 0.00103813 0.000351396
349 0.000498518 -0.000191834
350 -0.000250059 -0.000655109
351 -0.000933093 -0.000890955
352 -0.00129037 -0.000832091
353 -0.00117552 -0.000507364
354 -0.000615674 -2.70484e-05
355 0.000192885 0.000454858
356 0.000953842 0.000788246
357 0.00138033 0.000870601
358 0.0013042 0.000675707
359 0.000742938 0.000260818
360 -0.000102648 -0.000249157
361 -0.000921001 -0.000696805
362 -0.00140601 -0.000938279
363 -0.00137279 -0.000888197
364 -0.000828404 -0.000549994
365 2.99471e-05 -2.08618e-05
366 0.000888628 0.000533049
367 0.00143486 0.000926236
368 0.00147271 0.0010143
369 0.000994192 0.000745882
370 0.000179647 0.000187425
371 -0.000671092 -0.000490477
372 -0.00124961 -0.0010642
373 -0.00135006 -0.00133144
374 -0.000940124 -0.00118464
375 -0.00016758 -0.000657061
376 0.000697581 7.80962e-05
377 0.00136218 0.000759741
378 0.00161322 0.00112767
379 0.00138891 0.00101797
380 0.000794052 0.000429357
381 5.73406e-05 -0.000467072
382 -0.000551287 -0.00138249
383 -0.000812551 -0.00201239
384 -0.000627172 -0.00214937
385 -4.11357e-05 -0.00176423
386 0.000777959 -0.00102307
387 0.00160171 -0.000232268
388 0.00221631 0.00026976
389 0.00248797 0.00023434
390 0.0023997 -0.000407129
391 0.00205169 -0.00151784
392 0.00162849 -0.00280486
393 0.00134468 -0.00392511
394 0.00138468 -0.00460969
395 0.00185204 -0.00476142
396 0.00274078 -0.00449068
397 0.00393618 -0.00407708
398 0.00524606 -0.0038717
399 0.00645635 -0.00417576
400 0.00739748 -0.0051397
401 0.00800297 -0.00671814
402 0.00834115 -0.00869483
403 0.00860652 -0.010766
404 0.00906903 -0.0126505
405 0.0099938 -0.0141862
406 0.0115558 -0.0153826
407 0.0137787 -0.0164127
408 0.0165214 -0.0175541
409 0.0195213 -0.0191006
410 0.0224821 -0.0212761
411 0.0251805 -0.0241757
412 0.0275531 -0.0277488
413 0.0297322 -0.0318261
414 0.0320148 -0.0361767
415 0.0347718 -0.0405807
416 0.0383259 -0.0448951
417 0.0428423 -0.0490977
418 0.0482708 -0.0532973
419 0.0543625 -0.0577084
420 0.060757 -0.0625948
421 0.067111 -0.0681971
422 0.0732198 -0.0746613
423 0.07909 -0.0819905
424 0.0849358 -0.0900346
425 0.091102 -0.0985257
426 0.0979414 -0.107151
427 0.105692 -0.115644
428 0.114394 -0.123868
429 0.123877 -0.131855
430 0.13381 -0.139801
431 0.143801 -0.147992
432 0.153511 -0.156696
433 0.162734 -0.166056
434 0.17144 -0.17601
435 0.179752 -0.186278
436 0.18788 -0.196417
437 0.19603 -0.205941
438 0.204317 -0.214445
439 0.212706 -0.221713
440 0.220992 -0.227757
441 0.228837 -0.232772
442 0.235826 -0.237034
443 0.241554 -0.240764
444 0.245702 -0.244014
445 0.248095 -0.246618
446 0.24872 -0.248205
447 0.247703 -0.248296
448 0.24525 -0.246423
449 0.241559 -0.24225
450 0.236738 -0.235643
451 0.230737 -0.22669
452 0.223341 -0.215654
453 0.21421 -0.202883
454 0.202976 -0.188708
455 0.189363 -0.173366
456 0.173293 -0.156946
457 0.154941 -0.139403
458 0.134726 -0.120605
459 0.113219 -0.100415
460 0.0910151 -0.0787799
461 0.0686027 -0.0558058
462 0.0462747 -0.0317962
463 0.0241143 -0.00724731
464 0.00205831 0.0172027
465 -0.0199852 0.0408601
466 -0.0420055 0.0630779
467 -0.0637899 0.0833491
468 -0.0848883 0.101365
469 -0.104654 0.117022
470 -0.122345 0.130365
471 -0.137257 0.141491
472 -0.148843 0.150436
473 -0.156793 0.157083
474 -0.161057 0.16113
475 -0.161797 0.162136
476 -0.159308 0.159626
477 -0.153913 0.153239
478 -0.145883 0.14286
479 -0.13538 0.128695
480 -0.122456 0.111268
481 -0.107099 0.0913411
482 -0.0893064 0.0697744
483 -0.0691762 0.0473853
484 -0.0469895 0.0248371
485 -0.0232609 0.00259299
486 0.00125929 -0.0190595
487 0.0256376 -0.0399291
488 0.0488594 -0.0598161
489 0.0699613 -0.0784196
490 0.0881595 -0.0952834
491 0.102943 -0.109799
492 0.114098 -0.121262
493 0.121665 -0.128973
494 0.125825 -0.132355
495 0.126776 -0.13106
496 0.124623 -0.125049
497 0.119328 -0.114609
498 0.110745 -0.100332
499 0.0987188 -0.0830212
500 0.0832198 -0.0635865
501 0.0644715 -0.0429157
502 0.0430248 -0.0217768
503 0.0197564 -0.000763454
504 -0.00420987 0.019698
505 -0.027638 0.0392854
506 -0.0493357 0.0576802
507 -0.0682953 0.0744667
508 -0.0837875 0.0890679
509 -0.095395 0.100749
510 -0.102986 0.108699
511 -0.106639 0.112172
512 -0.106553 0.11065
513 -0.102955 0.103985
514 -0.0960348 0.092467
515 -0.0859341 0.0768058
516 -0.0727701 0.0580324
517 -0.0567089 0.0373442
518 -0.0380566 0.0159408
519 -0.0173467 -0.00511127
520 0.00460803 -0.0249578
521 0.0267221 -0.0429729
522 0.0477132 -0.0587205
523 0.0662414 -0.0718833
524 0.0810845 -0.0821852
525 0.0913113 -0.0893309
526 0.0964083 -0.0929817
527 0.096329 -0.0927767
528 0.0914517 -0.0883998
529 0.0824623 -0.0796792
530 0.0701968 -0.0666982
531 0.0554918 -0.0498872
532 0.0390821 -0.0300673
533 0.0215701 -0.00842317
534 0.00346246 0.0135997
535 -0.0147502 0.0344605
536 -0.0325056 0.0527184
537 -0.0491095 0.0672148
538 -0.0637265 0.0772013
539 -0.0754281 0.0823874
540 -0.0832904 0.0828993
541 -0.0865248 0.0791706
542 -0.0846142 0.0717997
543 -0.0774313 0.0614162
544 -0.0653118 0.048594
545 -0.0490635 0.0338291
546 -0.0299018 0.0175797
547 -0.00931489 0.000346042
548 0.0111191 -0.0172459
549 0.029929 -0.0343905
550 0.0459206 -0.0501036
551 0.0582843 -0.0632864
552 0.0666197 -0.0728419
553 0.0708807 -0.0778245
554 0.0712653 -0.0775918
555 0.0680889 -0.0719313
556 0.0616823 -0.0611369
557 0.0523437 -0.0460159
558 0.0403563 -0.02782
559 0.0260565 -0.00810404
560 0.00992791 0.0114675
561 -0.00732027 0.0293318
562 -0.0247198 0.0442165
563 -0.0410775 0.0552651
564 -0.0550779 0.0620765
565 -0.0654393 0.0646558
566 -0.0710935 0.0633012
567 -0.0713551 0.0584668
568 -0.0660475 0.0506443
569 -0.0555598 0.0402982
570 -0.0408226 0.0278642
571 -0.0232043 0.0138009
572 -0.00434187 -0.00133486
573 0.0140667 -0.016822
574 0.0304742 -0.0317492
575 0.0436621 -0.0450454
576 0.0528542 -0.055567
577 0.0577443 -0.0622329
578 0.0584422 -0.0641826
579 0.0553561 -0.0609318
580 0.0490525 -0.0524949
581 0.0401325 -0.0394484
582 0.0291598 -0.0229121
583 0.0166532 -0.00444389
584 0.00313354 0.014145
585 -0.0108051 0.0310251
586 -0.0244343 0.044593
587 -0.0368729 0.0536792
588 -0.047128 0.0576791
589 -0.0541921 0.0565861
590 -0.0571811 0.0509258
591 -0.0554856 0.0416149
592 -0.0489082 0.0297807
593 -0.0377588 0.0165852
594 -0.0228861 0.00308741
595 -0.00563125 -0.00983369
596 0.012301 -0.0214938
597 0.0290429 -0.0313706
598 0.0428102 -0.0390478
599 0.0521521 -0.0441655
600 0.056159 -0.0463965
601 0.0545842 -0.0454625
602 0.0478554 -0.0411872
603 0.0369756 -0.0335747
604 0.0233389 -0.0228944
605 0.00850432 -0.00974642
606 -0.00602499 0.00491405
607 -0.0189771 0.0198124
608 -0.0294177 0.0334595
609 -0.0367835 0.0443219
610 -0.040854 0.0510349
611 -0.041682 0.052626
612 -0.0395081 0.048701
613 -0.0346809 0.0395522
614 -0.0276006 0.0261572
615 -0.0186953 0.0100612
616 -0.00843161 -0.00683897
617 0.00265102 -0.0225683
618 0.0139001 -0.0353526
619 0.0245263 -0.0438537
620 0.0336188 -0.0473252
621 0.0402122 -0.0456708
622 0.0434063 -0.0394068
623 0.0425202 -0.0295453
624 0.0372522 -0.0174208
625 0.0278056 -0.00449054
626 0.0149452 0.00786236
627 -3.89677e-05 0.0184934
628 -0.0154664 0.0266039
629 -0.0294823 0.0317762
630 -0.0403208 0.0339395
631 -0.0465689 0.0332827
632 -0.0473855 0.0301468
633 -0.0426365 0.0249312
634 -0.0329235 0.0180396
635 -0.0195023 0.00987595
636 -0.0041035 0.000879194
637 0.0113136 -0.00842757
638 0.0248386 -0.0174035
639 0.0348747 -0.0252949
640 0.0403508 -0.0312877
641 0.040849 -0.0346035
642 0.0366278 -0.0346212
643 0.0285397 -0.0310033
644 0.017861 -0.0238012
645 0.00606978 -0.0135197
646 -0.00538511 -0.00112094
647 -0.0152794 0.012043
648 -0.0227425 0.0243736
649 -0.0273064 0.0342326
650 -0.0288833 0.0401872
651 -0.0276912 0.0412519
652 -0.0241569 0.0370785
653 -0.0188203 0.0280549
654 -0.012257 0.0152825
655 -0.00502715 0.000433599
656 0.00235002 -0.0144897
657 0.00939912 -0.0274534
658 0.0156773 -0.0366951
659 0.0207585 -0.0409837
660 0.0242261 -0.0397961
661 0.0256866 -0.0333868
662 0.0248133 -0.0227414
663 0.021419 -0.009422
664 0.0155438 0.00467076
665 0.007533 0.0175843
666 -0.0019258 0.0276034
667 -0.0118301 0.0334961
668 -0.0209641 0.0346768
669 -0.0280631 0.0312602
670 -0.0320128 0.0240029
671 -0.0320437 0.0141464
672 -0.0278846 0.00319725
673 -0.0198453 -0.00731572
674 -0.00881338 -0.0160633
675 0.00383609 -0.0220846
676 0.0164106 -0.0248809
677 0.02713 -0.0244317
678 0.0343887 -0.0211379
679 0.0370126 -0.0157132
680 0.0344685 -0.00904413
681 0.0269834 -0.00204662
682 0.0155443 0.00445981
683 0.00176852 0.009842
684 -0.0123384 0.0136983
685 -0.0246951 0.0158588
686 -0.0334718 0.0163499
687 -0.0373756 0.0153367
688 -0.0358464 0.0130631
689 -0.0291375 0.00980236
690 -0.018271 0.00583013
691 -0.00488183 0.00142085
692 0.00902853 -0.00313839
693 0.0213922 -0.00752898
694 0.0303882 -0.011391
695 0.0347214 -0.0143342
696 0.0338234 -0.015974
697 0.0279373 -0.0159899
698 0.0180697 -0.0141937
699 0.00581752 -0.0105942
700 -0.00689998 -0.00543902
701 -0.0181536 0.000776462
702 -0.026305 0.00734266
703 -0.0302465 0.0134108
704 -0.0295467 0.0181029
705 -0.0244863 0.0206433
706 -0.0159886 0.020492
707 -0.00545806 0.0174576
708 0.00544409 0.0117671
709 0.0150578 0.00407326
710 0.0219777 -0.0046095
711 0.0252634 -0.0130387
712 0.024573 -0.0199288
713 0.0201968 -0.0241579
714 0.0129854 -0.0249597
715 0.00418829 -0.0220656
716 -0.00476569 -0.0157702
717 -0.0125026 -0.00690722
718 -0.0179129 0.00326104
719 -0.0203038 0.0132251
720 -0.0194777 0.0214537
721 -0.0157331 0.0266312
722 -0.00979382 0.027871
723 -0.00268228 0.0248715
724 0.00444679 0.0179868
725 0.0104875 0.00819406
726 0.0145532 -0.00304256
727 0.0161096 -0.013994
728 0.0150466 -0.0229399
729 0.0116772 -0.0284476
730 0.0066651 -0.0296077
731 0.000896996 -0.0261858
732 -0.0046731 -0.0186657
733 -0.0091786 -0.00817787
734 -0.0119684 0.00367274
735 -0.0126924 0.015053
736 -0.011337 0.0241834
737 -0.00821132 0.0296157
738 -0.00388947 0.0304636
739 0.000884263 0.0265517
740 0.00531421 0.0184554
741 0.00868099 0.00742042
742 0.010458 -0.00482818
743 0.0103961 -0.0163606
744 0.00856022 -0.0253532
745 0.00531034 -0.030383
746 0.001232 -0.0306553
747 -0.0029687 -0.0261276
748 -0.00658433 -0.0175117
749 -0.0090187 -0.00615799
750 -0.00987624 0.00615799
751 -0.0090187 0.0175117
752 -0.00658433 0.0261276
753 -0.0029687 0.0306553
754 0.001232 0.030383
755 0.00531034 0.0253532
756 0.00856022 0.0163606
757 0.0103961 0.00482818
758 0.010458 -0.00742042
759 0.00868099 -0.0184554
760 0.00531421 -0.0265517
761 0.000884263 -0.0304636
762 -0.00388947 -0.0296157
763 -0.00821132 -0.0241834
764 -0.011337 -0.015053
765 -0.0126924 -0.00367274
766 -0.0119684 0.00817787
767 -0.0091786 0.0186657
768 -0.0046731 0.0261858
769 0.000896996 0.0296077
770 0.0066651 0.0284476
771 0.0116772 0.0229399
772 0.0150466 0.013994
773 0.0161096 0.00304256
774 0.0145532 -0.00819406
775 0.0104875 -0.0179868
776 0.00444679 -0.0248715
777 -0.00268228 -0.027871
778 -0.00979382 -0.0266312
779 -0.0157331 -0.0214537
780 -0.0194777 -0.0132251
781 -0.0203038 -0.00326104
782 -0.0179129 0.00690722
783 -0.0125026 0.0157702
784 -0.00476569 0.0220656
785 0.00418829 0.0249597
786 0.0129854 0.0241579
787 0.0201968 0.0199288
788 0.024573 0.0130387
789 0.0252634 0.0046095
790 0.0219777 -0.00407326
791 0.0150578 -0.0117671
792 0.00544409 -0.0174576
793 -0.00545806 -0.020492
794 -0.0159886 -0.0206433
795 -0.0244863 -0.0181029
796 -0.0295467 -0.0134108
797 -0.0302465 -0.00734266
798 -0.026305 -0.000776462
799 -0.0181536 0.00543902
800 -0.00689998 0.0105942
801 0.00581752 0.0141937
802 0.0180697 0.0159899
803 0.0279373 0.015974
804 0.0338234 0.0143342
805 0.0347214 0.011391
806 0.0303882 0.00752898
807 0.0213922 0.00313839
808 0.00902853 -0.00142085
809 -0.00488183 -0.00583013
810 -0.018271 -0.00980236
811 -0.0291375 -0.0130631
812 -0.0358464 -0.0153367
813 -0.0373756 -0.0163499
814 -0.0334718 -0.0158588
815 -0.0246951 -0.0136983
816 -0.0123384 -0.009842
817 0.00176852 -0.00445981
818 0.0155443 0.00204662
819 0.0269834 0.00904413
820 0.0344685 0.0157132
821 0.0370126 0.0211379
822 0.0343887 0.0244317
823 0.02713 0.0248809
824 0.0164106 0.0220846
825 0.00383609 0.0160633
826 -0.00881338 0.00731572
827 -0.0198453 -0.00319725
828 -0.0278846 -0.0141464
829 -0.0320437 -0.0240029
830 -0.0320128 -0.0312602
831 -0.0280631 -0.0346768
832 -0.0209641 -0.0334961
833 -0.0118301 -0.0276034
834 -0.0019258 -0.0175843
835 0.007533 -0.00467076
836 0.0155438 0.009422
837 0.021419 0.0227414
838 0.0248133 0.0333868
839 0.0256866 0.0397961
840 0.0242261 0.0409837
841 0.0207585 0.0366951
842 0.0156773 0.0274534
843 0.00939912 0.0144897
844 0.00235002 -0.000433599
845 -0.00502715 -0.0152825
846 -0.012257 -0.0280549
847 -0.0188203 -0.0370785
848 -0.0241569 -0.0412519
849 -0.0276912 -0.0401872
850 -0.0288833 -0.0342326
851 -0.0273064 -0.0243736
852 -0.0227425 -0.012043
853 -0.0152794 0.00112094
854 -0.00538511 0.0135197
855 0.00606978 0.0238012
856 0.017861 0.0310033
857 0.0285397 0.0346212
858 0.0366278 0.0346035
859 0.040849 0.0312877
860 0.0403508 0.0252949
861 0.0348747 0.0174035
862 0.0248386 0.00842757
863 0.0113136 -0.000879194
864 -0.0041035 -0.00987595
865 -0.0195023 -0.0180396
866 -0.0329235 -0.0249312
867 -0.0426365 -0.0301468
868 -0.0473855 -0.0332827
869 -0.0465689 -0.0339395
870 -0.0403208 -0.0317762
871 -0.0294823 -0.0266039
872 -0.0154664 -0.0184934
873 -3.89677e-05 -0.00786236
874 0.0149452 0.00449054
875 0.0278056 0.0174208
876 0.0372522 0.0295453
877 0.0425202 0.0394068
878 0.0434063 0.0456708
879 0.0402122 0.0473252
880 0.0336188 0.0438537
881 0.0245263 0.0353526
882 0.0139001 0.0225683
883 0.00265102 0.00683897
884 -0.00843161 -0.0100612
885 -0.0186953 -0.0261572
886 -0.0276006 -0.0395522
887 -0.0346809 -0.048701
888 -0.0395081 -0.052626
889 -0.041682 -0.0510349
890 -0.040854 -0.0443219
891 -0.0367835 -0.0334595
892 -0.0294177 -0.0198124
893 -0.0189771 -0.00491405
894 -0.00602499 0.00974642
895 0.00850432 0.0228944
896 0.0233389 0.0335747
897 0.0369756 0.0411872
898 0.0478554 0.0454625
899 0.0545842 0.0463965
900 0.056159 0.0441655
901 0.0521521 0.0390478
902 0.0428102 0.0313706
903 0.0290429 0.0214938
904 0.012301 0.00983369
905 -0.00563125 -0.00308741
906 -0.0228861 -0.0165852
907 -0.0377588 -0.0297807
908 -0.0489082 -0.0416149
909 -0.0554856 -0.0509258
910 -0.0571811 -0.0565861
911 -0.0541921 -0.0576791
912 -0.047128 -0.0536792
913 -0.0368729 -0.044593
914 -0.0244343 -0.0310251
915 -0.0108051 -0.014145
916 0.00313354 0.00444389
917 0.0166532 0.0229121
918 0.0291598 0.0394484
919 0.0401325 0.0524949
920 0.0490525 0.0609318
921 0.0553561 0.0641826
922 0.0584422 0.0622329
923 0.0577443 0.055567
924 0.0528542 0.0450454
925 0.0436621 0.0317492
926 0.0304742 0.016822
927 0.0140667 0.00133486
928 -0.00434187 -0.0138009
929 -0.0232043 -0.0278642
930 -0.0408226 -0.0402982
931 -0.0555598 -0.0506443
932 -0.0660475 -0.0584668
933 -0.0713551 -0.0633012
934 -0.0710935 -0.0646558
935 -0.0654393 -0.0620765
936 -0.0550779 -0.0552651
937 -0.0410775 -0.0442165
938 -0.0247198 -0.0293318
939 -0.00732027 -0.0114675
940 0.00992791 0.00810404
941 0.0260565 0.02782
942 0.0403563 0.0460159
943 0.0523437 0.0611369
944 0.0616823 0.0719313
945 0.0680889 0.0775918
946 0.0712653 0.0778245
947 0.0708807 0.0728419
948 0.0666197 0.0632864
949 0.0582843 0.0501036
950 0.0459206 0.0343905
951 0.029929 0.0172459
952 0.0111191 -0.000346042
953 -0.00931489 -0.0175797
954 -0.0299018 -0.0338291
955 -0.0490635 -0.048594
956 -0.0653118 -0.0614162
957 -0.0774313 -0.0717997
958 -0.0846142 -0.0791706
959 -0.0865248 -0.0828993
960 -0.0832904 -0.0823874
961 -0.0754281 -0.0772013
962 -0.0637265 -0.0672148
963 -0.0491095 -0.0527184
964 -0.0325056 -0.0344605
965 -0.0147502 -0.0135997
966 0.00346246 0.00842317
967 0.0215701 0.0300673
968 0.0390821 0.0498872
969 0.0554918 0.0666982
970 0.0701968 0.0796792
971 0.0824623 0.0883998
972 0.0914517 0.0927767
973 0.096329 0.0929817
974 0.0964083 0.0893309
975 0.0913113 0.0821852
976 0.0810845 0.0718833
977 0.0662414 0.0587205
978 0.0477132 0.0429729
979 0.0267221 0.0249578
980 0.00460803 0.00511127
981 -0.0173467 -0.0159408
982 -0.0380566 -0.0373442
983 -0.0567089 -0.0580324
984 -0.0727701 -0.0768058
985 -0.0859341 -0.092467
986 -0.0960348 -0.103985
987 -0.102955 -0.11065
988 -0.106553 -0.112172
989 -0.106639 -0.108699
990 -0.102986 -0.100749
991 -0.095395 -0.0890679
992 -0.0837875 -0.0744667
993 -0.0682953 -0.0576802
994 -0.0493357 -0.0392854
995 -0.027638 -0.019698
996 -0.00420987 0.000763454
997 0.0197564 0.0217768
998 0.0430248 0.0429157
999 0.0644715 0.0635865
