0 0.000300001 0.000265231
1 0.000119874 6.02487e-05
2 -0.000121715 -0.000179062
3 -0.00031316 -0.000341654
4 -0.000363668 -0.000349482
5 -0.000246033 -0.000194673
6 -1.05745e-05 5.5162e-05
7 0.0002366 0.000286584
8 0.000381495 0.000391871
9 0.000354602 0.00031897
10 0.000163804 9.67222e-05
11 -0.000107565 -0.000176689
12 -0.000337188 -0.000377337
13 -0.000418774 -0.00041171
14 -0.000310903 -0.000259981
15 -5.73827e-05 1.3449e-05
16 0.000230708 0.000287399
17 0.000423896 0.000437489
18 0.000432559 0.000392158
19 0.000248356 0.000166
20 -5.01952e-05 -0.000144916
21 -0.000331123 -0.000404329
22 -0.000467008 -0.000495912
23 -0.000391999 -0.000375778
24 -0.000132365 -9.37805e-05
25 0.000203379 0.000226442
26 0.000470984 0.000440605
27 0.000553622 0.000447088
28 0.000414138 0.000232559
29 0.000113308 -0.000120529
30 -0.00021444 -0.000468468
31 -0.000417961 -0.000668352
32 -0.00039471 -0.000640947
33 -0.000136114 -0.00040704
34 0.000267143 -8.11251e-05
35 0.000662968 0.000175458
36 0.000903252 0.000222333
37 0.000908963 -2.08595e-08
38 0.000706857 -0.000444172
39 0.000421544 -0.00097527
40 0.000225666 -0.0014287
41 0.000268931 -0.00168192
42 0.00061601 -0.00171019
43 0.00121987 -0.00160211
44 0.0019424 -0.00152777
45 0.00261434 -0.00167237
46 0.00311008 -0.00216274
47 0.003406 -0.00301786
48 0.00359792 -0.00414451
49 0.00386952 -0.00538053
50 0.00442426 -0.00656856
51 0.00540859 -0.00762992
52 0.00685833 -0.00860822
53 0.00869092 -0.00966415
54 0.0107477 -0.0110229
55 0.0128693 -0.0128952
56 0.0149741 -0.0154036
57 0.0171065 -0.0185447
58 0.0194366 -0.0222032
59 0.0222083 -0.026213
60 0.0256583 -0.0304402
61 0.0299365 -0.034856
62 0.0350614 -0.0395677
63 0.0409269 -0.0447959
64 0.04736 -0.0508048
65 0.0542056 -0.0578131
66 0.0614045 -0.0659202
67 0.0690337 -0.0750762
68 0.0772898 -0.0851086
69 0.0864226 -0.0957945
70 0.0966419 -0.106949
71 0.108035 -0.118497
72 0.120524 -0.130495
73 0.133883 -0.143095
74 0.147806 -0.156464
75 0.161999 -0.170687
76 0.176258 -0.185691
77 0.190511 -0.201216
78 0.20479 -0.216854
79 0.219161 -0.232132
80 0.233625 -0.24661
81 0.248029 -0.259961
82 0.262034 -0.271998
83 0.275134 -0.282642
84 0.28674 -0.29184
85 0.296288 -0.299471
86 0.303334 -0.30527
87 0.307609 -0.308811
88 0.309009 -0.309552
89 0.307525 -0.306934
90 0.303154 -0.300502
91 0.295812 -0.290004
92 0.285296 -0.275436
93 0.271314 -0.257025
94 0.253569 -0.23515
95 0.231882 -0.21024
96 0.2063 -0.182685
97 0.17716 -0.152798
98 0.145087 -0.120835
99 0.11092 -0.0870814
100 0.0755908 -0.0519526
101 0.0400099 -0.0160871
102 0.00497632 0.0196185
103 -0.0288432 0.0540475
104 -0.0608749 0.0859702
105 -0.0905552 0.114193
106 -0.117244 0.137703
107 -0.140178 0.155777
108 -0.158483 0.168012
109 -0.171268 0.17429
110 -0.177762 0.174691
111 -0.177472 0.169394
112 -0.1703 0.158611
113 -0.156599 0.142577
114 -0.137136 0.121602
115 -0.112992 0.0961703
116 -0.0854111 0.0670509
117 -0.0556608 0.0353595
118 -0.0249346 0.00255419
119 0.00568101 -0.0296584
120 0.035176 -0.059489
121 0.0625507 -0.0852682
122 0.086756 -0.105636
123 0.106677 -0.119672
124 0.12119 -0.126945
125 0.129287 -0.127473
126 0.130243 -0.121622
127 0.123788 -0.109989
128 0.110226 -0.0932968
129 0.0904601 -0.0723539
130 0.0659258 -0.0480661
131 0.0384222 -0.0214945
132 0.00989838 0.00608289
133 -0.0177664 0.0331459
134 -0.0429355 0.0579802
135 -0.0643127 0.0788086
136 -0.0809567 0.0939926
137 -0.092236 0.102263
138 -0.097758 0.102926
139 -0.0973171 0.0959941
140 -0.0908895 0.0822081
141 -0.0786846 0.0629382
142 -0.0612351 0.0399917
143 -0.0394887 0.01537
144 -0.0148553 -0.00897228
145 0.0108283 -0.0313152
146 0.0354357 -0.0502815
147 0.0567788 -0.0648621
148 0.0728885 -0.0743801
149 0.0822922 -0.0784325
150 0.0842289 -0.076848
151 0.0787527 -0.0696875
152 0.0667054 -0.0572933
153 0.0495657 -0.0403665
154 0.029213 -0.0200347
155 0.00765969 0.00213181
156 -0.0131922 0.0241927
157 -0.0317269 0.0440098
158 -0.0467036 0.0595042
159 -0.0572662 0.0689548
160 -0.0629012 0.0712784
161 -0.0633827 0.0662289
162 -0.0587399 0.0544677
163 -0.0492645 0.037483
164 -0.0355559 0.0173714
165 -0.0185772 -0.00347629
166 0.000315422 -0.0227227
167 0.0194076 -0.038397
168 0.0367526 -0.0491196
169 0.0503864 -0.0542061
170 0.0586054 -0.0536494
171 0.0602554 -0.0480058
172 0.0549698 -0.0382285
173 0.0432961 -0.0254944
174 0.0266734 -0.0110638
175 0.00725104 0.00380943
176 -0.0124249 0.01792
177 -0.0298015 0.0301273
178 -0.0427113 0.0393752
179 -0.0496936 0.0447434
180 -0.0501853 0.0455399
181 -0.0445512 0.0414284
182 -0.0339592 0.0325608
183 -0.0201334 0.0196723
184 -0.00504593 0.00409791
185 0.0093926 -0.0123214
186 0.0215842 -0.0274491
187 0.0304022 -0.0391574
188 0.0352465 -0.0456764
189 0.0360086 -0.0459196
190 0.0329794 -0.0397176
191 0.0267362 -0.0279026
192 0.0180424 -0.0122142
193 0.00777737 0.0049638
194 -0.0031023 0.0209943
195 -0.0135851 0.0334327
196 -0.0226341 0.0404437
197 -0.0292462 0.0411085
198 -0.0325503 0.0355646
199 -0.0319404 0.0249539
200 -0.0272195 0.0111918
201 -0.0187163 -0.00339199
202 -0.00733624 -0.0164711
203 0.00548632 -0.0261156
204 0.0179475 -0.0310904
205 0.0281326 -0.0310097
206 0.0343352 -0.0263293
207 0.0353791 -0.0181925
208 0.0308749 -0.00817086
209 0.0213531 0.002041
210 0.00823274 0.0109157
211 -0.00638106 0.0173176
212 -0.0200431 0.0206284
213 -0.0303985 0.0207671
214 -0.0356163 0.0181159
215 -0.034742 0.013384
216 -0.0278956 0.00744533
217 -0.0162723 0.00118507
218 -0.00193927 -0.00461737
219 0.0125367 -0.00935886
220 0.0245609 -0.0126371
221 0.0319928 -0.0142417
222 0.0335452 -0.0141286
223 0.0290226 -0.012394
224 0.0193527 -0.00925602
225 0.00640464 -0.00504734
226 -0.00736991 -0.000209434
227 -0.0194045 0.00472084
228 -0.0275024 0.00914468
229 -0.0302462 0.0124605
230 -0.0272532 0.014146
231 -0.0192309 0.0138525
232 -0.00782367 0.0114894
233 0.00471701 0.0072805
234 0.0159732 0.00176843
235 0.0238252 -0.00424025
236 0.0268518 -0.00978938
237 0.0245895 -0.0139304
238 0.0176041 -0.0158956
239 0.00736281 -0.0152522
240 -0.00406472 -0.0120058
241 -0.0144166 -0.0066259
242 -0.0216801 1.56061e-05
243 -0.024479 0.00678696
244 -0.0223323 0.0124961
245 -0.0157371 0.0161098
246 -0.00606084 0.0169507
247 0.00473424 0.0148316
248 0.0144804 0.0100993
249 0.0212307 0.0035782
250 0.0236406 -0.0035782
251 0.0212307 -0.0100993
252 0.0144804 -0.0148316
253 0.00473424 -0.0169507
254 -0.00606084 -0.0161098
255 -0.0157371 -0.0124961
256 -0.0223323 -0.00678696
257 -0.024479 -1.56061e-05
258 -0.0216801 0.0066259
259 -0.0144166 0.0120058
260 -0.00406472 0.0152522
261 0.00736281 0.0158956
262 0.0176041 0.0139304
263 0.0245895 0.00978938
264 0.0268518 0.00424025
265 0.0238252 -0.00176843
266 0.0159732 -0.0072805
267 0.00471701 -0.0114894
268 -0.00782367 -0.0138525
269 -0.0192309 -0.014146
270 -0.0272532 -0.0124605
271 -0.0302462 -0.00914468
272 -0.0275024 -0.00472084
273 -0.0194045 0.000209434
274 -0.00736991 0.00504734
275 0.00640464 0.00925602
276 0.0193527 0.012394
277 0.0290226 0.0141286
278 0.0335452 0.0142417
279 0.0319928 0.0126371
280 0.0245609 0.00935886
281 0.0125367 0.00461737
282 -0.00193927 -0.00118507
283 -0.0162723 -0.00744533
284 -0.0278956 -0.013384
285 -0.034742 -0.0181159
286 -0.0356163 -0.0207671
287 -0.0303985 -0.0206284
288 -0.0200431 -0.0173176
289 -0.00638106 -0.0109157
290 0.00823274 -0.002041
291 0.0213531 0.00817086
292 0.0308749 0.0181925
293 0.0353791 0.0263293
294 0.0343352 0.0310097
295 0.0281326 0.0310904
296 0.0179475 0.0261156
297 0.00548632 0.0164711
298 -0.00733624 0.00339199
299 -0.0187163 -0.0111918
300 -0.0272195 -0.0249539
301 -0.0319404 -0.0355646
302 -0.0325503 -0.0411085
303 -0.0292462 -0.0404437
304 -0.0226341 -0.0334327
305 -0.0135851 -0.0209943
306 -0.0031023 -0.0049638
307 0.00777737 0.0122142
308 0.0180424 0.0279026
309 0.0267362 0.0397176
310 0.0329794 0.0459196
311 0.0360086 0.0456764
312 0.0352465 0.0391574
313 0.0304022 0.0274491
314 0.0215842 0.0123214
315 0.0093926 -0.00409791
316 -0.00504593 -0.0196723
317 -0.0201334 -0.0325608
318 -0.0339592 -0.0414284
319 -0.0445512 -0.0455399
320 -0.0501853 -0.0447434
321 -0.0496936 -0.0393752
322 -0.0427113 -0.0301273
323 -0.0298015 -0.01792
324 -0.0124249 -0.00380943
325 0.00725104 0.0110638
326 0.0266734 0.0254944
327 0.0432961 0.0382285
328 0.0549698 0.0480058
329 0.0602554 0.0536494
330 0.0586054 0.0542061
331 0.0503864 0.0491196
332 0.0367526 0.038397
333 0.0194076 0.0227227
334 0.000315422 0.00347629
335 -0.0185772 -0.0173714
336 -0.0355559 -0.037483
337 -0.0492645 -0.0544677
338 -0.0587399 -0.0662289
339 -0.0633827 -0.0712784
340 -0.0629012 -0.0689548
341 -0.0572662 -0.0595042
342 -0.0467036 -0.0440098
343 -0.0317269 -0.0241927
344 -0.0131922 -0.00213181
345 0.00765969 0.0200347
346 0.029213 0.0403665
347 0.0495657 0.0572933
348 0.0667054 0.0696875
349 0.0787527 0.076848
350 0.0842289 0.0784325
351 0.0822922 0.0743801
352 0.0728885 0.0648621
353 0.0567788 0.0502815
354 0.0354357 0.0313152
355 0.0108283 0.00897228
356 -0.0148553 -0.01537
357 -0.0394887 -0.0399917
358 -0.0612351 -0.0629382
359 -0.0786846 -0.0822081
360 -0.0908895 -0.0959941
361 -0.0973171 -0.102926
362 -0.097758 -0.102263
363 -0.092236 -0.0939926
364 -0.0809567 -0.0788086
365 -0.0643127 -0.0579802
366 -0.0429355 -0.0331459
367 -0.0177664 -0.00608289
368 0.00989838 0.0214945
369 0.0384222 0.0480661
370 0.0659258 0.0723539
371 0.0904601 0.0932968
372 0.110226 0.109989
373 0.123788 0.121622
374 0.130243 0.127473
375 0.129287 0.126945
376 0.12119 0.119672
377 0.106677 0.105636
378 0.086756 0.0852682
379 0.0625507 0.059489
380 0.035176 0.0296584
381 0.00568101 -0.00255419
382 -0.0249346 -0.0353595
383 -0.0556608 -0.0670509
384 -0.0854111 -0.0961703
385 -0.112992 -0.121602
386 -0.137136 -0.142577
387 -0.156599 -0.158611
388 -0.1703 -0.169394
389 -0.177472 -0.174691
390 -0.177762 -0.17429
391 -0.171268 -0.168012
392 -0.158483 -0.155777
393 -0.140178 -0.137703
394 -0.117244 -0.114193
395 -0.0905552 -0.0859702
396 -0.0608749 -0.0540475
397 -0.0288432 -0.0196185
398 0.00497632 0.0160871
399 0.0400099 0.0519526
400 0.0755908 0.0870814
401 0.11092 0.120835
402 0.145087 0.152798
403 0.17716 0.182685
404 0.2063 0.21024
405 0.231882 0.23515
406 0.253569 0.257025
407 0.271314 0.275436
408 0.285296 0.290004
409 0.295812 0.300502
410 0.303154 0.306934
411 0.307525 0.309552
412 0.309009 0.308811
413 0.307609 0.30527
414 0.303334 0.299471
415 0.296288 0.29184
416 0.28674 0.282642
417 0.275134 0.271998
418 0.262034 0.259961
419 0.248029 0.24661
420 0.233625 0.232132
421 0.219161 0.216854
422 0.20479 0.201216
423 0.190511 0.185691
424 0.176258 0.170687
425 0.161999 0.156464
426 0.147806 0.143095
427 0.133883 0.130495
428 0.120524 0.118497
429 0.108035 0.106949
430 0.0966419 0.0957945
431 0.0864226 0.0851086
432 0.0772898 0.0750762
433 0.0690337 0.0659202
434 0.0614045 0.0578131
435 0.0542056 0.0508048
436 0.04736 0.0447959
437 0.0409269 0.0395677
438 0.0350614 0.034856
439 0.0299365 0.0304402
440 0.0256583 0.026213
441 0.0222083 0.0222032
442 0.0194366 0.0185447
443 0.0171065 0.0154036
444 0.0149741 0.0128952
445 0.0128693 0.0110229
446 0.0107477 0.00966415
447 0.00869092 0.00860822
448 0.00685833 0.00762992
449 0.00540859 0.00656856
450 0.00442426 0.00538053
451 0.00386952 0.00414451
452 0.00359792 0.00301786
453 0.003406 0.00216274
454 0.00311008 0.00167237
455 0.00261434 0.00152777
456 0.0019424 0.00160211
457 0.00121987 0.00171019
458 0.00061601 0.00168192
459 0.000268931 0.0014287
460 0.000225666 0.00097527
461 0.000421544 0.000444172
462 0.000706857 2.08596e-08
463 0.000908963 -0.000222333
464 0.000903252 -0.000175458
465 0.000662968 8.11251e-05
466 0.000267143 0.00040704
467 -0.000136114 0.000640947
468 -0.00039471 0.000668352
469 -0.000417961 0.000468468
470 -0.00021444 0.000120529
471 0.000113308 -0.000232559
472 0.000414138 -0.000447088
473 0.000553622 -0.000440605
474 0.000470984 -0.000226442
475 0.000203379 9.37805e-05
476 -0.000132365 0.000375778
477 -0.000391999 0.000495912
478 -0.000467008 0.000404329
479 -0.000331123 0.000144916
480 -5.01952e-05 -0.000166
481 0.000248356 -0.000392158
482 0.000432559 -0.000437489
483 0.000423896 -0.000287399
484 0.000230708 -1.3449e-05
485 -5.73827e-05 0.000259981
486 -0.000310903 0.00041171
487 -0.000418774 0.000377337
488 -0.000337188 0.000176689
489 -0.000107565 -9.67222e-05
490 0.000163804 -0.00031897
491 0.000354602 -0.000391871
492 0.000381495 -0.000286584
493 0.0002366 -5.5162e-05
494 -1.05745e-05 0.000194673
495 -0.000246033 0.000349482
496 -0.000363668 0.000341654
497 -0.00031316 0.000179062
498 -0.000121715 -6.02487e-05
499 0.000119874 -0.000265231
500 0.000300001 -0.000343245
501 0.000337797 -0.000261962
502 0.000219624 -6.28117e-05
503 3.89895e-06 0.000159651
504 -0.000207438 0.00030236
505 -0.000316991 0.00030144
506 -0.000276853 0.000160933
507 -0.00010964 -5.04341e-05
508 0.000103656 -0.000232504
509 0.000262656 -0.000301051
510 0.000294738 -0.000226882
511 0.000188256 -4.84238e-05
512 -3.38204e-06 0.000147758
513 -0.000188117 0.00026881
514 -0.000279264 0.000259605
515 -0.0002362 0.000127984
516 -8.26292e-05 -6.04233e-05
517 0.000105909 -0.000214713
518 0.000238949 -0.000262514
519 0.000254502 -0.000183969
520 0.000148121 -1.99326e-05
521 -2.61418e-05 0.000148959
522 -0.000182939 0.000241739
523 -0.000247385 0.00021588
524 -0.000190933 8.6855e-05
525 -4.40828e-05 -8.05309e-05
526 0.000119776 -0.000204416
527 0.000220923 -0.000225834
528 0.000212086 -0.000136898
529 0.000100565 1.63385e-05
530 -5.6652e-05 0.000157418
531 -0.000181784 0.000217547
532 -0.000214625 0.000169258
533 -0.000141511 3.91017e-05
534 -9.86113e-07 -0.000106619
535 0.0001362 -0.000195532
536 0.00020253 -0.000185205
537 0.00016696 -8.34835e-05
538 4.95932e-05 5.66401e-05
539 -8.92684e-05 0.000164501
540 -0.00017992 0.000187362
541 -0.000178274 0.000116207
542 -8.74681e-05 -1.08751e-05
543 4.46607e-05 -0.000128868
544 0.000150613 -0.000178951
545 0.00017773 -0.000137783
546 0.000114477 -2.84034e-05
547 -4.70037e-06 9.23431e-05
548 -0.000117965 0.000163152
549 -0.00016814 0.000149342
550 -0.000131589 5.99529e-05
551 -2.93296e-05 -5.76558e-05
552 8.48171e-05 -0.000142693
553 0.000152434 -0.000152349
554 0.000140336 -8.34884e-05
555 5.68457e-05 2.64748e-05
556 -5.34393e-05 0.000119733
557 -0.00013327 0.000148484
558 -0.000142356 9.95497e-05
559 -7.77304e-05 4.42289e-07
560 2.54368e-05 -9.59496e-05
561 0.000112738 -0.000139575
562 0.000139127 -0.000109253
563 9.22444e-05 -2.29442e-05
564 -1.67628e-06 7.26977e-05
565 -9.22501e-05 0.000127476
566 -0.000131918 0.000113954
567 -0.000101024 4.11602e-05
568 -1.76792e-05 -5.11038e-05
569 7.26394e-05 -0.000113878
570 0.000121878 -0.000114928
571 0.000105053 -5.52787e-05
572 3.29887e-05 3.20424e-05
573 -5.43885e-05 0.000100095
574 -0.000110137 0.000113151
575 -0.000105532 6.54932e-05
576 -4.48522e-05 -1.60352e-05
577 3.78583e-05 -8.69378e-05
578 9.78112e-05 -0.000109281
579 0.000103659 -7.20816e-05
580 5.3838e-05 3.17134e-06
581 -2.34095e-05 7.47433e-05
582 -8.58944e-05 0.000103781
583 -0.000100406 7.55131e-05
584 -6.03231e-05 6.86057e-06
585 1.13785e-05 -6.35415e-05
586 7.51019e-05 -9.70952e-05
587 9.63709e-05 -7.64781e-05
588 6.44955e-05 -1.4615e-05
589 -1.95382e-06 5.32864e-05
590 -6.57561e-05 8.97681e-05
591 -9.18028e-05 7.57982e-05
592 -6.64858e-05 2.06615e-05
593 -4.94505e-06 -4.40377e-05
594 5.77996e-05 -8.24385e-05
595 8.67447e-05 -7.42438e-05
596 6.6528e-05 -2.53839e-05
597 9.69425e-06 3.60153e-05
598 -5.09387e-05 7.57122e-05
599 -8.12371e-05 7.23475e-05
600 -6.50506e-05 2.88989e-05
601 -1.28665e-05 -2.95129e-05
602 4.48542e-05 -6.99944e-05
603 7.54685e-05 -7.031e-05
604 6.26439e-05 -3.11174e-05
605 1.50436e-05 2.47372e-05
606 -3.9387e-05 6.53774e-05
607 -6.98057e-05 6.80391e-05
608 -5.9916e-05 3.19062e-05
609 -1.66257e-05 -2.16661e-05
610 3.4613e-05 -6.16447e-05
611 6.46951e-05 -6.53041e-05
612 5.7312e-05 -3.12629e-05
613 1.7727e-05 2.00021e-05
614 -3.0783e-05 5.83977e-05
615 -6.04949e-05 6.19306e-05
616 -5.49876e-05 2.94165e-05
617 -1.82024e-05 -1.92525e-05
618 2.81666e-05 -5.52484e-05
619 5.7325e-05 -5.79448e-05
620 5.27964e-05 -2.68032e-05
621 1.77842e-05 1.88972e-05
622 -2.6881e-05 5.1989e-05
623 -5.50092e-05 5.36048e-05
624 -5.03975e-05 2.39371e-05
625 -1.62679e-05 -1.8568e-05
626 2.67843e-05 -4.867e-05
627 5.31374e-05 -4.9313e-05
628 4.74357e-05 -2.12343e-05
629 1.36591e-05 1.8162e-05
630 -2.74834e-05 4.55555e-05
631 -5.12222e-05 4.54533e-05
632 -4.37152e-05 1.88712e-05
633 -1.02212e-05 -1.78418e-05
634 2.84504e-05 -4.2982e-05
635 4.88796e-05 -4.2229e-05
636 3.92957e-05 -1.67389e-05
637 6.40865e-06 1.79253e-05
638 -2.91937e-05 4.11851e-05
639 -4.59621e-05 3.95715e-05
640 -3.4477e-05 1.45106e-05
641 -2.71873e-06 -1.8716e-05
642 2.94145e-05 -4.01682e-05
643 4.25931e-05 -3.71558e-05
644 2.96845e-05 -1.17916e-05
645 -4.75411e-07 2.0342e-05
646 -2.90865e-05 3.96628e-05
647 -3.90935e-05 3.45152e-05
648 -2.53054e-05 8.29294e-06
649 3.04176e-06 -2.26658e-05
650 2.84296e-05 -3.91952e-05
651 3.58354e-05 -3.12087e-05
652 2.15435e-05 -3.96269e-06
653 -5.11426e-06 2.52957e-05
654 -2.77947e-05 3.82298e-05
655 -3.3082e-05 2.69779e-05
656 -1.83457e-05 -9.71e-07
657 7.02033e-06 -2.769e-05
658 2.75047e-05 -3.63337e-05
659 3.08716e-05 -2.1839e-05
660 1.54235e-05 6.05451e-06
661 -9.13943e-06 2.93122e-05
662 -2.77097e-05 3.33065e-05
663 -2.8988e-05 1.60822e-05
664 -1.23612e-05 -1.07367e-05
665 1.17462e-05 -2.97821e-05
666 2.83076e-05 -2.9233e-05
667 2.70212e-05 -1.01851e-05
668 8.76671e-06 1.45244e-05
669 -1.48913e-05 2.89737e-05
670 -2.89526e-05 2.44458e-05
671 -2.44953e-05 4.67212e-06
672 -4.41622e-06 -1.71113e-05
673 1.83564e-05 -2.70319e-05
674 2.91446e-05 -1.94182e-05
675 2.10212e-05 2.86398e-08
676 -6.53444e-07 1.84443e-05
677 -2.16944e-05 2.43093e-05
678 -2.83695e-05 1.4625e-05
679 -1.64232e-05 -3.69054e-06
680 6.13039e-06 -1.87119e-05
681 2.43382e-05 -2.125e-05
682 2.62437e-05 -1.04146e-05
683 1.08069e-05 6.32556e-06
684 -1.14907e-05 1.8263e-05
685 -2.57434e-05 1.82575e-05
686 -2.26246e-05 6.93105e-06
687 -4.54998e-06 -8.14885e-06
688 1.61169e-05 -1.74894e-05
689 2.55234e-05 -1.55878e-05
690 1.76568e-05 -4.10242e-06
691 -1.7735e-06 9.48878e-06
692 -1.94371e-05 1.67064e-05
693 -2.35429e-05 1.32961e-05
694 -1.1749e-05 1.69234e-06
695 7.51453e-06 -1.0672e-05
696 2.10487e-05 -1.60663e-05
697 1.99498e-05 -1.12453e-05
698 5.49141e-06 6.03883e-07
699 -1.20799e-05 1.1918e-05
700 -2.07974e-05 1.55264e-05
701 -1.51432e-05 9.17165e-06
702 4.60024e-07 -3.05012e-06
703 1.50427e-05 -1.32715e-05
704 1.87993e-05 -1.48751e-05
705 9.69307e-06 -6.78164e-06
706 -5.50395e-06 5.77745e-06
707 -1.62111e-05 1.4588e-05
708 -1.54072e-05 1.38049e-05
709 -4.23252e-06 3.8556e-06
710 9.19175e-06 -8.73141e-06
711 1.56437e-05 -1.55716e-05
712 1.11359e-05 -1.2011e-05
713 -6.48878e-07 -3.29312e-07
714 -1.12863e-05 1.16707e-05
715 -1.36193e-05 1.5855e-05
716 -6.56718e-06 9.28922e-06
717 4.4913e-06 -3.66538e-06
718 1.17766e-05 -1.42143e-05
719 1.05714e-05 -1.50967e-05
720 2.25704e-06 -5.60942e-06
721 -7.01672e-06 7.80775e-06
722 -1.08521e-05 1.59235e-05
723 -7.00767e-06 1.30755e-05
724 1.33923e-06 1.14933e-06
725 8.14315e-06 -1.16402e-05
726 8.84964e-06 -1.64003e-05
727 3.4315e-06 -9.75979e-06
728 -3.91271e-06 3.7178e-06
729 -7.96697e-06 1.46525e-05
730 -6.18857e-06 1.53785e-05
731 -2.78909e-07 5.33674e-06
732 5.31726e-06 -8.47747e-06
733 6.72364e-06 -1.63791e-05
734 3.30721e-06 -1.27915e-05
735 -2.12254e-06 -1.99451e-07
736 -5.56039e-06 1.25577e-05
737 -4.73831e-06 1.64899e-05
738 -6.10849e-07 8.80165e-06
739 3.57175e-06 -5.10698e-06
740 4.7777e-06 -1.54263e-05
741 2.37806e-06 -1.48587e-05
742 -1.56367e-06 -3.78881e-06
743 -3.9942e-06 9.96828e-06
744 -3.2006e-06 1.66824e-05
745 -1.15717e-08 1.15952e-05
746 2.96855e-06 -1.7012e-06
747 3.43075e-06 -1.37972e-05
748 1.12365e-06 -1.61265e-05
749 -2.02128e-06 -7.03657e-06
750 -3.45359e-06 7.03657e-06
751 -2.02128e-06 1.61265e-05
752 1.12365e-06 1.37972e-05
753 3.43075e-06 1.7012e-06
754 2.96855e-06 -1.15952e-05
755 -1.15717e-08 -1.66824e-05
756 -3.2006e-06 -9.96828e-06
757 -3.9942e-06 3.78881e-06
758 -1.56367e-06 1.48587e-05
759 2.37806e-06 1.54263e-05
760 4.7777e-06 5.10698e-06
761 3.57175e-06 -8.80165e-06
762 -6.10849e-07 -1.64899e-05
763 -4.73831e-06 -1.25577e-05
764 -5.56039e-06 1.99451e-07
765 -2.12254e-06 1.27915e-05
766 3.30721e-06 1.63791e-05
767 6.72364e-06 8.47747e-06
768 5.31726e-06 -5.33674e-06
769 -2.78909e-07 -1.53785e-05
770 -6.18857e-06 -1.46525e-05
771 -7.96697e-06 -3.7178e-06
772 -3.91271e-06 9.75979e-06
773 3.4315e-06 1.64003e-05
774 8.84964e-06 1.16402e-05
775 8.14315e-06 -1.14933e-06
776 1.33923e-06 -1.30755e-05
777 -7.00767e-06 -1.59235e-05
778 -1.08521e-05 -7.80775e-06
779 -7.01672e-06 5.60942e-06
780 2.25704e-06 1.50967e-05
781 1.05714e-05 1.42143e-05
782 1.17766e-05 3.66538e-06
783 4.4913e-06 -9.28922e-06
784 -6.56718e-06 -1.5855e-05
785 -1.36193e-05 -1.16707e-05
786 -1.12863e-05 3.29312e-07
787 -6.48878e-07 1.2011e-05
788 1.11359e-05 1.55716e-05
789 1.56437e-05 8.73141e-06
790 9.19175e-06 -3.8556e-06
791 -4.23252e-06 -1.38049e-05
792 -1.54072e-05 -1.4588e-05
793 -1.62111e-05 -5.77745e-06
794 -5.50395e-06 6.78164e-06
795 9.69307e-06 1.48751e-05
796 1.87993e-05 1.32715e-05
797 1.50427e-05 3.05012e-06
798 4.60024e-07 -9.17165e-06
799 -1.51432e-05 -1.55264e-05
800 -2.07974e-05 -1.1918e-05
801 -1.20799e-05 -6.03883e-07
802 5.49141e-06 1.12453e-05
803 1.99498e-05 1.60663e-05
804 2.10487e-05 1.0672e-05
805 7.51453e-06 -1.69234e-06
806 -1.1749e-05 -1.32961e-05
807 -2.35429e-05 -1.67064e-05
808 -1.94371e-05 -9.48878e-06
809 -1.7735e-06 4.10242e-06
810 1.76568e-05 1.55878e-05
811 2.55234e-05 1.74894e-05
812 1.61169e-05 8.14885e-06
813 -4.54998e-06 -6.93105e-06
814 -2.26246e-05 -1.82575e-05
815 -2.57434e-05 -1.8263e-05
816 -1.14907e-05 -6.32556e-06
817 1.08069e-05 1.04146e-05
818 2.62437e-05 2.125e-05
819 2.43382e-05 1.87119e-05
820 6.13039e-06 3.69054e-06
821 -1.64232e-05 -1.4625e-05
822 -2.83695e-05 -2.43093e-05
823 -2.16944e-05 -1.84443e-05
824 -6.53444e-07 -2.86398e-08
825 2.10212e-05 1.94182e-05
826 2.91446e-05 2.70319e-05
827 1.83564e-05 1.71113e-05
828 -4.41622e-06 -4.67212e-06
829 -2.44953e-05 -2.44458e-05
830 -2.89526e-05 -2.89737e-05
831 -1.48913e-05 -1.45244e-05
832 8.76671e-06 1.01851e-05
833 2.70212e-05 2.9233e-05
834 2.83076e-05 2.97821e-05
835 1.17462e-05 1.07367e-05
836 -1.23612e-05 -1.60822e-05
837 -2.8988e-05 -3.33065e-05
838 -2.77097e-05 -2.93122e-05
839 -9.13943e-06 -6.05451e-06
840 1.54235e-05 2.1839e-05
841 3.08716e-05 3.63337e-05
842 2.75047e-05 2.769e-05
843 7.02033e-06 9.71e-07
844 -1.83457e-05 -2.69779e-05
845 -3.3082e-05 -3.82298e-05
846 -2.77947e-05 -2.52957e-05
847 -5.11426e-06 3.96269e-06
848 2.15435e-05 3.12087e-05
849 3.58354e-05 3.91952e-05
850 2.84296e-05 2.26658e-05
851 3.04176e-06 -8.29294e-06
852 -2.53054e-05 -3.45152e-05
853 -3.90935e-05 -3.96628e-05
854 -2.90865e-05 -2.0342e-05
855 -4.75411e-07 1.17916e-05
856 2.96845e-05 3.71558e-05
857 4.25931e-05 4.01682e-05
858 2.94145e-05 1.8716e-05
859 -2.71873e-06 -1.45106e-05
860 -3.4477e-05 -3.95715e-05
861 -4.59621e-05 -4.11851e-05
862 -2.91937e-05 -1.79253e-05
863 6.40865e-06 1.67389e-05
864 3.92957e-05 4.2229e-05
865 4.88796e-05 4.2982e-05
866 2.84504e-05 1.78418e-05
867 -1.02212e-05 -1.88712e-05
868 -4.37152e-05 -4.54533e-05
869 -5.12222e-05 -4.55555e-05
870 -2.74834e-05 -1.8162e-05
871 1.36591e-05 2.12343e-05
872 4.74357e-05 4.9313e-05
873 5.31374e-05 4.867e-05
874 2.67843e-05 1.8568e-05
875 -1.62679e-05 -2.39371e-05
876 -5.03975e-05 -5.36048e-05
877 -5.50092e-05 -5.1989e-05
878 -2.6881e-05 -1.88972e-05
879 1.77842e-05 2.68032e-05
880 5.27964e-05 5.79448e-05
881 5.7325e-05 5.52484e-05
882 2.81666e-05 1.92525e-05
883 -1.82024e-05 -2.94165e-05
884 -5.49876e-05 -6.19306e-05
885 -6.04949e-05 -5.83977e-05
886 -3.0783e-05 -2.00021e-05
887 1.7727e-05 3.12629e-05
888 5.7312e-05 6.53041e-05
889 6.46951e-05 6.16447e-05
890 3.4613e-05 2.16661e-05
891 -1.66257e-05 -3.19062e-05
892 -5.9916e-05 -6.80391e-05
893 -6.98057e-05 -6.53774e-05
894 -3.9387e-05 -2.47372e-05
895 1.50436e-05 3.11174e-05
896 6.26439e-05 7.031e-05
897 7.54685e-05 6.99944e-05
898 4.48542e-05 2.95129e-05
899 -1.28665e-05 -2.88989e-05
900 -6.50506e-05 -7.23475e-05
901 -8.12371e-05 -7.57122e-05
902 -5.09387e-05 -3.60153e-05
903 9.69425e-06 2.53839e-05
904 6.6528e-05 7.42438e-05
905 8.67447e-05 8.24385e-05
906 5.77996e-05 4.40377e-05
907 -4.94505e-06 -2.06615e-05
908 -6.64858e-05 -7.57982e-05
909 -9.18028e-05 -8.97681e-05
910 -6.57561e-05 -5.32864e-05
911 -1.95382e-06 1.4615e-05
912 6.44955e-05 7.64781e-05
913 9.63709e-05 9.70952e-05
914 7.51019e-05 6.35415e-05
915 1.13785e-05 -6.86057e-06
916 -6.03231e-05 -7.55131e-05
917 -0.000100406 -0.000103781
918 -8.58944e-05 -7.47433e-05
919 -2.34095e-05 -3.17134e-06
920 5.3838e-05 7.20816e-05
921 0.000103659 0.000109281
922 9.78112e-05 8.69378e-05
923 3.78583e-05 1.60352e-05
924 -4.48522e-05 -6.54932e-05
925 -0.000105532 -0.000113151
926 -0.000110137 -0.000100095
927 -5.43885e-05 -3.20424e-05
928 3.29887e-05 5.52787e-05
929 0.000105053 0.000114928
930 0.000121878 0.000113878
931 7.26394e-05 5.11038e-05
932 -1.76792e-05 -4.11602e-05
933 -0.000101024 -0.000113954
934 -0.000131918 -0.000127476
935 -9.22501e-05 -7.26977e-05
936 -1.67628e-06 2.29442e-05
937 9.22444e-05 0.000109253
938 0.000139127 0.000139575
939 0.000112738 9.59496e-05
940 2.54368e-05 -4.42289e-07
941 -7.77304e-05 -9.95497e-05
942 -0.000142356 -0.000148484
943 -0.00013327 -0.000119733
944 -5.34393e-05 -2.64748e-05
945 5.68457e-05 8.34884e-05
946 0.000140336 0.000152349
947 0.000152434 0.000142693
948 8.48171e-05 5.76558e-05
949 -2.93296e-05 -5.99529e-05
950 -0.000131589 -0.000149342
951 -0.00016814 -0.000163152
952 -0.000117965 -9.23431e-05
953 -4.70037e-06 2.84034e-05
954 0.000114477 0.000137783
955 0.00017773 0.000178951
956 0.000150613 0.000128868
957 4.46607e-05 1.08751e-05
958 -8.74681e-05 -0.000116207
959 -0.000178274 -0.000187362
960 -0.00017992 -0.000164501
961 -8.92684e-05 -5.66401e-05
962 4.95932e-05 8.34835e-05
963 0.00016696 0.000185205
964 0.00020253 0.000195532
965 0.0001362 0.000106619
966 -9.86113e-07 -3.91017e-05
967 -0.000141511 -0.000169258
968 -0.000214625 -0.000217547
969 -0.000181784 -0.000157418
970 -5.6652e-05 -1.63385e-05
971 0.000100565 0.000136898
972 0.000212086 0.000225834
973 0.000220923 0.000204416
974 0.000119776 8.05309e-05
975 -4.40828e-05 -8.6855e-05
976 -0.000190933 -0.00021588
977 -0.000247385 -0.000241739
978 -0.000182939 -0.000148959
979 -2.61418e-05 1.99326e-05
980 0.000148121 0.000183969
981 0.000254502 0.000262514
982 0.000238949 0.000214713
983 0.000105909 6.04233e-05
984 -8.26292e-05 -0.000127984
985 -0.0002362 -0.000259605
986 -0.000279264 -0.00026881
987 -0.000188117 -0.000147758
988 -3.38204e-06 4.84238e-05
989 0.000188256 0.000226882
990 0.000294738 0.000301051
991 0.000262656 0.000232504
992 0.000103656 5.04341e-05
993 -0.00010964 -0.000160933
994 -0.000276853 -0.00030144
995 -0.000316991 -0.00030236
996 -0.000207438 -0.000159651
997 3.89895e-06 6.28117e-05
998 0.000219624 0.000261962
999 0.000337797 0.000343245
