0 0.00654099 -0.0055638
1 0.00504092 -0.00305422
2 0.00227667 0.000160186
3 -0.000977814 0.00320206
4 -0.00384094 0.00526583
5 -0.00556128 0.00583197
6 -0.00571629 0.00480014
7 -0.00431869 0.0025063
8 -0.00180268 -0.000379461
9 0.00110475 -0.00304455
10 0.00359068 -0.0047612
11 0.0049829 -0.00508616
12 0.00493301 -0.00397744
13 0.00350569 -0.00179643
14 0.00115032 0.000803782
15 -0.00143524 0.00307076
16 -0.00350863 0.00436968
17 -0.00449575 0.00436238
18 -0.00415131 0.00309719
19 -0.00262157 0.000985186
20 -0.000392236 -0.00132867
21 0.00186157 -0.00315993
22 0.00347804 -0.00398679
23 0.00400337 -0.00360009
24 0.00332075 -0.00215759
25 0.00167636 -0.000127726
26 -0.000403577 0.00185879
27 -0.00227815 0.00320349
28 -0.00338809 0.00352096
29 -0.00342329 0.00275093
30 -0.002411 0.00116829
31 -0.000698944 -0.000710404
32 0.00116 -0.00229314
33 0.00258427 -0.00309835
34 0.00314555 -0.00290224
35 0.00269891 -0.0018021
36 0.00142092 -0.000177174
37 -0.00025467 0.0014387
38 -0.00178157 0.00253098
39 -0.00267812 0.00276847
40 -0.00267974 0.00210511
41 -0.001818 0.00078748
42 -0.000402495 -0.000732961
43 0.00108705 -0.00195272
44 0.00216163 -0.00248275
45 0.00248342 -0.00217346
46 0.00197307 -0.00115755
47 0.000829258 0.000201983
48 -0.000544693 0.00143918
49 -0.00168112 0.00214393
50 -0.00220689 0.00209817
51 -0.00196674 0.00134426
52 -0.00106984 0.00016354
53 0.000154814 -0.00102581
54 0.00127696 -0.00181567
55 0.00191545 -0.00194816
56 0.00186789 -0.00140092
57 0.00117554 -0.000388589
58 0.000102133 0.000718606
59 -0.000964022 0.00152906
60 -0.00164935 0.00176833
61 -0.00172597 0.00137279
62 -0.00118845 0.000506073
63 -0.000249784 -0.000505853
64 0.00074047 -0.00129587
65 0.00142533 -0.00158847
66 0.00156925 -0.00129621
67 0.00113998 -0.000545962
68 0.000314361 0.000373075
69 -0.000592225 0.00111921
70 -0.00124534 0.00142482
71 -0.00141468 0.00119293
72 -0.00105571 0.000528538
73 -0.000320516 -0.00030583
74 0.000504286 -0.000992525
75 0.00110799 -0.00127952
76 0.00127249 -0.00107349
77 0.000951581 -0.000470481
78 0.000283694 0.000286234
79 -0.00046546 0.000903193
80 -0.00100748 0.00115025
81 -0.0011423 0.000946619
82 -0.000832743 0.000387262
83 -0.000214389 -0.000299048
84 0.000461947 -0.000842022
85 0.000931258 -0.00103581
86 0.00101828 -0.00081725
87 0.000703349 -0.000286647
88 0.000125245 0.00033607
89 -0.000478519 0.000801366
90 -0.000868534 0.000929947
91 -0.000898245 0.000682455
92 -0.000569168 0.000171491
93 -2.5776e-05 -0.000387929
94 0.000506435 -0.000768248
95 0.000813692 -0.000822118
96 0.000779745 -0.000539946
97 0.000430323 -4.94761e-05
98 -8.10762e-05 0.000440924
99 -0.000539321 0.000730344
100 -0.000757759 0.000707602
101 -0.000654655 0.000393998
102 -0.000284312 -6.98457e-05
103 0.000189386 -0.00048598
104 0.000564797 -0.000682998
105 0.000688377 -0.00058653
106 0.00051785 -0.000247477
107 0.000136412 0.000182839
108 -0.000286671 0.000519182
109 -0.000570713 0.000621809
110 -0.000600643 0.000454893
111 -0.000373609 9.92747e-05
112 3.67136e-06 -0.000285328
113 0.000364089 -0.000531547
114 0.000553546 -0.000537423
115 0.000496629 -0.000309154
116 0.000226725 4.4778e-05
117 -0.000131485 0.000364476
118 -0.00041866 0.000510807
119 -0.000511288 0.000426184
120 -0.000375076 0.000157191
121 -7.79458e-05 -0.000169802
122 0.000242607 -0.000407601
123 0.000442655 -0.000454258
124 0.000436674 -0.000296669
125 0.000234636 -1.31537e-05
126 -6.5124e-05 0.000264663
127 -0.0003232 0.000412401
128 -0.000423992 0.000368343
129 -0.000327805 0.000159216
130 -8.64205e-05 -0.000114405
131 0.000183936 -0.000325655
132 0.000358359 -0.00037984
133 0.000360948 -0.000257067
134 0.000197738 -1.97346e-05
135 -4.93198e-05 0.000218229
136 -0.00026301 0.000345673
137 -0.000346112 0.00030637
138 -0.000265389 0.000124334
139 -6.45881e-05 -0.000109488
140 0.000158408 -0.000282284
141 0.000298689 -0.000313978
142 0.00029334 -0.000194745
143 0.000149701 1.2462e-05
144 -5.98431e-05 0.000204732
145 -0.000233592 0.000290352
146 -0.000289544 0.000232723
147 -0.000204287 6.58639e-05
148 -2.31663e-05 -0.000124984
149 0.000163016 -0.000246753
150 0.000263228 -0.000243844
151 0.000230959 -0.000123292
152 8.6286e-05 5.1406e-05
153 -9.55699e-05 0.000193379
154 -0.000223109 0.000235253
155 -0.000234805 0.000160846
156 -0.000129169 1.09777e-05
157 3.63748e-05 -0.000138353
158 0.000176452 -0.000214027
159 0.000221895 -0.000181326
160 0.000154088 -5.98637e-05
161 1.22853e-05 8.73825e-05
162 -0.000128769 0.000186173
163 -0.000198223 0.00018821
164 -0.000164686 9.49517e-05
165 -5.01156e-05 -4.38611e-05
166 8.38956e-05 -0.000156189
167 0.000169059 -0.000184939
168 0.00016498 -0.000117283
169 7.79985e-05 9.23651e-06
170 -4.42532e-05 0.00012704
171 -0.000138615 0.000174549
172 -0.000158685 0.000128698
173 -9.73492e-05 1.65062e-05
174 1.11624e-05 -0.000100378
175 0.00010994 -0.000159543
176 0.000148828 -0.000131426
177 0.000109681 -3.43475e-05
178 1.48734e-05 7.68831e-05
179 -8.49725e-05 0.000141908
180 -0.000137603 0.000127785
181 -0.000116365 4.5786e-05
182 -3.39376e-05 -5.6614e-05
183 6.4687e-05 -0.000123197
184 0.000126395 -0.000119968
185 0.000118538 -5.24779e-05
186 4.65236e-05 3.93139e-05
187 -4.92903e-05 0.000104617
188 -0.000115919 0.000109908
189 -0.000117107 5.59765e-05
190 -5.33993e-05 -2.46297e-05
191 3.84343e-05 -8.71073e-05
192 0.000106395 -9.9191e-05
193 0.0001128 -5.75702e-05
194 5.54992e-05 1.22488e-05
195 -3.14206e-05 7.13782e-05
196 -9.77362e-05 8.90156e-05
197 -0.000106227 5.82068e-05
198 -5.38346e-05 -1.9592e-06
199 2.73797e-05 -5.79408e-05
200 8.97077e-05 -8.0193e-05
201 9.79298e-05 -5.84852e-05
202 4.94175e-05 -6.34345e-06
203 -2.54151e-05 4.71179e-05
204 -8.20437e-05 7.31745e-05
205 -8.84096e-05 5.86951e-05
206 -4.31965e-05 1.26836e-05
207 2.4706e-05 -3.90528e-05
208 7.45248e-05 -6.81017e-05
209 7.81391e-05 -5.88825e-05
210 3.60087e-05 -1.70474e-05
211 -2.45716e-05 3.37227e-05
212 -6.70134e-05 6.48707e-05
213 -6.75535e-05 5.89278e-05
214 -2.85467e-05 1.94245e-05
215 2.44993e-05 -3.09582e-05
216 5.94591e-05 -6.32006e-05
217 5.70366e-05 -5.86195e-05
218 2.13435e-05 -1.98419e-05
219 -2.41443e-05 3.04704e-05
220 -5.18824e-05 6.27018e-05
221 -4.69049e-05 5.77188e-05
222 -1.47731e-05 1.83849e-05
223 2.33098e-05 -3.18827e-05
224 4.43493e-05 -6.29359e-05
225 3.73956e-05 -5.60085e-05
226 9.06414e-06 -1.5205e-05
227 -2.19139e-05 3.47642e-05
228 -3.69414e-05 6.34666e-05
229 -2.86622e-05 5.33265e-05
230 -4.32463e-06 1.05181e-05
231 1.99526e-05 -3.86624e-05
232 2.9731e-05 -6.38974e-05
233 2.07777e-05 -4.9585e-05
234 5.71728e-07 -4.59384e-06
235 -1.74633e-05 4.31328e-05
236 -2.27617e-05 6.38993e-05
237 -1.37459e-05 4.47778e-05
238 2.23589e-06 -2.259e-06
239 1.44927e-05 -4.7763e-05
240 1.6039e-05 -6.32271e-05
241 7.51732e-06 -3.89791e-05
242 -4.16717e-06 9.70906e-06
243 -1.10738e-05 5.21922e-05
244 -9.52794e-06 6.17289e-05
245 -2.01001e-06 3.23368e-05
246 5.292e-06 -1.74192e-05
247 7.2101e-06 -5.61264e-05
248 3.15926e-06 -5.93489e-05
249 -2.87019e-06 -2.50625e-05
250 -5.66085e-06 2.50625e-05
251 -2.87019e-06 5.93489e-05
252 3.15926e-06 5.61264e-05
253 7.2101e-06 1.74192e-05
254 5.292e-06 -3.23368e-05
255 -2.01001e-06 -6.17289e-05
256 -9.52794e-06 -5.21922e-05
257 -1.10738e-05 -9.70906e-06
258 -4.16717e-06 3.89791e-05
259 7.51732e-06 6.32271e-05
260 1.6039e-05 4.7763e-05
261 1.44927e-05 2.259e-06
262 2.23589e-06 -4.47778e-05
263 -1.37459e-05 -6.38993e-05
264 -2.27617e-05 -4.31328e-05
265 -1.74633e-05 4.59384e-06
266 5.71728e-07 4.9585e-05
267 2.07777e-05 6.38974e-05
268 2.9731e-05 3.86624e-05
269 1.99526e-05 -1.05181e-05
270 -4.32463e-06 -5.33265e-05
271 -2.86622e-05 -6.34666e-05
272 -3.69414e-05 -3.47642e-05
273 -2.19139e-05 1.5205e-05
274 9.06414e-06 5.60085e-05
275 3.73956e-05 6.29359e-05
276 4.43493e-05 3.18827e-05
277 2.33098e-05 -1.83849e-05
278 -1.47731e-05 -5.77188e-05
279 -4.69049e-05 -6.27018e-05
280 -5.18824e-05 -3.04704e-05
281 -2.41443e-05 1.98419e-05
282 2.13435e-05 5.86195e-05
283 5.70366e-05 6.32006e-05
284 5.94591e-05 3.09582e-05
285 2.44993e-05 -1.94245e-05
286 -2.85467e-05 -5.89278e-05
287 -6.75535e-05 -6.48707e-05
288 -6.70134e-05 -3.37227e-05
289 -2.45716e-05 1.70474e-05
290 3.60087e-05 5.88825e-05
291 7.81391e-05 6.81017e-05
292 7.45248e-05 3.90528e-05
293 2.4706e-05 -1.26836e-05
294 -4.31965e-05 -5.86951e-05
295 -8.84096e-05 -7.31745e-05
296 -8.20437e-05 -4.71179e-05
297 -2.54151e-05 6.34345e-06
298 4.94175e-05 5.84852e-05
299 9.79298e-05 8.0193e-05
300 8.97077e-05 5.79408e-05
301 2.73797e-05 1.9592e-06
302 -5.38346e-05 -5.82068e-05
303 -0.000106227 -8.90156e-05
304 -9.77362e-05 -7.13782e-05
305 -3.14206e-05 -1.22488e-05
306 5.54992e-05 5.75702e-05
307 0.0001128 9.9191e-05
308 0.000106395 8.71073e-05
309 3.84343e-05 2.46297e-05
310 -5.33993e-05 -5.59765e-05
311 -0.000117107 -0.000109908
312 -0.000115919 -0.000104617
313 -4.92903e-05 -3.93139e-05
314 4.65236e-05 5.24779e-05
315 0.000118538 0.000119968
316 0.000126395 0.000123197
317 6.4687e-05 5.6614e-05
318 -3.39376e-05 -4.5786e-05
319 -0.000116365 -0.000127785
320 -0.000137603 -0.000141908
321 -8.49725e-05 -7.68831e-05
322 1.48734e-05 3.43475e-05
323 0.000109681 0.000131426
324 0.000148828 0.000159543
325 0.00010994 0.000100378
326 1.11624e-05 -1.65062e-05
327 -9.73492e-05 -0.000128698
328 -0.000158685 -0.000174549
329 -0.000138615 -0.00012704
330 -4.42532e-05 -9.23651e-06
331 7.79985e-05 0.000117283
332 0.00016498 0.000184939
333 0.000169059 0.000156189
334 8.38956e-05 4.38611e-05
335 -5.01156e-05 -9.49517e-05
336 -0.000164686 -0.00018821
337 -0.000198223 -0.000186173
338 -0.000128769 -8.73825e-05
339 1.22853e-05 5.98637e-05
340 0.000154088 0.000181326
341 0.000221895 0.000214027
342 0.000176452 0.000138353
343 3.63748e-05 -1.09777e-05
344 -0.000129169 -0.000160846
345 -0.000234805 -0.000235253
346 -0.000223109 -0.000193379
347 -9.55699e-05 -5.1406e-05
348 8.6286e-05 0.000123292
349 0.000230959 0.000243844
350 0.000263228 0.000246753
351 0.000163016 0.000124984
352 -2.31663e-05 -6.58639e-05
353 -0.000204287 -0.000232723
354 -0.000289544 -0.000290352
355 -0.000233592 -0.000204732
356 -5.98431e-05 -1.2462e-05
357 0.000149701 0.000194745
358 0.00029334 0.000313978
359 0.000298689 0.000282284
360 0.000158408 0.000109488
361 -6.45881e-05 -0.000124334
362 -0.000265389 -0.00030637
363 -0.000346112 -0.000345673
364 -0.00026301 -0.000218229
365 -4.93198e-05 1.97346e-05
366 0.000197738 0.000257067
367 0.000360948 0.00037984
368 0.000358359 0.000325655
369 0.000183936 0.000114405
370 -8.64205e-05 -0.000159216
371 -0.000327805 -0.000368343
372 -0.000423992 -0.000412401
373 -0.0003232 -0.000264663
374 -6.5124e-05 1.31537e-05
375 0.000234636 0.000296669
376 0.000436674 0.000454258
377 0.000442655 0.000407601
378 0.000242607 0.000169802
379 -7.79458e-05 -0.000157191
380 -0.000375076 -0.000426184
381 -0.000511288 -0.000510807
382 -0.00041866 -0.000364476
383 -0.000131485 -4.4778e-05
384 0.000226725 0.000309154
385 0.000496629 0.000537423
386 0.000553546 0.000531547
387 0.000364089 0.000285328
388 3.67136e-06 -9.92747e-05
389 -0.000373609 -0.000454893
390 -0.000600643 -0.000621809
391 -0.000570713 -0.000519182
392 -0.000286671 -0.000182839
393 0.000136412 0.000247477
394 0.00051785 0.00058653
395 0.000688377 0.000682998
396 0.000564797 0.00048598
397 0.000189386 6.98457e-05
398 -0.000284312 -0.000393998
399 -0.000654655 -0.000707602
400 -0.000757759 -0.000730344
401 -0.000539321 -0.000440924
402 -8.10762e-05 4.94761e-05
403 0.000430323 0.000539946
404 0.000779745 0.000822118
405 0.000813692 0.000768248
406 0.000506435 0.000387929
407 -2.5776e-05 -0.000171491
408 -0.000569168 -0.000682455
409 -0.000898245 -0.000929947
410 -0.000868534 -0.000801366
411 -0.000478519 -0.00033607
412 0.000125245 0.000286647
413 0.000703349 0.00081725
414 0.00101828 0.00103581
415 0.000931258 0.000842022
416 0.000461947 0.000299048
417 -0.000214389 -0.000387262
418 -0.000832743 -0.000946619
419 -0.0011423 -0.00115025
420 -0.00100748 -0.000903193
421 -0.00046546 -0.000286234
422 0.000283694 0.000470481
423 0.000951581 0.00107349
424 0.00127249 0.00127952
425 0.00110799 0.000992525
426 0.000504286 0.00030583
427 -0.000320516 -0.000528538
428 -0.00105571 -0.00119293
429 -0.00141468 -0.00142482
430 -0.00124534 -0.00111921
431 -0.000592225 -0.000373075
432 0.000314361 0.000545962
433 0.00113998 0.00129621
434 0.00156925 0.00158847
435 0.00142533 0.00129587
436 0.00074047 0.000505853
437 -0.000249784 -0.000506073
438 -0.00118845 -0.00137279
439 -0.00172597 -0.00176833
440 -0.00164935 -0.00152906
441 -0.000964022 -0.000718606
442 0.000102133 0.000388589
443 0.00117554 0.00140092
444 0.00186789 0.00194816
445 0.00191545 0.00181567
446 0.00127696 0.00102581
447 0.000154814 -0.00016354
448 -0.00106984 -0.00134426
449 -0.00196674 -0.00209817
450 -0.00220689 -0.00214393
451 -0.00168112 -0.00143918
452 -0.000544693 -0.000201983
453 0.000829258 0.00115755
454 0.00197307 0.00217346
455 0.00248342 0.00248275
456 0.00216163 0.00195272
457 0.00108705 0.000732961
458 -0.000402495 -0.00078748
459 -0.001818 -0.00210511
460 -0.00267974 -0.00276847
461 -0.00267812 -0.00253098
462 -0.00178157 -0.0014387
463 -0.00025467 0.000177174
464 0.00142092 0.0018021
465 0.00269891 0.00290224
466 0.00314555 0.00309835
467 0.00258427 0.00229314
468 0.00116 0.000710404
469 -0.000698944 -0.00116829
470 -0.002411 -0.00275093
471 -0.00342329 -0.00352096
472 -0.00338809 -0.00320349
473 -0.00227815 -0.00185879
474 -0.000403577 0.000127726
475 0.00167636 0.00215759
476 0.00332075 0.00360009
477 0.00400337 0.00398679
478 0.00347804 0.00315993
479 0.00186157 0.00132867
480 -0.000392236 -0.000985186
481 -0.00262157 -0.00309719
482 -0.00415131 -0.00436238
483 -0.00449575 -0.00436968
484 -0.00350863 -0.00307076
485 -0.00143524 -0.000803782
486 0.00115032 0.00179643
487 0.00350569 0.00397744
488 0.00493301 0.00508616
489 0.0049829 0.0047612
490 0.00359068 0.00304455
491 0.00110475 0.000379461
492 -0.00180268 -0.0025063
493 -0.00431869 -0.00480014
494 -0.00571629 -0.00583197
495 -0.00556128 -0.00526583
496 -0.00384094 -0.00320206
497 -0.000977814 -0.000160186
498 0.00227667 0.00305422
499 0.00504092 0.0055638
500 0.00654099 0.00665732
501 0.00632331 0.00598677
502 0.00438484 0.00366985
503 0.00118469 0.000269413
504 -0.00246732 -0.00334613
505 -0.00561724 -0.00622569
506 -0.00741523 -0.00758384
507 -0.00734092 -0.00701023
508 -0.00534676 -0.00458499
509 -0.00188118 -0.000869554
510 0.00221549 0.00322648
511 0.00591699 0.00666962
512 0.00826768 0.00856195
513 0.00862531 0.00837072
514 0.00682913 0.00606996
515 0.00325086 0.00215815
516 -0.00128547 -0.00245341
517 -0.00569614 -0.00665537
518 -0.00889705 -0.00940663
519 -0.0100671 -0.00998808
520 -0.0088521 -0.00818289
521 -0.00545953 -0.00433922
522 -0.0006213 0.000700225
523 0.00456827 0.00578665
524 0.00890164 0.009728
525 0.0113372 0.0115656
526 0.0112436 0.0108006
527 0.0085541 0.00751803
528 0.00379273 0.00237899
529 -0.00203182 -0.00351681
530 -0.00764369 -0.00886936
531 -0.0117797 -0.0124643
532 -0.0134698 -0.0134433
533 -0.0122567 -0.0115004
534 -0.00830551 -0.00695896
535 -0.00238014 -0.000714289
536 0.00430966 0.00594807
537 0.0103583 0.0116192
538 0.0144589 0.0150629
539 0.01568 0.0154782
540 0.0136677 0.0126748
541 0.00872899 0.00712322
542 0.00178119 -0.000129316
543 -0.00582471 -0.00766203
544 -0.0125696 -0.0139608
545 -0.0170683 -0.01772
546 -0.0183476 -0.0181056
547 -0.0160457 -0.0149276
548 -0.0104932 -0.00868805
549 -0.00266081 -0.000495056
550 0.00601706 0.00813994
551 0.0139088 0.0155837
552 0.0194917 0.0203879
553 0.0216389 0.0215631
554 0.0198361 0.0187702
555 0.0142851 0.0123922
556 0.00587813 0.00347571
557 -0.00395362 -0.00644863
558 -0.013489 -0.0156335
559 -0.0210189 -0.0224216
560 -0.0251481 -0.0255388
561 -0.0250431 -0.024321
562 -0.0205839 -0.0188375
563 -0.0123944 -0.00988853
564 -0.00174601 0.00112042
565 0.00964802 0.0124069
566 0.019912 0.0221026
567 0.0273151 0.0285601
568 0.0305557 0.0306228
569 0.0289764 0.0278177
570 0.0226767 0.020438
571 0.0125056 0.00950542
572 -6.36587e-05 -0.00338177
573 -0.0131556 -0.01629
574 -0.0247761 -0.0272428
575 -0.0331134 -0.0345196
576 -0.0368125 -0.0369155
577 -0.0351794 -0.0339242
578 -0.0282896 -0.0258179
579 -0.0169825 -0.0136139
580 -0.00274779 0.00106458
581 0.0124822 0.0162142
582 0.0265995 0.0297287
583 0.0376121 0.0396896
584 0.043917 0.0446288
585 0.0445194 0.0437296
586 0.0391689 0.0369381
587 0.0283961 0.0249746
588 0.0134467 0.00924241
589 -0.00387618 -0.00834882
590 -0.0214392 -0.025624
591 -0.0370455 -0.0404134
592 -0.0487064 -0.0508206
593 -0.0548845 -0.0554536
594 -0.0546795 -0.0535923
595 -0.0479358 -0.0452743
596 -0.0352605 -0.0312901
597 -0.0179527 -0.013092
598 0.0021448 0.00737187
599 0.0228539 0.0278763
600 0.0419025 0.0461649
601 0.0571724 0.0601952
602 0.0669262 0.068356
603 0.0699888 0.0696348
604 0.065867 0.0637196
605 0.0547956 0.0510262
606 0.0377091 0.0326514
607 0.0161433 0.0102598
608 -0.0079189 -0.0140832
609 -0.0322421 -0.038112
610 -0.054551 -0.059575
611 -0.0727418 -0.0764423
612 -0.085071 -0.0870863
613 -0.0903065 -0.0904211
614 -0.0878283 -0.0859892
615 -0.0776726 -0.0739913
616 -0.0605177 -0.0552583
617 -0.0376174 -0.0311719
618 -0.0106879 -0.00354249
619 0.0182374 0.0255426
620 0.0469731 0.0538868
621 0.0733517 0.079353
622 0.0953855 0.100022
623 0.111407 0.114324
624 0.120178 0.121144
625 0.120968 0.119883
626 0.113585 0.110485
627 0.0983701 0.0934219
628 0.0761628 0.0696463
629 0.0482251 0.0405121
630 0.0161487 0.00767708
631 -0.0182542 -0.0270095
632 -0.0530671 -0.0616237
633 -0.0863847 -0.0942797
634 -0.116418 -0.123234
635 -0.141589 -0.146971
636 -0.160598 -0.164273
637 -0.172483 -0.174265
638 -0.176642 -0.17644
639 -0.172846 -0.170657
640 -0.161219 -0.15713
641 -0.142215 -0.136385
642 -0.116571 -0.109223
643 -0.0852508 -0.0766541
644 -0.0493869 -0.0398447
645 -0.0102186 -5.05054e-05
646 0.0309699 0.0414423
647 0.0729061 0.0833719
648 0.114379 0.12455
649 0.15428 0.163899
650 0.191638 0.200487
651 0.225641 0.233542
652 0.255648 0.262469
653 0.281196 0.28685
654 0.301997 0.306437
655 0.317927 0.321147
656 0.329013 0.331041
657 0.335411 0.336305
658 0.33739 0.337231
659 0.335304 0.334192
660 0.329573 0.32762
661 0.32066 0.317988
662 0.309054 0.305785
663 0.295246 0.291503
664 0.279719 0.275621
665 0.262935 0.25859
666 0.245321 0.240832
667 0.227266 0.222723
668 0.209115 0.204595
669 0.191164 0.186736
670 0.173663 0.169381
671 0.156815 0.152724
672 0.14078 0.136912
673 0.125674 0.122052
674 0.111578 0.108218
675 0.0985397 0.0954481
676 0.0865778 0.0837556
677 0.0756877 0.0731304
678 0.0658449 0.0635439
679 0.0570099 0.0549532
680 0.0491312 0.0473046
681 0.0421492 0.0405368
682 0.0359989 0.0345839
683 0.0306124 0.0293776
684 0.025921 0.0248493
685 0.0218569 0.0209316
686 0.0183544 0.0175597
687 0.0153512 0.0146719
688 0.0127886 0.0122108
689 0.0106124 0.0101232
690 0.00877289 0.00836054
691 0.00722493 0.00687895
692 0.00592807 0.00563903
693 0.00484625 0.00460581
694 0.00394763 0.00374843
695 0.00320425 0.00303989
696 0.00259177 0.00245671
697 0.00208913 0.00197859
698 0.00167825 0.00158812
699 0.00134366 0.00127044
700 0.00107222 0.00101295
701 0.000852808 0.000805014
702 0.000676099 0.000637704
703 0.000534292 0.000503557
704 0.000420896 0.000396374
705 0.000330535 0.000311032
706 0.000258773 0.000243314
707 0.000201968 0.000189763
708 0.000157154 0.000147552
709 0.000121918 0.000114386
710 9.43065e-05 8.84107e-05
711 7.27359e-05 6.81346e-05
712 5.59339e-05 5.23588e-05
713 4.28864e-05 4.01218e-05
714 3.27887e-05 3.06563e-05
715 2.50007e-05 2.33558e-05
716 1.90114e-05 1.77434e-05
717 1.44156e-05 1.34441e-05
718 1.08978e-05 1.01604e-05
719 8.21508e-06 7.65789e-06
720 6.17826e-06 5.75427e-06
721 4.6364e-06 4.31089e-06
722 3.46967e-06 3.22177e-06
723 2.58712e-06 2.40346e-06
724 1.92263e-06 1.78908e-06
725 1.42659e-06 1.32696e-06
726 1.05815e-06 9.79888e-07
727 7.83057e-07 7.217e-07
728 5.75921e-07 5.31917e-07
729 4.20897e-07 3.92423e-07
730 3.07707e-07 2.88125e-07
731 2.26532e-07 2.09171e-07
732 1.66956e-07 1.50712e-07
733 1.21113e-07 1.09566e-07
734 8.59798e-08 8.11681e-08
735 6.12898e-08 6.00094e-08
736 4.54483e-08 4.25821e-08
737 3.44366e-08 2.88305e-08
738 2.47343e-08 2.0056e-08
739 1.61062e-08 1.56984e-08
740 1.04761e-08 1.28628e-08
741 8.36863e-09 9.07463e-09
742 7.55851e-09 4.73708e-09
743 5.56139e-09 2.15752e-09
744 2.53622e-09 2.31576e-09
745 7.28823e-10 3.38871e-09
746 1.24509e-09 2.85586e-09
747 2.45958e-09 5.27314e-10
748 2.12655e-09 -1.31876e-09
749 3.20272e-10 -8.72891e-10
750 -7.32026e-10 8.72891e-10
751 3.20272e-10 1.31876e-09
752 2.12655e-09 -5.27314e-10
753 2.45958e-09 -2.85586e-09
754 1.24509e-09 -3.38871e-09
755 7.28823e-10 -2.31576e-09
756 2.53622e-09 -2.15752e-09
757 5.56139e-09 -4.73708e-09
758 7.55851e-09 -9.07463e-09
759 8.36863e-09 -1.28628e-08
760 1.04761e-08 -1.56984e-08
761 1.61062e-08 -2.0056e-08
762 2.47343e-08 -2.88305e-08
763 3.44366e-08 -4.25821e-08
764 4.54483e-08 -6.00094e-08
765 6.12898e-08 -8.11681e-08
766 8.59798e-08 -1.09566e-07
767 1.21113e-07 -1.50712e-07
768 1.66956e-07 -2.09171e-07
769 2.26532e-07 -2.88125e-07
770 3.07707e-07 -3.92423e-07
771 4.20897e-07 -5.31917e-07
772 5.75921e-07 -7.217e-07
773 7.83057e-07 -9.79888e-07
774 1.05815e-06 -1.32696e-06
775 1.42659e-06 -1.78908e-06
776 1.92263e-06 -2.40346e-06
777 2.58712e-06 -3.22177e-06
778 3.46967e-06 -4.31089e-06
779 4.6364e-06 -5.75427e-06
780 6.17826e-06 -7.65789e-06
781 8.21508e-06 -1.01604e-05
782 1.08978e-05 -1.34441e-05
783 1.44156e-05 -1.77434e-05
784 1.90114e-05 -2.33558e-05
785 2.50007e-05 -3.06563e-05
786 3.27887e-05 -4.01218e-05
787 4.28864e-05 -5.23588e-05
788 5.59339e-05 -6.81346e-05
789 7.27359e-05 -8.84107e-05
790 9.43065e-05 -0.000114386
791 0.000121918 -0.000147552
792 0.000157154 -0.000189763
793 0.000201968 -0.000243314
794 0.000258773 -0.000311032
795 0.000330535 -0.000396374
796 0.000420896 -0.000503557
797 0.000534292 -0.000637704
798 0.000676099 -0.000805014
799 0.000852808 -0.00101295
800 0.00107222 -0.00127044
801 0.00134366 -0.00158812
802 0.00167825 -0.00197859
803 0.00208913 -0.00245671
804 0.00259177 -0.00303989
805 0.00320425 -0.00374843
806 0.00394763 -0.00460581
807 0.00484625 -0.00563903
808 0.00592807 -0.00687895
809 0.00722493 -0.00836054
810 0.00877289 -0.0101232
811 0.0106124 -0.0122108
812 0.0127886 -0.0146719
813 0.0153512 -0.0175597
814 0.0183544 -0.0209316
815 0.0218569 -0.0248493
816 0.025921 -0.0293776
817 0.0306124 -0.0345839
818 0.0359989 -0.0405368
819 0.0421492 -0.0473046
820 0.0491312 -0.0549532
821 0.0570099 -0.0635439
822 0.0658449 -0.0731304
823 0.0756877 -0.0837556
824 0.0865778 -0.0954481
825 0.0985397 -0.108218
826 0.111578 -0.122052
827 0.125674 -0.136912
828 0.14078 -0.152724
829 0.156815 -0.169381
830 0.173663 -0.186736
831 0.191164 -0.204595
832 0.209115 -0.222723
833 0.227266 -0.240832
834 0.245321 -0.25859
835 0.262935 -0.275621
836 0.279719 -0.291503
837 0.295246 -0.305785
838 0.309054 -0.317988
839 0.32066 -0.32762
840 0.329573 -0.334192
841 0.335304 -0.337231
842 0.33739 -0.336305
843 0.335411 -0.331041
844 0.329013 -0.321147
845 0.317927 -0.306437
846 0.301997 -0.28685
847 0.281196 -0.262469
848 0.255648 -0.233542
849 0.225641 -0.200487
850 0.191638 -0.163899
851 0.15428 -0.12455
852 0.114379 -0.0833719
853 0.0729061 -0.0414423
854 0.0309699 5.05054e-05
855 -0.0102186 0.0398447
856 -0.0493869 0.0766541
857 -0.0852508 0.109223
858 -0.116571 0.136385
859 -0.142215 0.15713
860 -0.161219 0.170657
861 -0.172846 0.17644
862 -0.176642 0.174265
863 -0.172483 0.164273
864 -0.160598 0.146971
865 -0.141589 0.123234
866 -0.116418 0.0942797
867 -0.0863847 0.0616237
868 -0.0530671 0.0270095
869 -0.0182542 -0.00767708
870 0.0161487 -0.0405121
871 0.0482251 -0.0696463
872 0.0761628 -0.0934219
873 0.0983701 -0.110485
874 0.113585 -0.119883
875 0.120968 -0.121144
876 0.120178 -0.114324
877 0.111407 -0.100022
878 0.0953855 -0.079353
879 0.0733517 -0.0538868
880 0.0469731 -0.0255426
881 0.0182374 0.00354249
882 -0.0106879 0.0311719
883 -0.0376174 0.0552583
884 -0.0605177 0.0739913
885 -0.0776726 0.0859892
886 -0.0878283 0.0904211
887 -0.0903065 0.0870863
888 -0.085071 0.0764423
889 -0.0727418 0.059575
890 -0.054551 0.038112
891 -0.0322421 0.0140832
892 -0.0079189 -0.0102598
893 0.0161433 -0.0326514
894 0.0377091 -0.0510262
895 0.0547956 -0.0637196
896 0.065867 -0.0696348
897 0.0699888 -0.068356
898 0.0669262 -0.0601952
899 0.0571724 -0.0461649
900 0.0419025 -0.0278763
901 0.0228539 -0.00737187
902 0.0021448 0.013092
903 -0.0179527 0.0312901
904 -0.0352605 0.0452743
905 -0.0479358 0.0535923
906 -0.0546795 0.0554536
907 -0.0548845 0.0508206
908 -0.0487064 0.0404134
909 -0.0370455 0.025624
910 -0.0214392 0.00834882
911 -0.00387618 -0.00924241
912 0.0134467 -0.0249746
913 0.0283961 -0.0369381
914 0.0391689 -0.0437296
915 0.0445194 -0.0446288
916 0.043917 -0.0396896
917 0.0376121 -0.0297287
918 0.0265995 -0.0162142
919 0.0124822 -0.00106458
920 -0.00274779 0.0136139
921 -0.0169825 0.0258179
922 -0.0282896 0.0339242
923 -0.0351794 0.0369155
924 -0.0368125 0.0345196
925 -0.0331134 0.0272428
926 -0.0247761 0.01629
927 -0.0131556 0.00338177
928 -6.36587e-05 -0.00950542
929 0.0125056 -0.020438
930 0.0226767 -0.0278177
931 0.0289764 -0.0306228
932 0.0305557 -0.0285601
933 0.0273151 -0.0221026
934 0.019912 -0.0124069
935 0.00964802 -0.00112042
936 -0.00174601 0.00988853
937 -0.0123944 0.0188375
938 -0.0205839 0.024321
939 -0.0250431 0.0255388
940 -0.0251481 0.0224216
941 -0.0210189 0.0156335
942 -0.013489 0.00644863
943 -0.00395362 -0.00347571
944 0.00587813 -0.0123922
945 0.0142851 -0.0187702
946 0.0198361 -0.0215631
947 0.0216389 -0.0203879
948 0.0194917 -0.0155837
949 0.0139088 -0.00813994
950 0.00601706 0.000495056
951 -0.00266081 0.00868805
952 -0.0104932 0.0149276
953 -0.0160457 0.0181056
954 -0.0183476 0.01772
955 -0.0170683 0.0139608
956 -0.0125696 0.00766203
957 -0.00582471 0.000129316
958 0.00178119 -0.00712322
959 0.00872899 -0.0126748
960 0.0136677 -0.0154782
961 0.01568 -0.0150629
962 0.0144589 -0.0116192
963 0.0103583 -0.00594807
964 0.00430966 0.000714289
965 -0.00238014 0.00695896
966 -0.00830551 0.0115004
967 -0.0122567 0.0134433
968 -0.0134698 0.0124643
969 -0.0117797 0.00886936
970 -0.00764369 0.00351681
971 -0.00203182 -0.00237899
972 0.00379273 -0.00751803
973 0.0085541 -0.0108006
974 0.0112436 -0.0115656
975 0.0113372 -0.009728
976 0.00890164 -0.00578665
977 0.00456827 -0.000700225
978 -0.0006213 0.00433922
979 -0.00545953 0.00818289
980 -0.0088521 0.00998808
981 -0.0100671 0.00940663
982 -0.00889705 0.00665537
983 -0.00569614 0.00245341
984 -0.00128547 -0.00215815
985 0.00325086 -0.00606996
986 0.00682913 -0.00837072
987 0.00862531 -0.00856195
988 0.00826768 -0.00666962
989 0.00591699 -0.00322648
990 0.00221549 0.000869554
991 -0.00188118 0.00458499
992 -0.00534676 0.00701023
993 -0.00734092 0.00758384
994 -0.00741523 0.00622569
995 -0.00561724 0.00334613
996 -0.00246732 -0.000269413
997 0.00118469 -0.00366985
998 0.00438484 -0.00598677
999 0.00632331 -0.00665732
