0 1.05865e-37 -3.97708e-37
1 5.87708e-37 -2.18192e-36
2 3.21548e-36 -1.17972e-35
3 1.73376e-35 -6.28592e-35
4 9.2123e-35 -3.30054e-34
5 4.82354e-34 -1.70769e-33
6 2.48864e-33 -8.70606e-33
7 1.26513e-32 -4.37319e-32
8 6.33668e-32 -2.1643e-31
9 3.12696e-31 -1.05526e-30
10 1.52017e-30 -5.06867e-30
11 7.28023e-30 -2.39829e-29
12 3.43448e-29 -1.11778e-28
13 1.59592e-28 -5.13137e-28
14 7.30421e-28 -2.32009e-27
15 3.29244e-27 -1.0331e-26
16 1.46156e-26 -4.53024e-26
17 6.38919e-26 -1.95619e-25
18 2.75024e-25 -8.31724e-25
19 1.16564e-24 -3.48176e-24
20 4.86404e-24 -1.43495e-23
21 1.99818e-23 -5.82184e-23
22 8.08062e-23 -2.32508e-22
23 3.21658e-22 -9.13972e-22
24 1.26023e-21 -3.536e-21
25 4.85931e-21 -1.34629e-20
26 1.84388e-20 -5.04398e-20
27 6.88469e-20 -1.85943e-19
28 2.52926e-19 -6.74399e-19
29 9.14153e-19 -2.40628e-18
30 3.25027e-18 -8.44544e-18
31 1.13672e-17 -2.91544e-17
32 3.91001e-17 -9.89801e-17
33 1.32265e-16 -3.3045e-16
34 4.39959e-16 -1.08476e-15
35 1.4389e-15 -3.50087e-15
36 4.62645e-15 -1.11068e-14
37 1.46224e-14 -3.46353e-14
38 4.5424e-14 -1.06148e-13
39 1.38675e-13 -3.19679e-13
40 4.16007e-13 -9.45946e-13
41 1.22613e-12 -2.74987e-12
42 3.55011e-12 -7.85215e-12
43 1.00962e-11 -2.20209e-11
44 2.81985e-11 -6.06435e-11
45 7.73347e-11 -1.63973e-10
46 2.08228e-10 -4.35238e-10
47 5.5036e-10 -1.13391e-09
48 1.42767e-09 -2.89902e-09
49 3.6342e-09 -7.27224e-09
50 9.07628e-09 -1.78958e-08
51 2.22355e-08 -4.31933e-08
52 5.34247e-08 -1.0223e-07
53 1.25865e-07 -2.37217e-07
54 2.90703e-07 -5.39545e-07
55 6.5808e-07 -1.20262e-06
56 1.45981e-06 -2.62631e-06
57 3.17249e-06 -5.61795e-06
58 6.75282e-06 -1.17683e-05
59 1.40748e-05 -2.41345e-05
60 2.87179e-05 -4.84436e-05
61 5.73457e-05 -9.5144e-05
62 0.000112036 -0.000182786
63 0.00021409 -0.00034339
64 0.000400014 -0.000630624
65 0.000730551 -0.00113173
66 0.00130368 -0.00198401
67 0.00227235 -0.00339633
68 0.00386719 -0.00567499
69 0.00642326 -0.00925177
70 0.010408 -0.0147093
71 0.0164447 -0.022796
72 0.0253238 -0.0344193
73 0.0379879 -0.0506044
74 0.0554802 -0.0724043
75 0.0788406 -0.100754
76 0.108945 -0.136266
77 0.14629 -0.178993
78 0.190745 -0.228172
79 0.241313 -0.282037
80 0.295951 -0.337725
81 0.351534 -0.391381
82 0.403991 -0.438464
83 0.448686 -0.474277
84 0.480986 -0.494653
85 0.496969 -0.496676
86 0.494138 -0.479284
87 0.471963 -0.443604
88 0.43213 -0.392897
89 0.378378 -0.332098
90 0.315951 -0.267028
91 0.250741 -0.20344
92 0.18834 -0.14614
93 0.133202 -0.0983559
94 0.0881002 -0.0614923
95 0.0539929 -0.0352822
96 0.0302546 -0.018234
97 0.0151775 -0.00821697
98 0.00656287 -0.00301464
99 0.00224486 -0.000724466
100 0.000439312 4.73617e-05
101 -0.000111473 0.000173295
102 -0.000162592 0.000108579
103 -8.76721e-05 3.70692e-05
104 -2.48893e-05 1.88923e-06
105 1.8051e-06 -6.21711e-06
106 6.0108e-06 -3.97269e-06
107 3.07347e-06 -9.49776e-07
108 4.73143e-07 3.0077e-07
109 -3.73822e-07 3.4518e-07
110 -2.82446e-07 1.04595e-07
111 -5.76083e-08 -2.31636e-08
112 3.20879e-08 -3.17114e-08
113 2.56374e-08 -8.2274e-09
114 3.70895e-09 3.43587e-09
115 -3.93993e-09 2.98804e-09
116 -2.19609e-09 3.01522e-10
117 9.05466e-11 -5.37484e-10
118 4.94413e-10 -2.25672e-10
119 1.25987e-10 5.23349e-11
120 -7.15454e-11 6.20707e-11
121 -4.50746e-11 3.35505e-12
122 5.0766e-12 -1.27607e-11
123 1.08445e-11 -3.22228e-12
124 9.45151e-13 2.23162e-12
125 -2.21293e-12 1.05419e-12
126 -5.37408e-13 -3.50258e-13
127 4.18457e-13 -2.74063e-13
128 1.64958e-13 5.13785e-14
129 -7.79281e-14 6.52246e-14
130 -4.24637e-14 -7.78185e-15
131 1.52683e-14 -1.51624e-14
132 1.01846e-14 1.58201e-15
133 -3.55826e-15 3.41249e-15
134 -2.02856e-15 -4.60387e-16
135 7.90944e-16 -6.23205e-16
136 4.18474e-16 1.29239e-16
137 -1.69033e-16 9.22048e-17
138 -2.19283e-17 -4.09261e-17
139 1.12228e-16 -4.7415e-17
140 1.38055e-16 6.47696e-18
141 5.33422e-17 6.74786e-18
142 5.46834e-17 1.77218e-16
143 4.1355e-17 -1.40159e-16
144 1.02455e-16 3.85219e-17
145 6.13561e-17 -3.12482e-17
146 -3.91687e-17 -1.02084e-16
147 -5.40833e-17 3.13073e-17
148 -1.95751e-17 -6.34448e-17
149 3.07004e-17 5.10551e-19
150 -2.37276e-17 3.77356e-17
151 -1.15654e-16 4.64312e-17
152 -3.54728e-17 -5.7048e-17
153 8.02067e-17 7.26919e-17
154 -1.60493e-16 5.70782e-17
155 -1.34992e-16 -5.01867e-17
156 9.70311e-17 3.51848e-17
157 -1.50343e-16 -9.99028e-17
158 -5.34973e-17 1.69846e-18
159 2.23545e-17 1.74811e-17
160 1.52808e-17 -3.26526e-17
161 -4.44827e-17 -1.56424e-16
162 2.76877e-17 8.43367e-17
163 -1.05352e-16 -8.08272e-17
164 1.1207e-16 -8.20953e-17
165 -1.30263e-16 1.09882e-16
166 6.25912e-17 -1.31795e-16
167 5.36603e-17 6.76515e-17
168 -1.30079e-16 -2.72996e-17
169 2.41277e-17 -1.96128e-18
170 5.12047e-19 9.09826e-17
171 -1.24619e-16 -6.53338e-17
172 1.01058e-17 -4.59212e-17
173 1.36177e-16 -1.2017e-17
174 -1.65919e-16 -1.28569e-16
175 9.92803e-17 4.25774e-17
176 -8.64832e-17 2.27656e-17
177 4.90225e-17 -1.05852e-16
178 1.47932e-17 2.64556e-16
179 -4.48847e-17 1.59643e-17
180 -3.26613e-18 -1.34997e-16
181 -5.04288e-18 1.70749e-18
182 6.59541e-17 6.3824e-17
183 -6.74988e-17 -3.60094e-17
184 2.95453e-17 -3.09498e-17
185 3.59367e-17 8.95035e-17
186 -1.49833e-16 -1.14707e-16
187 6.36539e-18 7.33437e-17
188 -6.53698e-17 -1.75713e-17
189 4.63912e-18 1.80091e-16
190 3.74534e-17 6.23639e-17
191 -4.32669e-17 1.5417e-17
192 -2.45754e-17 -1.51619e-16
193 8.543e-17 1.29176e-17
194 -1.04072e-16 -6.51453e-17
195 5.52966e-18 -4.07262e-17
196 6.09825e-19 1.3553e-16
197 -1.28954e-16 -1.14561e-16
198 2.11345e-16 -5.77609e-17
199 -1.66313e-16 -1.67461e-16
200 4.7512e-17 -1.14022e-18
201 -1.19434e-16 8.00967e-17
202 -4.26104e-17 -1.1581e-16
203 1.35726e-16 3.95007e-17
204 -3.17716e-17 -3.62099e-17
205 -2.96847e-18 4.03258e-17
206 6.97504e-17 4.50289e-17
207 6.5215e-17 -6.19018e-17
208 7.00055e-17 8.22154e-17
209 4.4568e-17 -1.23019e-17
210 -4.52999e-17 8.55168e-17
211 -2.71362e-17 -1.37223e-16
212 8.88554e-17 1.33411e-16
213 -1.08952e-16 -2.61727e-17
214 1.18662e-16 -1.33836e-16
215 1.71688e-17 -2.66233e-17
216 1.44158e-18 4.25358e-17
217 -6.50257e-17 -6.09454e-18
218 5.92897e-17 2.01042e-17
219 3.40764e-17 8.76081e-17
220 -7.54314e-17 1.05318e-16
221 3.15559e-17 2.28767e-17
222 -6.18432e-18 -7.60561e-17
223 2.22941e-16 9.67375e-17
224 8.91455e-17 2.00182e-16
225 -2.13725e-17 -4.18744e-17
226 4.19628e-17 9.51803e-17
227 -8.64594e-17 -1.66746e-17
228 4.3286e-17 4.18773e-17
229 -6.96416e-17 -6.88907e-17
230 -1.04169e-17 3.39591e-17
231 1.02349e-17 -1.10966e-16
232 -8.93825e-17 -1.13065e-17
233 1.10243e-16 -6.50704e-17
234 9.02684e-18 -4.21697e-17
235 -5.23865e-17 -3.17428e-17
236 -4.97279e-17 3.68305e-17
237 6.44436e-18 5.23377e-17
238 -6.73316e-17 -5.4145e-17
239 -1.52169e-17 -1.01926e-16
240 2.23039e-18 -7.57869e-17
241 -8.0749e-17 1.34391e-17
242 8.07667e-18 7.11745e-17
243 -1.16376e-17 1.495e-17
244 -1.36003e-16 4.67021e-18
245 6.58201e-17 -4.71337e-17
246 8.36456e-18 -1.16306e-16
247 6.74096e-17 -5.8744e-17
248 -4.56645e-18 3.88936e-17
249 -8.91961e-17 7.12994e-17
250 -1.33946e-18 6.56611e-18
251 -5.46243e-17 -8.54363e-17
252 -3.05719e-17 1.09645e-16
253 -4.69136e-18 6.18723e-17
254 6.02963e-17 -8.48742e-17
255 -2.23201e-16 9.66449e-17
256 9.31611e-17 6.46127e-17
257 -6.72128e-17 -3.9394e-17
258 7.42143e-17 -2.26791e-17
259 -1.02864e-16 -4.56761e-17
260 7.19035e-17 -2.02503e-18
261 -1.17235e-16 -3.35491e-17
262 1.17143e-16 -1.31148e-18
263 1.01286e-16 1.136e-17
264 9.71465e-17 1.54308e-16
265 3.99446e-17 -1.98887e-17
266 8.0186e-17 -3.88381e-17
267 1.91297e-16 5.54174e-17
268 -6.31185e-17 -2.10913e-16
269 1.64365e-16 7.74312e-17
270 -1.02765e-16 3.16192e-17
271 1.60338e-17 1.35364e-16
272 1.44587e-16 9.15999e-17
273 -2.3547e-17 1.65421e-17
274 -6.99376e-17 -2.40289e-17
275 2.30687e-17 -6.61119e-17
276 -1.534e-17 -4.86323e-20
277 2.46162e-17 4.19683e-17
278 -1.0501e-17 -1.34633e-17
279 -1.82415e-16 -7.67761e-17
280 2.00266e-16 -7.27874e-17
281 -7.75699e-17 -9.81883e-18
282 3.46976e-17 6.28997e-17
283 -5.82007e-17 -8.31691e-17
284 5.85002e-17 -2.0251e-17
285 -8.00563e-18 -1.08615e-16
286 -1.15964e-17 -1.01047e-16
287 4.725e-17 1.00042e-16
288 -5.7866e-17 7.37394e-17
289 -7.14232e-17 -5.07867e-17
290 -2.21203e-17 2.81067e-17
291 1.69201e-17 3.59314e-17
292 5.03106e-17 1.00691e-16
293 -1.71709e-16 9.11413e-17
294 -1.03958e-16 4.80436e-17
295 -4.98353e-18 2.74281e-17
296 5.03618e-17 -2.68548e-18
297 -5.62919e-17 -7.16461e-17
298 1.59743e-16 1.97301e-16
299 -1.0681e-16 -1.15278e-16
300 -1.22836e-16 7.28867e-17
301 -7.24911e-17 -1.27632e-16
302 8.04813e-17 3.83531e-17
303 2.92962e-17 -8.94561e-17
304 -4.62932e-17 5.58405e-17
305 4.16265e-17 -6.8245e-17
306 -7.32551e-17 -2.13289e-18
307 1.31205e-16 3.56607e-17
308 -4.44682e-17 4.57179e-17
309 1.24246e-16 7.8544e-17
310 3.95783e-17 -8.25653e-17
311 5.92054e-18 -1.5086e-18
312 -6.57742e-17 3.96247e-17
313 -1.57205e-16 -8.85353e-17
314 -3.46685e-17 -7.29633e-17
315 1.61804e-16 1.9155e-17
316 -5.88434e-17 -5.79616e-17
317 9.49253e-17 7.13627e-17
318 -8.42518e-17 -1.23653e-16
319 -6.93598e-18 3.84698e-17
320 -9.14563e-17 -1.06877e-16
321 -4.16891e-17 2.10522e-17
322 -8.41284e-17 -1.22088e-16
323 -1.19015e-17 8.34914e-17
324 -3.80032e-18 1.26131e-19
325 -8.84242e-17 5.91218e-17
326 1.57996e-16 6.0382e-17
327 -4.90243e-17 -2.87997e-17
328 -1.82521e-17 1.14727e-16
329 1.02722e-16 3.2714e-18
330 1.24002e-17 -9.12987e-17
331 1.43458e-16 1.59536e-16
332 -1.12089e-16 -3.49815e-17
333 1.31838e-16 7.37542e-17
334 6.09953e-17 -2.13448e-17
335 1.08135e-16 7.4322e-17
336 2.17331e-17 1.89125e-18
337 -5.52597e-17 5.63448e-18
338 5.55518e-17 7.12446e-17
339 1.02532e-16 -1.2047e-16
340 -2.10166e-17 -1.31902e-18
341 -6.64608e-17 -9.95032e-17
342 -6.17924e-17 8.76949e-17
343 -4.02182e-17 7.4196e-17
344 -1.67138e-16 2.82964e-17
345 4.18179e-17 -9.51846e-17
346 -1.24337e-16 -3.09882e-17
347 5.23126e-17 -4.59659e-17
348 1.04172e-16 5.30255e-18
349 -1.32978e-16 -1.6883e-16
350 8.66174e-17 1.91511e-16
351 1.07012e-16 -1.53018e-16
352 -1.96776e-16 -6.42683e-17
353 1.64002e-16 1.39008e-16
354 -1.5839e-17 -4.18654e-17
355 2.19271e-17 -5.95174e-17
356 1.68796e-16 -5.19675e-17
357 7.92322e-18 1.12181e-16
358 -1.11383e-16 3.64198e-17
359 -1.78329e-16 -3.52253e-17
360 -3.47171e-17 -5.59514e-18
361 6.42592e-18 1.90419e-16
362 -1.22009e-16 -2.73686e-16
363 -2.21509e-16 -2.06913e-16
364 4.81208e-16 7.31749e-16
365 8.71791e-16 4.58138e-16
366 -2.51531e-15 -3.6837e-15
367 -3.21847e-15 -1.26885e-15
368 1.02059e-14 1.49796e-14
369 1.51424e-14 7.66823e-15
370 -4.23412e-14 -6.52123e-14
371 -7.79558e-14 -5.13548e-14
372 1.64814e-13 2.7404e-13
373 4.18756e-13 3.50344e-13
374 -5.3741e-13 -1.05451e-12
375 -2.21278e-12 -2.2316e-12
376 9.45247e-13 3.22245e-12
377 1.08444e-11 1.27606e-11
378 5.07643e-12 -3.35495e-12
379 -4.50743e-11 -6.20704e-11
380 -7.15456e-11 -5.2335e-11
381 1.25987e-10 2.25672e-10
382 4.94413e-10 5.37484e-10
383 9.05468e-11 -3.01522e-10
384 -2.19609e-09 -2.98804e-09
385 -3.93993e-09 -3.43587e-09
386 3.70895e-09 8.2274e-09
387 2.56374e-08 3.17114e-08
388 3.20879e-08 2.31636e-08
389 -5.76083e-08 -1.04595e-07
390 -2.82446e-07 -3.4518e-07
391 -3.73822e-07 -3.0077e-07
392 4.73143e-07 9.49776e-07
393 3.07347e-06 3.97269e-06
394 6.0108e-06 6.21711e-06
395 1.8051e-06 -1.88923e-06
396 -2.48893e-05 -3.70692e-05
397 -8.76721e-05 -0.000108579
398 -0.000162592 -0.000173295
399 -0.000111473 -4.73617e-05
400 0.000439312 0.000724466
401 0.00224486 0.00301464
402 0.00656287 0.00821697
403 0.0151775 0.018234
404 0.0302546 0.0352822
405 0.0539929 0.0614923
406 0.0881002 0.0983559
407 0.133202 0.14614
408 0.18834 0.20344
409 0.250741 0.267028
410 0.315951 0.332098
411 0.378378 0.392897
412 0.43213 0.443604
413 0.471963 0.479284
414 0.494138 0.496676
415 0.496969 0.494653
416 0.480986 0.474277
417 0.448686 0.438464
418 0.403991 0.391381
419 0.351534 0.337725
420 0.295951 0.282037
421 0.241313 0.228172
422 0.190745 0.178993
423 0.14629 0.136266
424 0.108945 0.100754
425 0.0788406 0.0724043
426 0.0554802 0.0506044
427 0.0379879 0.0344193
428 0.0253238 0.022796
429 0.0164447 0.0147093
430 0.010408 0.00925177
431 0.00642326 0.00567499
432 0.00386719 0.00339633
433 0.00227235 0.00198401
434 0.00130368 0.00113173
435 0.000730551 0.000630624
436 0.000400014 0.00034339
437 0.00021409 0.000182786
438 0.000112036 9.5144e-05
439 5.73457e-05 4.84436e-05
440 2.87179e-05 2.41345e-05
441 1.40748e-05 1.17683e-05
442 6.75282e-06 5.61795e-06
443 3.17249e-06 2.62631e-06
444 1.45981e-06 1.20262e-06
445 6.5808e-07 5.39545e-07
446 2.90703e-07 2.37217e-07
447 1.25865e-07 1.0223e-07
448 5.34247e-08 4.31933e-08
449 2.22355e-08 1.78958e-08
450 9.07628e-09 7.27224e-09
451 3.6342e-09 2.89902e-09
452 1.42767e-09 1.13391e-09
453 5.5036e-10 4.35238e-10
454 2.08228e-10 1.63973e-10
455 7.73347e-11 6.06435e-11
456 2.81985e-11 2.20209e-11
457 1.00962e-11 7.85215e-12
458 3.55011e-12 2.74987e-12
459 1.22613e-12 9.45946e-13
460 4.16007e-13 3.19679e-13
461 1.38675e-13 1.06148e-13
462 4.5424e-14 3.46353e-14
463 1.46224e-14 1.11068e-14
464 4.62645e-15 3.50087e-15
465 1.4389e-15 1.08476e-15
466 4.39959e-16 3.3045e-16
467 1.32265e-16 9.89801e-17
468 3.91001e-17 2.91544e-17
469 1.13672e-17 8.44544e-18
470 3.25027e-18 2.40628e-18
471 9.14153e-19 6.74399e-19
472 2.52926e-19 1.85943e-19
473 6.88469e-20 5.04398e-20
474 1.84388e-20 1.34629e-20
475 4.85931e-21 3.536e-21
476 1.26023e-21 9.13972e-22
477 3.21658e-22 2.32508e-22
478 8.08062e-23 5.82184e-23
479 1.99818e-23 1.43495e-23
480 4.86404e-24 3.48176e-24
481 1.16564e-24 8.31724e-25
482 2.75024e-25 1.95619e-25
483 6.38919e-26 4.53024e-26
484 1.46156e-26 1.0331e-26
485 3.29244e-27 2.32009e-27
486 7.30421e-28 5.13137e-28
487 1.59592e-28 1.11778e-28
488 3.43448e-29 2.39829e-29
489 7.28023e-30 5.06867e-30
490 1.52017e-30 1.05526e-30
491 3.12696e-31 2.1643e-31
492 6.33668e-32 4.37319e-32
493 1.26513e-32 8.70606e-33
494 2.48864e-33 1.70769e-33
495 4.82354e-34 3.30054e-34
496 9.2123e-35 6.28592e-35
497 1.73376e-35 1.17972e-35
498 3.21548e-36 2.18192e-36
499 5.87708e-37 3.97708e-37
500 1.05865e-37 7.14457e-38
501 1.87948e-38 1.265e-38
502 3.28878e-39 2.20763e-39
503 5.67232e-40 3.79752e-40
504 9.64342e-41 6.43913e-41
505 1.61608e-41 1.07628e-41
506 2.66975e-42 1.7734e-42
507 4.34779e-43 2.88064e-43
508 6.98027e-44 4.61301e-44
509 1.10483e-44 7.28295e-45
510 1.72406e-45 1.13363e-45
511 2.65248e-46 1.73976e-46
512 4.02356e-47 2.63252e-47
513 6.01781e-48 3.92765e-48
514 8.87457e-49 5.77807e-49
515 1.29047e-49 8.3817e-50
516 1.85034e-50 1.19892e-50
517 2.61617e-51 1.69111e-51
518 3.64757e-52 2.35223e-52
519 5.01502e-53 3.22647e-53
520 6.79956e-54 4.36438e-54
521 9.09154e-55 5.82201e-55
522 1.19881e-55 7.65925e-56
523 1.55893e-56 9.93735e-57
524 1.99928e-57 1.27155e-57
525 2.52869e-58 1.60464e-58
526 3.1543e-59 1.99716e-59
527 3.8806e-60 2.45158e-60
528 4.70858e-61 2.9681e-61
529 5.63482e-62 3.5442e-62
530 6.65081e-63 4.17416e-63
531 7.74243e-64 4.8488e-64
532 8.8898e-65 5.55544e-65
533 1.00675e-65 6.27804e-66
534 1.12453e-66 6.9977e-67
535 1.23892e-67 7.69333e-68
536 1.34629e-68 8.34264e-69
537 1.44297e-69 8.92328e-70
538 1.52548e-70 9.41409e-71
539 1.59067e-71 9.79641e-72
540 1.63601e-72 1.00552e-72
541 1.65967e-73 1.01801e-73
542 1.66068e-74 1.01659e-74
543 1.639e-75 1.00133e-75
544 1.59552e-76 9.72837e-77
545 1.53197e-77 9.32262e-78
546 1.45087e-78 8.81186e-79
547 1.35528e-79 8.21538e-80
548 1.24868e-80 7.55467e-81
549 1.13473e-81 6.85218e-82
550 1.01707e-82 6.13005e-83
551 8.99137e-84 5.40902e-84
552 7.83987e-85 4.70748e-85
553 6.74214e-86 4.04082e-86
554 5.71858e-87 3.42104e-87
555 4.78384e-88 2.85659e-88
556 3.9469e-89 2.35253e-89
557 3.2116e-90 1.9108e-90
558 2.57732e-91 1.53066e-91
559 2.03981e-92 1.20927e-92
560 1.59213e-93 9.42197e-94
561 1.22554e-94 7.23977e-95
562 9.30315e-96 5.48614e-96
563 6.96432e-97 4.09977e-97
564 5.14121e-98 3.02131e-98
565 3.74267e-99 2.19566e-99
566 2.68669e-100 1.57347e-100
567 1.90181e-101 1.11191e-101
568 1.32744e-102 7.74798e-103
569 9.13602e-104 5.32356e-104
570 6.19983e-105 3.60664e-105
571 4.14833e-106 2.40923e-106
572 2.73669e-107 1.58679e-107
573 1.78003e-108 1.03041e-108
574 1.14147e-109 6.59697e-110
575 7.21647e-111 4.16396e-111
576 4.49776e-112 2.59109e-112
577 2.76354e-113 1.58951e-113
578 1.67386e-114 9.61238e-115
579 9.99411e-116 5.73026e-116
580 5.88199e-117 3.36727e-117
581 3.41229e-118 1.95041e-118
582 1.95116e-119 1.11354e-119
583 1.09964e-120 6.26614e-121
584 6.10804e-122 3.47531e-122
585 3.34373e-123 1.89963e-123
586 1.80394e-124 1.02331e-124
587 9.5908e-126 5.43245e-126
588 5.02475e-127 2.84193e-127
589 2.59406e-128 1.46502e-128
590 1.31958e-129 7.44156e-130
591 6.61394e-131 3.72443e-131
592 3.26614e-132 1.83658e-132
593 1.58905e-133 8.92263e-134
594 7.61644e-135 4.27061e-135
595 3.59628e-136 2.01362e-136
596 1.67271e-137 9.35272e-138
597 7.6636e-139 4.27904e-139
598 3.45834e-140 1.92833e-140
599 1.53709e-141 8.5589e-142
600 6.72836e-143 3.74141e-143
601 2.90047e-144 1.61067e-144
602 1.23128e-145 6.82827e-146
603 5.14689e-147 2.85049e-147
604 2.11841e-148 1.17168e-148
605 8.5847e-150 4.74191e-150
606 3.42503e-151 1.8894e-151
607 1.34524e-152 7.41133e-153
608 5.2012e-154 2.86181e-154
609 1.97946e-155 1.08775e-155
610 7.41486e-157 4.06942e-157
611 2.73364e-158 1.49838e-158
612 9.91815e-160 5.42961e-160
613 3.54113e-161 1.93615e-161
614 1.24407e-162 6.79369e-163
615 4.30035e-164 2.34549e-164
616 1.46248e-165 7.96694e-166
617 4.89293e-167 2.66224e-167
618 1.61031e-168 8.75116e-169
619 5.21282e-170 2.82953e-170
620 1.65969e-171 8.99821e-172
621 5.19682e-173 2.81421e-173
622 1.60017e-174 8.65528e-175
623 4.84481e-176 2.61752e-176
624 1.44222e-177 7.78304e-178
625 4.2208e-179 2.27519e-179
626 1.21429e-180 6.53819e-181
627 3.43385e-182 1.84684e-182
628 9.54392e-184 5.12736e-184
629 2.60687e-185 1.39897e-185
630 6.99709e-187 3.75087e-187
631 1.84535e-188 9.8815e-189
632 4.78145e-190 2.55763e-190
633 1.21707e-191 6.50327e-192
634 3.04302e-193 1.62429e-193
635 7.47275e-195 3.98458e-195
636 1.80217e-196 9.59947e-197
637 4.26781e-198 2.27096e-198
638 9.9234e-200 5.27499e-200
639 2.26523e-201 1.20291e-201
640 5.07591e-203 2.69278e-203
641 1.11638e-204 5.91654e-205
642 2.40969e-206 1.27581e-206
643 5.10393e-208 2.69965e-208
644 1.0607e-209 5.60498e-210
645 2.16257e-211 1.14166e-211
646 4.32498e-213 2.28107e-213
647 8.48359e-215 4.47018e-215
648 1.63193e-216 8.59098e-217
649 3.07817e-218 1.61895e-218
650 5.69241e-220 2.99116e-220
651 1.03194e-221 5.41757e-222
652 1.8336e-223 9.61762e-224
653 3.19295e-225 1.67328e-225
654 5.44818e-227 2.85265e-227
655 9.10801e-229 4.76478e-229
656 1.49157e-230 7.79635e-231
657 2.3925e-232 1.24948e-232
658 3.75821e-234 1.96107e-234
659 5.78051e-236 3.01382e-236
660 8.70445e-238 4.53455e-238
661 1.28304e-239 6.67851e-240
662 1.85094e-241 9.62684e-242
663 2.61296e-243 1.35793e-243
664 3.60902e-245 1.8741e-245
665 4.87632e-247 2.53023e-247
666 6.44422e-249 3.34121e-249
667 8.32819e-251 4.31474e-251
668 1.05235e-252 5.44803e-253
669 1.29995e-254 6.72487e-255
670 1.56954e-256 8.11359e-257
671 1.85192e-258 9.56646e-259
672 2.13502e-260 1.1021e-260
673 2.40455e-262 1.24036e-262
674 2.64508e-264 1.36349e-264
675 2.84143e-266 1.46371e-266
676 2.98024e-268 1.53418e-268
677 3.0514e-270 1.56977e-270
678 3.0493e-272 1.56766e-272
679 2.97354e-274 1.52772e-274
680 2.82902e-276 1.45255e-276
681 2.62545e-278 1.34718e-278
682 2.37625e-280 1.21856e-280
683 2.0971e-282 1.07476e-282
684 1.80426e-284 9.24122e-285
685 1.51302e-286 7.74497e-287
686 1.23644e-288 6.32549e-289
687 9.84445e-291 5.03346e-291
688 7.63516e-293 3.90166e-293
689 5.76718e-295 2.94548e-295
690 4.2417e-297 2.1652e-297
691 3.0371e-299 1.54947e-299
692 2.11656e-301 1.07927e-301
693 1.43538e-303 7.31542e-304
694 9.4563e-306 4.81154e-306
695 5.5591e-308 2.77955e-308
696 0 0
697 0 0
698 0 0
699 0 0
700 0 0
701 0 0
702 0 0
703 0 0
704 0 0
705 0 0
706 0 0
707 0 0
708 0 0
709 0 0
710 0 0
711 0 0
712 0 0
713 0 0
714 0 0
715 0 0
716 0 0
717 0 0
718 0 0
719 0 0
720 0 0
721 0 0
722 0 0
723 0 0
724 0 0
725 0 0
726 0 0
727 0 0
728 0 0
729 0 0
730 0 0
731 0 0
732 0 0
733 0 0
734 0 0
735 0 0
736 0 0
737 0 0
738 0 0
739 0 0
740 0 0
741 0 0
742 0 0
743 0 0
744 0 0
745 0 0
746 0 0
747 0 0
748 0 0
749 0 0
750 0 0
751 0 0
752 0 0
753 0 0
754 0 0
755 0 0
756 0 0
757 0 0
758 0 0
759 0 0
760 0 0
761 0 0
762 0 0
763 0 0
764 0 0
765 0 0
766 0 0
767 0 0
768 0 0
769 0 0
770 0 0
771 0 0
772 0 0
773 0 0
774 0 0
775 0 0
776 0 0
777 0 0
778 0 0
779 0 0
780 0 0
781 0 0
782 0 0
783 0 0
784 0 0
785 0 0
786 0 0
787 0 0
788 0 0
789 0 0
790 0 0
791 0 0
792 0 0
793 0 0
794 0 0
795 0 0
796 0 0
797 0 0
798 0 0
799 0 0
800 0 0
801 0 0
802 0 0
803 0 0
804 0 -2.77955e-308
805 5.5591e-308 -4.81154e-306
806 9.4563e-306 -7.31542e-304
807 1.43538e-303 -1.07927e-301
808 2.11656e-301 -1.54947e-299
809 3.0371e-299 -2.1652e-297
810 4.2417e-297 -2.94548e-295
811 5.76718e-295 -3.90166e-293
812 7.63516e-293 -5.03346e-291
813 9.84445e-291 -6.32549e-289
814 1.23644e-288 -7.74497e-287
815 1.51302e-286 -9.24122e-285
816 1.80426e-284 -1.07476e-282
817 2.0971e-282 -1.21856e-280
818 2.37625e-280 -1.34718e-278
819 2.62545e-278 -1.45255e-276
820 2.82902e-276 -1.52772e-274
821 2.97354e-274 -1.56766e-272
822 3.0493e-272 -1.56977e-270
823 3.0514e-270 -1.53418e-268
824 2.98024e-268 -1.46371e-266
825 2.84143e-266 -1.36349e-264
826 2.64508e-264 -1.24036e-262
827 2.40455e-262 -1.1021e-260
828 2.13502e-260 -9.56646e-259
829 1.85192e-258 -8.11359e-257
830 1.56954e-256 -6.72487e-255
831 1.29995e-254 -5.44803e-253
832 1.05235e-252 -4.31474e-251
833 8.32819e-251 -3.34121e-249
834 6.44422e-249 -2.53023e-247
835 4.87632e-247 -1.8741e-245
836 3.60902e-245 -1.35793e-243
837 2.61296e-243 -9.62684e-242
838 1.85094e-241 -6.67851e-240
839 1.28304e-239 -4.53455e-238
840 8.70445e-238 -3.01382e-236
841 5.78051e-236 -1.96107e-234
842 3.75821e-234 -1.24948e-232
843 2.3925e-232 -7.79635e-231
844 1.49157e-230 -4.76478e-229
845 9.10801e-229 -2.85265e-227
846 5.44818e-227 -1.67328e-225
847 3.19295e-225 -9.61762e-224
848 1.8336e-223 -5.41757e-222
849 1.03194e-221 -2.99116e-220
850 5.69241e-220 -1.61895e-218
851 3.07817e-218 -8.59098e-217
852 1.63193e-216 -4.47018e-215
853 8.48359e-215 -2.28107e-213
854 4.32498e-213 -1.14166e-211
855 2.16257e-211 -5.60498e-210
856 1.0607e-209 -2.69965e-208
857 5.10393e-208 -1.27581e-206
858 2.40969e-206 -5.91654e-205
859 1.11638e-204 -2.69278e-203
860 5.07591e-203 -1.20291e-201
861 2.26523e-201 -5.27499e-200
862 9.9234e-200 -2.27096e-198
863 4.26781e-198 -9.59947e-197
864 1.80217e-196 -3.98458e-195
865 7.47275e-195 -1.62429e-193
866 3.04302e-193 -6.50327e-192
867 1.21707e-191 -2.55763e-190
868 4.78145e-190 -9.8815e-189
869 1.84535e-188 -3.75087e-187
870 6.99709e-187 -1.39897e-185
871 2.60687e-185 -5.12736e-184
872 9.54392e-184 -1.84684e-182
873 3.43385e-182 -6.53819e-181
874 1.21429e-180 -2.27519e-179
875 4.2208e-179 -7.78304e-178
876 1.44222e-177 -2.61752e-176
877 4.84481e-176 -8.65528e-175
878 1.60017e-174 -2.81421e-173
879 5.19682e-173 -8.99821e-172
880 1.65969e-171 -2.82953e-170
881 5.21282e-170 -8.75116e-169
882 1.61031e-168 -2.66224e-167
883 4.89293e-167 -7.96694e-166
884 1.46248e-165 -2.34549e-164
885 4.30035e-164 -6.79369e-163
886 1.24407e-162 -1.93615e-161
887 3.54113e-161 -5.42961e-160
888 9.91815e-160 -1.49838e-158
889 2.73364e-158 -4.06942e-157
890 7.41486e-157 -1.08775e-155
891 1.97946e-155 -2.86181e-154
892 5.2012e-154 -7.41133e-153
893 1.34524e-152 -1.8894e-151
894 3.42503e-151 -4.74191e-150
895 8.5847e-150 -1.17168e-148
896 2.11841e-148 -2.85049e-147
897 5.14689e-147 -6.82827e-146
898 1.23128e-145 -1.61067e-144
899 2.90047e-144 -3.74141e-143
900 6.72836e-143 -8.5589e-142
901 1.53709e-141 -1.92833e-140
902 3.45834e-140 -4.27904e-139
903 7.6636e-139 -9.35272e-138
904 1.67271e-137 -2.01362e-136
905 3.59628e-136 -4.27061e-135
906 7.61644e-135 -8.92263e-134
907 1.58905e-133 -1.83658e-132
908 3.26614e-132 -3.72443e-131
909 6.61394e-131 -7.44156e-130
910 1.31958e-129 -1.46502e-128
911 2.59406e-128 -2.84193e-127
912 5.02475e-127 -5.43245e-126
913 9.5908e-126 -1.02331e-124
914 1.80394e-124 -1.89963e-123
915 3.34373e-123 -3.47531e-122
916 6.10804e-122 -6.26614e-121
917 1.09964e-120 -1.11354e-119
918 1.95116e-119 -1.95041e-118
919 3.41229e-118 -3.36727e-117
920 5.88199e-117 -5.73026e-116
921 9.99411e-116 -9.61238e-115
922 1.67386e-114 -1.58951e-113
923 2.76354e-113 -2.59109e-112
924 4.49776e-112 -4.16396e-111
925 7.21647e-111 -6.59697e-110
926 1.14147e-109 -1.03041e-108
927 1.78003e-108 -1.58679e-107
928 2.73669e-107 -2.40923e-106
929 4.14833e-106 -3.60664e-105
930 6.19983e-105 -5.32356e-104
931 9.13602e-104 -7.74798e-103
932 1.32744e-102 -1.11191e-101
933 1.90181e-101 -1.57347e-100
934 2.68669e-100 -2.19566e-99
935 3.74267e-99 -3.02131e-98
936 5.14121e-98 -4.09977e-97
937 6.96432e-97 -5.48614e-96
938 9.30315e-96 -7.23977e-95
939 1.22554e-94 -9.42197e-94
940 1.59213e-93 -1.20927e-92
941 2.03981e-92 -1.53066e-91
942 2.57732e-91 -1.9108e-90
943 3.2116e-90 -2.35253e-89
944 3.9469e-89 -2.85659e-88
945 4.78384e-88 -3.42104e-87
946 5.71858e-87 -4.04082e-86
947 6.74214e-86 -4.70748e-85
948 7.83987e-85 -5.40902e-84
949 8.99137e-84 -6.13005e-83
950 1.01707e-82 -6.85218e-82
951 1.13473e-81 -7.55467e-81
952 1.24868e-80 -8.21538e-80
953 1.35528e-79 -8.81186e-79
954 1.45087e-78 -9.32262e-78
955 1.53197e-77 -9.72837e-77
956 1.59552e-76 -1.00133e-75
957 1.639e-75 -1.01659e-74
958 1.66068e-74 -1.01801e-73
959 1.65967e-73 -1.00552e-72
960 1.63601e-72 -9.79641e-72
961 1.59067e-71 -9.41409e-71
962 1.52548e-70 -8.92328e-70
963 1.44297e-69 -8.34264e-69
964 1.34629e-68 -7.69333e-68
965 1.23892e-67 -6.9977e-67
966 1.12453e-66 -6.27804e-66
967 1.00675e-65 -5.55544e-65
968 8.8898e-65 -4.8488e-64
969 7.74243e-64 -4.17416e-63
970 6.65081e-63 -3.5442e-62
971 5.63482e-62 -2.9681e-61
972 4.70858e-61 -2.45158e-60
973 3.8806e-60 -1.99716e-59
974 3.1543e-59 -1.60464e-58
975 2.52869e-58 -1.27155e-57
976 1.99928e-57 -9.93735e-57
977 1.55893e-56 -7.65925e-56
978 1.19881e-55 -5.82201e-55
979 9.09154e-55 -4.36438e-54
980 6.79956e-54 -3.22647e-53
981 5.01502e-53 -2.35223e-52
982 3.64757e-52 -1.69111e-51
983 2.61617e-51 -1.19892e-50
984 1.85034e-50 -8.3817e-50
985 1.29047e-49 -5.77807e-49
986 8.87457e-49 -3.92765e-48
987 6.01781e-48 -2.63252e-47
988 4.02356e-47 -1.73976e-46
989 2.65248e-46 -1.13363e-45
990 1.72406e-45 -7.28295e-45
991 1.10483e-44 -4.61301e-44
992 6.98027e-44 -2.88064e-43
993 4.34779e-43 -1.7734e-42
994 2.66975e-42 -1.07628e-41
995 1.61608e-41 -6.43913e-41
996 9.64342e-41 -3.79752e-40
997 5.67232e-40 -2.20763e-39
998 3.28878e-39 -1.265e-38
999 1.87948e-38 -7.14457e-38
