0 0.00549118 -0.00268749
1 0.00151438 0.00118006
2 -0.00268087 0.00480496
3 -0.00621535 0.00748901
4 -0.00837907 0.00869515
5 -0.00877451 0.00815674
6 -0.00738395 0.00594725
7 -0.00455226 0.00248842
8 -0.00089638 -0.00151666
9 0.00283244 -0.00522161
10 0.00590134 -0.00782089
11 0.00773271 -0.00873734
12 0.00800263 -0.00776393
13 0.00668874 -0.00511953
14 0.00406515 -0.00140101
15 0.000649441 0.00255758
16 -0.00288926 0.00588205
17 -0.00584894 0.0078604
18 -0.0076247 0.00810016
19 -0.00783058 0.00660458
20 -0.00639017 0.00375433
21 -0.00357252 0.000205171
22 4.35319e-05 -0.00326855
23 0.00367954 -0.00594533
24 0.00652545 -0.00730376
25 0.007929 -0.0071165
26 0.00755876 -0.00547724
27 0.0054943 -0.00276274
28 0.00221477 0.000454865
29 -0.00151533 0.003524
30 -0.00483399 0.00583566
31 -0.00699251 0.00693278
32 -0.00753267 0.00659297
33 -0.00638498 0.00487346
34 -0.00386729 0.0021102
35 -0.000590862 -0.00113435
36 0.00269519 -0.00417305
37 0.00527877 -0.00633325
38 0.00663691 -0.00710823
39 0.00653406 -0.00628606
40 0.00505181 -0.00401912
41 0.00255162 -0.000808215
42 -0.000414498 0.00260407
43 -0.00322281 0.00540949
44 -0.00530157 0.00693588
45 -0.00623785 0.00681986
46 -0.00585139 0.00510141
47 -0.00422602 0.00221314
48 -0.00169529 -0.00113318
49 0.00121642 -0.00413053
50 0.00389071 -0.00607976
51 0.00573747 -0.0065576
52 0.00632287 -0.00550745
53 0.00547691 -0.00323457
54 0.00335193 -0.000313512
55 0.000409606 0.00256232
56 -0.00267087 0.00474787
57 -0.00514923 0.00578907
58 -0.00640927 0.00551036
59 -0.0061233 0.00403303
60 -0.00434769 0.00172801
61 -0.00151802 -0.000879033
62 0.00165906 -0.00322492
63 0.00438939 -0.00482291
64 0.00599949 -0.00535317
65 0.00611074 -0.00471774
66 0.00473182 -0.00305517
67 0.00224565 -0.000715116
68 -0.000701518 0.00180429
69 -0.00337494 0.00394995
70 -0.00513992 0.00522698
71 -0.00561395 0.00531242
72 -0.00474561 0.00414389
73 -0.00280586 0.00195627
74 -0.000301461 -0.000752751
75 0.00216102 -0.00332988
76 0.0040226 -0.0051255
77 0.00489475 -0.00566506
78 0.00463196 -0.00478413
79 0.00334431 -0.00268508
80 0.00135499 0.000105309
81 -0.000880823 0.0028698
82 -0.00287487 0.0048907
83 -0.00420285 0.00564352
84 -0.00458431 0.0049396
85 -0.0039355 0.00297708
86 -0.00238847 0.000285511
87 -0.000272367 -0.00242041
88 0.00194461 -0.00443649
89 0.00374821 -0.00525856
90 0.0046928 -0.0047126
91 0.00451435 -0.00299011
92 0.00321185 -0.00058182
93 0.00106936 0.0018672
94 -0.00139673 0.00373617
95 -0.0035595 0.0045889
96 -0.00484435 0.00427288
97 -0.0048888 0.00293578
98 -0.00365199 0.000963535
99 -0.00143865 -0.00113473
100 0.00117358 -0.00285883
101 0.00348671 -0.00383214
102 0.00487367 -0.00387445
103 0.00495433 -0.00302357
104 0.00370538 -0.00150942
105 0.00147061 0.00030708
106 -0.00113357 0.00201438
107 -0.00339157 0.00323467
108 -0.00469139 0.00369889
109 -0.00469697 0.00330123
110 -0.00343902 0.00212405
111 -0.00129793 0.000426911
112 0.00111423 -0.00140208
113 0.00313463 -0.00292723
114 0.00423738 -0.0037647
115 0.0041725 -0.00367947
116 0.00301848 -0.00265515
117 0.00113967 -0.000914882
118 -0.000931782 0.00111852
119 -0.00264967 0.0029201
120 -0.00359762 0.00399752
121 -0.00358576 0.00402905
122 -0.00267969 0.0029652
123 -0.00116204 0.00106026
124 0.000556116 -0.00118236
125 0.00204614 -0.00314208
126 0.00296542 -0.00425659
127 0.0031299 -0.00418951
128 0.00254245 -0.00293822
129 0.00137672 -0.000844849
130 -7.41353e-05 0.00149694
131 -0.0014683 0.00341391
132 -0.00248945 0.00435236
133 -0.00291064 0.00404334
134 -0.00263855 0.00258279
135 -0.00173254 0.000402196
136 -0.000395477 -0.00186095
137 0.00106385 -0.00355284
138 0.00229364 -0.00419571
139 0.00297838 -0.00362542
140 0.00291907 -0.00203413
141 0.00209445 9.32714e-05
142 0.000683055 0.00212833
143 -0.000966594 0.00348765
144 -0.00241718 0.00380358
145 -0.00325805 0.0030255
146 -0.0032246 0.00142286
147 -0.00228556 -0.000507805
148 -0.000668247 -0.00219978
149 0.00119165 -0.00318581
150 0.00276648 -0.00322811
151 0.00358841 -0.00237214
152 0.00339195 -0.000913556
153 0.00220295 0.000704455
154 0.000343331 0.00202722
155 -0.0016542 0.00271564
156 -0.00319953 0.00262945
157 -0.00382225 0.00184808
158 -0.00331849 0.000630121
159 -0.00182066 -0.00067124
160 0.000234567 -0.00170983
161 0.00223349 -0.00223638
162 0.00357093 -0.00215427
163 0.00383717 -0.00152988
164 0.00294721 -0.000559978
165 0.00117031 0.000490395
166 -0.000951388 0.00135944
167 -0.0027702 0.00185019
168 -0.00373387 0.00186884
169 -0.00355632 0.00143522
170 -0.00230439 0.000668628
171 -0.000373702 -0.000243551
172 0.00163732 -0.00108664
173 0.00311472 -0.00166241
174 0.00361817 -0.00183033
175 0.00301347 -0.00154036
176 0.00150826 -0.000850103
177 -0.000418186 8.0514e-05
178 -0.00216774 0.00102051
179 -0.00321021 0.0017216
180 -0.00324553 0.00198314
181 -0.0022914 0.00171108
182 -0.000670008 0.000952786
183 0.00110016 -0.00010506
184 0.00247123 -0.00117896
185 0.00303738 -0.00196276
186 0.00265611 -0.00221478
187 0.00148257 -0.00183335
188 -9.07932e-05 -0.00089727
189 -0.00156598 0.000344622
190 -0.00249793 0.0015364
191 -0.00262875 0.00231628
192 -0.00195745 0.00242784
193 -0.000727308 0.00180655
194 0.000660592 0.000611594
195 0.00177735 -0.000811698
196 0.00229814 -0.00203135
197 0.00209592 -0.00266149
198 0.00127054 -0.00248663
199 0.00010685 -0.00153655
200 -0.00102201 -8.55142e-05
201 -0.00177424 0.00142657
202 -0.00194325 0.00252823
203 -0.00151398 0.0028644
204 -0.000655834 0.00231187
205 0.000341669 0.00102437
206 0.00116666 -0.000608673
207 0.00158251 -0.00207943
208 0.00149449 -0.00291999
209 0.000967211 -0.00285234
210 0.000192105 -0.00188173
211 -0.000580596 -0.00030147
212 -0.00112135 0.00139501
213 -0.00128778 0.00266879
214 -0.00105984 0.00310807
215 -0.000536271 0.00256278
216 0.000103778 0.00119656
217 0.000660216 -0.000562007
218 0.000973771 -0.00215445
219 0.000971234 -0.0030706
220 0.000681173 -0.00301277
221 0.000216841 -0.00199289
222 -0.000266169 -0.000330945
223 -0.000621988 0.00144527
224 -0.000758449 0.00276779
225 -0.000659412 0.0032103
226 -0.000380693 0.00262606
227 -2.43189e-05 0.00119724
228 0.00029767 -0.000621225
229 0.000497166 -0.00224627
230 0.000532072 -0.00315408
231 0.000412236 -0.00304967
232 0.000190244 -0.00196357
233 -5.83211e-05 -0.000243324
234 -0.000258793 0.00155781
235 -0.000358882 0.00285928
236 -0.000341989 0.0032409
237 -0.000228834 0.00257871
238 -6.72449e-05 0.00108529
239 8.61728e-05 -0.000758647
240 0.000185779 -0.00235904
241 0.000210828 -0.00319985
242 0.000168835 -0.00300936
243 8.81916e-05 -0.00184806
244 4.25783e-06 -8.96804e-05
245 -5.46513e-05 0.00169881
246 -7.59383e-05 0.00293984
247 -6.38184e-05 0.00323195
248 -3.41247e-05 0.00248001
249 -6.16064e-06 0.000926511
250 5.03e-06 -0.000926511
251 -6.16064e-06 -0.00248001
252 -3.41247e-05 -0.00323195
253 -6.38184e-05 -0.00293984
254 -7.59383e-05 -0.00169881
255 -5.46513e-05 8.96804e-05
256 4.25783e-06 0.00184806
257 8.81916e-05 0.00300936
258 0.000168835 0.00319985
259 0.000210828 0.00235904
260 0.000185779 0.000758647
261 8.61728e-05 -0.00108529
262 -6.72449e-05 -0.00257871
263 -0.000228834 -0.0032409
264 -0.000341989 -0.00285928
265 -0.000358882 -0.00155781
266 -0.000258793 0.000243324
267 -5.83211e-05 0.00196357
268 0.000190244 0.00304967
269 0.000412236 0.00315408
270 0.000532072 0.00224627
271 0.000497166 0.000621225
272 0.00029767 -0.00119724
273 -2.43189e-05 -0.00262606
274 -0.000380693 -0.0032103
275 -0.000659412 -0.00276779
276 -0.000758449 -0.00144527
277 -0.000621988 0.000330945
278 -0.000266169 0.00199289
279 0.000216841 0.00301277
280 0.000681173 0.0030706
281 0.000971234 0.00215445
282 0.000973771 0.000562007
283 0.000660216 -0.00119656
284 0.000103778 -0.00256278
285 -0.000536271 -0.00310807
286 -0.00105984 -0.00266879
287 -0.00128778 -0.00139501
288 -0.00112135 0.00030147
289 -0.000580596 0.00188173
290 0.000192105 0.00285234
291 0.000967211 0.00291999
292 0.00149449 0.00207943
293 0.00158251 0.000608673
294 0.00116666 -0.00102437
295 0.000341669 -0.00231187
296 -0.000655834 -0.0028644
297 -0.00151398 -0.00252823
298 -0.00194325 -0.00142657
299 -0.00177424 8.55142e-05
300 -0.00102201 0.00153655
301 0.00010685 0.00248663
302 0.00127054 0.00266149
303 0.00209592 0.00203135
304 0.00229814 0.000811698
305 0.00177735 -0.000611594
306 0.000660592 -0.00180655
307 -0.000727308 -0.00242784
308 -0.00195745 -0.00231628
309 -0.00262875 -0.0015364
310 -0.00249793 -0.000344622
311 -0.00156598 0.00089727
312 -9.07932e-05 0.00183335
313 0.00148257 0.00221478
314 0.00265611 0.00196276
315 0.00303738 0.00117896
316 0.00247123 0.00010506
317 0.00110016 -0.000952786
318 -0.000670008 -0.00171108
319 -0.0022914 -0.00198314
320 -0.00324553 -0.0017216
321 -0.00321021 -0.00102051
322 -0.00216774 -8.0514e-05
323 -0.000418186 0.000850103
324 0.00150826 0.00154036
325 0.00301347 0.00183033
326 0.00361817 0.00166241
327 0.00311472 0.00108664
328 0.00163732 0.000243551
329 -0.000373702 -0.000668628
330 -0.00230439 -0.00143522
331 -0.00355632 -0.00186884
332 -0.00373387 -0.00185019
333 -0.0027702 -0.00135944
334 -0.000951388 -0.000490395
335 0.00117031 0.000559978
336 0.00294721 0.00152988
337 0.00383717 0.00215427
338 0.00357093 0.00223638
339 0.00223349 0.00170983
340 0.000234567 0.00067124
341 -0.00182066 -0.000630121
342 -0.00331849 -0.00184808
343 -0.00382225 -0.00262945
344 -0.00319953 -0.00271564
345 -0.0016542 -0.00202722
346 0.000343331 -0.000704455
347 0.00220295 0.000913556
348 0.00339195 0.00237214
349 0.00358841 0.00322811
350 0.00276648 0.00318581
351 0.00119165 0.00219978
352 -0.000668247 0.000507805
353 -0.00228556 -0.00142286
354 -0.0032246 -0.0030255
355 -0.00325805 -0.00380358
356 -0.00241718 -0.00348765
357 -0.000966594 -0.00212833
358 0.000683055 -9.32714e-05
359 0.00209445 0.00203413
360 0.00291907 0.00362542
361 0.00297838 0.00419571
362 0.00229364 0.00355284
363 0.00106385 0.00186095
364 -0.000395477 -0.000402196
365 -0.00173254 -0.00258279
366 -0.00263855 -0.00404334
367 -0.00291064 -0.00435236
368 -0.00248945 -0.00341391
369 -0.0014683 -0.00149694
370 -7.41353e-05 0.000844849
371 0.00137672 0.00293822
372 0.00254245 0.00418951
373 0.0031299 0.00425659
374 0.00296542 0.00314208
375 0.00204614 0.00118236
376 0.000556116 -0.00106026
377 -0.00116204 -0.0029652
378 -0.00267969 -0.00402905
379 -0.00358576 -0.00399752
380 -0.00359762 -0.0029201
381 -0.00264967 -0.00111852
382 -0.000931782 0.000914882
383 0.00113967 0.00265515
384 0.00301848 0.00367947
385 0.0041725 0.0037647
386 0.00423738 0.00292723
387 0.00313463 0.00140208
388 0.00111423 -0.000426911
389 -0.00129793 -0.00212405
390 -0.00343902 -0.00330123
391 -0.00469697 -0.00369889
392 -0.00469139 -0.00323467
393 -0.00339157 -0.00201438
394 -0.00113357 -0.00030708
395 0.00147061 0.00150942
396 0.00370538 0.00302357
397 0.00495433 0.00387445
398 0.00487367 0.00383214
399 0.00348671 0.00285883
400 0.00117358 0.00113473
401 -0.00143865 -0.000963535
402 -0.00365199 -0.00293578
403 -0.0048888 -0.00427288
404 -0.00484435 -0.0045889
405 -0.0035595 -0.00373617
406 -0.00139673 -0.0018672
407 0.00106936 0.00058182
408 0.00321185 0.00299011
409 0.00451435 0.0047126
410 0.0046928 0.00525856
411 0.00374821 0.00443649
412 0.00194461 0.00242041
413 -0.000272367 -0.000285511
414 -0.00238847 -0.00297708
415 -0.0039355 -0.0049396
416 -0.00458431 -0.00564352
417 -0.00420285 -0.0048907
418 -0.00287487 -0.0028698
419 -0.000880823 -0.000105309
420 0.00135499 0.00268508
421 0.00334431 0.00478413
422 0.00463196 0.00566506
423 0.00489475 0.0051255
424 0.0040226 0.00332988
425 0.00216102 0.000752751
426 -0.000301461 -0.00195627
427 -0.00280586 -0.00414389
428 -0.00474561 -0.00531242
429 -0.00561395 -0.00522698
430 -0.00513992 -0.00394995
431 -0.00337494 -0.00180429
432 -0.000701518 0.000715116
433 0.00224565 0.00305517
434 0.00473182 0.00471774
435 0.00611074 0.00535317
436 0.00599949 0.00482291
437 0.00438939 0.00322492
438 0.00165906 0.000879033
439 -0.00151802 -0.00172801
440 -0.00434769 -0.00403303
441 -0.0061233 -0.00551036
442 -0.00640927 -0.00578907
443 -0.00514923 -0.00474787
444 -0.00267087 -0.00256232
445 0.000409606 0.000313512
446 0.00335193 0.00323457
447 0.00547691 0.00550745
448 0.00632287 0.0065576
449 0.00573747 0.00607976
450 0.00389071 0.00413053
451 0.00121642 0.00113318
452 -0.00169529 -0.00221314
453 -0.00422602 -0.00510141
454 -0.00585139 -0.00681986
455 -0.00623785 -0.00693588
456 -0.00530157 -0.00540949
457 -0.00322281 -0.00260407
458 -0.000414498 0.000808215
459 0.00255162 0.00401912
460 0.00505181 0.00628606
461 0.00653406 0.00710823
462 0.00663691 0.00633325
463 0.00527877 0.00417305
464 0.00269519 0.00113435
465 -0.000590862 -0.0021102
466 -0.00386729 -0.00487346
467 -0.00638498 -0.00659297
468 -0.00753267 -0.00693278
469 -0.00699251 -0.00583566
470 -0.00483399 -0.003524
471 -0.00151533 -0.000454865
472 0.00221477 0.00276274
473 0.0054943 0.00547724
474 0.00755876 0.0071165
475 0.007929 0.00730376
476 0.00652545 0.00594533
477 0.00367954 0.00326855
478 4.35319e-05 -0.000205171
479 -0.00357252 -0.00375433
480 -0.00639017 -0.00660458
481 -0.00783058 -0.00810016
482 -0.0076247 -0.0078604
483 -0.00584894 -0.00588205
484 -0.00288926 -0.00255758
485 0.000649441 0.00140101
486 0.00406515 0.00511953
487 0.00668874 0.00776393
488 0.00800263 0.00873734
489 0.00773271 0.00782089
490 0.00590134 0.00522161
491 0.00283244 0.00151666
492 -0.00089638 -0.00248842
493 -0.00455226 -0.00594725
494 -0.00738395 -0.00815674
495 -0.00877451 -0.00869515
496 -0.00837907 -0.00748901
497 -0.00621535 -0.00480496
498 -0.00268087 -0.00118006
499 0.00151438 0.00268749
500 0.00549118 0.00606452
501 0.00839138 0.00830768
502 0.00957204 0.00897263
503 0.00875571 0.00789554
504 0.00609838 0.00523425
505 0.00215626 0.00145733
506 -0.00224087 -0.00272565
507 -0.00617731 -0.00648898
508 -0.00885246 -0.00905247
509 -0.00974612 -0.00984855
510 -0.00871213 -0.00865587
511 -0.00598645 -0.00566428
512 -0.00211867 -0.00145015
513 0.00214818 0.00313734
514 0.0060191 0.0071553
515 0.00878372 0.00977047
516 0.00993049 0.0104392
517 0.00922828 0.00902211
518 0.00676883 0.0058087
519 0.00296326 0.00144831
520 -0.0015128 -0.00319231
521 -0.00582623 -0.00721013
522 -0.00913514 -0.00984432
523 -0.0107553 -0.0106152
524 -0.0103099 -0.00940028
525 -0.00782507 -0.00643944
526 -0.00374315 -0.00227796
527 0.00115541 0.00233608
528 0.00590842 0.00657903
529 0.00957158 0.00968523
530 0.0114157 0.0110717
531 0.011076 0.0104402
532 0.00862182 0.00784257
533 0.00453336 0.0036934
534 -0.000403466 -0.00128119
535 -0.005258 -0.00616182
536 -0.0091344 -0.0100066
537 -0.0113338 -0.0120427
538 -0.0114707 -0.0118352
539 -0.00952737 -0.00938935
540 -0.00584513 -0.00515819
541 -0.00105861 4.93791e-05
542 0.00401119 0.00523722
543 0.00848913 0.00942545
544 0.0115863 0.0118409
545 0.0127313 0.0120541
546 0.0116751 0.0100413
547 0.00855141 0.00616765
548 0.00387485 0.00110641
549 -0.00152997 -0.00428389
550 -0.00666706 -0.00910184
551 -0.0105538 -0.0125447
552 -0.0124157 -0.0140336
553 -0.0118479 -0.0133077
554 -0.00890197 -0.0104764
555 -0.00407666 -0.00601575
556 0.00178612 -0.000705444
557 0.00767296 0.00449246
558 0.0125959 0.00859626
559 0.0157702 0.0107822
560 0.0167399 0.0105421
561 0.0154355 0.00778737
562 0.0121667 0.00287485
563 0.00756115 -0.00345368
564 0.00246617 -0.0102085
565 -0.00217403 -0.0163372
566 -0.005455 -0.0209209
567 -0.00664997 -0.0233409
568 -0.00533276 -0.0233834
569 -0.00146408 -0.0212666
570 0.00458104 -0.0175899
571 0.0120594 -0.0132223
572 0.0199796 -0.00915617
573 0.0272781 -0.00635365
574 0.0330168 -0.00560676
575 0.0365601 -0.00742701
576 0.0376948 -0.0119725
577 0.0366675 -0.0190186
578 0.0341355 -0.0279791
579 0.0310462 -0.0379812
580 0.0284719 -0.0479942
581 0.0274341 -0.0569982
582 0.0287447 -0.064167
583 0.03289 -0.0690278
584 0.0399664 -0.0715612
585 0.0496744 -0.0722139
586 0.0613668 -0.0718198
587 0.0741438 -0.0714457
588 0.0869823 -0.0721989
589 0.0988853 -0.075038
590 0.109033 -0.0806242
591 0.116914 -0.0892321
592 0.122416 -0.100726
593 0.125859 -0.114593
594 0.127954 -0.130014
595 0.129688 -0.145974
596 0.132162 -0.161385
597 0.13639 -0.175228
598 0.143123 -0.186703
599 0.152706 -0.195343
600 0.165023 -0.201105
601 0.179513 -0.204379
602 0.195262 -0.205927
603 0.211144 -0.206746
604 0.225971 -0.207884
605 0.23865 -0.210249
606 0.248307 -0.21444
607 0.254381 -0.220642
608 0.256692 -0.228588
609 0.255456 -0.237604
610 0.251259 -0.246697
611 0.24498 -0.254691
612 0.237649 -0.260382
613 0.230283 -0.26268
614 0.223698 -0.260755
615 0.218356 -0.254133
616 0.214273 -0.242764
617 0.211013 -0.227037
618 0.207761 -0.207733
619 0.203463 -0.18593
620 0.197004 -0.162855
621 0.18737 -0.139714
622 0.173797 -0.117527
623 0.155865 -0.0969879
624 0.133565 -0.0783777
625 0.107315 -0.0615537
626 0.0779409 -0.0460052
627 0.0466144 -0.0309702
628 0.0147446 -0.0155891
629 -0.0161714 0.000931122
630 -0.0447225 0.0191692
631 -0.0697562 0.0393779
632 -0.0905148 0.0614192
633 -0.106709 0.0847496
634 -0.118513 0.108453
635 -0.126487 0.131317
636 -0.131445 0.151944
637 -0.134297 0.168897
638 -0.135897 0.180858
639 -0.136912 0.186799
640 -0.137732 0.186114
641 -0.138417 0.17872
642 -0.138695 0.165071
643 -0.137985 0.146113
644 -0.13548 0.123152
645 -0.130251 0.0976979
646 -0.121396 0.0712853
647 -0.108195 0.0453168
648 -0.0902535 0.0209438
649 -0.0676196 -0.00100896
650 -0.0408369 -0.0200769
651 -0.0109343 -0.0361539
652 0.0206518 -0.0494587
653 0.0522091 -0.0604684
654 0.0819151 -0.0698186
655 0.108013 -0.0781747
656 0.128975 -0.0860885
657 0.143643 -0.0938656
658 0.15132 -0.101473
659 0.151823 -0.108509
660 0.145483 -0.114251
661 0.133099 -0.11776
662 0.115849 -0.118028
663 0.0951697 -0.114135
664 0.0726035 -0.105384
665 0.049649 -0.0914083
666 0.0276137 -0.0722412
667 0.00749903 -0.0483556
668 -0.0100686 -0.0206717
669 -0.0248514 0.00946971
670 -0.0369583 0.0403774
671 -0.0467571 0.0701299
672 -0.0547592 0.0967415
673 -0.0614968 0.118357
674 -0.0674136 0.133447
675 -0.0727801 0.140965
676 -0.0776417 0.140449
677 -0.0818013 0.132047
678 -0.0848323 0.116484
679 -0.0861228 0.0949685
680 -0.0849483 0.0690812
681 -0.0805722 0.040642
682 -0.0723661 0.0115737
683 -0.0599366 -0.016241
684 -0.04324 -0.0411025
685 -0.0226592 -0.0616302
686 0.00097265 -0.0768723
687 0.0264105 -0.0863705
688 0.0520928 -0.0901656
689 0.0762755 -0.0887399
690 0.0971858 -0.0829119
691 0.113175 -0.0737037
692 0.122859 -0.0622096
693 0.125239 -0.0494835
694 0.119804 -0.0364559
695 0.106599 -0.0238785
696 0.0862696 -0.0122912
697 0.06004 -0.0020066
698 0.0296477 0.00688615
699 -0.00279127 0.0144947
700 -0.0349624 0.0210697
701 -0.0645574 0.0269263
702 -0.0894743 0.0323531
703 -0.107987 0.0375258
704 -0.118869 0.0424471
705 -0.121464 0.0469246
706 -0.115722 0.0505911
707 -0.102185 0.0529581
708 -0.0819567 0.0534899
709 -0.0566215 0.0516811
710 -0.028135 0.04713
711 0.00133155 0.0396001
712 0.029575 0.0290734
713 0.0545523 0.0157907
714 0.0745535 0.000277115
715 0.0883307 -0.016658
716 0.0951703 -0.0339543
717 0.0949069 -0.050372
718 0.0878939 -0.0645977
719 0.0749443 -0.0753719
720 0.0572548 -0.0816185
721 0.0363175 -0.0825592
722 0.0138153 -0.0777979
723 -0.0085012 -0.0673695
724 -0.0289532 -0.0517531
725 -0.0460756 -0.0318527
726 -0.0587403 -0.0089478
727 -0.06624 0.0153844
728 -0.068319 0.0393762
729 -0.0651528 0.0612019
730 -0.0572897 0.0791277
731 -0.0455743 0.0916651
732 -0.031069 0.0977091
733 -0.0149793 0.0966437
734 0.001419 0.0884026
735 0.0168603 0.0734799
736 0.0301797 0.0528932
737 0.040409 0.0281085
738 0.0468625 0.000932831
739 0.0491945 -0.0266159
740 0.0474152 -0.0524563
741 0.0418629 -0.0746013
742 0.0331446 -0.0913174
743 0.022062 -0.101271
744 0.00954098 -0.103643
745 -0.00342761 -0.0982097
746 -0.0158385 -0.0853546
747 -0.026724 -0.0660423
748 -0.0352152 -0.0417341
749 -0.0406146 -0.0142709
750 -0.0424672 0.0142709
751 -0.0406146 0.0417341
752 -0.0352152 0.0660423
753 -0.026724 0.0853546
754 -0.0158385 0.0982097
755 -0.00342761 0.103643
756 0.00954098 0.101271
757 0.022062 0.0913174
758 0.0331446 0.0746013
759 0.0418629 0.0524563
760 0.0474152 0.0266159
761 0.0491945 -0.000932831
762 0.0468625 -0.0281085
763 0.040409 -0.0528932
764 0.0301797 -0.0734799
765 0.0168603 -0.0884026
766 0.001419 -0.0966437
767 -0.0149793 -0.0977091
768 -0.031069 -0.0916651
769 -0.0455743 -0.0791277
770 -0.0572897 -0.0612019
771 -0.0651528 -0.0393762
772 -0.068319 -0.0153844
773 -0.06624 0.0089478
774 -0.0587403 0.0318527
775 -0.0460756 0.0517531
776 -0.0289532 0.0673695
777 -0.0085012 0.0777979
778 0.0138153 0.0825592
779 0.0363175 0.0816185
780 0.0572548 0.0753719
781 0.0749443 0.0645977
782 0.0878939 0.050372
783 0.0949069 0.0339543
784 0.0951703 0.016658
785 0.0883307 -0.000277115
786 0.0745535 -0.0157907
787 0.0545523 -0.0290734
788 0.029575 -0.0396001
789 0.00133155 -0.04713
790 -0.028135 -0.0516811
791 -0.0566215 -0.0534899
792 -0.0819567 -0.0529581
793 -0.102185 -0.0505911
794 -0.115722 -0.0469246
795 -0.121464 -0.0424471
796 -0.118869 -0.0375258
797 -0.107987 -0.0323531
798 -0.0894743 -0.0269263
799 -0.0645574 -0.0210697
800 -0.0349624 -0.0144947
801 -0.00279127 -0.00688615
802 0.0296477 0.0020066
803 0.06004 0.0122912
804 0.0862696 0.0238785
805 0.106599 0.0364559
806 0.119804 0.0494835
807 0.125239 0.0622096
808 0.122859 0.0737037
809 0.113175 0.0829119
810 0.0971858 0.0887399
811 0.0762755 0.0901656
812 0.0520928 0.0863705
813 0.0264105 0.0768723
814 0.00097265 0.0616302
815 -0.0226592 0.0411025
816 -0.04324 0.016241
817 -0.0599366 -0.0115737
818 -0.0723661 -0.040642
819 -0.0805722 -0.0690812
820 -0.0849483 -0.0949685
821 -0.0861228 -0.116484
822 -0.0848323 -0.132047
823 -0.0818013 -0.140449
824 -0.0776417 -0.140965
825 -0.0727801 -0.133447
826 -0.0674136 -0.118357
827 -0.0614968 -0.0967415
828 -0.0547592 -0.0701299
829 -0.0467571 -0.0403774
830 -0.0369583 -0.00946971
831 -0.0248514 0.0206717
832 -0.0100686 0.0483556
833 0.00749903 0.0722412
834 0.0276137 0.0914083
835 0.049649 0.105384
836 0.0726035 0.114135
837 0.0951697 0.118028
838 0.115849 0.11776
839 0.133099 0.114251
840 0.145483 0.108509
841 0.151823 0.101473
842 0.15132 0.0938656
843 0.143643 0.0860885
844 0.128975 0.0781747
845 0.108013 0.0698186
846 0.0819151 0.0604684
847 0.0522091 0.0494587
848 0.0206518 0.0361539
849 -0.0109343 0.0200769
850 -0.0408369 0.00100896
851 -0.0676196 -0.0209438
852 -0.0902535 -0.0453168
853 -0.108195 -0.0712853
854 -0.121396 -0.0976979
855 -0.130251 -0.123152
856 -0.13548 -0.146113
857 -0.137985 -0.165071
858 -0.138695 -0.17872
859 -0.138417 -0.186114
860 -0.137732 -0.186799
861 -0.136912 -0.180858
862 -0.135897 -0.168897
863 -0.134297 -0.151944
864 -0.131445 -0.131317
865 -0.126487 -0.108453
866 -0.118513 -0.0847496
867 -0.106709 -0.0614192
868 -0.0905148 -0.0393779
869 -0.0697562 -0.0191692
870 -0.0447225 -0.000931122
871 -0.0161714 0.0155891
872 0.0147446 0.0309702
873 0.0466144 0.0460052
874 0.0779409 0.0615537
875 0.107315 0.0783777
876 0.133565 0.0969879
877 0.155865 0.117527
878 0.173797 0.139714
879 0.18737 0.162855
880 0.197004 0.18593
881 0.203463 0.207733
882 0.207761 0.227037
883 0.211013 0.242764
884 0.214273 0.254133
885 0.218356 0.260755
886 0.223698 0.26268
887 0.230283 0.260382
888 0.237649 0.254691
889 0.24498 0.246697
890 0.251259 0.237604
891 0.255456 0.228588
892 0.256692 0.220642
893 0.254381 0.21444
894 0.248307 0.210249
895 0.23865 0.207884
896 0.225971 0.206746
897 0.211144 0.205927
898 0.195262 0.204379
899 0.179513 0.201105
900 0.165023 0.195343
901 0.152706 0.186703
902 0.143123 0.175228
903 0.13639 0.161385
904 0.132162 0.145974
905 0.129688 0.130014
906 0.127954 0.114593
907 0.125859 0.100726
908 0.122416 0.0892321
909 0.116914 0.0806242
910 0.109033 0.075038
911 0.0988853 0.0721989
912 0.0869823 0.0714457
913 0.0741438 0.0718198
914 0.0613668 0.0722139
915 0.0496744 0.0715612
916 0.0399664 0.0690278
917 0.03289 0.064167
918 0.0287447 0.0569982
919 0.0274341 0.0479942
920 0.0284719 0.0379812
921 0.0310462 0.0279791
922 0.0341355 0.0190186
923 0.0366675 0.0119725
924 0.0376948 0.00742701
925 0.0365601 0.00560676
926 0.0330168 0.00635365
927 0.0272781 0.00915617
928 0.0199796 0.0132223
929 0.0120594 0.0175899
930 0.00458104 0.0212666
931 -0.00146408 0.0233834
932 -0.00533276 0.0233409
933 -0.00664997 0.0209209
934 -0.005455 0.0163372
935 -0.00217403 0.0102085
936 0.00246617 0.00345368
937 0.00756115 -0.00287485
938 0.0121667 -0.00778737
939 0.0154355 -0.0105421
940 0.0167399 -0.0107822
941 0.0157702 -0.00859626
942 0.0125959 -0.00449246
943 0.00767296 0.000705444
944 0.00178612 0.00601575
945 -0.00407666 0.0104764
946 -0.00890197 0.0133077
947 -0.0118479 0.0140336
948 -0.0124157 0.0125447
949 -0.0105538 0.00910184
950 -0.00666706 0.00428389
951 -0.00152997 -0.00110641
952 0.00387485 -0.00616765
953 0.00855141 -0.0100413
954 0.0116751 -0.0120541
955 0.0127313 -0.0118409
956 0.0115863 -0.00942545
957 0.00848913 -0.00523722
958 0.00401119 -4.93791e-05
959 -0.00105861 0.00515819
960 -0.00584513 0.00938935
961 -0.00952737 0.0118352
962 -0.0114707 0.0120427
963 -0.0113338 0.0100066
964 -0.0091344 0.00616182
965 -0.005258 0.00128119
966 -0.000403466 -0.0036934
967 0.00453336 -0.00784257
968 0.00862182 -0.0104402
969 0.011076 -0.0110717
970 0.0114157 -0.00968523
971 0.00957158 -0.00657903
972 0.00590842 -0.00233608
973 0.00115541 0.00227796
974 -0.00374315 0.00643944
975 -0.00782507 0.00940028
976 -0.0103099 0.0106152
977 -0.0107553 0.00984432
978 -0.00913514 0.00721013
979 -0.00582623 0.00319231
980 -0.0015128 -0.00144831
981 0.00296326 -0.0058087
982 0.00676883 -0.00902211
983 0.00922828 -0.0104392
984 0.00993049 -0.00977047
985 0.00878372 -0.0071553
986 0.0060191 -0.00313734
987 0.00214818 0.00145015
988 -0.00211867 0.00566428
989 -0.00598645 0.00865587
990 -0.00871213 0.00984855
991 -0.00974612 0.00905247
992 -0.00885246 0.00648898
993 -0.00617731 0.00272565
994 -0.00224087 -0.00145733
995 0.00215626 -0.00523425
996 0.00609838 -0.00789554
997 0.00875571 -0.00897263
998 0.00957204 -0.00830768
999 0.00839138 -0.00606452
