0 -0.00311113 -0.000628885
1 0.00669039 0.00913374
2 0.0156983 0.0176909
3 0.0224641 0.0236661
4 0.0258665 0.0260739
5 0.0252944 0.0244711
6 0.0207513 0.0190249
7 0.0128616 0.0104917
8 0.00277762 0.000109017
9 -0.00799808 -0.0105839
10 -0.0178434 -0.0199738
11 -0.0252619 -0.0266165
12 -0.0291046 -0.0294582
13 -0.0287372 -0.0279989
14 -0.0241312 -0.022371
15 -0.0158708 -0.013321
16 -0.00507451 -0.00209956
17 0.00675786 0.00972074
18 0.0179537 0.0204688
19 0.0269046 0.028608
20 0.0322969 0.032948
21 0.0333024 0.0328081
22 0.0296979 0.0281145
23 0.0218973 0.0194164
24 0.0108926 0.00781885
25 -0.00188275 -0.00516227
26 -0.0147473 -0.0178035
27 -0.0259925 -0.028407
28 -0.0341039 -0.03553
29 -0.0379569 -0.0381756
30 -0.0369634 -0.0359219
31 -0.031153 -0.0289726
32 -0.0211751 -0.0181289
33 -0.00822072 -0.0046883
34 0.00612689 0.00971379
35 0.0200936 0.0233032
36 0.0319382 0.0343832
37 0.0401686 0.0415429
38 0.0437221 0.0438336
39 0.0420895 0.0408875
40 0.0353728 0.0329636
41 0.0242721 0.0209156
42 0.0100064 0.00608714
43 -0.00582415 -0.0098478
44 -0.0214202 -0.0250785
45 -0.0349891 -0.0378613
46 -0.0449517 -0.046712
47 -0.0501233 -0.0505697
48 -0.0498472 -0.0489139
49 -0.0440643 -0.0418242
50 -0.0333146 -0.0299749
51 -0.0186734 -0.0145621
52 -0.00163485 0.00282688
53 0.0160454 0.020386
54 0.0325307 0.0362834
55 0.0460913 0.0488512
56 0.0552823 0.0567537
57 0.0590925 0.0591164
58 0.0570478 0.0556103
59 0.0492574 0.0464816
60 0.0363987 0.0325285
61 0.0196442 0.0150241
62 0.000542927 -0.00440775
63 -0.01913 -0.02395
64 -0.0375393 -0.0417685
65 -0.0529577 -0.056185
66 -0.0639212 -0.0658303
67 -0.0693613 -0.0697631
68 -0.068701 -0.0675473
69 -0.0619048 -0.0592842
70 -0.0494786 -0.0456
71 -0.0324182 -0.0275901
72 -0.0121167 -0.00672367
73 0.00976093 0.0152835
74 0.0314196 0.0366168
75 0.0510811 0.0555162
76 0.067125 0.0704208
77 0.0782159 0.080091
78 0.083406 0.0836989
79 0.0822079 0.0808849
80 0.0746283 0.0717772
81 0.0611606 0.0569766
82 0.0427387 0.0375075
83 0.0206576 0.0147377
84 -0.00352914 -0.00972638
85 -0.0281247 -0.0341615
86 -0.0514085 -0.0568541
87 -0.0717544 -0.0762206
88 -0.0877398 -0.0909123
89 -0.0982393 -0.0998993
90 -0.102497 -0.102529
91 -0.100171 -0.0985616
92 -0.0913436 -0.0881761
93 -0.0765062 -0.0719541
94 -0.0565156 -0.0508352
95 -0.0325308 -0.0260494
96 -0.00593758 0.000966224
97 0.0217377 0.0286608
98 0.0489186 0.0554635
99 0.0740704 0.0798718
100 0.0957875 0.100531
101 0.11287 0.116302
102 0.124381 0.126317
103 0.129691 0.130019
104 0.128495 0.12718
105 0.120814 0.117908
106 0.106985 0.102618
107 0.0876311 0.0820084
108 0.0636242 0.0570048
109 0.0360352 0.0287139
110 0.00607516 -0.00163508
111 -0.0249686 -0.0327487
112 -0.0557943 -0.0633283
113 -0.0851437 -0.0921282
114 -0.111851 -0.118007
115 -0.134885 -0.139973
116 -0.153382 -0.157213
117 -0.166671 -0.169113
118 -0.174291 -0.175272
119 -0.176002 -0.175498
120 -0.171773 -0.169809
121 -0.161776 -0.158417
122 -0.146357 -0.141709
123 -0.126017 -0.120223
124 -0.101379 -0.0946165
125 -0.0731651 -0.0656319
126 -0.042162 -0.0340668
127 -0.00919414 -0.000743741
128 0.0249089 0.0335153
129 0.0593408 0.0679135
130 0.093342 0.101702
131 0.126218 0.134199
132 0.157351 0.164806
133 0.186211 0.193019
134 0.212362 0.21843
135 0.235467 0.240732
136 0.255289 0.259712
137 0.271686 0.275247
138 0.284608 0.287304
139 0.294086 0.295929
140 0.300216 0.301239
141 0.303158 0.30341
142 0.303118 0.302663
143 0.300346 0.299256
144 0.29512 0.293467
145 0.287738 0.285596
146 0.278506 0.275946
147 0.267731 0.264825
148 0.255708 0.252533
149 0.242725 0.239354
150 0.229051 0.225553
151 0.214937 0.211371
152 0.200613 0.197028
153 0.186281 0.182718
154 0.172116 0.168614
155 0.158266 0.154861
156 0.144854 0.141578
157 0.131982 0.128859
158 0.119729 0.116775
159 0.108155 0.105378
160 0.0973001 0.0947019
161 0.0871848 0.0847688
162 0.0778156 0.0755843
163 0.0691864 0.067141
164 0.0612827 0.0594203
165 0.0540834 0.0523957
166 0.0475605 0.0460357
167 0.0416802 0.0403058
168 0.0364029 0.0351691
169 0.0316864 0.0305858
170 0.0274882 0.0265139
171 0.0237672 0.0229102
172 0.0204843 0.0197325
173 0.0176011 0.0169411
174 0.0150789 0.0144992
175 0.0128798 0.0123723
176 0.0109676 0.0105272
177 0.00931008 0.00893221
178 0.00787889 0.00755704
179 0.00664901 0.00637443
180 0.00559693 0.00536058
181 0.00469976 0.00449499
182 0.00393579 0.0037594
183 0.00328584 0.00313685
184 0.00273425 0.00261129
185 0.00226857 0.00216798
186 0.00187808 0.00179431
187 0.00155238 0.00148018
188 0.00128093 0.00121759
189 0.00105396 0.000999678
190 0.000863669 0.000819812
191 0.000704738 0.000671361
192 0.000573532 0.000548226
193 0.000466692 0.000445622
194 0.000380173 0.000360406
195 0.000309445 0.000290626
196 0.00025057 0.000234553
197 0.000201155 0.000189929
198 0.000160349 0.00015397
199 0.000127862 0.000124087
200 0.000102833 9.87178e-05
201 8.34461e-05 7.75353e-05
202 6.75452e-05 6.08351e-05
203 5.36609e-05 4.85499e-05
204 4.15492e-05 3.96796e-05
205 3.18001e-05 3.25971e-05
206 2.4871e-05 2.59715e-05
207 2.03617e-05 1.95371e-05
208 1.71047e-05 1.40451e-05
209 1.39392e-05 1.04157e-05
210 1.04773e-05 8.7771e-06
211 7.22186e-06 8.19522e-06
212 4.96968e-06 7.32566e-06
213 4.03453e-06 5.44618e-06
214 3.93878e-06 2.99485e-06
215 3.79523e-06 1.14557e-06
216 3.01451e-06 7.65621e-07
217 1.7284e-06 1.63322e-06
218 5.96878e-07 2.58407e-06
219 1.99877e-07 2.47127e-06
220 5.45057e-07 1.1249e-06
221 1.08866e-06 -5.12053e-07
222 1.21293e-06 -1.19692e-06
223 7.30022e-07 -4.61299e-07
224 -6.39928e-09 9.74478e-07
225 -4.43321e-07 1.80764e-06
226 -3.04899e-07 1.26553e-06
227 2.01222e-07 -2.30874e-07
228 5.95004e-07 -1.42771e-06
229 5.4142e-07 -1.31827e-06
230 1.10412e-07 -1.40937e-08
231 -3.21393e-07 1.3466e-06
232 -4.12315e-07 1.5782e-06
233 -1.34067e-07 4.71516e-07
234 2.37761e-07 -1.02377e-06
235 3.84025e-07 -1.61914e-06
236 2.10205e-07 -8.02585e-07
237 -1.02295e-07 7.16466e-07
238 -2.80777e-07 1.62006e-06
239 -1.9998e-07 1.12346e-06
240 3.28174e-08 -3.43836e-07
241 2.00102e-07 -1.50982e-06
242 1.73935e-07 -1.36334e-06
243 1.15453e-08 -3.21331e-08
244 -1.23085e-07 1.32744e-06
245 -1.20183e-07 1.53429e-06
246 -1.33585e-08 4.08653e-07
247 7.4916e-08 -1.07149e-06
248 6.34836e-08 -1.61998e-06
249 -1.37751e-08 -7.60281e-07
250 -5.70304e-08 7.60281e-07
251 -1.37751e-08 1.61998e-06
252 6.34836e-08 1.07149e-06
253 7.4916e-08 -4.08653e-07
254 -1.33585e-08 -1.53429e-06
255 -1.20183e-07 -1.32744e-06
256 -1.23085e-07 3.21331e-08
257 1.15453e-08 1.36334e-06
258 1.73935e-07 1.50982e-06
259 2.00102e-07 3.43836e-07
260 3.28174e-08 -1.12346e-06
261 -1.9998e-07 -1.62006e-06
262 -2.80777e-07 -7.16466e-07
263 -1.02295e-07 8.02585e-07
264 2.10205e-07 1.61914e-06
265 3.84025e-07 1.02377e-06
266 2.37761e-07 -4.71516e-07
267 -1.34067e-07 -1.5782e-06
268 -4.12315e-07 -1.3466e-06
269 -3.21393e-07 1.40937e-08
270 1.10412e-07 1.31827e-06
271 5.4142e-07 1.42771e-06
272 5.95004e-07 2.30874e-07
273 2.01222e-07 -1.26553e-06
274 -3.04899e-07 -1.80764e-06
275 -4.43321e-07 -9.74478e-07
276 -6.39928e-09 4.61299e-07
277 7.30022e-07 1.19692e-06
278 1.21293e-06 5.12053e-07
279 1.08866e-06 -1.1249e-06
280 5.45057e-07 -2.47127e-06
281 1.99877e-07 -2.58407e-06
282 5.96878e-07 -1.63322e-06
283 1.7284e-06 -7.65621e-07
284 3.01451e-06 -1.14557e-06
285 3.79523e-06 -2.99485e-06
286 3.93878e-06 -5.44618e-06
287 4.03453e-06 -7.32566e-06
288 4.96968e-06 -8.19522e-06
289 7.22186e-06 -8.7771e-06
290 1.04773e-05 -1.04157e-05
291 1.39392e-05 -1.40451e-05
292 1.71047e-05 -1.95371e-05
293 2.03617e-05 -2.59715e-05
294 2.4871e-05 -3.25971e-05
295 3.18001e-05 -3.96796e-05
296 4.15492e-05 -4.85499e-05
297 5.36609e-05 -6.08351e-05
298 6.75452e-05 -7.75353e-05
299 8.34461e-05 -9.87178e-05
300 0.000102833 -0.000124087
301 0.000127862 -0.00015397
302 0.000160349 -0.000189929
303 0.000201155 -0.000234553
304 0.00025057 -0.000290626
305 0.000309445 -0.000360406
306 0.000380173 -0.000445622
307 0.000466692 -0.000548226
308 0.000573532 -0.000671361
309 0.000704738 -0.000819812
310 0.000863669 -0.000999678
311 0.00105396 -0.00121759
312 0.00128093 -0.00148018
313 0.00155238 -0.00179431
314 0.00187808 -0.00216798
315 0.00226857 -0.00261129
316 0.00273425 -0.00313685
317 0.00328584 -0.0037594
318 0.00393579 -0.00449499
319 0.00469976 -0.00536058
320 0.00559693 -0.00637443
321 0.00664901 -0.00755704
322 0.00787889 -0.00893221
323 0.00931008 -0.0105272
324 0.0109676 -0.0123723
325 0.0128798 -0.0144992
326 0.0150789 -0.0169411
327 0.0176011 -0.0197325
328 0.0204843 -0.0229102
329 0.0237672 -0.0265139
330 0.0274882 -0.0305858
331 0.0316864 -0.0351691
332 0.0364029 -0.0403058
333 0.0416802 -0.0460357
334 0.0475605 -0.0523957
335 0.0540834 -0.0594203
336 0.0612827 -0.067141
337 0.0691864 -0.0755843
338 0.0778156 -0.0847688
339 0.0871848 -0.0947019
340 0.0973001 -0.105378
341 0.108155 -0.116775
342 0.119729 -0.128859
343 0.131982 -0.141578
344 0.144854 -0.154861
345 0.158266 -0.168614
346 0.172116 -0.182718
347 0.186281 -0.197028
348 0.200613 -0.211371
349 0.214937 -0.225553
350 0.229051 -0.239354
351 0.242725 -0.252533
352 0.255708 -0.264825
353 0.267731 -0.275946
354 0.278506 -0.285596
355 0.287738 -0.293467
356 0.29512 -0.299256
357 0.300346 -0.302663
358 0.303118 -0.30341
359 0.303158 -0.301239
360 0.300216 -0.295929
361 0.294086 -0.287304
362 0.284608 -0.275247
363 0.271686 -0.259712
364 0.255289 -0.240732
365 0.235467 -0.21843
366 0.212362 -0.193019
367 0.186211 -0.164806
368 0.157351 -0.134199
369 0.126218 -0.101702
370 0.093342 -0.0679135
371 0.0593408 -0.0335153
372 0.0249089 0.000743741
373 -0.00919414 0.0340668
374 -0.042162 0.0656319
375 -0.0731651 0.0946165
376 -0.101379 0.120223
377 -0.126017 0.141709
378 -0.146357 0.158417
379 -0.161776 0.169809
380 -0.171773 0.175498
381 -0.176002 0.175272
382 -0.174291 0.169113
383 -0.166671 0.157213
384 -0.153382 0.139973
385 -0.134885 0.118007
386 -0.111851 0.0921282
387 -0.0851437 0.0633283
388 -0.0557943 0.0327487
389 -0.0249686 0.00163508
390 0.00607516 -0.0287139
391 0.0360352 -0.0570048
392 0.0636242 -0.0820084
393 0.0876311 -0.102618
394 0.106985 -0.117908
395 0.120814 -0.12718
396 0.128495 -0.130019
397 0.129691 -0.126317
398 0.124381 -0.116302
399 0.11287 -0.100531
400 0.0957875 -0.0798718
401 0.0740704 -0.0554635
402 0.0489186 -0.0286608
403 0.0217377 -0.000966224
404 -0.00593758 0.0260494
405 -0.0325308 0.0508352
406 -0.0565156 0.0719541
407 -0.0765062 0.0881761
408 -0.0913436 0.0985616
409 -0.100171 0.102529
410 -0.102497 0.0998993
411 -0.0982393 0.0909123
412 -0.0877398 0.0762206
413 -0.0717544 0.0568541
414 -0.0514085 0.0341615
415 -0.0281247 0.00972638
416 -0.00352914 -0.0147377
417 0.0206576 -0.0375075
418 0.0427387 -0.0569766
419 0.0611606 -0.0717772
420 0.0746283 -0.0808849
421 0.0822079 -0.0836989
422 0.083406 -0.080091
423 0.0782159 -0.0704208
424 0.067125 -0.0555162
425 0.0510811 -0.0366168
426 0.0314196 -0.0152835
427 0.00976093 0.00672367
428 -0.0121167 0.0275901
429 -0.0324182 0.0456
430 -0.0494786 0.0592842
431 -0.0619048 0.0675473
432 -0.068701 0.0697631
433 -0.0693613 0.0658303
434 -0.0639212 0.056185
435 -0.0529577 0.0417685
436 -0.0375393 0.02395
437 -0.01913 0.00440775
438 0.000542927 -0.0150241
439 0.0196442 -0.0325285
440 0.0363987 -0.0464816
441 0.0492574 -0.0556103
442 0.0570478 -0.0591164
443 0.0590925 -0.0567537
444 0.0552823 -0.0488512
445 0.0460913 -0.0362834
446 0.0325307 -0.020386
447 0.0160454 -0.00282688
448 -0.00163485 0.0145621
449 -0.0186734 0.0299749
450 -0.0333146 0.0418242
451 -0.0440643 0.0489139
452 -0.0498472 0.0505697
453 -0.0501233 0.046712
454 -0.0449517 0.0378613
455 -0.0349891 0.0250785
456 -0.0214202 0.0098478
457 -0.00582415 -0.00608714
458 0.0100064 -0.0209156
459 0.0242721 -0.0329636
460 0.0353728 -0.0408875
461 0.0420895 -0.0438336
462 0.0437221 -0.0415429
463 0.0401686 -0.0343832
464 0.0319382 -0.0233032
465 0.0200936 -0.00971379
466 0.00612689 0.0046883
467 -0.00822072 0.0181289
468 -0.0211751 0.0289726
469 -0.031153 0.0359219
470 -0.0369634 0.0381756
471 -0.0379569 0.03553
472 -0.0341039 0.028407
473 -0.0259925 0.0178035
474 -0.0147473 0.00516227
475 -0.00188275 -0.00781885
476 0.0108926 -0.0194164
477 0.0218973 -0.0281145
478 0.0296979 -0.0328081
479 0.0333024 -0.032948
480 0.0322969 -0.028608
481 0.0269046 -0.0204688
482 0.0179537 -0.00972074
483 0.00675786 0.00209956
484 -0.00507451 0.013321
485 -0.0158708 0.022371
486 -0.0241312 0.0279989
487 -0.0287372 0.0294582
488 -0.0291046 0.0266165
489 -0.0252619 0.0199738
490 -0.0178434 0.0105839
491 -0.00799808 -0.000109017
492 0.00277762 -0.0104917
493 0.0128616 -0.0190249
494 0.0207513 -0.0244711
495 0.0252944 -0.0260739
496 0.0258665 -0.0236661
497 0.0224641 -0.0176909
498 0.0156983 -0.00913374
499 0.00669039 0.000628885
500 -0.00311113 0.0100436
501 -0.01216 0.0176267
502 -0.0190527 0.0222039
503 -0.0227444 0.0231009
504 -0.0227089 0.0202511
505 -0.0190197 0.0141999
506 -0.0123391 0.00600554
507 -0.00381133 -0.00294365
508 0.00512531 -0.0111626
509 0.0129794 -0.0173134
510 0.0184599 -0.0204212
511 0.0206963 -0.0200289
512 0.0193835 -0.0162688
513 0.0148262 -0.00983897
514 0.0078754 -0.00188525
515 -0.000227382 0.00619413
516 -0.00806896 0.0129922
517 -0.0143071 0.0173427
518 -0.0178968 0.0185282
519 -0.0182656 0.016407
520 -0.0154086 0.011432
521 -0.00988869 0.00455912
522 -0.00273777 -0.00293511
523 0.00472775 -0.00969057
524 0.0111468 -0.0145089
525 0.0153662 -0.0165641
526 0.0166552 -0.0155431
527 0.0148407 -0.0116951
528 0.010332 -0.0057819
529 0.00403331 0.00106266
530 -0.00283654 0.00754168
531 -0.00898028 0.0124383
532 -0.0132654 0.0148482
533 -0.0149309 0.0143549
534 -0.0137204 0.0111113
535 -0.00992334 0.005806
536 -0.0043148 -0.000479441
537 0.00199224 -0.00649209
538 0.0077602 -0.0110607
539 0.0118672 -0.0133264
540 0.0135293 -0.0129036
541 0.012459 -0.00994411
542 0.00892341 -0.00509408
543 0.00368776 0.000641875
544 -0.00214799 0.00610205
545 -0.00738218 0.0101966
546 -0.0109633 0.0121223
547 -0.0122042 0.0115229
548 -0.0109147 0.00856295
549 -0.00742615 0.00389518
550 -0.00251034 -0.00147432
551 0.002788 -0.00640032
552 0.00736774 -0.00984607
553 0.0102947 -0.0111086
554 0.0109897 -0.00996891
555 0.00934539 -0.00673254
556 0.00574868 -0.00215097
557 0.00100022 0.00275356
558 -0.00385583 0.0069175
559 -0.00775926 0.00946609
560 -0.00986934 0.00989453
561 -0.00975399 0.00816488
562 -0.00748597 0.00470279
563 -0.00362124 0.000298666
564 0.000935819 -0.00406521
565 0.0051466 -0.00742694
566 0.0080785 -0.00905429
567 0.00911304 -0.00860732
568 0.00807485 -0.00621719
569 0.00525624 -0.00245933
570 0.00133763 0.00177781
571 -0.00277343 0.00550128
572 -0.00614695 0.00785062
573 -0.00803524 0.00830396
574 -0.00803599 0.00680028
575 -0.00618018 0.00374615
576 -0.00292514 -9.31852e-05
577 0.000948675 -0.00378803
578 0.00451812 -0.00647177
579 0.00693625 -0.00754423
580 0.00763825 -0.00680313
581 0.00648171 -0.00447701
582 0.00378263 -0.00115801
583 0.000234352 0.00234513
584 -0.00327095 0.00519821
585 -0.00587103 0.00673444
586 -0.00695093 0.00660783
587 -0.00629126 0.0048737
588 -0.00411046 0.0019766
589 -0.000994656 -0.00135467
590 0.00226103 -0.0042845
591 0.00485503 -0.00607977
592 0.00617359 -0.00629871
593 0.00593142 -0.00490789
594 0.00422949 -0.00229263
595 0.001521 0.000845771
596 -0.00150345 0.00367947
597 -0.00408479 0.00547757
598 -0.0055805 0.00580026
599 -0.00562386 0.00460907
600 -0.00421848 0.00226464
601 -0.00174193 -0.000583266
602 0.00114756 -0.00317817
603 0.00368199 -0.0048584
604 0.00518942 -0.00522353
605 0.00527852 -0.00422503
606 0.00394795 -0.00216397
607 0.0015864 0.000397747
608 -0.00113908 0.00278613
609 -0.00347427 0.00438634
610 -0.00479175 0.00479601
611 -0.00476385 0.0039254
612 -0.00344483 0.00202037
613 -0.00124154 -0.000399377
614 0.00121384 -0.00267484
615 0.00324718 -0.00418372
616 0.00432711 -0.00451257
617 0.00420052 -0.00357667
618 0.0029463 -0.00164971
619 0.000939326 0.000710264
620 -0.0012595 0.00282124
621 -0.00305533 0.00407798
622 -0.00397441 0.00413201
623 -0.0037849 0.00299408
624 -0.0025551 0.00102632
625 -0.000634967 -0.00117323
626 0.00143627 -0.002956
627 0.0030754 -0.00381834
628 0.00381738 -0.00354594
629 0.0034504 -0.0022647
630 0.00208319 -0.000387493
631 0.000120281 0.00152066
632 -0.0018531 0.00291355
633 -0.00324571 0.0034182
634 -0.00364209 0.00293013
635 -0.00293328 0.00162777
636 -0.00135217 -9.11633e-05
637 0.000600334 -0.00172855
638 0.00231571 -0.00282517
639 0.00327202 -0.00308413
640 0.00319757 -0.00244813
641 0.00215039 -0.00111233
642 0.000489139 0.000530203
643 -0.00125131 0.00199775
644 -0.00253519 0.00285665
645 -0.00299271 0.002849
646 -0.00252542 0.0019742
647 -0.00132076 0.0004966
648 0.000222203 -0.00112826
649 0.00162574 -0.00239132
650 0.0024802 -0.0028911
651 0.00255973 -0.00246662
652 0.00187641 -0.00125548
653 0.000662992 0.000346102
654 -0.000704772 0.001812
655 -0.00182064 0.00266184
656 -0.0023633 0.00262346
657 -0.00218467 0.00172501
658 -0.00134904 0.000283128
659 -0.000113583 -0.00120875
660 0.0011453 -0.00225218
661 0.00204141 -0.00251423
662 0.00229481 -0.00193629
663 0.0018208 -0.000744677
664 0.000763041 0.000637758
665 -0.000544034 0.00174387
666 -0.00167674 0.00222227
667 -0.00225889 0.00194923
668 -0.00208974 0.00105653
669 -0.00121841 -0.000128402
670 6.5011e-05 -0.00120359
671 0.00132339 -0.00182915
672 0.00212216 -0.00183278
673 0.002183 -0.00125234
674 0.00148558 -0.000307729
675 0.000278172 0.000681993
676 -0.00100935 0.00140488
677 -0.00192001 0.00165091
678 -0.00213536 0.00136834
679 -0.00159067 0.000668919
680 -0.000496236 -0.000214596
681 0.000742927 -0.00100298
682 0.0016785 -0.00145454
683 0.00198385 -0.00143544
684 0.00157056 -0.000957924
685 0.00061384 -0.000176182
686 -0.000520429 0.000659485
687 -0.00141676 0.00127863
688 -0.00176413 0.00147574
689 -0.00146504 0.0011789
690 -0.000660727 0.000478879
691 0.000332738 -0.000394128
692 0.00114919 -0.00114269
693 0.00150825 -0.0015023
694 0.0013114 -0.00133628
695 0.000665471 -0.000690807
696 -0.000170083 0.000213313
697 -0.0008873 0.00105363
698 -0.00124322 0.00152085
699 -0.0011409 0.00143458
700 -0.000651564 0.00081591
701 2.48117e-05 -0.000113515
702 0.000640553 -0.00100927
703 0.00099024 -0.00153218
704 0.000977172 -0.00147871
705 0.000635841 -0.000862798
706 0.000107618 8.47956e-05
707 -0.000416728 0.00100201
708 -0.000764619 0.00153445
709 -0.000835965 0.00147411
710 -0.00062834 0.000842842
711 -0.000228682 -0.000113881
712 0.000221825 -0.00102182
713 0.000575908 -0.00152502
714 0.000725777 -0.00142686
715 0.00063329 -0.00076861
716 0.000337644 0.000186584
717 -5.98672e-05 0.00105848
718 -0.000428597 0.00150163
719 -0.000649168 0.0013434
720 -0.000650492 0.000652525
721 -0.000432482 -0.000289559
722 -6.7214e-05 -0.00110298
723 0.000322861 -0.00146293
724 0.000604145 -0.00123021
725 0.000676853 -0.000505944
726 0.000510919 0.000411284
727 0.000159641 0.00114814
728 -0.000255518 0.00140859
729 -0.000585685 0.00109342
730 -0.000707769 0.000338579
731 -0.000571125 -0.000542548
732 -0.000219614 -0.00118877
733 0.000220903 -0.00133911
734 0.000586936 -0.000938506
735 0.000738223 -0.000158263
736 0.000612297 0.000676414
737 0.000251152 0.00122145
738 -0.000211699 0.00125553
739 -0.000600324 0.000770093
740 -0.000763643 -2.89647e-05
741 -0.00063493 -0.00080794
742 -0.00025975 -0.00124412
743 0.000219633 -0.00115916
744 0.000618276 -0.000591959
745 0.000780412 0.0002186
746 0.000640973 0.00093372
747 0.000252153 0.00125569
748 -0.000236005 0.00105138
749 -0.000633829 0.000407209
750 -0.000786266 -0.000407209
751 -0.000633829 -0.00105138
752 -0.000236005 -0.00125569
753 0.000252153 -0.00093372
754 0.000640973 -0.0002186
755 0.000780412 0.000591959
756 0.000618276 0.00115916
757 0.000219633 0.00124412
758 -0.00025975 0.00080794
759 -0.00063493 2.89647e-05
760 -0.000763643 -0.000770093
761 -0.000600324 -0.00125553
762 -0.000211699 -0.00122145
763 0.000251152 -0.000676414
764 0.000612297 0.000158263
765 0.000738223 0.000938506
766 0.000586936 0.00133911
767 0.000220903 0.00118877
768 -0.000219614 0.000542548
769 -0.000571125 -0.000338579
770 -0.000707769 -0.00109342
771 -0.000585685 -0.00140859
772 -0.000255518 -0.00114814
773 0.000159641 -0.000411284
774 0.000510919 0.000505944
775 0.000676853 0.00123021
776 0.000604145 0.00146293
777 0.000322861 0.00110298
778 -6.7214e-05 0.000289559
779 -0.000432482 -0.000652525
780 -0.000650492 -0.0013434
781 -0.000649168 -0.00150163
782 -0.000428597 -0.00105848
783 -5.98672e-05 -0.000186584
784 0.000337644 0.00076861
785 0.00063329 0.00142686
786 0.000725777 0.00152502
787 0.000575908 0.00102182
788 0.000221825 0.000113881
789 -0.000228682 -0.000842842
790 -0.00062834 -0.00147411
791 -0.000835965 -0.00153445
792 -0.000764619 -0.00100201
793 -0.000416728 -8.47956e-05
794 0.000107618 0.000862798
795 0.000635841 0.00147871
796 0.000977172 0.00153218
797 0.00099024 0.00100927
798 0.000640553 0.000113515
799 2.48117e-05 -0.00081591
800 -0.000651564 -0.00143458
801 -0.0011409 -0.00152085
802 -0.00124322 -0.00105363
803 -0.0008873 -0.000213313
804 -0.000170083 0.000690807
805 0.000665471 0.00133628
806 0.0013114 0.0015023
807 0.00150825 0.00114269
808 0.00114919 0.000394128
809 0.000332738 -0.000478879
810 -0.000660727 -0.0011789
811 -0.00146504 -0.00147574
812 -0.00176413 -0.00127863
813 -0.00141676 -0.000659485
814 -0.000520429 0.000176182
815 0.00061384 0.000957924
816 0.00157056 0.00143544
817 0.00198385 0.00145454
818 0.0016785 0.00100298
819 0.000742927 0.000214596
820 -0.000496236 -0.000668919
821 -0.00159067 -0.00136834
822 -0.00213536 -0.00165091
823 -0.00192001 -0.00140488
824 -0.00100935 -0.000681993
825 0.000278172 0.000307729
826 0.00148558 0.00125234
827 0.002183 0.00183278
828 0.00212216 0.00182915
829 0.00132339 0.00120359
830 6.5011e-05 0.000128402
831 -0.00121841 -0.00105653
832 -0.00208974 -0.00194923
833 -0.00225889 -0.00222227
834 -0.00167674 -0.00174387
835 -0.000544034 -0.000637758
836 0.000763041 0.000744677
837 0.0018208 0.00193629
838 0.00229481 0.00251423
839 0.00204141 0.00225218
840 0.0011453 0.00120875
841 -0.000113583 -0.000283128
842 -0.00134904 -0.00172501
843 -0.00218467 -0.00262346
844 -0.0023633 -0.00266184
845 -0.00182064 -0.001812
846 -0.000704772 -0.000346102
847 0.000662992 0.00125548
848 0.00187641 0.00246662
849 0.00255973 0.0028911
850 0.0024802 0.00239132
851 0.00162574 0.00112826
852 0.000222203 -0.0004966
853 -0.00132076 -0.0019742
854 -0.00252542 -0.002849
855 -0.00299271 -0.00285665
856 -0.00253519 -0.00199775
857 -0.00125131 -0.000530203
858 0.000489139 0.00111233
859 0.00215039 0.00244813
860 0.00319757 0.00308413
861 0.00327202 0.00282517
862 0.00231571 0.00172855
863 0.000600334 9.11633e-05
864 -0.00135217 -0.00162777
865 -0.00293328 -0.00293013
866 -0.00364209 -0.0034182
867 -0.00324571 -0.00291355
868 -0.0018531 -0.00152066
869 0.000120281 0.000387493
870 0.00208319 0.0022647
871 0.0034504 0.00354594
872 0.00381738 0.00381834
873 0.0030754 0.002956
874 0.00143627 0.00117323
875 -0.000634967 -0.00102632
876 -0.0025551 -0.00299408
877 -0.0037849 -0.00413201
878 -0.00397441 -0.00407798
879 -0.00305533 -0.00282124
880 -0.0012595 -0.000710264
881 0.000939326 0.00164971
882 0.0029463 0.00357667
883 0.00420052 0.00451257
884 0.00432711 0.00418372
885 0.00324718 0.00267484
886 0.00121384 0.000399377
887 -0.00124154 -0.00202037
888 -0.00344483 -0.0039254
889 -0.00476385 -0.00479601
890 -0.00479175 -0.00438634
891 -0.00347427 -0.00278613
892 -0.00113908 -0.000397747
893 0.0015864 0.00216397
894 0.00394795 0.00422503
895 0.00527852 0.00522353
896 0.00518942 0.0048584
897 0.00368199 0.00317817
898 0.00114756 0.000583266
899 -0.00174193 -0.00226464
900 -0.00421848 -0.00460907
901 -0.00562386 -0.00580026
902 -0.0055805 -0.00547757
903 -0.00408479 -0.00367947
904 -0.00150345 -0.000845771
905 0.001521 0.00229263
906 0.00422949 0.00490789
907 0.00593142 0.00629871
908 0.00617359 0.00607977
909 0.00485503 0.0042845
910 0.00226103 0.00135467
911 -0.000994656 -0.0019766
912 -0.00411046 -0.0048737
913 -0.00629126 -0.00660783
914 -0.00695093 -0.00673444
915 -0.00587103 -0.00519821
916 -0.00327095 -0.00234513
917 0.000234352 0.00115801
918 0.00378263 0.00447701
919 0.00648171 0.00680313
920 0.00763825 0.00754423
921 0.00693625 0.00647177
922 0.00451812 0.00378803
923 0.000948675 9.31852e-05
924 -0.00292514 -0.00374615
925 -0.00618018 -0.00680028
926 -0.00803599 -0.00830396
927 -0.00803524 -0.00785062
928 -0.00614695 -0.00550128
929 -0.00277343 -0.00177781
930 0.00133763 0.00245933
931 0.00525624 0.00621719
932 0.00807485 0.00860732
933 0.00911304 0.00905429
934 0.0080785 0.00742694
935 0.0051466 0.00406521
936 0.000935819 -0.000298666
937 -0.00362124 -0.00470279
938 -0.00748597 -0.00816488
939 -0.00975399 -0.00989453
940 -0.00986934 -0.00946609
941 -0.00775926 -0.0069175
942 -0.00385583 -0.00275356
943 0.00100022 0.00215097
944 0.00574868 0.00673254
945 0.00934539 0.00996891
946 0.0109897 0.0111086
947 0.0102947 0.00984607
948 0.00736774 0.00640032
949 0.002788 0.00147432
950 -0.00251034 -0.00389518
951 -0.00742615 -0.00856295
952 -0.0109147 -0.0115229
953 -0.0122042 -0.0121223
954 -0.0109633 -0.0101966
955 -0.00738218 -0.00610205
956 -0.00214799 -0.000641875
957 0.00368776 0.00509408
958 0.00892341 0.00994411
959 0.012459 0.0129036
960 0.0135293 0.0133264
961 0.0118672 0.0110607
962 0.0077602 0.00649209
963 0.00199224 0.000479441
964 -0.0043148 -0.005806
965 -0.00992334 -0.0111113
966 -0.0137204 -0.0143549
967 -0.0149309 -0.0148482
968 -0.0132654 -0.0124383
969 -0.00898028 -0.00754168
970 -0.00283654 -0.00106266
971 0.00403331 0.0057819
972 0.010332 0.0116951
973 0.0148407 0.0155431
974 0.0166552 0.0165641
975 0.0153662 0.0145089
976 0.0111468 0.00969057
977 0.00472775 0.00293511
978 -0.00273777 -0.00455912
979 -0.00988869 -0.011432
980 -0.0154086 -0.016407
981 -0.0182656 -0.0185282
982 -0.0178968 -0.0173427
983 -0.0143071 -0.0129922
984 -0.00806896 -0.00619413
985 -0.000227382 0.00188525
986 0.0078754 0.00983897
987 0.0148262 0.0162688
988 0.0193835 0.0200289
989 0.0206963 0.0204212
990 0.0184599 0.0173134
991 0.0129794 0.0111626
992 0.00512531 0.00294365
993 -0.00381133 -0.00600554
994 -0.0123391 -0.0141999
995 -0.0190197 -0.0202511
996 -0.0227089 -0.0231009
997 -0.0227444 -0.0222039
998 -0.0190527 -0.0176267
999 -0.01216 -0.0100436
