0 -0.000937283 -0.00155372
1 -0.00116471 -0.00177572
2 -0.000880004 -0.00149809
3 -0.000152557 -0.000835833
4 0.000798389 -4.75519e-05
5 0.00167851 0.00055383
6 0.0022194 0.000710328
7 0.00227209 0.000309023
8 0.00186155 -0.000578989
9 0.00118304 -0.00172417
10 0.000540147 -0.00281911
11 0.000244235 -0.00358571
12 0.000508878 -0.00387234
13 0.00137587 -0.00370853
14 0.00269963 -0.00329931
15 0.00419702 -0.00296128
16 0.0055466 -0.00302134
17 0.00650328 -0.00371098
18 0.00698825 -0.005091
19 0.00712256 -0.00703239
20 0.00719247 -0.00926119
21 0.00755877 -0.011454
22 0.00854124 -0.0133533
23 0.0103177 -0.0148631
24 0.0128713 -0.0160927
25 0.0160022 -0.0173307
26 0.0194004 -0.0189587
27 0.0227548 -0.0213323
28 0.0258637 -0.0246702
29 0.0287112 -0.0289893
30 0.031485 -0.034107
31 0.0345279 -0.0397097
32 0.0382372 -0.0454643
33 0.0429445 -0.0511356
34 0.0488132 -0.0566714
35 0.0557895 -0.062228
36 0.063623 -0.0681284
37 0.071952 -0.0747648
38 0.0804257 -0.0824771
39 0.0888225 -0.0914439
40 0.0971239 -0.101621
41 0.105521 -0.112747
42 0.114348 -0.124416
43 0.123971 -0.136196
44 0.134654 -0.147752
45 0.146464 -0.158939
46 0.159226 -0.169826
47 0.172552 -0.180652
48 0.185933 -0.191713
49 0.198861 -0.203237
50 0.210952 -0.21526
51 0.222024 -0.227573
52 0.232108 -0.23973
53 0.241393 -0.251132
54 0.250111 -0.261151
55 0.258403 -0.269266
56 0.266213 -0.275157
57 0.273239 -0.278748
58 0.278954 -0.280165
59 0.282712 -0.279647
60 0.28388 -0.277411
61 0.281982 -0.273537
62 0.276794 -0.267892
63 0.268374 -0.260136
64 0.257011 -0.249793
65 0.24312 -0.236387
66 0.227109 -0.219585
67 0.209261 -0.199323
68 0.189671 -0.175859
69 0.168252 -0.149752
70 0.144813 -0.121763
71 0.119189 -0.0927188
72 0.0913787 -0.0633706
73 0.0616614 -0.0342882
74 0.0306387 -0.00582544
75 -0.000800556 0.0218416
76 -0.0315919 0.0486146
77 -0.0606522 0.0743434
78 -0.0870381 0.0987079
79 -0.110064 0.12115
80 -0.129346 0.140881
81 -0.144772 0.156971
82 -0.156397 0.168497
83 -0.16432 0.17471
84 -0.168559 0.175188
85 -0.168984 0.16992
86 -0.165317 0.1593
87 -0.157213 0.14405
88 -0.144389 0.125077
89 -0.126782 0.103319
90 -0.104675 0.0796097
91 -0.0787698 0.0546108
92 -0.0501643 0.0288166
93 -0.020247 0.00262739
94 0.00947186 -0.0235351
95 0.0375515 -0.0491075
96 0.0627885 -0.0733039
97 0.0843205 -0.0951051
98 0.101648 -0.113331
99 0.114576 -0.12679
100 0.1231 -0.134464
101 0.127278 -0.135695
102 0.127128 -0.13032
103 0.122584 -0.118718
104 0.113523 -0.101767
105 0.0998629 -0.0807111
106 0.0817054 -0.0569772
107 0.0594697 -0.0319881
108 0.0339912 -0.00700575
109 0.00653769 0.0169565
110 -0.0212689 0.0391424
111 -0.0476166 0.0589919
112 -0.0707232 0.0760377
113 -0.0890634 0.0898002
114 -0.101557 0.0997214
115 -0.107678 0.105165
116 -0.107466 0.105493
117 -0.101451 0.100209
118 -0.0904997 0.0891206
119 -0.0756483 0.0724948
120 -0.05794 0.0511441
121 -0.0383196 0.0264229
122 -0.0175973 0.000121477
123 0.00351548 -0.025729
124 0.0243217 -0.0491033
125 0.0440426 -0.0682348
126 0.061752 -0.0818261
127 0.0763729 -0.0891771
128 0.0867549 -0.0902121
129 0.0918221 -0.0854064
130 0.0907654 -0.0756381
131 0.0832337 -0.0620039
132 0.0694793 -0.0456446
133 0.0504172 -0.027619
134 0.0275766 -0.00884789
135 0.00294556 0.00987135
136 -0.0212686 0.0277991
137 -0.0429204 0.0441728
138 -0.0601982 0.0581476
139 -0.071836 0.0687918
140 -0.0772295 0.0751503
141 -0.076442 0.0763749
142 -0.0701069 0.0718953
143 -0.0592596 0.0615954
144 -0.0451394 0.0459468
145 -0.0290076 0.0260625
146 -0.0120155 0.00364159
147 0.00485841 -0.0191958
148 0.0208033 -0.0401646
149 0.0351223 -0.0571171
150 0.0471614 -0.0683401
151 0.0562575 -0.0727899
152 0.0617317 -0.0702265
153 0.0629451 -0.0612226
154 0.0594119 -0.0470505
155 0.0509457 -0.0294717
156 0.0378034 -0.0104688
157 0.0207827 0.0080278
158 0.00123743 0.0243738
159 -0.0190096 0.0373661
160 -0.0378552 0.0463036
161 -0.0531824 0.0509576
162 -0.0631604 0.0514761
163 -0.0665283 0.0482567
164 -0.0628071 0.0418257
165 -0.0524008 0.0327535
166 -0.0365624 0.0216201
167 -0.0172279 0.00902994
168 0.00325739 -0.00434132
169 0.0224724 -0.0176948
170 0.0382573 -0.030082
171 0.0489975 -0.040428
172 0.0538093 -0.0476181
173 0.0526037 -0.050643
174 0.0460257 -0.048779
175 0.0352922 -0.0417681
176 0.0219636 -0.0299549
177 0.00769512 -0.0143408
178 -0.00598792 0.00346816
179 -0.0178575 0.0214251
180 -0.0270715 0.037301
181 -0.0331834 0.0490006
182 -0.0360869 0.0548838
183 -0.0359242 0.0540384
184 -0.0329889 0.0464521
185 -0.0276502 0.0330506
186 -0.0203163 0.0155872
187 -0.0114366 -0.00360091
188 -0.00153345 -0.0219328
189 0.00875881 -0.0369653
190 0.01867 -0.0467525
191 0.0273078 -0.0501258
192 0.0337216 -0.0468496
193 0.0370148 -0.0376305
194 0.0364946 -0.0239818
195 0.0318276 -0.00796919
196 0.0231706 0.00811711
197 0.0112377 0.0221088
198 -0.00271866 0.0322688
199 -0.0170257 0.0375154
200 -0.0297973 0.0375318
201 -0.0392022 0.0327509
202 -0.0437524 0.0242277
203 -0.042563 0.0134296
204 -0.0355358 0.00198464
205 -0.0234294 -0.00856783
206 -0.00779359 -0.0169852
207 0.00922834 -0.02246
208 0.0252049 -0.024675
209 0.0377829 -0.0237772
210 0.0450558 -0.0202856
211 0.0458731 -0.0149588
212 0.0400379 -0.00864954
213 0.0283577 -0.00217407
214 0.0125376 0.00378437
215 -0.00507072 0.00872873
216 -0.0218262 0.0123584
217 -0.0352066 0.0145457
218 -0.0432021 0.0152942
219 -0.0446308 0.0146926
220 -0.0393241 0.0128798
221 -0.0281517 0.0100259
222 -0.0128822 0.00633271
223 0.00409687 0.00204642
224 0.0201554 -0.00252596
225 0.0328325 -0.00700889
226 0.0402196 -0.010969
227 0.0412535 -0.0139495
228 0.0358752 -0.0155272
229 0.0250282 -0.0153832
230 0.0104989 -0.0133747
231 -0.0053751 -0.00958967
232 -0.0200801 -0.00437253
233 -0.0313239 0.00169244
234 -0.0373939 0.00784076
235 -0.0374183 0.0132263
236 -0.0314923 0.0170453
237 -0.0206516 0.0186661
238 -0.00669669 0.0177424
239 0.00810011 0.0142887
240 0.0213609 0.00870075
241 0.0309807 0.00171501
242 0.0354597 -0.0056904
243 0.0341351 -0.0124386
244 0.0272788 -0.0175185
245 0.0160463 -0.0201449
246 0.00228573 -0.0198866
247 -0.0117599 -0.0167414
248 -0.0238125 -0.0111447
249 -0.0319222 -0.00390712
250 -0.0347792 0.00390712
251 -0.0319222 0.0111447
252 -0.0238125 0.0167414
253 -0.0117599 0.0198866
254 0.00228573 0.0201449
255 0.0160463 0.0175185
256 0.0272788 0.0124386
257 0.0341351 0.0056904
258 0.0354597 -0.00171501
259 0.0309807 -0.00870075
260 0.0213609 -0.0142887
261 0.00810011 -0.0177424
262 -0.00669669 -0.0186661
263 -0.0206516 -0.0170453
264 -0.0314923 -0.0132263
265 -0.0374183 -0.00784076
266 -0.0373939 -0.00169244
267 -0.0313239 0.00437253
268 -0.0200801 0.00958967
269 -0.0053751 0.0133747
270 0.0104989 0.0153832
271 0.0250282 0.0155272
272 0.0358752 0.0139495
273 0.0412535 0.010969
274 0.0402196 0.00700889
275 0.0328325 0.00252596
276 0.0201554 -0.00204642
277 0.00409687 -0.00633271
278 -0.0128822 -0.0100259
279 -0.0281517 -0.0128798
280 -0.0393241 -0.0146926
281 -0.0446308 -0.0152942
282 -0.0432021 -0.0145457
283 -0.0352066 -0.0123584
284 -0.0218262 -0.00872873
285 -0.00507072 -0.00378437
286 0.0125376 0.00217407
287 0.0283577 0.00864954
288 0.0400379 0.0149588
289 0.0458731 0.0202856
290 0.0450558 0.0237772
291 0.0377829 0.024675
292 0.0252049 0.02246
293 0.00922834 0.0169852
294 -0.00779359 0.00856783
295 -0.0234294 -0.00198464
296 -0.0355358 -0.0134296
297 -0.042563 -0.0242277
298 -0.0437524 -0.0327509
299 -0.0392022 -0.0375318
300 -0.0297973 -0.0375154
301 -0.0170257 -0.0322688
302 -0.00271866 -0.0221088
303 0.0112377 -0.00811711
304 0.0231706 0.00796919
305 0.0318276 0.0239818
306 0.0364946 0.0376305
307 0.0370148 0.0468496
308 0.0337216 0.0501258
309 0.0273078 0.0467525
310 0.01867 0.0369653
311 0.00875881 0.0219328
312 -0.00153345 0.00360091
313 -0.0114366 -0.0155872
314 -0.0203163 -0.0330506
315 -0.0276502 -0.0464521
316 -0.0329889 -0.0540384
317 -0.0359242 -0.0548838
318 -0.0360869 -0.0490006
319 -0.0331834 -0.037301
320 -0.0270715 -0.0214251
321 -0.0178575 -0.00346816
322 -0.00598792 0.0143408
323 0.00769512 0.0299549
324 0.0219636 0.0417681
325 0.0352922 0.048779
326 0.0460257 0.050643
327 0.0526037 0.0476181
328 0.0538093 0.040428
329 0.0489975 0.030082
330 0.0382573 0.0176948
331 0.0224724 0.00434132
332 0.00325739 -0.00902994
333 -0.0172279 -0.0216201
334 -0.0365624 -0.0327535
335 -0.0524008 -0.0418257
336 -0.0628071 -0.0482567
337 -0.0665283 -0.0514761
338 -0.0631604 -0.0509576
339 -0.0531824 -0.0463036
340 -0.0378552 -0.0373661
341 -0.0190096 -0.0243738
342 0.00123743 -0.0080278
343 0.0207827 0.0104688
344 0.0378034 0.0294717
345 0.0509457 0.0470505
346 0.0594119 0.0612226
347 0.0629451 0.0702265
348 0.0617317 0.0727899
349 0.0562575 0.0683401
350 0.0471614 0.0571171
351 0.0351223 0.0401646
352 0.0208033 0.0191958
353 0.00485841 -0.00364159
354 -0.0120155 -0.0260625
355 -0.0290076 -0.0459468
356 -0.0451394 -0.0615954
357 -0.0592596 -0.0718953
358 -0.0701069 -0.0763749
359 -0.076442 -0.0751503
360 -0.0772295 -0.0687918
361 -0.071836 -0.0581476
362 -0.0601982 -0.0441728
363 -0.0429204 -0.0277991
364 -0.0212686 -0.00987135
365 0.00294556 0.00884789
366 0.0275766 0.027619
367 0.0504172 0.0456446
368 0.0694793 0.0620039
369 0.0832337 0.0756381
370 0.0907654 0.0854064
371 0.0918221 0.0902121
372 0.0867549 0.0891771
373 0.0763729 0.0818261
374 0.061752 0.0682348
375 0.0440426 0.0491033
376 0.0243217 0.025729
377 0.00351548 -0.000121477
378 -0.0175973 -0.0264229
379 -0.0383196 -0.0511441
380 -0.05794 -0.0724948
381 -0.0756483 -0.0891206
382 -0.0904997 -0.100209
383 -0.101451 -0.105493
384 -0.107466 -0.105165
385 -0.107678 -0.0997214
386 -0.101557 -0.0898002
387 -0.0890634 -0.0760377
388 -0.0707232 -0.0589919
389 -0.0476166 -0.0391424
390 -0.0212689 -0.0169565
391 0.00653769 0.00700575
392 0.0339912 0.0319881
393 0.0594697 0.0569772
394 0.0817054 0.0807111
395 0.0998629 0.101767
396 0.113523 0.118718
397 0.122584 0.13032
398 0.127128 0.135695
399 0.127278 0.134464
400 0.1231 0.12679
401 0.114576 0.113331
402 0.101648 0.0951051
403 0.0843205 0.0733039
404 0.0627885 0.0491075
405 0.0375515 0.0235351
406 0.00947186 -0.00262739
407 -0.020247 -0.0288166
408 -0.0501643 -0.0546108
409 -0.0787698 -0.0796097
410 -0.104675 -0.103319
411 -0.126782 -0.125077
412 -0.144389 -0.14405
413 -0.157213 -0.1593
414 -0.165317 -0.16992
415 -0.168984 -0.175188
416 -0.168559 -0.17471
417 -0.16432 -0.168497
418 -0.156397 -0.156971
419 -0.144772 -0.140881
420 -0.129346 -0.12115
421 -0.110064 -0.0987079
422 -0.0870381 -0.0743434
423 -0.0606522 -0.0486146
424 -0.0315919 -0.0218416
425 -0.000800556 0.00582544
426 0.0306387 0.0342882
427 0.0616614 0.0633706
428 0.0913787 0.0927188
429 0.119189 0.121763
430 0.144813 0.149752
431 0.168252 0.175859
432 0.189671 0.199323
433 0.209261 0.219585
434 0.227109 0.236387
435 0.24312 0.249793
436 0.257011 0.260136
437 0.268374 0.267892
438 0.276794 0.273537
439 0.281982 0.277411
440 0.28388 0.279647
441 0.282712 0.280165
442 0.278954 0.278748
443 0.273239 0.275157
444 0.266213 0.269266
445 0.258403 0.261151
446 0.250111 0.251132
447 0.241393 0.23973
448 0.232108 0.227573
449 0.222024 0.21526
450 0.210952 0.203237
451 0.198861 0.191713
452 0.185933 0.180652
453 0.172552 0.169826
454 0.159226 0.158939
455 0.146464 0.147752
456 0.134654 0.136196
457 0.123971 0.124416
458 0.114348 0.112747
459 0.105521 0.101621
460 0.0971239 0.0914439
461 0.0888225 0.0824771
462 0.0804257 0.0747648
463 0.071952 0.0681284
464 0.063623 0.062228
465 0.0557895 0.0566714
466 0.0488132 0.0511356
467 0.0429445 0.0454643
468 0.0382372 0.0397097
469 0.0345279 0.034107
470 0.031485 0.0289893
471 0.0287112 0.0246702
472 0.0258637 0.0213323
473 0.0227548 0.0189587
474 0.0194004 0.0173307
475 0.0160022 0.0160927
476 0.0128713 0.0148631
477 0.0103177 0.0133533
478 0.00854124 0.011454
479 0.00755877 0.00926119
480 0.00719247 0.00703239
481 0.00712256 0.005091
482 0.00698825 0.00371098
483 0.00650328 0.00302134
484 0.0055466 0.00296128
485 0.00419702 0.00329931
486 0.00269963 0.00370853
487 0.00137587 0.00387234
488 0.000508878 0.00358571
489 0.000244235 0.00281911
490 0.000540147 0.00172417
491 0.00118304 0.000578989
492 0.00186155 -0.000309023
493 0.00227209 -0.000710328
494 0.0022194 -0.00055383
495 0.00167851 4.75519e-05
496 0.000798389 0.000835833
497 -0.000152557 0.00149809
498 -0.000880004 0.00177572
499 -0.00116471 0.00155372
500 -0.000937283 0.000898115
501 -0.00030161 2.87479e-05
502 0.000501126 -0.000761561
503 0.00117613 -0.00121168
504 0.0014778 -0.00118298
505 0.0012958 -0.000704975
506 0.000693419 3.8777e-05
507 -0.000116047 0.000777717
508 -0.000846958 0.00124965
509 -0.00124482 0.0012911
510 -0.00117766 0.000892086
511 -0.000681713 0.000197215
512 5.45917e-05 -0.000546516
513 0.000761535 -0.00107712
514 0.00118659 -0.00121006
515 0.00118413 -0.000903578
516 0.000764443 -0.000273424
517 8.58781e-05 0.000448845
518 -0.000605022 0.000999953
519 -0.00106277 0.0011811
520 -0.00112956 0.000930788
521 -0.000789244 0.000346776
522 -0.000170778 -0.000351466
523 0.00049936 -0.000905633
524 0.000978768 -0.00111516
525 0.00109608 -0.000910695
526 0.000812519 -0.000377116
527 0.000235834 0.000281573
528 -0.000419191 0.000820591
529 -0.000909924 0.00104551
530 -0.00105609 0.000882061
531 -0.000807245 0.00039978
532 -0.000261487 -0.000217289
533 0.000372275 -0.000740426
534 0.000854455 -0.000980213
535 0.00100631 -0.000854322
536 0.000777235 -0.000415472
537 0.00026184 0.000169659
538 -0.00033907 0.000682499
539 -0.000797306 0.000933215
540 -0.000944453 0.000830813
541 -0.000733702 0.000416996
542 -0.000253769 -0.000149299
543 0.000308504 -0.000651762
544 0.000740804 -0.000899122
545 0.00088496 -0.000798817
546 0.000693998 -0.000393019
547 0.000246689 0.000157834
548 -0.000284351 0.000638209
549 -0.000698273 0.000862516
550 -0.000840951 0.000747954
551 -0.000661972 0.000345839
552 -0.000232912 -0.000180891
553 0.000279993 -0.000624177
554 0.000679051 -0.00081375
555 0.000810885 -0.000682897
556 0.000626015 -0.000291465
557 0.000198734 0.000201457
558 -0.000301456 0.000602477
559 -0.000676617 0.000759669
560 -0.000779268 0.000619511
561 -0.000571599 0.000244112
562 -0.000140451 -0.000216087
563 0.000338498 -0.000582068
564 0.000672769 -0.000714973
565 0.000731409 -0.000567993
566 0.00049709 -0.000202605
567 7.07778e-05 0.000236278
568 -0.000372019 0.000576601
569 -0.000654138 0.000685759
570 -0.000668034 0.000522272
571 -0.000416513 0.00015246
572 -7.70739e-06 -0.000275126
573 0.000391669 -0.000588455
574 0.000624282 -0.000661268
575 0.000603621 -0.000464929
576 0.000345279 -8.09982e-05
577 -4.25905e-05 0.000331749
578 -0.000404181 0.000603002
579 -0.00059779 0.000622055
580 -0.000550447 0.000384139
581 -0.000284965 -8.14115e-06
582 9.02626e-05 -0.000389008
583 0.000424447 -0.000600247
584 0.000583985 -0.000557809
585 0.000505551 -0.000285693
586 0.000221844 9.67937e-05
587 -0.000150832 0.000427791
588 -0.000459158 0.000571958
589 -0.000575583 0.00047599
590 -0.000451749 0.000187694
591 -0.0001398 -0.000167756
592 0.000228514 -0.000442448
593 0.00049719 -0.000527155
594 0.000552647 -0.000394092
595 0.000372842 -0.000104728
596 3.69367e-05 0.000218552
597 -0.000309242 0.000443792
598 -0.000516987 0.000482476
599 -0.000499493 0.000323468
600 -0.000268864 3.54578e-05
601 7.08591e-05 -0.000262063
602 0.000370948 -0.000447371
603 0.000503782 -0.000445517
604 0.000417632 -0.000258553
605 0.000156594 3.51191e-05
606 -0.000161849 0.000312532
607 -0.000400162 0.000456838
608 -0.000460404 0.000406507
609 -0.000324164 0.00018234
610 -5.66941e-05 -0.000119998
611 0.000224485 -0.000369994
612 0.000401218 -0.000458581
613 0.00040386 -0.000346466
614 0.000237807 -8.26273e-05
615 -2.20615e-05 0.000216284
616 -0.00026493 0.000417444
617 -0.000390627 0.000431538
618 -0.000350064 0.000253396
619 -0.000163789 -3.54653e-05
620 8.79421e-05 -0.000304039
621 0.000298945 -0.000431789
622 0.00038099 -0.000363572
623 0.000300232 -0.000134003
624 9.14327e-05 0.000149827
625 -0.000156119 0.000358701
626 -0.000335848 0.000400739
627 -0.000369324 0.000262217
628 -0.000240807 1.13709e-05
629 -5.52258e-06 -0.000235378
630 0.000233101 -0.000367902
631 0.000368442 -0.000331758
632 0.000338632 -0.000150192
633 0.000155695 8.99047e-05
634 -9.83154e-05 0.000279837
635 -0.000307673 0.0003384
636 -0.000375959 0.000246192
637 -0.000271247 5.06977e-05
638 -4.18623e-05 -0.000158139
639 0.000205482 -0.000289236
640 0.000355508 -0.0002896
641 0.000338756 -0.00016487
642 0.000164487 2.61827e-05
643 -8.38907e-05 0.00019916
644 -0.000288819 0.000280735
645 -0.000354754 0.000238951
646 -0.000253341 9.51006e-05
647 -3.58879e-05 -8.67975e-05
648 0.000192526 -0.000227853
649 0.000324215 -0.000267747
650 0.000300163 -0.000190071
651 0.000136691 -2.92051e-05
652 -8.46674e-05 0.00014423
653 -0.00025806 0.00025359
654 -0.000304309 0.000249658
655 -0.000207184 0.00013298
656 -1.82919e-05 -4.51393e-05
657 0.000170319 -0.000204397
658 0.000271243 -0.000271273
659 0.000242255 -0.000213141
660 0.000103487 -5.4792e-05
661 -7.54367e-05 0.000131314
662 -0.000210422 0.000257779
663 -0.000242395 0.000263438
664 -0.000162714 0.000143507
665 -1.38554e-05 -4.64737e-05
666 0.000133136 -0.000215931
667 0.000212459 -0.000282511
668 0.000192565 -0.000212585
669 8.78645e-05 -3.88175e-05
670 -5.06613e-05 0.000154663
671 -0.000160124 0.000273002
672 -0.000193819 0.000257513
673 -0.000140471 0.000115326
674 -2.71412e-05 -8.34699e-05
675 9.42817e-05 -0.000240322
676 0.000170377 -0.000277371
677 0.000169081 -0.000176577
678 9.27458e-05 1.11014e-05
679 -2.36587e-05 0.000191361
680 -0.000128108 0.000274145
681 -0.000174189 0.000219029
682 -0.000141353 5.53136e-05
683 -4.41461e-05 -0.000133364
684 7.3768e-05 -0.000251866
685 0.000158642 -0.000241828
686 0.000170791 -0.000110698
687 0.000103217 7.30543e-05
688 -1.40649e-05 0.000215702
689 -0.000126769 0.00024627
690 -0.000181123 0.000152095
691 -0.000149568 -1.60225e-05
692 -4.50719e-05 -0.000171114
693 8.35589e-05 -0.000235151
694 0.000174129 -0.000178496
695 0.000181138 -3.36283e-05
696 9.89298e-05 0.000123203
697 -3.4019e-05 0.000212145
698 -0.000152755 0.000190531
699 -0.000197544 7.33689e-05
700 -0.000144163 -7.62985e-05
701 -1.72867e-05 -0.000181259
702 0.000120548 -0.000190023
703 0.000199692 -0.000102103
704 0.000178759 3.37388e-05
705 6.65636e-05 0.000146366
706 -8.11665e-05 0.000179516
707 -0.000189365 0.000119921
708 -0.000201902 2.22832e-06
709 -0.000110956 -0.000110838
710 3.80135e-05 -0.00016185
711 0.000168863 -0.000127837
712 0.000213761 -3.04352e-05
713 0.000148555 7.73499e-05
714 5.96646e-06 0.000139868
715 -0.000140685 0.000127522
716 -0.000215211 5.06505e-05
717 -0.000178289 -4.78309e-05
718 -4.84027e-05 -0.000116195
719 0.000107261 -0.000120999
720 0.000207554 -6.3356e-05
721 0.000199779 2.34825e-05
722 8.7541e-05 9.30347e-05
723 -7.07654e-05 0.000110361
724 -0.000192297 6.95497e-05
725 -0.000213181 -4.79985e-06
726 -0.000122211 -7.20508e-05
727 3.30239e-05 -9.75957e-05
728 0.000170978 -7.05981e-05
729 0.000219012 -8.34867e-06
730 0.000151731 5.43603e-05
731 4.5098e-06 8.44906e-05
732 -0.00014504 6.80749e-05
733 -0.000217984 1.65663e-05
734 -0.000175785 -4.05866e-05
735 -4.07386e-05 -7.25381e-05
736 0.000115741 -6.35732e-05
737 0.000210868 -2.07729e-05
738 0.000194311 3.08855e-05
739 7.48769e-05 6.2836e-05
740 -8.41218e-05 5.8569e-05
741 -0.000198402 2.21165e-05
742 -0.000207394 -2.49605e-05
743 -0.000106376 -5.60571e-05
744 5.10161e-05 -5.43698e-05
745 0.000181235 -2.19057e-05
746 0.00021517 2.21392e-05
747 0.000134832 5.24915e-05
748 -1.7092e-05 5.20751e-05
749 -0.000159903 2.14915e-05
750 -0.000217748 -2.14915e-05
751 -0.000159903 -5.20751e-05
752 -1.7092e-05 -5.24915e-05
753 0.000134832 -2.21392e-05
754 0.00021517 2.19057e-05
755 0.000181235 5.43698e-05
756 5.10161e-05 5.60571e-05
757 -0.000106376 2.49605e-05
758 -0.000207394 -2.21165e-05
759 -0.000198402 -5.8569e-05
760 -8.41218e-05 -6.2836e-05
761 7.48769e-05 -3.08855e-05
762 0.000194311 2.07729e-05
763 0.000210868 6.35732e-05
764 0.000115741 7.25381e-05
765 -4.07386e-05 4.05866e-05
766 -0.000175785 -1.65663e-05
767 -0.000217984 -6.80749e-05
768 -0.00014504 -8.44906e-05
769 4.5098e-06 -5.43603e-05
770 0.000151731 8.34867e-06
771 0.000219012 7.05981e-05
772 0.000170978 9.75957e-05
773 3.30239e-05 7.20508e-05
774 -0.000122211 4.79985e-06
775 -0.000213181 -6.95497e-05
776 -0.000192297 -0.000110361
777 -7.07654e-05 -9.30347e-05
778 8.7541e-05 -2.34825e-05
779 0.000199779 6.3356e-05
780 0.000207554 0.000120999
781 0.000107261 0.000116195
782 -4.84027e-05 4.78309e-05
783 -0.000178289 -5.06505e-05
784 -0.000215211 -0.000127522
785 -0.000140685 -0.000139868
786 5.96646e-06 -7.73499e-05
787 0.000148555 3.04352e-05
788 0.000213761 0.000127837
789 0.000168863 0.00016185
790 3.80135e-05 0.000110838
791 -0.000110956 -2.22832e-06
792 -0.000201902 -0.000119921
793 -0.000189365 -0.000179516
794 -8.11665e-05 -0.000146366
795 6.65636e-05 -3.37388e-05
796 0.000178759 0.000102103
797 0.000199692 0.000190023
798 0.000120548 0.000181259
799 -1.72867e-05 7.62985e-05
800 -0.000144163 -7.33689e-05
801 -0.000197544 -0.000190531
802 -0.000152755 -0.000212145
803 -3.4019e-05 -0.000123203
804 9.89298e-05 3.36283e-05
805 0.000181138 0.000178496
806 0.000174129 0.000235151
807 8.35589e-05 0.000171114
808 -4.50719e-05 1.60225e-05
809 -0.000149568 -0.000152095
810 -0.000181123 -0.00024627
811 -0.000126769 -0.000215702
812 -1.40649e-05 -7.30543e-05
813 0.000103217 0.000110698
814 0.000170791 0.000241828
815 0.000158642 0.000251866
816 7.3768e-05 0.000133364
817 -4.41461e-05 -5.53136e-05
818 -0.000141353 -0.000219029
819 -0.000174189 -0.000274145
820 -0.000128108 -0.000191361
821 -2.36587e-05 -1.11014e-05
822 9.27458e-05 0.000176577
823 0.000169081 0.000277371
824 0.000170377 0.000240322
825 9.42817e-05 8.34699e-05
826 -2.71412e-05 -0.000115326
827 -0.000140471 -0.000257513
828 -0.000193819 -0.000273002
829 -0.000160124 -0.000154663
830 -5.06613e-05 3.88175e-05
831 8.78645e-05 0.000212585
832 0.000192565 0.000282511
833 0.000212459 0.000215931
834 0.000133136 4.64737e-05
835 -1.38554e-05 -0.000143507
836 -0.000162714 -0.000263438
837 -0.000242395 -0.000257779
838 -0.000210422 -0.000131314
839 -7.54367e-05 5.4792e-05
840 0.000103487 0.000213141
841 0.000242255 0.000271273
842 0.000271243 0.000204397
843 0.000170319 4.51393e-05
844 -1.82919e-05 -0.00013298
845 -0.000207184 -0.000249658
846 -0.000304309 -0.00025359
847 -0.00025806 -0.00014423
848 -8.46674e-05 2.92051e-05
849 0.000136691 0.000190071
850 0.000300163 0.000267747
851 0.000324215 0.000227853
852 0.000192526 8.67975e-05
853 -3.58879e-05 -9.51006e-05
854 -0.000253341 -0.000238951
855 -0.000354754 -0.000280735
856 -0.000288819 -0.00019916
857 -8.38907e-05 -2.61827e-05
858 0.000164487 0.00016487
859 0.000338756 0.0002896
860 0.000355508 0.000289236
861 0.000205482 0.000158139
862 -4.18623e-05 -5.06977e-05
863 -0.000271247 -0.000246192
864 -0.000375959 -0.0003384
865 -0.000307673 -0.000279837
866 -9.83154e-05 -8.99047e-05
867 0.000155695 0.000150192
868 0.000338632 0.000331758
869 0.000368442 0.000367902
870 0.000233101 0.000235378
871 -5.52258e-06 -1.13709e-05
872 -0.000240807 -0.000262217
873 -0.000369324 -0.000400739
874 -0.000335848 -0.000358701
875 -0.000156119 -0.000149827
876 9.14327e-05 0.000134003
877 0.000300232 0.000363572
878 0.00038099 0.000431789
879 0.000298945 0.000304039
880 8.79421e-05 3.54653e-05
881 -0.000163789 -0.000253396
882 -0.000350064 -0.000431538
883 -0.000390627 -0.000417444
884 -0.00026493 -0.000216284
885 -2.20615e-05 8.26273e-05
886 0.000237807 0.000346466
887 0.00040386 0.000458581
888 0.000401218 0.000369994
889 0.000224485 0.000119998
890 -5.66941e-05 -0.00018234
891 -0.000324164 -0.000406507
892 -0.000460404 -0.000456838
893 -0.000400162 -0.000312532
894 -0.000161849 -3.51191e-05
895 0.000156594 0.000258553
896 0.000417632 0.000445517
897 0.000503782 0.000447371
898 0.000370948 0.000262063
899 7.08591e-05 -3.54578e-05
900 -0.000268864 -0.000323468
901 -0.000499493 -0.000482476
902 -0.000516987 -0.000443792
903 -0.000309242 -0.000218552
904 3.69367e-05 0.000104728
905 0.000372842 0.000394092
906 0.000552647 0.000527155
907 0.00049719 0.000442448
908 0.000228514 0.000167756
909 -0.0001398 -0.000187694
910 -0.000451749 -0.00047599
911 -0.000575583 -0.000571958
912 -0.000459158 -0.000427791
913 -0.000150832 -9.67937e-05
914 0.000221844 0.000285693
915 0.000505551 0.000557809
916 0.000583985 0.000600247
917 0.000424447 0.000389008
918 9.02626e-05 8.14115e-06
919 -0.000284965 -0.000384139
920 -0.000550447 -0.000622055
921 -0.00059779 -0.000603002
922 -0.000404181 -0.000331749
923 -4.25905e-05 8.09982e-05
924 0.000345279 0.000464929
925 0.000603621 0.000661268
926 0.000624282 0.000588455
927 0.000391669 0.000275126
928 -7.70739e-06 -0.00015246
929 -0.000416513 -0.000522272
930 -0.000668034 -0.000685759
931 -0.000654138 -0.000576601
932 -0.000372019 -0.000236278
933 7.07778e-05 0.000202605
934 0.00049709 0.000567993
935 0.000731409 0.000714973
936 0.000672769 0.000582068
937 0.000338498 0.000216087
938 -0.000140451 -0.000244112
939 -0.000571599 -0.000619511
940 -0.000779268 -0.000759669
941 -0.000676617 -0.000602477
942 -0.000301456 -0.000201457
943 0.000198734 0.000291465
944 0.000626015 0.000682897
945 0.000810885 0.00081375
946 0.000679051 0.000624177
947 0.000279993 0.000180891
948 -0.000232912 -0.000345839
949 -0.000661972 -0.000747954
950 -0.000840951 -0.000862516
951 -0.000698273 -0.000638209
952 -0.000284351 -0.000157834
953 0.000246689 0.000393019
954 0.000693998 0.000798817
955 0.00088496 0.000899122
956 0.000740804 0.000651762
957 0.000308504 0.000149299
958 -0.000253769 -0.000416996
959 -0.000733702 -0.000830813
960 -0.000944453 -0.000933215
961 -0.000797306 -0.000682499
962 -0.00033907 -0.000169659
963 0.00026184 0.000415472
964 0.000777235 0.000854322
965 0.00100631 0.000980213
966 0.000854455 0.000740426
967 0.000372275 0.000217289
968 -0.000261487 -0.00039978
969 -0.000807245 -0.000882061
970 -0.00105609 -0.00104551
971 -0.000909924 -0.000820591
972 -0.000419191 -0.000281573
973 0.000235834 0.000377116
974 0.000812519 0.000910695
975 0.00109608 0.00111516
976 0.000978768 0.000905633
977 0.00049936 0.000351466
978 -0.000170778 -0.000346776
979 -0.000789244 -0.000930788
980 -0.00112956 -0.0011811
981 -0.00106277 -0.000999953
982 -0.000605022 -0.000448845
983 8.58781e-05 0.000273424
984 0.000764443 0.000903578
985 0.00118413 0.00121006
986 0.00118659 0.00107712
987 0.000761535 0.000546516
988 5.45917e-05 -0.000197215
989 -0.000681713 -0.000892086
990 -0.00117766 -0.0012911
991 -0.00124482 -0.00124965
992 -0.000846958 -0.000777717
993 -0.000116047 -3.8777e-05
994 0.000693419 0.000704975
995 0.0012958 0.00118298
996 0.0014778 0.00121168
997 0.00117613 0.000761561
998 0.000501126 -2.87479e-05
999 -0.00030161 -0.000898115
