0 0.0130546 -0.0148634
1 0.0153805 -0.0150402
2 0.0149173 -0.0126005
3 0.011783 -0.00801017
4 0.00659035 -0.00209288
5 0.000325154 0.00410701
6 -0.00584887 0.00949705
7 -0.0108147 0.0131218
8 -0.0137085 0.014333
9 -0.0140672 0.0129143
10 -0.0118937 0.009134
11 -0.00763732 0.00370634
12 -0.0020993 -0.00233645
13 0.00371234 -0.00784279
14 0.00875577 -0.0117703
15 0.0121309 -0.0133947
16 0.0132344 -0.0124521
17 0.0118704 -0.00918237
18 0.00829597 -0.00426724
19 0.00318736 0.00131861
20 -0.00247724 0.00650681
21 -0.00760114 0.01034
22 -0.0111867 0.0121423
23 -0.0125408 0.0116289
24 -0.0114211 0.00894215
25 -0.00808697 0.00461623
26 -0.00324188 -0.000521447
27 0.0021201 -0.00549621
28 0.00692655 -0.00935987
29 0.0102482 -0.0113669
30 0.01148 -0.0111225
31 0.0104462 -0.00867235
32 0.00741426 -0.00450724
33 0.00302285 0.000524704
34 -0.00185253 0.00538847
35 -0.00626816 0.00908067
36 -0.00938407 0.0108475
37 -0.0106139 0.0103495
38 -0.00973132 0.00773339
39 -0.00691594 0.00359205
40 -0.00272887 -0.0011749
41 0.00198572 -0.0055646
42 0.00626158 -0.00868782
43 0.00920768 -0.0099494
44 0.0102017 -0.00915519
45 0.00903449 -0.00653026
46 0.00596575 -0.00265364
47 0.00167319 0.0016689
48 -0.00289853 0.00556551
49 -0.00675322 0.00826321
50 -0.00907029 0.00923153
51 -0.00938701 0.00828332
52 -0.0076925 0.0056159
53 -0.00441372 0.00178152
54 -0.000302767 -0.00241406
55 0.00374165 -0.00607248
56 0.00687279 -0.00839473
57 0.00846911 -0.00886333
58 0.00824872 -0.0073699
59 0.00630862 -0.00425179
60 0.00308958 -0.000222105
61 -0.000720237 0.00379449
62 -0.0043228 0.00688154
63 -0.00696584 0.0083502
64 -0.00809191 0.00790121
65 -0.0074557 0.00568794
66 -0.00518534 0.0022665
67 -0.00176927 -0.00155016
68 0.00203694 -0.00489244
69 0.00537189 -0.00703561
70 0.00746547 -0.0075541
71 0.00782592 -0.00639722
72 0.00636719 -0.00387753
73 0.00343924 -0.000584308
74 -0.000252097 0.0027521
75 -0.00381838 0.00541431
76 -0.00641075 0.00684149
77 -0.00743151 0.00673929
78 -0.00667837 0.00513875
79 -0.00438382 0.0023937
80 -0.00114249 -0.000886462
81 0.0022495 -0.00396088
82 0.0049962 -0.00611822
83 0.00649048 -0.00684235
84 0.00644381 -0.00594383
85 0.00493172 -0.00362051
86 0.00235351 -0.000424583
87 -0.000675105 0.00286365
88 -0.00346589 0.00542856
89 -0.00540624 0.00662975
90 -0.00608338 0.00617256
91 -0.00536485 0.00418888
92 -0.00342334 0.00120274
93 -0.000701789 -0.00201114
94 0.00217699 -0.00463596
95 0.00454269 -0.00602876
96 0.00582855 -0.00588276
97 0.00570917 -0.00429323
98 0.00419103 -0.00171375
99 0.00162753 0.00117826
100 -0.00135365 0.00366421
101 -0.0040004 0.00516361
102 -0.005629 0.00536485
103 -0.00580936 0.00428049
104 -0.00448885 0.00222205
105 -0.00201541 -0.000290605
106 0.000951804 -0.00265796
107 0.00362192 -0.00433662
108 0.00529119 -0.00495459
109 0.00553693 -0.00438621
110 0.00432978 -0.00277548
111 0.00203224 -0.000504666
112 -0.000712991 0.00188683
113 -0.0031689 0.00382073
114 -0.00470754 0.00481385
115 -0.00497249 0.00459971
116 -0.00395767 0.00320683
117 -0.00198692 0.000968433
118 0.000391802 -0.00154772
119 0.00256165 -0.00367903
120 0.00399604 -0.00484467
121 0.00438081 -0.00471124
122 0.00367363 -0.00329703
123 0.00209417 -0.000979505
124 5.58669e-05 0.00160249
125 -0.00193888 0.00372729
126 -0.0034148 0.00479873
127 -0.00402783 0.00452126
128 -0.00363887 0.00298771
129 -0.0023447 0.000651158
130 -0.000459412 -0.00181096
131 0.00155259 -0.00369878
132 0.00318225 -0.00449539
133 0.00400012 -0.00401269
134 0.00377082 -0.00243491
135 0.00252681 -0.000250015
136 0.000576219 0.0019051
137 -0.00156518 0.00343481
138 -0.0033067 0.0039513
139 -0.00414743 0.00337026
140 -0.00382637 0.00191333
141 -0.00241074 2.46757e-05
142 -0.000290414 -0.00176654
143 0.00192651 -0.00299432
144 0.00359006 -0.00337303
145 0.00420464 -0.00285599
146 0.00358381 -0.00162731
147 0.00191239 -3.70891e-05
148 -0.000306329 0.00149684
149 -0.00240402 0.00259356
150 -0.00375347 0.00299604
151 -0.00396194 0.002624
152 -0.00298981 0.00158569
153 -0.00115725 0.000148986
154 0.000962007 -0.00132123
155 0.00272372 -0.00244784
156 0.00361331 -0.0029324
157 0.00339914 -0.00263301
158 0.00219224 -0.00160934
159 0.000397274 -0.000119187
160 -0.00142483 0.0014387
161 -0.00273516 0.00262648
162 -0.00317796 0.00308981
163 -0.00267577 0.00266688
164 -0.00143366 0.00144928
165 0.000141754 -0.000229298
166 0.00157691 -0.00188002
167 0.0024741 -0.00300074
168 0.00261921 -0.00323188
169 0.00202629 -0.00247672
170 0.000912897 -0.00094433
171 -0.000378733 0.000904258
172 -0.00148634 0.00249441
173 -0.00212616 0.00331937
174 -0.00215987 0.0031063
175 -0.00161676 0.00191078
176 -0.000671582 0.000105848
177 0.000410573 -0.00173409
178 0.00134521 -0.00301815
179 0.00189756 -0.00333227
180 0.00193566 -0.00257654
181 0.00145815 -0.000999648
182 0.00059278 0.00088213
183 -0.000433674 0.00245521
184 -0.001349 0.00321156
185 -0.00190264 0.00291596
186 -0.00193219 0.00168148
187 -0.00141232 -7.1894e-05
188 -0.000471069 -0.00176075
189 0.000635753 -0.00283429
190 0.00158962 -0.00295638
191 0.0020993 -0.00211237
192 0.00199092 -0.000606382
193 0.00126984 0.00104772
194 0.000131572 0.00230259
195 -0.00108683 0.00276001
196 -0.00200483 0.00229834
197 -0.00231818 0.00110378
198 -0.00190226 -0.000402235
199 -0.000863169 -0.00171172
200 0.000484788 -0.00240232
201 0.00171263 -0.00227425
202 0.00241404 -0.00140737
203 0.00234204 -0.000122294
204 0.00149825 0.00113726
205 0.000141775 0.00195781
206 -0.00128898 0.00209207
207 -0.00231833 0.00153273
208 -0.00259302 0.000502387
209 -0.00200549 -0.000632718
210 -0.000737075 -0.00149231
211 0.000796364 -0.00180928
212 0.00208072 -0.00151204
213 0.00267719 -0.000736885
214 0.00237403 0.000229874
215 0.00126339 0.00105644
216 -0.000285211 0.00147892
217 -0.00174775 0.00138497
218 -0.00262386 0.000841339
219 -0.00260932 5.96588e-05
220 -0.00170305 -0.000683993
221 -0.00021043 -0.00114576
222 0.00135923 -0.00119324
223 0.00246672 -0.000841878
224 0.00272898 -0.00023919
225 0.00205262 0.000394312
226 0.00066817 0.000844521
227 -0.000947913 0.000975327
228 -0.00223724 0.000768699
229 -0.00275301 0.000321914
230 -0.00231576 -0.000194145
231 -0.00107651 -0.000598683
232 0.000534897 -0.000763427
233 0.00195891 -0.000652524
234 0.00270079 -0.000327813
235 0.00250292 7.99471e-05
236 0.00143463 0.000421621
237 -0.000131653 0.000583062
238 -0.00164996 0.00052257
239 -0.00259099 0.000280429
240 -0.00262675 -4.11008e-05
241 -0.0017453 -0.000318513
242 -0.000255115 -0.000452949
243 0.00132256 -0.000404659
244 0.00243603 -0.000204278
245 0.00269615 6.20768e-05
246 0.0020125 0.000287435
247 0.000624923 0.000385013
248 -0.000980604 0.000320464
249 -0.00224208 0.000123699
250 -0.00271809 -0.000123699
251 -0.00224208 -0.000320464
252 -0.000980604 -0.000385013
253 0.000624923 -0.000287435
254 0.0020125 -6.20768e-05
255 0.00269615 0.000204278
256 0.00243603 0.000404659
257 0.00132256 0.000452949
258 -0.000255115 0.000318513
259 -0.0017453 4.11008e-05
260 -0.00262675 -0.000280429
261 -0.00259099 -0.00052257
262 -0.00164996 -0.000583062
263 -0.000131653 -0.000421621
264 0.00143463 -7.99471e-05
265 0.00250292 0.000327813
266 0.00270079 0.000652524
267 0.00195891 0.000763427
268 0.000534897 0.000598683
269 -0.00107651 0.000194145
270 -0.00231576 -0.000321914
271 -0.00275301 -0.000768699
272 -0.00223724 -0.000975327
273 -0.000947913 -0.000844521
274 0.00066817 -0.000394312
275 0.00205262 0.00023919
276 0.00272898 0.000841878
277 0.00246672 0.00119324
278 0.00135923 0.00114576
279 -0.00021043 0.000683993
280 -0.00170305 -5.96588e-05
281 -0.00260932 -0.000841339
282 -0.00262386 -0.00138497
283 -0.00174775 -0.00147892
284 -0.000285211 -0.00105644
285 0.00126339 -0.000229874
286 0.00237403 0.000736885
287 0.00267719 0.00151204
288 0.00208072 0.00180928
289 0.000796364 0.00149231
290 -0.000737075 0.000632718
291 -0.00200549 -0.000502387
292 -0.00259302 -0.00153273
293 -0.00231833 -0.00209207
294 -0.00128898 -0.00195781
295 0.000141775 -0.00113726
296 0.00149825 0.000122294
297 0.00234204 0.00140737
298 0.00241404 0.00227425
299 0.00171263 0.00240232
300 0.000484788 0.00171172
301 -0.000863169 0.000402235
302 -0.00190226 -0.00110378
303 -0.00231818 -0.00229834
304 -0.00200483 -0.00276001
305 -0.00108683 -0.00230259
306 0.000131572 -0.00104772
307 0.00126984 0.000606382
308 0.00199092 0.00211237
309 0.0020993 0.00295638
310 0.00158962 0.00283429
311 0.000635753 0.00176075
312 -0.000471069 7.1894e-05
313 -0.00141232 -0.00168148
314 -0.00193219 -0.00291596
315 -0.00190264 -0.00321156
316 -0.001349 -0.00245521
317 -0.000433674 -0.00088213
318 0.00059278 0.000999648
319 0.00145815 0.00257654
320 0.00193566 0.00333227
321 0.00189756 0.00301815
322 0.00134521 0.00173409
323 0.000410573 -0.000105848
324 -0.000671582 -0.00191078
325 -0.00161676 -0.0031063
326 -0.00215987 -0.00331937
327 -0.00212616 -0.00249441
328 -0.00148634 -0.000904258
329 -0.000378733 0.00094433
330 0.000912897 0.00247672
331 0.00202629 0.00323188
332 0.00261921 0.00300074
333 0.0024741 0.00188002
334 0.00157691 0.000229298
335 0.000141754 -0.00144928
336 -0.00143366 -0.00266688
337 -0.00267577 -0.00308981
338 -0.00317796 -0.00262648
339 -0.00273516 -0.0014387
340 -0.00142483 0.000119187
341 0.000397274 0.00160934
342 0.00219224 0.00263301
343 0.00339914 0.0029324
344 0.00361331 0.00244784
345 0.00272372 0.00132123
346 0.000962007 -0.000148986
347 -0.00115725 -0.00158569
348 -0.00298981 -0.002624
349 -0.00396194 -0.00299604
350 -0.00375347 -0.00259356
351 -0.00240402 -0.00149684
352 -0.000306329 3.70891e-05
353 0.00191239 0.00162731
354 0.00358381 0.00285599
355 0.00420464 0.00337303
356 0.00359006 0.00299432
357 0.00192651 0.00176654
358 -0.000290414 -2.46757e-05
359 -0.00241074 -0.00191333
360 -0.00382637 -0.00337026
361 -0.00414743 -0.0039513
362 -0.0033067 -0.00343481
363 -0.00156518 -0.0019051
364 0.000576219 0.000250015
365 0.00252681 0.00243491
366 0.00377082 0.00401269
367 0.00400012 0.00449539
368 0.00318225 0.00369878
369 0.00155259 0.00181096
370 -0.000459412 -0.000651158
371 -0.0023447 -0.00298771
372 -0.00363887 -0.00452126
373 -0.00402783 -0.00479873
374 -0.0034148 -0.00372729
375 -0.00193888 -0.00160249
376 5.58669e-05 0.000979505
377 0.00209417 0.00329703
378 0.00367363 0.00471124
379 0.00438081 0.00484467
380 0.00399604 0.00367903
381 0.00256165 0.00154772
382 0.000391802 -0.000968433
383 -0.00198692 -0.00320683
384 -0.00395767 -0.00459971
385 -0.00497249 -0.00481385
386 -0.00470754 -0.00382073
387 -0.0031689 -0.00188683
388 -0.000712991 0.000504666
389 0.00203224 0.00277548
390 0.00432978 0.00438621
391 0.00553693 0.00495459
392 0.00529119 0.00433662
393 0.00362192 0.00265796
394 0.000951804 0.000290605
395 -0.00201541 -0.00222205
396 -0.00448885 -0.00428049
397 -0.00580936 -0.00536485
398 -0.005629 -0.00516361
399 -0.0040004 -0.00366421
400 -0.00135365 -0.00117826
401 0.00162753 0.00171375
402 0.00419103 0.00429323
403 0.00570917 0.00588276
404 0.00582855 0.00602876
405 0.00454269 0.00463596
406 0.00217699 0.00201114
407 -0.000701789 -0.00120274
408 -0.00342334 -0.00418888
409 -0.00536485 -0.00617256
410 -0.00608338 -0.00662975
411 -0.00540624 -0.00542856
412 -0.00346589 -0.00286365
413 -0.000675105 0.000424583
414 0.00235351 0.00362051
415 0.00493172 0.00594383
416 0.00644381 0.00684235
417 0.00649048 0.00611822
418 0.0049962 0.00396088
419 0.0022495 0.000886462
420 -0.00114249 -0.0023937
421 -0.00438382 -0.00513875
422 -0.00667837 -0.00673929
423 -0.00743151 -0.00684149
424 -0.00641075 -0.00541431
425 -0.00381838 -0.0027521
426 -0.000252097 0.000584308
427 0.00343924 0.00387753
428 0.00636719 0.00639722
429 0.00782592 0.0075541
430 0.00746547 0.00703561
431 0.00537189 0.00489244
432 0.00203694 0.00155016
433 -0.00176927 -0.0022665
434 -0.00518534 -0.00568794
435 -0.0074557 -0.00790121
436 -0.00809191 -0.0083502
437 -0.00696584 -0.00688154
438 -0.0043228 -0.00379449
439 -0.000720237 0.000222105
440 0.00308958 0.00425179
441 0.00630862 0.0073699
442 0.00824872 0.00886333
443 0.00846911 0.00839473
444 0.00687279 0.00607248
445 0.00374165 0.00241406
446 -0.000302767 -0.00178152
447 -0.00441372 -0.0056159
448 -0.0076925 -0.00828332
449 -0.00938701 -0.00923153
450 -0.00907029 -0.00826321
451 -0.00675322 -0.00556551
452 -0.00289853 -0.0016689
453 0.00167319 0.00265364
454 0.00596575 0.00653026
455 0.00903449 0.00915519
456 0.0102017 0.0099494
457 0.00920768 0.00868782
458 0.00626158 0.0055646
459 0.00198572 0.0011749
460 -0.00272887 -0.00359205
461 -0.00691594 -0.00773339
462 -0.00973132 -0.0103495
463 -0.0106139 -0.0108475
464 -0.00938407 -0.00908067
465 -0.00626816 -0.00538847
466 -0.00185253 -0.000524704
467 0.00302285 0.00450724
468 0.00741426 0.00867235
469 0.0104462 0.0111225
470 0.01148 0.0113669
471 0.0102482 0.00935987
472 0.00692655 0.00549621
473 0.0021201 0.000521447
474 -0.00324188 -0.00461623
475 -0.00808697 -0.00894215
476 -0.0114211 -0.0116289
477 -0.0125408 -0.0121423
478 -0.0111867 -0.01034
479 -0.00760114 -0.00650681
480 -0.00247724 -0.00131861
481 0.00318736 0.00426724
482 0.00829597 0.00918237
483 0.0118704 0.0124521
484 0.0132344 0.0133947
485 0.0121309 0.0117703
486 0.00875577 0.00784279
487 0.00371234 0.00233645
488 -0.0020993 -0.00370634
489 -0.00763732 -0.009134
490 -0.0118937 -0.0129143
491 -0.0140672 -0.014333
492 -0.0137085 -0.0131218
493 -0.0108147 -0.00949705
494 -0.00584887 -0.00410701
495 0.000325154 0.00209288
496 0.00659035 0.00801017
497 0.011783 0.0126005
498 0.0149173 0.0150402
499 0.0153805 0.0148634
500 0.0130546 0.0120455
501 0.00833832 0.00701986
502 0.00206721 0.000619278
503 -0.00464751 -0.00605382
504 -0.0106248 -0.0118146
505 -0.0148223 -0.0156095
506 -0.0165099 -0.016717
507 -0.0153837 -0.0148904
508 -0.0116081 -0.0104119
509 -0.00578526 -0.00404323
510 0.00113966 0.00311681
511 0.00802408 0.0098346
512 0.0137072 0.0149612
513 0.0171995 0.0176262
514 0.0178539 0.0173744
515 0.0154901 0.014229
516 0.0104425 0.0086783
517 0.00351802 0.00159661
518 -0.00413633 -0.0058896
519 -0.0112328 -0.0125714
520 -0.0165703 -0.0173439
521 -0.0192448 -0.0193839
522 -0.0187995 -0.0182936
523 -0.0152926 -0.0141805
524 -0.00927402 -0.00765647
525 -0.00168651 0.000252706
526 0.00628769 0.0082737
527 0.0134065 0.0151002
528 0.0185503 0.0196142
529 0.0208866 0.0210725
530 0.019997 0.0192238
531 0.0159513 0.0143392
532 0.0093122 0.00715848
533 0.00106367 -0.0012335
534 -0.0075325 -0.00957351
535 -0.0151338 -0.016604
536 -0.0205342 -0.0212508
537 -0.0228627 -0.0227764
538 -0.0217252 -0.0208902
539 -0.0172651 -0.0158036
540 -0.0101338 -0.00821438
541 -0.00138192 0.000782297
542 0.00770563 0.00985205
543 0.0158003 0.0176254
544 0.0217178 0.0229142
545 0.0245794 0.0248994
546 0.0239306 0.0232572
547 0.0198053 0.0182014
548 0.0127295 0.0104411
549 0.00366064 0.00106714
550 -0.00613601 -0.00860788
551 -0.0152619 -0.0172315
552 -0.0223888 -0.0235904
553 -0.0264598 -0.0267698
554 -0.0268517 -0.0262757
555 -0.0234696 -0.0221086
556 -0.0167565 -0.0147758
557 -0.00762116 -0.00523429
558 0.00269957 0.00523138
559 0.0128157 0.0151856
560 0.0213688 0.0232456
561 0.0272038 0.0282806
562 0.0295113 0.0295729
563 0.0279301 0.0269152
564 0.0225998 0.0206317
565 0.0141548 0.0115242
566 0.00365504 0.000758173
567 -0.00754533 -0.0102913
568 -0.0179764 -0.0202109
569 -0.0262534 -0.0277201
570 -0.0312675 -0.0318258
571 -0.0323361 -0.0319466
572 -0.0292884 -0.0279941
573 -0.0224793 -0.0203969
574 -0.0127333 -0.0100586
575 -0.00123443 0.00175048
576 0.0106206 0.0135575
577 0.0213877 0.0238816
578 0.0297418 0.0314274
579 0.0346313 0.0352479
580 0.0354053 0.0348539
581 0.0318991 0.0302603
582 0.0244649 0.0219733
583 0.0139391 0.0109259
584 0.00154498 -0.00162641
585 -0.0112574 -0.0142416
586 -0.0229533 -0.0254486
587 -0.0321596 -0.033915
588 -0.0377885 -0.0386072
589 -0.0391673 -0.0389207
590 -0.0361043 -0.0347601
591 -0.0288999 -0.0265526
592 -0.0183086 -0.0151942
593 -0.00545918 -0.00193822
594 0.00825999 0.0117552
595 0.0213446 0.0243837
596 0.032336 0.0345632
597 0.0399869 0.0411695
598 0.0434077 0.0434501
599 0.0421735 0.0411016
600 0.0363725 0.0343052
601 0.0265889 0.0237157
602 0.0138293 0.0104001
603 -0.000595683 -0.00427162
604 -0.0152111 -0.0187725
605 -0.0285248 -0.0315854
606 -0.0391691 -0.0413674
607 -0.0460305 -0.0470909
608 -0.048359 -0.0481446
609 -0.0458502 -0.0443855
610 -0.038685 -0.0361435
611 -0.027519 -0.0241811
612 -0.0134186 -0.0096192
613 0.00225238 0.00616605
614 0.0179763 0.0216684
615 0.032237 0.035391
616 0.0436655 0.045991
617 0.0511635 0.0524143
618 0.0539954 0.0540027
619 0.0518488 0.0505602
620 0.0448597 0.0423666
621 0.0336045 0.0301406
622 0.0190528 0.014962
623 0.00248513 -0.00183412
624 -0.0146239 -0.0187759
625 -0.0307427 -0.0343771
626 -0.0444264 -0.0472573
627 -0.0544497 -0.0562574
628 -0.0599128 -0.0605414
629 -0.0603126 -0.0596768
630 -0.0555756 -0.0536791
631 -0.0460545 -0.0430117
632 -0.0324939 -0.0285391
633 -0.0159694 -0.0114415
634 0.00219646 0.0068948
635 0.0205379 0.0249954
636 0.0375638 0.0414127
637 0.0518819 0.0548306
638 0.0623165 0.0641596
639 0.068006 0.0686179
640 0.0684702 0.067797
641 0.0636396 0.0616993
642 0.0538484 0.0507425
643 0.039798 0.0357237
644 0.0224982 0.0177489
645 0.00319323 -0.00186283
646 -0.0167239 -0.0216849
647 -0.0358075 -0.0402882
648 -0.0526625 -0.0563372
649 -0.0660503 -0.0686753
650 -0.0749836 -0.0763992
651 -0.0788005 -0.0789212
652 -0.0772069 -0.0760124
653 -0.0702855 -0.0678221
654 -0.0584746 -0.0548661
655 -0.0425274 -0.0379856
656 -0.0234579 -0.0182794
657 -0.00247788 0.00297868
658 0.0190744 0.0244282
659 0.0398168 0.0447087
660 0.0584142 0.0625399
661 0.0736708 0.0767953
662 0.0846122 0.086567
663 0.0905465 0.0912202
664 0.0910978 0.0904324
665 0.0862136 0.0842125
666 0.0761526 0.0728965
667 0.0614616 0.0571195
668 0.0429426 0.0377685
669 0.0216128 0.0159218
670 -0.00134938 -0.00721694
671 -0.0246724 -0.0303872
672 -0.0470699 -0.0523371
673 -0.067321 -0.0718861
674 -0.0843412 -0.0879853
675 -0.0972362 -0.0997711
676 -0.105337 -0.10661
677 -0.108218 -0.108133
678 -0.105711 -0.104244
679 -0.0979066 -0.0951243
680 -0.0851529 -0.0812052
681 -0.0680393 -0.0631387
682 -0.0473655 -0.0417573
683 -0.0240941 -0.0180323
684 0.000706701 0.00697068
685 0.0259228 0.0321371
686 0.0504472 0.056354
687 0.0732244 0.0785611
688 0.093287 0.097802
689 0.109789 0.113267
690 0.122039 0.124323
691 0.129526 0.130532
692 0.131944 0.131655
693 0.129202 0.127649
694 0.121416 0.118661
695 0.108893 0.105019
696 0.0921033 0.0872218
697 0.0716569 0.0659142
698 0.0482753 0.0418609
699 0.0227666 0.015906
700 -0.00400151 -0.0110668
701 -0.0311333 -0.0381719
702 -0.0577405 -0.0645499
703 -0.0829763 -0.089389
704 -0.106066 -0.111942
705 -0.126329 -0.131544
706 -0.143192 -0.147634
707 -0.156195 -0.15977
708 -0.165 -0.16765
709 -0.169391 -0.171109
710 -0.16928 -0.170113
711 -0.164701 -0.164749
712 -0.155807 -0.1552
713 -0.142858 -0.14174
714 -0.126198 -0.124728
715 -0.106243 -0.104594
716 -0.0834588 -0.0818354
717 -0.0583491 -0.0569949
718 -0.0314409 -0.030636
719 -0.00327192 -0.0033198
720 0.0256234 0.0244119
721 0.054729 0.052045
722 0.0835608 0.0790942
723 0.111678 0.105105
724 0.138691 0.129657
725 0.164263 0.15238
726 0.188116 0.172961
727 0.210025 0.191155
728 0.229824 0.206784
729 0.247405 0.219724
730 0.262715 0.229899
731 0.275754 0.237268
732 0.286571 0.241825
733 0.295259 0.243604
734 0.301942 0.242683
735 0.306775 0.239179
736 0.309936 0.233237
737 0.311622 0.225018
738 0.312041 0.214688
739 0.311411 0.202408
740 0.30995 0.188344
741 0.307876 0.17267
742 0.305395 0.15557
743 0.302702 0.137237
744 0.299978 0.117861
745 0.297384 0.0976197
746 0.29506 0.0766747
747 0.293126 0.0551761
748 0.291676 0.0332723
749 0.290777 0.011119
750 0.290473 -0.011119
751 0.290777 -0.0332723
752 0.291676 -0.0551761
753 0.293126 -0.0766747
754 0.29506 -0.0976197
755 0.297384 -0.117861
756 0.299978 -0.137237
757 0.302702 -0.15557
758 0.305395 -0.17267
759 0.307876 -0.188344
760 0.30995 -0.202408
761 0.311411 -0.214688
762 0.312041 -0.225018
763 0.311622 -0.233237
764 0.309936 -0.239179
765 0.306775 -0.242683
766 0.301942 -0.243604
767 0.295259 -0.241825
768 0.286571 -0.237268
769 0.275754 -0.229899
770 0.262715 -0.219724
771 0.247405 -0.206784
772 0.229824 -0.191155
773 0.210025 -0.172961
774 0.188116 -0.15238
775 0.164263 -0.129657
776 0.138691 -0.105105
777 0.111678 -0.0790942
778 0.0835608 -0.052045
779 0.054729 -0.0244119
780 0.0256234 0.0033198
781 -0.00327192 0.030636
782 -0.0314409 0.0569949
783 -0.0583491 0.0818354
784 -0.0834588 0.104594
785 -0.106243 0.124728
786 -0.126198 0.14174
787 -0.142858 0.1552
788 -0.155807 0.164749
789 -0.164701 0.170113
790 -0.16928 0.171109
791 -0.169391 0.16765
792 -0.165 0.15977
793 -0.156195 0.147634
794 -0.143192 0.131544
795 -0.126329 0.111942
796 -0.106066 0.089389
797 -0.0829763 0.0645499
798 -0.0577405 0.0381719
799 -0.0311333 0.0110668
800 -0.00400151 -0.015906
801 0.0227666 -0.0418609
802 0.0482753 -0.0659142
803 0.0716569 -0.0872218
804 0.0921033 -0.105019
805 0.108893 -0.118661
806 0.121416 -0.127649
807 0.129202 -0.131655
808 0.131944 -0.130532
809 0.129526 -0.124323
810 0.122039 -0.113267
811 0.109789 -0.097802
812 0.093287 -0.0785611
813 0.0732244 -0.056354
814 0.0504472 -0.0321371
815 0.0259228 -0.00697068
816 0.000706701 0.0180323
817 -0.0240941 0.0417573
818 -0.0473655 0.0631387
819 -0.0680393 0.0812052
820 -0.0851529 0.0951243
821 -0.0979066 0.104244
822 -0.105711 0.108133
823 -0.108218 0.10661
824 -0.105337 0.0997711
825 -0.0972362 0.0879853
826 -0.0843412 0.0718861
827 -0.067321 0.0523371
828 -0.0470699 0.0303872
829 -0.0246724 0.00721694
830 -0.00134938 -0.0159218
831 0.0216128 -0.0377685
832 0.0429426 -0.0571195
833 0.0614616 -0.0728965
834 0.0761526 -0.0842125
835 0.0862136 -0.0904324
836 0.0910978 -0.0912202
837 0.0905465 -0.086567
838 0.0846122 -0.0767953
839 0.0736708 -0.0625399
840 0.0584142 -0.0447087
841 0.0398168 -0.0244282
842 0.0190744 -0.00297868
843 -0.00247788 0.0182794
844 -0.0234579 0.0379856
845 -0.0425274 0.0548661
846 -0.0584746 0.0678221
847 -0.0702855 0.0760124
848 -0.0772069 0.0789212
849 -0.0788005 0.0763992
850 -0.0749836 0.0686753
851 -0.0660503 0.0563372
852 -0.0526625 0.0402882
853 -0.0358075 0.0216849
854 -0.0167239 0.00186283
855 0.00319323 -0.0177489
856 0.0224982 -0.0357237
857 0.039798 -0.0507425
858 0.0538484 -0.0616993
859 0.0636396 -0.067797
860 0.0684702 -0.0686179
861 0.068006 -0.0641596
862 0.0623165 -0.0548306
863 0.0518819 -0.0414127
864 0.0375638 -0.0249954
865 0.0205379 -0.0068948
866 0.00219646 0.0114415
867 -0.0159694 0.0285391
868 -0.0324939 0.0430117
869 -0.0460545 0.0536791
870 -0.0555756 0.0596768
871 -0.0603126 0.0605414
872 -0.0599128 0.0562574
873 -0.0544497 0.0472573
874 -0.0444264 0.0343771
875 -0.0307427 0.0187759
876 -0.0146239 0.00183412
877 0.00248513 -0.014962
878 0.0190528 -0.0301406
879 0.0336045 -0.0423666
880 0.0448597 -0.0505602
881 0.0518488 -0.0540027
882 0.0539954 -0.0524143
883 0.0511635 -0.045991
884 0.0436655 -0.035391
885 0.032237 -0.0216684
886 0.0179763 -0.00616605
887 0.00225238 0.0096192
888 -0.0134186 0.0241811
889 -0.027519 0.0361435
890 -0.038685 0.0443855
891 -0.0458502 0.0481446
892 -0.048359 0.0470909
893 -0.0460305 0.0413674
894 -0.0391691 0.0315854
895 -0.0285248 0.0187725
896 -0.0152111 0.00427162
897 -0.000595683 -0.0104001
898 0.0138293 -0.0237157
899 0.0265889 -0.0343052
900 0.0363725 -0.0411016
901 0.0421735 -0.0434501
902 0.0434077 -0.0411695
903 0.0399869 -0.0345632
904 0.032336 -0.0243837
905 0.0213446 -0.0117552
906 0.00825999 0.00193822
907 -0.00545918 0.0151942
908 -0.0183086 0.0265526
909 -0.0288999 0.0347601
910 -0.0361043 0.0389207
911 -0.0391673 0.0386072
912 -0.0377885 0.033915
913 -0.0321596 0.0254486
914 -0.0229533 0.0142416
915 -0.0112574 0.00162641
916 0.00154498 -0.0109259
917 0.0139391 -0.0219733
918 0.0244649 -0.0302603
919 0.0318991 -0.0348539
920 0.0354053 -0.0352479
921 0.0346313 -0.0314274
922 0.0297418 -0.0238816
923 0.0213877 -0.0135575
924 0.0106206 -0.00175048
925 -0.00123443 0.0100586
926 -0.0127333 0.0203969
927 -0.0224793 0.0279941
928 -0.0292884 0.0319466
929 -0.0323361 0.0318258
930 -0.0312675 0.0277201
931 -0.0262534 0.0202109
932 -0.0179764 0.0102913
933 -0.00754533 -0.000758173
934 0.00365504 -0.0115242
935 0.0141548 -0.0206317
936 0.0225998 -0.0269152
937 0.0279301 -0.0295729
938 0.0295113 -0.0282806
939 0.0272038 -0.0232456
940 0.0213688 -0.0151856
941 0.0128157 -0.00523138
942 0.00269957 0.00523429
943 -0.00762116 0.0147758
944 -0.0167565 0.0221086
945 -0.0234696 0.0262757
946 -0.0268517 0.0267698
947 -0.0264598 0.0235904
948 -0.0223888 0.0172315
949 -0.0152619 0.00860788
950 -0.00613601 -0.00106714
951 0.00366064 -0.0104411
952 0.0127295 -0.0182014
953 0.0198053 -0.0232572
954 0.0239306 -0.0248994
955 0.0245794 -0.0229142
956 0.0217178 -0.0176254
957 0.0158003 -0.00985205
958 0.00770563 -0.000782297
959 -0.00138192 0.00821438
960 -0.0101338 0.0158036
961 -0.0172651 0.0208902
962 -0.0217252 0.0227764
963 -0.0228627 0.0212508
964 -0.0205342 0.016604
965 -0.0151338 0.00957351
966 -0.0075325 0.0012335
967 0.00106367 -0.00715848
968 0.0093122 -0.0143392
969 0.0159513 -0.0192238
970 0.019997 -0.0210725
971 0.0208866 -0.0196142
972 0.0185503 -0.0151002
973 0.0134065 -0.0082737
974 0.00628769 -0.000252706
975 -0.00168651 0.00765647
976 -0.00927402 0.0141805
977 -0.0152926 0.0182936
978 -0.0187995 0.0193839
979 -0.0192448 0.0173439
980 -0.0165703 0.0125714
981 -0.0112328 0.0058896
982 -0.00413633 -0.00159661
983 0.00351802 -0.0086783
984 0.0104425 -0.014229
985 0.0154901 -0.0173744
986 0.0178539 -0.0176262
987 0.0171995 -0.0149612
988 0.0137072 -0.0098346
989 0.00802408 -0.00311681
990 0.00113966 0.00404323
991 -0.00578526 0.0104119
992 -0.0116081 0.0148904
993 -0.0153837 0.016717
994 -0.0165099 0.0156095
995 -0.0148223 0.0118146
996 -0.0106248 0.00605382
997 -0.00464751 -0.000619278
998 0.00206721 -0.00701986
999 0.00833832 -0.0120455
