0 -0.0597898 -0.0596323
1 -0.0584962 -0.0574523
2 -0.0520201 -0.0501407
3 -0.0409505 -0.0382161
4 -0.0262449 -0.0226448
5 -0.00912153 -0.00475981
6 0.00904706 0.013874
7 0.0268278 0.0316282
8 0.0428107 0.0469812
9 0.0556917 0.0586597
10 0.0643636 0.0657352
11 0.0680144 0.0676692
12 0.0662215 0.0643183
13 0.0590185 0.0559141
14 0.0469143 0.0430335
15 0.0308511 0.0265645
16 0.0121059 0.00766496
17 -0.0078464 -0.0122948
18 -0.0274792 -0.0318177
19 -0.0453433 -0.0493932
20 -0.0601644 -0.0636325
21 -0.070905 -0.0734022
22 -0.0768039 -0.0779333
23 -0.0774027 -0.0768845
24 -0.0725721 -0.0703486
25 -0.0625353 -0.0588102
26 -0.0478791 -0.0430718
27 -0.0295385 -0.0241722
28 -0.00874302 -0.00331338
29 0.0130765 0.0181996
30 0.0344115 0.0390114
31 0.0538076 0.0577774
32 0.069984 0.0732403
33 0.0819182 0.0843241
34 0.0888917 0.0902294
35 0.0904986 0.0905119
36 0.0866355 0.0851222
37 0.0774848 0.0743984
38 0.0635051 0.0590158
39 0.0454245 0.039908
40 0.0242256 0.0181829
41 0.00110895 -0.00495325
42 -0.0225773 -0.0282528
43 -0.0454353 -0.0504713
44 -0.0661299 -0.070408
45 -0.0834907 -0.0869552
46 -0.0965854 -0.0991589
47 -0.104754 -0.106287
48 -0.10761 -0.107894
49 -0.105022 -0.103858
50 -0.0970947 -0.0943882
51 -0.0841591 -0.0799946
52 -0.0667708 -0.061425
53 -0.0457065 -0.039594
54 -0.0219445 -0.0155176
55 0.00337991 0.00973398
56 0.0290453 0.0350647
57 0.0538286 0.0593735
58 0.076588 0.0815813
59 0.0963273 0.100675
60 0.112232 0.115766
61 0.123681 0.126158
62 0.130236 0.131396
63 0.131638 0.131287
64 0.127799 0.125889
65 0.118815 0.115472
66 0.104981 0.100471
67 0.0867939 0.0814413
68 0.0649452 0.0590426
69 0.0402773 0.0340277
70 0.0137264 0.00724018
71 -0.0137449 -0.0203991
72 -0.0412038 -0.0479258
73 -0.0677814 -0.0743832
74 -0.092682 -0.0988802
75 -0.115178 -0.120641
76 -0.134606 -0.139035
77 -0.150374 -0.153579
78 -0.161993 -0.16393
79 -0.169109 -0.169855
80 -0.171535 -0.171225
81 -0.169264 -0.168008
82 -0.162445 -0.160281
83 -0.15135 -0.148245
84 -0.136332 -0.132229
85 -0.117787 -0.112681
86 -0.0961471 -0.0901365
87 -0.0718793 -0.0651762
88 -0.0454999 -0.0383855
89 -0.0175757 -0.0103245
90 0.0112903 0.0184799
91 0.0404894 0.0475267
92 0.0694456 0.0763254
93 0.0976487 0.10439
94 0.124669 0.131248
95 0.150157 0.156468
96 0.173821 0.179688
97 0.195415 0.200644
98 0.214718 0.21917
99 0.231547 0.235182
100 0.245762 0.248645
101 0.257292 0.259549
102 0.266143 0.267891
103 0.272396 0.273691
104 0.276191 0.277006
105 0.277695 0.277952
106 0.277081 0.276707
107 0.27451 0.273498
108 0.270134 0.268568
109 0.264113 0.262145
110 0.256631 0.25443
111 0.247904 0.245591
112 0.238172 0.235788
113 0.22768 0.225186
114 0.216645 0.213973
115 0.205243 0.20235
116 0.193602 0.190519
117 0.181823 0.178653
118 0.170004 0.166886
119 0.158255 0.155308
120 0.146705 0.143979
121 0.135487 0.132949
122 0.124709 0.122271
123 0.114437 0.112014
124 0.10469 0.102249
125 0.095455 0.0930397
126 0.0867148 0.0844217
127 0.0784673 0.0763982
128 0.0707357 0.0689435
129 0.0635569 0.0620181
130 0.0569599 0.0555876
131 0.0509454 0.0496348
132 0.0454788 0.0441619
133 0.0405007 0.0391794
134 0.0359485 0.0346897
135 0.031778 0.0306733
136 0.0279725 0.0270846
137 0.0245363 0.023862
138 0.021477 0.0209464
139 0.0187865 0.018298
140 0.016432 0.0159046
141 0.0143605 0.0137739
142 0.012515 0.0119162
143 0.0108515 0.010325
144 0.00934963 0.00896743
145 0.00801066 0.00779061
146 0.00684513 0.00673936
147 0.00585719 0.00577706
148 0.00503379 0.00489687
149 0.00434395 0.00411697
150 0.00374791 0.00346217
151 0.00321111 0.00294227
152 0.00271545 0.00253963
153 0.0022626 0.00221314
154 0.00186759 0.00191634
155 0.00154634 0.0016193
156 0.00130345 0.00132143
157 0.00112627 0.00104772
158 0.000988324 0.000830707
159 0.000860349 0.000688604
160 0.0007232 0.000612338
161 0.000575986 0.000568915
162 0.000434919 0.000518911
163 0.000323189 0.000437654
164 0.000256989 0.000327658
165 0.000235131 0.000215221
166 0.000238106 0.000133484
167 0.000237462 0.000102132
168 0.000210669 0.000115617
169 0.00015328 0.000146484
170 8.1363e-05 0.000161364
171 2.23857e-05 0.000139919
172 -6.59422e-07 8.56217e-05
173 1.69998e-05 2.24379e-05
174 5.83547e-05 -2.011e-05
175 9.36651e-05 -2.43864e-05
176 9.72431e-05 5.57922e-06
177 6.23586e-05 4.72529e-05
178 5.42369e-06 7.32476e-05
179 -4.33263e-05 6.70866e-05
180 -5.75018e-05 3.19162e-05
181 -3.02979e-05 -1.24457e-05
182 2.1101e-05 -4.17822e-05
183 6.53118e-05 -4.15188e-05
184 7.51592e-05 -1.4432e-05
185 4.38378e-05 2.1955e-05
186 -1.08816e-05 4.6138e-05
187 -5.70864e-05 4.49285e-05
188 -6.77087e-05 2.02522e-05
189 -3.67506e-05 -1.29703e-05
190 1.70281e-05 -3.60268e-05
191 6.12687e-05 -3.70495e-05
192 6.93876e-05 -1.70828e-05
193 3.65287e-05 1.14136e-05
194 -1.75408e-05 3.22064e-05
195 -6.03683e-05 3.44086e-05
196 -6.63946e-05 1.79931e-05
197 -3.23332e-05 -6.9901e-06
198 2.09513e-05 -2.65571e-05
199 6.11757e-05 -3.0563e-05
200 6.42153e-05 -1.78369e-05
201 2.86234e-05 3.81887e-06
202 -2.36888e-05 2.23505e-05
203 -6.09372e-05 2.80639e-05
204 -6.08181e-05 1.85595e-05
205 -2.3923e-05 -4.2802e-07
206 2.68849e-05 -1.84417e-05
207 6.06158e-05 -2.59683e-05
208 5.70754e-05 -1.9357e-05
209 1.89939e-05 -2.52209e-06
210 -2.99466e-05 1.53156e-05
211 -5.98197e-05 2.45845e-05
212 -5.27723e-05 2.04151e-05
213 -1.37299e-05 5.17835e-06
214 3.29526e-05 -1.28046e-05
215 5.86611e-05 -2.372e-05
216 4.80748e-05 -2.1558e-05
217 8.3218e-06 -7.42808e-06
218 -3.57491e-05 1.0941e-05
219 -5.70796e-05 2.33488e-05
220 -4.30221e-05 2.27473e-05
221 -2.85368e-06 9.26697e-06
222 3.82874e-05 -9.67185e-06
223 5.51083e-05 -2.33749e-05
224 3.77099e-05 -2.38922e-05
225 -2.5798e-06 -1.06631e-05
226 -4.05286e-05 8.94919e-06
227 -5.27722e-05 2.37036e-05
228 -3.21945e-05 2.49201e-05
229 7.93176e-06 1.16217e-05
230 4.24571e-05 -8.68998e-06
231 5.00881e-05 -2.42306e-05
232 2.65149e-05 -2.57756e-05
233 -1.31572e-05 -1.21703e-05
234 -4.40448e-05 8.80667e-06
235 -4.70642e-05 2.48671e-05
236 -2.07148e-05 2.64238e-05
237 1.82062e-05 1.23466e-05
238 4.52729e-05 -9.21297e-06
239 4.37279e-05 -2.55301e-05
240 1.48442e-05 -2.68354e-05
241 -2.30465e-05 -1.21957e-05
242 -4.61489e-05 9.81464e-06
243 -4.01122e-05 2.61358e-05
244 -8.93085e-06 2.69944e-05
245 2.76725e-05 1.17833e-05
246 4.66826e-05 -1.05072e-05
247 3.62278e-05 -2.66124e-05
248 2.98237e-06 -2.69105e-05
249 -3.20751e-05 -1.11922e-05
250 -4.68639e-05 1.11922e-05
251 -3.20751e-05 2.69105e-05
252 2.98237e-06 2.66124e-05
253 3.62278e-05 1.05072e-05
254 4.66826e-05 -1.17833e-05
255 2.76725e-05 -2.69944e-05
256 -8.93085e-06 -2.61358e-05
257 -4.01122e-05 -9.81464e-06
258 -4.61489e-05 1.21957e-05
259 -2.30465e-05 2.68354e-05
260 1.48442e-05 2.55301e-05
261 4.37279e-05 9.21297e-06
262 4.52729e-05 -1.23466e-05
263 1.82062e-05 -2.64238e-05
264 -2.07148e-05 -2.48671e-05
265 -4.70642e-05 -8.80667e-06
266 -4.40448e-05 1.21703e-05
267 -1.31572e-05 2.57756e-05
268 2.65149e-05 2.42306e-05
269 5.00881e-05 8.68998e-06
270 4.24571e-05 -1.16217e-05
271 7.93176e-06 -2.49201e-05
272 -3.21945e-05 -2.37036e-05
273 -5.27722e-05 -8.94919e-06
274 -4.05286e-05 1.06631e-05
275 -2.5798e-06 2.38922e-05
276 3.77099e-05 2.33749e-05
277 5.51083e-05 9.67185e-06
278 3.82874e-05 -9.26697e-06
279 -2.85368e-06 -2.27473e-05
280 -4.30221e-05 -2.33488e-05
281 -5.70796e-05 -1.0941e-05
282 -3.57491e-05 7.42808e-06
283 8.3218e-06 2.1558e-05
284 4.80748e-05 2.372e-05
285 5.86611e-05 1.28046e-05
286 3.29526e-05 -5.17835e-06
287 -1.37299e-05 -2.04151e-05
288 -5.27723e-05 -2.45845e-05
289 -5.98197e-05 -1.53156e-05
290 -2.99466e-05 2.52209e-06
291 1.89939e-05 1.9357e-05
292 5.70754e-05 2.59683e-05
293 6.06158e-05 1.84417e-05
294 2.68849e-05 4.2802e-07
295 -2.3923e-05 -1.85595e-05
296 -6.08181e-05 -2.80639e-05
297 -6.09372e-05 -2.23505e-05
298 -2.36888e-05 -3.81887e-06
299 2.86234e-05 1.78369e-05
300 6.42153e-05 3.0563e-05
301 6.11757e-05 2.65571e-05
302 2.09513e-05 6.9901e-06
303 -3.23332e-05 -1.79931e-05
304 -6.63946e-05 -3.44086e-05
305 -6.03683e-05 -3.22064e-05
306 -1.75408e-05 -1.14136e-05
307 3.65287e-05 1.70828e-05
308 6.93876e-05 3.70495e-05
309 6.12687e-05 3.60268e-05
310 1.70281e-05 1.29703e-05
311 -3.67506e-05 -2.02522e-05
312 -6.77087e-05 -4.49285e-05
313 -5.70864e-05 -4.6138e-05
314 -1.08816e-05 -2.1955e-05
315 4.38378e-05 1.4432e-05
316 7.51592e-05 4.15188e-05
317 6.53118e-05 4.17822e-05
318 2.1101e-05 1.24457e-05
319 -3.02979e-05 -3.19162e-05
320 -5.75018e-05 -6.70866e-05
321 -4.33263e-05 -7.32476e-05
322 5.42369e-06 -4.72529e-05
323 6.23586e-05 -5.57922e-06
324 9.72431e-05 2.43864e-05
325 9.36651e-05 2.011e-05
326 5.83547e-05 -2.24379e-05
327 1.69998e-05 -8.56217e-05
328 -6.59422e-07 -0.000139919
329 2.23857e-05 -0.000161364
330 8.1363e-05 -0.000146484
331 0.00015328 -0.000115617
332 0.000210669 -0.000102132
333 0.000237462 -0.000133484
334 0.000238106 -0.000215221
335 0.000235131 -0.000327658
336 0.000256989 -0.000437654
337 0.000323189 -0.000518911
338 0.000434919 -0.000568915
339 0.000575986 -0.000612338
340 0.0007232 -0.000688604
341 0.000860349 -0.000830707
342 0.000988324 -0.00104772
343 0.00112627 -0.00132143
344 0.00130345 -0.0016193
345 0.00154634 -0.00191634
346 0.00186759 -0.00221314
347 0.0022626 -0.00253963
348 0.00271545 -0.00294227
349 0.00321111 -0.00346217
350 0.00374791 -0.00411697
351 0.00434395 -0.00489687
352 0.00503379 -0.00577706
353 0.00585719 -0.00673936
354 0.00684513 -0.00779061
355 0.00801066 -0.00896743
356 0.00934963 -0.010325
357 0.0108515 -0.0119162
358 0.012515 -0.0137739
359 0.0143605 -0.0159046
360 0.016432 -0.018298
361 0.0187865 -0.0209464
362 0.021477 -0.023862
363 0.0245363 -0.0270846
364 0.0279725 -0.0306733
365 0.031778 -0.0346897
366 0.0359485 -0.0391794
367 0.0405007 -0.0441619
368 0.0454788 -0.0496348
369 0.0509454 -0.0555876
370 0.0569599 -0.0620181
371 0.0635569 -0.0689435
372 0.0707357 -0.0763982
373 0.0784673 -0.0844217
374 0.0867148 -0.0930397
375 0.095455 -0.102249
376 0.10469 -0.112014
377 0.114437 -0.122271
378 0.124709 -0.132949
379 0.135487 -0.143979
380 0.146705 -0.155308
381 0.158255 -0.166886
382 0.170004 -0.178653
383 0.181823 -0.190519
384 0.193602 -0.20235
385 0.205243 -0.213973
386 0.216645 -0.225186
387 0.22768 -0.235788
388 0.238172 -0.245591
389 0.247904 -0.25443
390 0.256631 -0.262145
391 0.264113 -0.268568
392 0.270134 -0.273498
393 0.27451 -0.276707
394 0.277081 -0.277952
395 0.277695 -0.277006
396 0.276191 -0.273691
397 0.272396 -0.267891
398 0.266143 -0.259549
399 0.257292 -0.248645
400 0.245762 -0.235182
401 0.231547 -0.21917
402 0.214718 -0.200644
403 0.195415 -0.179688
404 0.173821 -0.156468
405 0.150157 -0.131248
406 0.124669 -0.10439
407 0.0976487 -0.0763254
408 0.0694456 -0.0475267
409 0.0404894 -0.0184799
410 0.0112903 0.0103245
411 -0.0175757 0.0383855
412 -0.0454999 0.0651762
413 -0.0718793 0.0901365
414 -0.0961471 0.112681
415 -0.117787 0.132229
416 -0.136332 0.148245
417 -0.15135 0.160281
418 -0.162445 0.168008
419 -0.169264 0.171225
420 -0.171535 0.169855
421 -0.169109 0.16393
422 -0.161993 0.153579
423 -0.150374 0.139035
424 -0.134606 0.120641
425 -0.115178 0.0988802
426 -0.092682 0.0743832
427 -0.0677814 0.0479258
428 -0.0412038 0.0203991
429 -0.0137449 -0.00724018
430 0.0137264 -0.0340277
431 0.0402773 -0.0590426
432 0.0649452 -0.0814413
433 0.0867939 -0.100471
434 0.104981 -0.115472
435 0.118815 -0.125889
436 0.127799 -0.131287
437 0.131638 -0.131396
438 0.130236 -0.126158
439 0.123681 -0.115766
440 0.112232 -0.100675
441 0.0963273 -0.0815813
442 0.076588 -0.0593735
443 0.0538286 -0.0350647
444 0.0290453 -0.00973398
445 0.00337991 0.0155176
446 -0.0219445 0.039594
447 -0.0457065 0.061425
448 -0.0667708 0.0799946
449 -0.0841591 0.0943882
450 -0.0970947 0.103858
451 -0.105022 0.107894
452 -0.10761 0.106287
453 -0.104754 0.0991589
454 -0.0965854 0.0869552
455 -0.0834907 0.070408
456 -0.0661299 0.0504713
457 -0.0454353 0.0282528
458 -0.0225773 0.00495325
459 0.00110895 -0.0181829
460 0.0242256 -0.039908
461 0.0454245 -0.0590158
462 0.0635051 -0.0743984
463 0.0774848 -0.0851222
464 0.0866355 -0.0905119
465 0.0904986 -0.0902294
466 0.0888917 -0.0843241
467 0.0819182 -0.0732403
468 0.069984 -0.0577774
469 0.0538076 -0.0390114
470 0.0344115 -0.0181996
471 0.0130765 0.00331338
472 -0.00874302 0.0241722
473 -0.0295385 0.0430718
474 -0.0478791 0.0588102
475 -0.0625353 0.0703486
476 -0.0725721 0.0768845
477 -0.0774027 0.0779333
478 -0.0768039 0.0734022
479 -0.070905 0.0636325
480 -0.0601644 0.0493932
481 -0.0453433 0.0318177
482 -0.0274792 0.0122948
483 -0.0078464 -0.00766496
484 0.0121059 -0.0265645
485 0.0308511 -0.0430335
486 0.0469143 -0.0559141
487 0.0590185 -0.0643183
488 0.0662215 -0.0676692
489 0.0680144 -0.0657352
490 0.0643636 -0.0586597
491 0.0556917 -0.0469812
492 0.0428107 -0.0316282
493 0.0268278 -0.013874
494 0.00904706 0.00475981
495 -0.00912153 0.0226448
496 -0.0262449 0.0382161
497 -0.0409505 0.0501407
498 -0.0520201 0.0574523
499 -0.0584962 0.0596323
500 -0.0597898 0.0566301
501 -0.0557709 0.0488314
502 -0.0468147 0.0369965
503 -0.0337859 0.0221849
504 -0.0179553 0.00567909
505 -0.000857562 -0.0110944
506 0.0158825 -0.0266569
507 0.030726 -0.0395899
508 0.0423686 -0.048669
509 0.0498448 -0.0530048
510 0.0525847 -0.052167
511 0.0504328 -0.0462601
512 0.0436423 -0.0359301
513 0.0328557 -0.0222931
514 0.0190712 -0.00679786
515 0.00358736 0.00895291
516 -0.0120894 0.0233883
517 -0.0263788 0.0351319
518 -0.0377975 0.0431218
519 -0.0451434 0.0466831
520 -0.0476579 0.0455597
521 -0.0451331 0.0399184
522 -0.0379378 0.0303345
523 -0.0269583 0.0177588
524 -0.0134685 0.00345958
525 0.00103972 -0.011074
526 0.0150341 -0.0242731
527 0.0270998 -0.0346677
528 0.036062 -0.0410789
529 0.0410732 -0.0427888
530 0.0416722 -0.0396513
531 0.0378202 -0.0321152
532 0.0299181 -0.0211562
533 0.0187956 -0.00812975
534 0.00565974 0.00542022
535 -0.00800866 0.0179601
536 -0.0206145 0.0281395
537 -0.0306487 0.03492
538 -0.0368992 0.0376541
539 -0.0386321 0.036123
540 -0.0357039 0.0305433
541 -0.0285776 0.021548
542 -0.0182421 0.0101432
543 -0.00605235 -0.00237072
544 0.00647062 -0.0145185
545 0.0178421 -0.0248133
546 0.0267839 -0.0319498
547 0.0323469 -0.0349985
548 0.0339832 -0.0335621
549 0.0315775 -0.027857
550 0.0254477 -0.0186938
551 0.0163182 -0.00735496
552 0.00526475 0.00460624
553 -0.00637846 0.0156055
554 -0.0171554 0.0242562
555 -0.0256643 0.0295473
556 -0.0307547 0.0309461
557 -0.0317135 0.0284239
558 -0.028399 0.0224181
559 -0.0212889 0.0137508
560 -0.0114207 0.00352477
561 -0.000230475 -0.0069939
562 0.0106792 -0.0165012
563 0.0197965 -0.0237906
564 0.0259285 -0.0278947
565 0.0283599 -0.0282231
566 0.0269199 -0.0246736
567 0.0219596 -0.0176893
568 0.0142613 -0.00823401
569 0.00490769 0.00232463
570 -0.00486339 0.0124182
571 -0.0137992 0.020533
572 -0.0207631 0.0254673
573 -0.024854 0.0265372
574 -0.0255137 0.0236841
575 -0.0226136 0.0174646
576 -0.0165041 0.00892977
577 -0.00800746 -0.000573119
578 0.00166325 -0.00963109
579 0.0110641 -0.0169802
580 0.0187416 -0.0216707
581 0.0234809 -0.0231657
582 0.0245294 -0.0213735
583 0.0217447 -0.0166274
584 0.0156286 -0.00962535
585 0.00723576 -0.00134479
586 -0.00202459 0.00706571
587 -0.0106493 0.0144155
588 -0.0173065 0.0196205
589 -0.0210502 0.0218611
590 -0.0214474 0.0207287
591 -0.0186039 0.0163282
592 -0.013099 0.00930558
593 -0.00585819 0.000776707
594 0.00200584 -0.0078441
595 0.0093519 -0.0150909
596 0.015152 -0.0197207
597 0.0186073 -0.0209549
598 0.019237 -0.0186322
599 0.0169404 -0.0132355
600 0.0120271 -0.0057875
601 0.00520331 0.00235918
602 -0.00249742 0.00978885
603 -0.0098464 0.0152848
604 -0.0156084 0.018033
605 -0.01876 0.0177319
606 -0.0186962 0.0145977
607 -0.0153748 0.00927933
608 -0.00935763 0.00271536
609 -0.00172682 -0.0040325
610 0.00611477 -0.00993749
611 0.0127193 -0.0141391
612 0.0168853 -0.0160412
613 0.0178981 -0.0153781
614 0.0156643 -0.0122489
615 0.0107114 -0.007119
616 0.00405706 -0.000777649
617 -0.00301581 0.00575397
618 -0.00922324 0.0113673
619 -0.0135223 0.0150499
620 -0.015282 0.0160797
621 -0.0143576 0.0141884
622 -0.0110656 0.00965216
623 -0.00608343 0.0032756
624 -0.000305327 -0.00374042
625 0.00531185 -0.0100298
626 0.00988831 -0.0143444
627 0.0127335 -0.015825
628 0.013427 -0.0141939
629 0.0118694 -0.00982016
630 0.00830056 -0.00363745
631 0.00328213 0.00306499
632 -0.00236443 0.00892854
633 -0.00766763 0.0128182
634 -0.0116589 0.0140533
635 -0.0135499 0.0125264
636 -0.0129023 0.00868852
637 -0.00974858 0.00341716
638 -0.00462843 -0.00219545
639 0.00148518 -0.00707684
640 0.00736545 -0.010379
641 0.0117864 -0.011614
642 0.0137965 -0.0107027
643 0.0129445 -0.00794291
644 0.00939789 -0.00391776
645 0.00391891 0.000626852
646 -0.00230126 0.00490921
647 -0.00791258 0.00822579
648 -0.0117153 0.0100437
649 -0.0129325 0.0100689
650 -0.0113792 0.00828935
651 -0.0074886 0.00498767
652 -0.0021921 0.000716943
653 0.00331294 -0.00376824
654 0.00784596 -0.00762636
655 0.010506 -0.010079
656 0.0108523 -0.0105724
657 0.00896627 -0.00891535
658 0.00539093 -0.00535673
659 0.000973411 -0.000571719
660 -0.00334133 0.00445331
661 -0.00671402 0.00862254
662 -0.0085672 0.0109783
663 -0.00866746 0.0109361
664 -0.00712898 0.00844433
665 -0.00435135 0.00402332
666 -0.000916431 -0.00133745
667 0.0025287 -0.00640347
668 0.00538041 -0.00998964
669 0.00716526 -0.011251
670 0.0075999 -0.00989481
671 0.00662447 -0.00625725
672 0.00441059 -0.00122285
673 0.00134271 0.00399426
674 -0.00203004 0.00815167
675 -0.00507355 0.0102852
676 -0.00717568 0.00994193
677 -0.00786683 0.00728026
678 -0.0069313 0.00301466
679 -0.0044811 -0.00177823
680 -0.000966459 -0.00593766
681 0.00289127 -0.00850712
682 0.00624032 -0.00895899
683 0.00828788 -0.00730144
684 0.00849559 -0.00404656
685 0.00673095 -5.59163e-05
686 0.00332982 0.00369011
687 -0.000955514 0.00633651
688 -0.00511925 0.00734947
689 -0.00814162 0.00661881
690 -0.00924686 0.00444918
691 -0.00811183 0.00145188
692 -0.00496693 -0.00162683
693 -0.000556836 -0.00409228
694 0.00403476 -0.00545563
695 0.00765518 -0.00552231
696 0.00937908 -0.00440182
697 0.0087529 -0.00244735
698 0.00592096 -0.000149417
699 0.00159654 0.00198529
700 -0.00311733 0.00354043
701 -0.00701249 0.00426134
702 -0.00909078 0.0040827
703 -0.00882612 0.0031152
704 -0.00630291 0.0016024
705 -0.00219303 -0.000137614
706 0.00242258 -0.00177256
707 0.00634032 -0.00300896
708 0.00855155 -0.0036334
709 0.00850644 -0.00354095
710 0.00625407 -0.00275034
711 0.00242227 -0.00140455
712 -0.001956 0.000246106
713 -0.00572181 0.00188034
714 -0.00789911 0.00316062
715 -0.00795036 0.00379959
716 -0.00591129 0.00362598
717 -0.00237036 0.00263432
718 0.00169887 0.00100322
719 0.00520501 -0.000927663
720 0.00723237 -0.00272284
721 0.00728125 -0.00394773
722 0.00539188 -0.00427604
723 0.00212105 -0.00358053
724 -0.00161912 -0.00198099
725 -0.00481411 0.000168285
726 -0.00662165 0.00235377
727 -0.00659399 0.00402579
728 -0.00478895 0.00473939
729 -0.00174234 0.00427602
730 0.00168798 0.00271203
731 0.00456172 0.000412204
732 0.00611262 -0.0020535
733 0.00595231 -0.00405181
734 0.00416731 -0.00505089
735 0.00128501 -0.00476486
736 -0.00187921 -0.00323772
737 -0.00445016 -0.000841665
738 -0.00573298 0.00181306
739 -0.00539977 0.00403491
740 -0.00357306 0.00523363
741 -0.000784971 0.0050795
742 0.00217517 0.00359559
743 0.00448162 0.00115697
744 0.00550031 -0.0016044
745 0.00496184 -0.0039647
746 0.00303226 -0.00529978
747 0.00026337 -0.00525217
748 -0.00256298 -0.00382824
749 -0.004653 -0.00139869
750 -0.00542132 0.00139869
751 -0.004653 0.00382824
752 -0.00256298 0.00525217
753 0.00026337 0.00529978
754 0.00303226 0.0039647
755 0.00496184 0.0016044
756 0.00550031 -0.00115697
757 0.00448162 -0.00359559
758 0.00217517 -0.0050795
759 -0.000784971 -0.00523363
760 -0.00357306 -0.00403491
761 -0.00539977 -0.00181306
762 -0.00573298 0.000841665
763 -0.00445016 0.00323772
764 -0.00187921 0.00476486
765 0.00128501 0.00505089
766 0.00416731 0.00405181
767 0.00595231 0.0020535
768 0.00611262 -0.000412204
769 0.00456172 -0.00271203
770 0.00168798 -0.00427602
771 -0.00174234 -0.00473939
772 -0.00478895 -0.00402579
773 -0.00659399 -0.00235377
774 -0.00662165 -0.000168285
775 -0.00481411 0.00198099
776 -0.00161912 0.00358053
777 0.00212105 0.00427604
778 0.00539188 0.00394773
779 0.00728125 0.00272284
780 0.00723237 0.000927663
781 0.00520501 -0.00100322
782 0.00169887 -0.00263432
783 -0.00237036 -0.00362598
784 -0.00591129 -0.00379959
785 -0.00795036 -0.00316062
786 -0.00789911 -0.00188034
787 -0.00572181 -0.000246106
788 -0.001956 0.00140455
789 0.00242227 0.00275034
790 0.00625407 0.00354095
791 0.00850644 0.0036334
792 0.00855155 0.00300896
793 0.00634032 0.00177256
794 0.00242258 0.000137614
795 -0.00219303 -0.0016024
796 -0.00630291 -0.0031152
797 -0.00882612 -0.0040827
798 -0.00909078 -0.00426134
799 -0.00701249 -0.00354043
800 -0.00311733 -0.00198529
801 0.00159654 0.000149417
802 0.00592096 0.00244735
803 0.0087529 0.00440182
804 0.00937908 0.00552231
805 0.00765518 0.00545563
806 0.00403476 0.00409228
807 -0.000556836 0.00162683
808 -0.00496693 -0.00145188
809 -0.00811183 -0.00444918
810 -0.00924686 -0.00661881
811 -0.00814162 -0.00734947
812 -0.00511925 -0.00633651
813 -0.000955514 -0.00369011
814 0.00332982 5.59163e-05
815 0.00673095 0.00404656
816 0.00849559 0.00730144
817 0.00828788 0.00895899
818 0.00624032 0.00850712
819 0.00289127 0.00593766
820 -0.000966459 0.00177823
821 -0.0044811 -0.00301466
822 -0.0069313 -0.00728026
823 -0.00786683 -0.00994193
824 -0.00717568 -0.0102852
825 -0.00507355 -0.00815167
826 -0.00203004 -0.00399426
827 0.00134271 0.00122285
828 0.00441059 0.00625725
829 0.00662447 0.00989481
830 0.0075999 0.011251
831 0.00716526 0.00998964
832 0.00538041 0.00640347
833 0.0025287 0.00133745
834 -0.000916431 -0.00402332
835 -0.00435135 -0.00844433
836 -0.00712898 -0.0109361
837 -0.00866746 -0.0109783
838 -0.0085672 -0.00862254
839 -0.00671402 -0.00445331
840 -0.00334133 0.000571719
841 0.000973411 0.00535673
842 0.00539093 0.00891535
843 0.00896627 0.0105724
844 0.0108523 0.010079
845 0.010506 0.00762636
846 0.00784596 0.00376824
847 0.00331294 -0.000716943
848 -0.0021921 -0.00498767
849 -0.0074886 -0.00828935
850 -0.0113792 -0.0100689
851 -0.0129325 -0.0100437
852 -0.0117153 -0.00822579
853 -0.00791258 -0.00490921
854 -0.00230126 -0.000626852
855 0.00391891 0.00391776
856 0.00939789 0.00794291
857 0.0129445 0.0107027
858 0.0137965 0.011614
859 0.0117864 0.010379
860 0.00736545 0.00707684
861 0.00148518 0.00219545
862 -0.00462843 -0.00341716
863 -0.00974858 -0.00868852
864 -0.0129023 -0.0125264
865 -0.0135499 -0.0140533
866 -0.0116589 -0.0128182
867 -0.00766763 -0.00892854
868 -0.00236443 -0.00306499
869 0.00328213 0.00363745
870 0.00830056 0.00982016
871 0.0118694 0.0141939
872 0.013427 0.015825
873 0.0127335 0.0143444
874 0.00988831 0.0100298
875 0.00531185 0.00374042
876 -0.000305327 -0.0032756
877 -0.00608343 -0.00965216
878 -0.0110656 -0.0141884
879 -0.0143576 -0.0160797
880 -0.015282 -0.0150499
881 -0.0135223 -0.0113673
882 -0.00922324 -0.00575397
883 -0.00301581 0.000777649
884 0.00405706 0.007119
885 0.0107114 0.0122489
886 0.0156643 0.0153781
887 0.0178981 0.0160412
888 0.0168853 0.0141391
889 0.0127193 0.00993749
890 0.00611477 0.0040325
891 -0.00172682 -0.00271536
892 -0.00935763 -0.00927933
893 -0.0153748 -0.0145977
894 -0.0186962 -0.0177319
895 -0.01876 -0.018033
896 -0.0156084 -0.0152848
897 -0.0098464 -0.00978885
898 -0.00249742 -0.00235918
899 0.00520331 0.0057875
900 0.0120271 0.0132355
901 0.0169404 0.0186322
902 0.019237 0.0209549
903 0.0186073 0.0197207
904 0.015152 0.0150909
905 0.0093519 0.0078441
906 0.00200584 -0.000776707
907 -0.00585819 -0.00930558
908 -0.013099 -0.0163282
909 -0.0186039 -0.0207287
910 -0.0214474 -0.0218611
911 -0.0210502 -0.0196205
912 -0.0173065 -0.0144155
913 -0.0106493 -0.00706571
914 -0.00202459 0.00134479
915 0.00723576 0.00962535
916 0.0156286 0.0166274
917 0.0217447 0.0213735
918 0.0245294 0.0231657
919 0.0234809 0.0216707
920 0.0187416 0.0169802
921 0.0110641 0.00963109
922 0.00166325 0.000573119
923 -0.00800746 -0.00892977
924 -0.0165041 -0.0174646
925 -0.0226136 -0.0236841
926 -0.0255137 -0.0265372
927 -0.024854 -0.0254673
928 -0.0207631 -0.020533
929 -0.0137992 -0.0124182
930 -0.00486339 -0.00232463
931 0.00490769 0.00823401
932 0.0142613 0.0176893
933 0.0219596 0.0246736
934 0.0269199 0.0282231
935 0.0283599 0.0278947
936 0.0259285 0.0237906
937 0.0197965 0.0165012
938 0.0106792 0.0069939
939 -0.000230475 -0.00352477
940 -0.0114207 -0.0137508
941 -0.0212889 -0.0224181
942 -0.028399 -0.0284239
943 -0.0317135 -0.0309461
944 -0.0307547 -0.0295473
945 -0.0256643 -0.0242562
946 -0.0171554 -0.0156055
947 -0.00637846 -0.00460624
948 0.00526475 0.00735496
949 0.0163182 0.0186938
950 0.0254477 0.027857
951 0.0315775 0.0335621
952 0.0339832 0.0349985
953 0.0323469 0.0319498
954 0.0267839 0.0248133
955 0.0178421 0.0145185
956 0.00647062 0.00237072
957 -0.00605235 -0.0101432
958 -0.0182421 -0.021548
959 -0.0285776 -0.0305433
960 -0.0357039 -0.036123
961 -0.0386321 -0.0376541
962 -0.0368992 -0.03492
963 -0.0306487 -0.0281395
964 -0.0206145 -0.0179601
965 -0.00800866 -0.00542022
966 0.00565974 0.00812975
967 0.0187956 0.0211562
968 0.0299181 0.0321152
969 0.0378202 0.0396513
970 0.0416722 0.0427888
971 0.0410732 0.0410789
972 0.036062 0.0346677
973 0.0270998 0.0242731
974 0.0150341 0.011074
975 0.00103972 -0.00345958
976 -0.0134685 -0.0177588
977 -0.0269583 -0.0303345
978 -0.0379378 -0.0399184
979 -0.0451331 -0.0455597
980 -0.0476579 -0.0466831
981 -0.0451434 -0.0431218
982 -0.0377975 -0.0351319
983 -0.0263788 -0.0233883
984 -0.0120894 -0.00895291
985 0.00358736 0.00679786
986 0.0190712 0.0222931
987 0.0328557 0.0359301
988 0.0436423 0.0462601
989 0.0504328 0.052167
990 0.0525847 0.0530048
991 0.0498448 0.048669
992 0.0423686 0.0395899
993 0.030726 0.0266569
994 0.0158825 0.0110944
995 -0.000857562 -0.00567909
996 -0.0179553 -0.0221849
997 -0.0337859 -0.0369965
998 -0.0468147 -0.0488314
999 -0.0557709 -0.0566301
