0 0.234248 -0.237034
1 0.226966 -0.230073
2 0.21908 -0.220221
3 0.210495 -0.207521
4 0.200854 -0.192304
5 0.189638 -0.175125
6 0.176316 -0.15665
7 0.160496 -0.137509
8 0.142038 -0.118155
9 0.121113 -0.0987691
10 0.0981898 -0.0792511
11 0.0739585 -0.0592892
12 0.0492178 -0.0385054
13 0.0247452 -0.0166272
14 0.00118184 0.00636212
15 -0.0210462 0.0301406
16 -0.0417566 0.0540545
17 -0.0609851 0.0772114
18 -0.0789104 0.0986315
19 -0.0957443 0.117414
20 -0.11161 0.132879
21 -0.126435 0.144651
22 -0.139888 0.152674
23 -0.151382 0.157162
24 -0.160149 0.158503
25 -0.165379 0.157145
26 -0.166395 0.153471
27 -0.162811 0.14772
28 -0.154635 0.13993
29 -0.142292 0.129953
30 -0.126537 0.117514
31 -0.108314 0.102323
32 -0.0885725 0.0842052
33 -0.0681087 0.0632284
34 -0.0474684 0.039795
35 -0.0269275 0.0146649
36 -0.00654921 -0.0110978
37 0.0137063 -0.0362498
38 0.0338533 -0.0595416
39 0.0537654 -0.0798988
40 0.0730976 -0.0965681
41 0.0912612 -0.109193
42 0.107455 -0.117801
43 0.120747 -0.122707
44 0.130202 -0.124368
45 0.13502 -0.123217
46 0.134682 -0.119538
47 0.129059 -0.113408
48 0.118454 -0.104712
49 0.103581 -0.0932283
50 0.0854628 -0.078754
51 0.0652728 -0.0612412
52 0.0441558 -0.0409039
53 0.0230712 -0.018283
54 0.00269449 0.00574583
55 -0.016602 0.0300227
56 -0.0346852 0.0532061
57 -0.0515383 0.0739167
58 -0.0671143 0.0909031
59 -0.0812098 0.103203
60 -0.0933931 0.110268
61 -0.10301 0.112023
62 -0.109262 0.108844
63 -0.111348 0.101448
64 -0.10862 0.0907354
65 -0.100739 0.0776073
66 -0.0877786 0.0628153
67 -0.0702702 0.0468805
68 -0.0491793 0.0300967
69 -0.0258169 0.0126108
70 -0.00170021 -0.00545061
71 0.0216156 -0.0238476
72 0.0427129 -0.0421256
73 0.0604666 -0.0595722
74 0.0741507 -0.0752427
75 0.0834771 -0.0880487
76 0.0885541 -0.0968931
77 0.0897749 -0.100828
78 0.0876631 -0.0992122
79 0.0827158 -0.0918364
80 0.0752889 -0.0790019
81 0.0655551 -0.0615269
82 0.0535444 -0.0406779
83 0.0392518 -0.0180299
84 0.022777 0.00472356
85 0.00445281 0.0259777
86 -0.0150738 0.0444048
87 -0.0348301 0.0590855
88 -0.0535777 0.0695626
89 -0.0699336 0.0758071
90 -0.0825289 0.0781143
91 -0.0901829 0.076957
92 -0.0920669 0.0728357
93 -0.0878373 0.0661645
94 -0.0777143 0.0572166
95 -0.0624891 0.0461408
96 -0.0434501 0.0330357
97 -0.0222311 0.0180584
98 -0.000604331 0.00153526
99 0.0197462 -0.0159573
100 0.0374265 -0.033561
101 0.0514699 -0.0501645
102 0.0613872 -0.0644913
103 0.0671278 -0.0752352
104 0.0689716 -0.081227
105 0.0673874 -0.0816098
106 0.0628928 -0.0759956
107 0.05595 -0.0645752
108 0.0469132 -0.0481549
109 0.0360338 -0.0281021
110 0.0235128 -0.00619886
111 0.00958293 0.0155772
112 -0.00540099 0.0353075
113 -0.020888 0.051375
114 -0.0360925 0.062647
115 -0.0500067 0.0685698
116 -0.0614706 0.0691653
117 -0.0692974 0.0649438
118 -0.0724381 0.0567646
119 -0.0701606 0.0456756
120 -0.062211 0.0327635
121 -0.0489224 0.0190324
122 -0.0312446 0.00532237
123 -0.0106776 -0.00772977
124 0.0108847 -0.0196849
125 0.0313816 -0.0302567
126 0.0488455 -0.0392369
127 0.06165 -0.0464103
128 0.0687071 -0.0514852
129 0.0695803 -0.0540665
130 0.0645036 -0.0536886
131 0.0543091 -0.0499101
132 0.0402838 -0.0424501
133 0.0239835 -0.0313314
134 0.00703248 -0.0169912
135 -0.00906391 -0.000323625
136 -0.0230712 0.017361
137 -0.0341271 0.0344579
138 -0.0417809 0.0492501
139 -0.0459692 0.0601219
140 -0.0469345 0.0657706
141 -0.0451064 0.0653893
142 -0.0409739 0.0587969
143 -0.0349798 0.0464969
144 -0.0274646 0.0296536
145 -0.0186714 0.00997916
146 -0.00880365 -0.0104598
147 0.00188625 -0.0294941
148 0.0130115 -0.0451281
149 0.0239983 -0.0557939
150 0.0340849 -0.0605436
151 0.0423758 -0.0591478
152 0.0479412 -0.0520879
153 0.0499434 -0.04045
154 0.0477724 -0.0257469
155 0.0411697 -0.00969841
156 0.0303259 0.00599058
157 0.0159342 0.0198269
158 -0.000816799 0.0306764
159 -0.0183245 0.0378498
160 -0.0347312 0.0411224
161 -0.0481477 0.0406931
162 -0.056912 0.0370925
163 -0.0598381 0.0310604
164 -0.0564079 0.0234129
165 -0.0468689 0.0149247
166 -0.0322193 0.00624512
167 -0.014086 -0.00213958
168 0.00548081 -0.00989677
169 0.0242624 -0.0168013
170 0.0401402 -0.022671
171 0.0513473 -0.027307
172 0.0566779 -0.030457
173 0.0556311 -0.0318162
174 0.0484719 -0.0310677
175 0.0361962 -0.0279541
176 0.0203969 -0.0223654
177 0.00304674 -0.0144214
178 -0.0137718 -0.0045295
179 -0.0281452 0.00659906
180 -0.0385705 0.0179827
181 -0.0441204 0.0284534
182 -0.0445154 0.0367829
183 -0.0401006 0.0418387
184 -0.0317453 0.0427485
185 -0.0206914 0.0390515
186 -0.00837514 0.030811
187 0.00375399 0.0186658
188 0.0144013 0.00380325
189 0.0225652 -0.0121522
190 0.0276322 -0.0273257
191 0.0294155 -0.0398315
192 0.0281312 -0.0480292
193 0.0243181 -0.0507577
194 0.0187156 -0.0475096
195 0.0121297 -0.0385188
196 0.00531246 -0.0247503
197 -0.00112126 -0.00779377
198 -0.00673222 0.0103251
199 -0.011254 0.0273905
200 -0.0145629 0.0412722
201 -0.0166366 0.0501995
202 -0.017515 0.0529982
203 -0.0172681 0.0492596
204 -0.0159765 0.0394115
205 -0.0137206 0.0246777
206 -0.0105819 0.00692382
207 -0.00665652 -0.0115889
208 -0.00207929 -0.0285066
209 0.002945 -0.0416957
210 0.00811493 -0.0495195
211 0.013023 -0.0510426
212 0.0171752 -0.0461385
213 0.0200438 -0.0354942
214 0.0211473 -0.0205153
215 0.020141 -0.00314607
216 0.0168983 0.0143769
217 0.011564 0.0298087
218 0.00456642 0.0411873
219 -0.00341212 0.0470921
220 -0.0115037 0.0468334
221 -0.0187518 0.0405411
222 -0.0242253 0.029138
223 -0.0271401 0.0142014
224 -0.0269724 -0.00226262
225 -0.0235509 -0.0180946
226 -0.0171111 -0.0312655
227 -0.00829751 -0.0401305
228 0.00189376 -0.0436252
229 0.0122299 -0.0413865
230 0.0213997 -0.0337883
231 0.0281911 -0.0218909
232 0.0316608 -0.00730472
233 0.0312697 0.00801794
234 0.0269629 0.0220412
235 0.0191879 0.0329205
236 0.00884666 0.0392533
237 -0.0028089 0.0402654
238 -0.0143278 0.0359059
239 -0.0242402 0.0268365
240 -0.0312476 0.0143256
241 -0.0343988 6.64947e-05
242 -0.0332264 -0.0140481
243 -0.0278222 -0.0261672
244 -0.0188352 -0.0347106
245 -0.0073917 -0.0385658
246 0.00505294 -0.0372302
247 0.0169077 -0.0308833
248 0.0266555 -0.020373
249 0.0330506 -0.00711144
250 0.0352769 0.00711144
251 0.0330506 0.020373
252 0.0266555 0.0308833
253 0.0169077 0.0372302
254 0.00505294 0.0385658
255 -0.0073917 0.0347106
256 -0.0188352 0.0261672
257 -0.0278222 0.0140481
258 -0.0332264 -6.64947e-05
259 -0.0343988 -0.0143256
260 -0.0312476 -0.0268365
261 -0.0242402 -0.0359059
262 -0.0143278 -0.0402654
263 -0.0028089 -0.0392533
264 0.00884666 -0.0329205
265 0.0191879 -0.0220412
266 0.0269629 -0.00801794
267 0.0312697 0.00730472
268 0.0316608 0.0218909
269 0.0281911 0.0337883
270 0.0213997 0.0413865
271 0.0122299 0.0436252
272 0.00189376 0.0401305
273 -0.00829751 0.0312655
274 -0.0171111 0.0180946
275 -0.0235509 0.00226262
276 -0.0269724 -0.0142014
277 -0.0271401 -0.029138
278 -0.0242253 -0.0405411
279 -0.0187518 -0.0468334
280 -0.0115037 -0.0470921
281 -0.00341212 -0.0411873
282 0.00456642 -0.0298087
283 0.011564 -0.0143769
284 0.0168983 0.00314607
285 0.020141 0.0205153
286 0.0211473 0.0354942
287 0.0200438 0.0461385
288 0.0171752 0.0510426
289 0.013023 0.0495195
290 0.00811493 0.0416957
291 0.002945 0.0285066
292 -0.00207929 0.0115889
293 -0.00665652 -0.00692382
294 -0.0105819 -0.0246777
295 -0.0137206 -0.0394115
296 -0.0159765 -0.0492596
297 -0.0172681 -0.0529982
298 -0.017515 -0.0501995
299 -0.0166366 -0.0412722
300 -0.0145629 -0.0273905
301 -0.011254 -0.0103251
302 -0.00673222 0.00779377
303 -0.00112126 0.0247503
304 0.00531246 0.0385188
305 0.0121297 0.0475096
306 0.0187156 0.0507577
307 0.0243181 0.0480292
308 0.0281312 0.0398315
309 0.0294155 0.0273257
310 0.0276322 0.0121522
311 0.0225652 -0.00380325
312 0.0144013 -0.0186658
313 0.00375399 -0.030811
314 -0.00837514 -0.0390515
315 -0.0206914 -0.0427485
316 -0.0317453 -0.0418387
317 -0.0401006 -0.0367829
318 -0.0445154 -0.0284534
319 -0.0441204 -0.0179827
320 -0.0385705 -0.00659906
321 -0.0281452 0.0045295
322 -0.0137718 0.0144214
323 0.00304674 0.0223654
324 0.0203969 0.0279541
325 0.0361962 0.0310677
326 0.0484719 0.0318162
327 0.0556311 0.030457
328 0.0566779 0.027307
329 0.0513473 0.022671
330 0.0401402 0.0168013
331 0.0242624 0.00989677
332 0.00548081 0.00213958
333 -0.014086 -0.00624512
334 -0.0322193 -0.0149247
335 -0.0468689 -0.0234129
336 -0.0564079 -0.0310604
337 -0.0598381 -0.0370925
338 -0.056912 -0.0406931
339 -0.0481477 -0.0411224
340 -0.0347312 -0.0378498
341 -0.0183245 -0.0306764
342 -0.000816799 -0.0198269
343 0.0159342 -0.00599058
344 0.0303259 0.00969841
345 0.0411697 0.0257469
346 0.0477724 0.04045
347 0.0499434 0.0520879
348 0.0479412 0.0591478
349 0.0423758 0.0605436
350 0.0340849 0.0557939
351 0.0239983 0.0451281
352 0.0130115 0.0294941
353 0.00188625 0.0104598
354 -0.00880365 -0.00997916
355 -0.0186714 -0.0296536
356 -0.0274646 -0.0464969
357 -0.0349798 -0.0587969
358 -0.0409739 -0.0653893
359 -0.0451064 -0.0657706
360 -0.0469345 -0.0601219
361 -0.0459692 -0.0492501
362 -0.0417809 -0.0344579
363 -0.0341271 -0.017361
364 -0.0230712 0.000323625
365 -0.00906391 0.0169912
366 0.00703248 0.0313314
367 0.0239835 0.0424501
368 0.0402838 0.0499101
369 0.0543091 0.0536886
370 0.0645036 0.0540665
371 0.0695803 0.0514852
372 0.0687071 0.0464103
373 0.06165 0.0392369
374 0.0488455 0.0302567
375 0.0313816 0.0196849
376 0.0108847 0.00772977
377 -0.0106776 -0.00532237
378 -0.0312446 -0.0190324
379 -0.0489224 -0.0327635
380 -0.062211 -0.0456756
381 -0.0701606 -0.0567646
382 -0.0724381 -0.0649438
383 -0.0692974 -0.0691653
384 -0.0614706 -0.0685698
385 -0.0500067 -0.062647
386 -0.0360925 -0.051375
387 -0.020888 -0.0353075
388 -0.00540099 -0.0155772
389 0.00958293 0.00619886
390 0.0235128 0.0281021
391 0.0360338 0.0481549
392 0.0469132 0.0645752
393 0.05595 0.0759956
394 0.0628928 0.0816098
395 0.0673874 0.081227
396 0.0689716 0.0752352
397 0.0671278 0.0644913
398 0.0613872 0.0501645
399 0.0514699 0.033561
400 0.0374265 0.0159573
401 0.0197462 -0.00153526
402 -0.000604331 -0.0180584
403 -0.0222311 -0.0330357
404 -0.0434501 -0.0461408
405 -0.0624891 -0.0572166
406 -0.0777143 -0.0661645
407 -0.0878373 -0.0728357
408 -0.0920669 -0.076957
409 -0.0901829 -0.0781143
410 -0.0825289 -0.0758071
411 -0.0699336 -0.0695626
412 -0.0535777 -0.0590855
413 -0.0348301 -0.0444048
414 -0.0150738 -0.0259777
415 0.00445281 -0.00472356
416 0.022777 0.0180299
417 0.0392518 0.0406779
418 0.0535444 0.0615269
419 0.0655551 0.0790019
420 0.0752889 0.0918364
421 0.0827158 0.0992122
422 0.0876631 0.100828
423 0.0897749 0.0968931
424 0.0885541 0.0880487
425 0.0834771 0.0752427
426 0.0741507 0.0595722
427 0.0604666 0.0421256
428 0.0427129 0.0238476
429 0.0216156 0.00545061
430 -0.00170021 -0.0126108
431 -0.0258169 -0.0300967
432 -0.0491793 -0.0468805
433 -0.0702702 -0.0628153
434 -0.0877786 -0.0776073
435 -0.100739 -0.0907354
436 -0.10862 -0.101448
437 -0.111348 -0.108844
438 -0.109262 -0.112023
439 -0.10301 -0.110268
440 -0.0933931 -0.103203
441 -0.0812098 -0.0909031
442 -0.0671143 -0.0739167
443 -0.0515383 -0.0532061
444 -0.0346852 -0.0300227
445 -0.016602 -0.00574583
446 0.00269449 0.018283
447 0.0230712 0.0409039
448 0.0441558 0.0612412
449 0.0652728 0.078754
450 0.0854628 0.0932283
451 0.103581 0.104712
452 0.118454 0.113408
453 0.129059 0.119538
454 0.134682 0.123217
455 0.13502 0.124368
456 0.130202 0.122707
457 0.120747 0.117801
458 0.107455 0.109193
459 0.0912612 0.0965681
460 0.0730976 0.0798988
461 0.0537654 0.0595416
462 0.0338533 0.0362498
463 0.0137063 0.0110978
464 -0.00654921 -0.0146649
465 -0.0269275 -0.039795
466 -0.0474684 -0.0632284
467 -0.0681087 -0.0842052
468 -0.0885725 -0.102323
469 -0.108314 -0.117514
470 -0.126537 -0.129953
471 -0.142292 -0.13993
472 -0.154635 -0.14772
473 -0.162811 -0.153471
474 -0.166395 -0.157145
475 -0.165379 -0.158503
476 -0.160149 -0.157162
477 -0.151382 -0.152674
478 -0.139888 -0.144651
479 -0.126435 -0.132879
480 -0.11161 -0.117414
481 -0.0957443 -0.0986315
482 -0.0789104 -0.0772114
483 -0.0609851 -0.0540545
484 -0.0417566 -0.0301406
485 -0.0210462 -0.00636212
486 0.00118184 0.0166272
487 0.0247452 0.0385054
488 0.0492178 0.0592892
489 0.0739585 0.0792511
490 0.0981898 0.0987691
491 0.121113 0.118155
492 0.142038 0.137509
493 0.160496 0.15665
494 0.176316 0.175125
495 0.189638 0.192304
496 0.200854 0.207521
497 0.210495 0.220221
498 0.21908 0.230073
499 0.226966 0.237034
500 0.234248 0.241338
501 0.240729 0.243439
502 0.245979 0.243906
503 0.249462 0.243309
504 0.250701 0.242103
505 0.249437 0.240547
506 0.245719 0.238666
507 0.239912 0.236266
508 0.232623 0.232999
509 0.22456 0.228476
510 0.216366 0.222388
511 0.208491 0.214615
512 0.201114 0.205298
513 0.194144 0.19484
514 0.187289 0.183835
515 0.180159 0.172949
516 0.172389 0.162761
517 0.163742 0.153632
518 0.154173 0.145616
519 0.143855 0.138464
520 0.133148 0.131709
521 0.122538 0.124813
522 0.112532 0.117334
523 0.103552 0.109067
524 0.0958368 0.100103
525 0.0893807 0.0908066
526 0.0839313 0.0817093
527 0.0790501 0.0733599
528 0.0742265 0.0661765
529 0.069018 0.0603436
530 0.063176 0.0557783
531 0.0567231 0.0521697
532 0.0499533 0.0490715
533 0.0433536 0.0460203
534 0.0374666 0.0426468
535 0.0327322 0.0387559
536 0.0293557 0.0343609
537 0.0272435 0.0296707
538 0.026026 0.0250333
539 0.0251625 0.0208504
540 0.0240969 0.0174785
541 0.0224145 0.0151373
542 0.019954 0.0138475
543 0.0168397 0.013413
544 0.0134295 0.013459
545 0.0101973 0.0135198
546 0.00759083 0.0131567
547 0.00590654 0.0120775
548 0.00521703 0.010221
549 0.00536445 0.00778102
550 0.00601481 0.00515761
551 0.00675173 0.00284532
552 0.00718201 0.00128822
553 0.00702702 0.000744098
554 0.00618155 0.00120007
555 0.0047308 0.00236815
556 0.00292466 0.00376557
557 0.00111583 0.00485738
558 -0.000326082 0.00521741
559 -0.00110709 0.00465635
560 -0.00108747 0.0032754
561 -0.000326152 0.00142859
562 0.000924175 -0.000392766
563 0.002275 -0.00171417
564 0.00330228 -0.00222016
565 0.00366426 -0.00184053
566 0.0032035 -0.000757738
567 0.00200126 0.000660807
568 0.000363635 0.00197882
569 -0.00126093 0.00281719
570 -0.00241193 0.00295338
571 -0.0027569 0.00236971
572 -0.00219776 0.00124329
573 -0.000907783 -0.000113548
574 0.000715547 -0.00134221
575 0.00217026 -0.00213168
576 0.0030056 -0.0022945
577 0.00296386 -0.00180873
578 0.00206165 -0.00081842
579 0.000582848 0.000405581
580 -0.00101437 0.00153427
581 -0.00224533 0.00226299
582 -0.00275169 0.00238917
583 -0.0024089 0.00186708
584 -0.00135521 0.000825384
585 6.34012e-05 -0.000459651
586 0.00140959 -0.0016324
587 0.00229144 -0.00235345
588 0.00247577 -0.00239843
589 0.00194562 -0.00173156
590 0.000889938 -0.000528455
591 -0.000364919 0.000864309
592 -0.00145679 0.0020267
593 -0.00209066 0.00259326
594 -0.00211476 0.00237211
595 -0.0015519 0.00141425
596 -0.000581913 6.61382e-06
597 0.000515574 -0.00141326
598 0.00143995 -0.00239576
599 0.00194827 -0.00262588
600 0.00191465 -0.00202836
601 0.00135777 -0.000794607
602 0.000432541 0.000678849
603 -0.000610501 0.00192028
604 -0.00148817 0.00253723
605 -0.00195654 0.00234354
606 -0.00187602 0.00141669
607 -0.0012539 6.75576e-05
608 -0.000251058 -0.00126558
609 0.000853347 -0.00216186
610 0.00173501 -0.00235273
611 0.00211863 -0.00180309
612 0.00186625 -0.000713787
613 0.00103029 0.000552068
614 -0.000150239 0.00159207
615 -0.00131509 0.00209421
616 -0.00209305 0.00193084
617 -0.002223 0.00118817
618 -0.00164501 0.00012582
619 -0.000528524 -0.000915592
620 0.000775496 -0.00162513
621 0.00184544 -0.00181358
622 0.00232758 -0.00145981
623 0.00205594 -0.000702227
624 0.00111185 0.0002156
625 -0.000198815 0.00102336
626 -0.00144501 0.00150106
627 -0.00221416 0.00153405
628 -0.00225145 0.00113496
629 -0.00154689 0.000431412
630 -0.000339259 -0.000373464
631 0.000965038 -0.00105633
632 0.0019306 -0.00143144
633 0.00224106 -0.00139794
634 0.00180512 -0.000966021
635 0.000784009 -0.00025525
636 -0.000468175 0.000535573
637 -0.00152905 0.00118066
638 -0.00205278 0.00148918
639 -0.00188445 0.00136081
640 -0.00110552 0.000819177
641 2.90221e-06 1.19685e-05
642 0.00106271 -0.000825314
643 0.00172942 -0.00143495
644 0.00180479 -0.00161524
645 0.00129451 -0.00128843
646 0.000394788 -0.00053517
647 -0.000583093 0.000420001
648 -0.00132116 0.0012727
649 -0.00159808 0.00173569
650 -0.00135407 0.00163777
651 -0.000698949 0.000989693
652 0.000134819 -9.54723e-06
653 0.000874742 -0.00103235
654 0.00129725 -0.00173082
655 0.00129394 -0.00185728
656 0.00089592 -0.00135413
657 0.000252475 -0.000379891
658 -0.000424957 0.000740076
659 -0.000932205 0.00162276
660 -0.0011323 0.00195969
661 -0.000988879 0.00162614
662 -0.000566611 0.00072842
663 -3.29959e-06 -0.000428845
664 0.000534486 -0.0014459
665 0.000898072 -0.00196677
666 0.000993849 -0.00180554
667 0.00080379 -0.00101453
668 0.000386799 0.00013127
669 -0.000137973 0.00122982
670 -0.000622034 0.00189438
671 -0.000926369 0.00189166
672 -0.000959609 0.00122544
673 -0.0007057 0.000134889
674 -0.000232347 -0.000991763
675 0.000324304 -0.00175674
676 0.000796631 -0.00189453
677 0.00103487 -0.00136489
678 0.000954601 -0.000364257
679 0.000567259 0.000747278
680 -1.7326e-05 0.00157605
681 -0.000619632 0.00183483
682 -0.00104389 0.00144283
683 -0.00114119 0.000550918
684 -0.00086239 -0.000515778
685 -0.000281914 -0.00137639
686 0.000418643 -0.00173076
687 0.00100557 -0.00146485
688 0.00127101 -0.000687809
689 0.00110794 0.000311701
690 0.000554383 0.00117277
691 -0.000211764 0.00159323
692 -0.000929202 0.0014364
693 -0.00134312 0.000775513
694 -0.0012971 -0.000138591
695 -0.000793158 -0.000972756
696 3.4748e-06 -0.00143328
697 0.000818396 -0.0013695
698 0.00136299 -0.000822621
699 0.00143715 -4.27536e-06
700 0.00100313 0.000784956
701 0.000203433 0.00126576
702 -0.000685209 0.00127877
703 -0.00134718 0.000837027
704 -0.00154021 0.000115097
705 -0.00118474 -0.000619014
706 -0.000397267 -0.001103
707 0.000546569 -0.00117393
708 0.00130823 -0.000822947
709 0.00160848 -0.000192758
710 0.00133099 0.000479424
711 0.000568313 0.000950871
712 -0.000408476 0.00106098
713 -0.00124664 0.000785806
714 -0.00164014 0.000241087
715 -0.00144222 -0.000365412
716 -0.000720262 -0.000812747
717 0.000267261 -0.000947045
718 0.00116377 -0.000734068
719 0.00164351 -0.000266326
720 0.00152987 0.000275836
721 0.000860365 0.000693137
722 -0.00012545 0.000840149
723 -0.00107122 0.0006756
724 -0.00163227 0.00027298
725 -0.00160132 -0.000210822
726 -0.000985666 -0.000595887
727 -6.80384e-06 -0.000745706
728 0.000978794 -0.000615319
729 0.0016097 -0.000264263
730 0.00165283 0.000169195
731 0.00109036 0.00052179
732 0.00012733 0.000666296
733 -0.000883407 0.000557182
734 -0.0015711 0.000244578
735 -0.00168359 -0.000147568
736 -0.00117984 -0.000469929
737 -0.000244482 -0.000604122
738 0.000780182 -0.000505829
739 0.00151955 -0.000219163
740 0.00170333 0.000142251
741 0.00126401 0.000439607
742 0.000361524 0.00056158
743 -0.000674581 0.000465585
744 -0.00146499 0.000192496
745 -0.0017192 -0.000150205
746 -0.00134252 -0.000430057
747 -0.000471883 -0.000540155
748 0.000573408 -0.000439524
749 0.00140876 -0.00016824
750 0.00172626 0.00016824
751 0.00140876 0.000439524
752 0.000573408 0.000540155
753 -0.000471883 0.000430057
754 -0.00134252 0.000150205
755 -0.0017192 -0.000192496
756 -0.00146499 -0.000465585
757 -0.000674581 -0.00056158
758 0.000361524 -0.000439607
759 0.00126401 -0.000142251
760 0.00170333 0.000219163
761 0.00151955 0.000505829
762 0.000780182 0.000604122
763 -0.000244482 0.000469929
764 -0.00117984 0.000147568
765 -0.00168359 -0.000244578
766 -0.0015711 -0.000557182
767 -0.000883407 -0.000666296
768 0.00012733 -0.00052179
769 0.00109036 -0.000169195
770 0.00165283 0.000264263
771 0.0016097 0.000615319
772 0.000978794 0.000745706
773 -6.80384e-06 0.000595887
774 -0.000985666 0.000210822
775 -0.00160132 -0.00027298
776 -0.00163227 -0.0006756
777 -0.00107122 -0.000840149
778 -0.00012545 -0.000693137
779 0.000860365 -0.000275836
780 0.00152987 0.000266326
781 0.00164351 0.000734068
782 0.00116377 0.000947045
783 0.000267261 0.000812747
784 -0.000720262 0.000365412
785 -0.00144222 -0.000241087
786 -0.00164014 -0.000785806
787 -0.00124664 -0.00106098
788 -0.000408476 -0.000950871
789 0.000568313 -0.000479424
790 0.00133099 0.000192758
791 0.00160848 0.000822947
792 0.00130823 0.00117393
793 0.000546569 0.001103
794 -0.000397267 0.000619014
795 -0.00118474 -0.000115097
796 -0.00154021 -0.000837027
797 -0.00134718 -0.00127877
798 -0.000685209 -0.00126576
799 0.000203433 -0.000784956
800 0.00100313 4.27536e-06
801 0.00143715 0.000822621
802 0.00136299 0.0013695
803 0.000818396 0.00143328
804 3.4748e-06 0.000972756
805 -0.000793158 0.000138591
806 -0.0012971 -0.000775513
807 -0.00134312 -0.0014364
808 -0.000929202 -0.00159323
809 -0.000211764 -0.00117277
810 0.000554383 -0.000311701
811 0.00110794 0.000687809
812 0.00127101 0.00146485
813 0.00100557 0.00173076
814 0.000418643 0.00137639
815 -0.000281914 0.000515778
816 -0.00086239 -0.000550918
817 -0.00114119 -0.00144283
818 -0.00104389 -0.00183483
819 -0.000619632 -0.00157605
820 -1.7326e-05 -0.000747278
821 0.000567259 0.000364257
822 0.000954601 0.00136489
823 0.00103487 0.00189453
824 0.000796631 0.00175674
825 0.000324304 0.000991763
826 -0.000232347 -0.000134889
827 -0.0007057 -0.00122544
828 -0.000959609 -0.00189166
829 -0.000926369 -0.00189438
830 -0.000622034 -0.00122982
831 -0.000137973 -0.00013127
832 0.000386799 0.00101453
833 0.00080379 0.00180554
834 0.000993849 0.00196677
835 0.000898072 0.0014459
836 0.000534486 0.000428845
837 -3.29959e-06 -0.00072842
838 -0.000566611 -0.00162614
839 -0.000988879 -0.00195969
840 -0.0011323 -0.00162276
841 -0.000932205 -0.000740076
842 -0.000424957 0.000379891
843 0.000252475 0.00135413
844 0.00089592 0.00185728
845 0.00129394 0.00173082
846 0.00129725 0.00103235
847 0.000874742 9.54723e-06
848 0.000134819 -0.000989693
849 -0.000698949 -0.00163777
850 -0.00135407 -0.00173569
851 -0.00159808 -0.0012727
852 -0.00132116 -0.000420001
853 -0.000583093 0.00053517
854 0.000394788 0.00128843
855 0.00129451 0.00161524
856 0.00180479 0.00143495
857 0.00172942 0.000825314
858 0.00106271 -1.19685e-05
859 2.90221e-06 -0.000819177
860 -0.00110552 -0.00136081
861 -0.00188445 -0.00148918
862 -0.00205278 -0.00118066
863 -0.00152905 -0.000535573
864 -0.000468175 0.00025525
865 0.000784009 0.000966021
866 0.00180512 0.00139794
867 0.00224106 0.00143144
868 0.0019306 0.00105633
869 0.000965038 0.000373464
870 -0.000339259 -0.000431412
871 -0.00154689 -0.00113496
872 -0.00225145 -0.00153405
873 -0.00221416 -0.00150106
874 -0.00144501 -0.00102336
875 -0.000198815 -0.0002156
876 0.00111185 0.000702227
877 0.00205594 0.00145981
878 0.00232758 0.00181358
879 0.00184544 0.00162513
880 0.000775496 0.000915592
881 -0.000528524 -0.00012582
882 -0.00164501 -0.00118817
883 -0.002223 -0.00193084
884 -0.00209305 -0.00209421
885 -0.00131509 -0.00159207
886 -0.000150239 -0.000552068
887 0.00103029 0.000713787
888 0.00186625 0.00180309
889 0.00211863 0.00235273
890 0.00173501 0.00216186
891 0.000853347 0.00126558
892 -0.000251058 -6.75576e-05
893 -0.0012539 -0.00141669
894 -0.00187602 -0.00234354
895 -0.00195654 -0.00253723
896 -0.00148817 -0.00192028
897 -0.000610501 -0.000678849
898 0.000432541 0.000794607
899 0.00135777 0.00202836
900 0.00191465 0.00262588
901 0.00194827 0.00239576
902 0.00143995 0.00141326
903 0.000515574 -6.61382e-06
904 -0.000581913 -0.00141425
905 -0.0015519 -0.00237211
906 -0.00211476 -0.00259326
907 -0.00209066 -0.0020267
908 -0.00145679 -0.000864309
909 -0.000364919 0.000528455
910 0.000889938 0.00173156
911 0.00194562 0.00239843
912 0.00247577 0.00235345
913 0.00229144 0.0016324
914 0.00140959 0.000459651
915 6.34012e-05 -0.000825384
916 -0.00135521 -0.00186708
917 -0.0024089 -0.00238917
918 -0.00275169 -0.00226299
919 -0.00224533 -0.00153427
920 -0.00101437 -0.000405581
921 0.000582848 0.00081842
922 0.00206165 0.00180873
923 0.00296386 0.0022945
924 0.0030056 0.00213168
925 0.00217026 0.00134221
926 0.000715547 0.000113548
927 -0.000907783 -0.00124329
928 -0.00219776 -0.00236971
929 -0.0027569 -0.00295338
930 -0.00241193 -0.00281719
931 -0.00126093 -0.00197882
932 0.000363635 -0.000660807
933 0.00200126 0.000757738
934 0.0032035 0.00184053
935 0.00366426 0.00222016
936 0.00330228 0.00171417
937 0.002275 0.000392766
938 0.000924175 -0.00142859
939 -0.000326152 -0.0032754
940 -0.00108747 -0.00465635
941 -0.00110709 -0.00521741
942 -0.000326082 -0.00485738
943 0.00111583 -0.00376557
944 0.00292466 -0.00236815
945 0.0047308 -0.00120007
946 0.00618155 -0.000744098
947 0.00702702 -0.00128822
948 0.00718201 -0.00284532
949 0.00675173 -0.00515761
950 0.00601481 -0.00778102
951 0.00536445 -0.010221
952 0.00521703 -0.0120775
953 0.00590654 -0.0131567
954 0.00759083 -0.0135198
955 0.0101973 -0.013459
956 0.0134295 -0.013413
957 0.0168397 -0.0138475
958 0.019954 -0.0151373
959 0.0224145 -0.0174785
960 0.0240969 -0.0208504
961 0.0251625 -0.0250333
962 0.026026 -0.0296707
963 0.0272435 -0.0343609
964 0.0293557 -0.0387559
965 0.0327322 -0.0426468
966 0.0374666 -0.0460203
967 0.0433536 -0.0490715
968 0.0499533 -0.0521697
969 0.0567231 -0.0557783
970 0.063176 -0.0603436
971 0.069018 -0.0661765
972 0.0742265 -0.0733599
973 0.0790501 -0.0817093
974 0.0839313 -0.0908066
975 0.0893807 -0.100103
976 0.0958368 -0.109067
977 0.103552 -0.117334
978 0.112532 -0.124813
979 0.122538 -0.131709
980 0.133148 -0.138464
981 0.143855 -0.145616
982 0.154173 -0.153632
983 0.163742 -0.162761
984 0.172389 -0.172949
985 0.180159 -0.183835
986 0.187289 -0.19484
987 0.194144 -0.205298
988 0.201114 -0.214615
989 0.208491 -0.222388
990 0.216366 -0.228476
991 0.22456 -0.232999
992 0.232623 -0.236266
993 0.239912 -0.238666
994 0.245719 -0.240547
995 0.249437 -0.242103
996 0.250701 -0.243309
997 0.249462 -0.243906
998 0.245979 -0.243439
999 0.240729 -0.241338
