0 -0.00300808 0.00184522
1 -0.00137619 -0.000101417
2 0.000609299 -0.00196642
3 0.00236148 -0.00320806
4 0.00337482 -0.0034769
5 0.00337143 -0.00271579
6 0.0023778 -0.00117291
7 0.000710911 0.000676185
8 -0.00112062 0.00227377
9 -0.00256999 0.00314857
10 -0.00321475 0.00305613
11 -0.00288053 0.00204842
12 -0.00168968 0.000452342
13 -2.04872e-05 -0.001235
14 0.00161073 -0.00250048
15 0.00270868 -0.00297085
16 0.00295047 -0.00252302
17 0.00228237 -0.00131634
18 0.000931965 0.000261379
19 -0.000667437 0.00171645
20 -0.00201528 0.00260255
21 -0.0027007 0.00265775
22 -0.00252828 0.00188328
23 -0.00157398 0.000539762
24 -0.000155433 -0.000937993
25 0.00127225 -0.00208072
26 0.00226127 -0.00253432
27 0.00251104 -0.00217116
28 0.00195989 -0.0011271
29 0.000800727 0.000247022
30 -0.000583768 0.00150271
31 -0.00174565 0.00224031
32 -0.00231631 0.0022366
33 -0.00212452 0.00151253
34 -0.0012496 0.000320654
35 7.97384e-06 -0.000941538
36 0.00122847 -0.00186305
37 0.00201322 -0.00215245
38 0.0021158 -0.00173013
39 0.00152039 -0.000750674
40 0.000441846 0.000451203
41 -0.00075087 0.0014732
42 -0.00166054 0.00197954
43 -0.00199373 0.00181222
44 -0.00165524 0.00104197
45 -0.00077494 -5.84699e-05
46 0.000340186 -0.00110967
47 0.00131152 -0.00175653
48 0.00181623 -0.00178934
49 0.00169446 -0.00121287
50 0.0010009 -0.000240115
51 -1.64109e-05 0.000785758
52 -0.0010028 0.00151242
53 -0.00161999 0.00169948
54 -0.00166282 0.00129788
55 -0.0011291 0.000461704
56 -0.000217645 -0.00050979
57 0.000744549 -0.0012781
58 0.00141974 -0.0015825
59 0.0015789 -0.00132823
60 0.00118023 -0.000616401
61 0.00037945 0.000294033
62 -0.000530344 0.00107872
63 -0.00122584 0.00146277
64 -0.00146827 0.00131769
65 -0.00118507 0.00070588
66 -0.000490863 -0.000143662
67 0.000357734 -0.000919916
68 0.00105577 -0.00134396
69 0.00135851 -0.00127037
70 0.0011669 -0.000738301
71 0.00056034 4.64604e-05
72 -0.000234053 0.000790827
73 -0.000924841 0.00122431
74 -0.00126247 0.00119781
75 -0.00113003 0.000734881
76 -0.000585218 1.79391e-05
77 0.000162522 -0.000683239
78 0.00083149 -0.00111261
79 0.00117416 -0.00112077
80 0.00107 -0.000716383
81 0.000568989 -5.89511e-05
82 -0.000130443 0.000602847
83 -0.000759924 0.00102396
84 -0.00108469 0.001053
85 -0.000991728 0.000686931
86 -0.000529022 7.05813e-05
87 0.000117589 -0.000558896
88 0.000698935 -0.000962307
89 0.000998322 -0.000989558
90 0.000911801 -0.000636793
91 0.000483541 -4.6963e-05
92 -0.000115119 0.000546941
93 -0.000653282 0.000913973
94 -0.000928461 0.000916063
95 -0.000842069 0.000561167
96 -0.000434791 -2.4725e-06
97 0.000130775 -0.000548033
98 0.000633512 -0.000861955
99 0.00087933 -0.000828222
100 0.000776317 -0.000471347
101 0.000370307 5.78877e-05
102 -0.000173662 0.000546178
103 -0.00063738 0.000803708
104 -0.000837123 0.000737589
105 -0.000697566 0.000384567
106 -0.000281497 -0.000107895
107 0.000237205 -0.000542645
108 0.000646188 -0.000750905
109 0.000782372 -0.000656959
110 0.000597962 -0.000305295
111 0.000177379 0.00015922
112 -0.000300998 0.00054973
113 -0.000640903 0.000711544
114 -0.000709179 0.000583263
115 -0.00048793 0.000220872
116 -7.74272e-05 -0.000225146
117 0.000349256 -0.000571151
118 0.000619158 -0.000675797
119 0.000629095 -0.000498669
120 0.000384292 -0.000117234
121 -7.86852e-06 0.00030584
122 -0.00038442 0.000591837
123 -0.000593667 0.000622252
124 -0.000555402 0.000389104
125 -0.000291193 -2.80765e-06
126 8.63377e-05 -0.000382691
127 0.000420338 -0.000588736
128 0.000573858 -0.000537928
129 0.000485714 -0.000259992
130 0.000195523 0.000118714
131 -0.000172737 0.000432913
132 -0.000462564 0.00055105
133 -0.000551167 0.000430548
134 -0.000402219 0.000132357
135 -8.20206e-05 -0.000209614
136 0.000268871 -0.000448766
137 0.000497041 -0.000488456
138 0.00050394 -0.000320357
139 0.000289616 -2.37804e-05
140 -4.7668e-05 0.000271504
141 -0.000356129 0.000441517
142 -0.000499272 0.000419295
143 -0.000417228 0.000220464
144 -0.00015247 -6.60269e-05
145 0.000171545 -0.00031691
146 0.000408258 -0.00042666
147 0.000454956 -0.000351234
148 0.000297783 -0.000125803
149 1.47958e-05 0.000150688
150 -0.000262815 0.000357872
151 -0.00041192 0.000405741
152 -0.000372218 0.000273983
153 -0.000170103 2.15407e-05
154 9.74655e-05 -0.000238639
155 0.00030957 -0.000389528
156 0.000375867 -0.000362903
157 0.000274479 -0.000171128
158 5.77491e-05 9.75027e-05
159 -0.000174526 0.000318816
160 -0.000320707 0.000390354
161 -0.000321085 0.000279651
162 -0.000181401 3.99437e-05
163 3.2542e-05 -0.000214835
164 0.000225367 -0.000364328
165 0.000313825 -0.000339312
166 0.000261992 -0.000154583
167 9.55615e-05 9.89345e-05
168 -0.000110247 0.000298954
169 -0.000263796 0.00035135
170 -0.000297119 0.000235108
171 -0.000195898 1.08493e-05
172 -6.19451e-06 -0.000210616
173 0.000185589 -0.000323398
174 0.00029136 -0.000277636
175 0.000261737 -0.000101629
176 0.000109708 0.000114871
177 -9.41275e-05 0.000266594
178 -0.000253658 0.000284235
179 -0.000292508 0.000166115
180 -0.000191155 -2.44549e-05
181 2.42753e-06 -0.000193033
182 0.000194826 -0.000260987
183 0.000292159 -0.000202069
184 0.000246357 -5.16753e-05
185 7.96652e-05 0.000113872
186 -0.000125551 0.000216047
187 -0.000267355 0.000211174
188 -0.00027525 0.000108438
189 -0.000145876 -3.81537e-05
190 5.50309e-05 -0.000158015
191 0.000225848 -0.000197703
192 0.000280729 -0.000144155
193 0.000193284 -2.77053e-05
194 9.74717e-06 9.47542e-05
195 -0.000175209 0.000167255
196 -0.000267453 0.000159765
197 -0.000221718 7.99072e-05
198 -6.42127e-05 -3.26909e-05
199 0.00012199 -0.000125723
200 0.000240799 -0.000157948
201 0.000232987 -0.000116932
202 0.000106035 -2.34853e-05
203 -7.12787e-05 7.85453e-05
204 -0.000206052 0.000142315
205 -0.000230112 0.000139027
206 -0.000134736 7.08076e-05
207 2.65719e-05 -3.02686e-05
208 0.000167877 -0.000116745
209 0.000216662 -0.000147645
210 0.000151204 -0.000107815
211 1.01226e-05 -1.56494e-05
212 -0.000130022 8.49081e-05
213 -0.000196239 0.000144927
214 -0.000157213 0.000134235
215 -3.80527e-05 5.68435e-05
216 9.52212e-05 -4.99755e-05
217 0.000172123 -0.000133282
218 0.000155001 -0.000150633
219 5.74356e-05 -9.19209e-05
220 -6.52345e-05 1.44749e-05
221 -0.000147073 0.000115073
222 -0.000146946 0.000158092
223 -6.91627e-05 0.000120272
224 4.09735e-05 1.97285e-05
225 0.000123241 -9.24174e-05
226 0.000135324 -0.000157938
227 7.45408e-05 -0.000141862
228 -2.26597e-05 -5.13752e-05
229 -0.000102167 6.70767e-05
230 -0.000122169 0.000151535
231 -7.50862e-05 0.000157027
232 9.99054e-06 7.97064e-05
233 8.48325e-05 -4.04291e-05
234 0.000109192 -0.000140141
235 7.23684e-05 -0.000166297
236 -2.29359e-06 -0.000104336
237 -7.1738e-05 1.3492e-05
238 -9.77585e-05 0.000124831
239 -6.79048e-05 0.000170259
240 -1.35194e-06 0.000125121
241 6.29822e-05 1.30205e-05
242 8.88923e-05 -0.000106459
243 6.31e-05 -0.000169454
244 2.02163e-06 -0.000142048
245 -5.83394e-05 -3.86171e-05
246 -8.32993e-05 8.5671e-05
247 -5.92093e-05 0.000164313
248 -8.77027e-07 0.000155127
249 5.73196e-05 6.29388e-05
250 8.13903e-05 -6.29388e-05
251 5.73196e-05 -0.000155127
252 -8.77027e-07 -0.000164313
253 -5.92093e-05 -8.5671e-05
254 -8.32993e-05 3.86171e-05
255 -5.83394e-05 0.000142048
256 2.02163e-06 0.000169454
257 6.31e-05 0.000106459
258 8.88923e-05 -1.30205e-05
259 6.29822e-05 -0.000125121
260 -1.35194e-06 -0.000170259
261 -6.79048e-05 -0.000124831
262 -9.77585e-05 -1.3492e-05
263 -7.1738e-05 0.000104336
264 -2.29359e-06 0.000166297
265 7.23684e-05 0.000140141
266 0.000109192 4.04291e-05
267 8.48325e-05 -7.97064e-05
268 9.99054e-06 -0.000157027
269 -7.50862e-05 -0.000151535
270 -0.000122169 -6.70767e-05
271 -0.000102167 5.13752e-05
272 -2.26597e-05 0.000141862
273 7.45408e-05 0.000157938
274 0.000135324 9.24174e-05
275 0.000123241 -1.97285e-05
276 4.09735e-05 -0.000120272
277 -6.91627e-05 -0.000158092
278 -0.000146946 -0.000115073
279 -0.000147073 -1.44749e-05
280 -6.52345e-05 9.19209e-05
281 5.74356e-05 0.000150633
282 0.000155001 0.000133282
283 0.000172123 4.99755e-05
284 9.52212e-05 -5.68435e-05
285 -3.80527e-05 -0.000134235
286 -0.000157213 -0.000144927
287 -0.000196239 -8.49081e-05
288 -0.000130022 1.56494e-05
289 1.01226e-05 0.000107815
290 0.000151204 0.000147645
291 0.000216662 0.000116745
292 0.000167877 3.02686e-05
293 2.65719e-05 -7.08076e-05
294 -0.000134736 -0.000139027
295 -0.000230112 -0.000142315
296 -0.000206052 -7.85453e-05
297 -7.12787e-05 2.34853e-05
298 0.000106035 0.000116932
299 0.000232987 0.000157948
300 0.000240799 0.000125723
301 0.00012199 3.26909e-05
302 -6.42127e-05 -7.99072e-05
303 -0.000221718 -0.000159765
304 -0.000267453 -0.000167255
305 -0.000175209 -9.47542e-05
306 9.74717e-06 2.77053e-05
307 0.000193284 0.000144155
308 0.000280729 0.000197703
309 0.000225848 0.000158015
310 5.50309e-05 3.81537e-05
311 -0.000145876 -0.000108438
312 -0.00027525 -0.000211174
313 -0.000267355 -0.000216047
314 -0.000125551 -0.000113872
315 7.96652e-05 5.16753e-05
316 0.000246357 0.000202069
317 0.000292159 0.000260987
318 0.000194826 0.000193033
319 2.42753e-06 2.44549e-05
320 -0.000191155 -0.000166115
321 -0.000292508 -0.000284235
322 -0.000253658 -0.000266594
323 -9.41275e-05 -0.000114871
324 0.000109708 0.000101629
325 0.000261737 0.000277636
326 0.00029136 0.000323398
327 0.000185589 0.000210616
328 -6.19451e-06 -1.08493e-05
329 -0.000195898 -0.000235108
330 -0.000297119 -0.00035135
331 -0.000263796 -0.000298954
332 -0.000110247 -9.89345e-05
333 9.55615e-05 0.000154583
334 0.000261992 0.000339312
335 0.000313825 0.000364328
336 0.000225367 0.000214835
337 3.2542e-05 -3.99437e-05
338 -0.000181401 -0.000279651
339 -0.000321085 -0.000390354
340 -0.000320707 -0.000318816
341 -0.000174526 -9.75027e-05
342 5.77491e-05 0.000171128
343 0.000274479 0.000362903
344 0.000375867 0.000389528
345 0.00030957 0.000238639
346 9.74655e-05 -2.15407e-05
347 -0.000170103 -0.000273983
348 -0.000372218 -0.000405741
349 -0.00041192 -0.000357872
350 -0.000262815 -0.000150688
351 1.47958e-05 0.000125803
352 0.000297783 0.000351234
353 0.000454956 0.00042666
354 0.000408258 0.00031691
355 0.000171545 6.60269e-05
356 -0.00015247 -0.000220464
357 -0.000417228 -0.000419295
358 -0.000499272 -0.000441517
359 -0.000356129 -0.000271504
360 -4.7668e-05 2.37804e-05
361 0.000289616 0.000320357
362 0.00050394 0.000488456
363 0.000497041 0.000448766
364 0.000268871 0.000209614
365 -8.20206e-05 -0.000132357
366 -0.000402219 -0.000430548
367 -0.000551167 -0.00055105
368 -0.000462564 -0.000432913
369 -0.000172737 -0.000118714
370 0.000195523 0.000259992
371 0.000485714 0.000537928
372 0.000573858 0.000588736
373 0.000420338 0.000382691
374 8.63377e-05 2.80765e-06
375 -0.000291193 -0.000389104
376 -0.000555402 -0.000622252
377 -0.000593667 -0.000591837
378 -0.00038442 -0.00030584
379 -7.86852e-06 0.000117234
380 0.000384292 0.000498669
381 0.000629095 0.000675797
382 0.000619158 0.000571151
383 0.000349256 0.000225146
384 -7.74272e-05 -0.000220872
385 -0.00048793 -0.000583263
386 -0.000709179 -0.000711544
387 -0.000640903 -0.00054973
388 -0.000300998 -0.00015922
389 0.000177379 0.000305295
390 0.000597962 0.000656959
391 0.000782372 0.000750905
392 0.000646188 0.000542645
393 0.000237205 0.000107895
394 -0.000281497 -0.000384567
395 -0.000697566 -0.000737589
396 -0.000837123 -0.000803708
397 -0.00063738 -0.000546178
398 -0.000173662 -5.78877e-05
399 0.000370307 0.000471347
400 0.000776317 0.000828222
401 0.00087933 0.000861955
402 0.000633512 0.000548033
403 0.000130775 2.4725e-06
404 -0.000434791 -0.000561167
405 -0.000842069 -0.000916063
406 -0.000928461 -0.000913973
407 -0.000653282 -0.000546941
408 -0.000115119 4.6963e-05
409 0.000483541 0.000636793
410 0.000911801 0.000989558
411 0.000998322 0.000962307
412 0.000698935 0.000558896
413 0.000117589 -7.05813e-05
414 -0.000529022 -0.000686931
415 -0.000991728 -0.001053
416 -0.00108469 -0.00102396
417 -0.000759924 -0.000602847
418 -0.000130443 5.89511e-05
419 0.000568989 0.000716383
420 0.00107 0.00112077
421 0.00117416 0.00111261
422 0.00083149 0.000683239
423 0.000162522 -1.79391e-05
424 -0.000585218 -0.000734881
425 -0.00113003 -0.00119781
426 -0.00126247 -0.00122431
427 -0.000924841 -0.000790827
428 -0.000234053 -4.64604e-05
429 0.00056034 0.000738301
430 0.0011669 0.00127037
431 0.00135851 0.00134396
432 0.00105577 0.000919916
433 0.000357734 0.000143662
434 -0.000490863 -0.00070588
435 -0.00118507 -0.00131769
436 -0.00146827 -0.00146277
437 -0.00122584 -0.00107872
438 -0.000530344 -0.000294033
439 0.00037945 0.000616401
440 0.00118023 0.00132823
441 0.0015789 0.0015825
442 0.00141974 0.0012781
443 0.000744549 0.00050979
444 -0.000217645 -0.000461704
445 -0.0011291 -0.00129788
446 -0.00166282 -0.00169948
447 -0.00161999 -0.00151242
448 -0.0010028 -0.000785758
449 -1.64109e-05 0.000240115
450 0.0010009 0.00121287
451 0.00169446 0.00178934
452 0.00181623 0.00175653
453 0.00131152 0.00110967
454 0.000340186 5.84699e-05
455 -0.00077494 -0.00104197
456 -0.00165524 -0.00181222
457 -0.00199373 -0.00197954
458 -0.00166054 -0.0014732
459 -0.00075087 -0.000451203
460 0.000441846 0.000750674
461 0.00152039 0.00173013
462 0.0021158 0.00215245
463 0.00201322 0.00186305
464 0.00122847 0.000941538
465 7.97384e-06 -0.000320654
466 -0.0012496 -0.00151253
467 -0.00212452 -0.0022366
468 -0.00231631 -0.00224031
469 -0.00174565 -0.00150271
470 -0.000583768 -0.000247022
471 0.000800727 0.0011271
472 0.00195989 0.00217116
473 0.00251104 0.00253432
474 0.00226127 0.00208072
475 0.00127225 0.000937993
476 -0.000155433 -0.000539762
477 -0.00157398 -0.00188328
478 -0.00252828 -0.00265775
479 -0.0027007 -0.00260255
480 -0.00201528 -0.00171645
481 -0.000667437 -0.000261379
482 0.000931965 0.00131634
483 0.00228237 0.00252302
484 0.00295047 0.00297085
485 0.00270868 0.00250048
486 0.00161073 0.001235
487 -2.04872e-05 -0.000452342
488 -0.00168968 -0.00204842
489 -0.00288053 -0.00305613
490 -0.00321475 -0.00314857
491 -0.00256999 -0.00227377
492 -0.00112062 -0.000676185
493 0.000710911 0.00117291
494 0.0023778 0.00271579
495 0.00337143 0.0034769
496 0.00337482 0.00320806
497 0.00236148 0.00196642
498 0.000609299 0.000101417
499 -0.00137619 -0.00184522
500 -0.00300808 -0.00329706
501 -0.00379157 -0.00381235
502 -0.00347299 -0.00321592
503 -0.00211956 -0.00165526
504 -0.000104903 0.000436375
505 0.00199602 0.00246076
506 0.00357214 0.00382565
507 0.00415339 0.00411731
508 0.00354854 0.00322418
509 0.00190393 0.00137494
510 -0.00033344 -0.000921545
511 -0.00253849 -0.0030179
512 -0.00408237 -0.00431134
513 -0.00451019 -0.00441577
514 -0.00367269 -0.00327402
515 -0.00177416 -0.00117834
516 0.000678071 0.00130634
517 0.00301024 0.00349562
518 0.00456775 0.00477335
519 0.00489825 0.00476285
520 0.00388071 0.00343494
521 0.00176411 0.00112231
522 -0.000895811 -0.00156485
523 -0.0033843 -0.00390065
524 -0.00501987 -0.00523959
525 -0.00533913 -0.00519374
526 -0.00422457 -0.00374226
527 -0.00194128 -0.00124271
528 0.000927552 0.00165946
529 0.0036305 0.00419924
530 0.00544431 0.0056936
531 0.00586602 0.00572285
532 0.00474986 0.00424458
533 0.00235198 0.00161029
534 -0.000730018 -0.00151989
535 -0.00370798 -0.00434339
536 -0.00580564 -0.00612045
537 -0.00645986 -0.00636613
538 -0.00546861 -0.00497966
539 -0.00304748 -0.00227692
540 0.000219507 0.00108352
541 0.00352269 0.00426287
542 0.0060275 0.0064522
543 0.00708364 0.00707689
544 0.00639085 0.00594393
545 0.00407973 0.00329505
546 0.000686441 -0.000247341
547 -0.00297351 -0.00382839
548 -0.00600251 -0.00656724
549 -0.00764077 -0.00777201
550 -0.00745462 -0.00711135
551 -0.00544689 -0.00470088
552 -0.00206198 -0.00108245
553 0.00191551 0.00289982
554 0.00554442 0.00629792
555 0.00794933 0.00828554
556 0.00852914 0.0083568
557 0.00710303 0.00645038
558 0.00395945 0.00296974
559 -0.000204279 -0.00130548
560 -0.00443857 -0.00539617
561 -0.00775894 -0.00834791
562 -0.00937406 -0.00945132
563 -0.0088714 -0.00840854
564 -0.00631723 -0.00540754
565 -0.00224768 -0.00108661
566 0.00244727 0.00360387
567 0.0067204 0.00761192
568 0.00960051 0.0100197
569 0.0104102 0.010251
570 0.00892052 0.00820421
571 0.00540783 0.00428066
572 0.000600202 -0.000697757
573 -0.00447598 -0.00566334
574 -0.0087164 -0.00953207
575 -0.0111784 -0.0114382
576 -0.0112875 -0.0109239
577 -0.00896642 -0.00804311
578 -0.00465701 -0.00335741
579 0.000767277 0.00217685
580 0.00618161 0.00740601
581 0.0104436 0.0112202
582 0.0126322 0.0127869
583 0.0122424 0.0117283
584 0.00929566 0.00820432
585 0.00434187 0.00288635
586 -0.00164617 -0.00317495
587 -0.00746674 -0.00875899
588 -0.0119311 -0.0127206
589 -0.0141047 -0.0142218
590 -0.0134981 -0.0129042
591 -0.0101702 -0.00896688
592 -0.00472212 -0.00313326
593 0.00181562 0.00348549
594 0.00818068 0.00960496
595 0.013123 0.0140171
596 0.0156476 0.0158256
597 0.0152107 0.0146226
598 0.0118291 0.0105718
599 0.00608411 0.0043833
600 -0.00098298 -0.0028148
601 -0.00806344 -0.00968467
602 -0.0138248 -0.0149276
603 -0.0171597 -0.0175269
604 -0.0173941 -0.0169407
605 -0.0144159 -0.0132061
606 -0.00870075 -0.00693939
607 -0.00123186 0.000771853
608 0.00667308 0.0085609
609 0.0135961 0.0150255
610 0.0182725 0.0189784
611 0.019818 0.0196601
612 0.0178897 0.0168776
613 0.0127515 0.0110438
614 0.00523304 0.00311148
615 -0.00340956 -0.00558689
616 -0.0117068 -0.0135659
617 -0.0182259 -0.019441
618 -0.0218151 -0.0221649
619 -0.0218017 -0.0212085
620 -0.0181092 -0.016653
621 -0.0112761 -0.00918184
622 -0.00237122 2.7607e-05
623 0.00717809 0.00949394
624 0.015818 0.0176714
625 0.0221204 0.0232009
626 0.0250149 0.0251312
627 0.0239631 0.0230755
628 0.0190489 0.0172769
629 0.0109693 0.00857449
630 0.000929753 -0.00172457
631 -0.00954049 -0.0120458
632 -0.0188235 -0.0207896
633 -0.025462 -0.0265762
634 -0.0283834 -0.0284587
635 -0.0270657 -0.026069
636 -0.0216194 -0.0196776
637 -0.0127746 -0.0101572
638 -0.00177609 0.00114345
639 0.0097973 0.0125955
640 0.0202615 0.0225271
641 0.0280713 0.0294654
642 0.0320444 0.0323494
643 0.0315326 0.0306835
644 0.0265169 0.0246105
645 0.017613 0.0148952
646 0.00598816 0.00282034
647 -0.00679908 -0.00998868
648 -0.0190113 -0.0217858
649 -0.0289688 -0.030942
650 -0.0352766 -0.0361664
651 -0.0370135 -0.0366796
652 -0.0338565 -0.0323196
653 -0.0261254 -0.0235645
654 -0.0147436 -0.0114722
655 -0.0011187 0.00245446
656 0.0130373 0.0164605
657 0.0259262 0.0287613
658 0.0358909 0.0377687
659 0.0416234 0.0422905
660 0.0423281 0.0416786
661 0.0378209 0.0359095
662 0.0285526 0.0255878
663 0.0155551 0.0118735
664 0.000317699 -0.00365573
665 -0.0153898 -0.0191921
666 -0.029726 -0.0329098
667 -0.0409924 -0.0431777
668 -0.0478294 -0.0487478
669 -0.0493717 -0.0488972
670 -0.0453461 -0.0435096
671 -0.0361017 -0.0330869
672 -0.02257 -0.0186927
673 -0.00616191 -0.00183522
674 0.0113881 0.0156982
675 0.0282095 0.0320335
676 0.0424958 0.0454096
677 0.0526949 0.0543642
678 0.0576708 0.057885
679 0.0568192 0.0555122
680 0.0501277 0.0473828
681 0.0381748 0.0342139
682 0.0220689 0.0172282
683 0.00333626 -0.00196898
684 -0.0162313 -0.021549
685 -0.0347505 -0.039638
686 -0.0504277 -0.0544962
687 -0.0617268 -0.0646819
688 -0.0675114 -0.0691833
689 -0.0671461 -0.0675096
690 -0.0605501 -0.0597306
691 -0.0481999 -0.0464673
692 -0.0310807 -0.0288322
693 -0.0105945 -0.00832779
694 0.0115665 0.0132861
695 0.033569 0.034145
696 0.0535959 0.0524375
697 0.0699987 0.0665539
698 0.0814333 0.0752146
699 0.0869663 0.0775683
700 0.0861467 0.0732527
701 0.0790361 0.0624153
702 0.0661987 0.0456922
703 0.0486522 0.024151
704 0.0277856 -0.000799502
705 0.00525185 -0.0275221
706 -0.0171559 -0.0542771
707 -0.0376343 -0.0793524
708 -0.0544971 -0.101187
709 -0.0662884 -0.118479
710 -0.0718773 -0.130275
711 -0.0705255 -0.13603
712 -0.0619261 -0.135635
713 -0.0462128 -0.129417
714 -0.0239391 -0.118112
715 0.00396821 -0.102809
716 0.0362775 -0.0848689
717 0.0715368 -0.0658434
718 0.108167 -0.047369
719 0.144561 -0.0310692
720 0.179173 -0.018458
721 0.210607 -0.0108536
722 0.237686 -0.0093072
723 0.259506 -0.0145493
724 0.275471 -0.0269549
725 0.285309 -0.046529
726 0.289067 -0.0729121
727 0.28709 -0.105403
728 0.279981 -0.142998
729 0.268555 -0.184442
730 0.25378 -0.228289
731 0.236715 -0.272967
732 0.218445 -0.316844
733 0.200026 -0.358297
734 0.182423 -0.395771
735 0.166473 -0.427834
736 0.152842 -0.453227
737 0.142004 -0.470898
738 0.134231 -0.480034
739 0.129589 -0.480074
740 0.127951 -0.470724
741 0.129018 -0.451952
742 0.132348 -0.423981
743 0.137391 -0.38728
744 0.143528 -0.342536
745 0.150117 -0.290639
746 0.156526 -0.232648
747 0.162181 -0.169767
748 0.166595 -0.103312
749 0.169397 -0.0346811
750 0.170357 0.0346811
751 0.169397 0.103312
752 0.166595 0.169767
753 0.162181 0.232648
754 0.156526 0.290639
755 0.150117 0.342536
756 0.143528 0.38728
757 0.137391 0.423981
758 0.132348 0.451952
759 0.129018 0.470724
760 0.127951 0.480074
761 0.129589 0.480034
762 0.134231 0.470898
763 0.142004 0.453227
764 0.152842 0.427834
765 0.166473 0.395771
766 0.182423 0.358297
767 0.200026 0.316844
768 0.218445 0.272967
769 0.236715 0.228289
770 0.25378 0.184442
771 0.268555 0.142998
772 0.279981 0.105403
773 0.28709 0.0729121
774 0.289067 0.046529
775 0.285309 0.0269549
776 0.275471 0.0145493
777 0.259506 0.0093072
778 0.237686 0.0108536
779 0.210607 0.018458
780 0.179173 0.0310692
781 0.144561 0.047369
782 0.108167 0.0658434
783 0.0715368 0.0848689
784 0.0362775 0.102809
785 0.00396821 0.118112
786 -0.0239391 0.129417
787 -0.0462128 0.135635
788 -0.0619261 0.13603
789 -0.0705255 0.130275
790 -0.0718773 0.118479
791 -0.0662884 0.101187
792 -0.0544971 0.0793524
793 -0.0376343 0.0542771
794 -0.0171559 0.0275221
795 0.00525185 0.000799502
796 0.0277856 -0.024151
797 0.0486522 -0.0456922
798 0.0661987 -0.0624153
799 0.0790361 -0.0732527
800 0.0861467 -0.0775683
801 0.0869663 -0.0752146
802 0.0814333 -0.0665539
803 0.0699987 -0.0524375
804 0.0535959 -0.034145
805 0.033569 -0.0132861
806 0.0115665 0.00832779
807 -0.0105945 0.0288322
808 -0.0310807 0.0464673
809 -0.0481999 0.0597306
810 -0.0605501 0.0675096
811 -0.0671461 0.0691833
812 -0.0675114 0.0646819
813 -0.0617268 0.0544962
814 -0.0504277 0.039638
815 -0.0347505 0.021549
816 -0.0162313 0.00196898
817 0.00333626 -0.0172282
818 0.0220689 -0.0342139
819 0.0381748 -0.0473828
820 0.0501277 -0.0555122
821 0.0568192 -0.057885
822 0.0576708 -0.0543642
823 0.0526949 -0.0454096
824 0.0424958 -0.0320335
825 0.0282095 -0.0156982
826 0.0113881 0.00183522
827 -0.00616191 0.0186927
828 -0.02257 0.0330869
829 -0.0361017 0.0435096
830 -0.0453461 0.0488972
831 -0.0493717 0.0487478
832 -0.0478294 0.0431777
833 -0.0409924 0.0329098
834 -0.029726 0.0191921
835 -0.0153898 0.00365573
836 0.000317699 -0.0118735
837 0.0155551 -0.0255878
838 0.0285526 -0.0359095
839 0.0378209 -0.0416786
840 0.0423281 -0.0422905
841 0.0416234 -0.0377687
842 0.0358909 -0.0287613
843 0.0259262 -0.0164605
844 0.0130373 -0.00245446
845 -0.0011187 0.0114722
846 -0.0147436 0.0235645
847 -0.0261254 0.0323196
848 -0.0338565 0.0366796
849 -0.0370135 0.0361664
850 -0.0352766 0.030942
851 -0.0289688 0.0217858
852 -0.0190113 0.00998868
853 -0.00679908 -0.00282034
854 0.00598816 -0.0148952
855 0.017613 -0.0246105
856 0.0265169 -0.0306835
857 0.0315326 -0.0323494
858 0.0320444 -0.0294654
859 0.0280713 -0.0225271
860 0.0202615 -0.0125955
861 0.0097973 -0.00114345
862 -0.00177609 0.0101572
863 -0.0127746 0.0196776
864 -0.0216194 0.026069
865 -0.0270657 0.0284587
866 -0.0283834 0.0265762
867 -0.025462 0.0207896
868 -0.0188235 0.0120458
869 -0.00954049 0.00172457
870 0.000929753 -0.00857449
871 0.0109693 -0.0172769
872 0.0190489 -0.0230755
873 0.0239631 -0.0251312
874 0.0250149 -0.0232009
875 0.0221204 -0.0176714
876 0.015818 -0.00949394
877 0.00717809 -2.7607e-05
878 -0.00237122 0.00918184
879 -0.0112761 0.016653
880 -0.0181092 0.0212085
881 -0.0218017 0.0221649
882 -0.0218151 0.019441
883 -0.0182259 0.0135659
884 -0.0117068 0.00558689
885 -0.00340956 -0.00311148
886 0.00523304 -0.0110438
887 0.0127515 -0.0168776
888 0.0178897 -0.0196601
889 0.019818 -0.0189784
890 0.0182725 -0.0150255
891 0.0135961 -0.0085609
892 0.00667308 -0.000771853
893 -0.00123186 0.00693939
894 -0.00870075 0.0132061
895 -0.0144159 0.0169407
896 -0.0173941 0.0175269
897 -0.0171597 0.0149276
898 -0.0138248 0.00968467
899 -0.00806344 0.0028148
900 -0.00098298 -0.0043833
901 0.00608411 -0.0105718
902 0.0118291 -0.0146226
903 0.0152107 -0.0158256
904 0.0156476 -0.0140171
905 0.013123 -0.00960496
906 0.00818068 -0.00348549
907 0.00181562 0.00313326
908 -0.00472212 0.00896688
909 -0.0101702 0.0129042
910 -0.0134981 0.0142218
911 -0.0141047 0.0127206
912 -0.0119311 0.00875899
913 -0.00746674 0.00317495
914 -0.00164617 -0.00288635
915 0.00434187 -0.00820432
916 0.00929566 -0.0117283
917 0.0122424 -0.0127869
918 0.0126322 -0.0112202
919 0.0104436 -0.00740601
920 0.00618161 -0.00217685
921 0.000767277 0.00335741
922 -0.00465701 0.00804311
923 -0.00896642 0.0109239
924 -0.0112875 0.0114382
925 -0.0111784 0.00953207
926 -0.0087164 0.00566334
927 -0.00447598 0.000697757
928 0.000600202 -0.00428066
929 0.00540783 -0.00820421
930 0.00892052 -0.010251
931 0.0104102 -0.0100197
932 0.00960051 -0.00761192
933 0.0067204 -0.00360387
934 0.00244727 0.00108661
935 -0.00224768 0.00540754
936 -0.00631723 0.00840854
937 -0.0088714 0.00945132
938 -0.00937406 0.00834791
939 -0.00775894 0.00539617
940 -0.00443857 0.00130548
941 -0.000204279 -0.00296974
942 0.00395945 -0.00645038
943 0.00710303 -0.0083568
944 0.00852914 -0.00828554
945 0.00794933 -0.00629792
946 0.00554442 -0.00289982
947 0.00191551 0.00108245
948 -0.00206198 0.00470088
949 -0.00544689 0.00711135
950 -0.00745462 0.00777201
951 -0.00764077 0.00656724
952 -0.00600251 0.00382839
953 -0.00297351 0.000247341
954 0.000686441 -0.00329505
955 0.00407973 -0.00594393
956 0.00639085 -0.00707689
957 0.00708364 -0.0064522
958 0.0060275 -0.00426287
959 0.00352269 -0.00108352
960 0.000219507 0.00227692
961 -0.00304748 0.00497966
962 -0.00546861 0.00636613
963 -0.00645986 0.00612045
964 -0.00580564 0.00434339
965 -0.00370798 0.00151989
966 -0.000730018 -0.00161029
967 0.00235198 -0.00424458
968 0.00474986 -0.00572285
969 0.00586602 -0.0056936
970 0.00544431 -0.00419924
971 0.0036305 -0.00165946
972 0.000927552 0.00124271
973 -0.00194128 0.00374226
974 -0.00422457 0.00519374
975 -0.00533913 0.00523959
976 -0.00501987 0.00390065
977 -0.0033843 0.00156485
978 -0.000895811 -0.00112231
979 0.00176411 -0.00343494
980 0.00388071 -0.00476285
981 0.00489825 -0.00477335
982 0.00456775 -0.00349562
983 0.00301024 -0.00130634
984 0.000678071 0.00117834
985 -0.00177416 0.00327402
986 -0.00367269 0.00441577
987 -0.00451019 0.00431134
988 -0.00408237 0.0030179
989 -0.00253849 0.000921545
990 -0.00033344 -0.00137494
991 0.00190393 -0.00322418
992 0.00354854 -0.00411731
993 0.00415339 -0.00382565
994 0.00357214 -0.00246076
995 0.00199602 -0.000436375
996 -0.000104903 0.00165526
997 -0.00211956 0.00321592
998 -0.00347299 0.00381235
999 -0.00379157 0.00329706
