0 0.187501 0.185496
1 0.20149 0.201539
2 0.213001 0.215991
3 0.222471 0.228352
4 0.230386 0.238195
5 0.237135 0.245266
6 0.24291 0.249568
7 0.247675 0.251366
8 0.251196 0.251146
9 0.25314 0.249497
10 0.253183 0.246979
11 0.251122 0.243981
12 0.246947 0.240646
13 0.240873 0.23685
14 0.23331 0.232283
15 0.224793 0.226572
16 0.215874 0.219437
17 0.207016 0.21081
18 0.198501 0.20089
19 0.190377 0.190111
20 0.182476 0.179041
21 0.17448 0.168242
22 0.166037 0.158132
23 0.156889 0.148902
24 0.146972 0.140495
25 0.136466 0.132657
26 0.125767 0.125031
27 0.115387 0.117275
28 0.105821 0.109163
29 0.0974034 0.100648
30 0.0902185 0.0918775
31 0.0840814 0.0831576
32 0.0786023 0.0748748
33 0.0733135 0.0673986
34 0.0678166 0.0609854
35 0.0619034 0.0557085
36 0.0556127 0.051434
37 0.0492074 0.0478512
38 0.0430838 0.0445525
39 0.0376445 0.0411445
40 0.0331778 0.0373593
41 0.0297778 0.0331346
42 0.0273254 0.0286353
43 0.0255295 0.0242061
44 0.0240112 0.0202662
45 0.0224048 0.0171754
46 0.0204495 0.015114
47 0.0180497 0.0140167
48 0.0152921 0.0135846
49 0.0124167 0.0133732
50 0.00974887 0.0129302
51 0.00760798 0.011935
52 0.00621512 0.0102957
53 0.00562413 0.00816886
54 0.00569677 0.00589957
55 0.00613218 0.00390197
56 0.00654639 0.00252325
57 0.00658123 0.00193561
58 0.00601171 0.00208929
59 0.00481786 0.00273733
60 0.00319598 0.00351874
61 0.00150174 0.00406988
62 0.000139468 0.00412861
63 -0.000568776 0.00360143
64 -0.000491738 0.00257847
65 0.000262611 0.00129678
66 0.00137751 6.6337e-05
67 0.00242874 -0.000819062
68 0.00302338 -0.00116237
69 0.00292872 -0.000915417
70 0.00214654 -0.000190625
71 0.000907539 0.00077001
72 -0.000410823 0.00166079
73 -0.00141306 0.0021967
74 -0.00181551 0.00219454
75 -0.00153367 0.0016286
76 -0.000700107 0.000643647
77 0.000388618 -0.000481646
78 0.00137394 -0.00141386
79 0.00194988 -0.00186612
80 0.00195323 -0.00169139
81 0.00140354 -0.000937049
82 0.000485259 0.000160929
83 -0.00051728 0.0012472
84 -0.00130892 0.00196071
85 -0.00166922 0.00205633
86 -0.00151107 0.00149174
87 -0.000898797 0.000447073
88 -2.39894e-05 -0.000732721
89 0.000851956 -0.0016545
90 0.001472 -0.00201206
91 0.0016549 -0.00169163
92 0.00134583 -0.000810046
93 0.000632934 0.000327664
94 -0.000275085 0.00133549
95 -0.00110632 0.00187965
96 -0.00160399 0.00179082
97 -0.00160503 0.00111688
98 -0.00109534 9.98615e-05
99 -0.000222491 -0.000912414
100 0.000742503 -0.00158725
101 0.00148685 -0.00171769
102 0.00175775 -0.00128553
103 0.00145101 -0.000457784
104 0.000654134 0.000478648
105 -0.000374981 0.00121787
106 -0.00129074 0.00153532
107 -0.00177763 0.00135417
108 -0.00166216 0.000759041
109 -0.00097758 -4.25116e-05
110 4.3679e-05 -0.000793108
111 0.00104927 -0.00126711
112 0.00169039 -0.00133523
113 0.00174533 -0.000995364
114 0.00119817 -0.000365019
115 0.000244232 0.000358787
116 -0.000780073 0.00095854
117 -0.00151735 0.0012579
118 -0.00171599 0.00117047
119 -0.00131781 0.000723714
120 -0.000475288 5.19201e-05
121 0.000506889 -0.000641008
122 0.00128359 -0.00114014
123 0.00159257 -0.0012843
124 0.00134437 -0.00101835
125 0.000647141 -0.000415882
126 -0.000240005 0.000337503
127 -0.00100491 0.000998528
128 -0.00139374 0.00134361
129 -0.00129517 0.00124518
130 -0.000769543 0.000720752
131 -1.69651e-05 -6.4946e-05
132 0.000699753 -0.00084918
133 0.0011471 -0.00135844
134 0.00119561 -0.00140499
135 0.000854152 -0.000958244
136 0.00025653 -0.00016301
137 -0.000390817 0.000705555
138 -0.00087961 0.00133719
139 -0.00106507 0.001499
140 -0.000906062 0.00112374
141 -0.000470232 0.000339257
142 9.41493e-05 -0.000574017
143 0.000607967 -0.00128408
144 0.000916188 -0.0015299
145 0.000931842 -0.00121948
146 0.000657951 -0.00046568
147 0.000183343 0.000454594
148 -0.000344865 0.00120303
149 -0.000764095 0.00150582
150 -0.000943416 0.00125536
151 -0.000822853 0.000549322
152 -0.000433981 -0.000347161
153 0.000105492 -0.00110171
154 0.000624131 -0.00143903
155 0.000949013 -0.00124255
156 0.000963021 -0.000595401
157 0.000648294 0.000254011
158 9.91431e-05 0.000987786
159 -0.000503391 0.00133863
160 -0.000949926 0.0011884
161 -0.00107574 0.00060818
162 -0.000822761 -0.00017392
163 -0.000266724 -0.000863055
164 0.000403148 -0.0012099
165 0.000947648 -0.00110152
166 0.00116332 -0.000597464
167 0.000959572 0.000100202
168 0.000397642 0.000728251
169 -0.000325665 0.00106211
170 -0.000946193 0.000996004
171 -0.00122938 0.00057506
172 -0.00106017 -2.95927e-05
173 -0.000490907 -0.000590131
174 0.000273071 -0.000907828
175 0.000947229 -0.000883154
176 0.00127454 -0.000545669
177 0.00112479 -3.52993e-05
178 0.000547482 0.000455199
179 -0.000243429 0.00075313
180 -0.000948939 0.000766461
181 -0.00129882 0.000510821
182 -0.00115624 9.55627e-05
183 -0.000572174 -0.000322688
184 0.000232257 -0.000599212
185 0.000949694 -0.000650576
186 0.00130461 -0.000477614
187 0.00115998 -0.000156939
188 0.000570889 0.000192355
189 -0.000236024 0.000452415
190 -0.000949863 0.000545005
191 -0.00129571 0.000452839
192 -0.00114121 0.000219309
193 -0.000547889 -7.06728e-05
194 0.000252909 -0.000320742
195 0.000950221 -0.000453896
196 0.00127465 -0.000434788
197 0.00110313 -0.000277616
198 0.000506169 -3.85066e-05
199 -0.000280645 0.000204095
200 -0.000949738 0.000374266
201 -0.0012422 0.000421097
202 -0.00104852 0.000332693
203 -0.000449972 0.000138514
204 0.000315168 -9.98998e-05
205 0.000946577 -0.000307051
206 0.00120002 -0.00041583
207 0.000982113 -0.000388387
208 0.000384801 -0.000229562
209 -0.000353088 1.19977e-05
210 -0.000941234 0.000257022
211 -0.00115206 0.000420599
212 -0.000908879 0.000441608
213 -0.000313903 0.000306301
214 0.000394253 5.64953e-05
215 0.000935979 -0.000222282
216 0.00110106 -0.000429807
217 0.000830447 -0.000487469
218 0.000237539 -0.000368473
219 -0.000438879 -0.000110169
220 -0.000930641 0.000196989
221 -0.00104661 0.000440793
222 -0.00074713 0.000528184
223 -0.000157469 0.000420936
224 0.000484338 0.00015248
225 0.000923465 -0.000181487
226 0.000989401 -0.000456597
227 0.00066207 -0.000566174
228 7.73888e-05 -0.000463122
229 -0.000528883 -0.00018063
230 -0.000915881 0.000177658
231 -0.000933013 0.000475658
232 -0.000578404 0.000597056
233 2.14742e-06 0.000491361
234 0.000574655 0.000195173
235 0.000910806 -0.000180395
236 0.000878793 -0.000491741
237 0.000495061 -0.000618088
238 -8.34187e-05 -0.000508538
239 -0.000622984 -0.000202531
240 -0.000907434 0.000184373
241 -0.000824596 0.000504167
242 -0.000410586 0.000633042
243 0.000165745 0.000519434
244 0.000671538 0.000204864
245 0.000903803 -0.000190939
246 0.000770623 -0.000515542
247 0.000327305 -0.000642789
248 -0.000246599 -0.000522323
249 -0.000719762 -0.000199909
250 -0.000901876 0.000199909
251 -0.000719762 0.000522323
252 -0.000246599 0.000642789
253 0.000327305 0.000515542
254 0.000770623 0.000190939
255 0.000903803 -0.000204864
256 0.000671538 -0.000519434
257 0.000165745 -0.000633042
258 -0.000410586 -0.000504167
259 -0.000824596 -0.000184373
260 -0.000907434 0.000202531
261 -0.000622984 0.000508538
262 -8.34187e-05 0.000618088
263 0.000495061 0.000491741
264 0.000878793 0.000180395
265 0.000910806 -0.000195173
266 0.000574655 -0.000491361
267 2.14742e-06 -0.000597056
268 -0.000578404 -0.000475658
269 -0.000933013 -0.000177658
270 -0.000915881 0.00018063
271 -0.000528883 0.000463122
272 7.73888e-05 0.000566174
273 0.00066207 0.000456597
274 0.000989401 0.000181487
275 0.000923465 -0.00015248
276 0.000484338 -0.000420936
277 -0.000157469 -0.000528184
278 -0.00074713 -0.000440793
279 -0.00104661 -0.000196989
280 -0.000930641 0.000110169
281 -0.000438879 0.000368473
282 0.000237539 0.000487469
283 0.000830447 0.000429807
284 0.00110106 0.000222282
285 0.000935979 -5.64953e-05
286 0.000394253 -0.000306301
287 -0.000313903 -0.000441608
288 -0.000908879 -0.000420599
289 -0.00115206 -0.000257022
290 -0.000941234 -1.19977e-05
291 -0.000353088 0.000229562
292 0.000384801 0.000388387
293 0.000982113 0.00041583
294 0.00120002 0.000307051
295 0.000946577 9.98998e-05
296 0.000315168 -0.000138514
297 -0.000449972 -0.000332693
298 -0.00104852 -0.000421097
299 -0.0012422 -0.000374266
300 -0.000949738 -0.000204095
301 -0.000280645 3.85066e-05
302 0.000506169 0.000277616
303 0.00110313 0.000434788
304 0.00127465 0.000453896
305 0.000950221 0.000320742
306 0.000252909 7.06728e-05
307 -0.000547889 -0.000219309
308 -0.00114121 -0.000452839
309 -0.00129571 -0.000545005
310 -0.000949863 -0.000452415
311 -0.000236024 -0.000192355
312 0.000570889 0.000156939
313 0.00115998 0.000477614
314 0.00130461 0.000650576
315 0.000949694 0.000599212
316 0.000232257 0.000322688
317 -0.000572174 -9.55627e-05
318 -0.00115624 -0.000510821
319 -0.00129882 -0.000766461
320 -0.000948939 -0.00075313
321 -0.000243429 -0.000455199
322 0.000547482 3.52993e-05
323 0.00112479 0.000545669
324 0.00127454 0.000883154
325 0.000947229 0.000907828
326 0.000273071 0.000590131
327 -0.000490907 2.95927e-05
328 -0.00106017 -0.00057506
329 -0.00122938 -0.000996004
330 -0.000946193 -0.00106211
331 -0.000325665 -0.000728251
332 0.000397642 -0.000100202
333 0.000959572 0.000597464
334 0.00116332 0.00110152
335 0.000947648 0.0012099
336 0.000403148 0.000863055
337 -0.000266724 0.00017392
338 -0.000822761 -0.00060818
339 -0.00107574 -0.0011884
340 -0.000949926 -0.00133863
341 -0.000503391 -0.000987786
342 9.91431e-05 -0.000254011
343 0.000648294 0.000595401
344 0.000963021 0.00124255
345 0.000949013 0.00143903
346 0.000624131 0.00110171
347 0.000105492 0.000347161
348 -0.000433981 -0.000549322
349 -0.000822853 -0.00125536
350 -0.000943416 -0.00150582
351 -0.000764095 -0.00120303
352 -0.000344865 -0.000454594
353 0.000183343 0.00046568
354 0.000657951 0.00121948
355 0.000931842 0.0015299
356 0.000916188 0.00128408
357 0.000607967 0.000574017
358 9.41493e-05 -0.000339257
359 -0.000470232 -0.00112374
360 -0.000906062 -0.001499
361 -0.00106507 -0.00133719
362 -0.00087961 -0.000705555
363 -0.000390817 0.00016301
364 0.00025653 0.000958244
365 0.000854152 0.00140499
366 0.00119561 0.00135844
367 0.0011471 0.00084918
368 0.000699753 6.4946e-05
369 -1.69651e-05 -0.000720752
370 -0.000769543 -0.00124518
371 -0.00129517 -0.00134361
372 -0.00139374 -0.000998528
373 -0.00100491 -0.000337503
374 -0.000240005 0.000415882
375 0.000647141 0.00101835
376 0.00134437 0.0012843
377 0.00159257 0.00114014
378 0.00128359 0.000641008
379 0.000506889 -5.19201e-05
380 -0.000475288 -0.000723714
381 -0.00131781 -0.00117047
382 -0.00171599 -0.0012579
383 -0.00151735 -0.00095854
384 -0.000780073 -0.000358787
385 0.000244232 0.000365019
386 0.00119817 0.000995364
387 0.00174533 0.00133523
388 0.00169039 0.00126711
389 0.00104927 0.000793108
390 4.3679e-05 4.25116e-05
391 -0.00097758 -0.000759041
392 -0.00166216 -0.00135417
393 -0.00177763 -0.00153532
394 -0.00129074 -0.00121787
395 -0.000374981 -0.000478648
396 0.000654134 0.000457784
397 0.00145101 0.00128553
398 0.00175775 0.00171769
399 0.00148685 0.00158725
400 0.000742503 0.000912414
401 -0.000222491 -9.98615e-05
402 -0.00109534 -0.00111688
403 -0.00160503 -0.00179082
404 -0.00160399 -0.00187965
405 -0.00110632 -0.00133549
406 -0.000275085 -0.000327664
407 0.000632934 0.000810046
408 0.00134583 0.00169163
409 0.0016549 0.00201206
410 0.001472 0.0016545
411 0.000851956 0.000732721
412 -2.39894e-05 -0.000447073
413 -0.000898797 -0.00149174
414 -0.00151107 -0.00205633
415 -0.00166922 -0.00196071
416 -0.00130892 -0.0012472
417 -0.00051728 -0.000160929
418 0.000485259 0.000937049
419 0.00140354 0.00169139
420 0.00195323 0.00186612
421 0.00194988 0.00141386
422 0.00137394 0.000481646
423 0.000388618 -0.000643647
424 -0.000700107 -0.0016286
425 -0.00153367 -0.00219454
426 -0.00181551 -0.0021967
427 -0.00141306 -0.00166079
428 -0.000410823 -0.00077001
429 0.000907539 0.000190625
430 0.00214654 0.000915417
431 0.00292872 0.00116237
432 0.00302338 0.000819062
433 0.00242874 -6.6337e-05
434 0.00137751 -0.00129678
435 0.000262611 -0.00257847
436 -0.000491738 -0.00360143
437 -0.000568776 -0.00412861
438 0.000139468 -0.00406988
439 0.00150174 -0.00351874
440 0.00319598 -0.00273733
441 0.00481786 -0.00208929
442 0.00601171 -0.00193561
443 0.00658123 -0.00252325
444 0.00654639 -0.00390197
445 0.00613218 -0.00589957
446 0.00569677 -0.00816886
447 0.00562413 -0.0102957
448 0.00621512 -0.011935
449 0.00760798 -0.0129302
450 0.00974887 -0.0133732
451 0.0124167 -0.0135846
452 0.0152921 -0.0140167
453 0.0180497 -0.015114
454 0.0204495 -0.0171754
455 0.0224048 -0.0202662
456 0.0240112 -0.0242061
457 0.0255295 -0.0286353
458 0.0273254 -0.0331346
459 0.0297778 -0.0373593
460 0.0331778 -0.0411445
461 0.0376445 -0.0445525
462 0.0430838 -0.0478512
463 0.0492074 -0.051434
464 0.0556127 -0.0557085
465 0.0619034 -0.0609854
466 0.0678166 -0.0673986
467 0.0733135 -0.0748748
468 0.0786023 -0.0831576
469 0.0840814 -0.0918775
470 0.0902185 -0.100648
471 0.0974034 -0.109163
472 0.105821 -0.117275
473 0.115387 -0.125031
474 0.125767 -0.132657
475 0.136466 -0.140495
476 0.146972 -0.148902
477 0.156889 -0.158132
478 0.166037 -0.168242
479 0.17448 -0.179041
480 0.182476 -0.190111
481 0.190377 -0.20089
482 0.198501 -0.21081
483 0.207016 -0.219437
484 0.215874 -0.226572
485 0.224793 -0.232283
486 0.23331 -0.23685
487 0.240873 -0.240646
488 0.246947 -0.243981
489 0.251122 -0.246979
490 0.253183 -0.249497
491 0.25314 -0.251146
492 0.251196 -0.251366
493 0.247675 -0.249568
494 0.24291 -0.245266
495 0.237135 -0.238195
496 0.230386 -0.228352
497 0.222471 -0.215991
498 0.213001 -0.201539
499 0.20149 -0.185496
500 0.187501 -0.168313
501 0.170792 -0.1503
502 0.151416 -0.131578
503 0.129747 -0.112083
504 0.106422 -0.0916252
505 0.0822077 -0.0699873
506 0.0578453 -0.0470439
507 0.0339109 -0.0228669
508 0.0107359 0.0022067
509 -0.0115938 0.0275683
510 -0.0331649 0.0523987
511 -0.0541162 0.075789
512 -0.0745069 0.0968906
513 -0.0942112 0.115058
514 -0.112866 0.129941
515 -0.129883 0.141502
516 -0.144524 0.149948
517 -0.156013 0.155603
518 -0.163672 0.158753
519 -0.167038 0.159523
520 -0.165947 0.157814
521 -0.160557 0.153329
522 -0.151311 0.145669
523 -0.13885 0.134474
524 -0.123881 0.119568
525 -0.107048 0.101064
526 -0.0888299 0.0794169
527 -0.0694948 0.0553968
528 -0.0491281 0.0300094
529 -0.0277276 0.00437205
530 -0.00534067 -0.0204259
531 0.0177976 -0.0434515
532 0.041169 -0.0640203
533 0.0639539 -0.0817347
534 0.0851004 -0.0964593
535 0.103467 -0.108239
536 0.118 -0.117182
537 0.127903 -0.123337
538 0.132753 -0.126604
539 0.132535 -0.126707
540 0.127604 -0.123239
541 0.118583 -0.115782
542 0.106227 -0.104057
543 0.091296 -0.0880791
544 0.0744481 -0.0682535
545 0.0561867 -0.0454058
546 0.0368585 -0.0207138
547 0.0167044 0.00443207
548 -0.00404929 0.0286122
549 -0.0250821 0.0505591
550 -0.0458835 0.069298
551 -0.0656991 0.0842191
552 -0.0835453 0.0950733
553 -0.0982991 0.101903
554 -0.108852 0.104933
555 -0.114293 0.104452
556 -0.11408 0.100711
557 -0.108154 0.0938686
558 -0.0969622 0.0839843
559 -0.0813966 0.0710675
560 -0.0626489 0.055171
561 -0.0420301 0.0365057
562 -0.0207912 0.0155496
563 1.2778e-05 -0.00688241
564 0.0195937 -0.0296367
565 0.0374279 -0.0513008
566 0.0531938 -0.0703604
567 0.0666744 -0.0854032
568 0.0776553 -0.0953252
569 0.085847 -0.0994919
570 0.0908534 -0.0978153
571 0.0921975 -0.0907338
572 0.0894014 -0.0791054
573 0.0821065 -0.064045
574 0.0702094 -0.0467478
575 0.0539823 -0.0283369
576 0.0341458 -0.00976003
577 0.0118691 0.00825183
578 -0.0113157 0.0251678
579 -0.0336768 0.0405961
580 -0.0534985 0.0541996
581 -0.0693061 0.0656111
582 -0.0800535 0.0743744
583 -0.0852344 0.0799317
584 -0.0848963 0.0816708
585 -0.0795623 0.0790296
586 -0.0700869 0.0716405
587 -0.0574858 0.0594814
588 -0.0427792 0.0429928
589 -0.0268792 0.0231237
590 -0.0105349 0.00128598
591 0.00566536 -0.0207847
592 0.0212468 -0.0412367
593 0.0357762 -0.0583412
594 0.0487859 -0.0707147
595 0.0597168 -0.0774849
596 0.0679015 -0.0783736
597 0.072602 -0.0736858
598 0.0731062 -0.0642173
599 0.0688703 -0.0511028
600 0.0596796 -0.0356372
601 0.0457856 -0.0191033
602 0.0279805 -0.00263461
603 0.00757771 0.0128692
604 -0.0137064 0.0267642
605 -0.0339548 0.0386284
606 -0.0512965 0.0481874
607 -0.0641511 0.0552246
608 -0.0714285 0.0595048
609 -0.0726504 0.0607382
610 -0.0679816 0.0586022
611 -0.0581716 0.0528206
612 -0.0444239 0.0432861
613 -0.0282147 0.0301921
614 -0.0110928 0.0141344
615 0.00550927 -0.00385163
616 0.0204228 -0.022341
617 0.0328272 -0.0396549
618 0.0422617 -0.054063
619 0.0485701 -0.064015
620 0.0518019 -0.0683622
621 0.0521012 -0.0665303
622 0.049617 -0.058617
623 0.0444625 -0.0454002
624 0.0367309 -0.028254
625 0.0265629 -0.00898259
626 0.0142404 0.010407
627 0.000277157 0.0279621
628 -0.0145276 0.0420321
629 -0.0290934 0.0514646
630 -0.0421327 0.055717
631 -0.0522869 0.0548656
632 -0.0583063 0.0495167
633 -0.0592447 0.0406476
634 -0.0546338 0.0294174
635 -0.0446071 0.0169894
636 -0.029946 0.00439852
637 -0.0120346 -0.00752317
638 0.00728077 -0.018162
639 0.0259092 -0.0270953
640 0.0417848 -0.0340384
641 0.0531443 -0.038786
642 0.0587699 -0.0411637
643 0.0581536 -0.0410038
644 0.0515555 -0.0381538
645 0.0399466 -0.0325232
646 0.0248486 -0.0241601
647 0.00810297 -0.0133425
648 -0.00838868 -0.000654707
649 -0.0229096 0.0129795
650 -0.0341224 0.0263334
651 -0.0411914 0.0379907
652 -0.0438243 0.0465244
653 -0.0422393 0.0507115
654 -0.0370681 0.0497422
655 -0.0292176 0.0433832
656 -0.0197126 0.0320635
657 -0.00954781 0.0168663
658 0.000426396 -0.000575438
659 0.00956564 -0.0182668
660 0.0174351 -0.0340991
661 0.0237647 -0.0461277
662 0.0283782 -0.0528409
663 0.0311269 -0.0533806
664 0.0318526 -0.047676
665 0.0303936 -0.0364668
666 0.0266332 -0.0212054
667 0.0205724 -0.00385232
668 0.0124064 0.0134016
669 0.00257979 0.0284416
670 -0.0081946 0.039514
671 -0.0189629 0.0454466
672 -0.0286046 0.0457766
673 -0.0359503 0.0407733
674 -0.0399339 0.0313599
675 -0.0397604 0.0189519
676 -0.0350667 0.0052402
677 -0.0260405 -0.00804918
678 -0.0134688 -0.0193837
679 0.00130822 -0.0276092
680 0.0165429 -0.0320673
681 0.0303062 -0.032631
682 0.0407599 -0.0296607
683 0.0464275 -0.0238943
684 0.0464198 -0.0162968
685 0.0405788 -0.00790003
686 0.0295215 0.000341149
687 0.0145776 0.00765325
688 -0.00237007 0.0135007
689 -0.0191262 0.0175937
690 -0.0334754 0.0198578
691 -0.0434899 0.0203791
692 -0.0478101 0.019342
693 -0.0458494 0.0169752
694 -0.0378895 0.0135144
695 -0.0250441 0.00918739
696 -0.00909596 0.00422118
697 0.00776536 -0.00113668
698 0.0232594 -0.00659106
699 0.0353345 -0.0117792
700 0.0424448 -0.0162685
701 0.0437482 -0.0195808
702 0.0392056 -0.021245
703 0.0295709 -0.0208725
704 0.0162759 -0.0182431
705 0.00122363 -0.0133828
706 -0.0134837 -0.00661318
707 -0.0258458 0.00144204
708 -0.0342475 0.00990391
709 -0.0376808 0.0177348
710 -0.0358696 0.0238735
711 -0.0292796 0.0273886
712 -0.0190189 0.0276262
713 -0.00665179 0.0243291
714 0.00604066 0.0177069
715 0.0173133 0.00844359
716 0.0256912 -0.002363
717 0.0301567 -0.0133281
718 0.0302707 -0.02296
719 0.0262127 -0.0298702
720 0.0187367 -0.0329837
721 0.00904639 -0.0317156
722 -0.00139354 -0.0260811
723 -0.0110794 -0.0167192
724 -0.018689 -0.00482185
725 -0.0232637 0.00802241
726 -0.0243254 0.0200467
727 -0.0219151 0.0295542
728 -0.0165552 0.0351607
729 -0.0091491 0.0359982
730 -0.000838653 0.0318501
731 0.00716127 0.0231994
732 0.0137301 0.0111788
733 0.0179924 -0.00257465
734 0.0194337 -0.0161429
735 0.017965 -0.0275997
736 0.0139242 -0.0352925
737 0.00801353 -0.0380879
738 0.00118195 -0.0355445
739 -0.00552587 -0.027981
740 -0.0111275 -0.0164346
741 -0.0148418 -0.00251367
742 -0.01619 0.0118291
743 -0.0150484 0.0245716
744 -0.0116527 0.0339067
745 -0.00655567 0.0384977
746 -0.000546923 0.0376717
747 0.005458 0.0315224
748 0.0105479 0.0209039
749 0.0139493 0.00731487
750 0.0151439 -0.00731487
751 0.0139493 -0.0209039
752 0.0105479 -0.0315224
753 0.005458 -0.0376717
754 -0.000546923 -0.0384977
755 -0.00655567 -0.0339067
756 -0.0116527 -0.0245716
757 -0.0150484 -0.0118291
758 -0.01619 0.00251367
759 -0.0148418 0.0164346
760 -0.0111275 0.027981
761 -0.00552587 0.0355445
762 0.00118195 0.0380879
763 0.00801353 0.0352925
764 0.0139242 0.0275997
765 0.017965 0.0161429
766 0.0194337 0.00257465
767 0.0179924 -0.0111788
768 0.0137301 -0.0231994
769 0.00716127 -0.0318501
770 -0.000838653 -0.0359982
771 -0.0091491 -0.0351607
772 -0.0165552 -0.0295542
773 -0.0219151 -0.0200467
774 -0.0243254 -0.00802241
775 -0.0232637 0.00482185
776 -0.018689 0.0167192
777 -0.0110794 0.0260811
778 -0.00139354 0.0317156
779 0.00904639 0.0329837
780 0.0187367 0.0298702
781 0.0262127 0.02296
782 0.0302707 0.0133281
783 0.0301567 0.002363
784 0.0256912 -0.00844359
785 0.0173133 -0.0177069
786 0.00604066 -0.0243291
787 -0.00665179 -0.0276262
788 -0.0190189 -0.0273886
789 -0.0292796 -0.0238735
790 -0.0358696 -0.0177348
791 -0.0376808 -0.00990391
792 -0.0342475 -0.00144204
793 -0.0258458 0.00661318
794 -0.0134837 0.0133828
795 0.00122363 0.0182431
796 0.0162759 0.0208725
797 0.0295709 0.021245
798 0.0392056 0.0195808
799 0.0437482 0.0162685
800 0.0424448 0.0117792
801 0.0353345 0.00659106
802 0.0232594 0.00113668
803 0.00776536 -0.00422118
804 -0.00909596 -0.00918739
805 -0.0250441 -0.0135144
806 -0.0378895 -0.0169752
807 -0.0458494 -0.019342
808 -0.0478101 -0.0203791
809 -0.0434899 -0.0198578
810 -0.0334754 -0.0175937
811 -0.0191262 -0.0135007
812 -0.00237007 -0.00765325
813 0.0145776 -0.000341149
814 0.0295215 0.00790003
815 0.0405788 0.0162968
816 0.0464198 0.0238943
817 0.0464275 0.0296607
818 0.0407599 0.032631
819 0.0303062 0.0320673
820 0.0165429 0.0276092
821 0.00130822 0.0193837
822 -0.0134688 0.00804918
823 -0.0260405 -0.0052402
824 -0.0350667 -0.0189519
825 -0.0397604 -0.0313599
826 -0.0399339 -0.0407733
827 -0.0359503 -0.0457766
828 -0.0286046 -0.0454466
829 -0.0189629 -0.039514
830 -0.0081946 -0.0284416
831 0.00257979 -0.0134016
832 0.0124064 0.00385232
833 0.0205724 0.0212054
834 0.0266332 0.0364668
835 0.0303936 0.047676
836 0.0318526 0.0533806
837 0.0311269 0.0528409
838 0.0283782 0.0461277
839 0.0237647 0.0340991
840 0.0174351 0.0182668
841 0.00956564 0.000575438
842 0.000426396 -0.0168663
843 -0.00954781 -0.0320635
844 -0.0197126 -0.0433832
845 -0.0292176 -0.0497422
846 -0.0370681 -0.0507115
847 -0.0422393 -0.0465244
848 -0.0438243 -0.0379907
849 -0.0411914 -0.0263334
850 -0.0341224 -0.0129795
851 -0.0229096 0.000654707
852 -0.00838868 0.0133425
853 0.00810297 0.0241601
854 0.0248486 0.0325232
855 0.0399466 0.0381538
856 0.0515555 0.0410038
857 0.0581536 0.0411637
858 0.0587699 0.038786
859 0.0531443 0.0340384
860 0.0417848 0.0270953
861 0.0259092 0.018162
862 0.00728077 0.00752317
863 -0.0120346 -0.00439852
864 -0.029946 -0.0169894
865 -0.0446071 -0.0294174
866 -0.0546338 -0.0406476
867 -0.0592447 -0.0495167
868 -0.0583063 -0.0548656
869 -0.0522869 -0.055717
870 -0.0421327 -0.0514646
871 -0.0290934 -0.0420321
872 -0.0145276 -0.0279621
873 0.000277157 -0.010407
874 0.0142404 0.00898259
875 0.0265629 0.028254
876 0.0367309 0.0454002
877 0.0444625 0.058617
878 0.049617 0.0665303
879 0.0521012 0.0683622
880 0.0518019 0.064015
881 0.0485701 0.054063
882 0.0422617 0.0396549
883 0.0328272 0.022341
884 0.0204228 0.00385163
885 0.00550927 -0.0141344
886 -0.0110928 -0.0301921
887 -0.0282147 -0.0432861
888 -0.0444239 -0.0528206
889 -0.0581716 -0.0586022
890 -0.0679816 -0.0607382
891 -0.0726504 -0.0595048
892 -0.0714285 -0.0552246
893 -0.0641511 -0.0481874
894 -0.0512965 -0.0386284
895 -0.0339548 -0.0267642
896 -0.0137064 -0.0128692
897 0.00757771 0.00263461
898 0.0279805 0.0191033
899 0.0457856 0.0356372
900 0.0596796 0.0511028
901 0.0688703 0.0642173
902 0.0731062 0.0736858
903 0.072602 0.0783736
904 0.0679015 0.0774849
905 0.0597168 0.0707147
906 0.0487859 0.0583412
907 0.0357762 0.0412367
908 0.0212468 0.0207847
909 0.00566536 -0.00128598
910 -0.0105349 -0.0231237
911 -0.0268792 -0.0429928
912 -0.0427792 -0.0594814
913 -0.0574858 -0.0716405
914 -0.0700869 -0.0790296
915 -0.0795623 -0.0816708
916 -0.0848963 -0.0799317
917 -0.0852344 -0.0743744
918 -0.0800535 -0.0656111
919 -0.0693061 -0.0541996
920 -0.0534985 -0.0405961
921 -0.0336768 -0.0251678
922 -0.0113157 -0.00825183
923 0.0118691 0.00976003
924 0.0341458 0.0283369
925 0.0539823 0.0467478
926 0.0702094 0.064045
927 0.0821065 0.0791054
928 0.0894014 0.0907338
929 0.0921975 0.0978153
930 0.0908534 0.0994919
931 0.085847 0.0953252
932 0.0776553 0.0854032
933 0.0666744 0.0703604
934 0.0531938 0.0513008
935 0.0374279 0.0296367
936 0.0195937 0.00688241
937 1.2778e-05 -0.0155496
938 -0.0207912 -0.0365057
939 -0.0420301 -0.055171
940 -0.0626489 -0.0710675
941 -0.0813966 -0.0839843
942 -0.0969622 -0.0938686
943 -0.108154 -0.100711
944 -0.11408 -0.104452
945 -0.114293 -0.104933
946 -0.108852 -0.101903
947 -0.0982991 -0.0950733
948 -0.0835453 -0.0842191
949 -0.0656991 -0.069298
950 -0.0458835 -0.0505591
951 -0.0250821 -0.0286122
952 -0.00404929 -0.00443207
953 0.0167044 0.0207138
954 0.0368585 0.0454058
955 0.0561867 0.0682535
956 0.0744481 0.0880791
957 0.091296 0.104057
958 0.106227 0.115782
959 0.118583 0.123239
960 0.127604 0.126707
961 0.132535 0.126604
962 0.132753 0.123337
963 0.127903 0.117182
964 0.118 0.108239
965 0.103467 0.0964593
966 0.0851004 0.0817347
967 0.0639539 0.0640203
968 0.041169 0.0434515
969 0.0177976 0.0204259
970 -0.00534067 -0.00437205
971 -0.0277276 -0.0300094
972 -0.0491281 -0.0553968
973 -0.0694948 -0.0794169
974 -0.0888299 -0.101064
975 -0.107048 -0.119568
976 -0.123881 -0.134474
977 -0.13885 -0.145669
978 -0.151311 -0.153329
979 -0.160557 -0.157814
980 -0.165947 -0.159523
981 -0.167038 -0.158753
982 -0.163672 -0.155603
983 -0.156013 -0.149948
984 -0.144524 -0.141502
985 -0.129883 -0.129941
986 -0.112866 -0.115058
987 -0.0942112 -0.0968906
988 -0.0745069 -0.075789
989 -0.0541162 -0.0523987
990 -0.0331649 -0.0275683
991 -0.0115938 -0.0022067
992 0.0107359 0.0228669
993 0.0339109 0.0470439
994 0.0578453 0.0699873
995 0.0822077 0.0916252
996 0.106422 0.112083
997 0.129747 0.131578
998 0.151416 0.1503
999 0.170792 0.168313
