0 0.235723 -0.2261
1 0.228411 -0.223446
2 0.2194 -0.219187
3 0.209214 -0.212567
4 0.198321 -0.203028
5 0.187042 -0.190345
6 0.175491 -0.174675
7 0.16354 -0.156523
8 0.150836 -0.136637
9 0.136872 -0.115849
10 0.121107 -0.0949182
11 0.103118 -0.0744008
12 0.0827388 -0.0545794
13 0.0601617 -0.0354614
14 0.0359551 -0.0168379
15 0.0109986 0.00161646
16 -0.0136625 0.020229
17 -0.0370037 0.0392207
18 -0.0582042 0.0586218
19 -0.0767782 0.0782189
20 -0.0926225 0.09754
21 -0.105973 0.115881
22 -0.11728 0.132373
23 -0.127048 0.146098
24 -0.135663 0.156226
25 -0.143272 0.162159
26 -0.149716 0.163653
27 -0.154552 0.160868
28 -0.157137 0.154344
29 -0.156757 0.144876
30 -0.152777 0.133349
31 -0.144771 0.12054
32 -0.132624 0.106968
33 -0.116566 0.0928099
34 -0.0971654 0.0779298
35 -0.0752672 0.0619815
36 -0.0518957 0.0445764
37 -0.0281369 0.0254573
38 -0.00501238 0.00463807
39 0.016639 -0.0175216
40 0.0362515 -0.0403187
41 0.0535783 -0.0627769
42 0.0686752 -0.0837645
43 0.0818178 -0.102135
44 0.0933632 -0.116866
45 0.103586 -0.127182
46 0.112531 -0.132638
47 0.119927 -0.13317
48 0.125193 -0.129084
49 0.127535 -0.121002
50 0.126122 -0.109754
51 0.120287 -0.0962466
52 0.1097 -0.0813182
53 0.0944795 -0.0656176
54 0.0752116 -0.049531
55 0.0528832 -0.0331738
56 0.0287539 -0.0164525
57 0.00419606 0.000815653
58 -0.0194614 0.0187504
59 -0.0410661 0.0372605
60 -0.0597377 0.0559371
61 -0.0749214 0.0740211
62 -0.0863991 0.0904573
63 -0.0942573 0.104029
64 -0.0988152 0.113547
65 -0.100518 0.118047
66 -0.0998142 0.116958
67 -0.0970314 0.110198
68 -0.0922961 0.0981849
69 -0.0855059 0.0817784
70 -0.0763775 0.0621517
71 -0.0645619 0.0406434
72 -0.0498015 0.0186063
73 -0.0320903 -0.00272564
74 -0.0117965 -0.0223403
75 0.010286 -0.0395154
76 0.0329728 -0.0538475
77 0.0548058 -0.0652371
78 0.0742294 -0.0738278
79 0.089793 -0.0799036
80 0.100341 -0.0837594
81 0.105157 -0.0855739
82 0.104044 -0.0853177
83 0.0973202 -0.0827305
84 0.0857542 -0.0773792
85 0.0704419 -0.0687922
86 0.0526562 -0.056635
87 0.0336943 -0.0408827
88 0.0147409 -0.0219394
89 -0.00323621 -0.000673766
90 -0.0195489 0.0216393
91 -0.033806 0.0434558
92 -0.0458819 0.0631451
93 -0.0558422 0.0791827
94 -0.063836 0.0903213
95 -0.0699751 0.0957217
96 -0.0742297 0.0950347
97 -0.0763669 0.0884321
98 -0.0759585 0.0765856
99 -0.0724616 0.060594
100 -0.0653621 0.041859
101 -0.0543464 0.0219223
102 -0.0394587 0.00228244
103 -0.0212019 -0.0157783
104 -0.000554456 -0.0313242
105 0.0211034 -0.0438279
106 0.0421379 -0.0531539
107 0.0608511 -0.0594699
108 0.0756776 -0.0631122
109 0.0853572 -0.0644402
110 0.0890661 -0.0637164
111 0.0865003 -0.0610377
112 0.0779091 -0.0563329
113 0.0640788 -0.0494202
114 0.0462615 -0.0401093
115 0.0260483 -0.02832
116 0.00519334 -0.0141926
117 -0.0145938 0.00183454
118 -0.0318528 0.0189961
119 -0.0455357 0.0362241
120 -0.0550924 0.0522268
121 -0.0604643 0.0656114
122 -0.0619899 0.0750386
123 -0.0602557 0.0793903
124 -0.0559322 0.0779293
125 -0.0496376 0.0704276
126 -0.0418546 0.0572442
127 -0.0329095 0.039333
128 -0.0230013 0.0181745
129 -0.0122627 -0.00436848
130 -0.000830569 -0.0262556
131 0.0110877 -0.0455076
132 0.0231614 -0.0604427
133 0.0349012 -0.0698731
134 0.0456473 -0.0732277
135 0.0545885 -0.0705831
136 0.0608206 -0.0626032
137 0.0634484 -0.0504057
138 0.0617245 -0.0353869
139 0.0552045 -0.0190385
140 0.0438871 -0.00278333
141 0.0283042 0.0121529
142 0.00953409 0.0248286
143 -0.0108762 0.0346335
144 -0.0310705 0.0412971
145 -0.049099 0.0448604
146 -0.0631544 0.0456132
147 -0.0717916 0.0440003
148 -0.0740993 0.0405127
149 -0.0698061 0.0355829
150 -0.0593117 0.029512
151 -0.0436442 0.0224476
152 -0.0243507 0.0144225
153 -0.00333125 0.00544328
154 0.0173654 -0.00439781
155 0.0357647 -0.0148232
156 0.0501815 -0.0253158
157 0.0594009 -0.0351292
158 0.0627997 -0.0433615
159 0.060393 -0.0490739
160 0.0527996 -0.0514272
161 0.0411318 -0.049808
162 0.0268297 -0.0439294
163 0.0114659 -0.0338978
164 -0.00344963 -0.020246
165 -0.0166339 -0.00393162
166 -0.0271462 0.0137054
167 -0.0344411 0.0310355
168 -0.0383632 0.0462888
169 -0.0390922 0.0577547
170 -0.0370562 0.0640083
171 -0.0328323 0.0641268
172 -0.0270498 0.0578508
173 -0.0203091 0.0456551
174 -0.0131233 0.028711
175 -0.00588744 0.00874841
176 0.0011264 -0.012156
177 0.0077486 -0.0318251
178 0.0138722 -0.0482238
179 0.0194013 -0.059672
180 0.0241986 -0.0650102
181 0.0280459 -0.0637127
182 0.030631 -0.0559453
183 0.0315703 -0.0425605
184 0.0304707 -0.0250219
185 0.0270195 -0.00525562
186 0.0210856 0.0145667
187 0.0128048 0.0322895
188 0.00262724 0.0460404
189 -0.00868887 0.0544595
190 -0.0201383 0.0568495
191 -0.0305744 0.0532271
192 -0.0388402 0.0442737
193 -0.0439058 0.0312084
194 -0.0449949 0.0156122
195 -0.0416903 -0.000763783
196 -0.0340105 -0.0161854
197 -0.0224493 -0.0291039
198 -0.0079693 -0.0383001
199 0.00805885 -0.0429982
200 0.023978 -0.0429389
201 0.0380212 -0.0383994
202 0.048525 -0.030149
203 0.0541518 -0.0193389
204 0.0540805 -0.00733942
205 0.0481345 0.00444866
206 0.0368219 0.0147742
207 0.0212832 0.0226761
208 0.00315884 0.0275634
209 -0.0155998 0.0292332
210 -0.0329463 0.0278374
211 -0.0469582 0.0238181
212 -0.0560401 0.0178288
213 -0.0590987 0.0106533
214 -0.055677 0.00312536
215 -0.046032 -0.00395285
216 -0.0311395 -0.00989125
217 -0.0126118 -0.0141847
218 0.00747318 -0.0165653
219 0.0268168 -0.0170204
220 0.0431842 -0.015769
221 0.0546851 -0.0132007
222 0.0600049 -0.00979222
223 0.0585551 -0.00602202
224 0.0505256 -0.00230487
225 0.0368435 0.00104397
226 0.0190542 0.00381477
227 -0.000853633 0.00589001
228 -0.0206592 0.00722529
229 -0.0381404 0.00783475
230 -0.0513107 0.00778359
231 -0.0586429 0.00718299
232 -0.0592582 0.00617984
233 -0.0530512 0.00493674
234 -0.0407244 0.00360417
235 -0.0237169 0.00229353
236 -0.00402982 0.00106198
237 0.0160266 -8.36357e-05
238 0.0341233 -0.00116435
239 0.0481936 -0.00219759
240 0.0566659 -0.00317024
241 0.0586234 -0.00402821
242 0.0538834 -0.00468687
243 0.0430009 -0.00505712
244 0.0272047 -0.00507508
245 0.00827288 -0.00472246
246 -0.011647 -0.00403005
247 -0.0302651 -0.00306503
248 -0.0454088 -0.00191057
249 -0.0552863 -0.000648351
250 -0.0587163 0.000648351
251 -0.0552863 0.00191057
252 -0.0454088 0.00306503
253 -0.0302651 0.00403005
254 -0.011647 0.00472246
255 0.00827288 0.00507508
256 0.0272047 0.00505712
257 0.0430009 0.00468687
258 0.0538834 0.00402821
259 0.0586234 0.00317024
260 0.0566659 0.00219759
261 0.0481936 0.00116435
262 0.0341233 8.36357e-05
263 0.0160266 -0.00106198
264 -0.00402982 -0.00229353
265 -0.0237169 -0.00360417
266 -0.0407244 -0.00493674
267 -0.0530512 -0.00617984
268 -0.0592582 -0.00718299
269 -0.0586429 -0.00778359
270 -0.0513107 -0.00783475
271 -0.0381404 -0.00722529
272 -0.0206592 -0.00589001
273 -0.000853633 -0.00381477
274 0.0190542 -0.00104397
275 0.0368435 0.00230487
276 0.0505256 0.00602202
277 0.0585551 0.00979222
278 0.0600049 0.0132007
279 0.0546851 0.015769
280 0.0431842 0.0170204
281 0.0268168 0.0165653
282 0.00747318 0.0141847
283 -0.0126118 0.00989125
284 -0.0311395 0.00395285
285 -0.046032 -0.00312536
286 -0.055677 -0.0106533
287 -0.0590987 -0.0178288
288 -0.0560401 -0.0238181
289 -0.0469582 -0.0278374
290 -0.0329463 -0.0292332
291 -0.0155998 -0.0275634
292 0.00315884 -0.0226761
293 0.0212832 -0.0147742
294 0.0368219 -0.00444866
295 0.0481345 0.00733942
296 0.0540805 0.0193389
297 0.0541518 0.030149
298 0.048525 0.0383994
299 0.0380212 0.0429389
300 0.023978 0.0429982
301 0.00805885 0.0383001
302 -0.0079693 0.0291039
303 -0.0224493 0.0161854
304 -0.0340105 0.000763783
305 -0.0416903 -0.0156122
306 -0.0449949 -0.0312084
307 -0.0439058 -0.0442737
308 -0.0388402 -0.0532271
309 -0.0305744 -0.0568495
310 -0.0201383 -0.0544595
311 -0.00868887 -0.0460404
312 0.00262724 -0.0322895
313 0.0128048 -0.0145667
314 0.0210856 0.00525562
315 0.0270195 0.0250219
316 0.0304707 0.0425605
317 0.0315703 0.0559453
318 0.030631 0.0637127
319 0.0280459 0.0650102
320 0.0241986 0.059672
321 0.0194013 0.0482238
322 0.0138722 0.0318251
323 0.0077486 0.012156
324 0.0011264 -0.00874841
325 -0.00588744 -0.028711
326 -0.0131233 -0.0456551
327 -0.0203091 -0.0578508
328 -0.0270498 -0.0641268
329 -0.0328323 -0.0640083
330 -0.0370562 -0.0577547
331 -0.0390922 -0.0462888
332 -0.0383632 -0.0310355
333 -0.0344411 -0.0137054
334 -0.0271462 0.00393162
335 -0.0166339 0.020246
336 -0.00344963 0.0338978
337 0.0114659 0.0439294
338 0.0268297 0.049808
339 0.0411318 0.0514272
340 0.0527996 0.0490739
341 0.060393 0.0433615
342 0.0627997 0.0351292
343 0.0594009 0.0253158
344 0.0501815 0.0148232
345 0.0357647 0.00439781
346 0.0173654 -0.00544328
347 -0.00333125 -0.0144225
348 -0.0243507 -0.0224476
349 -0.0436442 -0.029512
350 -0.0593117 -0.0355829
351 -0.0698061 -0.0405127
352 -0.0740993 -0.0440003
353 -0.0717916 -0.0456132
354 -0.0631544 -0.0448604
355 -0.049099 -0.0412971
356 -0.0310705 -0.0346335
357 -0.0108762 -0.0248286
358 0.00953409 -0.0121529
359 0.0283042 0.00278333
360 0.0438871 0.0190385
361 0.0552045 0.0353869
362 0.0617245 0.0504057
363 0.0634484 0.0626032
364 0.0608206 0.0705831
365 0.0545885 0.0732277
366 0.0456473 0.0698731
367 0.0349012 0.0604427
368 0.0231614 0.0455076
369 0.0110877 0.0262556
370 -0.000830569 0.00436848
371 -0.0122627 -0.0181745
372 -0.0230013 -0.039333
373 -0.0329095 -0.0572442
374 -0.0418546 -0.0704276
375 -0.0496376 -0.0779293
376 -0.0559322 -0.0793903
377 -0.0602557 -0.0750386
378 -0.0619899 -0.0656114
379 -0.0604643 -0.0522268
380 -0.0550924 -0.0362241
381 -0.0455357 -0.0189961
382 -0.0318528 -0.00183454
383 -0.0145938 0.0141926
384 0.00519334 0.02832
385 0.0260483 0.0401093
386 0.0462615 0.0494202
387 0.0640788 0.0563329
388 0.0779091 0.0610377
389 0.0865003 0.0637164
390 0.0890661 0.0644402
391 0.0853572 0.0631122
392 0.0756776 0.0594699
393 0.0608511 0.0531539
394 0.0421379 0.0438279
395 0.0211034 0.0313242
396 -0.000554456 0.0157783
397 -0.0212019 -0.00228244
398 -0.0394587 -0.0219223
399 -0.0543464 -0.041859
400 -0.0653621 -0.060594
401 -0.0724616 -0.0765856
402 -0.0759585 -0.0884321
403 -0.0763669 -0.0950347
404 -0.0742297 -0.0957217
405 -0.0699751 -0.0903213
406 -0.063836 -0.0791827
407 -0.0558422 -0.0631451
408 -0.0458819 -0.0434558
409 -0.033806 -0.0216393
410 -0.0195489 0.000673766
411 -0.00323621 0.0219394
412 0.0147409 0.0408827
413 0.0336943 0.056635
414 0.0526562 0.0687922
415 0.0704419 0.0773792
416 0.0857542 0.0827305
417 0.0973202 0.0853177
418 0.104044 0.0855739
419 0.105157 0.0837594
420 0.100341 0.0799036
421 0.089793 0.0738278
422 0.0742294 0.0652371
423 0.0548058 0.0538475
424 0.0329728 0.0395154
425 0.010286 0.0223403
426 -0.0117965 0.00272564
427 -0.0320903 -0.0186063
428 -0.0498015 -0.0406434
429 -0.0645619 -0.0621517
430 -0.0763775 -0.0817784
431 -0.0855059 -0.0981849
432 -0.0922961 -0.110198
433 -0.0970314 -0.116958
434 -0.0998142 -0.118047
435 -0.100518 -0.113547
436 -0.0988152 -0.104029
437 -0.0942573 -0.0904573
438 -0.0863991 -0.0740211
439 -0.0749214 -0.0559371
440 -0.0597377 -0.0372605
441 -0.0410661 -0.0187504
442 -0.0194614 -0.000815653
443 0.00419606 0.0164525
444 0.0287539 0.0331738
445 0.0528832 0.049531
446 0.0752116 0.0656176
447 0.0944795 0.0813182
448 0.1097 0.0962466
449 0.120287 0.109754
450 0.126122 0.121002
451 0.127535 0.129084
452 0.125193 0.13317
453 0.119927 0.132638
454 0.112531 0.127182
455 0.103586 0.116866
456 0.0933632 0.102135
457 0.0818178 0.0837645
458 0.0686752 0.0627769
459 0.0535783 0.0403187
460 0.0362515 0.0175216
461 0.016639 -0.00463807
462 -0.00501238 -0.0254573
463 -0.0281369 -0.0445764
464 -0.0518957 -0.0619815
465 -0.0752672 -0.0779298
466 -0.0971654 -0.0928099
467 -0.116566 -0.106968
468 -0.132624 -0.12054
469 -0.144771 -0.133349
470 -0.152777 -0.144876
471 -0.156757 -0.154344
472 -0.157137 -0.160868
473 -0.154552 -0.163653
474 -0.149716 -0.162159
475 -0.143272 -0.156226
476 -0.135663 -0.146098
477 -0.127048 -0.132373
478 -0.11728 -0.115881
479 -0.105973 -0.09754
480 -0.0926225 -0.0782189
481 -0.0767782 -0.0586218
482 -0.0582042 -0.0392207
483 -0.0370037 -0.020229
484 -0.0136625 -0.00161646
485 0.0109986 0.0168379
486 0.0359551 0.0354614
487 0.0601617 0.0545794
488 0.0827388 0.0744008
489 0.103118 0.0949182
490 0.121107 0.115849
491 0.136872 0.136637
492 0.150836 0.156523
493 0.16354 0.174675
494 0.175491 0.190345
495 0.187042 0.203028
496 0.198321 0.212567
497 0.209214 0.219187
498 0.2194 0.223446
499 0.228411 0.2261
500 0.235723 0.22793
501 0.240854 0.229556
502 0.243452 0.2313
503 0.243386 0.233123
504 0.240792 0.234659
505 0.236086 0.23533
506 0.229912 0.234514
507 0.223033 0.231725
508 0.216182 0.226738
509 0.209902 0.219654
510 0.20443 0.210877
511 0.199643 0.201018
512 0.195107 0.190773
513 0.190201 0.180784
514 0.184296 0.171537
515 0.176934 0.163288
516 0.167965 0.156055
517 0.157599 0.149632
518 0.146369 0.143648
519 0.135006 0.137642
520 0.124272 0.131164
521 0.114781 0.123866
522 0.106866 0.115594
523 0.10052 0.106442
524 0.0954184 0.0967582
525 0.091021 0.0870948
526 0.0867149 0.0780925
527 0.0819682 0.0703339
528 0.0764488 0.0641952
529 0.0700857 0.0597405
530 0.0630654 0.0566917
531 0.0557711 0.054489
532 0.0486883 0.0524295
533 0.0423011 0.0498467
534 0.0369975 0.0462836
535 0.0330008 0.0416105
536 0.030329 0.0360548
537 0.0287888 0.0301371
538 0.0280043 0.02453
539 0.0274796 0.0198794
540 0.0266934 0.0166359
541 0.0252087 0.0149405
542 0.0227791 0.0145949
543 0.0194217 0.0151206
544 0.015431 0.0158888
545 0.0113226 0.0162843
546 0.0077108 0.0158552
547 0.00514847 0.0144117
548 0.00397289 0.0120502
549 0.00420188 0.00910392
550 0.00551476 0.00604241
551 0.00732753 0.00335034
552 0.00894426 0.00141913
553 0.00974241 0.000472581
554 0.00933942 0.000535014
555 0.00769302 0.00143915
556 0.0051073 0.00286502
557 0.00214426 0.00440109
558 -0.0005327 0.00561981
559 -0.00233874 0.00615997
560 -0.00292123 0.0058044
561 -0.00224635 0.00453731
562 -0.000597454 0.00256374
563 0.00151102 0.000278415
564 0.00347739 -0.00181713
565 0.00477268 -0.00323461
566 0.00507215 -0.00362748
567 0.00432448 -0.00289243
568 0.00274415 -0.0012123
569 0.000736245 0.000976642
570 -0.00121944 0.00308961
571 -0.00268942 0.00454527
572 -0.00338149 0.00492449
573 -0.00319504 0.00409107
574 -0.00222378 0.00223811
575 -0.000719776 -0.00015676
576 0.000966614 -0.00245811
577 0.00245757 -0.00404791
578 0.00341934 -0.00449959
579 0.00362679 -0.00370029
580 0.00301284 -0.00188402
581 0.00169253 0.000434959
582 -4.86596e-05 0.00260988
583 -0.00180743 0.00404642
584 -0.00315146 0.00436983
585 -0.0037266 0.00352495
586 -0.00335524 0.0017811
587 -0.00209652 -0.000356597
588 -0.000246682 -0.00229923
589 0.001726 -0.00354171
590 0.0032986 -0.00379609
591 0.00403376 -0.00305464
592 0.00370449 -0.0015706
593 0.00236753 0.000229881
594 0.000360851 0.00187303
595 -0.00177866 0.00296164
596 -0.00345905 0.00326586
597 -0.00420053 0.00276244
598 -0.00377805 0.00162041
599 -0.00229503 0.000144758
600 -0.000162196 -0.00130337
601 0.00201644 -0.00238996
602 0.00361867 -0.00287832
603 0.00418806 -0.00267437
604 0.00356964 -0.00184096
605 0.00195483 -0.000580229
606 -0.000178413 0.000811726
607 -0.00221111 0.00200925
608 -0.00356818 0.00272823
609 -0.00388544 0.00278999
610 -0.0031086 0.00216484
611 -0.00149713 0.000985273
612 0.00046391 -0.000476219
613 0.00221317 -0.00186316
614 0.00327633 -0.00281641
615 0.00339503 -0.00306494
616 0.0025866 -0.00250476
617 0.00112218 -0.00124274
618 -0.00056455 0.000412847
619 -0.00200724 0.0020211
620 -0.00283606 0.00312466
621 -0.00287041 0.00338338
622 -0.00215284 0.00268488
623 -0.00092003 0.00119377
624 0.000475279 -0.0006822
625 0.00166579 -0.00240427
626 0.00236498 -0.00346152
627 0.00243197 -0.00352739
628 0.00189271 -0.00256408
629 0.000917618 -0.000840352
630 -0.000232801 0.00114416
631 -0.00127653 0.00280591
632 -0.00197496 0.00365142
633 -0.00218066 0.00342593
634 -0.00186155 0.00219177
635 -0.00110108 0.000312408
636 -7.77554e-05 -0.00165415
637 0.000971158 -0.00312185
638 0.00179713 -0.00365353
639 0.00219308 -0.00309443
640 0.00204335 -0.00162034
641 0.00135961 0.000316132
642 0.000291003 0.00212565
643 -0.00090055 0.00326495
644 -0.00189973 0.00340413
645 -0.00242065 0.00252501
646 -0.00229118 0.000919736
647 -0.00151265 -0.000907685
648 -0.000273155 -0.00240288
649 0.00109436 -0.00313219
650 0.00220096 -0.00290925
651 0.00271341 -0.00184015
652 0.00245617 -0.00027771
653 0.00147208 0.00129583
654 2.1227e-05 0.00241834
655 -0.00148532 0.00278322
656 -0.00260084 0.00232155
657 -0.0029759 0.00121004
658 -0.00246956 -0.000193737
659 -0.00120337 -0.00146594
660 0.000462863 -0.00224463
661 0.00203139 -0.00233285
662 0.0030162 -0.00174698
663 0.00309682 -0.000698692
664 0.00222622 0.000480183
665 0.000654996 0.00144365
666 -0.00114002 0.00193382
667 -0.00260254 0.00184872
668 -0.00327269 0.00125801
669 -0.0029346 0.000366922
670 -0.00168713 -0.000555111
671 8.55684e-05 -0.00125608
672 0.0018341 -0.00156828
673 0.00301576 -0.00144355
674 0.00326388 -0.000952136
675 0.00250169 -0.000250897
676 0.000966122 0.000465809
677 -0.000865469 0.00101778
678 -0.00242308 0.00128053
679 -0.00322128 0.00120889
680 -0.00301143 0.000840194
681 -0.00186108 0.000279019
682 -0.000134375 -0.000331043
683 0.00162219 -0.000841661
684 0.00285353 -0.00113274
685 0.00317381 -0.00113792
686 0.00249007 -0.000858126
687 0.00103057 -0.00036115
688 -0.000731465 0.000232747
689 -0.00223309 0.000776874
690 -0.00300371 0.0011314
691 -0.0028139 0.00119756
692 -0.00174322 0.000945218
693 -0.000147716 0.000426117
694 0.00145944 -0.000232741
695 0.00257328 -0.000856831
696 0.00285511 -0.00126845
697 0.00223434 -0.00133721
698 0.000924686 -0.00102238
699 -0.000648286 -0.000393055
700 -0.00198397 0.000383073
701 -0.00266505 0.00108255
702 -0.00248801 0.00149035
703 -0.00152508 0.00146711
704 -9.80307e-05 0.000997748
705 0.00132809 0.000204381
706 0.00229674 -0.00068367
707 0.00250755 -0.00139598
708 0.00191101 -0.00170417
709 0.000719314 -0.0014962
710 -0.000668924 -0.000817261
711 -0.00180301 0.000137675
712 -0.00232745 0.00107938
713 -0.00209327 0.00171236
714 -0.00119864 0.00182822
715 5.11377e-05 0.00137482
716 0.00124771 0.000478135
717 0.00201221 -0.000591834
718 0.00211367 -0.00150213
719 0.00153735 -0.00196069
720 0.000483792 -0.00181064
721 -0.000699243 -0.00108441
722 -0.00162971 1.01794e-06
723 -0.00201346 0.00110827
724 -0.0017373 0.0018847
725 -0.000903381 0.00207547
726 0.000206384 0.00160826
727 0.00122454 0.000620783
728 0.00181986 -0.000579294
729 0.00180608 -0.00161071
730 0.00120102 -0.00214071
731 0.000216689 -0.00199333
732 -0.000815184 -0.00120817
733 -0.0015555 -3.00428e-05
734 -0.00176932 0.0011679
735 -0.00139958 0.00200299
736 -0.000580377 0.00220564
737 0.000411868 0.00170649
738 0.00125113 0.000659914
739 0.00166733 -0.000603814
740 0.00153143 -0.00168273
741 0.000894455 -0.00223107
742 -3.07732e-05 -0.00207022
743 -0.000938986 -0.00124724
744 -0.00153133 -2.16452e-05
745 -0.00161278 0.00121618
746 -0.00115674 0.00206948
747 -0.000315027 0.00226298
748 0.000631391 0.00173247
749 0.00136562 0.000646641
750 0.00164123 -0.000646641
751 0.00136562 -0.00173247
752 0.000631391 -0.00226298
753 -0.000315027 -0.00206948
754 -0.00115674 -0.00121618
755 -0.00161278 2.16452e-05
756 -0.00153133 0.00124724
757 -0.000938986 0.00207022
758 -3.07732e-05 0.00223107
759 0.000894455 0.00168273
760 0.00153143 0.000603814
761 0.00166733 -0.000659914
762 0.00125113 -0.00170649
763 0.000411868 -0.00220564
764 -0.000580377 -0.00200299
765 -0.00139958 -0.0011679
766 -0.00176932 3.00428e-05
767 -0.0015555 0.00120817
768 -0.000815184 0.00199333
769 0.000216689 0.00214071
770 0.00120102 0.00161071
771 0.00180608 0.000579294
772 0.00181986 -0.000620783
773 0.00122454 -0.00160826
774 0.000206384 -0.00207547
775 -0.000903381 -0.0018847
776 -0.0017373 -0.00110827
777 -0.00201346 -1.01794e-06
778 -0.00162971 0.00108441
779 -0.000699243 0.00181064
780 0.000483792 0.00196069
781 0.00153735 0.00150213
782 0.00211367 0.000591834
783 0.00201221 -0.000478135
784 0.00124771 -0.00137482
785 5.11377e-05 -0.00182822
786 -0.00119864 -0.00171236
787 -0.00209327 -0.00107938
788 -0.00232745 -0.000137675
789 -0.00180301 0.000817261
790 -0.000668924 0.0014962
791 0.000719314 0.00170417
792 0.00191101 0.00139598
793 0.00250755 0.00068367
794 0.00229674 -0.000204381
795 0.00132809 -0.000997748
796 -9.80307e-05 -0.00146711
797 -0.00152508 -0.00149035
798 -0.00248801 -0.00108255
799 -0.00266505 -0.000383073
800 -0.00198397 0.000393055
801 -0.000648286 0.00102238
802 0.000924686 0.00133721
803 0.00223434 0.00126845
804 0.00285511 0.000856831
805 0.00257328 0.000232741
806 0.00145944 -0.000426117
807 -0.000147716 -0.000945218
808 -0.00174322 -0.00119756
809 -0.0028139 -0.0011314
810 -0.00300371 -0.000776874
811 -0.00223309 -0.000232747
812 -0.000731465 0.00036115
813 0.00103057 0.000858126
814 0.00249007 0.00113792
815 0.00317381 0.00113274
816 0.00285353 0.000841661
817 0.00162219 0.000331043
818 -0.000134375 -0.000279019
819 -0.00186108 -0.000840194
820 -0.00301143 -0.00120889
821 -0.00322128 -0.00128053
822 -0.00242308 -0.00101778
823 -0.000865469 -0.000465809
824 0.000966122 0.000250897
825 0.00250169 0.000952136
826 0.00326388 0.00144355
827 0.00301576 0.00156828
828 0.0018341 0.00125608
829 8.55684e-05 0.000555111
830 -0.00168713 -0.000366922
831 -0.0029346 -0.00125801
832 -0.00327269 -0.00184872
833 -0.00260254 -0.00193382
834 -0.00114002 -0.00144365
835 0.000654996 -0.000480183
836 0.00222622 0.000698692
837 0.00309682 0.00174698
838 0.0030162 0.00233285
839 0.00203139 0.00224463
840 0.000462863 0.00146594
841 -0.00120337 0.000193737
842 -0.00246956 -0.00121004
843 -0.0029759 -0.00232155
844 -0.00260084 -0.00278322
845 -0.00148532 -0.00241834
846 2.1227e-05 -0.00129583
847 0.00147208 0.00027771
848 0.00245617 0.00184015
849 0.00271341 0.00290925
850 0.00220096 0.00313219
851 0.00109436 0.00240288
852 -0.000273155 0.000907685
853 -0.00151265 -0.000919736
854 -0.00229118 -0.00252501
855 -0.00242065 -0.00340413
856 -0.00189973 -0.00326495
857 -0.00090055 -0.00212565
858 0.000291003 -0.000316132
859 0.00135961 0.00162034
860 0.00204335 0.00309443
861 0.00219308 0.00365353
862 0.00179713 0.00312185
863 0.000971158 0.00165415
864 -7.77554e-05 -0.000312408
865 -0.00110108 -0.00219177
866 -0.00186155 -0.00342593
867 -0.00218066 -0.00365142
868 -0.00197496 -0.00280591
869 -0.00127653 -0.00114416
870 -0.000232801 0.000840352
871 0.000917618 0.00256408
872 0.00189271 0.00352739
873 0.00243197 0.00346152
874 0.00236498 0.00240427
875 0.00166579 0.0006822
876 0.000475279 -0.00119377
877 -0.00092003 -0.00268488
878 -0.00215284 -0.00338338
879 -0.00287041 -0.00312466
880 -0.00283606 -0.0020211
881 -0.00200724 -0.000412847
882 -0.00056455 0.00124274
883 0.00112218 0.00250476
884 0.0025866 0.00306494
885 0.00339503 0.00281641
886 0.00327633 0.00186316
887 0.00221317 0.000476219
888 0.00046391 -0.000985273
889 -0.00149713 -0.00216484
890 -0.0031086 -0.00278999
891 -0.00388544 -0.00272823
892 -0.00356818 -0.00200925
893 -0.00221111 -0.000811726
894 -0.000178413 0.000580229
895 0.00195483 0.00184096
896 0.00356964 0.00267437
897 0.00418806 0.00287832
898 0.00361867 0.00238996
899 0.00201644 0.00130337
900 -0.000162196 -0.000144758
901 -0.00229503 -0.00162041
902 -0.00377805 -0.00276244
903 -0.00420053 -0.00326586
904 -0.00345905 -0.00296164
905 -0.00177866 -0.00187303
906 0.000360851 -0.000229881
907 0.00236753 0.0015706
908 0.00370449 0.00305464
909 0.00403376 0.00379609
910 0.0032986 0.00354171
911 0.001726 0.00229923
912 -0.000246682 0.000356597
913 -0.00209652 -0.0017811
914 -0.00335524 -0.00352495
915 -0.0037266 -0.00436983
916 -0.00315146 -0.00404642
917 -0.00180743 -0.00260988
918 -4.86596e-05 -0.000434959
919 0.00169253 0.00188402
920 0.00301284 0.00370029
921 0.00362679 0.00449959
922 0.00341934 0.00404791
923 0.00245757 0.00245811
924 0.000966614 0.00015676
925 -0.000719776 -0.00223811
926 -0.00222378 -0.00409107
927 -0.00319504 -0.00492449
928 -0.00338149 -0.00454527
929 -0.00268942 -0.00308961
930 -0.00121944 -0.000976642
931 0.000736245 0.0012123
932 0.00274415 0.00289243
933 0.00432448 0.00362748
934 0.00507215 0.00323461
935 0.00477268 0.00181713
936 0.00347739 -0.000278415
937 0.00151102 -0.00256374
938 -0.000597454 -0.00453731
939 -0.00224635 -0.0058044
940 -0.00292123 -0.00615997
941 -0.00233874 -0.00561981
942 -0.0005327 -0.00440109
943 0.00214426 -0.00286502
944 0.0051073 -0.00143915
945 0.00769302 -0.000535014
946 0.00933942 -0.000472581
947 0.00974241 -0.00141913
948 0.00894426 -0.00335034
949 0.00732753 -0.00604241
950 0.00551476 -0.00910392
951 0.00420188 -0.0120502
952 0.00397289 -0.0144117
953 0.00514847 -0.0158552
954 0.0077108 -0.0162843
955 0.0113226 -0.0158888
956 0.015431 -0.0151206
957 0.0194217 -0.0145949
958 0.0227791 -0.0149405
959 0.0252087 -0.0166359
960 0.0266934 -0.0198794
961 0.0274796 -0.02453
962 0.0280043 -0.0301371
963 0.0287888 -0.0360548
964 0.030329 -0.0416105
965 0.0330008 -0.0462836
966 0.0369975 -0.0498467
967 0.0423011 -0.0524295
968 0.0486883 -0.054489
969 0.0557711 -0.0566917
970 0.0630654 -0.0597405
971 0.0700857 -0.0641952
972 0.0764488 -0.0703339
973 0.0819682 -0.0780925
974 0.0867149 -0.0870948
975 0.091021 -0.0967582
976 0.0954184 -0.106442
977 0.10052 -0.115594
978 0.106866 -0.123866
979 0.114781 -0.131164
980 0.124272 -0.137642
981 0.135006 -0.143648
982 0.146369 -0.149632
983 0.157599 -0.156055
984 0.167965 -0.163288
985 0.176934 -0.171537
986 0.184296 -0.180784
987 0.190201 -0.190773
988 0.195107 -0.201018
989 0.199643 -0.210877
990 0.20443 -0.219654
991 0.209902 -0.226738
992 0.216182 -0.231725
993 0.223033 -0.234514
994 0.229912 -0.23533
995 0.236086 -0.234659
996 0.240792 -0.233123
997 0.243386 -0.2313
998 0.243452 -0.229556
999 0.240854 -0.22793
