0 -0.0472385 -0.0472067
1 -0.0442576 -0.0432902
2 -0.0367415 -0.0347454
3 -0.0254261 -0.0224027
4 -0.0113885 -0.00752081
5 0.00405198 0.00836722
6 0.0194387 0.0236401
7 0.0332914 0.0367722
8 0.044231 0.046487
9 0.0511127 0.0518635
10 0.0531563 0.0523938
11 0.0500518 0.0480024
12 0.042014 0.0390373
13 0.0297715 0.0262415
14 0.0144837 0.0107044
15 -0.00239682 -0.00621104
16 -0.0192916 -0.0229736
17 -0.0346602 -0.0380195
18 -0.047138 -0.0499091
19 -0.0556361 -0.0574828
20 -0.0594068 -0.0599906
21 -0.0580826 -0.0571701
22 -0.0516983 -0.0492611
23 -0.0406983 -0.0369582
24 -0.0259222 -0.021318
25 -0.00855726 -0.00364348
26 0.00994835 0.0146312
27 0.0280125 0.0320453
28 0.0440716 0.0472038
29 0.056737 0.0588637
30 0.0649294 0.0660222
31 0.0679698 0.0680049
32 0.0656189 0.0645428
33 0.0580659 0.0558187
34 0.0458837 0.0424677
35 0.0299646 0.0255211
36 0.0114525 0.00630392
37 -0.00832585 -0.0136981
38 -0.0279349 -0.0329748
39 -0.0459166 -0.0501108
40 -0.0608948 -0.0638763
41 -0.0716909 -0.0732899
42 -0.0774349 -0.0776621
43 -0.0776503 -0.0766274
44 -0.072294 -0.070171
45 -0.0617449 -0.0586447
46 -0.0467459 -0.0427634
47 -0.0283211 -0.0235697
48 -0.00768483 -0.00236209
49 0.0138397 0.0194087
50 0.0348895 0.0402626
51 0.0541251 0.0588114
52 0.0702968 0.0738576
53 0.0823197 0.0844618
54 0.0893545 0.0899764
55 0.0908804 0.0900555
56 0.0867449 0.0846536
57 0.077176 0.0740236
58 0.0627546 0.0587141
59 0.0443522 0.0395579
60 0.0230512 0.0176389
61 6.21126e-05 -0.00576998
62 -0.0233478 -0.0292976
63 -0.0459128 -0.0515797
64 -0.066416 -0.0713592
65 -0.0837367 -0.0875634
66 -0.0969026 -0.0993493
67 -0.105149 -0.10612
68 -0.107975 -0.107525
69 -0.105187 -0.103461
70 -0.096915 -0.0940704
71 -0.0835892 -0.0797522
72 -0.0658947 -0.0611567
73 -0.0447049 -0.0391648
74 -0.0210175 -0.0148393
75 0.00409733 0.0106449
76 0.0295326 0.0360817
77 0.0541721 0.0603094
78 0.0769211 0.0822676
79 0.0967507 0.101032
80 0.112754 0.115833
81 0.124208 0.126062
82 0.130615 0.131282
83 0.131732 0.131245
84 0.127555 0.12591
85 0.11829 0.115457
86 0.104316 0.100287
87 0.0861506 0.0810004
88 0.0644301 0.0583492
89 0.039902 0.0331866
90 0.013413 0.00641171
91 -0.0141123 -0.0210716
92 -0.0417105 -0.0483781
93 -0.0684306 -0.0746515
94 -0.0933864 -0.099072
95 -0.115799 -0.120872
96 -0.135017 -0.139364
97 -0.150523 -0.153977
98 -0.161921 -0.164293
99 -0.168929 -0.17006
100 -0.171371 -0.171192
101 -0.16919 -0.167743
102 -0.162451 -0.159871
103 -0.151352 -0.147817
104 -0.136221 -0.131888
105 -0.117491 -0.112461
106 -0.0956718 -0.0899917
107 -0.0713095 -0.0650129
108 -0.0449587 -0.038115
109 -0.0171648 -0.00991382
110 0.0115375 0.0189885
111 0.0406193 0.0480352
112 0.0695544 0.0767286
113 0.0978275 0.104626
114 0.124955 0.131328
115 0.150512 0.156464
116 0.174156 0.179696
117 0.195634 0.200732
118 0.21477 0.219345
119 0.231451 0.235385
120 0.245596 0.24879
121 0.25715 0.259563
122 0.266088 0.267759
123 0.272432 0.27346
124 0.27626 0.276763
125 0.277717 0.277779
126 0.276995 0.276639
127 0.274306 0.273508
128 0.269862 0.268585
129 0.263853 0.262095
130 0.256452 0.254274
131 0.247831 0.24535
132 0.238176 0.235527
133 0.227695 0.224984
134 0.216605 0.213876
135 0.205116 0.202353
136 0.193409 0.190566
137 0.181622 0.178674
138 0.16986 0.16683
139 0.158206 0.155174
140 0.146745 0.143812
141 0.135565 0.132814
142 0.124761 0.122219
143 0.11442 0.112053
144 0.104602 0.102342
145 0.0953367 0.0931264
146 0.0866237 0.0844508
147 0.0784483 0.0763547
148 0.0707962 0.0688545
149 0.0636638 0.0619359
150 0.0570581 0.05556
151 0.0509877 0.0496794
152 0.0454509 0.044258
153 0.0404278 0.0392808
154 0.0358799 0.0347506
155 0.0317596 0.0306721
156 0.0280215 0.0270343
157 0.0246327 0.0238011
158 0.0215757 0.0209167
159 0.0188427 0.0183224
160 0.0164256 0.0159755
161 0.0143061 0.0138594
162 0.0124526 0.0119779
163 0.0108231 0.0103388
164 0.00937644 0.00893548
165 0.00808198 0.00773858
166 0.00692589 0.00670169
167 0.00590838 0.00577832
168 0.00503416 0.00493933
169 0.00430082 0.00418057
170 0.00369167 0.00351624
171 0.00317718 0.00296229
172 0.00272457 0.00251992
173 0.00231025 0.00216898
174 0.00192808 0.00187497
175 0.0015883 0.00160497
176 0.00130743 0.00134268
177 0.00109466 0.00109351
178 0.000942505 0.000877133
179 0.000827675 0.000712176
180 0.000721643 0.000602555
181 0.000605101 0.000533436
182 0.00047757 0.000478803
183 0.000356214 0.00041558
184 0.000264224 0.00033559
185 0.00021551 0.000248327
186 0.000204894 0.000173334
187 0.000209867 0.000127203
188 0.000203089 0.00011316
189 0.000168173 0.000119214
190 0.000109156 0.000125448
191 4.77046e-05 0.000115631
192 9.5852e-06 8.60454e-05
193 8.52458e-06 4.65178e-05
194 3.73602e-05 1.35406e-05
195 7.20003e-05 4.16976e-10
196 8.5881e-05 7.72956e-06
197 6.60849e-05 2.70167e-05
198 2.11731e-05 4.28656e-05
199 -2.41743e-05 4.38814e-05
200 -4.44684e-05 2.84497e-05
201 -2.92396e-05 4.85191e-06
202 1.04181e-05 -1.42757e-05
203 4.86605e-05 -1.95183e-05
204 6.08532e-05 -9.81274e-06
205 3.87726e-05 7.57049e-06
206 -4.39178e-06 2.17447e-05
207 -4.23308e-05 2.45658e-05
208 -5.2024e-05 1.49329e-05
209 -2.80358e-05 -1.18426e-06
210 1.41899e-05 -1.46289e-05
211 4.80494e-05 -1.8366e-05
212 5.23971e-05 -1.11792e-05
213 2.46668e-05 2.11722e-06
214 -1.76772e-05 1.37575e-05
215 -4.81965e-05 1.74441e-05
216 -4.80588e-05 1.1624e-05
217 -1.77363e-05 -2.22052e-08
218 2.34598e-05 -1.09069e-05
219 4.9628e-05 -1.52293e-05
220 4.4544e-05 -1.10077e-05
221 1.17233e-05 -9.20764e-07
222 -2.79767e-05 9.33908e-06
223 -4.96046e-05 1.42114e-05
224 -3.98087e-05 1.12162e-05
225 -5.10373e-06 2.18118e-06
226 3.24173e-05 -7.84171e-06
227 4.91221e-05 -1.33544e-05
228 3.47203e-05 -1.13928e-05
229 -1.38585e-06 -3.11809e-06
230 -3.62089e-05 6.8365e-06
231 -4.77938e-05 1.29178e-05
232 -2.90601e-05 1.17258e-05
233 7.85826e-06 3.92069e-06
234 3.94438e-05 -6.11198e-06
235 4.57572e-05 -1.2693e-05
236 2.30204e-05 -1.2052e-05
237 -1.41175e-05 -4.50248e-06
238 -4.19951e-05 5.67695e-06
239 -4.2993e-05 1.26437e-05
240 -1.66635e-05 1.23441e-05
241 2.00924e-05 4.89126e-06
242 4.38489e-05 -5.44222e-06
243 3.95629e-05 -1.26637e-05
244 1.00916e-05 -1.25446e-05
245 -2.56964e-05 -5.11355e-06
246 -4.49764e-05 5.324e-06
247 -3.5503e-05 1.26813e-05
248 -3.38015e-06 1.26505e-05
249 3.08595e-05 5.23627e-06
250 4.53567e-05 -5.23627e-06
251 3.08595e-05 -1.26505e-05
252 -3.38015e-06 -1.26813e-05
253 -3.5503e-05 -5.324e-06
254 -4.49764e-05 5.11355e-06
255 -2.56964e-05 1.25446e-05
256 1.00916e-05 1.26637e-05
257 3.95629e-05 5.44222e-06
258 4.38489e-05 -4.89126e-06
259 2.00924e-05 -1.23441e-05
260 -1.66635e-05 -1.26437e-05
261 -4.2993e-05 -5.67695e-06
262 -4.19951e-05 4.50248e-06
263 -1.41175e-05 1.2052e-05
264 2.30204e-05 1.2693e-05
265 4.57572e-05 6.11198e-06
266 3.94438e-05 -3.92069e-06
267 7.85826e-06 -1.17258e-05
268 -2.90601e-05 -1.29178e-05
269 -4.77938e-05 -6.8365e-06
270 -3.62089e-05 3.11809e-06
271 -1.38585e-06 1.13928e-05
272 3.47203e-05 1.33544e-05
273 4.91221e-05 7.84171e-06
274 3.24173e-05 -2.18118e-06
275 -5.10373e-06 -1.12162e-05
276 -3.98087e-05 -1.42114e-05
277 -4.96046e-05 -9.33908e-06
278 -2.79767e-05 9.20764e-07
279 1.17233e-05 1.10077e-05
280 4.4544e-05 1.52293e-05
281 4.9628e-05 1.09069e-05
282 2.34598e-05 2.22052e-08
283 -1.77363e-05 -1.1624e-05
284 -4.80588e-05 -1.74441e-05
285 -4.81965e-05 -1.37575e-05
286 -1.76772e-05 -2.11722e-06
287 2.46668e-05 1.11792e-05
288 5.23971e-05 1.8366e-05
289 4.80494e-05 1.46289e-05
290 1.41899e-05 1.18426e-06
291 -2.80358e-05 -1.49329e-05
292 -5.2024e-05 -2.45658e-05
293 -4.23308e-05 -2.17447e-05
294 -4.39178e-06 -7.57049e-06
295 3.87726e-05 9.81274e-06
296 6.08532e-05 1.95183e-05
297 4.86605e-05 1.42757e-05
298 1.04181e-05 -4.85191e-06
299 -2.92396e-05 -2.84497e-05
300 -4.44684e-05 -4.38814e-05
301 -2.41743e-05 -4.28656e-05
302 2.11731e-05 -2.70167e-05
303 6.60849e-05 -7.72956e-06
304 8.5881e-05 -4.16977e-10
305 7.20003e-05 -1.35406e-05
306 3.73602e-05 -4.65178e-05
307 8.52458e-06 -8.60454e-05
308 9.5852e-06 -0.000115631
309 4.77046e-05 -0.000125448
310 0.000109156 -0.000119214
311 0.000168173 -0.00011316
312 0.000203089 -0.000127203
313 0.000209867 -0.000173334
314 0.000204894 -0.000248327
315 0.00021551 -0.00033559
316 0.000264224 -0.00041558
317 0.000356214 -0.000478803
318 0.00047757 -0.000533436
319 0.000605101 -0.000602555
320 0.000721643 -0.000712176
321 0.000827675 -0.000877133
322 0.000942505 -0.00109351
323 0.00109466 -0.00134268
324 0.00130743 -0.00160497
325 0.0015883 -0.00187497
326 0.00192808 -0.00216898
327 0.00231025 -0.00251992
328 0.00272457 -0.00296229
329 0.00317718 -0.00351624
330 0.00369167 -0.00418057
331 0.00430082 -0.00493933
332 0.00503416 -0.00577832
333 0.00590838 -0.00670169
334 0.00692589 -0.00773858
335 0.00808198 -0.00893548
336 0.00937644 -0.0103388
337 0.0108231 -0.0119779
338 0.0124526 -0.0138594
339 0.0143061 -0.0159755
340 0.0164256 -0.0183224
341 0.0188427 -0.0209167
342 0.0215757 -0.0238011
343 0.0246327 -0.0270343
344 0.0280215 -0.0306721
345 0.0317596 -0.0347506
346 0.0358799 -0.0392808
347 0.0404278 -0.044258
348 0.0454509 -0.0496794
349 0.0509877 -0.05556
350 0.0570581 -0.0619359
351 0.0636638 -0.0688545
352 0.0707962 -0.0763547
353 0.0784483 -0.0844508
354 0.0866237 -0.0931264
355 0.0953367 -0.102342
356 0.104602 -0.112053
357 0.11442 -0.122219
358 0.124761 -0.132814
359 0.135565 -0.143812
360 0.146745 -0.155174
361 0.158206 -0.16683
362 0.16986 -0.178674
363 0.181622 -0.190566
364 0.193409 -0.202353
365 0.205116 -0.213876
366 0.216605 -0.224984
367 0.227695 -0.235527
368 0.238176 -0.24535
369 0.247831 -0.254274
370 0.256452 -0.262095
371 0.263853 -0.268585
372 0.269862 -0.273508
373 0.274306 -0.276639
374 0.276995 -0.277779
375 0.277717 -0.276763
376 0.27626 -0.27346
377 0.272432 -0.267759
378 0.266088 -0.259563
379 0.25715 -0.24879
380 0.245596 -0.235385
381 0.231451 -0.219345
382 0.21477 -0.200732
383 0.195634 -0.179696
384 0.174156 -0.156464
385 0.150512 -0.131328
386 0.124955 -0.104626
387 0.0978275 -0.0767286
388 0.0695544 -0.0480352
389 0.0406193 -0.0189885
390 0.0115375 0.00991382
391 -0.0171648 0.038115
392 -0.0449587 0.0650129
393 -0.0713095 0.0899917
394 -0.0956718 0.112461
395 -0.117491 0.131888
396 -0.136221 0.147817
397 -0.151352 0.159871
398 -0.162451 0.167743
399 -0.16919 0.171192
400 -0.171371 0.17006
401 -0.168929 0.164293
402 -0.161921 0.153977
403 -0.150523 0.139364
404 -0.135017 0.120872
405 -0.115799 0.099072
406 -0.0933864 0.0746515
407 -0.0684306 0.0483781
408 -0.0417105 0.0210716
409 -0.0141123 -0.00641171
410 0.013413 -0.0331866
411 0.039902 -0.0583492
412 0.0644301 -0.0810004
413 0.0861506 -0.100287
414 0.104316 -0.115457
415 0.11829 -0.12591
416 0.127555 -0.131245
417 0.131732 -0.131282
418 0.130615 -0.126062
419 0.124208 -0.115833
420 0.112754 -0.101032
421 0.0967507 -0.0822676
422 0.0769211 -0.0603094
423 0.0541721 -0.0360817
424 0.0295326 -0.0106449
425 0.00409733 0.0148393
426 -0.0210175 0.0391648
427 -0.0447049 0.0611567
428 -0.0658947 0.0797522
429 -0.0835892 0.0940704
430 -0.096915 0.103461
431 -0.105187 0.107525
432 -0.107975 0.10612
433 -0.105149 0.0993493
434 -0.0969026 0.0875634
435 -0.0837367 0.0713592
436 -0.066416 0.0515797
437 -0.0459128 0.0292976
438 -0.0233478 0.00576998
439 6.21126e-05 -0.0176389
440 0.0230512 -0.0395579
441 0.0443522 -0.0587141
442 0.0627546 -0.0740236
443 0.077176 -0.0846536
444 0.0867449 -0.0900555
445 0.0908804 -0.0899764
446 0.0893545 -0.0844618
447 0.0823197 -0.0738576
448 0.0702968 -0.0588114
449 0.0541251 -0.0402626
450 0.0348895 -0.0194087
451 0.0138397 0.00236209
452 -0.00768483 0.0235697
453 -0.0283211 0.0427634
454 -0.0467459 0.0586447
455 -0.0617449 0.070171
456 -0.072294 0.0766274
457 -0.0776503 0.0776621
458 -0.0774349 0.0732899
459 -0.0716909 0.0638763
460 -0.0608948 0.0501108
461 -0.0459166 0.0329748
462 -0.0279349 0.0136981
463 -0.00832585 -0.00630392
464 0.0114525 -0.0255211
465 0.0299646 -0.0424677
466 0.0458837 -0.0558187
467 0.0580659 -0.0645428
468 0.0656189 -0.0680049
469 0.0679698 -0.0660222
470 0.0649294 -0.0588637
471 0.056737 -0.0472038
472 0.0440716 -0.0320453
473 0.0280125 -0.0146312
474 0.00994835 0.00364348
475 -0.00855726 0.021318
476 -0.0259222 0.0369582
477 -0.0406983 0.0492611
478 -0.0516983 0.0571701
479 -0.0580826 0.0599906
480 -0.0594068 0.0574828
481 -0.0556361 0.0499091
482 -0.047138 0.0380195
483 -0.0346602 0.0229736
484 -0.0192916 0.00621104
485 -0.00239682 -0.0107044
486 0.0144837 -0.0262415
487 0.0297715 -0.0390373
488 0.042014 -0.0480024
489 0.0500518 -0.0523938
490 0.0531563 -0.0518635
491 0.0511127 -0.046487
492 0.044231 -0.0367722
493 0.0332914 -0.0236401
494 0.0194387 -0.00836722
495 0.00405198 0.00752081
496 -0.0113885 0.0224027
497 -0.0254261 0.0347454
498 -0.0367415 0.0432902
499 -0.0442576 0.0472067
500 -0.0472385 0.046185
501 -0.0453766 0.0404536
502 -0.0388524 0.0307262
503 -0.0283478 0.0180969
504 -0.0149978 0.00390934
505 -0.00027421 -0.0103789
506 0.0141878 -0.0233256
507 0.0267937 -0.0336236
508 0.0361893 -0.0402163
509 0.0414205 -0.0424044
510 0.0420301 -0.0399382
511 0.0380814 -0.0330758
512 0.0301186 -0.0225868
513 0.0190816 -0.00968606
514 0.00619773 0.00410439
515 -0.00713819 0.0171486
516 -0.0194875 0.0279146
517 -0.0294985 0.0351779
518 -0.0360437 0.0381731
519 -0.0383563 0.0366719
520 -0.0361454 0.0309812
521 -0.0296655 0.0218732
522 -0.0197136 0.0104706
523 -0.00754261 -0.00188968
524 0.00530389 -0.0137963
525 0.0172077 -0.0238989
526 0.0267041 -0.0310379
527 0.0326787 -0.0343691
528 0.0345015 -0.0334731
529 0.0320803 -0.0284351
530 0.0258381 -0.0198698
531 0.0166294 -0.00887227
532 0.00561944 0.00311242
533 -0.00585241 0.0144885
534 -0.0164137 0.0237445
535 -0.0247975 0.0296804
536 -0.0299767 0.0315817
537 -0.0312896 0.0293094
538 -0.0285416 0.0232938
539 -0.0220635 0.0144424
540 -0.0127033 0.00398845
541 -0.00173435 -0.00668741
542 0.00931597 -0.016232
543 0.0188951 -0.0234716
544 0.02567 -0.0275329
545 0.0287375 -0.027931
546 0.0277587 -0.0246252
547 0.0229922 -0.0180398
548 0.0152259 -0.00903729
549 0.00563062 0.00116436
550 -0.00442953 0.0111376
551 -0.0135933 0.0194437
552 -0.0206744 0.0248577
553 -0.0247934 0.0265767
554 -0.0254648 0.0243674
555 -0.0226416 0.018614
556 -0.0167207 0.0102545
557 -0.00850637 0.000615277
558 0.000869499 -0.00882026
559 0.0100779 -0.016658
560 0.0177682 -0.0218076
561 0.0227712 -0.0236275
562 0.0242991 -0.0219861
563 0.0220986 -0.0172412
564 0.016519 -0.0101574
565 0.00846991 -0.00178421
566 -0.000730546 0.00668547
567 -0.00958886 0.0140608
568 -0.0167017 0.0192961
569 -0.0209973 0.0216255
570 -0.0219033 0.0206776
571 -0.0194142 0.0165544
572 -0.0140534 0.0098511
573 -0.00675263 0.00159824
574 0.00131996 -0.0068814
575 0.00894486 -0.0141869
576 0.0150208 -0.0190885
577 0.0187007 -0.0207609
578 0.0194885 -0.0189469
579 0.0172941 -0.0140099
580 0.0124483 -0.00686319
581 0.00567373 0.00121212
582 -0.00199573 0.00881513
583 -0.00934767 0.0146858
584 -0.0151715 0.0179214
585 -0.0184635 0.0181103
586 -0.0186207 0.0153635
587 -0.0155781 0.0102542
588 -0.00985104 0.00368928
589 -0.00245993 -0.003253
590 0.0052546 -0.00948879
591 0.0118911 -0.014076
592 0.0162645 -0.0163328
593 0.017637 -0.0159237
594 0.0158528 -0.0129091
595 0.011347 -0.00775238
596 0.00503433 -0.00127474
597 -0.00189157 0.0054496
598 -0.00819724 0.0112557
599 -0.0128339 0.0150892
600 -0.015104 0.0162126
601 -0.0147467 0.0143701
602 -0.0119402 0.00986863
603 -0.00723756 0.00354344
604 -0.00145776 -0.00339291
605 0.0044439 -0.00959308
606 0.00951167 -0.0138557
607 0.0129206 -0.0153794
608 0.0140959 -0.013929
609 0.0128099 -0.00987423
610 0.00923999 -0.00409424
611 0.00397011 0.00222613
612 -0.00207981 0.00785506
613 -0.00779804 0.011765
614 -0.0120828 0.0133205
615 -0.0140657 0.0123688
616 -0.0133083 0.00922527
617 -0.00992042 0.00457297
618 -0.00456324 -0.000691444
619 0.00167354 -0.0056271
620 0.00750038 -0.00940302
621 0.0117109 -0.0114172
622 0.0134513 -0.0113722
623 0.0124099 -0.00930744
624 0.00887818 -0.00558931
625 0.00367112 -0.000861449
626 -0.00207106 0.00404433
627 -0.0071471 0.00823339
628 -0.0105579 0.0108996
629 -0.0117071 0.011482
630 -0.0104972 0.00979676
631 -0.00730941 0.00610803
632 -0.00288538 0.00111129
633 0.00185283 -0.00418403
634 0.0059963 -0.008657
635 0.00881552 -0.0113229
636 0.00987174 -0.0115675
637 0.00906347 -0.00930645
638 0.00661327 -0.00502419
639 0.00300906 0.000325344
640 -0.00108432 0.00553637
641 -0.00493001 0.0094357
642 -0.00783125 0.0111626
643 -0.00924219 0.0103719
644 -0.00886639 0.00730937
645 -0.00672693 0.00273909
646 -0.00318937 -0.00225357
647 0.0010787 -0.0065314
648 0.00521691 -0.00917517
649 0.00833891 -0.00968622
650 0.00972663 -0.00807553
651 0.00900796 -0.00482546
652 0.00627034 -0.000744434
653 0.00207284 0.0032406
654 -0.00265793 0.00629796
655 -0.00683233 0.00786093
656 -0.00945749 0.00772008
657 -0.00988745 0.00602834
658 -0.00799648 0.00323102
659 -0.00422498 -5.22283e-05
660 0.000519932 -0.00316128
661 0.00508707 -0.00551714
662 0.00837071 -0.00671307
663 0.00959038 -0.00656773
664 0.0084865 -0.00514111
665 0.00538003 -0.00271738
666 0.00108119 0.000241307
667 -0.00332641 0.00316666
668 -0.00676706 0.0054774
669 -0.00844392 0.00668489
670 -0.00802881 0.00649587
671 -0.00572375 0.00489081
672 -0.00218388 0.00215512
673 0.00167123 -0.00115395
674 0.00490204 -0.00430899
675 0.00678223 -0.00656828
676 0.00696113 -0.0073542
677 0.00551957 -0.00640973
678 0.00291441 -0.00388858
679 -0.000163858 -0.00034648
680 -0.00297584 0.00337418
681 -0.00491046 0.00634507
682 -0.00561208 0.00778982
683 -0.00503327 0.00729614
684 -0.00341044 0.00494158
685 -0.00117916 0.00129291
686 0.00114206 -0.00272759
687 0.00306828 -0.00607787
688 0.00424009 -0.00787262
689 0.00447691 -0.00762522
690 0.00378992 -0.00538676
691 0.00236083 -0.00174087
692 0.000497067 0.00234771
693 -0.00142666 0.00579137
694 -0.00303226 0.00767458
695 -0.00400138 0.00750377
696 -0.00413152 0.00534213
697 -0.00337782 0.00179099
698 -0.00187204 -0.00217729
699 8.94047e-05 -0.00548825
700 0.0020924 -0.00726056
701 0.00368446 -0.00704507
702 0.00447421 -0.00494163
703 0.00423016 -0.0015626
704 0.00295316 0.00214467
705 0.000898693 0.00516488
706 -0.00146442 0.00669548
707 -0.00355645 0.00636269
708 -0.0048293 0.00431386
709 -0.00491379 0.00116315
710 -0.00373114 -0.00219116
711 -0.00153374 -0.00482331
712 0.00114193 -0.00603708
713 0.00360409 -0.00555118
714 0.00518587 -0.00356338
715 0.00542945 -0.000679192
716 0.00422254 0.00227048
717 0.00184535 0.00446816
718 -0.00109023 0.00533645
719 -0.00379752 0.00468985
720 -0.00552787 0.00277174
721 -0.00578104 0.000170144
722 -0.00445307 -0.0023599
723 -0.00187703 -0.00411434
724 0.00125842 -0.00463566
725 0.00409326 -0.00383172
726 0.00583383 -0.0019871
727 0.00597755 0.000332194
728 0.00446052 0.00244973
729 0.00168407 0.00377414
730 -0.00159035 0.00396319
731 -0.00445036 0.00301112
732 -0.0060886 0.00123768
733 -0.0060327 -0.000814926
734 -0.00428339 -0.00254481
735 -0.00131965 -0.00346484
736 0.00203205 -0.00333871
737 0.00482886 -0.00224092
738 0.00627791 -0.000525495
739 0.00596252 0.00128489
740 0.00396315 0.0026554
741 0.000837927 0.00319479
742 -0.00253307 0.00276572
743 -0.0051962 0.00151885
744 -0.00639501 -0.00015712
745 -0.00578619 -0.00175372
746 -0.00353859 -0.00279387
747 -0.000286639 -0.00297198
748 0.00304912 -0.00224253
749 0.00552325 -0.000831576
750 0.00643409 0.000831576
751 0.00552325 0.00224253
752 0.00304912 0.00297198
753 -0.000286639 0.00279387
754 -0.00353859 0.00175372
755 -0.00578619 0.00015712
756 -0.00639501 -0.00151885
757 -0.0051962 -0.00276572
758 -0.00253307 -0.00319479
759 0.000837927 -0.0026554
760 0.00396315 -0.00128489
761 0.00596252 0.000525495
762 0.00627791 0.00224092
763 0.00482886 0.00333871
764 0.00203205 0.00346484
765 -0.00131965 0.00254481
766 -0.00428339 0.000814926
767 -0.0060327 -0.00123768
768 -0.0060886 -0.00301112
769 -0.00445036 -0.00396319
770 -0.00159035 -0.00377414
771 0.00168407 -0.00244973
772 0.00446052 -0.000332194
773 0.00597755 0.0019871
774 0.00583383 0.00383172
775 0.00409326 0.00463566
776 0.00125842 0.00411434
777 -0.00187703 0.0023599
778 -0.00445307 -0.000170144
779 -0.00578104 -0.00277174
780 -0.00552787 -0.00468985
781 -0.00379752 -0.00533645
782 -0.00109023 -0.00446816
783 0.00184535 -0.00227048
784 0.00422254 0.000679192
785 0.00542945 0.00356338
786 0.00518587 0.00555118
787 0.00360409 0.00603708
788 0.00114193 0.00482331
789 -0.00153374 0.00219116
790 -0.00373114 -0.00116315
791 -0.00491379 -0.00431386
792 -0.0048293 -0.00636269
793 -0.00355645 -0.00669548
794 -0.00146442 -0.00516488
795 0.000898693 -0.00214467
796 0.00295316 0.0015626
797 0.00423016 0.00494163
798 0.00447421 0.00704507
799 0.00368446 0.00726056
800 0.0020924 0.00548825
801 8.94047e-05 0.00217729
802 -0.00187204 -0.00179099
803 -0.00337782 -0.00534213
804 -0.00413152 -0.00750377
805 -0.00400138 -0.00767458
806 -0.00303226 -0.00579137
807 -0.00142666 -0.00234771
808 0.000497067 0.00174087
809 0.00236083 0.00538676
810 0.00378992 0.00762522
811 0.00447691 0.00787262
812 0.00424009 0.00607787
813 0.00306828 0.00272759
814 0.00114206 -0.00129291
815 -0.00117916 -0.00494158
816 -0.00341044 -0.00729614
817 -0.00503327 -0.00778982
818 -0.00561208 -0.00634507
819 -0.00491046 -0.00337418
820 -0.00297584 0.00034648
821 -0.000163858 0.00388858
822 0.00291441 0.00640973
823 0.00551957 0.0073542
824 0.00696113 0.00656828
825 0.00678223 0.00430899
826 0.00490204 0.00115395
827 0.00167123 -0.00215512
828 -0.00218388 -0.00489081
829 -0.00572375 -0.00649587
830 -0.00802881 -0.00668489
831 -0.00844392 -0.0054774
832 -0.00676706 -0.00316666
833 -0.00332641 -0.000241307
834 0.00108119 0.00271738
835 0.00538003 0.00514111
836 0.0084865 0.00656773
837 0.00959038 0.00671307
838 0.00837071 0.00551714
839 0.00508707 0.00316128
840 0.000519932 5.22283e-05
841 -0.00422498 -0.00323102
842 -0.00799648 -0.00602834
843 -0.00988745 -0.00772008
844 -0.00945749 -0.00786093
845 -0.00683233 -0.00629796
846 -0.00265793 -0.0032406
847 0.00207284 0.000744434
848 0.00627034 0.00482546
849 0.00900796 0.00807553
850 0.00972663 0.00968622
851 0.00833891 0.00917517
852 0.00521691 0.0065314
853 0.0010787 0.00225357
854 -0.00318937 -0.00273909
855 -0.00672693 -0.00730937
856 -0.00886639 -0.0103719
857 -0.00924219 -0.0111626
858 -0.00783125 -0.0094357
859 -0.00493001 -0.00553637
860 -0.00108432 -0.000325344
861 0.00300906 0.00502419
862 0.00661327 0.00930645
863 0.00906347 0.0115675
864 0.00987174 0.0113229
865 0.00881552 0.008657
866 0.0059963 0.00418403
867 0.00185283 -0.00111129
868 -0.00288538 -0.00610803
869 -0.00730941 -0.00979676
870 -0.0104972 -0.011482
871 -0.0117071 -0.0108996
872 -0.0105579 -0.00823339
873 -0.0071471 -0.00404433
874 -0.00207106 0.000861449
875 0.00367112 0.00558931
876 0.00887818 0.00930744
877 0.0124099 0.0113722
878 0.0134513 0.0114172
879 0.0117109 0.00940302
880 0.00750038 0.0056271
881 0.00167354 0.000691444
882 -0.00456324 -0.00457297
883 -0.00992042 -0.00922527
884 -0.0133083 -0.0123688
885 -0.0140657 -0.0133205
886 -0.0120828 -0.011765
887 -0.00779804 -0.00785506
888 -0.00207981 -0.00222613
889 0.00397011 0.00409424
890 0.00923999 0.00987423
891 0.0128099 0.013929
892 0.0140959 0.0153794
893 0.0129206 0.0138557
894 0.00951167 0.00959308
895 0.0044439 0.00339291
896 -0.00145776 -0.00354344
897 -0.00723756 -0.00986863
898 -0.0119402 -0.0143701
899 -0.0147467 -0.0162126
900 -0.015104 -0.0150892
901 -0.0128339 -0.0112557
902 -0.00819724 -0.0054496
903 -0.00189157 0.00127474
904 0.00503433 0.00775238
905 0.011347 0.0129091
906 0.0158528 0.0159237
907 0.017637 0.0163328
908 0.0162645 0.014076
909 0.0118911 0.00948879
910 0.0052546 0.003253
911 -0.00245993 -0.00368928
912 -0.00985104 -0.0102542
913 -0.0155781 -0.0153635
914 -0.0186207 -0.0181103
915 -0.0184635 -0.0179214
916 -0.0151715 -0.0146858
917 -0.00934767 -0.00881513
918 -0.00199573 -0.00121212
919 0.00567373 0.00686319
920 0.0124483 0.0140099
921 0.0172941 0.0189469
922 0.0194885 0.0207609
923 0.0187007 0.0190885
924 0.0150208 0.0141869
925 0.00894486 0.0068814
926 0.00131996 -0.00159824
927 -0.00675263 -0.0098511
928 -0.0140534 -0.0165544
929 -0.0194142 -0.0206776
930 -0.0219033 -0.0216255
931 -0.0209973 -0.0192961
932 -0.0167017 -0.0140608
933 -0.00958886 -0.00668547
934 -0.000730546 0.00178421
935 0.00846991 0.0101574
936 0.016519 0.0172412
937 0.0220986 0.0219861
938 0.0242991 0.0236275
939 0.0227712 0.0218076
940 0.0177682 0.016658
941 0.0100779 0.00882026
942 0.000869499 -0.000615277
943 -0.00850637 -0.0102545
944 -0.0167207 -0.018614
945 -0.0226416 -0.0243674
946 -0.0254648 -0.0265767
947 -0.0247934 -0.0248577
948 -0.0206744 -0.0194437
949 -0.0135933 -0.0111376
950 -0.00442953 -0.00116436
951 0.00563062 0.00903729
952 0.0152259 0.0180398
953 0.0229922 0.0246252
954 0.0277587 0.027931
955 0.0287375 0.0275329
956 0.02567 0.0234716
957 0.0188951 0.016232
958 0.00931597 0.00668741
959 -0.00173435 -0.00398845
960 -0.0127033 -0.0144424
961 -0.0220635 -0.0232938
962 -0.0285416 -0.0293094
963 -0.0312896 -0.0315817
964 -0.0299767 -0.0296804
965 -0.0247975 -0.0237445
966 -0.0164137 -0.0144885
967 -0.00585241 -0.00311242
968 0.00561944 0.00887227
969 0.0166294 0.0198698
970 0.0258381 0.0284351
971 0.0320803 0.0334731
972 0.0345015 0.0343691
973 0.0326787 0.0310379
974 0.0267041 0.0238989
975 0.0172077 0.0137963
976 0.00530389 0.00188968
977 -0.00754261 -0.0104706
978 -0.0197136 -0.0218732
979 -0.0296655 -0.0309812
980 -0.0361454 -0.0366719
981 -0.0383563 -0.0381731
982 -0.0360437 -0.0351779
983 -0.0294985 -0.0279146
984 -0.0194875 -0.0171486
985 -0.00713819 -0.00410439
986 0.00619773 0.00968606
987 0.0190816 0.0225868
988 0.0301186 0.0330758
989 0.0380814 0.0399382
990 0.0420301 0.0424044
991 0.0414205 0.0402163
992 0.0361893 0.0336236
993 0.0267937 0.0233256
994 0.0141878 0.0103789
995 -0.00027421 -0.00390934
996 -0.0149978 -0.0180969
997 -0.0283478 -0.0307262
998 -0.0388524 -0.0404536
999 -0.0453766 -0.046185
