0 -0.00999223 0.00996385
1 -0.00964294 0.00786152
2 -0.00701621 0.00397912
3 -0.00283363 -0.000675992
4 0.00183241 -0.00494297
5 0.00582803 -0.00779479
6 0.00820215 -0.00858718
7 0.00843546 -0.00720807
8 0.00655781 -0.00409126
9 0.00312611 -9.28184e-05
10 -0.000930159 0.00373706
11 -0.00455482 0.00642711
12 -0.00683823 0.00733233
13 -0.00724734 0.00629192
14 -0.00575338 0.00365782
15 -0.00282549 0.000188076
16 0.000706383 -0.00316477
17 0.00388117 -0.00551252
18 0.00586649 -0.00626729
19 0.00617836 -0.00529152
20 0.00480205 -0.00292242
21 0.00218267 0.000133688
22 -0.000909936 0.00300625
23 -0.00360267 0.0049063
24 -0.00516432 0.00534407
25 -0.00520553 0.00425774
26 -0.00377826 0.00201832
27 -0.00134814 -0.000688582
28 0.0013501 -0.00306814
29 0.00353117 -0.00444835
30 0.0045871 -0.00447094
31 0.00425843 -0.00318636
32 0.00269951 -0.00102674
33 0.00042065 0.00133304
34 -0.00187347 0.00318302
35 -0.00349922 0.00399135
36 -0.00399788 0.00355872
37 -0.00326672 0.00206853
38 -0.0015793 1.93338e-05
39 0.000509409 -0.00193749
40 0.00234162 -0.00320295
41 0.00336274 -0.00341422
42 0.00329011 -0.00255016
43 0.00219283 -0.000927251
44 0.00045898 0.000910604
45 -0.00133678 0.00237146
46 -0.00262152 0.00300535
47 -0.00300669 0.00264405
48 -0.0024069 0.00144642
49 -0.00105779 -0.000163417
50 0.000570614 -0.00164277
51 0.00193462 -0.00251203
52 0.00259751 -0.00251065
53 0.00237024 -0.00167637
54 0.0013662 -0.000322904
55 -4.62217e-05 0.00107405
56 -0.00137547 0.00204206
57 -0.00217658 0.00227166
58 -0.00220049 0.00171622
59 -0.00147243 0.000599382
60 -0.000274262 -0.000670526
61 0.000961085 -0.00164764
62 0.00180428 -0.00200469
63 0.00197868 -0.0016435
64 0.00145195 -0.000721859
65 0.000439338 0.000410648
66 -0.000680387 0.00134307
67 -0.00150476 0.0017516
68 -0.001752 0.00151249
69 -0.00135816 0.000739832
70 -0.000492939 -0.000263805
71 0.000509649 -0.00112354
72 0.00127844 -0.00153138
73 0.00154221 -0.00135697
74 0.00122589 -0.000689655
75 0.000471526 0.000201853
76 -0.000421889 0.000975581
77 -0.00111516 0.00134677
78 -0.00135716 0.00119312
79 -0.00107623 0.000595481
80 -0.000401157 -0.00019981
81 0.000394447 -0.000880681
82 0.00100143 -0.00119118
83 0.00119488 -0.00102798
84 0.000918006 -0.000474845
85 0.000298451 0.000236406
86 -0.000407703 0.000821428
87 -0.00092055 0.00105641
88 -0.00104713 0.00086393
89 -0.000754475 0.000338553
90 -0.000176895 -0.000296581
91 0.000443375 -0.0007831
92 0.000856723 -0.000932193
93 0.000906399 -0.000698333
94 0.000588234 -0.000192812
95 4.69389e-05 0.000366968
96 -0.000487802 0.000750042
97 -0.000797884 0.000807118
98 -0.000765733 0.000529101
99 -0.000419298 4.57191e-05
100 8.44452e-05 -0.00043339
101 0.000529166 -0.000708869
102 0.000731618 -0.00067451
103 0.000617419 -0.000358343
104 0.000248573 9.40259e-05
105 -0.000207681 0.000485132
106 -0.000553764 0.000651272
107 -0.000647117 0.000531123
108 -0.000459101 0.00018851
109 -8.29809e-05 -0.000219328
110 0.000310829 -0.000512957
111 0.000551243 -0.000569547
112 0.000540645 -0.000374625
113 0.000294633 -2.46605e-05
114 -6.88868e-05 0.000319409
115 -0.000385025 0.000505753
116 -0.000516189 0.000458756
117 -0.000412063 0.000209835
118 -0.000129054 -0.000120717
119 0.000198528 -0.000381101
120 0.000421474 -0.000457448
121 0.000443602 -0.000323627
122 0.000263587 -4.96253e-05
123 -2.77738e-05 0.000233865
124 -0.000292441 0.000397161
125 -0.00041029 0.000370729
126 -0.000333768 0.000174877
127 -0.000107044 -9.27426e-05
128 0.000158095 -0.000304959
129 0.000336857 -0.000365198
130 0.000350026 -0.000251617
131 0.000199034 -2.49183e-05
132 -3.79553e-05 0.000203048
133 -0.000245731 0.000324088
134 -0.000327617 0.000285158
135 -0.000250353 0.000111852
136 -5.75127e-05 -0.000106736
137 0.000153953 -0.000263375
138 0.000281865 -0.000285298
139 0.000268057 -0.000168143
140 0.000125033 2.47284e-05
141 -7.23629e-05 0.000195935
142 -0.00022546 0.000263042
143 -0.000260954 0.000198198
144 -0.000166262 3.94009e-05
145 6.23512e-06 -0.000130958
146 0.000167498 -0.000228432
147 0.000237645 -0.000208172
148 0.000185706 -8.54657e-05
149 4.33279e-05 7.41586e-05
150 -0.000113689 0.000189364
151 -0.000205549 0.000204174
152 -0.000189037 0.000115202
153 -7.78058e-05 -2.83328e-05
154 6.71226e-05 -0.000151196
155 0.000170524 -0.000191315
156 0.00018186 -0.000131264
157 9.98494e-05 -5.97424e-06
158 -2.91289e-05 0.000116932
159 -0.000136818 0.000173438
160 -0.000168907 0.000136644
161 -0.000112265 2.97832e-05
162 -4.65957e-08 -8.77517e-05
163 0.000107149 -0.000153268
164 0.000153635 -0.000134349
165 0.000117455 -4.50199e-05
166 2.08217e-05 6.36854e-05
167 -8.28672e-05 0.000132733
168 -0.000138179 0.000127198
169 -0.000117257 5.39162e-05
170 -3.40682e-05 -4.424e-05
171 6.41856e-05 -0.00011326
172 0.000123559 -0.000117643
173 0.000113039 -5.85269e-05
174 4.10027e-05 2.8857e-05
175 -5.04921e-05 9.59343e-05
176 -0.000110048 0.000107602
177 -0.000105903 6.04133e-05
178 -4.3083e-05 -1.71452e-05
179 4.07081e-05 -8.15343e-05
180 9.75639e-05 -9.83445e-05
181 9.68596e-05 -6.05191e-05
182 4.18618e-05 8.90997e-06
183 -3.36449e-05 7.04807e-05
184 -8.59866e-05 9.0457e-05
185 -8.69036e-05 5.92241e-05
186 -3.88006e-05 -4.04537e-06
187 2.82937e-05 -6.27809e-05
188 7.53448e-05 -8.39187e-05
189 7.69884e-05 -5.65234e-05
190 3.50864e-05 2.37945e-06
191 -2.40018e-05 5.80263e-05
192 -6.58526e-05 7.82734e-05
193 -6.79212e-05 5.22587e-05
194 -3.1499e-05 -3.54885e-06
195 2.05149e-05 -5.54677e-05
196 5.78338e-05 -7.28525e-05
197 6.02462e-05 -4.63301e-05
198 2.83645e-05 6.9492e-06
199 -1.79051e-05 5.41566e-05
200 -5.15873e-05 6.69984e-05
201 -5.41635e-05 3.88375e-05
202 -2.56029e-05 -1.17709e-05
203 1.64234e-05 -5.3119e-05
204 4.7253e-05 -6.02398e-05
205 4.95159e-05 -3.01296e-05
206 2.28515e-05 1.71001e-05
207 -1.63302e-05 5.15187e-05
208 -4.47241e-05 5.23895e-05
209 -4.58485e-05 2.07692e-05
210 -1.96278e-05 -2.20489e-05
211 1.77499e-05 -4.87747e-05
212 4.36257e-05 -4.35596e-05
213 4.25248e-05 -1.14413e-05
214 1.54931e-05 2.58757e-05
215 -2.05819e-05 4.46152e-05
216 -4.33618e-05 3.41098e-05
217 -3.88681e-05 2.84008e-06
218 -1.01811e-05 -2.80699e-05
219 2.44779e-05 -3.90681e-05
220 4.32094e-05 -2.4554e-05
221 3.42978e-05 4.43459e-06
222 3.67263e-06 2.83855e-05
223 -2.88805e-05 3.24027e-05
224 -4.24363e-05 1.54564e-05
225 -2.8434e-05 -9.94734e-06
226 3.78933e-06 -2.68282e-05
227 3.31048e-05 -2.50456e-05
228 4.0414e-05 -7.34129e-06
229 2.11573e-05 1.34579e-05
230 -1.17362e-05 2.36064e-05
231 -3.64409e-05 1.74926e-05
232 -3.6708e-05 6.31516e-07
233 -1.2619e-05 -1.49142e-05
234 1.95478e-05 -1.90665e-05
235 3.82548e-05 -1.02365e-05
236 3.11307e-05 4.38005e-06
237 3.20956e-06 1.44205e-05
238 -2.65441e-05 1.36281e-05
239 -3.80732e-05 3.71795e-06
240 -2.37571e-05 -7.5305e-06
241 6.50495e-06 -1.21936e-05
242 3.20806e-05 -7.73217e-06
243 3.56398e-05 1.6971e-06
244 1.49039e-05 8.76868e-06
245 -1.5865e-05 8.52193e-06
246 -3.56316e-05 1.80908e-06
247 -3.09419e-05 -5.72e-06
248 -5.0805e-06 -8.13075e-06
249 2.42058e-05 -3.73556e-06
250 3.68548e-05 3.73556e-06
251 2.42058e-05 8.13075e-06
252 -5.0805e-06 5.72e-06
253 -3.09419e-05 -1.80908e-06
254 -3.56316e-05 -8.52193e-06
255 -1.5865e-05 -8.76868e-06
256 1.49039e-05 -1.6971e-06
257 3.56398e-05 7.73217e-06
258 3.20806e-05 1.21936e-05
259 6.50495e-06 7.5305e-06
260 -2.37571e-05 -3.71795e-06
261 -3.80732e-05 -1.36281e-05
262 -2.65441e-05 -1.44205e-05
263 3.20956e-06 -4.38005e-06
264 3.11307e-05 1.02365e-05
265 3.82548e-05 1.90665e-05
266 1.95478e-05 1.49142e-05
267 -1.2619e-05 -6.31516e-07
268 -3.6708e-05 -1.74926e-05
269 -3.64409e-05 -2.36064e-05
270 -1.17362e-05 -1.34579e-05
271 2.11573e-05 7.34129e-06
272 4.0414e-05 2.50456e-05
273 3.31048e-05 2.68282e-05
274 3.78933e-06 9.94734e-06
275 -2.8434e-05 -1.54564e-05
276 -4.24363e-05 -3.24027e-05
277 -2.88805e-05 -2.83855e-05
278 3.67263e-06 -4.43459e-06
279 3.42978e-05 2.4554e-05
280 4.32094e-05 3.90681e-05
281 2.44779e-05 2.80699e-05
282 -1.01811e-05 -2.84008e-06
283 -3.88681e-05 -3.41098e-05
284 -4.33618e-05 -4.46152e-05
285 -2.05819e-05 -2.58757e-05
286 1.54931e-05 1.14413e-05
287 4.25248e-05 4.35596e-05
288 4.36257e-05 4.87747e-05
289 1.77499e-05 2.20489e-05
290 -1.96278e-05 -2.07692e-05
291 -4.58485e-05 -5.23895e-05
292 -4.47241e-05 -5.15187e-05
293 -1.63302e-05 -1.71001e-05
294 2.28515e-05 3.01296e-05
295 4.95159e-05 6.02398e-05
296 4.7253e-05 5.3119e-05
297 1.64234e-05 1.17709e-05
298 -2.56029e-05 -3.88375e-05
299 -5.41635e-05 -6.69984e-05
300 -5.15873e-05 -5.41566e-05
301 -1.79051e-05 -6.9492e-06
302 2.83645e-05 4.63301e-05
303 6.02462e-05 7.28525e-05
304 5.78338e-05 5.54677e-05
305 2.05149e-05 3.54885e-06
306 -3.1499e-05 -5.22587e-05
307 -6.79212e-05 -7.82734e-05
308 -6.58526e-05 -5.80263e-05
309 -2.40018e-05 -2.37945e-06
310 3.50864e-05 5.65234e-05
311 7.69884e-05 8.39187e-05
312 7.53448e-05 6.27809e-05
313 2.82937e-05 4.04537e-06
314 -3.88006e-05 -5.92241e-05
315 -8.69036e-05 -9.0457e-05
316 -8.59866e-05 -7.04807e-05
317 -3.36449e-05 -8.90997e-06
318 4.18618e-05 6.05191e-05
319 9.68596e-05 9.83445e-05
320 9.75639e-05 8.15343e-05
321 4.07081e-05 1.71452e-05
322 -4.3083e-05 -6.04133e-05
323 -0.000105903 -0.000107602
324 -0.000110048 -9.59343e-05
325 -5.04921e-05 -2.8857e-05
326 4.10027e-05 5.85269e-05
327 0.000113039 0.000117643
328 0.000123559 0.00011326
329 6.41856e-05 4.424e-05
330 -3.40682e-05 -5.39162e-05
331 -0.000117257 -0.000127198
332 -0.000138179 -0.000132733
333 -8.28672e-05 -6.36854e-05
334 2.08217e-05 4.50199e-05
335 0.000117455 0.000134349
336 0.000153635 0.000153268
337 0.000107149 8.77517e-05
338 -4.65957e-08 -2.97832e-05
339 -0.000112265 -0.000136644
340 -0.000168907 -0.000173438
341 -0.000136818 -0.000116932
342 -2.91289e-05 5.97424e-06
343 9.98494e-05 0.000131264
344 0.00018186 0.000191315
345 0.000170524 0.000151196
346 6.71226e-05 2.83328e-05
347 -7.78058e-05 -0.000115202
348 -0.000189037 -0.000204174
349 -0.000205549 -0.000189364
350 -0.000113689 -7.41586e-05
351 4.33279e-05 8.54657e-05
352 0.000185706 0.000208172
353 0.000237645 0.000228432
354 0.000167498 0.000130958
355 6.23512e-06 -3.94009e-05
356 -0.000166262 -0.000198198
357 -0.000260954 -0.000263042
358 -0.00022546 -0.000195935
359 -7.23629e-05 -2.47284e-05
360 0.000125033 0.000168143
361 0.000268057 0.000285298
362 0.000281865 0.000263375
363 0.000153953 0.000106736
364 -5.75127e-05 -0.000111852
365 -0.000250353 -0.000285158
366 -0.000327617 -0.000324088
367 -0.000245731 -0.000203048
368 -3.79553e-05 2.49183e-05
369 0.000199034 0.000251617
370 0.000350026 0.000365198
371 0.000336857 0.000304959
372 0.000158095 9.27426e-05
373 -0.000107044 -0.000174877
374 -0.000333768 -0.000370729
375 -0.00041029 -0.000397161
376 -0.000292441 -0.000233865
377 -2.77738e-05 4.96253e-05
378 0.000263587 0.000323627
379 0.000443602 0.000457448
380 0.000421474 0.000381101
381 0.000198528 0.000120717
382 -0.000129054 -0.000209835
383 -0.000412063 -0.000458756
384 -0.000516189 -0.000505753
385 -0.000385025 -0.000319409
386 -6.88868e-05 2.46605e-05
387 0.000294633 0.000374625
388 0.000540645 0.000569547
389 0.000551243 0.000512957
390 0.000310829 0.000219328
391 -8.29809e-05 -0.00018851
392 -0.000459101 -0.000531123
393 -0.000647117 -0.000651272
394 -0.000553764 -0.000485132
395 -0.000207681 -9.40259e-05
396 0.000248573 0.000358343
397 0.000617419 0.00067451
398 0.000731618 0.000708869
399 0.000529166 0.00043339
400 8.44452e-05 -4.57191e-05
401 -0.000419298 -0.000529101
402 -0.000765733 -0.000807118
403 -0.000797884 -0.000750042
404 -0.000487802 -0.000366968
405 4.69389e-05 0.000192812
406 0.000588234 0.000698333
407 0.000906399 0.000932193
408 0.000856723 0.0007831
409 0.000443375 0.000296581
410 -0.000176895 -0.000338553
411 -0.000754475 -0.00086393
412 -0.00104713 -0.00105641
413 -0.00092055 -0.000821428
414 -0.000407703 -0.000236406
415 0.000298451 0.000474845
416 0.000918006 0.00102798
417 0.00119488 0.00119118
418 0.00100143 0.000880681
419 0.000394447 0.00019981
420 -0.000401157 -0.000595481
421 -0.00107623 -0.00119312
422 -0.00135716 -0.00134677
423 -0.00111516 -0.000975581
424 -0.000421889 -0.000201853
425 0.000471526 0.000689655
426 0.00122589 0.00135697
427 0.00154221 0.00153138
428 0.00127844 0.00112354
429 0.000509649 0.000263805
430 -0.000492939 -0.000739832
431 -0.00135816 -0.00151249
432 -0.001752 -0.0017516
433 -0.00150476 -0.00134307
434 -0.000680387 -0.000410648
435 0.000439338 0.000721859
436 0.00145195 0.0016435
437 0.00197868 0.00200469
438 0.00180428 0.00164764
439 0.000961085 0.000670526
440 -0.000274262 -0.000599382
441 -0.00147243 -0.00171622
442 -0.00220049 -0.00227166
443 -0.00217658 -0.00204206
444 -0.00137547 -0.00107405
445 -4.62217e-05 0.000322904
446 0.0013662 0.00167637
447 0.00237024 0.00251065
448 0.00259751 0.00251203
449 0.00193462 0.00164277
450 0.000570614 0.000163417
451 -0.00105779 -0.00144642
452 -0.0024069 -0.00264405
453 -0.00300669 -0.00300535
454 -0.00262152 -0.00237146
455 -0.00133678 -0.000910604
456 0.00045898 0.000927251
457 0.00219283 0.00255016
458 0.00329011 0.00341422
459 0.00336274 0.00320295
460 0.00234162 0.00193749
461 0.000509409 -1.93338e-05
462 -0.0015793 -0.00206853
463 -0.00326672 -0.00355872
464 -0.00399788 -0.00399135
465 -0.00349922 -0.00318302
466 -0.00187347 -0.00133304
467 0.00042065 0.00102674
468 0.00269951 0.00318636
469 0.00425843 0.00447094
470 0.0045871 0.00444835
471 0.00353117 0.00306814
472 0.0013501 0.000688582
473 -0.00134814 -0.00201832
474 -0.00377826 -0.00425774
475 -0.00520553 -0.00534407
476 -0.00516432 -0.0049063
477 -0.00360267 -0.00300625
478 -0.000909936 -0.000133688
479 0.00218267 0.00292242
480 0.00480205 0.00529152
481 0.00617836 0.00626729
482 0.00586649 0.00551252
483 0.00388117 0.00316477
484 0.000706383 -0.000188076
485 -0.00282549 -0.00365782
486 -0.00575338 -0.00629192
487 -0.00724734 -0.00733233
488 -0.00683823 -0.00642711
489 -0.00455482 -0.00373706
490 -0.000930159 9.28184e-05
491 0.00312611 0.00409126
492 0.00655781 0.00720807
493 0.00843546 0.00858718
494 0.00820215 0.00779479
495 0.00582803 0.00494297
496 0.00183241 0.000675992
497 -0.00283363 -0.00397912
498 -0.00701621 -0.00786152
499 -0.00964294 -0.00996385
500 -0.00999223 -0.00968686
501 -0.00788093 -0.0069981
502 -0.00372346 -0.00245473
503 0.00155334 0.00291642
504 0.00672066 0.00785407
505 0.0105342 0.0111579
506 0.0120295 0.0119745
507 0.010756 0.010007
508 0.00689567 0.00559815
509 0.00123635 -0.000332987
510 -0.00499439 -0.0064875
511 -0.0103981 -0.0114728
512 -0.0137172 -0.0141142
513 -0.01412 -0.0137228
514 -0.0113958 -0.0102595
515 -0.00601568 -0.00435909
516 0.000954406 0.0027926
517 0.00807011 0.00970147
518 0.0138098 0.0148777
519 0.0168957 0.0171513
520 0.0165685 0.0159251
521 0.0127566 0.0113112
522 0.00610623 0.00412362
523 -0.00213542 -0.00427306
524 -0.0103601 -0.0122277
525 -0.0169134 -0.018127
526 -0.0204229 -0.0207162
527 -0.0200738 -0.0193525
528 -0.0157787 -0.014142
529 -0.00820881 -0.0059345
530 0.00131914 0.00382424
531 0.0110797 0.0133535
532 0.0192532 0.0208635
533 0.0242613 0.0248853
534 0.0250596 0.0245449
535 0.0213368 0.0197316
536 0.013583 0.0111309
537 0.00301658 0.000116766
538 -0.00861726 -0.0114765
539 -0.0193402 -0.0216644
540 -0.027276 -0.0286485
541 -0.0309699 -0.0311229
542 -0.0296383 -0.0284997
543 -0.0233085 -0.0210164
544 -0.0128256 -0.00970872
545 0.000272751 0.00374516
546 0.0139923 0.0172829
547 0.0261906 0.0287772
548 0.0349085 0.0363648
549 0.0386733 0.0387349
550 0.0367275 0.0353336
551 0.0291505 0.0264547
552 0.0168549 0.0132051
553 0.00146211 -0.0026482
554 -0.0149244 -0.018925
555 -0.0300131 -0.0333368
556 -0.0416433 -0.0438044
557 -0.0480844 -0.0487457
558 -0.0482733 -0.0472926
559 -0.041962 -0.0394116
560 -0.0297539 -0.0259126
561 -0.0130302 -0.00834828
562 0.00622383 0.0111813
563 0.0256669 0.0302903
564 0.0428914 0.046601
565 0.0557171 0.0580335
566 0.0624532 0.0630544
567 0.0620988 0.0608576
568 0.0544584 0.0514568
569 0.0401636 0.0356832
570 0.0206 0.01509
571 -0.00224764 -0.00821996
572 -0.0260131 -0.0318238
573 -0.0482021 -0.0532365
574 -0.0664539 -0.0701699
575 -0.0787814 -0.0807641
576 -0.0837687 -0.0837697
577 -0.0807044 -0.0786647
578 -0.0696428 -0.0656963
579 -0.0513902 -0.0458483
580 -0.0274196 -0.0207405
581 0.000272406 0.00752715
582 0.0293511 0.0365677
583 0.0573527 0.0639183
584 0.0818956 0.0872499
585 0.100876 0.104556
586 0.112635 0.114308
587 0.116072 0.115563
588 0.110726 0.108019
589 0.0967809 0.0920232
590 0.0750418 0.0685231
591 0.0468522 0.0389811
592 0.0139834 0.00525533
593 -0.0215014 -0.0305413
594 -0.0573954 -0.0661892
595 -0.0914956 -0.0995087
596 -0.12174 -0.128493
597 -0.146328 -0.151422
598 -0.16381 -0.166945
599 -0.173155 -0.174143
600 -0.173779 -0.172546
601 -0.165554 -0.162137
602 -0.148782 -0.143319
603 -0.124149 -0.116865
604 -0.0926641 -0.0838541
605 -0.0555821 -0.0455894
606 -0.0143253 -0.00352278
607 0.0295981 0.0408286
608 0.0746706 0.0859561
609 0.119435 0.130427
610 0.16255 0.172938
611 0.202841 0.212359
612 0.239327 0.247764
613 0.271242 0.278441
614 0.298044 0.303904
615 0.319408 0.323881
616 0.335216 0.338302
617 0.345534 0.347276
618 0.350586 0.351063
619 0.350732 0.350049
620 0.346428 0.344713
621 0.338205 0.335599
622 0.326637 0.323287
623 0.312317 0.308372
624 0.295833 0.291436
625 0.277751 0.27304
626 0.2586 0.2537
627 0.238863 0.233885
628 0.218964 0.214006
629 0.199271 0.194415
630 0.180091 0.175404
631 0.161669 0.157205
632 0.144197 0.139994
633 0.127813 0.123898
634 0.112608 0.108997
635 0.0986315 0.0953321
636 0.0858997 0.0829104
637 0.0743984 0.0717119
638 0.0640907 0.0616947
639 0.0549217 0.0528003
640 0.0468238 0.0449584
641 0.0397203 0.038091
642 0.0335298 0.0321157
643 0.0281687 0.0269489
644 0.023554 0.022508
645 0.0196048 0.0187129
646 0.0162442 0.015488
647 0.0134001 0.0127624
648 0.011006 0.010471
649 0.00900107 0.00855447
650 0.00733045 0.00695953
651 0.00594526 0.00563867
652 0.00480221 0.00455
653 0.00386341 0.00365689
654 0.00309588 0.00292754
655 0.0024712 0.00233458
656 0.00196501 0.00185461
657 0.0015566 0.00146778
658 0.00122847 0.00115731
659 0.000965949 0.000909168
660 0.000756768 0.000711643
661 0.00059076 0.00055504
662 0.000459534 0.00043137
663 0.000356204 0.000334086
664 0.000275153 0.000257848
665 0.000211818 0.000198327
666 0.00016251 0.000152031
667 0.000124263 0.000116154
668 9.47013e-05 8.84506e-05
669 7.19356e-05 6.71341e-05
670 5.44661e-05 5.07891e-05
671 4.11073e-05 3.83005e-05
672 3.09262e-05 2.87918e-05
673 2.31926e-05 2.15763e-05
674 1.73383e-05 1.61185e-05
675 1.29222e-05 1.20034e-05
676 9.60209e-06 8.9114e-06
677 7.11333e-06 6.59645e-06
678 5.25308e-06 4.86873e-06
679 3.86734e-06 3.58261e-06
680 2.83915e-06 2.62782e-06
681 2.07885e-06 1.92166e-06
682 1.51774e-06 1.40165e-06
683 1.10428e-06 1.01991e-06
684 8.00762e-07 7.39874e-07
685 5.79347e-07 5.34663e-07
686 4.18559e-07 3.85064e-07
687 3.01599e-07 2.76925e-07
688 2.16191e-07 1.99051e-07
689 1.54169e-07 1.4261e-07
690 1.09911e-07 1.01423e-07
691 7.86674e-08 7.17051e-08
692 5.6212e-08 5.08573e-08
693 3.95988e-08 3.63847e-08
694 2.7485e-08 2.5932e-08
695 1.92515e-08 1.80236e-08
696 1.39056e-08 1.22589e-08
697 1.0068e-08 8.55073e-09
698 6.86631e-09 6.32582e-09
699 4.37579e-09 4.65782e-09
700 2.95593e-09 3.05148e-09
701 2.38349e-09 1.75628e-09
702 1.9269e-09 1.16814e-09
703 1.18034e-09 1.12265e-09
704 4.63051e-10 1.01316e-09
705 2.51592e-10 5.37081e-10
706 4.60032e-10 3.62681e-11
707 5.45065e-10 -2.59752e-11
708 2.38035e-10 2.72994e-10
709 -1.31461e-10 4.12784e-10
710 -1.36235e-10 1.35525e-10
711 1.53148e-10 -2.17669e-10
712 2.89964e-10 -1.9378e-10
713 7.61653e-11 1.43124e-10
714 -1.90904e-10 3.06805e-10
715 -1.58209e-10 6.46684e-11
716 1.00354e-10 -2.47237e-10
717 2.14235e-10 -2.00284e-10
718 3.78648e-11 1.30183e-10
719 -1.709e-10 2.77261e-10
720 -1.303e-10 3.80563e-11
721 8.37861e-11 -2.47796e-10
722 1.68969e-10 -1.80685e-10
723 2.15404e-11 1.39039e-10
724 -1.41296e-10 2.58678e-10
725 -1.00662e-10 1.32642e-11
726 7.07098e-11 -2.46475e-10
727 1.32284e-10 -1.5457e-10
728 1.24745e-11 1.54094e-10
729 -1.12173e-10 2.40369e-10
730 -7.61462e-11 -1.47217e-11
731 5.65808e-11 -2.4529e-10
732 1.01103e-10 -1.24643e-10
733 8.50826e-12 1.71512e-10
734 -8.49132e-11 2.19972e-10
735 -5.74789e-11 -4.54377e-11
736 4.09316e-11 -2.43037e-10
737 7.48653e-11 -9.15637e-11
738 9.11996e-12 1.89248e-10
739 -5.96532e-11 1.96682e-10
740 -4.4466e-11 -7.76231e-11
741 2.38169e-11 -2.38487e-10
742 5.32759e-11 -5.60039e-11
743 1.4013e-11 2.05751e-10
744 -3.63066e-11 1.7032e-10
745 -3.6811e-11 -1.09945e-10
746 5.28242e-12 -2.30852e-10
747 3.606e-11 -1.88509e-11
748 2.30068e-11 2.1986e-10
749 -1.47174e-11 1.41178e-10
750 -3.42865e-11 -1.41178e-10
751 -1.47168e-11 -2.1986e-10
752 2.30062e-11 1.88507e-11
753 3.606e-11 2.30853e-10
754 5.2819e-12 1.09945e-10
755 -3.68108e-11 -1.7032e-10
756 -3.63067e-11 -2.05751e-10
757 1.40128e-11 5.60036e-11
758 5.32757e-11 2.38487e-10
759 2.38172e-11 7.76231e-11
760 -4.44662e-11 -1.96681e-10
761 -5.96533e-11 -1.89248e-10
762 9.11985e-12 9.15634e-11
763 7.48657e-11 2.43037e-10
764 4.09315e-11 4.54384e-11
765 -5.74783e-11 -2.19972e-10
766 -8.49126e-11 -1.71511e-10
767 8.50851e-12 1.24644e-10
768 1.01102e-10 2.4529e-10
769 5.65815e-11 1.47222e-11
770 -7.61462e-11 -2.40368e-10
771 -1.12173e-10 -1.54095e-10
772 1.24747e-11 1.5457e-10
773 1.32284e-10 2.46476e-10
774 7.07094e-11 -1.32653e-11
775 -1.00661e-10 -2.58677e-10
776 -1.41296e-10 -1.39039e-10
777 2.15402e-11 1.80685e-10
778 1.6897e-10 2.47796e-10
779 8.3786e-11 -3.80559e-11
780 -1.303e-10 -2.77261e-10
781 -1.709e-10 -1.30183e-10
782 3.78648e-11 2.00284e-10
783 2.14235e-10 2.47237e-10
784 1.00354e-10 -6.4669e-11
785 -1.58209e-10 -3.06805e-10
786 -1.90904e-10 -1.43124e-10
787 7.61654e-11 1.9378e-10
788 2.89964e-10 2.17669e-10
789 1.53148e-10 -1.35525e-10
790 -1.36236e-10 -4.12784e-10
791 -1.31461e-10 -2.72994e-10
792 2.38036e-10 2.59744e-11
793 5.45065e-10 -3.62669e-11
794 4.60031e-10 -5.37081e-10
795 2.51593e-10 -1.01316e-09
796 4.63051e-10 -1.12265e-09
797 1.18034e-09 -1.16814e-09
798 1.9269e-09 -1.75628e-09
799 2.38349e-09 -3.05147e-09
800 2.95593e-09 -4.65782e-09
801 4.37579e-09 -6.32582e-09
802 6.86631e-09 -8.55073e-09
803 1.0068e-08 -1.22589e-08
804 1.39056e-08 -1.80236e-08
805 1.92515e-08 -2.5932e-08
806 2.7485e-08 -3.63847e-08
807 3.95988e-08 -5.08573e-08
808 5.6212e-08 -7.17051e-08
809 7.86674e-08 -1.01423e-07
810 1.09911e-07 -1.4261e-07
811 1.54169e-07 -1.99051e-07
812 2.16191e-07 -2.76925e-07
813 3.01599e-07 -3.85064e-07
814 4.18559e-07 -5.34663e-07
815 5.79347e-07 -7.39874e-07
816 8.00762e-07 -1.01991e-06
817 1.10428e-06 -1.40165e-06
818 1.51774e-06 -1.92166e-06
819 2.07885e-06 -2.62782e-06
820 2.83915e-06 -3.58261e-06
821 3.86734e-06 -4.86873e-06
822 5.25308e-06 -6.59645e-06
823 7.11333e-06 -8.9114e-06
824 9.60209e-06 -1.20034e-05
825 1.29222e-05 -1.61185e-05
826 1.73383e-05 -2.15763e-05
827 2.31926e-05 -2.87918e-05
828 3.09262e-05 -3.83005e-05
829 4.11073e-05 -5.07891e-05
830 5.44661e-05 -6.71341e-05
831 7.19356e-05 -8.84506e-05
832 9.47013e-05 -0.000116154
833 0.000124263 -0.000152031
834 0.00016251 -0.000198327
835 0.000211818 -0.000257848
836 0.000275153 -0.000334086
837 0.000356204 -0.00043137
838 0.000459534 -0.00055504
839 0.00059076 -0.000711643
840 0.000756768 -0.000909168
841 0.000965949 -0.00115731
842 0.00122847 -0.00146778
843 0.0015566 -0.00185461
844 0.00196501 -0.00233458
845 0.0024712 -0.00292754
846 0.00309588 -0.00365689
847 0.00386341 -0.00455
848 0.00480221 -0.00563867
849 0.00594526 -0.00695953
850 0.00733045 -0.00855447
851 0.00900107 -0.010471
852 0.011006 -0.0127624
853 0.0134001 -0.015488
854 0.0162442 -0.0187129
855 0.0196048 -0.022508
856 0.023554 -0.0269489
857 0.0281687 -0.0321157
858 0.0335298 -0.038091
859 0.0397203 -0.0449584
860 0.0468238 -0.0528003
861 0.0549217 -0.0616947
862 0.0640907 -0.0717119
863 0.0743984 -0.0829104
864 0.0858997 -0.0953321
865 0.0986315 -0.108997
866 0.112608 -0.123898
867 0.127813 -0.139994
868 0.144197 -0.157205
869 0.161669 -0.175404
870 0.180091 -0.194415
871 0.199271 -0.214006
872 0.218964 -0.233885
873 0.238863 -0.2537
874 0.2586 -0.27304
875 0.277751 -0.291436
876 0.295833 -0.308372
877 0.312317 -0.323287
878 0.326637 -0.335599
879 0.338205 -0.344713
880 0.346428 -0.350049
881 0.350732 -0.351063
882 0.350586 -0.347276
883 0.345534 -0.338302
884 0.335216 -0.323881
885 0.319408 -0.303904
886 0.298044 -0.278441
887 0.271242 -0.247764
888 0.239327 -0.212359
889 0.202841 -0.172938
890 0.16255 -0.130427
891 0.119435 -0.0859561
892 0.0746706 -0.0408286
893 0.0295981 0.00352278
894 -0.0143253 0.0455894
895 -0.0555821 0.0838541
896 -0.0926641 0.116865
897 -0.124149 0.143319
898 -0.148782 0.162137
899 -0.165554 0.172546
900 -0.173779 0.174143
901 -0.173155 0.166945
902 -0.16381 0.151422
903 -0.146328 0.128493
904 -0.12174 0.0995087
905 -0.0914956 0.0661892
906 -0.0573954 0.0305413
907 -0.0215014 -0.00525533
908 0.0139834 -0.0389811
909 0.0468522 -0.0685231
910 0.0750418 -0.0920232
911 0.0967809 -0.108019
912 0.110726 -0.115563
913 0.116072 -0.114308
914 0.112635 -0.104556
915 0.100876 -0.0872499
916 0.0818956 -0.0639183
917 0.0573527 -0.0365677
918 0.0293511 -0.00752715
919 0.000272406 0.0207405
920 -0.0274196 0.0458483
921 -0.0513902 0.0656963
922 -0.0696428 0.0786647
923 -0.0807044 0.0837697
924 -0.0837687 0.0807641
925 -0.0787814 0.0701699
926 -0.0664539 0.0532365
927 -0.0482021 0.0318238
928 -0.0260131 0.00821996
929 -0.00224764 -0.01509
930 0.0206 -0.0356832
931 0.0401636 -0.0514568
932 0.0544584 -0.0608576
933 0.0620988 -0.0630544
934 0.0624532 -0.0580335
935 0.0557171 -0.046601
936 0.0428914 -0.0302903
937 0.0256669 -0.0111813
938 0.00622383 0.00834828
939 -0.0130302 0.0259126
940 -0.0297539 0.0394116
941 -0.041962 0.0472926
942 -0.0482733 0.0487457
943 -0.0480844 0.0438044
944 -0.0416433 0.0333368
945 -0.0300131 0.018925
946 -0.0149244 0.0026482
947 0.00146211 -0.0132051
948 0.0168549 -0.0264547
949 0.0291505 -0.0353336
950 0.0367275 -0.0387349
951 0.0386733 -0.0363648
952 0.0349085 -0.0287772
953 0.0261906 -0.0172829
954 0.0139923 -0.00374516
955 0.000272751 0.00970872
956 -0.0128256 0.0210164
957 -0.0233085 0.0284997
958 -0.0296383 0.0311229
959 -0.0309699 0.0286485
960 -0.027276 0.0216644
961 -0.0193402 0.0114765
962 -0.00861726 -0.000116766
963 0.00301658 -0.0111309
964 0.013583 -0.0197316
965 0.0213368 -0.0245449
966 0.0250596 -0.0248853
967 0.0242613 -0.0208635
968 0.0192532 -0.0133535
969 0.0110797 -0.00382424
970 0.00131914 0.0059345
971 -0.00820881 0.014142
972 -0.0157787 0.0193525
973 -0.0200738 0.0207162
974 -0.0204229 0.018127
975 -0.0169134 0.0122277
976 -0.0103601 0.00427306
977 -0.00213542 -0.00412362
978 0.00610623 -0.0113112
979 0.0127566 -0.0159251
980 0.0165685 -0.0171513
981 0.0168957 -0.0148777
982 0.0138098 -0.00970147
983 0.00807011 -0.0027926
984 0.000954406 0.00435909
985 -0.00601568 0.0102595
986 -0.0113958 0.0137228
987 -0.01412 0.0141142
988 -0.0137172 0.0114728
989 -0.0103981 0.0064875
990 -0.00499439 0.000332987
991 0.00123635 -0.00559815
992 0.00689567 -0.010007
993 0.010756 -0.0119745
994 0.0120295 -0.0111579
995 0.0105342 -0.00785407
996 0.00672066 -0.00291642
997 0.00155334 0.00245473
998 -0.00372346 0.0069981
999 -0.00788093 0.00968686
