0 0.0180327 -0.023846
1 0.0250925 -0.0278729
2 0.0288726 -0.028327
3 0.0288369 -0.0252695
4 0.0249792 -0.0191692
5 0.0178448 -0.0108244
6 0.00845331 -0.00126503
7 -0.00186281 0.0083524
8 -0.0116715 0.0168562
9 -0.0196619 0.0231782
10 -0.0248298 0.0264795
11 -0.0265988 0.0262737
12 -0.0248652 0.0225252
13 -0.0199734 0.0156961
14 -0.012639 0.00671467
15 -0.00384135 -0.00314254
16 0.00529663 -0.0124443
17 0.0136304 -0.0198374
18 0.0201123 -0.0242721
19 0.0239049 -0.0251698
20 0.0244845 -0.0225026
21 0.0217249 -0.0167711
22 0.0159463 -0.00889539
23 0.00790815 -4.95885e-05
24 -0.00126635 0.0085242
25 -0.0102393 0.0156874
26 -0.0176627 0.0205407
27 -0.0224054 0.0225134
28 -0.0237545 0.0214089
29 -0.0215452 0.0174116
30 -0.0161871 0.0110624
31 -0.00858159 0.00320434
32 5.05151e-05 -0.0051029
33 0.00838738 -0.0127012
34 0.0152234 -0.0184823
35 0.0196431 -0.0215531
36 0.0211274 -0.0213925
37 0.0195882 -0.0179667
38 0.015342 -0.0117703
39 0.00904114 -0.00377131
40 0.00157938 0.00474103
41 -0.0060158 0.0123809
42 -0.0126994 0.0179172
43 -0.0175303 0.0204962
44 -0.0197932 0.0197867
45 -0.0191089 0.0160172
46 -0.0155155 0.00990509
47 -0.00949954 0.00250243
48 -0.00195538 -0.00500224
49 0.00593165 -0.0114804
50 0.0128718 -0.0160249
51 0.0176967 -0.0180563
52 0.0195806 -0.0173721
53 0.0182067 -0.0141449
54 0.0138374 -0.00888176
55 0.00726711 -0.00235466
56 -0.000333248 0.00449194
57 -0.00764583 0.0106533
58 -0.0134558 0.0151922
59 -0.016866 0.0173742
60 -0.0174339 0.0167937
61 -0.0152103 0.0134689
62 -0.0106861 0.00787712
63 -0.00467318 0.000911669
64 0.00184834 -0.00624927
65 0.00788364 -0.0123461
66 0.0125566 -0.016278
67 0.0152128 -0.0173264
68 0.0154906 -0.0153099
69 0.0133607 -0.0106269
70 0.00913443 -0.0041757
71 0.00343657 0.00283231
72 -0.00286266 0.00912001
73 -0.00875803 0.0135955
74 -0.0132573 0.0155502
75 -0.0155495 0.0147661
76 -0.0151658 0.0115186
77 -0.0120967 0.00648636
78 -0.00683109 0.000598211
79 -0.000296242 -0.00514339
80 0.00630319 -0.00982811
81 0.011719 -0.012766
82 0.0149167 -0.0135671
83 0.0152966 -0.0121714
84 0.0128218 -0.00883812
85 0.00802264 -0.0041022
86 0.00187581 0.00129532
87 -0.00441014 0.00649941
88 -0.00965001 0.0106542
89 -0.0129175 0.0130312
90 -0.013711 0.0131593
91 -0.0120192 0.0109326
92 -0.00828427 0.00666817
93 -0.00328089 0.00108765
94 0.00205304 -0.00478955
95 0.00679406 -0.00983156
96 0.0101847 -0.0130245
97 0.0117368 -0.0136966
98 0.0112785 -0.0116795
99 0.00895225 -0.00736279
100 0.00517351 -0.00162252
101 0.000564992 0.00436392
102 -0.00412711 0.00937352
103 -0.0081302 0.0124041
104 -0.0107534 0.0128882
105 -0.0114998 0.0108054
106 -0.0101671 0.00666894
107 -0.00691549 0.00139435
108 -0.00227656 -0.00391508
109 0.00291209 -0.00821141
110 0.00764854 -0.0107162
111 0.0109633 -0.0110589
112 0.0121314 -0.00931495
113 0.010848 -0.00594799
114 0.00732228 -0.00168049
115 0.00225583 0.00266676
116 -0.00329497 0.00632876
117 -0.00814687 0.00871626
118 -0.0112558 0.00948879
119 -0.0119572 0.0085816
120 -0.010121 0.00619453
121 -0.00618108 0.00275199
122 -0.00103226 -0.00115938
123 0.00418207 -0.0048716
124 0.00833686 -0.00773101
125 0.010581 -0.00920194
126 0.0105191 -0.00896578
127 0.00827756 -0.00699769
128 0.00444584 -0.00360101
129 -8.50367e-05 0.000617883
130 -0.00433936 0.00484167
131 -0.00747266 0.00819362
132 -0.00893688 0.00992337
133 -0.00856382 0.00958671
134 -0.00655948 0.00717307
135 -0.00342364 0.00314092
136 0.000176977 -0.001659
137 0.00354923 -0.00616349
138 0.00609856 -0.00934132
139 0.00741895 -0.0104428
140 0.00733962 -0.00918998
141 0.00593018 -0.00585532
142 0.0034725 -0.00120579
143 0.000409428 0.00367726
144 -0.00272143 0.00765812
145 -0.0053639 0.0098216
146 -0.00702595 0.00969341
147 -0.00736352 0.00735021
148 -0.00625462 0.00339226
149 -0.00384707 -0.00121297
150 -0.000561244 -0.00537455
151 0.00296557 -0.00814546
152 0.00599325 -0.00894521
153 0.00783432 -0.00768298
154 0.00801738 -0.00475463
155 0.00641728 -0.000920919
156 0.00331373 0.00289541
157 -0.000644666 0.00583742
158 -0.00457112 0.00730849
159 -0.00754105 0.00708888
160 -0.00881655 0.00535315
161 -0.00803895 0.00259468
162 -0.00533724 -0.000514926
163 -0.00131804 -0.00329092
164 0.00306779 -0.00518398
165 0.00675378 -0.00588088
166 0.00882561 -0.00534173
167 0.00875789 -0.00377541
168 0.0065556 -0.00156837
169 0.00275977 0.000810046
170 -0.00168636 0.00290268
171 -0.0056766 0.00434208
172 -0.0082239 0.0049009
173 -0.00871118 0.00451406
174 -0.00704567 0.00327664
175 -0.00367748 0.00142318
176 0.000521646 -0.000707787
177 0.00448639 -0.00272215
178 0.00723279 -0.00423036
179 0.00810783 -0.00491537
180 0.00694872 -0.0045992
181 0.00411177 -0.00329402
182 0.000365723 -0.00122165
183 -0.00331874 0.00121078
184 -0.00602463 0.00348206
185 -0.0071205 0.00506545
186 -0.00640867 0.00555261
187 -0.0041549 0.0047632
188 -0.000997925 0.00280992
189 0.00223152 9.65928e-05
190 0.0047306 -0.00275806
191 0.00592473 -0.00505926
192 0.00559855 -0.0062075
193 0.00392799 -0.00585959
194 0.00141141 -0.00403507
195 -0.00127668 -0.00113387
196 -0.00346667 0.00214662
197 -0.00466104 0.00497956
198 -0.00464541 0.00662078
199 -0.00351926 0.00660916
200 -0.00164481 0.00489972
201 0.000465414 0.00189042
202 0.00228811 -0.00166839
203 0.00341765 -0.00486166
204 0.00365242 -0.00684701
205 0.00302229 -0.00707993
206 0.00175693 -0.0054663
207 0.000209864 -0.00239886
208 -0.0012383 0.00133589
209 -0.00227138 0.0047594
210 -0.00270272 0.00695981
211 -0.00250162 0.00733856
212 -0.00178019 0.0057768
213 -0.000749485 0.00267414
214 0.000340053 -0.00115315
215 0.00125734 -0.00468821
216 0.00183533 -0.0069859
217 0.00199462 -0.00742741
218 0.00174527 -0.00588838
219 0.00117175 -0.00277483
220 0.000407772 0.00108317
221 -0.000392113 0.00465239
222 -0.00107909 0.00697341
223 -0.00153224 0.0074198
224 -0.00167517 0.00586926
225 -0.00148638 0.0027392
226 -0.00100282 -0.0011244
227 -0.000315654 -0.00467583
228 0.000442855 -0.00695402
229 0.00112082 -0.00734428
230 0.00157468 -0.0057453
231 0.00169921 -0.00259568
232 0.00145336 0.00124653
233 0.000875218 0.00473773
234 8.03569e-05 0.006932
235 -0.00075842 0.00723697
236 -0.00144759 0.00557376
237 -0.0018182 0.00239807
238 -0.00176901 -0.00142338
239 -0.00129601 -0.00484828
240 -0.000499032 -0.00694267
241 0.000437847 -0.00713625
242 0.00128892 -0.00537879
243 0.00184237 -0.00215391
244 0.00195464 0.00165388
245 0.0015892 0.00500216
246 0.00082878 0.00697631
247 -0.000143077 0.00703908
248 -0.00108698 0.00517608
249 -0.00176803 0.00189824
250 -0.00201576 -0.00189824
251 -0.00176803 -0.00517608
252 -0.00108698 -0.00703908
253 -0.000143077 -0.00697631
254 0.00082878 -0.00500216
255 0.0015892 -0.00165388
256 0.00195464 0.00215391
257 0.00184237 0.00537879
258 0.00128892 0.00713625
259 0.000437847 0.00694267
260 -0.000499032 0.00484828
261 -0.00129601 0.00142338
262 -0.00176901 -0.00239807
263 -0.0018182 -0.00557376
264 -0.00144759 -0.00723697
265 -0.00075842 -0.006932
266 8.03569e-05 -0.00473773
267 0.000875218 -0.00124653
268 0.00145336 0.00259568
269 0.00169921 0.0057453
270 0.00157468 0.00734428
271 0.00112082 0.00695402
272 0.000442855 0.00467583
273 -0.000315654 0.0011244
274 -0.00100282 -0.0027392
275 -0.00148638 -0.00586926
276 -0.00167517 -0.0074198
277 -0.00153224 -0.00697341
278 -0.00107909 -0.00465239
279 -0.000392113 -0.00108317
280 0.000407772 0.00277483
281 0.00117175 0.00588838
282 0.00174527 0.00742741
283 0.00199462 0.0069859
284 0.00183533 0.00468821
285 0.00125734 0.00115315
286 0.000340053 -0.00267414
287 -0.000749485 -0.0057768
288 -0.00178019 -0.00733856
289 -0.00250162 -0.00695981
290 -0.00270272 -0.0047594
291 -0.00227138 -0.00133589
292 -0.0012383 0.00239886
293 0.000209864 0.0054663
294 0.00175693 0.00707993
295 0.00302229 0.00684701
296 0.00365242 0.00486166
297 0.00341765 0.00166839
298 0.00228811 -0.00189042
299 0.000465414 -0.00489972
300 -0.00164481 -0.00660916
301 -0.00351926 -0.00662078
302 -0.00464541 -0.00497956
303 -0.00466104 -0.00214662
304 -0.00346667 0.00113387
305 -0.00127668 0.00403507
306 0.00141141 0.00585959
307 0.00392799 0.0062075
308 0.00559855 0.00505926
309 0.00592473 0.00275806
310 0.0047306 -9.65928e-05
311 0.00223152 -0.00280992
312 -0.000997925 -0.0047632
313 -0.0041549 -0.00555261
314 -0.00640867 -0.00506545
315 -0.0071205 -0.00348206
316 -0.00602463 -0.00121078
317 -0.00331874 0.00122165
318 0.000365723 0.00329402
319 0.00411177 0.0045992
320 0.00694872 0.00491537
321 0.00810783 0.00423036
322 0.00723279 0.00272215
323 0.00448639 0.000707787
324 0.000521646 -0.00142318
325 -0.00367748 -0.00327664
326 -0.00704567 -0.00451406
327 -0.00871118 -0.0049009
328 -0.0082239 -0.00434208
329 -0.0056766 -0.00290268
330 -0.00168636 -0.000810046
331 0.00275977 0.00156837
332 0.0065556 0.00377541
333 0.00875789 0.00534173
334 0.00882561 0.00588088
335 0.00675378 0.00518398
336 0.00306779 0.00329092
337 -0.00131804 0.000514926
338 -0.00533724 -0.00259468
339 -0.00803895 -0.00535315
340 -0.00881655 -0.00708888
341 -0.00754105 -0.00730849
342 -0.00457112 -0.00583742
343 -0.000644666 -0.00289541
344 0.00331373 0.000920919
345 0.00641728 0.00475463
346 0.00801738 0.00768298
347 0.00783432 0.00894521
348 0.00599325 0.00814546
349 0.00296557 0.00537455
350 -0.000561244 0.00121297
351 -0.00384707 -0.00339226
352 -0.00625462 -0.00735021
353 -0.00736352 -0.00969341
354 -0.00702595 -0.0098216
355 -0.0053639 -0.00765812
356 -0.00272143 -0.00367726
357 0.000409428 0.00120579
358 0.0034725 0.00585532
359 0.00593018 0.00918998
360 0.00733962 0.0104428
361 0.00741895 0.00934132
362 0.00609856 0.00616349
363 0.00354923 0.001659
364 0.000176977 -0.00314092
365 -0.00342364 -0.00717307
366 -0.00655948 -0.00958671
367 -0.00856382 -0.00992337
368 -0.00893688 -0.00819362
369 -0.00747266 -0.00484167
370 -0.00433936 -0.000617883
371 -8.50367e-05 0.00360101
372 0.00444584 0.00699769
373 0.00827756 0.00896578
374 0.0105191 0.00920194
375 0.010581 0.00773101
376 0.00833686 0.0048716
377 0.00418207 0.00115938
378 -0.00103226 -0.00275199
379 -0.00618108 -0.00619453
380 -0.010121 -0.0085816
381 -0.0119572 -0.00948879
382 -0.0112558 -0.00871626
383 -0.00814687 -0.00632876
384 -0.00329497 -0.00266676
385 0.00225583 0.00168049
386 0.00732228 0.00594799
387 0.010848 0.00931495
388 0.0121314 0.0110589
389 0.0109633 0.0107162
390 0.00764854 0.00821141
391 0.00291209 0.00391508
392 -0.00227656 -0.00139435
393 -0.00691549 -0.00666894
394 -0.0101671 -0.0108054
395 -0.0114998 -0.0128882
396 -0.0107534 -0.0124041
397 -0.0081302 -0.00937352
398 -0.00412711 -0.00436392
399 0.000564992 0.00162252
400 0.00517351 0.00736279
401 0.00895225 0.0116795
402 0.0112785 0.0136966
403 0.0117368 0.0130245
404 0.0101847 0.00983156
405 0.00679406 0.00478955
406 0.00205304 -0.00108765
407 -0.00328089 -0.00666817
408 -0.00828427 -0.0109326
409 -0.0120192 -0.0131593
410 -0.013711 -0.0130312
411 -0.0129175 -0.0106542
412 -0.00965001 -0.00649941
413 -0.00441014 -0.00129532
414 0.00187581 0.0041022
415 0.00802264 0.00883812
416 0.0128218 0.0121714
417 0.0152966 0.0135671
418 0.0149167 0.012766
419 0.011719 0.00982811
420 0.00630319 0.00514339
421 -0.000296242 -0.000598211
422 -0.00683109 -0.00648636
423 -0.0120967 -0.0115186
424 -0.0151658 -0.0147661
425 -0.0155495 -0.0155502
426 -0.0132573 -0.0135955
427 -0.00875803 -0.00912001
428 -0.00286266 -0.00283231
429 0.00343657 0.0041757
430 0.00913443 0.0106269
431 0.0133607 0.0153099
432 0.0154906 0.0173264
433 0.0152128 0.016278
434 0.0125566 0.0123461
435 0.00788364 0.00624927
436 0.00184834 -0.000911669
437 -0.00467318 -0.00787712
438 -0.0106861 -0.0134689
439 -0.0152103 -0.0167937
440 -0.0174339 -0.0173742
441 -0.016866 -0.0151922
442 -0.0134558 -0.0106533
443 -0.00764583 -0.00449194
444 -0.000333248 0.00235466
445 0.00726711 0.00888176
446 0.0138374 0.0141449
447 0.0182067 0.0173721
448 0.0195806 0.0180563
449 0.0176967 0.0160249
450 0.0128718 0.0114804
451 0.00593165 0.00500224
452 -0.00195538 -0.00250243
453 -0.00949954 -0.00990509
454 -0.0155155 -0.0160172
455 -0.0191089 -0.0197867
456 -0.0197932 -0.0204962
457 -0.0175303 -0.0179172
458 -0.0126994 -0.0123809
459 -0.0060158 -0.00474103
460 0.00157938 0.00377131
461 0.00904114 0.0117703
462 0.015342 0.0179667
463 0.0195882 0.0213925
464 0.0211274 0.0215531
465 0.0196431 0.0184823
466 0.0152234 0.0127012
467 0.00838738 0.0051029
468 5.05151e-05 -0.00320434
469 -0.00858159 -0.0110624
470 -0.0161871 -0.0174116
471 -0.0215452 -0.0214089
472 -0.0237545 -0.0225134
473 -0.0224054 -0.0205407
474 -0.0176627 -0.0156874
475 -0.0102393 -0.0085242
476 -0.00126635 4.95885e-05
477 0.00790815 0.00889539
478 0.0159463 0.0167711
479 0.0217249 0.0225026
480 0.0244845 0.0251698
481 0.0239049 0.0242721
482 0.0201123 0.0198374
483 0.0136304 0.0124443
484 0.00529663 0.00314254
485 -0.00384135 -0.00671467
486 -0.012639 -0.0156961
487 -0.0199734 -0.0225252
488 -0.0248652 -0.0262737
489 -0.0265988 -0.0264795
490 -0.0248298 -0.0231782
491 -0.0196619 -0.0168562
492 -0.0116715 -0.0083524
493 -0.00186281 0.00126503
494 0.00845331 0.0108244
495 0.0178448 0.0191692
496 0.0249792 0.0252695
497 0.0288369 0.028327
498 0.0288726 0.0278729
499 0.0250925 0.023846
500 0.0180327 0.0166348
501 0.00865348 0.0070637
502 -0.00182254 -0.00368704
503 -0.0120891 -0.0142269
504 -0.0209181 -0.0231477
505 -0.0272853 -0.0292325
506 -0.0304575 -0.0316406
507 -0.0300471 -0.0300347
508 -0.0260439 -0.0246239
509 -0.018828 -0.0161176
510 -0.00915488 -0.00560493
511 0.00189706 0.00561257
512 0.0130275 0.0161983
513 0.0228625 0.0249379
514 0.0301347 0.0308588
515 0.0338659 0.0333064
516 0.033518 0.0319882
517 0.0290795 0.026992
518 0.0210715 0.0187877
519 0.0104691 0.0082057
520 -0.00144208 -0.0036189
521 -0.0132476 -0.0153468
522 -0.0235879 -0.0255828
523 -0.0313155 -0.0330556
524 -0.035606 -0.0368012
525 -0.036018 -0.036309
526 -0.032509 -0.0316009
527 -0.0254206 -0.0232232
528 -0.0154437 -0.0121579
529 -0.00356724 0.000324046
530 0.00899316 0.0128341
531 0.020896 0.0240292
532 0.0308067 0.0327464
533 0.0375547 0.0380983
534 0.0402928 0.0395356
535 0.0386275 0.0368804
536 0.0326876 0.0303401
537 0.0231129 0.0204995
538 0.0109632 0.0082878
539 -0.00243211 -0.00508928
540 -0.0156497 -0.0182545
541 -0.0273374 -0.0298005
542 -0.0363448 -0.038452
543 -0.0418102 -0.0432263
544 -0.0432093 -0.0435629
545 -0.0403793 -0.0393968
546 -0.0335279 -0.0311608
547 -0.0232292 -0.0197177
548 -0.0103982 -0.00623923
549 0.00376798 0.00794031
550 0.0178897 0.021468
551 0.0305419 0.0330924
552 0.0404135 0.0417531
553 0.0464639 0.0466454
554 0.0480486 0.0472701
555 0.0449916 0.0434778
556 0.0375938 0.0355041
557 0.0265808 0.023984
558 0.0130042 0.00992585
559 -0.00188152 -0.00536784
560 -0.0167441 -0.0204322
561 -0.0302855 -0.033807
562 -0.0413339 -0.0442071
563 -0.0489188 -0.0506642
564 -0.0523345 -0.0526134
565 -0.0511984 -0.0499196
566 -0.0455006 -0.0428513
567 -0.0356341 -0.0320237
568 -0.0223899 -0.0183291
569 -0.00690381 -0.00286822
570 0.00944953 0.0131177
571 0.0252021 0.0283218
572 0.0389539 0.0414602
573 0.0495188 0.0513771
574 0.0560292 0.0571563
575 0.0579877 0.0582236
576 0.0552706 0.0544184
577 0.0481003 0.0460188
578 0.0370064 0.0337125
579 0.0227884 0.0185202
580 0.00648015 0.00168458
581 -0.010697 -0.0154519
582 -0.0274048 -0.0315631
583 -0.0422901 -0.0454355
584 -0.0541113 -0.0560393
585 -0.0618681 -0.06258
586 -0.0649075 -0.0645371
587 -0.0629842 -0.0616959
588 -0.056265 -0.0541745
589 -0.0452848 -0.042438
590 -0.0308719 -0.0272887
591 -0.0140632 -0.00982098
592 0.00397423 0.00866367
593 0.0220097 0.0267744
594 0.0388103 0.0431629
595 0.0532026 0.056645
596 0.064145 0.0662902
597 0.0708056 0.0714697
598 0.0726391 0.0718647
599 0.0694463 0.0674522
600 0.0614019 0.0584849
601 0.0490423 0.0454769
602 0.0332138 0.0291939
603 0.0149911 0.0106356
604 -0.00441844 -0.00900622
605 -0.023768 -0.0284241
606 -0.0418513 -0.0463011
607 -0.0575639 -0.0614303
608 -0.0699487 -0.0728207
609 -0.0782328 -0.0797687
610 -0.0818634 -0.0818852
611 -0.080545 -0.0790834
612 -0.074275 -0.0715465
613 -0.0633649 -0.0596928
614 -0.0484362 -0.0441517
615 -0.0303826 -0.0257478
616 -0.0102968 -0.00548316
617 0.0106224 0.0154997
618 0.0311679 0.0359806
619 0.0502043 0.0547489
620 0.0667216 0.0706999
621 0.0798627 0.0829201
622 0.0889365 0.0907454
623 0.0934319 0.0937838
624 0.0930428 0.0919089
625 0.0877032 0.085236
626 0.0776195 0.0740961
627 0.0632817 0.0590138
628 0.0454396 0.0406918
629 0.0250429 0.0199941
630 0.00315704 -0.0020821
631 -0.0191243 -0.0244506
632 -0.0407476 -0.0459979
633 -0.0607389 -0.0656536
634 -0.0782196 -0.0824599
635 -0.0924104 -0.0956271
636 -0.102646 -0.104568
637 -0.108403 -0.108911
638 -0.109351 -0.108491
639 -0.10539 -0.103339
640 -0.0966789 -0.0936646
641 -0.0836219 -0.0798419
642 -0.0668284 -0.0624072
643 -0.0470482 -0.0420477
644 -0.0251095 -0.0195852
645 -0.0018727 0.00405647
646 0.0217928 0.0278999
647 0.0450163 0.0509733
648 0.0669319 0.0723683
649 0.0866983 0.0912866
650 0.103536 0.107065
651 0.116778 0.119177
652 0.125914 0.127231
653 0.130627 0.130953
654 0.130791 0.130193
655 0.126459 0.124935
656 0.117827 0.115322
657 0.105204 0.101663
658 0.0889915 0.0844327
659 0.0696796 0.0642393
660 0.0478423 0.0417744
661 0.024137 0.0177603
662 -0.000711576 -0.00709101
663 -0.0259408 -0.0320973
664 -0.0507893 -0.0566031
665 -0.0745363 -0.0799687
666 -0.0965329 -0.101565
667 -0.116219 -0.120788
668 -0.133127 -0.137096
669 -0.146873 -0.150046
670 -0.157157 -0.159336
671 -0.163752 -0.164805
672 -0.166515 -0.166424
673 -0.165393 -0.16425
674 -0.160434 -0.158399
675 -0.151785 -0.149016
676 -0.139691 -0.136287
677 -0.124474 -0.120459
678 -0.106506 -0.101857
679 -0.0861911 -0.0808947
680 -0.0639426 -0.0580513
681 -0.0401739 -0.0338304
682 -0.0152985 -0.00871519
683 0.0102662 0.0168627
684 0.0360971 0.0425284
685 0.0617709 0.0679459
686 0.0868785 0.0927904
687 0.111046 0.11673
688 0.133953 0.139428
689 0.155345 0.160568
690 0.175032 0.179893
691 0.192871 0.197224
692 0.208752 0.212473
693 0.222583 0.225618
694 0.234287 0.23667
695 0.243811 0.245643
696 0.251148 0.252542
697 0.256344 0.25737
698 0.2595 0.260163
699 0.260758 0.261002
700 0.260276 0.260031
701 0.258204 0.257438
702 0.254671 0.253423
703 0.249793 0.248169
704 0.243684 0.241824
705 0.236481 0.234504
706 0.228352 0.226313
707 0.219487 0.217372
708 0.210081 0.207831
709 0.200301 0.197863
710 0.190273 0.187647
711 0.180084 0.177333
712 0.169792 0.167028
713 0.159462 0.156796
714 0.149177 0.146675
715 0.139045 0.136704
716 0.129183 0.126941
717 0.119684 0.117464
718 0.110606 0.108359
719 0.101956 0.099696
720 0.0937118 0.0915075
721 0.0858471 0.0837892
722 0.0783572 0.0765117
723 0.0712697 0.0696437
724 0.0646336 0.0631721
725 0.0584938 0.0571087
726 0.0528652 0.0514803
727 0.04772 0.0463091
728 0.0429971 0.0415937
729 0.0386274 0.0373025
730 0.0345635 0.0333826
731 0.0307956 0.0297788
732 0.0273477 0.0264535
733 0.0242531 0.0233955
734 0.021526 0.0206138
735 0.0191424 0.0181207
736 0.0170426 0.0159126
737 0.0151527 0.013961
738 0.0134154 0.0122172
739 0.0118112 0.0106286
740 0.0103604 0.00915717
741 0.00910317 0.00779005
742 0.00807 0.00653615
743 0.00725765 0.00541132
744 0.00662442 0.00442002
745 0.00610705 0.003544
746 0.00565034 0.002744
747 0.0052331 0.00197361
748 0.00487643 0.00119724
749 0.00462945 0.000402166
750 0.00454049 -0.000402166
751 0.00462945 -0.00119724
752 0.00487643 -0.00197361
753 0.0052331 -0.002744
754 0.00565034 -0.003544
755 0.00610705 -0.00442002
756 0.00662442 -0.00541132
757 0.00725765 -0.00653615
758 0.00807 -0.00779005
759 0.00910317 -0.00915717
760 0.0103604 -0.0106286
761 0.0118112 -0.0122172
762 0.0134154 -0.013961
763 0.0151527 -0.0159126
764 0.0170426 -0.0181207
765 0.0191424 -0.0206138
766 0.021526 -0.0233955
767 0.0242531 -0.0264535
768 0.0273477 -0.0297788
769 0.0307956 -0.0333826
770 0.0345635 -0.0373025
771 0.0386274 -0.0415937
772 0.0429971 -0.0463091
773 0.04772 -0.0514803
774 0.0528652 -0.0571087
775 0.0584938 -0.0631721
776 0.0646336 -0.0696437
777 0.0712697 -0.0765117
778 0.0783572 -0.0837892
779 0.0858471 -0.0915075
780 0.0937118 -0.099696
781 0.101956 -0.108359
782 0.110606 -0.117464
783 0.119684 -0.126941
784 0.129183 -0.136704
785 0.139045 -0.146675
786 0.149177 -0.156796
787 0.159462 -0.167028
788 0.169792 -0.177333
789 0.180084 -0.187647
790 0.190273 -0.197863
791 0.200301 -0.207831
792 0.210081 -0.217372
793 0.219487 -0.226313
794 0.228352 -0.234504
795 0.236481 -0.241824
796 0.243684 -0.248169
797 0.249793 -0.253423
798 0.254671 -0.257438
799 0.258204 -0.260031
800 0.260276 -0.261002
801 0.260758 -0.260163
802 0.2595 -0.25737
803 0.256344 -0.252542
804 0.251148 -0.245643
805 0.243811 -0.23667
806 0.234287 -0.225618
807 0.222583 -0.212473
808 0.208752 -0.197224
809 0.192871 -0.179893
810 0.175032 -0.160568
811 0.155345 -0.139428
812 0.133953 -0.11673
813 0.111046 -0.0927904
814 0.0868785 -0.0679459
815 0.0617709 -0.0425284
816 0.0360971 -0.0168627
817 0.0102662 0.00871519
818 -0.0152985 0.0338304
819 -0.0401739 0.0580513
820 -0.0639426 0.0808947
821 -0.0861911 0.101857
822 -0.106506 0.120459
823 -0.124474 0.136287
824 -0.139691 0.149016
825 -0.151785 0.158399
826 -0.160434 0.16425
827 -0.165393 0.166424
828 -0.166515 0.164805
829 -0.163752 0.159336
830 -0.157157 0.150046
831 -0.146873 0.137096
832 -0.133127 0.120788
833 -0.116219 0.101565
834 -0.0965329 0.0799687
835 -0.0745363 0.0566031
836 -0.0507893 0.0320973
837 -0.0259408 0.00709101
838 -0.000711576 -0.0177603
839 0.024137 -0.0417744
840 0.0478423 -0.0642393
841 0.0696796 -0.0844327
842 0.0889915 -0.101663
843 0.105204 -0.115322
844 0.117827 -0.124935
845 0.126459 -0.130193
846 0.130791 -0.130953
847 0.130627 -0.127231
848 0.125914 -0.119177
849 0.116778 -0.107065
850 0.103536 -0.0912866
851 0.0866983 -0.0723683
852 0.0669319 -0.0509733
853 0.0450163 -0.0278999
854 0.0217928 -0.00405647
855 -0.0018727 0.0195852
856 -0.0251095 0.0420477
857 -0.0470482 0.0624072
858 -0.0668284 0.0798419
859 -0.0836219 0.0936646
860 -0.0966789 0.103339
861 -0.10539 0.108491
862 -0.109351 0.108911
863 -0.108403 0.104568
864 -0.102646 0.0956271
865 -0.0924104 0.0824599
866 -0.0782196 0.0656536
867 -0.0607389 0.0459979
868 -0.0407476 0.0244506
869 -0.0191243 0.0020821
870 0.00315704 -0.0199941
871 0.0250429 -0.0406918
872 0.0454396 -0.0590138
873 0.0632817 -0.0740961
874 0.0776195 -0.085236
875 0.0877032 -0.0919089
876 0.0930428 -0.0937838
877 0.0934319 -0.0907454
878 0.0889365 -0.0829201
879 0.0798627 -0.0706999
880 0.0667216 -0.0547489
881 0.0502043 -0.0359806
882 0.0311679 -0.0154997
883 0.0106224 0.00548316
884 -0.0102968 0.0257478
885 -0.0303826 0.0441517
886 -0.0484362 0.0596928
887 -0.0633649 0.0715465
888 -0.074275 0.0790834
889 -0.080545 0.0818852
890 -0.0818634 0.0797687
891 -0.0782328 0.0728207
892 -0.0699487 0.0614303
893 -0.0575639 0.0463011
894 -0.0418513 0.0284241
895 -0.023768 0.00900622
896 -0.00441844 -0.0106356
897 0.0149911 -0.0291939
898 0.0332138 -0.0454769
899 0.0490423 -0.0584849
900 0.0614019 -0.0674522
901 0.0694463 -0.0718647
902 0.0726391 -0.0714697
903 0.0708056 -0.0662902
904 0.064145 -0.056645
905 0.0532026 -0.0431629
906 0.0388103 -0.0267744
907 0.0220097 -0.00866367
908 0.00397423 0.00982098
909 -0.0140632 0.0272887
910 -0.0308719 0.042438
911 -0.0452848 0.0541745
912 -0.056265 0.0616959
913 -0.0629842 0.0645371
914 -0.0649075 0.06258
915 -0.0618681 0.0560393
916 -0.0541113 0.0454355
917 -0.0422901 0.0315631
918 -0.0274048 0.0154519
919 -0.010697 -0.00168458
920 0.00648015 -0.0185202
921 0.0227884 -0.0337125
922 0.0370064 -0.0460188
923 0.0481003 -0.0544184
924 0.0552706 -0.0582236
925 0.0579877 -0.0571563
926 0.0560292 -0.0513771
927 0.0495188 -0.0414602
928 0.0389539 -0.0283218
929 0.0252021 -0.0131177
930 0.00944953 0.00286822
931 -0.00690381 0.0183291
932 -0.0223899 0.0320237
933 -0.0356341 0.0428513
934 -0.0455006 0.0499196
935 -0.0511984 0.0526134
936 -0.0523345 0.0506642
937 -0.0489188 0.0442071
938 -0.0413339 0.033807
939 -0.0302855 0.0204322
940 -0.0167441 0.00536784
941 -0.00188152 -0.00992585
942 0.0130042 -0.023984
943 0.0265808 -0.0355041
944 0.0375938 -0.0434778
945 0.0449916 -0.0472701
946 0.0480486 -0.0466454
947 0.0464639 -0.0417531
948 0.0404135 -0.0330924
949 0.0305419 -0.021468
950 0.0178897 -0.00794031
951 0.00376798 0.00623923
952 -0.0103982 0.0197177
953 -0.0232292 0.0311608
954 -0.0335279 0.0393968
955 -0.0403793 0.0435629
956 -0.0432093 0.0432263
957 -0.0418102 0.038452
958 -0.0363448 0.0298005
959 -0.0273374 0.0182545
960 -0.0156497 0.00508928
961 -0.00243211 -0.0082878
962 0.0109632 -0.0204995
963 0.0231129 -0.0303401
964 0.0326876 -0.0368804
965 0.0386275 -0.0395356
966 0.0402928 -0.0380983
967 0.0375547 -0.0327464
968 0.0308067 -0.0240292
969 0.020896 -0.0128341
970 0.00899316 -0.000324046
971 -0.00356724 0.0121579
972 -0.0154437 0.0232232
973 -0.0254206 0.0316009
974 -0.032509 0.036309
975 -0.036018 0.0368012
976 -0.035606 0.0330556
977 -0.0313155 0.0255828
978 -0.0235879 0.0153468
979 -0.0132476 0.0036189
980 -0.00144208 -0.0082057
981 0.0104691 -0.0187877
982 0.0210715 -0.026992
983 0.0290795 -0.0319882
984 0.033518 -0.0333064
985 0.0338659 -0.0308588
986 0.0301347 -0.0249379
987 0.0228625 -0.0161983
988 0.0130275 -0.00561257
989 0.00189706 0.00560493
990 -0.00915488 0.0161176
991 -0.018828 0.0246239
992 -0.0260439 0.0300347
993 -0.0300471 0.0316406
994 -0.0304575 0.0292325
995 -0.0272853 0.0231477
996 -0.0209181 0.0142269
997 -0.0120891 0.00368704
998 -0.00182254 -0.0070637
999 0.00865348 -0.0166348
