0 0.000108561 -0.000134932
1 0.000145295 -0.000180143
2 0.000193587 -0.000239639
3 0.000256983 -0.000317411
4 0.000339972 -0.000418548
5 0.000448076 -0.000549594
6 0.000588077 -0.000718824
7 0.000768437 -0.000936455
8 0.00099979 -0.00121491
9 0.00129537 -0.0015693
10 0.00167137 -0.00201805
11 0.00214724 -0.00258364
12 0.00274636 -0.00329312
13 0.00349667 -0.00417865
14 0.00443158 -0.005278
15 0.00559061 -0.00663527
16 0.00701991 -0.00830168
17 0.00877273 -0.0103363
18 0.0109099 -0.0128064
19 0.0135004 -0.0157876
20 0.0166218 -0.0193635
21 0.0203599 -0.0236256
22 0.0248085 -0.0286725
23 0.0300681 -0.0346087
24 0.0362438 -0.0415424
25 0.0434442 -0.0495829
26 0.0517778 -0.0588361
27 0.0613496 -0.0694005
28 0.0722558 -0.0813617
29 0.0845779 -0.0947856
30 0.0983758 -0.109712
31 0.11368 -0.126144
32 0.130485 -0.144042
33 0.148737 -0.163313
34 0.168329 -0.1838
35 0.189089 -0.205278
36 0.210772 -0.227445
37 0.233055 -0.249917
38 0.255534 -0.272226
39 0.27772 -0.293824
40 0.299045 -0.314086
41 0.318868 -0.332322
42 0.336486 -0.3478
43 0.351156 -0.35976
44 0.362118 -0.367451
45 0.368626 -0.37016
46 0.369986 -0.367256
47 0.365592 -0.35823
48 0.354974 -0.342737
49 0.337834 -0.320645
50 0.314096 -0.292064
51 0.283939 -0.25738
52 0.247821 -0.217276
53 0.206501 -0.172733
54 0.161035 -0.125021
55 0.112759 -0.0756641
56 0.0632536 -0.0263899
57 0.0142856 0.0209442
58 -0.0322674 0.0644413
59 -0.0745132 0.102269
60 -0.110653 0.132773
61 -0.139095 0.154593
62 -0.158572 0.166769
63 -0.16824 0.168837
64 -0.16777 0.160895
65 -0.157406 0.143635
66 -0.137989 0.118334
67 -0.110937 0.086805
68 -0.0781836 0.0512938
69 -0.0420654 0.0143437
70 -0.0051731 -0.0213816
71 0.0298309 -0.0532957
72 0.0604134 -0.0790959
73 0.0843745 -0.0969589
74 0.100037 -0.105706
75 0.106402 -0.10492
76 0.103255 -0.0950012
77 0.0912033 -0.0771499
78 0.0716365 -0.053272
79 0.0466161 -0.0258141
80 0.0186895 0.00246418
81 -0.00934852 0.0287593
82 -0.034729 0.0505068
83 -0.0549903 0.065649
84 -0.0682365 0.0728556
85 -0.0733443 0.0716709
86 -0.0700898 0.0625672
87 -0.0591767 0.0468951
88 -0.0421582 0.0267297
89 -0.021257 0.00462831
90 0.000897103 -0.0166772
91 0.0215835 -0.0346152
92 0.0383242 -0.047095
93 0.0491921 -0.0527696
94 0.0530545 -0.0512041
95 0.0497163 -0.0429256
96 0.0399392 -0.0293439
97 0.0253306 -0.0125515
98 0.00811414 0.0049722
99 -0.00918754 0.0207143
100 -0.0241136 0.0324898
101 -0.0346175 0.0387572
102 -0.0393603 0.0388389
103 -0.0378992 0.0330109
104 -0.0307423 0.0224446
105 -0.0192571 0.00900885
106 -0.00544358 -0.00503673
107 0.00839301 -0.0174097
108 0.0200199 -0.0261742
109 0.0276404 -0.0300529
110 0.0301829 -0.0286271
111 0.0274645 -0.0223926
112 0.020203 -0.0126566
113 0.00987339 -0.00129225
114 -0.00156563 0.00960532
115 -0.0120275 0.018101
116 -0.0196743 0.0227677
117 -0.023246 0.0229354
118 -0.0222801 0.018796
119 -0.0171809 0.0113443
120 -0.00912136 0.0021684
121 0.000202023 -0.00687043
122 0.00891313 -0.0140071
123 0.0153299 -0.0179187
124 0.0182923 -0.0179784
125 0.0173787 -0.0143657
126 0.01297 -0.00800862
127 0.00614857 -0.000369557
128 -0.00154446 0.00687813
129 -0.0084443 0.0122131
130 -0.0131189 0.0145879
131 -0.0146707 0.0136403
132 -0.0129185 0.00974969
133 -0.00841671 0.00392895
134 -0.00231064 -0.00242063
135 0.00394116 -0.00783585
136 0.00890939 -0.0111254
137 0.0115213 -0.0116353
138 0.0112961 -0.00938638
139 0.0084358 -0.00504974
140 0.00375297 0.000232037
141 -0.00154238 0.00513542
142 -0.00614486 0.0084853
143 -0.00897109 0.00954008
144 -0.00941674 0.00816083
145 -0.00749122 0.00482348
146 -0.00379743 0.000474907
147 0.000638204 -0.00372581
148 0.00464157 -0.00671119
149 0.00720004 -0.00777529
150 0.00772248 -0.00674212
151 0.00618069 -0.00399207
152 0.00309565 -0.000342827
153 -0.000624101 0.00318189
154 -0.00394337 0.00563381
155 -0.00598584 0.00639592
156 -0.00626524 0.00534277
157 -0.00480123 0.00286075
158 -0.00209279 -0.000277075
159 0.00103867 -0.00314462
160 0.00368994 -0.00493527
161 0.00513237 -0.00519171
162 0.00501284 -0.00392543
163 0.00344353 -0.00159287
164 0.000955483 0.00105959
165 -0.00167 0.0032302
166 -0.00364203 0.00430226
167 -0.0043995 0.00401838
168 -0.00377532 0.00254008
169 -0.00203452 0.000380203
170 0.000224508 -0.00176665
171 0.0022711 -0.00324173
172 0.0034785 -0.00362194
173 0.00351734 -0.00284232
174 0.00244537 -0.00120514
175 0.000668988 0.000726187
176 -0.0012047 0.00231477
177 -0.00257197 0.00305909
178 -0.00302468 0.00275457
179 -0.00247019 0.0015536
180 -0.00114504 -9.63267e-05
181 0.000476523 -0.0016146
182 0.00184612 -0.00249188
183 0.00252259 -0.00246381
184 0.00231315 -0.00159272
185 0.00132969 -0.000230554
186 -5.73659e-05 0.00111946
187 -0.00135177 0.00198824
188 -0.0021061 0.00210415
189 -0.00207772 0.00147673
190 -0.00131084 0.000375623
191 -0.000114183 -0.000780904
192 0.00105802 -0.00158243
193 0.00177757 -0.00176964
194 0.00180137 -0.0013155
195 0.00115685 -0.000420614
196 0.000121798 0.000570093
197 -0.00089192 0.00129611
198 -0.00150244 0.00150929
199 -0.00150363 0.0011572
200 -0.000935322 0.00039486
201 -5.35479e-05 -0.000477806
202 0.000782271 -0.00112956
203 0.00125566 -0.00132165
204 0.00121275 -0.000996383
205 0.000709912 -0.000296896
206 -2.41917e-05 0.000490589
207 -0.000690248 0.00105095
208 -0.00103891 0.00116646
209 -0.000962071 0.000804251
210 -0.000522394 0.000128016
211 8.43342e-05 -0.000572091
212 0.000613838 -0.00100293
213 0.000869113 -0.000992787
214 0.000771013 -0.00056275
215 0.000379888 8.62582e-05
216 -0.000135856 0.000665099
217 -0.000569306 0.000925512
218 -0.000755298 0.00076856
219 -0.000631681 0.000283831
220 -0.000259767 -0.000297196
221 0.000202786 -0.000710611
222 0.000565941 -0.000780727
223 0.000683606 -0.000496106
224 0.000512486 -7.22209e-06
225 0.000129627 0.000450504
226 -0.00029953 0.000669667
227 -0.000590674 0.000565542
228 -0.000619444 0.000208752
229 -0.000375871 -0.000216733
230 3.017e-05 -0.000506891
231 0.000416526 -0.000535365
232 0.000609685 -0.000308687
233 0.000523363 4.53112e-05
234 0.000198698 0.000346811
235 -0.000213537 0.000454387
236 -0.000521887 0.00033131
237 -0.000583178 5.66264e-05
238 -0.000369996 -0.000221456
239 1.57107e-05 -0.000363727
240 0.000390293 -0.000309113
241 0.000575479 -0.000100639
242 0.000483611 0.000142722
243 0.000159974 0.000291481
244 -0.00023866 0.000273263
245 -0.000519468 0.000107823
246 -0.000546817 -0.000107441
247 -0.000308097 -0.000252261
248 8.0035e-05 -0.000248726
249 0.000428301 -0.000102345
250 0.000566914 0.000102345
251 0.000428301 0.000248726
252 8.0035e-05 0.000252261
253 -0.000308097 0.000107441
254 -0.000546817 -0.000107823
255 -0.000519468 -0.000273263
256 -0.00023866 -0.000291481
257 0.000159974 -0.000142722
258 0.000483611 0.000100639
259 0.000575479 0.000309113
260 0.000390293 0.000363727
261 1.57107e-05 0.000221456
262 -0.000369996 -5.66264e-05
263 -0.000583178 -0.00033131
264 -0.000521887 -0.000454387
265 -0.000213537 -0.000346811
266 0.000198698 -4.53112e-05
267 0.000523363 0.000308687
268 0.000609685 0.000535365
269 0.000416526 0.000506891
270 3.017e-05 0.000216733
271 -0.000375871 -0.000208752
272 -0.000619444 -0.000565542
273 -0.000590674 -0.000669667
274 -0.00029953 -0.000450504
275 0.000129627 7.22209e-06
276 0.000512486 0.000496106
277 0.000683606 0.000780727
278 0.000565941 0.000710611
279 0.000202786 0.000297196
280 -0.000259767 -0.000283831
281 -0.000631681 -0.00076856
282 -0.000755298 -0.000925512
283 -0.000569306 -0.000665099
284 -0.000135856 -8.62582e-05
285 0.000379888 0.00056275
286 0.000771013 0.000992787
287 0.000869113 0.00100293
288 0.000613838 0.000572091
289 8.43342e-05 -0.000128016
290 -0.000522394 -0.000804251
291 -0.000962071 -0.00116646
292 -0.00103891 -0.00105095
293 -0.000690248 -0.000490589
294 -2.41917e-05 0.000296896
295 0.000709912 0.000996383
296 0.00121275 0.00132165
297 0.00125566 0.00112956
298 0.000782271 0.000477806
299 -5.35479e-05 -0.00039486
300 -0.000935322 -0.0011572
301 -0.00150363 -0.00150929
302 -0.00150244 -0.00129611
303 -0.00089192 -0.000570093
304 0.000121798 0.000420614
305 0.00115685 0.0013155
306 0.00180137 0.00176964
307 0.00177757 0.00158243
308 0.00105802 0.000780904
309 -0.000114183 -0.000375623
310 -0.00131084 -0.00147673
311 -0.00207772 -0.00210415
312 -0.0021061 -0.00198824
313 -0.00135177 -0.00111946
314 -5.73659e-05 0.000230554
315 0.00132969 0.00159272
316 0.00231315 0.00246381
317 0.00252259 0.00249188
318 0.00184612 0.0016146
319 0.000476523 9.63267e-05
320 -0.00114504 -0.0015536
321 -0.00247019 -0.00275457
322 -0.00302468 -0.00305909
323 -0.00257197 -0.00231477
324 -0.0012047 -0.000726187
325 0.000668988 0.00120514
326 0.00244537 0.00284232
327 0.00351734 0.00362194
328 0.0034785 0.00324173
329 0.0022711 0.00176665
330 0.000224508 -0.000380203
331 -0.00203452 -0.00254008
332 -0.00377532 -0.00401838
333 -0.0043995 -0.00430226
334 -0.00364203 -0.0032302
335 -0.00167 -0.00105959
336 0.000955483 0.00159287
337 0.00344353 0.00392543
338 0.00501284 0.00519171
339 0.00513237 0.00493527
340 0.00368994 0.00314462
341 0.00103867 0.000277075
342 -0.00209279 -0.00286075
343 -0.00480123 -0.00534277
344 -0.00626524 -0.00639592
345 -0.00598584 -0.00563381
346 -0.00394337 -0.00318189
347 -0.000624101 0.000342827
348 0.00309565 0.00399207
349 0.00618069 0.00674212
350 0.00772248 0.00777529
351 0.00720004 0.00671119
352 0.00464157 0.00372581
353 0.000638204 -0.000474907
354 -0.00379743 -0.00482348
355 -0.00749122 -0.00816083
356 -0.00941674 -0.00954008
357 -0.00897109 -0.0084853
358 -0.00614486 -0.00513542
359 -0.00154238 -0.000232037
360 0.00375297 0.00504974
361 0.0084358 0.00938638
362 0.0112961 0.0116353
363 0.0115213 0.0111254
364 0.00890939 0.00783585
365 0.00394116 0.00242063
366 -0.00231064 -0.00392895
367 -0.00841671 -0.00974969
368 -0.0129185 -0.0136403
369 -0.0146707 -0.0145879
370 -0.0131189 -0.0122131
371 -0.0084443 -0.00687813
372 -0.00154446 0.000369557
373 0.00614857 0.00800862
374 0.01297 0.0143657
375 0.0173787 0.0179784
376 0.0182923 0.0179187
377 0.0153299 0.0140071
378 0.00891313 0.00687043
379 0.000202023 -0.0021684
380 -0.00912136 -0.0113443
381 -0.0171809 -0.018796
382 -0.0222801 -0.0229354
383 -0.023246 -0.0227677
384 -0.0196743 -0.018101
385 -0.0120275 -0.00960532
386 -0.00156563 0.00129225
387 0.00987339 0.0126566
388 0.020203 0.0223926
389 0.0274645 0.0286271
390 0.0301829 0.0300529
391 0.0276404 0.0261742
392 0.0200199 0.0174097
393 0.00839301 0.00503673
394 -0.00544358 -0.00900885
395 -0.0192571 -0.0224446
396 -0.0307423 -0.0330109
397 -0.0378992 -0.0388389
398 -0.0393603 -0.0387572
399 -0.0346175 -0.0324898
400 -0.0241136 -0.0207143
401 -0.00918754 -0.0049722
402 0.00811414 0.0125515
403 0.0253306 0.0293439
404 0.0399392 0.0429256
405 0.0497163 0.0512041
406 0.0530545 0.0527696
407 0.0491921 0.047095
408 0.0383242 0.0346152
409 0.0215835 0.0166772
410 0.000897103 -0.00462831
411 -0.021257 -0.0267297
412 -0.0421582 -0.0468951
413 -0.0591767 -0.0625672
414 -0.0700898 -0.0716709
415 -0.0733443 -0.0728556
416 -0.0682365 -0.065649
417 -0.0549903 -0.0505068
418 -0.034729 -0.0287593
419 -0.00934852 -0.00246418
420 0.0186895 0.0258141
421 0.0466161 0.053272
422 0.0716365 0.0771499
423 0.0912033 0.0950012
424 0.103255 0.10492
425 0.106402 0.105706
426 0.100037 0.0969589
427 0.0843745 0.0790959
428 0.0604134 0.0532957
429 0.0298309 0.0213816
430 -0.0051731 -0.0143437
431 -0.0420654 -0.0512938
432 -0.0781836 -0.086805
433 -0.110937 -0.118334
434 -0.137989 -0.143635
435 -0.157406 -0.160895
436 -0.16777 -0.168837
437 -0.16824 -0.166769
438 -0.158572 -0.154593
439 -0.139095 -0.132773
440 -0.110653 -0.102269
441 -0.0745132 -0.0644413
442 -0.0322674 -0.0209442
443 0.0142856 0.0263899
444 0.0632536 0.0756641
445 0.112759 0.125021
446 0.161035 0.172733
447 0.206501 0.217276
448 0.247821 0.25738
449 0.283939 0.292064
450 0.314096 0.320645
451 0.337834 0.342737
452 0.354974 0.35823
453 0.365592 0.367256
454 0.369986 0.37016
455 0.368626 0.367451
456 0.362118 0.35976
457 0.351156 0.3478
458 0.336486 0.332322
459 0.318868 0.314086
460 0.299045 0.293824
461 0.27772 0.272226
462 0.255534 0.249917
463 0.233055 0.227445
464 0.210772 0.205278
465 0.189089 0.1838
466 0.168329 0.163313
467 0.148737 0.144042
468 0.130485 0.126144
469 0.11368 0.109712
470 0.0983758 0.0947856
471 0.0845779 0.0813617
472 0.0722558 0.0694005
473 0.0613496 0.0588361
474 0.0517778 0.0495829
475 0.0434442 0.0415424
476 0.0362438 0.0346087
477 0.0300681 0.0286725
478 0.0248085 0.0236256
479 0.0203599 0.0193635
480 0.0166218 0.0157876
481 0.0135004 0.0128064
482 0.0109099 0.0103363
483 0.00877273 0.00830168
484 0.00701991 0.00663527
485 0.00559061 0.005278
486 0.00443158 0.00417865
487 0.00349667 0.00329312
488 0.00274636 0.00258364
489 0.00214724 0.00201805
490 0.00167137 0.0015693
491 0.00129537 0.00121491
492 0.00099979 0.000936455
493 0.000768437 0.000718824
494 0.000588077 0.000549594
495 0.000448076 0.000418548
496 0.000339972 0.000317411
497 0.000256983 0.000239639
498 0.000193587 0.000180143
499 0.000145295 0.000134932
500 0.000108561 0.000100776
501 8.07047e-05 7.50322e-05
502 5.97383e-05 5.56108e-05
503 4.41156e-05 4.09709e-05
504 3.25455e-05 3.00268e-05
505 2.39454e-05 2.19675e-05
506 1.74931e-05 1.60964e-05
507 1.2654e-05 1.17901e-05
508 9.10312e-06 8.5621e-06
509 6.58335e-06 6.12006e-06
510 4.81525e-06 4.32816e-06
511 3.52012e-06 3.09232e-06
512 2.50725e-06 2.27046e-06
513 1.71691e-06 1.68338e-06
514 1.16472e-06 1.1987e-06
515 8.40202e-07 7.88965e-07
516 6.58856e-07 4.98568e-07
517 5.09036e-07 3.53195e-07
518 3.36378e-07 3.0429e-07
519 1.734e-07 2.61529e-07
520 8.39969e-08 1.72974e-07
521 8.29981e-08 6.5592e-08
522 1.14409e-07 4.6929e-09
523 1.07142e-07 1.77898e-08
524 4.54651e-08 6.36193e-08
525 -2.07806e-08 7.60306e-08
526 -3.42527e-08 3.26009e-08
527 7.63138e-09 -2.5641e-08
528 5.17437e-08 -4.18894e-08
529 4.73942e-08 -5.09377e-09
530 -8.59608e-10 4.02839e-08
531 -4.13878e-08 4.39567e-08
532 -3.29851e-08 3.21617e-09
533 1.17606e-08 -3.69118e-08
534 4.2598e-08 -3.42781e-08
535 2.70612e-08 5.50842e-09
536 -1.59039e-08 3.75727e-08
537 -3.89866e-08 2.78647e-08
538 -1.87192e-08 -1.09409e-08
539 2.06067e-08 -3.55779e-08
540 3.55875e-08 -2.03892e-08
541 1.1443e-08 1.59548e-08
542 -2.35859e-08 3.29831e-08
543 -3.10516e-08 1.33595e-08
544 -4.45204e-09 -1.95768e-08
545 2.54316e-08 -2.9323e-08
546 2.59541e-08 -6.60399e-09
547 -1.7865e-09 2.19853e-08
548 -2.59546e-08 2.49154e-08
549 -2.03718e-08 4.41624e-10
550 7.1649e-09 -2.30837e-08
551 2.52437e-08 -1.99144e-08
552 1.45651e-08 4.94987e-09
553 -1.14992e-08 2.29138e-08
554 -2.33783e-08 1.45675e-08
555 -8.778e-09 -9.37776e-09
556 1.46672e-08 -2.15508e-08
557 2.05107e-08 -9.13391e-09
558 3.27602e-09 1.26954e-08
559 -1.65894e-08 1.91357e-08
560 -1.68428e-08 3.89008e-09
561 1.68355e-09 -1.48044e-08
562 1.72492e-08 -1.58658e-08
563 1.26241e-08 8.91596e-10
564 -5.86622e-09 1.5671e-08
565 -1.66978e-08 1.19906e-08
566 -8.13843e-09 -4.96122e-09
567 9.07935e-09 -1.53341e-08
568 1.50586e-08 -7.79784e-09
569 3.68789e-09 8.11239e-09
570 -1.11896e-08 1.39097e-08
571 -1.25245e-08 3.59529e-09
572 4.27888e-10 -1.02011e-08
573 1.21381e-08 -1.1587e-08
574 9.34918e-09 3.11897e-10
575 -3.93558e-09 1.1161e-08
576 -1.19512e-08 8.61769e-09
577 -5.83014e-09 -3.64548e-09
578 6.61275e-09 -1.10126e-08
579 1.07424e-08 -5.29898e-09
580 2.28534e-09 6.17872e-09
581 -8.30939e-09 9.86646e-09
582 -8.70623e-09 1.95023e-09
583 9.74107e-10 -7.75918e-09
584 8.96374e-09 -7.91756e-09
585 6.1034e-09 1.11604e-09
586 -3.6724e-09 8.32651e-09
587 -8.61074e-09 5.42915e-09
588 -3.23826e-09 -3.62573e-09
589 5.59661e-09 -7.92127e-09
590 7.38163e-09 -2.70714e-09
591 4.29697e-10 5.37264e-09
592 -6.62043e-09 6.68197e-09
593 -5.49288e-09 6.75724e-11
594 2.02289e-09 -6.24135e-09
595 6.7201e-09 -4.83019e-09
596 3.2233e-09 2.19829e-09
597 -3.87449e-09 6.22007e-09
598 -5.97824e-09 2.64565e-09
599 -8.81026e-10 -3.85727e-09
600 4.96413e-09 -5.40225e-09
601 4.57326e-09 -4.33352e-10
602 -1.23479e-09 4.76259e-09
603 -5.234e-09 3.9755e-09
604 -2.7556e-09 -1.51482e-09
605 2.87179e-09 -4.87318e-09
606 4.73512e-09 -2.19704e-09
607 8.14178e-10 2.95954e-09
608 -3.85655e-09 4.25906e-09
609 -3.61896e-09 3.5698e-10
610 9.62884e-10 -3.748e-09
611 4.11729e-09 -3.08965e-09
612 2.11526e-09 1.26537e-09
613 -2.32916e-09 3.83489e-09
614 -3.69338e-09 1.60519e-09
615 -4.97213e-10 -2.44404e-09
616 3.11698e-09 -3.28576e-09
617 2.72791e-09 -7.673e-11
618 -9.62578e-10 3.03974e-09
619 -3.26328e-09 2.26209e-09
620 -1.44191e-09 -1.23816e-09
621 2.03788e-09 -3.01858e-09
622 2.81725e-09 -9.91528e-10
623 9.34847e-11 2.13689e-09
624 -2.58656e-09 2.45396e-09
625 -1.92686e-09 -2.72454e-10
626 1.06974e-09 -2.50464e-09
627 2.57171e-09 -1.51076e-09
628 8.07041e-10 1.2961e-09
629 -1.85468e-09 2.33289e-09
630 -2.0625e-09 4.12597e-10
631 3.03165e-10 -1.90902e-09
632 2.15519e-09 -1.71827e-09
633 1.2157e-09 6.03879e-10
634 -1.18632e-09 2.03643e-09
635 -1.96767e-09 8.39129e-10
636 -2.41778e-10 -1.33871e-09
637 1.68764e-09 -1.71086e-09
638 1.3877e-09 8.64567e-11
639 -6.39084e-10 1.66997e-09
640 -1.74431e-09 1.05889e-09
641 -5.86906e-10 -8.51174e-10
642 1.24416e-09 -1.57552e-09
643 1.39626e-09 -2.66326e-10
644 -2.27654e-10 1.30392e-09
645 -1.46827e-09 1.13036e-09
646 -7.73157e-10 -4.68066e-10
647 8.63565e-10 -1.37929e-09
648 1.30557e-09 -4.81997e-10
649 5.85917e-11 9.78459e-10
650 -1.1897e-09 1.10578e-09
651 -8.45275e-10 -1.88539e-10
652 5.5956e-10 -1.16761e-09
653 1.16533e-09 -5.92895e-10
654 2.41786e-10 7.11072e-10
655 -9.37777e-10 1.02583e-09
656 -8.43053e-10 4.14593e-13
657 3.30942e-10 -9.67261e-10
658 1.01005e-09 -6.29324e-10
659 3.46421e-10 5.04169e-10
660 -7.26427e-10 9.19143e-10
661 -7.97449e-10 1.16881e-10
662 1.69064e-10 -7.91151e-10
663 8.60994e-10 -6.16684e-10
664 3.94377e-10 3.51521e-10
665 -5.59364e-10 8.04403e-10
666 -7.29988e-10 1.79589e-10
667 6.24889e-11 -6.43291e-10
668 7.29006e-10 -5.74865e-10
669 4.03062e-10 2.43158e-10
670 -4.33929e-10 6.93025e-10
671 -6.54031e-10 2.05344e-10
672 -5.60599e-13 -5.22878e-10
673 6.17538e-10 -5.18626e-10
674 3.85478e-10 1.68691e-10
675 -3.43877e-10 5.91587e-10
676 -5.76917e-10 2.07701e-10
677 -3.11258e-11 -4.27143e-10
678 5.25467e-10 -4.58231e-10
679 3.51153e-10 1.19231e-10
680 -2.81402e-10 5.03506e-10
681 -5.02196e-10 1.96489e-10
682 -3.90704e-11 -3.52927e-10
683 4.49443e-10 -4.00097e-10
684 3.07213e-10 8.81368e-11
685 -2.38617e-10 4.30011e-10
686 -4.31477e-10 1.77974e-10
687 -3.28584e-11 -2.97276e-10
688 3.85637e-10 -3.47417e-10
689 2.59177e-10 7.09253e-11
690 -2.08597e-10 3.70655e-10
691 -3.65667e-10 1.55464e-10
692 -1.93599e-11 -2.57419e-10
693 3.30844e-10 -3.00853e-10
694 2.11368e-10 6.46801e-11
695 -1.86011e-10 3.23631e-10
696 -3.05577e-10 1.30203e-10
697 -3.69106e-12 -2.30508e-10
698 2.82949e-10 -2.59307e-10
699 1.67016e-10 6.72884e-11
700 -1.67338e-10 2.86112e-10
701 -2.5204e-10 1.02335e-10
702 1.08264e-11 -2.13409e-10
703 2.40918e-10 -2.20749e-10
704 1.28224e-10 7.67828e-11
705 -1.50741e-10 2.54684e-10
706 -2.0574e-10 7.17591e-11
707 2.25366e-11 -2.02651e-10
708 2.04471e-10 -1.83001e-10
709 9.59502e-11 9.09169e-11
710 -1.35662e-10 2.25864e-10
711 -1.66978e-10 3.87591e-11
712 3.11319e-11 -1.94617e-10
713 1.73644e-10 -1.44371e-10
714 7.01122e-11 1.07047e-10
715 -1.22313e-10 1.96602e-10
716 -1.35497e-10 4.31809e-12
717 3.72119e-11 -1.85854e-10
718 1.48397e-10 -1.04062e-10
719 4.9825e-11 1.22256e-10
720 -1.11168e-10 1.64701e-10
721 -1.10484e-10 -2.98461e-11
722 4.18121e-11 -1.73445e-10
723 1.28377e-10 -6.23283e-11
724 3.37394e-11 1.33648e-10
725 -1.02586e-10 1.29065e-10
726 -9.06865e-11 -6.14713e-11
727 4.59813e-11 -1.55321e-10
728 1.12855e-10 -2.04066e-11
729 2.03932e-11 1.38687e-10
730 -9.66008e-11 8.97633e-11
731 -7.46672e-11 -8.80789e-11
732 5.05026e-11 -1.30458e-10
733 1.00824e-10 1.97338e-11
734 8.5137e-12 1.35507e-10
735 -9.28951e-11 4.79139e-11
736 -6.10479e-11 -1.07333e-10
737 5.57685e-11 -9.89332e-11
738 9.119e-11 5.57334e-11
739 -2.81005e-12 1.23128e-10
740 -9.09073e-11 5.44034e-12
741 -4.87246e-11 -1.17373e-10
742 6.18119e-11 -6.18315e-11
743 8.29801e-11 8.52153e-11
744 -1.4075e-11 1.01542e-10
745 -9.00288e-11 -3.52615e-11
746 -3.69752e-11 -1.17062e-10
747 6.84544e-11 -2.10404e-11
748 7.55101e-11 1.06135e-10
749 -2.54553e-11 7.16789e-11
750 -8.97929e-11 -7.16779e-11
751 -2.54553e-11 -1.06136e-10
752 7.55103e-11 2.10401e-11
753 6.84549e-11 1.17063e-10
754 -3.69755e-11 3.52612e-11
755 -9.00284e-11 -1.01541e-10
756 -1.40754e-11 -8.5216e-11
757 8.29803e-11 6.18317e-11
758 6.18114e-11 1.17372e-10
759 -4.87236e-11 -5.43956e-12
760 -9.09075e-11 -1.23128e-10
761 -2.81025e-12 -5.5734e-11
762 9.11901e-11 9.89336e-11
763 5.57694e-11 1.07334e-10
764 -6.10482e-11 -4.79135e-11
765 -9.28947e-11 -1.35507e-10
766 8.51319e-12 -1.9734e-11
767 1.00824e-10 1.30458e-10
768 5.05029e-11 8.80796e-11
769 -7.46676e-11 -8.97633e-11
770 -9.66008e-11 -1.38687e-10
771 2.03941e-11 2.04068e-11
772 1.12855e-10 1.55321e-10
773 4.59811e-11 6.14716e-11
774 -9.06868e-11 -1.29065e-10
775 -1.02585e-10 -1.33648e-10
776 3.37394e-11 6.23289e-11
777 1.28377e-10 1.73445e-10
778 4.18113e-11 2.98457e-11
779 -1.10484e-10 -1.64701e-10
780 -1.11167e-10 -1.22256e-10
781 4.98249e-11 1.04061e-10
782 1.48396e-10 1.85854e-10
783 3.72122e-11 -4.31809e-12
784 -1.35498e-10 -1.96602e-10
785 -1.22312e-10 -1.07046e-10
786 7.01122e-11 1.44371e-10
787 1.73644e-10 1.94617e-10
788 3.11311e-11 -3.87595e-11
789 -1.66977e-10 -2.25864e-10
790 -1.35663e-10 -9.09175e-11
791 9.59506e-11 1.83001e-10
792 2.04471e-10 2.02651e-10
793 2.25369e-11 -7.17591e-11
794 -2.05741e-10 -2.54685e-10
795 -1.50741e-10 -7.67836e-11
796 1.28224e-10 2.20749e-10
797 2.40918e-10 2.13409e-10
798 1.08266e-11 -1.02335e-10
799 -2.5204e-10 -2.86112e-10
800 -1.67338e-10 -6.72884e-11
801 1.67016e-10 2.59307e-10
802 2.82949e-10 2.30509e-10
803 -3.69107e-12 -1.30203e-10
804 -3.05577e-10 -3.23631e-10
805 -1.8601e-10 -6.46798e-11
806 2.11367e-10 3.00853e-10
807 3.30844e-10 2.57418e-10
808 -1.93593e-11 -1.55464e-10
809 -3.65667e-10 -3.70655e-10
810 -2.08598e-10 -7.09257e-11
811 2.59177e-10 3.47417e-10
812 3.85638e-10 2.97276e-10
813 -3.2859e-11 -1.77973e-10
814 -4.31477e-10 -4.30011e-10
815 -2.38617e-10 -8.81365e-11
816 3.07213e-10 4.00097e-10
817 4.49443e-10 3.52928e-10
818 -3.90698e-11 -1.96489e-10
819 -5.02196e-10 -5.03506e-10
820 -2.81402e-10 -1.19231e-10
821 3.51154e-10 4.58231e-10
822 5.25467e-10 4.27144e-10
823 -3.11259e-11 -2.07701e-10
824 -5.76917e-10 -5.91587e-10
825 -3.43877e-10 -1.68691e-10
826 3.85478e-10 5.18626e-10
827 6.17539e-10 5.22878e-10
828 -5.60591e-13 -2.05344e-10
829 -6.54031e-10 -6.93025e-10
830 -4.33929e-10 -2.43158e-10
831 4.03062e-10 5.74865e-10
832 7.29006e-10 6.4329e-10
833 6.24895e-11 -1.79589e-10
834 -7.29987e-10 -8.04402e-10
835 -5.59365e-10 -3.51521e-10
836 3.94376e-10 6.16683e-10
837 8.60994e-10 7.91151e-10
838 1.69064e-10 -1.16881e-10
839 -7.9745e-10 -9.19143e-10
840 -7.26427e-10 -5.04169e-10
841 3.46422e-10 6.29324e-10
842 1.01005e-09 9.67261e-10
843 3.30942e-10 -4.15214e-13
844 -8.43052e-10 -1.02583e-09
845 -9.37776e-10 -7.11072e-10
846 2.41786e-10 5.92895e-10
847 1.16533e-09 1.16761e-09
848 5.5956e-10 1.88539e-10
849 -8.45276e-10 -1.10579e-09
850 -1.1897e-09 -9.78459e-10
851 5.85922e-11 4.81996e-10
852 1.30557e-09 1.37929e-09
853 8.63564e-10 4.68065e-10
854 -7.73157e-10 -1.13036e-09
855 -1.46827e-09 -1.30392e-09
856 -2.27654e-10 2.66326e-10
857 1.39626e-09 1.57552e-09
858 1.24416e-09 8.51174e-10
859 -5.86906e-10 -1.05889e-09
860 -1.74431e-09 -1.66997e-09
861 -6.39084e-10 -8.64567e-11
862 1.38771e-09 1.71086e-09
863 1.68763e-09 1.33871e-09
864 -2.41778e-10 -8.39129e-10
865 -1.96767e-09 -2.03643e-09
866 -1.18632e-09 -6.03879e-10
867 1.21569e-09 1.71827e-09
868 2.15519e-09 1.90902e-09
869 3.03165e-10 -4.12597e-10
870 -2.0625e-09 -2.33289e-09
871 -1.85468e-09 -1.2961e-09
872 8.0704e-10 1.51076e-09
873 2.57171e-09 2.50464e-09
874 1.06974e-09 2.72455e-10
875 -1.92686e-09 -2.45396e-09
876 -2.58656e-09 -2.13689e-09
877 9.34843e-11 9.91528e-10
878 2.81725e-09 3.01858e-09
879 2.03788e-09 1.23816e-09
880 -1.44191e-09 -2.26209e-09
881 -3.26328e-09 -3.03974e-09
882 -9.62579e-10 7.67304e-11
883 2.72791e-09 3.28576e-09
884 3.11698e-09 2.44404e-09
885 -4.97213e-10 -1.60519e-09
886 -3.69338e-09 -3.83489e-09
887 -2.32916e-09 -1.26537e-09
888 2.11526e-09 3.08965e-09
889 4.11729e-09 3.748e-09
890 9.62885e-10 -3.56979e-10
891 -3.61896e-09 -4.25906e-09
892 -3.85655e-09 -2.95954e-09
893 8.14177e-10 2.19704e-09
894 4.73513e-09 4.87318e-09
895 2.87179e-09 1.51482e-09
896 -2.7556e-09 -3.9755e-09
897 -5.234e-09 -4.76259e-09
898 -1.23479e-09 4.33352e-10
899 4.57326e-09 5.40225e-09
900 4.96413e-09 3.85727e-09
901 -8.81027e-10 -2.64566e-09
902 -5.97824e-09 -6.22007e-09
903 -3.87449e-09 -2.19829e-09
904 3.2233e-09 4.83019e-09
905 6.7201e-09 6.24135e-09
906 2.02289e-09 -6.75725e-11
907 -5.49288e-09 -6.68197e-09
908 -6.62043e-09 -5.37264e-09
909 4.29696e-10 2.70714e-09
910 7.38163e-09 7.92127e-09
911 5.59661e-09 3.62573e-09
912 -3.23826e-09 -5.42915e-09
913 -8.61074e-09 -8.32651e-09
914 -3.6724e-09 -1.11604e-09
915 6.1034e-09 7.91756e-09
916 8.96374e-09 7.75918e-09
917 9.74106e-10 -1.95023e-09
918 -8.70623e-09 -9.86646e-09
919 -8.30939e-09 -6.17872e-09
920 2.28534e-09 5.29898e-09
921 1.07424e-08 1.10126e-08
922 6.61275e-09 3.64548e-09
923 -5.83014e-09 -8.61769e-09
924 -1.19512e-08 -1.1161e-08
925 -3.93558e-09 -3.11897e-10
926 9.34918e-09 1.1587e-08
927 1.21381e-08 1.02011e-08
928 4.27888e-10 -3.59529e-09
929 -1.25245e-08 -1.39097e-08
930 -1.11896e-08 -8.11239e-09
931 3.68789e-09 7.79784e-09
932 1.50586e-08 1.53341e-08
933 9.07935e-09 4.96122e-09
934 -8.13843e-09 -1.19906e-08
935 -1.66978e-08 -1.5671e-08
936 -5.86622e-09 -8.91597e-10
937 1.26241e-08 1.58658e-08
938 1.72492e-08 1.48044e-08
939 1.68355e-09 -3.89008e-09
940 -1.68428e-08 -1.91357e-08
941 -1.65894e-08 -1.26954e-08
942 3.27602e-09 9.13391e-09
943 2.05107e-08 2.15508e-08
944 1.46672e-08 9.37776e-09
945 -8.778e-09 -1.45675e-08
946 -2.33783e-08 -2.29138e-08
947 -1.14992e-08 -4.94987e-09
948 1.45651e-08 1.99144e-08
949 2.52437e-08 2.30837e-08
950 7.1649e-09 -4.41624e-10
951 -2.03718e-08 -2.49154e-08
952 -2.59546e-08 -2.19853e-08
953 -1.7865e-09 6.60399e-09
954 2.59541e-08 2.9323e-08
955 2.54316e-08 1.95768e-08
956 -4.45204e-09 -1.33595e-08
957 -3.10516e-08 -3.29831e-08
958 -2.35859e-08 -1.59548e-08
959 1.1443e-08 2.03892e-08
960 3.55875e-08 3.55779e-08
961 2.06067e-08 1.09409e-08
962 -1.87192e-08 -2.78647e-08
963 -3.89866e-08 -3.75727e-08
964 -1.59039e-08 -5.50842e-09
965 2.70612e-08 3.42781e-08
966 4.2598e-08 3.69118e-08
967 1.17606e-08 -3.21617e-09
968 -3.29851e-08 -4.39567e-08
969 -4.13878e-08 -4.02839e-08
970 -8.59607e-10 5.09377e-09
971 4.73942e-08 4.18894e-08
972 5.17437e-08 2.5641e-08
973 7.63138e-09 -3.26009e-08
974 -3.42527e-08 -7.60306e-08
975 -2.07806e-08 -6.36193e-08
976 4.54651e-08 -1.77898e-08
977 1.07142e-07 -4.69291e-09
978 1.14409e-07 -6.5592e-08
979 8.29981e-08 -1.72974e-07
980 8.39969e-08 -2.61529e-07
981 1.734e-07 -3.0429e-07
982 3.36378e-07 -3.53195e-07
983 5.09036e-07 -4.98568e-07
984 6.58856e-07 -7.88965e-07
985 8.40202e-07 -1.1987e-06
986 1.16472e-06 -1.68338e-06
987 1.71691e-06 -2.27046e-06
988 2.50725e-06 -3.09232e-06
989 3.52012e-06 -4.32816e-06
990 4.81525e-06 -6.12006e-06
991 6.58335e-06 -8.5621e-06
992 9.10312e-06 -1.17901e-05
993 1.2654e-05 -1.60964e-05
994 1.74931e-05 -2.19675e-05
995 2.39454e-05 -3.00268e-05
996 3.25455e-05 -4.09709e-05
997 4.41156e-05 -5.56108e-05
998 5.97383e-05 -7.50322e-05
999 8.07047e-05 -0.000100776
