0 -0.00194208 -0.00216347
1 -0.00254151 -0.0025665
2 -0.00231728 -0.00213137
3 -0.00131934 -0.000977022
4 0.000146567 0.00053766
5 0.00161357 0.00192651
6 0.00260242 0.00273224
7 0.00277693 0.00267579
8 0.00205619 0.00175028
9 0.000646378 0.000228888
10 -0.0010191 -0.00141704
11 -0.00241361 -0.00266435
12 -0.00308362 -0.00310355
13 -0.00279466 -0.00257113
14 -0.00161025 -0.00120671
15 0.00012195 0.000584293
16 0.00187363 0.00225203
17 0.00309727 0.00327115
18 0.00339619 0.00330508
19 0.00265057 0.00231447
20 0.00106015 0.000575495
21 -0.000910375 -0.00139867
22 -0.00266798 -0.0030102
23 -0.00366955 -0.00375708
24 -0.00358808 -0.00338731
25 -0.0024164 -0.00198006
26 -0.000476086 7.12284e-05
27 0.00167234 0.00217021
28 0.00339227 0.00369124
29 0.00415906 0.00416481
30 0.00371775 0.00341987
31 0.00216363 0.00164057
32 -7.8873e-05 -0.000680538
33 -0.00237358 -0.00288033
34 -0.00405343 -0.00431482
35 -0.00461309 -0.00454613
36 -0.00385815 -0.00347276
37 -0.00196737 -0.00136531
38 0.000550805 0.00120357
39 0.0029965 0.00351594
40 0.00467328 0.00490896
41 0.00508509 0.00496275
42 0.00407962 0.00362326
43 0.00189762 0.00122468
44 -0.000886702 -0.00159574
45 -0.00351836 -0.0040684
46 -0.00526638 -0.0055011
47 -0.00562481 -0.00547053
48 -0.00445544 -0.00394308
49 -0.00203255 -0.00129127
50 0.00102327 0.00179934
51 0.00390568 0.00450876
52 0.00583556 0.00609953
53 0.00626973 0.00611494
54 0.00504991 0.00450554
55 0.00245172 0.00165008
56 -0.000879844 -0.0017359
57 -0.00409258 -0.00478101
58 -0.00634524 -0.00668208
59 -0.00702582 -0.00691362
60 -0.00591359 -0.00536841
61 -0.00324311 -0.00239255
62 0.000347239 0.00129472
63 0.00397009 0.00477682
64 0.00670907 0.0071677
65 0.00784907 0.00783493
66 0.00705907 0.00656249
67 0.00448141 0.00361203
68 0.000704857 -0.000333172
69 -0.00337273 -0.00432902
70 -0.00675913 -0.00739732
71 -0.00860808 -0.00876367
72 -0.00842707 -0.00804873
73 -0.00620243 -0.00536646
74 -0.00241111 -0.00130515
75 0.00208475 0.00320465
76 0.00623597 0.007105
77 0.00905118 0.00945783
78 0.00983086 0.0096671
79 0.00833572 0.00762374
80 0.00484995 0.00373929
81 0.000124145 -0.00114042
82 -0.00478945 -0.00592226
83 -0.00877229 -0.00951132
84 -0.0108926 -0.0110593
85 -0.0106189 -0.0101601
86 -0.00794609 -0.00694742
87 -0.00340507 -0.00207427
88 0.00204651 0.00342397
89 0.00722906 0.00835143
90 0.0109966 0.0116113
91 0.0124873 0.0124466
92 0.0113147 0.0106093
93 0.00765852 0.00642176
94 0.00223461 0.000716307
95 -0.0038492 -0.00533405
96 -0.00932166 -0.0104586
97 -0.0130132 -0.0135543
98 -0.0141022 -0.0139186
99 -0.012291 -0.0114012
100 -0.00787484 -0.00644292
101 -0.00169024 5.67228e-06
102 0.00504834 0.00667064
103 0.010989 0.0122079
104 0.0149128 0.0154726
105 0.0159793 0.0157504
106 0.0138988 0.0129056
107 0.00899753 0.00741526
108 0.00216196 0.000284277
109 -0.0053265 -0.00714285
110 -0.0120343 -0.0134374
111 -0.0166494 -0.0173594
112 -0.0182335 -0.0180969
113 -0.016405 -0.0154249
114 -0.0114175 -0.00975552
115 -0.00412082 -0.00206889
116 0.00418963 0.00626174
117 0.0120061 0.0137179
118 0.0178821 0.0189119
119 0.0206966 0.0208399
120 0.0198601 0.019068
121 0.0154266 0.0138161
122 0.00809149 0.00592669
123 -0.000924288 -0.00327682
124 -0.0100822 -0.0122162
125 -0.0177904 -0.0193301
126 -0.0226781 -0.0233433
127 -0.0238333 -0.0234877
128 -0.0209622 -0.0196387
129 -0.014446 -0.012342
130 -0.00528327 -0.0027298
131 0.00506949 0.00766129
132 0.0149339 0.0171394
133 0.0226821 0.0241319
134 0.0270012 0.0274419
135 0.0271078 0.0264431
136 0.0228776 0.0211855
137 0.0148712 0.0123929
138 0.00425197 0.0013552
139 -0.00739047 -0.010267
140 -0.0182819 -0.0206955
141 -0.0267342 -0.0283054
142 -0.0314019 -0.0318723
143 -0.0314875 -0.0307594
144 -0.0268644 -0.0250164
145 -0.0181002 -0.015377
146 -0.00637847 -0.00315597
147 0.00666918 0.00993734
148 0.0191953 0.0220422
149 0.0293989 0.0314103
150 0.0357801 0.0366531
151 0.0373522 0.0369376
152 0.0337805 0.0321048
153 0.0254324 0.0226945
154 0.01333 0.00987544
155 -0.000984163 -0.00470936
156 -0.0156512 -0.019159
157 -0.02874 -0.0315647
158 -0.0385001 -0.0402583
159 -0.0435887 -0.0440292
160 -0.0432438 -0.04228
161 -0.0373829 -0.0351039
162 -0.0266143 -0.0232745
163 -0.0121634 -0.00815095
164 0.00427722 0.00848741
165 0.0207528 0.0246567
166 0.0352817 0.038406
167 0.0460911 0.0480492
168 0.0518255 0.0523627
169 0.0517045 0.0507274
170 0.045612 0.0431989
171 0.0341091 0.0305012
172 0.0183699 0.0139437
173 4.99251e-05 -0.00472428
174 -0.0188964 -0.0235064
175 -0.036429 -0.0403756
176 -0.0506405 -0.0534907
177 -0.0599581 -0.06139
178 -0.0633061 -0.0631423
179 -0.060215 -0.0584396
180 -0.0508662 -0.0476258
181 -0.0360699 -0.0316582
182 -0.0171816 -0.0120089
183 0.00403483 0.00948176
184 0.0255804 0.0307855
185 0.0454131 0.04988
186 0.0616403 0.0649382
187 0.0726928 0.0744957
188 0.0774649 0.0775797
189 0.07541 0.0737921
190 0.0665824 0.0633377
191 0.051626 0.047
192 0.0317121 0.0260664
193 0.00843283 0.00221334
194 -0.0163371 -0.0226389
195 -0.0405983 -0.0464867
196 -0.0623905 -0.067406
197 -0.0799475 -0.0837032
198 -0.0918324 -0.0940438
199 -0.0970422 -0.0975483
200 -0.0950754 -0.0938499
201 -0.0859596 -0.0831125
202 -0.0702388 -0.0660073
203 -0.0489228 -0.043655
204 -0.0234058 -0.0175369
205 0.00463966 0.010615
206 0.033383 0.0389406
207 0.0609623 0.0655783
208 0.0856073 0.0887849
209 0.105751 0.107043
210 0.120121 0.119149
211 0.127813 0.124275
212 0.128332 0.122007
213 0.121608 0.112351
214 0.107991 0.0957225
215 0.0882094 0.0729007
216 0.0633253 0.0449742
217 0.0346595 0.0132671
218 0.00371455 -0.0207417
219 -0.027909 -0.0555033
220 -0.0585963 -0.0894808
221 -0.0867964 -0.121227
222 -0.111092 -0.149449
223 -0.130256 -0.173066
224 -0.143298 -0.191245
225 -0.14949 -0.203429
226 -0.148385 -0.209343
227 -0.139812 -0.208991
228 -0.123869 -0.202641
229 -0.100895 -0.190793
230 -0.0714422 -0.174146
231 -0.0362361 -0.153553
232 0.00386343 -0.129978
233 0.0479053 -0.104451
234 0.0948874 -0.0780163
235 0.143795 -0.0516981
236 0.193633 -0.0264563
237 0.243457 -0.0031561
238 0.292392 0.0174594
239 0.33965 0.0347892
240 0.38454 0.0483887
241 0.426472 0.0579772
242 0.464954 0.0634395
243 0.499592 0.0648222
244 0.530073 0.062325
245 0.556164 0.0562884
246 0.577692 0.0471769
247 0.594536 0.0355607
248 0.606616 0.022094
249 0.613882 0.00749218
250 0.616307 -0.00749218
251 0.613882 -0.022094
252 0.606616 -0.0355607
253 0.594536 -0.0471769
254 0.577692 -0.0562884
255 0.556164 -0.062325
256 0.530073 -0.0648222
257 0.499592 -0.0634395
258 0.464954 -0.0579772
259 0.426472 -0.0483887
260 0.38454 -0.0347892
261 0.33965 -0.0174594
262 0.292392 0.0031561
263 0.243457 0.0264563
264 0.193633 0.0516981
265 0.143795 0.0780163
266 0.0948874 0.104451
267 0.0479053 0.129978
268 0.00386343 0.153553
269 -0.0362361 0.174146
270 -0.0714422 0.190793
271 -0.100895 0.202641
272 -0.123869 0.208991
273 -0.139812 0.209343
274 -0.148385 0.203429
275 -0.14949 0.191245
276 -0.143298 0.173066
277 -0.130256 0.149449
278 -0.111092 0.121227
279 -0.0867964 0.0894808
280 -0.0585963 0.0555033
281 -0.027909 0.0207417
282 0.00371455 -0.0132671
283 0.0346595 -0.0449742
284 0.0633253 -0.0729007
285 0.0882094 -0.0957225
286 0.107991 -0.112351
287 0.121608 -0.122007
288 0.128332 -0.124275
289 0.127813 -0.119149
290 0.120121 -0.107043
291 0.105751 -0.0887849
292 0.0856073 -0.0655783
293 0.0609623 -0.0389406
294 0.033383 -0.010615
295 0.00463966 0.0175369
296 -0.0234058 0.043655
297 -0.0489228 0.0660073
298 -0.0702388 0.0831125
299 -0.0859596 0.0938499
300 -0.0950754 0.0975483
301 -0.0970422 0.0940438
302 -0.0918324 0.0837032
303 -0.0799475 0.067406
304 -0.0623905 0.0464867
305 -0.0405983 0.0226389
306 -0.0163371 -0.00221334
307 0.00843283 -0.0260664
308 0.0317121 -0.047
309 0.051626 -0.0633377
310 0.0665824 -0.0737921
311 0.07541 -0.0775797
312 0.0774649 -0.0744957
313 0.0726928 -0.0649382
314 0.0616403 -0.04988
315 0.0454131 -0.0307855
316 0.0255804 -0.00948176
317 0.00403483 0.0120089
318 -0.0171816 0.0316582
319 -0.0360699 0.0476258
320 -0.0508662 0.0584396
321 -0.060215 0.0631423
322 -0.0633061 0.06139
323 -0.0599581 0.0534907
324 -0.0506405 0.0403756
325 -0.036429 0.0235064
326 -0.0188964 0.00472428
327 4.99251e-05 -0.0139437
328 0.0183699 -0.0305012
329 0.0341091 -0.0431989
330 0.045612 -0.0507274
331 0.0517045 -0.0523627
332 0.0518255 -0.0480492
333 0.0460911 -0.038406
334 0.0352817 -0.0246567
335 0.0207528 -0.00848741
336 0.00427722 0.00815095
337 -0.0121634 0.0232745
338 -0.0266143 0.0351039
339 -0.0373829 0.04228
340 -0.0432438 0.0440292
341 -0.0435887 0.0402583
342 -0.0385001 0.0315647
343 -0.02874 0.019159
344 -0.0156512 0.00470936
345 -0.000984163 -0.00987544
346 0.01333 -0.0226945
347 0.0254324 -0.0321048
348 0.0337805 -0.0369376
349 0.0373522 -0.0366531
350 0.0357801 -0.0314103
351 0.0293989 -0.0220422
352 0.0191953 -0.00993734
353 0.00666918 0.00315597
354 -0.00637847 0.015377
355 -0.0181002 0.0250164
356 -0.0268644 0.0307594
357 -0.0314875 0.0318723
358 -0.0314019 0.0283054
359 -0.0267342 0.0206955
360 -0.0182819 0.010267
361 -0.00739047 -0.0013552
362 0.00425197 -0.0123929
363 0.0148712 -0.0211855
364 0.0228776 -0.0264431
365 0.0271078 -0.0274419
366 0.0270012 -0.0241319
367 0.0226821 -0.0171394
368 0.0149339 -0.00766129
369 0.00506949 0.0027298
370 -0.00528327 0.012342
371 -0.014446 0.0196387
372 -0.0209622 0.0234877
373 -0.0238333 0.0233433
374 -0.0226781 0.0193301
375 -0.0177904 0.0122162
376 -0.0100822 0.00327682
377 -0.000924288 -0.00592669
378 0.00809149 -0.0138161
379 0.0154266 -0.019068
380 0.0198601 -0.0208399
381 0.0206966 -0.0189119
382 0.0178821 -0.0137179
383 0.0120061 -0.00626174
384 0.00418963 0.00206889
385 -0.00412082 0.00975552
386 -0.0114175 0.0154249
387 -0.016405 0.0180969
388 -0.0182335 0.0173594
389 -0.0166494 0.0134374
390 -0.0120343 0.00714285
391 -0.0053265 -0.000284277
392 0.00216196 -0.00741526
393 0.00899753 -0.0129056
394 0.0138988 -0.0157504
395 0.0159793 -0.0154726
396 0.0149128 -0.0122079
397 0.010989 -0.00667064
398 0.00504834 -5.67228e-06
399 -0.00169024 0.00644292
400 -0.00787484 0.0114012
401 -0.012291 0.0139186
402 -0.0141022 0.0135543
403 -0.0130132 0.0104586
404 -0.00932166 0.00533405
405 -0.0038492 -0.000716307
406 0.00223461 -0.00642176
407 0.00765852 -0.0106093
408 0.0113147 -0.0124466
409 0.0124873 -0.0116113
410 0.0109966 -0.00835143
411 0.00722906 -0.00342397
412 0.00204651 0.00207427
413 -0.00340507 0.00694742
414 -0.00794609 0.0101601
415 -0.0106189 0.0110593
416 -0.0108926 0.00951132
417 -0.00877229 0.00592226
418 -0.00478945 0.00114042
419 0.000124145 -0.00373929
420 0.00484995 -0.00762374
421 0.00833572 -0.0096671
422 0.00983086 -0.00945783
423 0.00905118 -0.007105
424 0.00623597 -0.00320465
425 0.00208475 0.00130515
426 -0.00241111 0.00536646
427 -0.00620243 0.00804873
428 -0.00842707 0.00876367
429 -0.00860808 0.00739732
430 -0.00675913 0.00432902
431 -0.00337273 0.000333172
432 0.000704857 -0.00361203
433 0.00448141 -0.00656249
434 0.00705907 -0.00783493
435 0.00784907 -0.0071677
436 0.00670907 -0.00477682
437 0.00397009 -0.00129472
438 0.000347239 0.00239255
439 -0.00324311 0.00536841
440 -0.00591359 0.00691362
441 -0.00702582 0.00668208
442 -0.00634524 0.00478101
443 -0.00409258 0.0017359
444 -0.000879844 -0.00165008
445 0.00245172 -0.00450554
446 0.00504991 -0.00611494
447 0.00626973 -0.00609953
448 0.00583556 -0.00450876
449 0.00390568 -0.00179934
450 0.00102327 0.00129127
451 -0.00203255 0.00394308
452 -0.00445544 0.00547053
453 -0.00562481 0.0055011
454 -0.00526638 0.0040684
455 -0.00351836 0.00159574
456 -0.000886702 -0.00122468
457 0.00189762 -0.00362326
458 0.00407962 -0.00496275
459 0.00508509 -0.00490896
460 0.00467328 -0.00351594
461 0.0029965 -0.00120357
462 0.000550805 0.00136531
463 -0.00196737 0.00347276
464 -0.00385815 0.00454613
465 -0.00461309 0.00431482
466 -0.00405343 0.00288033
467 -0.00237358 0.000680538
468 -7.8873e-05 -0.00164057
469 0.00216363 -0.00341987
470 0.00371775 -0.00416481
471 0.00415906 -0.00369124
472 0.00339227 -0.00217021
473 0.00167234 -7.12284e-05
474 -0.000476086 0.00198006
475 -0.0024164 0.00338731
476 -0.00358808 0.00375708
477 -0.00366955 0.0030102
478 -0.00266798 0.00139867
479 -0.000910375 -0.000575495
480 0.00106015 -0.00231447
481 0.00265057 -0.00330508
482 0.00339619 -0.00327115
483 0.00309727 -0.00225203
484 0.00187363 -0.000584293
485 0.00012195 0.00120671
486 -0.00161025 0.00257113
487 -0.00279466 0.00310355
488 -0.00308362 0.00266435
489 -0.00241361 0.00141704
490 -0.0010191 -0.000228888
491 0.000646378 -0.00175028
492 0.00205619 -0.00267579
493 0.00277693 -0.00273224
494 0.00260242 -0.00192651
495 0.00161357 -0.00053766
496 0.000146567 0.000977022
497 -0.00131934 0.00213137
498 -0.00231728 0.0025665
499 -0.00254151 0.00216347
500 -0.00194208 0.00107641
501 -0.00073557 -0.000323255
502 0.000670286 -0.00157227
503 0.00181296 -0.00226839
504 0.00232715 -0.00220028
505 0.00206249 -0.00141246
506 0.00112846 -0.000184964
507 -0.000147379 0.0010641
508 -0.00133273 0.00191987
509 -0.00203659 0.00210858
510 -0.00203857 0.00158606
511 -0.0013586 0.000547886
512 -0.000244702 -0.000641471
513 0.000915541 -0.00157544
514 0.00172877 -0.00194441
515 0.00192911 -0.00163916
516 0.0014658 -0.000783791
517 0.000516025 0.000312258
518 -0.000580484 0.00126497
519 -0.0014418 0.00174997
520 -0.00177679 0.00161323
521 -0.00148433 0.000920459
522 -0.000684501 -7.08133e-05
523 0.000328357 -0.00100541
524 0.00119293 -0.00155699
525 0.00160968 -0.00154214
526 0.00144499 -0.000982139
527 0.00077444 -9.12141e-05
528 -0.000149089 0.000803741
529 -0.000989486 0.00138249
530 -0.00144912 0.00144637
531 -0.00137431 0.000987373
532 -0.000807256 0.00018672
533 3.33624e-05 -0.000655293
534 0.000835198 -0.00123143
535 0.00130764 -0.00133975
536 0.00128747 -0.000954751
537 0.000796079 -0.000232339
538 2.77481e-05 0.00055193
539 -0.000725919 0.00110711
540 -0.00118634 0.00123454
541 -0.00119131 0.000899251
542 -0.00075269 0.000239315
543 -4.76429e-05 -0.00048933
544 0.000651883 -0.00101123
545 0.0010836 -0.00113549
546 0.0010932 -0.000826285
547 0.000689679 -0.000213291
548 3.7957e-05 0.000461248
549 -0.000607305 0.00093774
550 -0.00100045 0.00103939
551 -0.000998259 0.000738386
552 -0.000612651 0.000162949
553 -2.8929e-06 -0.000456233
554 0.000588884 -0.000878105
555 0.000933367 -0.000945057
556 0.000903262 -0.00064195
557 0.000521051 -9.82415e-05
558 -5.30778e-05 0.000466234
559 -0.000587554 0.000829453
560 -0.000872741 0.000854296
561 -0.000803513 0.000540566
562 -0.000418295 2.20984e-05
563 0.000120062 -0.000489115
564 0.000592531 -0.000789011
565 0.00081276 -0.000763081
566 0.000700531 -0.000430745
567 0.000310962 6.51441e-05
568 -0.0001911 0.000518865
569 -0.000599995 0.000747091
570 -0.000753025 0.00066342
571 -0.000595255 0.000311517
572 -0.000199528 -0.00015612
573 0.0002658 -0.00054385
574 0.000607715 -0.00069474
575 0.000688535 -0.000554214
576 0.000481889 -0.000189624
577 8.15625e-05 0.00024112
578 -0.000340095 0.000557436
579 -0.000606133 0.000631468
580 -0.000609601 0.000439688
581 -0.000357022 7.00135e-05
582 3.72392e-05 -0.00031753
583 0.000402317 -0.000559404
584 0.000584875 -0.00055739
585 0.000513627 -0.000318807
586 0.000227119 4.854e-05
587 -0.000145976 0.00038419
588 -0.000444211 0.000544843
589 -0.000542922 0.0004659
590 -0.000406174 0.000188026
591 -9.96321e-05 -0.000162614
592 0.000240105 -0.000431298
593 0.000465717 -0.000503232
594 0.000482741 -0.000353036
595 0.000289304 -5.3572e-05
596 -2.48086e-05 0.000258912
597 -0.000318954 0.000446741
598 -0.000464231 0.000431571
599 -0.000400206 0.000227031
600 -0.000160628 -7.02832e-05
601 0.00014323 -0.000326091
602 0.000373858 -0.000428802
603 0.000429928 -0.00033798
604 0.000291316 -0.000100019
605 2.6348e-05 0.000174828
606 -0.000241432 0.000362953
607 -0.000390926 0.000382621
608 -0.00035849 0.000229492
609 -0.000165108 -2.29619e-05
610 9.59216e-05 -0.000257939
611 0.000303847 -0.000368919
612 0.000366258 -0.000308063
613 0.000260017 -0.000107331
614 3.93261e-05 0.000137369
615 -0.000191497 0.000311592
616 -0.000326956 0.000336029
617 -0.000308269 0.000203126
618 -0.0001487 -2.06345e-05
619 7.4413e-05 -0.000227603
620 0.000256537 -0.000320875
621 0.000314489 -0.000260042
622 0.000224375 -7.88925e-05
623 3.16966e-05 0.000132839
624 -0.000170879 0.000273951
625 -0.000287631 0.000280307
626 -0.00026506 0.000153994
627 -0.000116864 -4.01437e-05
628 8.336e-05 -0.000207662
629 0.000238256 -0.000270376
630 0.000274149 -0.000202657
631 0.000176554 -4.14705e-05
632 -3.68699e-06 0.000133438
633 -0.000176528 0.000238676
634 -0.000257815 0.000226626
635 -0.000210629 0.000106752
636 -6.2286e-05 -6.05319e-05
637 0.00011101 -0.000193813
638 0.000223376 -0.00022989
639 0.000222016 -0.00015363
640 0.000112076 -4.47493e-06
641 -4.81454e-05 0.000143358
642 -0.000178072 0.000217391
643 -0.00021538 0.000182424
644 -0.000145756 5.76565e-05
645 -7.77501e-06 -9.31938e-05
646 0.000128272 -0.000194076
647 0.000196003 -0.000195035
648 0.000165055 -9.73914e-05
649 5.43374e-05 4.7333e-05
650 -7.90587e-05 0.000164315
651 -0.000168958 0.000194256
652 -0.00017256 0.00012385
653 -9.06036e-05 -8.04584e-06
654 3.40987e-05 -0.000131625
655 0.00013857 -0.000183224
656 0.000171086 -0.00013844
657 0.00011669 -2.3817e-05
658 4.29636e-06 9.86228e-05
659 -0.000108169 0.000165047
660 -0.000163266 0.000143292
661 -0.000133397 4.84283e-05
662 -3.49883e-05 -6.71122e-05
663 8.00248e-05 -0.000142559
664 0.000151318 -0.000140826
665 0.000141918 -6.65962e-05
666 5.77772e-05 3.82408e-05
667 -5.54497e-05 0.000118185
668 -0.000136965 0.000133428
669 -0.000143625 7.94336e-05
670 -7.31529e-05 -1.26664e-05
671 3.49661e-05 -9.38814e-05
672 0.00012146 -0.000123227
673 0.000139928 -8.81084e-05
674 8.20607e-05 -9.294e-06
675 -1.85172e-05 7.11343e-05
676 -0.000105658 0.00011197
677 -0.000132189 9.3681e-05
678 -8.56967e-05 2.75487e-05
679 5.67241e-06 -5.09826e-05
680 9.01152e-05 -0.000100965
681 0.000121658 -9.7016e-05
682 8.53426e-05 -4.215e-05
683 4.19367e-06 3.40673e-05
684 -7.51871e-05 9.10954e-05
685 -0.000109452 9.87539e-05
686 -8.22383e-05 5.32425e-05
687 -1.176e-05 -2.06902e-05
688 6.11028e-05 -8.28602e-05
689 9.65297e-05 -9.93248e-05
690 7.74951e-05 -6.10333e-05
691 1.76601e-05 1.08785e-05
692 -4.80229e-05 7.64461e-05
693 -8.36888e-05 9.89846e-05
694 -7.20421e-05 6.57745e-05
695 -2.24214e-05 -4.44858e-06
696 3.60732e-05 -7.18034e-05
697 7.15621e-05 -9.78619e-05
698 6.66014e-05 -6.77523e-05
699 2.64389e-05 1.06807e-06
700 -2.5361e-05 6.87222e-05
701 -6.06227e-05 9.60044e-05
702 -6.16874e-05 6.72786e-05
703 -2.99725e-05 -3.11729e-07
704 1.59788e-05 -6.69002e-05
705 5.11928e-05 -9.34179e-05
706 5.76212e-05 -6.46806e-05
707 3.3162e-05 1.70953e-06
708 -8.00049e-06 6.59978e-05
709 -4.34572e-05 9.00957e-05
710 -5.45572e-05 6.02915e-05
711 -3.60514e-05 -4.78599e-06
712 1.47411e-06 -6.56791e-05
713 3.74799e-05 -8.60377e-05
714 5.25147e-05 -5.44385e-05
715 3.86171e-05 9.08993e-06
716 3.58453e-06 6.56401e-05
717 -3.32236e-05 8.12599e-05
718 -5.14119e-05 4.74326e-05
719 -4.07953e-05 -1.42149e-05
720 -7.19711e-06 -6.56239e-05
721 3.05696e-05 -7.57966e-05
722 5.10981e-05 -3.95587e-05
723 4.2507e-05 1.98111e-05
724 9.4246e-06 6.54268e-05
725 -2.93385e-05 6.96977e-05
726 -5.1383e-05 3.10694e-05
727 -4.3677e-05 -2.55903e-05
728 -1.03668e-05 -6.4897e-05
729 2.93089e-05 -6.30236e-05
730 5.20609e-05 -2.21802e-05
731 4.42495e-05 3.1324e-05
732 1.01593e-05 6.39283e-05
733 -3.02353e-05 5.58389e-05
734 -5.29311e-05 1.30689e-05
735 -4.41979e-05 -3.68389e-05
736 -8.96873e-06 -6.24528e-05
737 3.18625e-05 -4.82074e-05
738 5.38125e-05 -3.87706e-06
739 4.35308e-05 4.20085e-05
740 6.98753e-06 6.04311e-05
741 -3.39383e-05 4.01888e-05
742 -5.45549e-05 -5.28512e-06
743 -4.22952e-05 -4.67438e-05
744 -4.42776e-06 -5.78453e-05
745 3.62236e-05 -3.1837e-05
746 5.50463e-05 1.43334e-05
747 4.05771e-05 5.09849e-05
748 1.51539e-06 5.46931e-05
749 -3.85002e-05 2.32021e-05
750 -5.52179e-05 -2.32021e-05
751 -3.85002e-05 -5.46931e-05
752 1.51539e-06 -5.09849e-05
753 4.05771e-05 -1.43334e-05
754 5.50463e-05 3.1837e-05
755 3.62236e-05 5.78453e-05
756 -4.42776e-06 4.67438e-05
757 -4.22952e-05 5.28512e-06
758 -5.45549e-05 -4.01888e-05
759 -3.39383e-05 -6.04311e-05
760 6.98753e-06 -4.20085e-05
761 4.35308e-05 3.87706e-06
762 5.38125e-05 4.82074e-05
763 3.18625e-05 6.24528e-05
764 -8.96873e-06 3.68389e-05
765 -4.41979e-05 -1.30689e-05
766 -5.29311e-05 -5.58389e-05
767 -3.02353e-05 -6.39283e-05
768 1.01593e-05 -3.1324e-05
769 4.42495e-05 2.21802e-05
770 5.20609e-05 6.30236e-05
771 2.93089e-05 6.4897e-05
772 -1.03668e-05 2.55903e-05
773 -4.3677e-05 -3.10694e-05
774 -5.1383e-05 -6.96977e-05
775 -2.93385e-05 -6.54268e-05
776 9.4246e-06 -1.98111e-05
777 4.2507e-05 3.95587e-05
778 5.10981e-05 7.57966e-05
779 3.05696e-05 6.56239e-05
780 -7.19711e-06 1.42149e-05
781 -4.07953e-05 -4.74326e-05
782 -5.14119e-05 -8.12599e-05
783 -3.32236e-05 -6.56401e-05
784 3.58453e-06 -9.08993e-06
785 3.86171e-05 5.44385e-05
786 5.25147e-05 8.60377e-05
787 3.74799e-05 6.56791e-05
788 1.47411e-06 4.78599e-06
789 -3.60514e-05 -6.02915e-05
790 -5.45572e-05 -9.00957e-05
791 -4.34572e-05 -6.59978e-05
792 -8.00049e-06 -1.70953e-06
793 3.3162e-05 6.46806e-05
794 5.76212e-05 9.34179e-05
795 5.11928e-05 6.69002e-05
796 1.59788e-05 3.11729e-07
797 -2.99725e-05 -6.72786e-05
798 -6.16874e-05 -9.60044e-05
799 -6.06227e-05 -6.87222e-05
800 -2.5361e-05 -1.06807e-06
801 2.64389e-05 6.77523e-05
802 6.66014e-05 9.78619e-05
803 7.15621e-05 7.18034e-05
804 3.60732e-05 4.44858e-06
805 -2.24214e-05 -6.57745e-05
806 -7.20421e-05 -9.89846e-05
807 -8.36888e-05 -7.64461e-05
808 -4.80229e-05 -1.08785e-05
809 1.76601e-05 6.10333e-05
810 7.74951e-05 9.93248e-05
811 9.65297e-05 8.28602e-05
812 6.11028e-05 2.06902e-05
813 -1.176e-05 -5.32425e-05
814 -8.22383e-05 -9.87539e-05
815 -0.000109452 -9.10954e-05
816 -7.51871e-05 -3.40673e-05
817 4.19367e-06 4.215e-05
818 8.53426e-05 9.7016e-05
819 0.000121658 0.000100965
820 9.01152e-05 5.09826e-05
821 5.67241e-06 -2.75487e-05
822 -8.56967e-05 -9.3681e-05
823 -0.000132189 -0.00011197
824 -0.000105658 -7.11343e-05
825 -1.85172e-05 9.294e-06
826 8.20607e-05 8.81084e-05
827 0.000139928 0.000123227
828 0.00012146 9.38814e-05
829 3.49661e-05 1.26664e-05
830 -7.31529e-05 -7.94336e-05
831 -0.000143625 -0.000133428
832 -0.000136965 -0.000118185
833 -5.54497e-05 -3.82408e-05
834 5.77772e-05 6.65962e-05
835 0.000141918 0.000140826
836 0.000151318 0.000142559
837 8.00248e-05 6.71122e-05
838 -3.49883e-05 -4.84283e-05
839 -0.000133397 -0.000143292
840 -0.000163266 -0.000165047
841 -0.000108169 -9.86228e-05
842 4.29636e-06 2.3817e-05
843 0.00011669 0.00013844
844 0.000171086 0.000183224
845 0.00013857 0.000131625
846 3.40987e-05 8.04584e-06
847 -9.06036e-05 -0.00012385
848 -0.00017256 -0.000194256
849 -0.000168958 -0.000164315
850 -7.90587e-05 -4.7333e-05
851 5.43374e-05 9.73914e-05
852 0.000165055 0.000195035
853 0.000196003 0.000194076
854 0.000128272 9.31938e-05
855 -7.77501e-06 -5.76565e-05
856 -0.000145756 -0.000182424
857 -0.00021538 -0.000217391
858 -0.000178072 -0.000143358
859 -4.81454e-05 4.47493e-06
860 0.000112076 0.00015363
861 0.000222016 0.00022989
862 0.000223376 0.000193813
863 0.00011101 6.05319e-05
864 -6.2286e-05 -0.000106752
865 -0.000210629 -0.000226626
866 -0.000257815 -0.000238676
867 -0.000176528 -0.000133438
868 -3.68699e-06 4.14705e-05
869 0.000176554 0.000202657
870 0.000274149 0.000270376
871 0.000238256 0.000207662
872 8.336e-05 4.01437e-05
873 -0.000116864 -0.000153994
874 -0.00026506 -0.000280307
875 -0.000287631 -0.000273951
876 -0.000170879 -0.000132839
877 3.16966e-05 7.88925e-05
878 0.000224375 0.000260042
879 0.000314489 0.000320875
880 0.000256537 0.000227603
881 7.4413e-05 2.06345e-05
882 -0.0001487 -0.000203126
883 -0.000308269 -0.000336029
884 -0.000326956 -0.000311592
885 -0.000191497 -0.000137369
886 3.93261e-05 0.000107331
887 0.000260017 0.000308063
888 0.000366258 0.000368919
889 0.000303847 0.000257939
890 9.59216e-05 2.29619e-05
891 -0.000165108 -0.000229492
892 -0.00035849 -0.000382621
893 -0.000390926 -0.000362953
894 -0.000241432 -0.000174828
895 2.6348e-05 0.000100019
896 0.000291316 0.00033798
897 0.000429928 0.000428802
898 0.000373858 0.000326091
899 0.00014323 7.02832e-05
900 -0.000160628 -0.000227031
901 -0.000400206 -0.000431571
902 -0.000464231 -0.000446741
903 -0.000318954 -0.000258912
904 -2.48086e-05 5.3572e-05
905 0.000289304 0.000353036
906 0.000482741 0.000503232
907 0.000465717 0.000431298
908 0.000240105 0.000162614
909 -9.96321e-05 -0.000188026
910 -0.000406174 -0.0004659
911 -0.000542922 -0.000544843
912 -0.000444211 -0.00038419
913 -0.000145976 -4.854e-05
914 0.000227119 0.000318807
915 0.000513627 0.00055739
916 0.000584875 0.000559404
917 0.000402317 0.00031753
918 3.72392e-05 -7.00135e-05
919 -0.000357022 -0.000439688
920 -0.000609601 -0.000631468
921 -0.000606133 -0.000557436
922 -0.000340095 -0.00024112
923 8.15625e-05 0.000189624
924 0.000481889 0.000554214
925 0.000688535 0.00069474
926 0.000607715 0.00054385
927 0.0002658 0.00015612
928 -0.000199528 -0.000311517
929 -0.000595255 -0.00066342
930 -0.000753025 -0.000747091
931 -0.000599995 -0.000518865
932 -0.0001911 -6.51441e-05
933 0.000310962 0.000430745
934 0.000700531 0.000763081
935 0.00081276 0.000789011
936 0.000592531 0.000489115
937 0.000120062 -2.20984e-05
938 -0.000418295 -0.000540566
939 -0.000803513 -0.000854296
940 -0.000872741 -0.000829453
941 -0.000587554 -0.000466234
942 -5.30778e-05 9.82415e-05
943 0.000521051 0.00064195
944 0.000903262 0.000945057
945 0.000933367 0.000878105
946 0.000588884 0.000456233
947 -2.8929e-06 -0.000162949
948 -0.000612651 -0.000738386
949 -0.000998259 -0.00103939
950 -0.00100045 -0.00093774
951 -0.000607305 -0.000461248
952 3.7957e-05 0.000213291
953 0.000689679 0.000826285
954 0.0010932 0.00113549
955 0.0010836 0.00101123
956 0.000651883 0.00048933
957 -4.76429e-05 -0.000239315
958 -0.00075269 -0.000899251
959 -0.00119131 -0.00123454
960 -0.00118634 -0.00110711
961 -0.000725919 -0.00055193
962 2.77481e-05 0.000232339
963 0.000796079 0.000954751
964 0.00128747 0.00133975
965 0.00130764 0.00123143
966 0.000835198 0.000655293
967 3.33624e-05 -0.00018672
968 -0.000807256 -0.000987373
969 -0.00137431 -0.00144637
970 -0.00144912 -0.00138249
971 -0.000989486 -0.000803741
972 -0.000149089 9.12141e-05
973 0.00077444 0.000982139
974 0.00144499 0.00154214
975 0.00160968 0.00155699
976 0.00119293 0.00100541
977 0.000328357 7.08133e-05
978 -0.000684501 -0.000920459
979 -0.00148433 -0.00161323
980 -0.00177679 -0.00174997
981 -0.0014418 -0.00126497
982 -0.000580484 -0.000312258
983 0.000516025 0.000783791
984 0.0014658 0.00163916
985 0.00192911 0.00194441
986 0.00172877 0.00157544
987 0.000915541 0.000641471
988 -0.000244702 -0.000547886
989 -0.0013586 -0.00158606
990 -0.00203857 -0.00210858
991 -0.00203659 -0.00191987
992 -0.00133273 -0.0010641
993 -0.000147379 0.000184964
994 0.00112846 0.00141246
995 0.00206249 0.00220028
996 0.00232715 0.00226839
997 0.00181296 0.00157227
998 0.000670286 0.000323255
999 -0.00073557 -0.00107641
