0 0.00046595 0.000199762
1 -0.000342409 0.000910216
2 -0.00100725 0.00129068
3 -0.00129604 0.00121311
4 -0.00111274 0.000713995
5 -0.000531426 -2.22727e-05
6 0.000231821 -0.000731387
7 0.000898728 -0.00116352
8 0.00123062 -0.00117094
9 0.00111448 -0.000758652
10 0.000601654 -8.08643e-05
11 -0.000114232 0.000615205
12 -0.000770685 0.00107838
13 -0.00113287 0.00114398
14 -0.00107754 0.000793178
15 -0.000634522 0.000159336
16 2.76856e-05 -0.000521513
17 0.000665473 -0.000998362
18 0.00104888 -0.00109852
19 0.00104377 -0.000791323
20 0.000658594 -0.0001981
21 3.96397e-05 0.000455366
22 -0.000583253 0.000925165
23 -0.000981051 0.001041
24 -0.00100964 0.000768272
25 -0.000662861 0.000217752
26 -7.45457e-05 -0.00039946
27 0.000532021 -0.000852971
28 0.000928601 -0.000978877
29 0.000968617 -0.000738462
30 0.000642501 -0.00022926
31 8.01479e-05 0.000354018
32 -0.000500487 0.000793121
33 -0.000878344 0.000927071
34 -0.000914214 0.000710807
35 -0.000602493 0.000230636
36 -7.02475e-05 -0.000328989
37 0.000474749 -0.000755202
38 0.000825408 -0.000887297
39 0.000853973 -0.00067789
40 0.00055807 -0.000211075
41 5.79859e-05 0.000330103
42 -0.000452001 0.000734947
43 -0.00077849 0.000847644
44 -0.000801526 0.000628335
45 -0.000518174 0.000168111
46 -4.17168e-05 -0.000348303
47 0.000442604 -0.000717044
48 0.000748554 -0.000796409
49 0.000760073 -0.00056195
50 0.000475758 -0.000113562
51 9.37515e-06 0.000367205
52 -0.000454478 0.000691084
53 -0.000732953 0.00073577
54 -0.000717507 0.000491749
55 -0.000417349 6.24062e-05
56 4.43296e-05 -0.000379773
57 0.000480406 -0.000662169
58 0.000716059 -0.000678749
59 0.000659799 -0.000429202
60 0.000339837 -1.65912e-05
61 -0.000109202 0.000394489
62 -0.000503173 0.000642606
63 -0.000684586 0.000632218
64 -0.000586062 0.000370532
65 -0.000255163 -3.5721e-05
66 0.000168364 -0.000422666
67 0.000511928 -0.000634669
68 0.000640485 -0.000587087
69 0.000509192 -0.000301011
70 0.000178121 0.000104832
71 -0.000215097 0.000462615
72 -0.000512128 0.000624964
73 -0.00059697 0.00052656
74 -0.000440537 0.000211488
75 -0.000110192 -0.000185776
76 0.000258571 -0.000497879
77 0.000516743 -0.000595836
78 0.000561261 -0.00044317
79 0.000376119 -0.000109685
80 3.87701e-05 0.000260439
81 -0.000311161 0.000511504
82 -0.000528882 0.000542294
83 -0.000524369 0.000346881
84 -0.000300418 1.38315e-05
85 4.77622e-05 -0.000314176
86 0.000372244 -0.000501628
87 0.000535262 -0.000475884
88 0.000468497 -0.000254597
89 0.000202761 6.49746e-05
90 -0.000145461 0.000348565
91 -0.00042509 0.000480755
92 -0.000516684 0.000411181
93 -0.000384311 0.000173129
94 -9.00031e-05 -0.000131915
95 0.00023524 -0.000376735
96 0.000450274 -0.00046058
97 0.00046565 -0.000350221
98 0.000280993 -9.3455e-05
99 -1.77911e-05 0.000200651
100 -0.000298761 0.000407156
101 -0.000442523 0.000437984
102 -0.000392882 0.000279972
103 -0.000178145 1.48906e-06
104 0.000104546 -0.000276215
105 0.000333221 -0.000431498
106 0.000413379 -0.000396097
107 0.00031635 -0.000186097
108 8.86105e-05 0.000104502
109 -0.000170275 0.000345581
110 -0.000350635 0.000429593
111 -0.000378355 0.000320398
112 -0.000244736 6.95377e-05
113 -8.9433e-06 -0.000207797
114 0.000227479 -0.000386007
115 0.000363457 -0.000386674
116 0.000341086 -0.000213633
117 0.000170484 5.04841e-05
118 -7.39802e-05 0.000283945
119 -0.00028519 0.000382553
120 -0.000369742 0.000306525
121 -0.000289505 9.62755e-05
122 -7.96371e-05 -0.00014896
123 0.000165912 -0.000318309
124 0.000336003 -0.000339548
125 0.000352856 -0.000209568
126 0.000208399 7.59026e-06
127 -3.10182e-05 0.000212417
128 -0.000254668 0.000315493
129 -0.000358872 0.000276084
130 -0.000295768 0.000117384
131 -9.60642e-05 -8.66835e-05
132 0.000145487 -0.00024571
133 0.000315216 -0.000292301
134 0.000334628 -0.000209913
135 0.000197341 -3.80256e-05
136 -2.88856e-05 0.000146463
137 -0.000235678 0.000262984
138 -0.000326434 0.000261782
139 -0.000261932 0.000144831
140 -7.73504e-05 -3.53775e-05
141 0.000136736 -0.000198665
142 0.000279125 -0.000272137
143 0.000286162 -0.000222491
144 0.00016018 -7.14913e-05
145 -3.44925e-05 0.00011279
146 -0.000204526 0.000245973
147 -0.000272536 0.000265806
148 -0.000212178 0.000161655
149 -5.75653e-05 -1.91478e-05
150 0.00011582 -0.000192151
151 0.000228042 -0.000275034
152 0.000231345 -0.000227138
153 0.000129835 -7.00796e-05
154 -2.54704e-05 0.000121358
155 -0.000162227 0.000254635
156 -0.000220151 0.000264496
157 -0.000176981 0.000145541
158 -5.62374e-05 -4.42816e-05
159 8.53674e-05 -0.000211706
160 0.000184187 -0.000274223
161 0.00019764 -0.000201291
162 0.000122017 -2.97697e-05
163 -7.00183e-06 0.000154496
164 -0.000130765 0.000259825
165 -0.000193696 0.000234767
166 -0.000167788 9.3672e-05
167 -6.50382e-05 -9.1186e-05
168 6.76649e-05 -0.000226731
169 0.000169314 -0.000246297
170 0.000192394 -0.00014278
171 0.000125117 2.89708e-05
172 -2.14247e-06 0.000181208
173 -0.000129919 0.00023837
174 -0.000197031 0.000174874
175 -0.000169904 2.65349e-05
176 -5.97718e-05 -0.000129457
177 8.12813e-05 -0.000214867
178 0.000184554 -0.000189857
179 0.000198206 -7.15366e-05
180 0.000113638 7.69988e-05
181 -2.88325e-05 0.000180365
182 -0.00015881 0.000189276
183 -0.000210585 0.000103991
184 -0.000156665 -2.82995e-05
185 -2.27815e-05 -0.000139505
186 0.000124008 -0.000175743
187 0.00020886 -0.000123372
188 0.000187566 -1.34214e-05
189 6.99729e-05 9.65097e-05
190 -8.41961e-05 0.000152429
191 -0.000195604 0.000130375
192 -0.000206328 4.62133e-05
193 -0.000110321 -5.48948e-05
194 4.29116e-05 -0.000122663
195 0.000173738 -0.000126577
196 0.000213924 -6.92504e-05
197 0.000142504 1.73571e-05
198 -3.00878e-06 8.96137e-05
199 -0.000146203 0.000114068
200 -0.000211968 8.26063e-05
201 -0.000166118 1.42523e-05
202 -3.34087e-05 -5.60429e-05
203 0.000115677 -9.51377e-05
204 0.000202388 -8.70333e-05
205 0.000181473 -3.88887e-05
206 6.50054e-05 2.41786e-05
207 -8.4389e-05 7.20576e-05
208 -0.000187189 8.37542e-05
209 -0.000189418 5.61971e-05
210 -9.11485e-05 4.30681e-06
211 5.40626e-05 -4.6931e-05
212 0.000168299 -7.4252e-05
213 0.000191144 -6.63503e-05
214 0.000111757 -2.82687e-05
215 -2.59301e-05 2.15782e-05
216 -0.000147422 6.00878e-05
217 -0.000187966 6.99017e-05
218 -0.000127151 4.70459e-05
219 7.42578e-07 2.52438e-06
220 0.000125935 -4.27813e-05
221 0.000181183 -6.76666e-05
222 0.000137947 -6.03881e-05
223 2.11964e-05 -2.42422e-05
224 -0.000104856 2.37418e-05
225 -0.000172004 6.06123e-05
226 -0.000144957 6.83585e-05
227 -3.99325e-05 4.27497e-05
228 8.4887e-05 -4.22001e-06
229 0.000161489 -4.97591e-05
230 0.000149057 -7.12437e-05
231 5.57458e-05 -5.74956e-05
232 -6.64265e-05 -1.47208e-05
233 -0.000150466 3.61159e-05
234 -0.000151078 6.94894e-05
235 -6.90875e-05 6.81642e-05
236 4.95794e-05 3.22009e-05
237 0.000139507 -2.06503e-05
238 0.000151773 -6.36487e-05
239 8.05348e-05 -7.46245e-05
240 -3.42058e-05 -4.75001e-05
241 -0.000128962 4.27219e-06
242 -0.000151791 5.43361e-05
243 -9.07098e-05 7.68826e-05
244 2.00078e-05 6.00351e-05
245 0.000118975 1.21754e-05
246 0.000151617 -4.21989e-05
247 0.00010019 -7.50529e-05
248 -6.57913e-06 -6.93417e-05
249 -0.000109475 -2.79111e-05
250 -0.00015153 2.79111e-05
251 -0.000109475 6.93417e-05
252 -6.57913e-06 7.50529e-05
253 0.00010019 4.21989e-05
254 0.000151617 -1.21754e-05
255 0.000118975 -6.00351e-05
256 2.00078e-05 -7.68826e-05
257 -9.07098e-05 -5.43361e-05
258 -0.000151791 -4.27219e-06
259 -0.000128962 4.75001e-05
260 -3.42058e-05 7.46245e-05
261 8.05348e-05 6.36487e-05
262 0.000151773 2.06503e-05
263 0.000139507 -3.22009e-05
264 4.95794e-05 -6.81642e-05
265 -6.90875e-05 -6.94894e-05
266 -0.000151078 -3.61159e-05
267 -0.000150466 1.47208e-05
268 -6.64265e-05 5.74956e-05
269 5.57458e-05 7.12437e-05
270 0.000149057 4.97591e-05
271 0.000161489 4.22001e-06
272 8.4887e-05 -4.27497e-05
273 -3.99325e-05 -6.83585e-05
274 -0.000144957 -6.06123e-05
275 -0.000172004 -2.37418e-05
276 -0.000104856 2.42422e-05
277 2.11964e-05 6.03881e-05
278 0.000137947 6.76666e-05
279 0.000181183 4.27813e-05
280 0.000125935 -2.52438e-06
281 7.42578e-07 -4.70459e-05
282 -0.000127151 -6.99017e-05
283 -0.000187966 -6.00878e-05
284 -0.000147422 -2.15782e-05
285 -2.59301e-05 2.82687e-05
286 0.000111757 6.63503e-05
287 0.000191144 7.4252e-05
288 0.000168299 4.6931e-05
289 5.40626e-05 -4.30681e-06
290 -9.11485e-05 -5.61971e-05
291 -0.000189418 -8.37542e-05
292 -0.000187189 -7.20576e-05
293 -8.4389e-05 -2.41786e-05
294 6.50054e-05 3.88887e-05
295 0.000181473 8.70333e-05
296 0.000202388 9.51377e-05
297 0.000115677 5.60429e-05
298 -3.34087e-05 -1.42523e-05
299 -0.000166118 -8.26063e-05
300 -0.000211968 -0.000114068
301 -0.000146203 -8.96137e-05
302 -3.00878e-06 -1.73571e-05
303 0.000142504 6.92504e-05
304 0.000213924 0.000126577
305 0.000173738 0.000122663
306 4.29116e-05 5.48948e-05
307 -0.000110321 -4.62133e-05
308 -0.000206328 -0.000130375
309 -0.000195604 -0.000152429
310 -8.41961e-05 -9.65097e-05
311 6.99729e-05 1.34214e-05
312 0.000187566 0.000123372
313 0.00020886 0.000175743
314 0.000124008 0.000139505
315 -2.27815e-05 2.82995e-05
316 -0.000156665 -0.000103991
317 -0.000210585 -0.000189276
318 -0.00015881 -0.000180365
319 -2.88325e-05 -7.69988e-05
320 0.000113638 7.15366e-05
321 0.000198206 0.000189857
322 0.000184554 0.000214867
323 8.12813e-05 0.000129457
324 -5.97718e-05 -2.65349e-05
325 -0.000169904 -0.000174874
326 -0.000197031 -0.00023837
327 -0.000129919 -0.000181208
328 -2.14247e-06 -2.89708e-05
329 0.000125117 0.00014278
330 0.000192394 0.000246297
331 0.000169314 0.000226731
332 6.76649e-05 9.1186e-05
333 -6.50382e-05 -9.3672e-05
334 -0.000167788 -0.000234767
335 -0.000193696 -0.000259825
336 -0.000130765 -0.000154496
337 -7.00183e-06 2.97697e-05
338 0.000122017 0.000201291
339 0.00019764 0.000274223
340 0.000184187 0.000211706
341 8.53674e-05 4.42816e-05
342 -5.62374e-05 -0.000145541
343 -0.000176981 -0.000264496
344 -0.000220151 -0.000254635
345 -0.000162227 -0.000121358
346 -2.54704e-05 7.00796e-05
347 0.000129835 0.000227138
348 0.000231345 0.000275034
349 0.000228042 0.000192151
350 0.00011582 1.91478e-05
351 -5.75653e-05 -0.000161655
352 -0.000212178 -0.000265806
353 -0.000272536 -0.000245973
354 -0.000204526 -0.00011279
355 -3.44925e-05 7.14913e-05
356 0.00016018 0.000222491
357 0.000286162 0.000272137
358 0.000279125 0.000198665
359 0.000136736 3.53775e-05
360 -7.73504e-05 -0.000144831
361 -0.000261932 -0.000261782
362 -0.000326434 -0.000262984
363 -0.000235678 -0.000146463
364 -2.88856e-05 3.80256e-05
365 0.000197341 0.000209913
366 0.000334628 0.000292301
367 0.000315216 0.00024571
368 0.000145487 8.66835e-05
369 -9.60642e-05 -0.000117384
370 -0.000295768 -0.000276084
371 -0.000358872 -0.000315493
372 -0.000254668 -0.000212417
373 -3.10182e-05 -7.59026e-06
374 0.000208399 0.000209568
375 0.000352856 0.000339548
376 0.000336003 0.000318309
377 0.000165912 0.00014896
378 -7.96371e-05 -9.62755e-05
379 -0.000289505 -0.000306525
380 -0.000369742 -0.000382553
381 -0.00028519 -0.000283945
382 -7.39802e-05 -5.04841e-05
383 0.000170484 0.000213633
384 0.000341086 0.000386674
385 0.000363457 0.000386007
386 0.000227479 0.000207797
387 -8.9433e-06 -6.95377e-05
388 -0.000244736 -0.000320398
389 -0.000378355 -0.000429593
390 -0.000350635 -0.000345581
391 -0.000170275 -0.000104502
392 8.86105e-05 0.000186097
393 0.00031635 0.000396097
394 0.000413379 0.000431498
395 0.000333221 0.000276215
396 0.000104546 -1.48906e-06
397 -0.000178145 -0.000279972
398 -0.000392882 -0.000437984
399 -0.000442523 -0.000407156
400 -0.000298761 -0.000200651
401 -1.77911e-05 9.3455e-05
402 0.000280993 0.000350221
403 0.00046565 0.00046058
404 0.000450274 0.000376735
405 0.00023524 0.000131915
406 -9.00031e-05 -0.000173129
407 -0.000384311 -0.000411181
408 -0.000516684 -0.000480755
409 -0.00042509 -0.000348565
410 -0.000145461 -6.49746e-05
411 0.000202761 0.000254597
412 0.000468497 0.000475884
413 0.000535262 0.000501628
414 0.000372244 0.000314176
415 4.77622e-05 -1.38315e-05
416 -0.000300418 -0.000346881
417 -0.000524369 -0.000542294
418 -0.000528882 -0.000511504
419 -0.000311161 -0.000260439
420 3.87701e-05 0.000109685
421 0.000376119 0.00044317
422 0.000561261 0.000595836
423 0.000516743 0.000497879
424 0.000258571 0.000185776
425 -0.000110192 -0.000211488
426 -0.000440537 -0.00052656
427 -0.00059697 -0.000624964
428 -0.000512128 -0.000462615
429 -0.000215097 -0.000104832
430 0.000178121 0.000301011
431 0.000509192 0.000587087
432 0.000640485 0.000634669
433 0.000511928 0.000422666
434 0.000168364 3.5721e-05
435 -0.000255163 -0.000370532
436 -0.000586062 -0.000632218
437 -0.000684586 -0.000642606
438 -0.000503173 -0.000394489
439 -0.000109202 1.65912e-05
440 0.000339837 0.000429202
441 0.000659799 0.000678749
442 0.000716059 0.000662169
443 0.000480406 0.000379773
444 4.43296e-05 -6.24062e-05
445 -0.000417349 -0.000491749
446 -0.000717507 -0.00073577
447 -0.000732953 -0.000691084
448 -0.000454478 -0.000367205
449 9.37515e-06 0.000113562
450 0.000475758 0.00056195
451 0.000760073 0.000796409
452 0.000748554 0.000717044
453 0.000442604 0.000348303
454 -4.17168e-05 -0.000168111
455 -0.000518174 -0.000628335
456 -0.000801526 -0.000847644
457 -0.00077849 -0.000734947
458 -0.000452001 -0.000330103
459 5.79859e-05 0.000211075
460 0.00055807 0.00067789
461 0.000853973 0.000887297
462 0.000825408 0.000755202
463 0.000474749 0.000328989
464 -7.02475e-05 -0.000230636
465 -0.000602493 -0.000710807
466 -0.000914214 -0.000927071
467 -0.000878344 -0.000793121
468 -0.000500487 -0.000354018
469 8.01479e-05 0.00022926
470 0.000642501 0.000738462
471 0.000968617 0.000978877
472 0.000928601 0.000852971
473 0.000532021 0.00039946
474 -7.45457e-05 -0.000217752
475 -0.000662861 -0.000768272
476 -0.00100964 -0.001041
477 -0.000981051 -0.000925165
478 -0.000583253 -0.000455366
479 3.96397e-05 0.0001981
480 0.000658594 0.000791323
481 0.00104377 0.00109852
482 0.00104888 0.000998362
483 0.000665473 0.000521513
484 2.76856e-05 -0.000159336
485 -0.000634522 -0.000793178
486 -0.00107754 -0.00114398
487 -0.00113287 -0.00107838
488 -0.000770685 -0.000615205
489 -0.000114232 8.08643e-05
490 0.000601654 0.000758652
491 0.00111448 0.00117094
492 0.00123062 0.00116352
493 0.000898728 0.000731387
494 0.000231821 2.22727e-05
495 -0.000531426 -0.000713995
496 -0.00111274 -0.00121311
497 -0.00129604 -0.00129068
498 -0.00100725 -0.000910216
499 -0.000342409 -0.000199762
500 0.00046595 0.000590202
501 0.00113181 0.0011742
502 0.0014177 0.00133414
503 0.00121943 0.000999625
504 0.000603727 0.000276322
505 -0.000213849 -0.000589307
506 -0.000942885 -0.00129688
507 -0.00131844 -0.00159951
508 -0.00119346 -0.00139287
509 -0.000591636 -0.000753771
510 0.000298046 8.54083e-05
511 0.00118428 0.000816863
512 0.00177349 0.00116374
513 0.00187322 0.000975661
514 0.00146257 0.000280693
515 0.000704132 -0.00072351
516 -0.000108446 -0.00173651
517 -0.000650082 -0.00245754
518 -0.00067649 -0.0026895
519 -0.000109342 -0.00240972
520 0.000936071 -0.00178285
521 0.00219071 -0.00111036
522 0.00332532 -0.000732377
523 0.00406508 -0.000914244
524 0.00428615 -0.00175675
525 0.00406147 -0.00316156
526 0.00364105 -0.00486514
527 0.00337352 -0.00653055
528 0.00359494 -0.00786607
529 0.00452133 -0.00873007
530 0.00618005 -0.00918597
531 0.00840301 -0.00948865
532 0.0108851 -0.0100071
533 0.0132899 -0.0111094
534 0.0153681 -0.0130487
535 0.0170509 -0.0158863
536 0.0184841 -0.019479
537 0.0199922 -0.0235317
538 0.0219827 -0.027701
539 0.0248205 -0.0317159
540 0.0287165 -0.0354768
541 0.0336659 -0.0391013
542 0.0394571 -0.042899
543 0.0457489 -0.047284
544 0.052189 -0.0526495
545 0.0585367 -0.0592466
546 0.0647482 -0.0671072
547 0.070999 -0.0760352
548 0.077635 -0.0856709
549 0.0850676 -0.095607
550 0.0936446 -0.105518
551 0.103537 -0.115262
552 0.114678 -0.124918
553 0.126768 -0.134755
554 0.13936 -0.14513
555 0.151977 -0.156361
556 0.164246 -0.168602
557 0.175992 -0.181764
558 0.187267 -0.195506
559 0.198299 -0.209297
560 0.209385 -0.222536
561 0.220747 -0.234688
562 0.232419 -0.245398
563 0.244176 -0.254547
564 0.25554 -0.262231
565 0.265871 -0.26867
566 0.274487 -0.274077
567 0.280813 -0.278521
568 0.284488 -0.281844
569 0.285418 -0.283641
570 0.283741 -0.283324
571 0.279739 -0.280246
572 0.273699 -0.273853
573 0.265788 -0.263813
574 0.255963 -0.250101
575 0.243965 -0.232995
576 0.229386 -0.213006
577 0.211803 -0.190752
578 0.190927 -0.166814
579 0.166735 -0.141621
580 0.139548 -0.115395
581 0.110015 -0.0881793
582 0.0790262 -0.059934
583 0.0475712 -0.0306773
584 0.0165827 -0.000624297
585 -0.0131911 0.0297192
586 -0.0412509 0.0595393
587 -0.067333 0.0877821
588 -0.0913231 0.113291
589 -0.113127 0.134979
590 -0.132541 0.151993
591 -0.149158 0.163826
592 -0.162355 0.170349
593 -0.171355 0.17177
594 -0.175371 0.168515
595 -0.173775 0.161082
596 -0.166261 0.149913
597 -0.152954 0.135311
598 -0.134436 0.117438
599 -0.111677 0.0963857
600 -0.0859008 0.0723087
601 -0.0584096 0.0455673
602 -0.0304129 0.0168416
603 -0.00290782 -0.0128241
604 0.0233686 -0.0420667
605 0.0479052 -0.0693342
606 0.0703193 -0.0930758
607 0.0902304 -0.111948
608 0.10715 -0.12499
609 0.120429 -0.131733
610 0.129281 -0.132216
611 0.13289 -0.126913
612 0.130579 -0.116592
613 0.121986 -0.102148
614 0.107218 -0.0844541
615 0.0869299 -0.0642659
616 0.0623097 -0.0422068
617 0.0349631 -0.0188246
618 0.00672509 0.00530181
619 -0.0205669 0.0294462
620 -0.0452894 0.052654
621 -0.0661943 0.07373
622 -0.0824857 0.0913123
623 -0.093804 0.104025
624 -0.100134 0.110679
625 -0.101669 0.11049
626 -0.0986792 0.10324
627 -0.0914207 0.0893744
628 -0.0801107 0.069982
629 -0.0649773 0.0466713
630 -0.0463628 0.0213628
631 -0.0248469 -0.00396025
632 -0.00134733 -0.0274922
633 0.0228408 -0.04779
634 0.0460936 -0.0638724
635 0.0665996 -0.0752246
636 0.0825741 -0.0817235
637 0.0925098 -0.0835138
638 0.0954137 -0.0808774
639 0.0909789 -0.0741333
640 0.0796549 -0.0635956
641 0.062599 -0.0495996
642 0.0415171 -0.0325822
643 0.0184261 -0.0131886
644 -0.00461564 0.00763674
645 -0.0257597 0.0286139
646 -0.0435555 0.0481734
647 -0.0570498 0.0645931
648 -0.0657894 0.0762084
649 -0.0697437 0.0816609
650 -0.0691773 0.0801358
651 -0.0645151 0.0715395
652 -0.0562353 0.0565759
653 -0.0448193 0.0366994
654 -0.0307646 0.0139481
655 -0.0146485 -0.00932027
656 0.00278681 -0.0307421
657 0.0205657 -0.0482576
658 0.0374616 -0.0603629
659 0.0520542 -0.0662634
660 0.0628653 -0.0659089
661 0.0685575 -0.0599138
662 0.0681624 -0.0493905
663 0.0612918 -0.0357342
664 0.0482852 -0.020406
665 0.030255 -0.004754
666 0.00900585 0.0101003
667 -0.0131662 0.0233013
668 -0.033769 0.0342346
669 -0.0504559 0.0424615
670 -0.0613556 0.0476467
671 -0.0653341 0.0495097
672 -0.0621447 0.0478226
673 -0.0524419 0.0424587
674 -0.0376603 0.033483
675 -0.0197813 0.021256
676 -0.00103143 0.00651659
677 0.0164354 -0.00958817
678 0.0308185 -0.0255532
679 0.0408702 -0.0396515
680 0.0459902 -0.050146
681 0.0462109 -0.0555457
682 0.0420916 -0.0548642
683 0.0345542 -0.0478283
684 0.0246985 -0.0349944
685 0.0136341 -0.0177396
686 0.00235767 0.00188244
687 -0.00831227 0.0214038
688 -0.0177432 0.0382871
689 -0.025455 0.0502971
690 -0.0310689 0.055838
691 -0.0342653 0.0541996
692 -0.0347722 0.0456706
693 -0.0323936 0.0314994
694 -0.0270738 0.0137064
695 -0.0189806 -0.00522086
696 -0.00858173 -0.0227002
697 0.00331505 -0.036435
698 0.0155793 -0.0447405
699 0.0268463 -0.0467662
700 0.0356735 -0.0425816
701 0.0407459 -0.0331202
702 0.041099 -0.0199941
703 0.0363174 -0.00521959
704 0.026669 0.00910245
705 0.0131395 0.0210955
706 -0.00264792 0.0293601
707 -0.0186274 0.0331349
708 -0.0325741 0.0323474
709 -0.0424354 0.0275563
710 -0.0466577 0.0198049
711 -0.0444523 0.0104178
712 -0.035954 0.000779807
713 -0.0222404 -0.00786659
714 -0.00520077 -0.014575
715 0.0127279 -0.0187837
716 0.0289214 -0.0203333
717 0.0409685 -0.0194222
718 0.0470473 -0.016516
719 0.0462163 -0.0122339
720 0.0385724 -0.00723531
721 0.025248 -0.00212675
722 0.00824598 0.00259938
723 -0.00986384 0.00659025
724 -0.0263388 0.00962775
725 -0.0386873 0.0116037
726 -0.0450555 0.0124881
727 -0.0445139 0.0123008
728 -0.0372008 0.0110958
729 -0.0242973 0.00895921
730 -0.00784027 0.00602091
731 0.00959815 0.00247134
732 0.0253132 -0.00142424
733 0.0368893 -0.00532445
734 0.042574 -0.0088301
735 0.0415468 -0.0115239
736 0.0340411 -0.0130271
737 0.0212997 -0.0130638
738 0.00537349 -0.0115188
739 -0.0112053 -0.00847874
740 -0.0258229 -0.00424346
741 -0.0361937 0.000695971
742 -0.040717 0.00571354
743 -0.0387231 0.0101323
744 -0.0305741 0.013324
745 -0.017601 0.0148083
746 -0.0018903 0.0143333
747 0.0140472 0.0119231
748 0.0276733 0.00788209
749 0.0368225 0.00275441
750 0.0400425 -0.00275441
751 0.0368225 -0.00788209
752 0.0276733 -0.0119231
753 0.0140472 -0.0143333
754 -0.0018903 -0.0148083
755 -0.017601 -0.013324
756 -0.0305741 -0.0101323
757 -0.0387231 -0.00571354
758 -0.040717 -0.000695971
759 -0.0361937 0.00424346
760 -0.0258229 0.00847874
761 -0.0112053 0.0115188
762 0.00537349 0.0130638
763 0.0212997 0.0130271
764 0.0340411 0.0115239
765 0.0415468 0.0088301
766 0.042574 0.00532445
767 0.0368893 0.00142424
768 0.0253132 -0.00247134
769 0.00959815 -0.00602091
770 -0.00784027 -0.00895921
771 -0.0242973 -0.0110958
772 -0.0372008 -0.0123008
773 -0.0445139 -0.0124881
774 -0.0450555 -0.0116037
775 -0.0386873 -0.00962775
776 -0.0263388 -0.00659025
777 -0.00986384 -0.00259938
778 0.00824598 0.00212675
779 0.025248 0.00723531
780 0.0385724 0.0122339
781 0.0462163 0.016516
782 0.0470473 0.0194222
783 0.0409685 0.0203333
784 0.0289214 0.0187837
785 0.0127279 0.014575
786 -0.00520077 0.00786659
787 -0.0222404 -0.000779807
788 -0.035954 -0.0104178
789 -0.0444523 -0.0198049
790 -0.0466577 -0.0275563
791 -0.0424354 -0.0323474
792 -0.0325741 -0.0331349
793 -0.0186274 -0.0293601
794 -0.00264792 -0.0210955
795 0.0131395 -0.00910245
796 0.026669 0.00521959
797 0.0363174 0.0199941
798 0.041099 0.0331202
799 0.0407459 0.0425816
800 0.0356735 0.0467662
801 0.0268463 0.0447405
802 0.0155793 0.036435
803 0.00331505 0.0227002
804 -0.00858173 0.00522086
805 -0.0189806 -0.0137064
806 -0.0270738 -0.0314994
807 -0.0323936 -0.0456706
808 -0.0347722 -0.0541996
809 -0.0342653 -0.055838
810 -0.0310689 -0.0502971
811 -0.025455 -0.0382871
812 -0.0177432 -0.0214038
813 -0.00831227 -0.00188244
814 0.00235767 0.0177396
815 0.0136341 0.0349944
816 0.0246985 0.0478283
817 0.0345542 0.0548642
818 0.0420916 0.0555457
819 0.0462109 0.050146
820 0.0459902 0.0396515
821 0.0408702 0.0255532
822 0.0308185 0.00958817
823 0.0164354 -0.00651659
824 -0.00103143 -0.021256
825 -0.0197813 -0.033483
826 -0.0376603 -0.0424587
827 -0.0524419 -0.0478226
828 -0.0621447 -0.0495097
829 -0.0653341 -0.0476467
830 -0.0613556 -0.0424615
831 -0.0504559 -0.0342346
832 -0.033769 -0.0233013
833 -0.0131662 -0.0101003
834 0.00900585 0.004754
835 0.030255 0.020406
836 0.0482852 0.0357342
837 0.0612918 0.0493905
838 0.0681624 0.0599138
839 0.0685575 0.0659089
840 0.0628653 0.0662634
841 0.0520542 0.0603629
842 0.0374616 0.0482576
843 0.0205657 0.0307421
844 0.00278681 0.00932027
845 -0.0146485 -0.0139481
846 -0.0307646 -0.0366994
847 -0.0448193 -0.0565759
848 -0.0562353 -0.0715395
849 -0.0645151 -0.0801358
850 -0.0691773 -0.0816609
851 -0.0697437 -0.0762084
852 -0.0657894 -0.0645931
853 -0.0570498 -0.0481734
854 -0.0435555 -0.0286139
855 -0.0257597 -0.00763674
856 -0.00461564 0.0131886
857 0.0184261 0.0325822
858 0.0415171 0.0495996
859 0.062599 0.0635956
860 0.0796549 0.0741333
861 0.0909789 0.0808774
862 0.0954137 0.0835138
863 0.0925098 0.0817235
864 0.0825741 0.0752246
865 0.0665996 0.0638724
866 0.0460936 0.04779
867 0.0228408 0.0274922
868 -0.00134733 0.00396025
869 -0.0248469 -0.0213628
870 -0.0463628 -0.0466713
871 -0.0649773 -0.069982
872 -0.0801107 -0.0893744
873 -0.0914207 -0.10324
874 -0.0986792 -0.11049
875 -0.101669 -0.110679
876 -0.100134 -0.104025
877 -0.093804 -0.0913123
878 -0.0824857 -0.07373
879 -0.0661943 -0.052654
880 -0.0452894 -0.0294462
881 -0.0205669 -0.00530181
882 0.00672509 0.0188246
883 0.0349631 0.0422068
884 0.0623097 0.0642659
885 0.0869299 0.0844541
886 0.107218 0.102148
887 0.121986 0.116592
888 0.130579 0.126913
889 0.13289 0.132216
890 0.129281 0.131733
891 0.120429 0.12499
892 0.10715 0.111948
893 0.0902304 0.0930758
894 0.0703193 0.0693342
895 0.0479052 0.0420667
896 0.0233686 0.0128241
897 -0.00290782 -0.0168416
898 -0.0304129 -0.0455673
899 -0.0584096 -0.0723087
900 -0.0859008 -0.0963857
901 -0.111677 -0.117438
902 -0.134436 -0.135311
903 -0.152954 -0.149913
904 -0.166261 -0.161082
905 -0.173775 -0.168515
906 -0.175371 -0.17177
907 -0.171355 -0.170349
908 -0.162355 -0.163826
909 -0.149158 -0.151993
910 -0.132541 -0.134979
911 -0.113127 -0.113291
912 -0.0913231 -0.0877821
913 -0.067333 -0.0595393
914 -0.0412509 -0.0297192
915 -0.0131911 0.000624297
916 0.0165827 0.0306773
917 0.0475712 0.059934
918 0.0790262 0.0881793
919 0.110015 0.115395
920 0.139548 0.141621
921 0.166735 0.166814
922 0.190927 0.190752
923 0.211803 0.213006
924 0.229386 0.232995
925 0.243965 0.250101
926 0.255963 0.263813
927 0.265788 0.273853
928 0.273699 0.280246
929 0.279739 0.283324
930 0.283741 0.283641
931 0.285418 0.281844
932 0.284488 0.278521
933 0.280813 0.274077
934 0.274487 0.26867
935 0.265871 0.262231
936 0.25554 0.254547
937 0.244176 0.245398
938 0.232419 0.234688
939 0.220747 0.222536
940 0.209385 0.209297
941 0.198299 0.195506
942 0.187267 0.181764
943 0.175992 0.168602
944 0.164246 0.156361
945 0.151977 0.14513
946 0.13936 0.134755
947 0.126768 0.124918
948 0.114678 0.115262
949 0.103537 0.105518
950 0.0936446 0.095607
951 0.0850676 0.0856709
952 0.077635 0.0760352
953 0.070999 0.0671072
954 0.0647482 0.0592466
955 0.0585367 0.0526495
956 0.052189 0.047284
957 0.0457489 0.042899
958 0.0394571 0.0391013
959 0.0336659 0.0354768
960 0.0287165 0.0317159
961 0.0248205 0.027701
962 0.0219827 0.0235317
963 0.0199922 0.019479
964 0.0184841 0.0158863
965 0.0170509 0.0130487
966 0.0153681 0.0111094
967 0.0132899 0.0100071
968 0.0108851 0.00948865
969 0.00840301 0.00918597
970 0.00618005 0.00873007
971 0.00452133 0.00786607
972 0.00359494 0.00653055
973 0.00337352 0.00486514
974 0.00364105 0.00316156
975 0.00406147 0.00175675
976 0.00428615 0.000914244
977 0.00406508 0.000732377
978 0.00332532 0.00111036
979 0.00219071 0.00178285
980 0.000936071 0.00240972
981 -0.000109342 0.0026895
982 -0.00067649 0.00245754
983 -0.000650082 0.00173651
984 -0.000108446 0.00072351
985 0.000704132 -0.000280693
986 0.00146257 -0.000975661
987 0.00187322 -0.00116374
988 0.00177349 -0.000816863
989 0.00118428 -8.54083e-05
990 0.000298046 0.000753771
991 -0.000591636 0.00139287
992 -0.00119346 0.00159951
993 -0.00131844 0.00129688
994 -0.000942885 0.000589307
995 -0.000213849 -0.000276322
996 0.000603727 -0.000999625
997 0.00121943 -0.00133414
998 0.0014177 -0.0011742
999 0.00113181 -0.000590202
