0 0.000468072 -0.000488714
1 0.000560489 -0.000644375
2 0.000671077 -0.000835539
3 0.0008238 -0.00105114
4 0.00103836 -0.00128947
5 0.00132213 -0.00156479
6 0.00167052 -0.00190495
7 0.00207603 -0.00234135
8 0.00254044 -0.00289755
9 0.00308277 -0.00358396
10 0.00373793 -0.0044022
11 0.00454692 -0.00535678
12 0.00554456 -0.0064672
13 0.00675275 -0.0077729
14 0.00818355 -0.00932802
15 0.00985073 -0.011189
16 0.0117828 -0.0134027
17 0.0140297 -0.0160026
18 0.0166582 -0.0190154
19 0.0197399 -0.0224744
20 0.0233368 -0.0264308
21 0.0274958 -0.0309565
22 0.0322529 -0.0361353
23 0.0376457 -0.0420471
24 0.0437262 -0.0487541
25 0.0505646 -0.0562971
26 0.0582407 -0.0647021
27 0.0668277 -0.0739931
28 0.0763754 -0.0842025
29 0.086902 -0.0953691
30 0.0983988 -0.107525
31 0.110842 -0.120676
32 0.124203 -0.134786
33 0.138453 -0.149767
34 0.153544 -0.165495
35 0.169397 -0.181816
36 0.185878 -0.198559
37 0.202794 -0.215537
38 0.219896 -0.232534
39 0.236899 -0.249283
40 0.253497 -0.265459
41 0.269371 -0.280677
42 0.284179 -0.29451
43 0.297551 -0.306516
44 0.309074 -0.316261
45 0.318297 -0.323334
46 0.324753 -0.327346
47 0.327993 -0.327927
48 0.327618 -0.324725
49 0.323305 -0.317425
50 0.314815 -0.305776
51 0.30199 -0.289635
52 0.284756 -0.268997
53 0.263129 -0.244016
54 0.237238 -0.215006
55 0.207358 -0.182423
56 0.173935 -0.146852
57 0.137598 -0.108994
58 0.0991455 -0.0696701
59 0.0595095 -0.029822
60 0.0197147 0.00949034
61 -0.0191625 0.0471169
62 -0.0560236 0.0818691
63 -0.0897684 0.112589
64 -0.119319 0.138221
65 -0.143655 0.157878
66 -0.161871 0.170878
67 -0.17325 0.17677
68 -0.177329 0.175351
69 -0.173962 0.166683
70 -0.163339 0.151115
71 -0.145986 0.12931
72 -0.12273 0.102259
73 -0.0946643 0.0712621
74 -0.0631058 0.0378753
75 -0.0295591 0.0038187
76 0.00432621 -0.0291333
77 0.0368175 -0.0592651
78 0.0661867 -0.0850178
79 0.0908249 -0.105067
80 0.109368 -0.118382
81 0.120812 -0.12428
82 0.124597 -0.122476
83 0.120645 -0.113132
84 0.109358 -0.096894
85 0.091578 -0.0748851
86 0.0685341 -0.0486567
87 0.0417787 -0.0200823
88 0.0131153 0.00879218
89 -0.0154912 0.0359166
90 -0.0420312 0.0593993
91 -0.0645974 0.0776431
92 -0.0815502 0.0894458
93 -0.0916783 0.0940705
94 -0.0943253 0.0912919
95 -0.0894565 0.0814253
96 -0.0776564 0.0653327
97 -0.0600613 0.0443935
98 -0.0382465 0.0204235
99 -0.014089 -0.00446605
100 0.0103764 -0.0280627
101 0.0331019 -0.0482768
102 0.0521743 -0.0633594
103 0.0659681 -0.0720785
104 0.0732993 -0.0738284
105 0.0735647 -0.0686636
106 0.0668381 -0.0572658
107 0.053896 -0.040862
108 0.0361548 -0.0211099
109 0.0155183 3.91803e-05
110 -0.00584131 0.0204984
111 -0.0257325 0.0382274
112 -0.0421832 0.0514339
113 -0.0536356 0.0587773
114 -0.0590813 0.0595467
115 -0.0581335 0.0537738
116 -0.0510469 0.0422511
117 -0.0386904 0.0264411
118 -0.0224768 0.0082853
119 -0.00424275 -0.0100512
120 0.0139257 -0.0264563
121 0.0299197 -0.0391208
122 0.041866 -0.0467303
123 0.0483812 -0.0485836
124 0.0487742 -0.0446407
125 0.0431526 -0.0355077
126 0.0324068 -0.0223701
127 0.0180727 -0.00687589
128 0.00209872 0.00903274
129 -0.0134344 0.0233369
130 -0.0265914 0.0341948
131 -0.0358157 0.0402022
132 -0.0400948 0.0406131
133 -0.0390498 0.0354749
134 -0.0329577 0.0256372
135 -0.0227108 0.012626
136 -0.00971992 -0.00160223
137 0.00424057 -0.014975
138 0.0172437 -0.025627
139 0.0274648 -0.0321707
140 0.0334521 -0.0338699
141 0.0343678 -0.0307021
142 0.0301472 -0.0233139
143 0.0215338 -0.0128969
144 0.00996709 -0.00100992
145 -0.00266047 0.0106269
146 -0.0143332 0.0203488
147 -0.0232595 0.0267614
148 -0.0281658 0.0289372
149 -0.0284807 0.0265691
150 -0.0243841 0.0200509
151 -0.0167266 0.0104529
152 -0.00685009 -0.000622569
153 0.00364375 -0.0112988
154 0.0131377 -0.0197556
155 0.0202215 -0.024569
156 0.0238753 -0.0249866
157 0.023601 -0.0210697
158 0.0194962 -0.0136711
159 0.0122557 -0.00424923
160 0.00309115 0.00543336
161 -0.00643687 0.0136583
162 -0.0146667 0.0190674
163 -0.0201291 0.0208831
164 -0.0218341 0.0190012
165 -0.0194869 0.0139525
166 -0.013573 0.00676187
167 -0.00528121 -0.00125528
168 0.00373183 -0.00871726
169 0.0116866 -0.0143883
170 0.0170571 -0.0173566
171 0.0188886 -0.0171652
172 0.0169816 -0.0138844
173 0.0119021 -0.00811486
174 0.0048225 -0.000910075
175 -0.00275871 0.00638462
176 -0.00934585 0.012365
177 -0.0137447 0.0158397
178 -0.0152693 0.0160871
179 -0.013826 0.0130367
180 -0.00987389 0.00731929
181 -0.00429142 0.000157866
182 0.00181306 -0.00688869
183 0.00730465 -0.0122766
184 0.0112082 -0.0148387
185 0.0128574 -0.0140629
186 0.0119937 -0.0102143
187 0.00880894 -0.00426383
188 0.00392208 0.00235763
189 -0.00171298 0.00811534
190 -0.00696736 0.011743
191 -0.0107482 0.0125344
192 -0.0122276 0.0104823
193 -0.0110405 0.00623758
194 -0.00740014 0.000909815
195 -0.00208787 -0.00422826
196 0.00369628 -0.00805032
197 0.00860058 -0.00982185
198 0.0114476 -0.00932839
199 0.0115367 -0.00686955
200 0.00883958 -0.00313788
201 0.00402682 0.000973074
202 -0.00168932 0.00457771
203 -0.00686263 0.00697636
204 -0.0101905 0.00777137
205 -0.0108585 0.00691042
206 -0.00875583 0.00466292
207 -0.00449919 0.00154581
208 0.000741524 -0.00178258
209 0.00556762 -0.00464313
210 0.00873363 -0.00645639
211 0.00947944 -0.00684876
212 0.00772037 -0.00572956
213 0.00404537 -0.00332282
214 -0.000470705 -0.000140349
215 -0.00458158 0.00310924
216 -0.00721788 0.00566653
217 -0.00776995 0.00689668
218 -0.00622877 0.00645413
219 -0.00315257 0.00439165
220 0.000522084 0.00117642
221 0.0037626 -0.00240277
222 0.00573098 -0.00542381
223 0.00600041 -0.0070715
224 0.00464185 -0.00686597
225 0.00216537 -0.00481277
226 -0.000656611 -0.00142505
227 -0.00302529 0.00239727
228 -0.00433946 0.00560541
229 -0.00434506 0.00729352
230 -0.00317418 0.00696186
231 -0.0012719 0.0046725
232 0.000758676 0.00104726
233 0.00234158 -0.00289764
234 0.00308805 -0.00603689
235 0.00288776 -0.00746079
236 0.00191149 -0.00674431
237 0.000532513 -0.00407908
238 -0.000802901 -0.000226427
239 -0.0017136 0.00369863
240 -0.00198897 0.00655091
241 -0.00163358 0.00749188
242 -0.000843122 0.00623949
243 7.52884e-05 0.00315564
244 0.000809875 -0.000856536
245 0.0011434 -0.00461675
246 0.00101483 -0.00701566
247 0.00052672 -0.00734365
248 -0.000100843 -0.00550222
249 -0.000612473 -0.00203457
250 -0.000808121 0.00203457
251 -0.000612473 0.00550222
252 -0.000100843 0.00734365
253 0.00052672 0.00701566
254 0.00101483 0.00461675
255 0.0011434 0.000856536
256 0.000809875 -0.00315564
257 7.52884e-05 -0.00623949
258 -0.000843122 -0.00749188
259 -0.00163358 -0.00655091
260 -0.00198897 -0.00369863
261 -0.0017136 0.000226427
262 -0.000802901 0.00407908
263 0.000532513 0.00674431
264 0.00191149 0.00746079
265 0.00288776 0.00603689
266 0.00308805 0.00289764
267 0.00234158 -0.00104726
268 0.000758676 -0.0046725
269 -0.0012719 -0.00696186
270 -0.00317418 -0.00729352
271 -0.00434506 -0.00560541
272 -0.00433946 -0.00239727
273 -0.00302529 0.00142505
274 -0.000656611 0.00481277
275 0.00216537 0.00686597
276 0.00464185 0.0070715
277 0.00600041 0.00542381
278 0.00573098 0.00240277
279 0.0037626 -0.00117642
280 0.000522084 -0.00439165
281 -0.00315257 -0.00645413
282 -0.00622877 -0.00689668
283 -0.00776995 -0.00566653
284 -0.00721788 -0.00310924
285 -0.00458158 0.000140349
286 -0.000470705 0.00332282
287 0.00404537 0.00572956
288 0.00772037 0.00684876
289 0.00947944 0.00645639
290 0.00873363 0.00464313
291 0.00556762 0.00178258
292 0.000741524 -0.00154581
293 -0.00449919 -0.00466292
294 -0.00875583 -0.00691042
295 -0.0108585 -0.00777137
296 -0.0101905 -0.00697636
297 -0.00686263 -0.00457771
298 -0.00168932 -0.000973074
299 0.00402682 0.00313788
300 0.00883958 0.00686955
301 0.0115367 0.00932839
302 0.0114476 0.00982185
303 0.00860058 0.00805032
304 0.00369628 0.00422826
305 -0.00208787 -0.000909815
306 -0.00740014 -0.00623758
307 -0.0110405 -0.0104823
308 -0.0122276 -0.0125344
309 -0.0107482 -0.011743
310 -0.00696736 -0.00811534
311 -0.00171298 -0.00235763
312 0.00392208 0.00426383
313 0.00880894 0.0102143
314 0.0119937 0.0140629
315 0.0128574 0.0148387
316 0.0112082 0.0122766
317 0.00730465 0.00688869
318 0.00181306 -0.000157866
319 -0.00429142 -0.00731929
320 -0.00987389 -0.0130367
321 -0.013826 -0.0160871
322 -0.0152693 -0.0158397
323 -0.0137447 -0.012365
324 -0.00934585 -0.00638462
325 -0.00275871 0.000910075
326 0.0048225 0.00811486
327 0.0119021 0.0138844
328 0.0169816 0.0171652
329 0.0188886 0.0173566
330 0.0170571 0.0143883
331 0.0116866 0.00871726
332 0.00373183 0.00125528
333 -0.00528121 -0.00676187
334 -0.013573 -0.0139525
335 -0.0194869 -0.0190012
336 -0.0218341 -0.0208831
337 -0.0201291 -0.0190674
338 -0.0146667 -0.0136583
339 -0.00643687 -0.00543336
340 0.00309115 0.00424923
341 0.0122557 0.0136711
342 0.0194962 0.0210697
343 0.023601 0.0249866
344 0.0238753 0.024569
345 0.0202215 0.0197556
346 0.0131377 0.0112988
347 0.00364375 0.000622569
348 -0.00685009 -0.0104529
349 -0.0167266 -0.0200509
350 -0.0243841 -0.0265691
351 -0.0284807 -0.0289372
352 -0.0281658 -0.0267614
353 -0.0232595 -0.0203488
354 -0.0143332 -0.0106269
355 -0.00266047 0.00100992
356 0.00996709 0.0128969
357 0.0215338 0.0233139
358 0.0301472 0.0307021
359 0.0343678 0.0338699
360 0.0334521 0.0321707
361 0.0274648 0.025627
362 0.0172437 0.014975
363 0.00424057 0.00160223
364 -0.00971992 -0.012626
365 -0.0227108 -0.0256372
366 -0.0329577 -0.0354749
367 -0.0390498 -0.0406131
368 -0.0400948 -0.0402022
369 -0.0358157 -0.0341948
370 -0.0265914 -0.0233369
371 -0.0134344 -0.00903274
372 0.00209872 0.00687589
373 0.0180727 0.0223701
374 0.0324068 0.0355077
375 0.0431526 0.0446407
376 0.0487742 0.0485836
377 0.0483812 0.0467303
378 0.041866 0.0391208
379 0.0299197 0.0264563
380 0.0139257 0.0100512
381 -0.00424275 -0.0082853
382 -0.0224768 -0.0264411
383 -0.0386904 -0.0422511
384 -0.0510469 -0.0537738
385 -0.0581335 -0.0595467
386 -0.0590813 -0.0587773
387 -0.0536356 -0.0514339
388 -0.0421832 -0.0382274
389 -0.0257325 -0.0204984
390 -0.00584131 -3.91803e-05
391 0.0155183 0.0211099
392 0.0361548 0.040862
393 0.053896 0.0572658
394 0.0668381 0.0686636
395 0.0735647 0.0738284
396 0.0732993 0.0720785
397 0.0659681 0.0633594
398 0.0521743 0.0482768
399 0.0331019 0.0280627
400 0.0103764 0.00446605
401 -0.014089 -0.0204235
402 -0.0382465 -0.0443935
403 -0.0600613 -0.0653327
404 -0.0776564 -0.0814253
405 -0.0894565 -0.0912919
406 -0.0943253 -0.0940705
407 -0.0916783 -0.0894458
408 -0.0815502 -0.0776431
409 -0.0645974 -0.0593993
410 -0.0420312 -0.0359166
411 -0.0154912 -0.00879218
412 0.0131153 0.0200823
413 0.0417787 0.0486567
414 0.0685341 0.0748851
415 0.091578 0.096894
416 0.109358 0.113132
417 0.120645 0.122476
418 0.124597 0.12428
419 0.120812 0.118382
420 0.109368 0.105067
421 0.0908249 0.0850178
422 0.0661867 0.0592651
423 0.0368175 0.0291333
424 0.00432621 -0.0038187
425 -0.0295591 -0.0378753
426 -0.0631058 -0.0712621
427 -0.0946643 -0.102259
428 -0.12273 -0.12931
429 -0.145986 -0.151115
430 -0.163339 -0.166683
431 -0.173962 -0.175351
432 -0.177329 -0.17677
433 -0.17325 -0.170878
434 -0.161871 -0.157878
435 -0.143655 -0.138221
436 -0.119319 -0.112589
437 -0.0897684 -0.0818691
438 -0.0560236 -0.0471169
439 -0.0191625 -0.00949034
440 0.0197147 0.029822
441 0.0595095 0.0696701
442 0.0991455 0.108994
443 0.137598 0.146852
444 0.173935 0.182423
445 0.207358 0.215006
446 0.237238 0.244016
447 0.263129 0.268997
448 0.284756 0.289635
449 0.30199 0.305776
450 0.314815 0.317425
451 0.323305 0.324725
452 0.327618 0.327927
453 0.327993 0.327346
454 0.324753 0.323334
455 0.318297 0.316261
456 0.309074 0.306516
457 0.297551 0.29451
458 0.284179 0.280677
459 0.269371 0.265459
460 0.253497 0.249283
461 0.236899 0.232534
462 0.219896 0.215537
463 0.202794 0.198559
464 0.185878 0.181816
465 0.169397 0.165495
466 0.153544 0.149767
467 0.138453 0.134786
468 0.124203 0.120676
469 0.110842 0.107525
470 0.0983988 0.0953691
471 0.086902 0.0842025
472 0.0763754 0.0739931
473 0.0668277 0.0647021
474 0.0582407 0.0562971
475 0.0505646 0.0487541
476 0.0437262 0.0420471
477 0.0376457 0.0361353
478 0.0322529 0.0309565
479 0.0274958 0.0264308
480 0.0233368 0.0224744
481 0.0197399 0.0190154
482 0.0166582 0.0160026
483 0.0140297 0.0134027
484 0.0117828 0.011189
485 0.00985073 0.00932802
486 0.00818355 0.0077729
487 0.00675275 0.0064672
488 0.00554456 0.00535678
489 0.00454692 0.0044022
490 0.00373793 0.00358396
491 0.00308277 0.00289755
492 0.00254044 0.00234135
493 0.00207603 0.00190495
494 0.00167052 0.00156479
495 0.00132213 0.00128947
496 0.00103836 0.00105114
497 0.0008238 0.000835539
498 0.000671077 0.000644375
499 0.000560489 0.000488714
500 0.000468072 0.000377496
501 0.000376843 0.00030841
502 0.000284001 0.000266636
503 0.000199605 0.000231938
504 0.000137701 0.000189398
505 0.00010558 0.000136881
506 9.78986e-05 8.45706e-05
507 9.91884e-05 4.70204e-05
508 9.29006e-05 3.28777e-05
509 7.10682e-05 3.88056e-05
510 3.8425e-05 5.13181e-05
511 8.48979e-06 5.5137e-05
512 -5.71439e-06 4.25594e-05
513 -2.82276e-07 1.78169e-05
514 1.70725e-05 -6.24897e-06
515 3.20661e-05 -1.6875e-05
516 3.30096e-05 -9.72719e-06
517 1.8095e-05 8.43687e-06
518 -3.84223e-06 2.4347e-05
519 -1.94179e-05 2.68913e-05
520 -1.9545e-05 1.41656e-05
521 -5.23834e-06 -5.61998e-06
522 1.33027e-05 -1.98051e-05
523 2.35611e-05 -1.96683e-05
524 1.88888e-05 -6.01269e-06
525 2.64267e-06 1.16199e-05
526 -1.43254e-05 2.14296e-05
527 -2.10022e-05 1.71458e-05
528 -1.34411e-05 1.97375e-06
529 2.85438e-06 -1.3799e-05
530 1.68273e-05 -1.97982e-05
531 1.93122e-05 -1.24212e-05
532 9.02527e-06 2.97782e-06
533 -6.82149e-06 1.59047e-05
534 -1.75512e-05 1.78472e-05
535 -1.62155e-05 7.87577e-06
536 -4.11132e-06 -6.96933e-06
537 1.03251e-05 -1.66205e-05
538 1.73648e-05 -1.48049e-05
539 1.25383e-05 -3.12876e-06
540 -5.21558e-07 1.02395e-05
541 -1.2764e-05 1.62551e-05
542 -1.59771e-05 1.11114e-05
543 -8.30103e-06 -1.3499e-06
544 4.70945e-06 -1.24608e-05
545 1.40707e-05 -1.4739e-05
546 1.3563e-05 -6.92973e-06
547 3.86639e-06 5.32171e-06
548 -8.11445e-06 1.35184e-05
549 -1.41421e-05 1.21969e-05
550 -1.03043e-05 2.57742e-06
551 4.44448e-07 -8.46993e-06
552 1.05118e-05 -1.33115e-05
553 1.30119e-05 -8.82591e-06
554 6.47597e-06 1.58048e-06
555 -4.2952e-06 1.05249e-05
556 -1.17265e-05 1.18749e-05
557 -1.07871e-05 4.95584e-06
558 -2.40344e-06 -5.15157e-06
559 7.35708e-06 -1.13194e-05
560 1.16577e-05 -9.39247e-06
561 7.6823e-06 -9.89261e-07
562 -1.51646e-06 7.80649e-06
563 -9.32863e-06 1.08329e-05
564 -1.03282e-05 6.16378e-06
565 -4.04598e-06 -2.66851e-06
566 4.85371e-06 -9.31713e-06
567 1.00176e-05 -9.17047e-06
568 7.93527e-06 -2.55429e-06
569 3.2664e-07 5.64097e-06
570 -7.23945e-06 9.55563e-06
571 -9.40829e-06 6.54897e-06
572 -4.82693e-06 -1.0137e-06
573 3.02118e-06 -7.59136e-06
574 8.44233e-06 -8.5184e-06
575 7.65409e-06 -3.31925e-06
576 1.42549e-06 4.07459e-06
577 -5.60801e-06 8.28139e-06
578 -8.37777e-06 6.38558e-06
579 -5.03237e-06 -3.80951e-08
580 1.82242e-06 -6.20189e-06
581 7.12858e-06 -7.66553e-06
582 7.10019e-06 -3.53559e-06
583 1.92988e-06 3.00291e-06
584 -4.46328e-06 7.12737e-06
585 -7.39063e-06 5.92924e-06
586 -4.83377e-06 4.64217e-07
587 1.15932e-06 -5.14318e-06
588 6.0932e-06 -6.80068e-06
589 6.39266e-06 -3.43158e-06
590 1.99756e-06 2.33165e-06
591 -3.70349e-06 6.18619e-06
592 -6.47567e-06 5.36364e-06
593 -4.38315e-06 6.20045e-07
594 8.6012e-07 -4.42123e-06
595 5.27589e-06 -6.02489e-06
596 5.63406e-06 -3.11135e-06
597 1.81418e-06 2.01475e-06
598 -3.20927e-06 5.47053e-06
599 -5.67164e-06 4.73262e-06
600 -3.83453e-06 4.85503e-07
601 7.89261e-07 -3.97979e-06
602 4.66299e-06 -5.30864e-06
603 4.92211e-06 -2.60661e-06
604 1.49118e-06 1.95918e-06
605 -2.94153e-06 4.88676e-06
606 -5.01729e-06 4.02523e-06
607 -3.24833e-06 1.58124e-07
608 9.12764e-07 -3.68499e-06
609 4.2481e-06 -4.59783e-06
610 4.25656e-06 -1.99608e-06
611 1.03318e-06 2.01953e-06
612 -2.87068e-06 4.35113e-06
613 -4.45754e-06 3.29098e-06
614 -2.58721e-06 -2.3029e-07
615 1.19951e-06 -3.44413e-06
616 3.93745e-06 -3.91458e-06
617 3.55814e-06 -1.38146e-06
618 4.57389e-07 2.11526e-06
619 -2.88395e-06 3.86868e-06
620 -3.88115e-06 2.59513e-06
621 -1.8478e-06 -6.27725e-07
622 1.53548e-06 -3.25895e-06
623 3.6031e-06 -3.29001e-06
624 2.80451e-06 -7.7719e-07
625 -1.33398e-07 2.25763e-06
626 -2.85284e-06 3.44405e-06
627 -3.25423e-06 1.91282e-06
628 -1.11566e-06 -1.06383e-06
629 1.80518e-06 -3.11728e-06
630 3.20967e-06 -2.664e-06
631 2.06357e-06 -1.31314e-07
632 -6.45779e-07 2.4264e-06
633 -2.75029e-06 2.98922e-06
634 -2.63025e-06 1.17051e-06
635 -4.5764e-07 -1.5166e-06
636 1.9974e-06 -2.91146e-06
637 2.80098e-06 -1.94526e-06
638 1.37489e-06 5.35689e-07
639 -1.08892e-06 2.50174e-06
640 -2.61499e-06 2.40051e-06
641 -2.02315e-06 3.86203e-07
642 1.57556e-07 -1.85985e-06
643 2.1491e-06 -2.53081e-06
644 2.36794e-06 -1.14987e-06
645 6.85309e-07 1.0955e-06
646 -1.50007e-06 2.37066e-06
647 -2.41742e-06 1.69305e-06
648 -1.35912e-06 -3.12627e-07
649 7.6837e-07 -1.98189e-06
650 2.21245e-06 -1.99026e-06
651 1.81747e-06 -4.01983e-07
652 -4.5325e-08 1.44052e-06
653 -1.8148e-06 2.04805e-06
654 -2.04638e-06 9.8518e-07
655 -5.95629e-07 -8.24951e-07
656 1.29555e-06 -1.89743e-06
657 2.05895e-06 -1.39959e-06
658 1.10344e-06 2.06628e-07
659 -7.25188e-07 1.58519e-06
660 -1.88817e-06 1.63217e-06
661 -1.45025e-06 3.56205e-07
662 1.66036e-07 -1.16543e-06
663 1.57905e-06 -1.69038e-06
664 1.62935e-06 -8.21808e-07
665 3.32513e-07 6.92384e-07
666 -1.18133e-06 1.59691e-06
667 -1.65125e-06 1.16561e-06
668 -7.3622e-07 -2.14831e-07
669 7.43495e-07 -1.38408e-06
670 1.53892e-06 -1.37888e-06
671 1.02606e-06 -2.27452e-07
672 -3.08235e-07 1.08859e-06
673 -1.3228e-06 1.46607e-06
674 -1.19667e-06 6.05499e-07
675 -9.02561e-08 -7.47069e-07
676 1.03626e-06 -1.44147e-06
677 1.25385e-06 -9.01427e-07
678 4.27543e-07 3.92767e-07
679 -7.11997e-07 1.32571e-06
680 -1.21148e-06 1.10755e-06
681 -6.88927e-07 -5.3341e-08
682 3.79238e-07 -1.14255e-06
683 1.08854e-06 -1.22476e-06
684 8.68507e-07 -2.50243e-07
685 -6.20732e-08 9.16117e-07
686 -9.06347e-07 1.2605e-06
687 -9.67674e-07 5.03948e-07
688 -2.21374e-07 -6.68868e-07
689 6.86236e-07 -1.22668e-06
690 9.93321e-07 -7.0022e-07
691 4.59029e-07 4.2016e-07
692 -4.47896e-07 1.13772e-06
693 -9.56027e-07 8.37096e-07
694 -6.44401e-07 -1.85466e-07
695 2.08223e-07 -1.00886e-06
696 8.68393e-07 -9.17075e-07
697 7.75774e-07 -2.38942e-08
698 1.92972e-08 8.54844e-07
699 -7.43625e-07 9.45903e-07
700 -8.55204e-07 2.00618e-07
701 -2.24762e-07 -6.88981e-07
702 5.94444e-07 -9.31418e-07
703 8.87477e-07 -3.41005e-07
704 4.01701e-07 5.22547e-07
705 -4.32299e-07 8.82529e-07
706 -8.7912e-07 4.44377e-07
707 -5.46701e-07 -3.64501e-07
708 2.66894e-07 -8.08375e-07
709 8.37537e-07 -5.12424e-07
710 6.58895e-07 2.21439e-07
711 -1.05957e-07 7.17689e-07
712 -7.70298e-07 5.48552e-07
713 -7.3939e-07 -9.7724e-08
714 -4.47797e-08 -6.18354e-07
715 6.84606e-07 -5.5728e-07
716 7.90711e-07 -4.26188e-09
717 1.81457e-07 5.1713e-07
718 -5.86918e-07 5.43726e-07
719 -8.16281e-07 8.38033e-08
720 -3.01861e-07 -4.19526e-07
721 4.82726e-07 -5.13187e-07
722 8.1997e-07 -1.41517e-07
723 4.05146e-07 3.29789e-07
724 -3.76449e-07 4.70818e-07
725 -8.05737e-07 1.79023e-07
726 -4.91537e-07 -2.50965e-07
727 2.71429e-07 -4.21414e-07
728 7.77342e-07 -1.98654e-07
729 5.62024e-07 1.85013e-07
730 -1.69995e-07 3.69265e-07
731 -7.38156e-07 2.03197e-07
732 -6.18099e-07 -1.3295e-07
733 7.3579e-08 -3.18079e-07
734 6.91023e-07 -1.95692e-07
735 6.61506e-07 9.49935e-08
736 1.71444e-08 2.70959e-07
737 -6.38203e-07 1.79272e-07
738 -6.94039e-07 -7.07081e-08
739 -1.02096e-07 -2.30412e-07
740 5.81341e-07 -1.57053e-07
741 7.17375e-07 5.91273e-08
742 1.8163e-07 1.98375e-07
743 -5.215e-07 1.32053e-07
744 -7.32944e-07 -5.88585e-08
745 -2.56378e-07 -1.76257e-07
746 4.59202e-07 -1.07143e-07
747 7.41833e-07 6.81631e-08
748 3.27091e-07 1.64973e-07
749 -3.94505e-07 8.50156e-08
750 -7.44719e-07 -8.50156e-08
751 -3.94505e-07 -1.64973e-07
752 3.27091e-07 -6.81631e-08
753 7.41833e-07 1.07143e-07
754 4.59202e-07 1.76257e-07
755 -2.56378e-07 5.88585e-08
756 -7.32944e-07 -1.32053e-07
757 -5.215e-07 -1.98375e-07
758 1.8163e-07 -5.91273e-08
759 7.17375e-07 1.57053e-07
760 5.81341e-07 2.30412e-07
761 -1.02096e-07 7.07081e-08
762 -6.94039e-07 -1.79272e-07
763 -6.38203e-07 -2.70959e-07
764 1.71444e-08 -9.49935e-08
765 6.61506e-07 1.95692e-07
766 6.91023e-07 3.18079e-07
767 7.3579e-08 1.3295e-07
768 -6.18099e-07 -2.03197e-07
769 -7.38156e-07 -3.69265e-07
770 -1.69995e-07 -1.85013e-07
771 5.62024e-07 1.98654e-07
772 7.77342e-07 4.21414e-07
773 2.71429e-07 2.50965e-07
774 -4.91537e-07 -1.79023e-07
775 -8.05737e-07 -4.70818e-07
776 -3.76449e-07 -3.29789e-07
777 4.05146e-07 1.41517e-07
778 8.1997e-07 5.13187e-07
779 4.82726e-07 4.19526e-07
780 -3.01861e-07 -8.38033e-08
781 -8.16281e-07 -5.43726e-07
782 -5.86918e-07 -5.1713e-07
783 1.81457e-07 4.26188e-09
784 7.90711e-07 5.5728e-07
785 6.84606e-07 6.18354e-07
786 -4.47797e-08 9.7724e-08
787 -7.3939e-07 -5.48552e-07
788 -7.70298e-07 -7.17689e-07
789 -1.05957e-07 -2.21439e-07
790 6.58895e-07 5.12424e-07
791 8.37537e-07 8.08375e-07
792 2.66894e-07 3.64501e-07
793 -5.46701e-07 -4.44377e-07
794 -8.7912e-07 -8.82529e-07
795 -4.32299e-07 -5.22547e-07
796 4.01701e-07 3.41005e-07
797 8.87477e-07 9.31418e-07
798 5.94444e-07 6.88981e-07
799 -2.24762e-07 -2.00618e-07
800 -8.55204e-07 -9.45903e-07
801 -7.43625e-07 -8.54844e-07
802 1.92972e-08 2.38942e-08
803 7.75774e-07 9.17075e-07
804 8.68393e-07 1.00886e-06
805 2.08223e-07 1.85466e-07
806 -6.44401e-07 -8.37096e-07
807 -9.56027e-07 -1.13772e-06
808 -4.47896e-07 -4.2016e-07
809 4.59029e-07 7.0022e-07
810 9.93321e-07 1.22668e-06
811 6.86236e-07 6.68868e-07
812 -2.21374e-07 -5.03948e-07
813 -9.67674e-07 -1.2605e-06
814 -9.06347e-07 -9.16117e-07
815 -6.20732e-08 2.50243e-07
816 8.68507e-07 1.22476e-06
817 1.08854e-06 1.14255e-06
818 3.79238e-07 5.3341e-08
819 -6.88927e-07 -1.10755e-06
820 -1.21148e-06 -1.32571e-06
821 -7.11997e-07 -3.92767e-07
822 4.27543e-07 9.01427e-07
823 1.25385e-06 1.44147e-06
824 1.03626e-06 7.47069e-07
825 -9.02561e-08 -6.05499e-07
826 -1.19667e-06 -1.46607e-06
827 -1.3228e-06 -1.08859e-06
828 -3.08235e-07 2.27452e-07
829 1.02606e-06 1.37888e-06
830 1.53892e-06 1.38408e-06
831 7.43495e-07 2.14831e-07
832 -7.3622e-07 -1.16561e-06
833 -1.65125e-06 -1.59691e-06
834 -1.18133e-06 -6.92384e-07
835 3.32513e-07 8.21808e-07
836 1.62935e-06 1.69038e-06
837 1.57905e-06 1.16543e-06
838 1.66036e-07 -3.56205e-07
839 -1.45025e-06 -1.63217e-06
840 -1.88817e-06 -1.58519e-06
841 -7.25188e-07 -2.06628e-07
842 1.10344e-06 1.39959e-06
843 2.05895e-06 1.89743e-06
844 1.29555e-06 8.24951e-07
845 -5.95629e-07 -9.8518e-07
846 -2.04638e-06 -2.04805e-06
847 -1.8148e-06 -1.44052e-06
848 -4.5325e-08 4.01983e-07
849 1.81747e-06 1.99026e-06
850 2.21245e-06 1.98189e-06
851 7.6837e-07 3.12627e-07
852 -1.35912e-06 -1.69305e-06
853 -2.41742e-06 -2.37066e-06
854 -1.50007e-06 -1.0955e-06
855 6.85309e-07 1.14987e-06
856 2.36794e-06 2.53081e-06
857 2.1491e-06 1.85985e-06
858 1.57556e-07 -3.86203e-07
859 -2.02315e-06 -2.40051e-06
860 -2.61499e-06 -2.50174e-06
861 -1.08892e-06 -5.35689e-07
862 1.37489e-06 1.94526e-06
863 2.80098e-06 2.91146e-06
864 1.9974e-06 1.5166e-06
865 -4.5764e-07 -1.17051e-06
866 -2.63025e-06 -2.98922e-06
867 -2.75029e-06 -2.4264e-06
868 -6.45779e-07 1.31314e-07
869 2.06357e-06 2.664e-06
870 3.20967e-06 3.11728e-06
871 1.80518e-06 1.06383e-06
872 -1.11566e-06 -1.91282e-06
873 -3.25423e-06 -3.44405e-06
874 -2.85284e-06 -2.25763e-06
875 -1.33398e-07 7.7719e-07
876 2.80451e-06 3.29001e-06
877 3.6031e-06 3.25895e-06
878 1.53548e-06 6.27725e-07
879 -1.8478e-06 -2.59513e-06
880 -3.88115e-06 -3.86868e-06
881 -2.88395e-06 -2.11526e-06
882 4.57389e-07 1.38146e-06
883 3.55814e-06 3.91458e-06
884 3.93745e-06 3.44413e-06
885 1.19951e-06 2.3029e-07
886 -2.58721e-06 -3.29098e-06
887 -4.45754e-06 -4.35113e-06
888 -2.87068e-06 -2.01953e-06
889 1.03318e-06 1.99608e-06
890 4.25656e-06 4.59783e-06
891 4.2481e-06 3.68499e-06
892 9.12764e-07 -1.58124e-07
893 -3.24833e-06 -4.02523e-06
894 -5.01729e-06 -4.88676e-06
895 -2.94153e-06 -1.95918e-06
896 1.49118e-06 2.60661e-06
897 4.92211e-06 5.30864e-06
898 4.66299e-06 3.97979e-06
899 7.89261e-07 -4.85503e-07
900 -3.83453e-06 -4.73262e-06
901 -5.67164e-06 -5.47053e-06
902 -3.20927e-06 -2.01475e-06
903 1.81418e-06 3.11135e-06
904 5.63406e-06 6.02489e-06
905 5.27589e-06 4.42123e-06
906 8.6012e-07 -6.20045e-07
907 -4.38315e-06 -5.36364e-06
908 -6.47567e-06 -6.18619e-06
909 -3.70349e-06 -2.33165e-06
910 1.99756e-06 3.43158e-06
911 6.39266e-06 6.80068e-06
912 6.0932e-06 5.14318e-06
913 1.15932e-06 -4.64217e-07
914 -4.83377e-06 -5.92924e-06
915 -7.39063e-06 -7.12737e-06
916 -4.46328e-06 -3.00291e-06
917 1.92988e-06 3.53559e-06
918 7.10019e-06 7.66553e-06
919 7.12858e-06 6.20189e-06
920 1.82242e-06 3.80951e-08
921 -5.03237e-06 -6.38558e-06
922 -8.37777e-06 -8.28139e-06
923 -5.60801e-06 -4.07459e-06
924 1.42549e-06 3.31925e-06
925 7.65409e-06 8.5184e-06
926 8.44233e-06 7.59136e-06
927 3.02118e-06 1.0137e-06
928 -4.82693e-06 -6.54897e-06
929 -9.40829e-06 -9.55563e-06
930 -7.23945e-06 -5.64097e-06
931 3.2664e-07 2.55429e-06
932 7.93527e-06 9.17047e-06
933 1.00176e-05 9.31713e-06
934 4.85371e-06 2.66851e-06
935 -4.04598e-06 -6.16378e-06
936 -1.03282e-05 -1.08329e-05
937 -9.32863e-06 -7.80649e-06
938 -1.51646e-06 9.89261e-07
939 7.6823e-06 9.39247e-06
940 1.16577e-05 1.13194e-05
941 7.35708e-06 5.15157e-06
942 -2.40344e-06 -4.95584e-06
943 -1.07871e-05 -1.18749e-05
944 -1.17265e-05 -1.05249e-05
945 -4.2952e-06 -1.58048e-06
946 6.47597e-06 8.82591e-06
947 1.30119e-05 1.33115e-05
948 1.05118e-05 8.46993e-06
949 4.44448e-07 -2.57742e-06
950 -1.03043e-05 -1.21969e-05
951 -1.41421e-05 -1.35184e-05
952 -8.11445e-06 -5.32171e-06
953 3.86639e-06 6.92973e-06
954 1.3563e-05 1.4739e-05
955 1.40707e-05 1.24608e-05
956 4.70945e-06 1.3499e-06
957 -8.30103e-06 -1.11114e-05
958 -1.59771e-05 -1.62551e-05
959 -1.2764e-05 -1.02395e-05
960 -5.21558e-07 3.12876e-06
961 1.25383e-05 1.48049e-05
962 1.73648e-05 1.66205e-05
963 1.03251e-05 6.96933e-06
964 -4.11132e-06 -7.87577e-06
965 -1.62155e-05 -1.78472e-05
966 -1.75512e-05 -1.59047e-05
967 -6.82149e-06 -2.97782e-06
968 9.02527e-06 1.24212e-05
969 1.93122e-05 1.97982e-05
970 1.68273e-05 1.3799e-05
971 2.85438e-06 -1.97375e-06
972 -1.34411e-05 -1.71458e-05
973 -2.10022e-05 -2.14296e-05
974 -1.43254e-05 -1.16199e-05
975 2.64267e-06 6.01269e-06
976 1.88888e-05 1.96683e-05
977 2.35611e-05 1.98051e-05
978 1.33027e-05 5.61998e-06
979 -5.23834e-06 -1.41656e-05
980 -1.9545e-05 -2.68913e-05
981 -1.94179e-05 -2.4347e-05
982 -3.84223e-06 -8.43687e-06
983 1.8095e-05 9.72719e-06
984 3.30096e-05 1.6875e-05
985 3.20661e-05 6.24897e-06
986 1.70725e-05 -1.78169e-05
987 -2.82276e-07 -4.25594e-05
988 -5.71439e-06 -5.5137e-05
989 8.48979e-06 -5.13181e-05
990 3.8425e-05 -3.88056e-05
991 7.10682e-05 -3.28777e-05
992 9.29006e-05 -4.70204e-05
993 9.91884e-05 -8.45706e-05
994 9.78986e-05 -0.000136881
995 0.00010558 -0.000189398
996 0.000137701 -0.000231938
997 0.000199605 -0.000266636
998 0.000284001 -0.00030841
999 0.000376843 -0.000377496
