0 -0.0177128 0.0352028
1 -0.0420303 0.0577827
2 -0.0636582 0.0772538
3 -0.0816165 0.0925836
4 -0.0951426 0.102901
5 -0.103688 0.107598
6 -0.106904 0.106415
7 -0.104641 0.0994766
8 -0.0969636 0.0872839
9 -0.0841892 0.070648
10 -0.0669311 0.0506027
11 -0.0461165 0.0283124
12 -0.0229621 0.00499843
13 0.0011038 -0.0181075
14 0.0245637 -0.0397884
15 0.0459535 -0.0588633
16 0.0639936 -0.0742242
17 0.0776807 -0.0849007
18 0.086331 -0.0901524
19 0.0895789 -0.0895697
20 0.0873519 -0.0831583
21 0.0798445 -0.0713769
22 0.067507 -0.0551119
23 0.0510512 -0.0355898
24 0.0314587 -0.0142458
25 0.00997248 0.00741971
26 -0.0119525 0.0279665
27 -0.0327463 0.0461025
28 -0.0508652 0.0607328
29 -0.0649524 0.0709818
30 -0.0739873 0.0762124
31 -0.0773905 0.0760568
32 -0.0750645 0.0704643
33 -0.0673683 0.0597558
34 -0.0550394 0.04466
35 -0.0390939 0.0263071
36 -0.0207288 0.00616212
37 -0.00124646 -0.0141051
38 0.0179992 -0.0327943
39 0.0356479 -0.0483637
40 0.0503908 -0.0595949
41 0.0610553 -0.0657037
42 0.0667184 -0.0663822
43 0.0668315 -0.0617765
44 0.0613268 -0.0524203
45 0.0506728 -0.0391535
46 0.0358546 -0.023048
47 0.0182745 -0.00534915
48 -0.0004116 0.0125733
49 -0.0184913 0.0292832
50 -0.0343864 0.0433633
51 -0.0468037 0.0535362
52 -0.0548276 0.0588106
53 -0.0579521 0.0586274
54 -0.0560695 0.0529696
55 -0.0494377 0.0424035
56 -0.0386464 0.028031
57 -0.024591 0.0113586
58 -0.00844563 -0.00589686
59 0.00838398 -0.0220238
60 0.0243459 -0.0355134
61 0.0378775 -0.0452055
62 0.0475819 -0.050367
63 0.0524171 -0.0507069
64 0.0518592 -0.0463479
65 0.0459989 -0.0377784
66 0.0355445 -0.0258047
67 0.0217267 -0.0115065
68 0.00612362 0.00381029
69 -0.00955703 0.0186859
70 -0.0236946 0.0316169
71 -0.0349327 0.0412093
72 -0.0422935 0.046359
73 -0.045227 0.0464263
74 -0.0436073 0.0413634
75 -0.0377002 0.0317596
76 -0.028122 0.0187821
77 -0.0157987 0.00401909
78 -0.00192068 -0.0107487
79 0.0121218 -0.0238016
80 0.0248413 -0.0337112
81 0.0348 -0.0395052
82 0.0407919 -0.0407461
83 0.0420301 -0.0375232
84 0.0382992 -0.0303809
85 0.0300301 -0.0202119
86 0.0182711 -0.00814436
87 0.00454857 0.00455986
88 -0.0093579 0.0165951
89 -0.0216851 0.0267002
90 -0.0309453 0.0337587
91 -0.0361255 0.0369156
92 -0.0367947 0.0357029
93 -0.0331084 0.0301486
94 -0.0257262 0.0208364
95 -0.0156749 0.00888584
96 -0.00419236 -0.00416395
97 0.0074166 -0.0165608
98 0.0178975 -0.0266049
99 0.026138 -0.0329234
100 0.0312464 -0.0346971
101 0.0326261 -0.0317912
102 0.030052 -0.0247614
103 0.0237359 -0.0147379
104 0.0143589 -0.00321608
105 0.0030452 0.00819663
106 -0.00874181 0.0180249
107 -0.0193825 0.0251154
108 -0.0273424 0.0287491
109 -0.0314299 0.0286734
110 -0.0310166 0.0250729
111 -0.0261692 0.0185015
112 -0.0176562 0.00979998
113 -0.00682192 1.22756e-05
114 0.00464825 -0.00970109
115 0.0150234 -0.0181582
116 0.0228193 -0.024269
117 0.027029 -0.027168
118 0.0272495 -0.0263526
119 0.0236906 -0.0218028
120 0.0170811 -0.0140466
121 0.00850404 -0.00413961
122 -0.000793691 0.00645773
123 -0.00957983 0.0160986
124 -0.0167781 0.0232297
125 -0.0215638 0.0266779
126 -0.0234189 0.0258794
127 -0.0221605 0.020998
128 -0.0179517 0.0129019
129 -0.0112993 0.00300031
130 -0.00302974 -0.00702375
131 0.00577091 -0.0155285
132 0.0138652 -0.0212068
133 0.0200236 -0.0232993
134 0.0232198 -0.0216883
135 0.0228279 -0.0168638
136 0.0187778 -0.00978339
137 0.0116233 -0.00166564
138 0.00249211 0.00623033
139 -0.00708643 0.0127964
140 -0.0154507 0.0172093
141 -0.0211221 0.0189984
142 -0.0230972 0.0180571
143 -0.0210537 0.0146142
144 -0.0154175 0.00918504
145 -0.0072772 0.00251099
146 0.00183877 -0.00451004
147 0.0102713 -0.0109077
148 0.0165566 -0.0157439
149 0.0196981 -0.018238
150 0.0193278 -0.0178999
151 0.0157307 -0.014647
152 0.00973925 -0.00887355
153 0.00253156 -0.00144132
154 -0.00461303 0.00642483
155 -0.0105467 0.0133333
156 -0.0144297 0.0179834
157 -0.0158267 0.019434
158 -0.014719 0.0173202
159 -0.0114498 0.0119641
160 -0.00662785 0.00434203
161 -0.00101688 -0.00409119
162 0.00456895 -0.0116922
163 0.00935458 -0.0169692
164 0.0126794 -0.0188982
165 0.0140637 -0.0171408
166 0.0132688 -0.0121141
167 0.0103473 -0.00489529
168 0.00567027 0.00301786
169 -8.64971e-05 0.0100323
170 -0.00601023 0.0147977
171 -0.0110782 0.0164792
172 -0.0143317 0.0149071
173 -0.0150682 0.0105751
174 -0.0130108 0.0044978
175 -0.0084102 -0.00203372
176 -0.00204501 -0.00773549
177 0.00489602 -0.0115889
178 0.0110353 -0.0130197
179 0.0150909 -0.011968
180 0.0161618 -0.00884517
181 0.0139463 -0.00440193
182 0.00883655 0.000453591
183 0.00185966 0.00484213
184 -0.00552908 0.00806531
185 -0.0117583 0.00969897
186 -0.0154886 0.00962189
187 -0.015916 0.00798898
188 -0.0129584 0.00516811
189 -0.00727932 0.00166111
190 -0.00013995 -0.00197481
191 0.00688576 -0.00519632
192 0.0122683 -0.00753237
193 0.0148669 -0.00863368
194 0.0141814 -0.00831525
195 0.010453 -0.00659001
196 0.00459277 -0.00368681
197 -0.00204105 -4.23632e-05
198 -0.00796291 0.00374249
199 -0.0118994 0.00698649
200 -0.0130689 0.00904505
201 -0.0113395 0.00944256
202 -0.00723112 0.00799127
203 -0.00176918 0.00486527
204 0.00377119 0.000603287
205 0.00816569 -0.00397155
206 0.0105143 -0.0079068
207 0.0104257 -0.0103225
208 0.00807516 -0.0106155
209 0.00412971 -0.00861792
210 -0.000433946 -0.00466616
211 -0.00456974 0.000443589
212 -0.00740204 0.00561184
213 -0.00840972 0.00967464
214 -0.00751623 0.0116722
215 -0.00507197 0.0110833
216 -0.00174131 0.00796665
217 0.00167239 0.00297006
218 0.00441829 -0.0028011
219 0.00596092 -0.00802948
220 0.00607956 -0.0114905
221 0.00488737 -0.0123446
222 0.00277347 -0.0103466
223 0.000288764 -0.00591818
224 -0.00199281 -6.23665e-05
225 -0.00360368 0.0058631
226 -0.00427417 0.0104633
227 -0.00396967 0.0126386
228 -0.002871 0.0118518
229 -0.00130883 0.00826469
230 0.000327347 0.00270688
231 0.00168228 -0.00351486
232 0.0025084 -0.00892502
233 0.00270572 -0.0122313
234 0.00232337 -0.0126356
235 0.00152778 -0.0100297
236 0.000549016 -0.00502587
237 -0.000379309 0.00118574
238 -0.00107219 0.0071202
239 -0.00142665 0.0113541
240 -0.00143158 0.0128684
241 -0.001155 0.011296
242 -0.000715094 0.0070109
243 -0.000243822 0.00104074
244 0.000147074 -0.00518014
245 0.000390053 -0.0101552
246 0.000471195 -0.0126862
247 0.000424554 -0.0121623
248 0.000314569 -0.00870862
249 0.000212188 -0.00315644
250 0.00017138 0.00315644
251 0.000212188 0.00870862
252 0.000314569 0.0121623
253 0.000424554 0.0126862
254 0.000471195 0.0101552
255 0.000390053 0.00518014
256 0.000147074 -0.00104074
257 -0.000243822 -0.0070109
258 -0.000715094 -0.011296
259 -0.001155 -0.0128684
260 -0.00143158 -0.0113541
261 -0.00142665 -0.0071202
262 -0.00107219 -0.00118574
263 -0.000379309 0.00502587
264 0.000549016 0.0100297
265 0.00152778 0.0126356
266 0.00232337 0.0122313
267 0.00270572 0.00892502
268 0.0025084 0.00351486
269 0.00168228 -0.00270688
270 0.000327347 -0.00826469
271 -0.00130883 -0.0118518
272 -0.002871 -0.0126386
273 -0.00396967 -0.0104633
274 -0.00427417 -0.0058631
275 -0.00360368 6.23665e-05
276 -0.00199281 0.00591818
277 0.000288764 0.0103466
278 0.00277347 0.0123446
279 0.00488737 0.0114905
280 0.00607956 0.00802948
281 0.00596092 0.0028011
282 0.00441829 -0.00297006
283 0.00167239 -0.00796665
284 -0.00174131 -0.0110833
285 -0.00507197 -0.0116722
286 -0.00751623 -0.00967464
287 -0.00840972 -0.00561184
288 -0.00740204 -0.000443589
289 -0.00456974 0.00466616
290 -0.000433946 0.00861792
291 0.00412971 0.0106155
292 0.00807516 0.0103225
293 0.0104257 0.0079068
294 0.0105143 0.00397155
295 0.00816569 -0.000603287
296 0.00377119 -0.00486527
297 -0.00176918 -0.00799127
298 -0.00723112 -0.00944256
299 -0.0113395 -0.00904505
300 -0.0130689 -0.00698649
301 -0.0118994 -0.00374249
302 -0.00796291 4.23632e-05
303 -0.00204105 0.00368681
304 0.00459277 0.00659001
305 0.010453 0.00831525
306 0.0141814 0.00863368
307 0.0148669 0.00753237
308 0.0122683 0.00519632
309 0.00688576 0.00197481
310 -0.00013995 -0.00166111
311 -0.00727932 -0.00516811
312 -0.0129584 -0.00798898
313 -0.015916 -0.00962189
314 -0.0154886 -0.00969897
315 -0.0117583 -0.00806531
316 -0.00552908 -0.00484213
317 0.00185966 -0.000453591
318 0.00883655 0.00440193
319 0.0139463 0.00884517
320 0.0161618 0.011968
321 0.0150909 0.0130197
322 0.0110353 0.0115889
323 0.00489602 0.00773549
324 -0.00204501 0.00203372
325 -0.0084102 -0.0044978
326 -0.0130108 -0.0105751
327 -0.0150682 -0.0149071
328 -0.0143317 -0.0164792
329 -0.0110782 -0.0147977
330 -0.00601023 -0.0100323
331 -8.64971e-05 -0.00301786
332 0.00567027 0.00489529
333 0.0103473 0.0121141
334 0.0132688 0.0171408
335 0.0140637 0.0188982
336 0.0126794 0.0169692
337 0.00935458 0.0116922
338 0.00456895 0.00409119
339 -0.00101688 -0.00434203
340 -0.00662785 -0.0119641
341 -0.0114498 -0.0173202
342 -0.014719 -0.019434
343 -0.0158267 -0.0179834
344 -0.0144297 -0.0133333
345 -0.0105467 -0.00642483
346 -0.00461303 0.00144132
347 0.00253156 0.00887355
348 0.00973925 0.014647
349 0.0157307 0.0178999
350 0.0193278 0.018238
351 0.0196981 0.0157439
352 0.0165566 0.0109077
353 0.0102713 0.00451004
354 0.00183877 -0.00251099
355 -0.0072772 -0.00918504
356 -0.0154175 -0.0146142
357 -0.0210537 -0.0180571
358 -0.0230972 -0.0189984
359 -0.0211221 -0.0172093
360 -0.0154507 -0.0127964
361 -0.00708643 -0.00623033
362 0.00249211 0.00166564
363 0.0116233 0.00978339
364 0.0187778 0.0168638
365 0.0228279 0.0216883
366 0.0232198 0.0232993
367 0.0200236 0.0212068
368 0.0138652 0.0155285
369 0.00577091 0.00702375
370 -0.00302974 -0.00300031
371 -0.0112993 -0.0129019
372 -0.0179517 -0.020998
373 -0.0221605 -0.0258794
374 -0.0234189 -0.0266779
375 -0.0215638 -0.0232297
376 -0.0167781 -0.0160986
377 -0.00957983 -0.00645773
378 -0.000793691 0.00413961
379 0.00850404 0.0140466
380 0.0170811 0.0218028
381 0.0236906 0.0263526
382 0.0272495 0.027168
383 0.027029 0.024269
384 0.0228193 0.0181582
385 0.0150234 0.00970109
386 0.00464825 -1.22756e-05
387 -0.00682192 -0.00979998
388 -0.0176562 -0.0185015
389 -0.0261692 -0.0250729
390 -0.0310166 -0.0286734
391 -0.0314299 -0.0287491
392 -0.0273424 -0.0251154
393 -0.0193825 -0.0180249
394 -0.00874181 -0.00819663
395 0.0030452 0.00321608
396 0.0143589 0.0147379
397 0.0237359 0.0247614
398 0.030052 0.0317912
399 0.0326261 0.0346971
400 0.0312464 0.0329234
401 0.026138 0.0266049
402 0.0178975 0.0165608
403 0.0074166 0.00416395
404 -0.00419236 -0.00888584
405 -0.0156749 -0.0208364
406 -0.0257262 -0.0301486
407 -0.0331084 -0.0357029
408 -0.0367947 -0.0369156
409 -0.0361255 -0.0337587
410 -0.0309453 -0.0267002
411 -0.0216851 -0.0165951
412 -0.0093579 -0.00455986
413 0.00454857 0.00814436
414 0.0182711 0.0202119
415 0.0300301 0.0303809
416 0.0382992 0.0375232
417 0.0420301 0.0407461
418 0.0407919 0.0395052
419 0.0348 0.0337112
420 0.0248413 0.0238016
421 0.0121218 0.0107487
422 -0.00192068 -0.00401909
423 -0.0157987 -0.0187821
424 -0.028122 -0.0317596
425 -0.0377002 -0.0413634
426 -0.0436073 -0.0464263
427 -0.045227 -0.046359
428 -0.0422935 -0.0412093
429 -0.0349327 -0.0316169
430 -0.0236946 -0.0186859
431 -0.00955703 -0.00381029
432 0.00612362 0.0115065
433 0.0217267 0.0258047
434 0.0355445 0.0377784
435 0.0459989 0.0463479
436 0.0518592 0.0507069
437 0.0524171 0.050367
438 0.0475819 0.0452055
439 0.0378775 0.0355134
440 0.0243459 0.0220238
441 0.00838398 0.00589686
442 -0.00844563 -0.0113586
443 -0.024591 -0.028031
444 -0.0386464 -0.0424035
445 -0.0494377 -0.0529696
446 -0.0560695 -0.0586274
447 -0.0579521 -0.0588106
448 -0.0548276 -0.0535362
449 -0.0468037 -0.0433633
450 -0.0343864 -0.0292832
451 -0.0184913 -0.0125733
452 -0.0004116 0.00534915
453 0.0182745 0.023048
454 0.0358546 0.0391535
455 0.0506728 0.0524203
456 0.0613268 0.0617765
457 0.0668315 0.0663822
458 0.0667184 0.0657037
459 0.0610553 0.0595949
460 0.0503908 0.0483637
461 0.0356479 0.0327943
462 0.0179992 0.0141051
463 -0.00124646 -0.00616212
464 -0.0207288 -0.0263071
465 -0.0390939 -0.04466
466 -0.0550394 -0.0597558
467 -0.0673683 -0.0704643
468 -0.0750645 -0.0760568
469 -0.0773905 -0.0762124
470 -0.0739873 -0.0709818
471 -0.0649524 -0.0607328
472 -0.0508652 -0.0461025
473 -0.0327463 -0.0279665
474 -0.0119525 -0.00741971
475 0.00997248 0.0142458
476 0.0314587 0.0355898
477 0.0510512 0.0551119
478 0.067507 0.0713769
479 0.0798445 0.0831583
480 0.0873519 0.0895697
481 0.0895789 0.0901524
482 0.086331 0.0849007
483 0.0776807 0.0742242
484 0.0639936 0.0588633
485 0.0459535 0.0397884
486 0.0245637 0.0181075
487 0.0011038 -0.00499843
488 -0.0229621 -0.0283124
489 -0.0461165 -0.0506027
490 -0.0669311 -0.070648
491 -0.0841892 -0.0872839
492 -0.0969636 -0.0994766
493 -0.104641 -0.106415
494 -0.106904 -0.107598
495 -0.103688 -0.102901
496 -0.0951426 -0.0925836
497 -0.0816165 -0.0772538
498 -0.0636582 -0.0577827
499 -0.0420303 -0.0352028
500 -0.0177128 -0.0106154
501 0.00812336 0.0148728
502 0.0341807 0.0401761
503 0.0591314 0.0642333
504 0.0817284 0.0860076
505 0.100903 0.104505
506 0.115831 0.118823
507 0.125947 0.128221
508 0.130931 0.132197
509 0.130655 0.130541
510 0.125151 0.123352
511 0.114585 0.111009
512 0.0992675 0.0941023
513 0.0796792 0.0733609
514 0.0564928 0.0495801
515 0.0305706 0.0235812
516 0.00292443 -0.00379951
517 -0.0253588 -0.0317014
518 -0.0532072 -0.0592286
519 -0.0796441 -0.0854556
520 -0.103838 -0.109461
521 -0.125111 -0.130388
522 -0.14292 -0.147514
523 -0.156821 -0.160305
524 -0.166445 -0.168446
525 -0.171494 -0.171828
526 -0.171768 -0.170497
527 -0.167207 -0.164606
528 -0.157917 -0.15436
529 -0.144191 -0.140007
530 -0.126484 -0.121846
531 -0.105362 -0.100256
532 -0.0814397 -0.075729
533 -0.0553216 -0.0488644
534 -0.027567 -0.0203429
535 0.00131084 0.00913112
536 0.0308217 0.0388928
537 0.0604665 0.0683645
538 0.089718 0.0970738
539 0.11803 0.12464
540 0.144871 0.150738
541 0.169782 0.175066
542 0.192413 0.197321
543 0.212553 0.217214
544 0.230106 0.23449
545 0.245056 0.248976
546 0.257417 0.260604
547 0.267197 0.269423
548 0.274388 0.275573
549 0.278992 0.279245
550 0.281056 0.280633
551 0.280701 0.279901
552 0.278132 0.277178
553 0.273622 0.272578
554 0.267468 0.266238
555 0.25995 0.258345
556 0.251294 0.24915
557 0.241669 0.238944
558 0.231206 0.22802
559 0.220025 0.216628
560 0.208274 0.204945
561 0.19614 0.193079
562 0.183843 0.181095
563 0.171601 0.169058
564 0.159597 0.157063
565 0.147949 0.145249
566 0.136705 0.133776
567 0.125862 0.122792
568 0.115405 0.112394
569 0.105341 0.102614
570 0.0957205 0.0934249
571 0.0866297 0.0847684
572 0.0781601 0.0765959
573 0.0703705 0.068894
574 0.0632613 0.0616913
575 0.0567729 0.0550418
576 0.0508116 0.0489942
577 0.0452881 0.043562
578 0.0401529 0.038709
579 0.0354081 0.0343558
580 0.0310932 0.0304061
581 0.0272519 0.0267788
582 0.0238965 0.0234335
583 0.0209898 0.0203758
584 0.0184505 0.0176413
585 0.0161805 0.0152652
586 0.0141003 0.0132525
587 0.0121732 0.0115618
588 0.0104097 0.0101139
589 0.00884894 0.00881853
590 0.00752897 0.00760805
591 0.00645841 0.00646141
592 0.00560444 0.00540518
593 0.00490109 0.00449146
594 0.00427361 0.00376345
595 0.00366695 0.00322616
596 0.00306499 0.00283731
597 0.00249186 0.00252326
598 0.00199473 0.00221141
599 0.0016164 0.00186236
600 0.00137053 0.00148505
601 0.00123115 0.00112739
602 0.0011418 0.000847521
603 0.00104 0.000681038
604 0.000885521 0.000621035
605 0.000678341 0.00062073
606 0.00045712 0.000616531
607 0.000278322 0.000558959
608 0.000186123 0.000435431
609 0.000188292 0.000273745
610 0.000250665 0.000125439
611 0.000313461 3.83048e-05
612 0.0003213 3.21949e-05
613 0.000251322 8.98464e-05
614 0.000124537 0.000166367
615 -5.79815e-06 0.000211791
616 -8.27264e-05 0.000195153
617 -7.59408e-05 0.000118456
618 2.22267e-06 1.43229e-05
619 0.00010358 -7.09182e-05
620 0.000169836 -0.000100205
621 0.000163279 -6.37082e-05
622 8.59963e-05 1.66437e-05
623 -2.23908e-05 9.80639e-05
624 -0.000106721 0.000137931
625 -0.000125785 0.000114778
626 -7.34588e-05 3.9003e-05
627 1.93597e-05 -5.21381e-05
628 0.000102261 -0.000113097
629 0.000132246 -0.000113148
630 9.55746e-05 -5.24322e-05
631 1.34392e-05 3.75277e-05
632 -7.06073e-05 0.000109633
633 -0.000114009 0.000125594
634 -9.67995e-05 7.63034e-05
635 -3.05663e-05 -1.27895e-05
636 4.89754e-05 -9.4669e-05
637 0.000101101 -0.000125652
638 0.000100658 -8.90053e-05
639 4.9847e-05 -4.35723e-06
640 -2.41028e-05 8.25744e-05
641 -8.34511e-05 0.000124681
642 -9.8986e-05 9.92037e-05
643 -6.4146e-05 2.02863e-05
644 2.40016e-06 -6.87442e-05
645 6.65753e-05 -0.000119246
646 9.60475e-05 -0.000104069
647 7.62763e-05 -3.2391e-05
648 1.76554e-05 5.56786e-05
649 -4.9738e-05 0.000111605
650 -9.12786e-05 0.000105371
651 -8.54042e-05 4.17559e-05
652 -3.48727e-05 -4.29784e-05
653 3.42533e-05 -0.000101828
654 8.57575e-05 -0.000103287
655 9.21185e-05 -4.83275e-05
656 4.93284e-05 3.11033e-05
657 -2.03717e-05 9.07033e-05
658 -7.979e-05 9.86467e-05
659 -9.65535e-05 5.26252e-05
660 -6.08867e-05 -2.00557e-05
661 8.4528e-06 -7.8695e-05
662 7.38103e-05 -9.2067e-05
663 9.90427e-05 -5.50371e-05
664 6.96621e-05 9.90977e-06
665 1.38832e-06 6.62984e-05
666 -6.80706e-05 8.41853e-05
667 -9.98385e-05 5.59977e-05
668 -7.57944e-05 -6.49199e-07
669 -9.13109e-06 -5.38912e-05
670 6.2735e-05 -7.55402e-05
671 9.91838e-05 -5.59022e-05
672 7.95118e-05 -7.76962e-06
673 1.4889e-05 4.17871e-05
674 -5.78705e-05 6.66109e-05
675 -9.73108e-05 5.51217e-05
676 -8.11007e-05 1.54112e-05
677 -1.88452e-05 -3.02412e-05
678 5.3507e-05 -5.78029e-05
679 9.44516e-05 -5.39703e-05
680 8.08659e-05 -2.23312e-05
681 2.12076e-05 1.94587e-05
682 -4.96437e-05 4.94368e-05
683 -9.0806e-05 5.26935e-05
684 -7.90967e-05 2.85775e-05
685 -2.22022e-05 -9.58541e-06
686 4.62366e-05 -4.17455e-05
687 8.65376e-05 -5.14757e-05
688 7.6079e-05 -3.41986e-05
689 2.20788e-05 7.12235e-07
690 -4.32176e-05 3.48907e-05
691 -8.18027e-05 5.04553e-05
692 -7.21004e-05 3.92422e-05
693 -2.10815e-05 7.10804e-06
694 4.05302e-05 -2.89799e-05
695 7.67557e-05 -4.97274e-05
696 6.74202e-05 -4.37434e-05
697 1.94167e-05 -1.3848e-05
698 -3.81319e-05 2.40699e-05
699 -7.15242e-05 4.93393e-05
700 -6.22508e-05 4.77227e-05
701 -1.7261e-05 1.95086e-05
702 3.59727e-05 -2.01652e-05
703 6.62049e-05 -4.9298e-05
704 5.6776e-05 -5.11985e-05
705 1.47784e-05 -2.41236e-05
706 -3.40037e-05 1.72298e-05
707 -6.08882e-05 4.959e-05
708 -5.11631e-05 5.41955e-05
709 -1.21052e-05 2.77476e-05
710 3.21995e-05 -1.5209e-05
711 5.56615e-05 -5.01922e-05
712 4.55439e-05 -5.67363e-05
713 9.33277e-06 -3.04391e-05
714 -3.05533e-05 1.40364e-05
715 -5.05895e-05 5.10642e-05
716 -4.00055e-05 5.88326e-05
717 -6.52269e-06 3.22628e-05
718 2.90552e-05 -1.36246e-05
719 4.5711e-05 -5.21477e-05
720 3.46103e-05 -6.04959e-05
721 3.72442e-06 -3.33004e-05
722 -2.76965e-05 1.38701e-05
723 -4.10599e-05 5.33836e-05
724 -2.94075e-05 6.17508e-05
725 -9.6682e-07 3.36437e-05
726 2.64848e-05 -1.46726e-05
727 3.66659e-05 -5.47234e-05
728 2.44197e-05 -6.26249e-05
729 -1.75138e-06 -3.3376e-05
730 -2.54367e-05 1.59409e-05
731 -3.25394e-05 5.61166e-05
732 -1.96397e-05 6.31356e-05
733 4.44645e-06 3.25756e-05
734 2.45604e-05 -1.75772e-05
735 2.86719e-05 -5.75029e-05
736 1.50484e-05 -6.33003e-05
737 -7.13541e-06 -3.13311e-05
738 -2.38608e-05 1.94756e-05
739 -2.5053e-05 5.88278e-05
740 -1.06226e-05 6.31509e-05
741 9.84438e-06 2.9738e-05
742 2.33514e-05 -2.15404e-05
743 2.16695e-05 -6.00532e-05
744 6.32424e-06 -6.27241e-05
745 -1.26142e-05 -2.78803e-05
746 -2.30456e-05 2.36891e-05
747 -1.84934e-05 6.11416e-05
748 -2.10039e-06 6.20457e-05
749 1.54863e-05 2.58346e-05
750 2.29445e-05 -2.58346e-05
751 1.54863e-05 -6.20457e-05
752 -2.10039e-06 -6.11416e-05
753 -1.84934e-05 -2.36891e-05
754 -2.30456e-05 2.78803e-05
755 -1.26142e-05 6.27241e-05
756 6.32424e-06 6.00532e-05
757 2.16695e-05 2.15404e-05
758 2.33514e-05 -2.9738e-05
759 9.84438e-06 -6.31509e-05
760 -1.06226e-05 -5.88278e-05
761 -2.5053e-05 -1.94756e-05
762 -2.38608e-05 3.13311e-05
763 -7.13541e-06 6.33003e-05
764 1.50484e-05 5.75029e-05
765 2.86719e-05 1.75772e-05
766 2.45604e-05 -3.25756e-05
767 4.44645e-06 -6.31356e-05
768 -1.96397e-05 -5.61166e-05
769 -3.25394e-05 -1.59409e-05
770 -2.54367e-05 3.3376e-05
771 -1.75138e-06 6.26249e-05
772 2.44197e-05 5.47234e-05
773 3.66659e-05 1.46726e-05
774 2.64848e-05 -3.36437e-05
775 -9.6682e-07 -6.17508e-05
776 -2.94075e-05 -5.33836e-05
777 -4.10599e-05 -1.38701e-05
778 -2.76965e-05 3.33004e-05
779 3.72442e-06 6.04959e-05
780 3.46103e-05 5.21477e-05
781 4.5711e-05 1.36246e-05
782 2.90552e-05 -3.22628e-05
783 -6.52269e-06 -5.88326e-05
784 -4.00055e-05 -5.10642e-05
785 -5.05895e-05 -1.40364e-05
786 -3.05533e-05 3.04391e-05
787 9.33277e-06 5.67363e-05
788 4.55439e-05 5.01922e-05
789 5.56615e-05 1.5209e-05
790 3.21995e-05 -2.77476e-05
791 -1.21052e-05 -5.41955e-05
792 -5.11631e-05 -4.959e-05
793 -6.08882e-05 -1.72298e-05
794 -3.40037e-05 2.41236e-05
795 1.47784e-05 5.11985e-05
796 5.6776e-05 4.9298e-05
797 6.62049e-05 2.01652e-05
798 3.59727e-05 -1.95086e-05
799 -1.7261e-05 -4.77227e-05
800 -6.22508e-05 -4.93393e-05
801 -7.15242e-05 -2.40699e-05
802 -3.81319e-05 1.3848e-05
803 1.94167e-05 4.37434e-05
804 6.74202e-05 4.97274e-05
805 7.67557e-05 2.89799e-05
806 4.05302e-05 -7.10804e-06
807 -2.10815e-05 -3.92422e-05
808 -7.21004e-05 -5.04553e-05
809 -8.18027e-05 -3.48907e-05
810 -4.32176e-05 -7.12235e-07
811 2.20788e-05 3.41986e-05
812 7.6079e-05 5.14757e-05
813 8.65376e-05 4.17455e-05
814 4.62366e-05 9.58541e-06
815 -2.22022e-05 -2.85775e-05
816 -7.90967e-05 -5.26935e-05
817 -9.0806e-05 -4.94368e-05
818 -4.96437e-05 -1.94587e-05
819 2.12076e-05 2.23312e-05
820 8.08659e-05 5.39703e-05
821 9.44516e-05 5.78029e-05
822 5.3507e-05 3.02412e-05
823 -1.88452e-05 -1.54112e-05
824 -8.11007e-05 -5.51217e-05
825 -9.73108e-05 -6.66109e-05
826 -5.78705e-05 -4.17871e-05
827 1.4889e-05 7.76962e-06
828 7.95118e-05 5.59022e-05
829 9.91838e-05 7.55402e-05
830 6.2735e-05 5.38912e-05
831 -9.13109e-06 6.49199e-07
832 -7.57944e-05 -5.59977e-05
833 -9.98385e-05 -8.41853e-05
834 -6.80706e-05 -6.62984e-05
835 1.38832e-06 -9.90977e-06
836 6.96621e-05 5.50371e-05
837 9.90427e-05 9.2067e-05
838 7.38103e-05 7.8695e-05
839 8.4528e-06 2.00557e-05
840 -6.08867e-05 -5.26252e-05
841 -9.65535e-05 -9.86467e-05
842 -7.979e-05 -9.07033e-05
843 -2.03717e-05 -3.11033e-05
844 4.93284e-05 4.83275e-05
845 9.21185e-05 0.000103287
846 8.57575e-05 0.000101828
847 3.42533e-05 4.29784e-05
848 -3.48727e-05 -4.17559e-05
849 -8.54042e-05 -0.000105371
850 -9.12786e-05 -0.000111605
851 -4.9738e-05 -5.56786e-05
852 1.76554e-05 3.2391e-05
853 7.62763e-05 0.000104069
854 9.60475e-05 0.000119246
855 6.65753e-05 6.87442e-05
856 2.40016e-06 -2.02863e-05
857 -6.4146e-05 -9.92037e-05
858 -9.8986e-05 -0.000124681
859 -8.34511e-05 -8.25744e-05
860 -2.41028e-05 4.35723e-06
861 4.9847e-05 8.90053e-05
862 0.000100658 0.000125652
863 0.000101101 9.4669e-05
864 4.89754e-05 1.27895e-05
865 -3.05663e-05 -7.63034e-05
866 -9.67995e-05 -0.000125594
867 -0.000114009 -0.000109633
868 -7.06073e-05 -3.75277e-05
869 1.34392e-05 5.24322e-05
870 9.55746e-05 0.000113148
871 0.000132246 0.000113097
872 0.000102261 5.21381e-05
873 1.93597e-05 -3.9003e-05
874 -7.34588e-05 -0.000114778
875 -0.000125785 -0.000137931
876 -0.000106721 -9.80639e-05
877 -2.23908e-05 -1.66437e-05
878 8.59963e-05 6.37082e-05
879 0.000163279 0.000100205
880 0.000169836 7.09182e-05
881 0.00010358 -1.43229e-05
882 2.22267e-06 -0.000118456
883 -7.59408e-05 -0.000195153
884 -8.27264e-05 -0.000211791
885 -5.79815e-06 -0.000166367
886 0.000124537 -8.98464e-05
887 0.000251322 -3.21949e-05
888 0.0003213 -3.83048e-05
889 0.000313461 -0.000125439
890 0.000250665 -0.000273745
891 0.000188292 -0.000435431
892 0.000186123 -0.000558959
893 0.000278322 -0.000616531
894 0.00045712 -0.00062073
895 0.000678341 -0.000621035
896 0.000885521 -0.000681038
897 0.00104 -0.000847521
898 0.0011418 -0.00112739
899 0.00123115 -0.00148505
900 0.00137053 -0.00186236
901 0.0016164 -0.00221141
902 0.00199473 -0.00252326
903 0.00249186 -0.00283731
904 0.00306499 -0.00322616
905 0.00366695 -0.00376345
906 0.00427361 -0.00449146
907 0.00490109 -0.00540518
908 0.00560444 -0.00646141
909 0.00645841 -0.00760805
910 0.00752897 -0.00881853
911 0.00884894 -0.0101139
912 0.0104097 -0.0115618
913 0.0121732 -0.0132525
914 0.0141003 -0.0152652
915 0.0161805 -0.0176413
916 0.0184505 -0.0203758
917 0.0209898 -0.0234335
918 0.0238965 -0.0267788
919 0.0272519 -0.0304061
920 0.0310932 -0.0343558
921 0.0354081 -0.038709
922 0.0401529 -0.043562
923 0.0452881 -0.0489942
924 0.0508116 -0.0550418
925 0.0567729 -0.0616913
926 0.0632613 -0.068894
927 0.0703705 -0.0765959
928 0.0781601 -0.0847684
929 0.0866297 -0.0934249
930 0.0957205 -0.102614
931 0.105341 -0.112394
932 0.115405 -0.122792
933 0.125862 -0.133776
934 0.136705 -0.145249
935 0.147949 -0.157063
936 0.159597 -0.169058
937 0.171601 -0.181095
938 0.183843 -0.193079
939 0.19614 -0.204945
940 0.208274 -0.216628
941 0.220025 -0.22802
942 0.231206 -0.238944
943 0.241669 -0.24915
944 0.251294 -0.258345
945 0.25995 -0.266238
946 0.267468 -0.272578
947 0.273622 -0.277178
948 0.278132 -0.279901
949 0.280701 -0.280633
950 0.281056 -0.279245
951 0.278992 -0.275573
952 0.274388 -0.269423
953 0.267197 -0.260604
954 0.257417 -0.248976
955 0.245056 -0.23449
956 0.230106 -0.217214
957 0.212553 -0.197321
958 0.192413 -0.175066
959 0.169782 -0.150738
960 0.144871 -0.12464
961 0.11803 -0.0970738
962 0.089718 -0.0683645
963 0.0604665 -0.0388928
964 0.0308217 -0.00913112
965 0.00131084 0.0203429
966 -0.027567 0.0488644
967 -0.0553216 0.075729
968 -0.0814397 0.100256
969 -0.105362 0.121846
970 -0.126484 0.140007
971 -0.144191 0.15436
972 -0.157917 0.164606
973 -0.167207 0.170497
974 -0.171768 0.171828
975 -0.171494 0.168446
976 -0.166445 0.160305
977 -0.156821 0.147514
978 -0.14292 0.130388
979 -0.125111 0.109461
980 -0.103838 0.0854556
981 -0.0796441 0.0592286
982 -0.0532072 0.0317014
983 -0.0253588 0.00379951
984 0.00292443 -0.0235812
985 0.0305706 -0.0495801
986 0.0564928 -0.0733609
987 0.0796792 -0.0941023
988 0.0992675 -0.111009
989 0.114585 -0.123352
990 0.125151 -0.130541
991 0.130655 -0.132197
992 0.130931 -0.128221
993 0.125947 -0.118823
994 0.115831 -0.104505
995 0.100903 -0.0860076
996 0.0817284 -0.0642333
997 0.0591314 -0.0401761
998 0.0341807 -0.0148728
999 0.00812336 0.0106154
