0 3.57195e-06 -3.12028e-06
1 2.59863e-06 -5.32746e-07
2 -2.33159e-07 2.02961e-06
3 -2.39749e-06 2.55179e-06
4 -2.29554e-06 9.55723e-07
5 -3.82189e-07 -1.13303e-06
6 1.51084e-06 -1.9509e-06
7 1.85925e-06 -1.04403e-06
8 6.34663e-07 5.62247e-07
9 -9.01094e-07 1.43103e-06
10 -1.43076e-06 9.64172e-07
11 -6.80649e-07 -2.28572e-07
12 5.11197e-07 -1.0256e-06
13 1.06892e-06 -8.18122e-07
14 6.24588e-07 5.15395e-08
15 -2.77503e-07 7.28752e-07
16 -7.87223e-07 6.60928e-07
17 -5.28697e-07 2.9847e-08
18 1.46416e-07 -5.19899e-07
19 5.78164e-07 -5.18007e-07
20 4.26128e-07 -5.71238e-08
21 -7.85326e-08 3.76317e-07
22 -4.27122e-07 3.98107e-07
23 -3.32208e-07 5.64595e-08
24 4.72598e-08 -2.7844e-07
25 3.19168e-07 -3.01694e-07
26 2.52383e-07 -4.33057e-08
27 -3.57437e-08 2.11293e-07
28 -2.41768e-07 2.25812e-07
29 -1.87197e-07 2.6237e-08
30 3.38336e-08 -1.64199e-07
31 1.85397e-07 -1.66609e-07
32 1.35142e-07 -9.68773e-09
33 -3.56994e-08 1.29915e-07
34 -1.4326e-07 1.20488e-07
35 -9.41275e-08 -4.26879e-09
36 3.81655e-08 -1.03718e-07
37 1.10732e-07 -8.45224e-08
38 6.21545e-08 1.48433e-08
39 -3.96332e-08 8.26523e-08
40 -8.47895e-08 5.65006e-08
41 -3.7558e-08 -2.19184e-08
42 3.9422e-08 -6.49565e-08
43 6.35451e-08 -3.48278e-08
44 1.90363e-08 2.57221e-08
45 -3.73863e-08 4.96648e-08
46 -4.58841e-08 1.83747e-08
47 -5.58706e-09 -2.66652e-08
48 3.3697e-08 -3.63257e-08
49 3.11994e-08 -6.32671e-09
50 -3.58441e-09 2.52643e-08
51 -2.87175e-08 2.48021e-08
52 -1.91919e-08 -1.94698e-09
53 9.15582e-09 -2.21029e-08
54 2.29248e-08 -1.51263e-08
55 9.72161e-09 6.99645e-09
56 -1.17598e-08 1.78023e-08
57 -1.68491e-08 7.38652e-09
58 -2.69392e-09 -9.36302e-09
59 1.20298e-08 -1.29877e-08
60 1.10174e-08 -1.64123e-09
61 -2.02296e-09 9.61814e-09
62 -1.06168e-08 8.24533e-09
63 -5.89652e-09 -2.1443e-09
64 4.65144e-09 -8.36947e-09
65 8.17606e-09 -4.07215e-09
66 1.83931e-09 4.13409e-09
67 -5.52637e-09 6.23682e-09
68 -5.33074e-09 8.26986e-10
69 9.58886e-10 -4.62732e-09
70 5.08432e-09 -3.80525e-09
71 2.61975e-09 1.30635e-09
72 -2.48286e-09 4.03275e-09
73 -3.823e-09 1.56712e-09
74 -4.4447e-10 -2.33253e-09
75 2.89167e-09 -2.81528e-09
76 2.23898e-09 1.31775e-10
77 -9.70758e-10 2.42709e-09
78 -2.48092e-09 1.42539e-09
79 -7.575e-10 -1.12596e-09
80 1.59084e-09 -1.88712e-09
81 1.6181e-09 -2.27368e-10
82 -3.2799e-10 1.4318e-09
83 -1.54726e-09 1.05838e-09
84 -6.63863e-10 -5.54981e-10
85 8.89522e-10 -1.21244e-09
86 1.08233e-09 -2.55433e-10
87 -1.01678e-10 8.59678e-10
88 -9.60713e-10 7.12788e-10
89 -4.72795e-10 -3.04836e-10
90 5.28045e-10 -7.67859e-10
91 6.94821e-10 -1.81229e-10
92 -4.70515e-11 5.37732e-10
93 -6.05032e-10 4.50266e-10
94 -2.96717e-10 -1.99509e-10
95 3.4069e-10 -4.84122e-10
96 4.32899e-10 -9.60472e-11
97 -4.99244e-11 3.51747e-10
98 -3.87341e-10 2.67057e-10
99 -1.6382e-10 -1.52363e-10
100 2.36633e-10 -3.02012e-10
101 2.59632e-10 -2.91666e-11
102 -6.33237e-11 2.36715e-10
103 -2.48659e-10 1.44332e-10
104 -7.29636e-11 -1.2478e-10
105 1.70672e-10 -1.82324e-10
106 1.45423e-10 1.42242e-11
107 -7.08427e-11 1.58886e-10
108 -1.55626e-10 6.48179e-11
109 -1.5835e-11 -1.01467e-10
110 1.22169e-10 -1.02004e-10
111 7.07882e-11 3.68462e-11
112 -6.88087e-11 1.02094e-10
113 -9.07759e-11 1.60691e-11
114 1.58908e-11 -7.78265e-11
115 8.28582e-11 -4.83093e-11
116 2.3804e-11 4.34493e-11
117 -5.85516e-11 5.93512e-11
118 -4.54649e-11 -1.04613e-11
119 2.91455e-11 -5.39821e-11
120 5.03829e-11 -1.41943e-11
121 -2.98477e-12 3.90584e-11
122 -4.32634e-11 2.8046e-11
123 -1.54034e-11 -2.1069e-11
124 2.97829e-11 -3.19338e-11
125 2.48805e-11 4.77693e-12
126 -1.49059e-11 2.85273e-11
127 -2.66334e-11 7.1756e-12
128 2.051e-12 -2.10236e-11
129 2.30062e-11 -1.40115e-11
130 7.03933e-12 1.22555e-11
131 -1.65475e-11 1.62524e-11
132 -1.20108e-11 -4.25029e-12
133 9.40692e-12 -1.51024e-11
134 1.34215e-11 -1.86402e-12
135 -3.05915e-12 1.19423e-11
136 -1.22762e-11 5.72172e-12
137 -1.71299e-12 -7.99603e-12
138 9.65653e-12 -7.4902e-12
139 4.69522e-12 4.16492e-12
140 -6.49273e-12 7.62624e-12
141 -6.05363e-12 -9.92614e-13
142 3.45591e-12 -6.68367e-12
143 6.15692e-12 -1.28625e-12
144 -9.44965e-13 5.17813e-12
145 -5.43212e-12 2.66411e-12
146 -8.72078e-13 -3.51632e-12
147 4.2719e-12 -3.27165e-12
148 1.99487e-12 1.97533e-12
149 -2.98341e-12 3.30207e-12
150 -2.52321e-12 -7.11087e-13
151 1.77714e-12 -2.95572e-12
152 2.6015e-12 -2.19293e-13
153 -7.71877e-13 2.40869e-12
154 -2.38001e-12 8.23741e-13
155 1.51863e-14 -1.79615e-12
156 1.99119e-12 -1.14945e-12
157 4.96588e-13 1.20982e-12
158 -1.53832e-12 1.25956e-12
159 -7.93575e-13 -7.03691e-13
160 1.09219e-12 -1.22008e-12
161 9.22275e-13 3.01649e-13
162 -6.97283e-13 1.08871e-12
163 -9.30173e-13 -6.78826e-15
164 3.74424e-13 -9.10823e-13
165 8.58787e-13 -1.91356e-13
166 -1.27727e-13 7.20246e-13
167 -7.44421e-13 3.09536e-13
168 -4.68133e-14 -5.3894e-13
169 6.12724e-13 -3.65967e-13
170 1.60282e-13 3.7904e-13
171 -4.81019e-13 3.77551e-13
172 -2.24055e-13 -2.4687e-13
173 3.60486e-13 -3.60172e-13
174 2.52076e-13 1.42534e-13
175 -2.56884e-13 3.25676e-13
176 -2.54754e-13 -6.4545e-14
177 1.72496e-13 -2.82745e-13
178 2.40933e-13 8.81713e-15
179 -1.06001e-13 2.37766e-13
180 -2.17926e-13 2.79951e-14
181 5.63855e-14 -1.94589e-13
182 1.89756e-13 -5.10124e-14
183 -2.03079e-14 1.55471e-13
184 -1.61624e-13 6.36377e-14
185 -4.10632e-15 -1.22435e-13
186 1.34476e-13 -6.79533e-14
187 1.97704e-14 9.37355e-14
188 -1.10187e-13 6.75339e-14
189 -2.93379e-14 -7.08785e-14
190 8.87552e-14 -6.44198e-14
191 3.41382e-14 5.26042e-14
192 -7.08055e-14 5.89105e-14
193 -3.5367e-14 -3.83626e-14
194 5.58673e-14 -5.28599e-14
195 3.45831e-14 2.76248e-14
196 -4.40621e-14 4.61944e-14
197 -3.2232e-14 -1.93345e-14
198 3.42694e-14 -4.0159e-14
199 2.89322e-14 1.34082e-14
200 -2.6368e-14 3.43901e-14
201 -2.62963e-14 -9.28431e-15
202 2.06085e-14 -2.94217e-14
203 2.31173e-14 6.33407e-15
204 -1.60858e-14 2.45426e-14
205 -2.00809e-14 -4.11501e-15
206 1.28173e-14 -2.09657e-14
207 1.7398e-14 2.45303e-15
208 -1.00087e-14 1.75493e-14
209 -1.48377e-14 -1.5903e-15
210 7.74523e-15 -1.46205e-14
211 1.22082e-14 1.23402e-15
212 -6.42096e-15 1.20786e-14
213 -1.04175e-14 -8.93529e-16
214 5.3043e-15 -1.04051e-14
215 8.95321e-15 6.90044e-16
216 -4.2793e-15 8.56755e-15
217 -7.39388e-15 -7.24396e-16
218 3.76969e-15 -7.33236e-15
219 6.14848e-15 6.87314e-16
220 -3.35011e-15 6.00508e-15
221 -4.88646e-15 -6.01672e-16
222 2.61417e-15 -4.9893e-15
223 4.57501e-15 7.34533e-16
224 -2.53625e-15 4.27481e-15
225 -3.19061e-15 -4.51083e-16
226 1.81147e-15 -3.35617e-15
227 2.96273e-15 8.98203e-16
228 -2.00826e-15 2.77783e-15
229 -2.59224e-15 -5.47071e-16
230 1.60772e-15 -2.82891e-15
231 2.04791e-15 1.00902e-15
232 -1.45594e-15 2.04261e-15
233 -1.78021e-15 -8.14582e-16
234 1.61034e-15 -1.50726e-15
235 9.02332e-16 6.59269e-16
236 -1.29187e-15 1.14162e-15
237 -1.04322e-15 -8.30482e-16
238 1.26229e-15 -8.1993e-16
239 8.53548e-16 6.98855e-16
240 -1.08113e-15 8.62393e-16
241 -7.03322e-16 -9.40206e-16
242 1.17375e-15 -3.86273e-16
243 4.38343e-16 1.00281e-15
244 -1.14518e-15 3.67314e-17
245 -1.54758e-16 -3.55954e-16
246 8.89235e-16 1.53335e-16
247 1.46993e-16 4.82655e-16
248 -9.33689e-16 -4.32508e-16
249 -6.28397e-17 -3.70092e-16
250 8.38937e-16 4.31303e-16
251 -8.838e-17 2.88471e-16
252 -9.76884e-16 -7.13618e-16
253 1.46001e-16 5.76593e-17
254 9.1052e-16 6.54084e-16
255 -3.83655e-16 -1.57261e-16
256 -1.07662e-15 -9.08137e-16
257 6.82766e-16 4.80563e-16
258 8.02993e-16 7.69503e-16
259 -5.54701e-16 -3.40744e-16
260 -1.12243e-15 -1.00415e-15
261 5.76628e-16 7.52105e-16
262 1.34448e-15 9.27564e-16
263 -8.95922e-16 -1.0951e-15
264 -1.60362e-15 -1.23793e-15
265 1.41563e-15 1.54711e-15
266 1.53399e-15 1.06167e-15
267 -1.57915e-15 -1.97463e-15
268 -1.41443e-15 -9.52649e-16
269 1.97113e-15 2.26766e-15
270 1.58465e-15 8.65301e-16
271 -2.19716e-15 -3.09685e-15
272 -1.87983e-15 -7.11637e-16
273 2.77915e-15 3.43584e-15
274 2.16938e-15 8.73443e-16
275 -3.22117e-15 -4.16323e-15
276 -2.45586e-15 -7.11645e-16
277 4.07423e-15 4.89083e-15
278 2.8489e-15 5.91464e-16
279 -5.24049e-15 -6.05283e-15
280 -3.09938e-15 -7.24919e-16
281 6.20266e-15 7.33847e-15
282 3.48718e-15 6.97745e-16
283 -7.1396e-15 -8.54793e-15
284 -4.4286e-15 -8.66506e-16
285 8.77778e-15 1.01456e-14
286 5.50007e-15 1.12809e-15
287 -1.06849e-14 -1.25124e-14
288 -6.53456e-15 -1.15596e-15
289 1.25158e-14 1.47014e-14
290 7.98794e-15 1.84132e-15
291 -1.47144e-14 -1.74702e-14
292 -9.92767e-15 -2.62265e-15
293 1.75051e-14 2.10959e-14
294 1.24417e-14 3.94068e-15
295 -2.00148e-14 -2.48231e-14
296 -1.62968e-14 -6.27926e-15
297 2.34661e-14 2.94664e-14
298 2.056e-14 8.90996e-15
299 -2.6342e-14 -3.43786e-14
300 -2.64825e-14 -1.35298e-14
301 2.96317e-14 4.02765e-14
302 3.42205e-14 1.95246e-14
303 -3.26714e-14 -4.62775e-14
304 -4.37344e-14 -2.77975e-14
305 3.4444e-14 5.26688e-14
306 5.60079e-14 3.81787e-14
307 -3.51369e-14 -5.89566e-14
308 -7.08119e-14 -5.26695e-14
309 3.38544e-14 6.39999e-14
310 8.88306e-14 7.09361e-14
311 -2.94088e-14 -6.7753e-14
312 -1.10005e-13 -9.37419e-14
313 1.99857e-14 6.83054e-14
314 1.34211e-13 1.21772e-13
315 -4.23839e-15 -6.31039e-14
316 -1.6166e-13 -1.55555e-13
317 -2.04456e-14 5.09856e-14
318 1.90041e-13 1.94291e-13
319 5.64256e-14 -2.80511e-14
320 -2.17576e-13 -2.3765e-13
321 -1.0589e-13 -9.0524e-15
322 2.40949e-13 2.82573e-13
323 1.72333e-13 6.44988e-14
324 -2.5468e-13 -3.25138e-13
325 -2.57195e-13 -1.429e-13
326 2.52074e-13 3.60146e-13
327 3.60377e-13 2.46832e-13
328 -2.24069e-13 -3.7759e-13
329 -4.80895e-13 -3.7926e-13
330 1.5971e-13 3.65655e-13
331 6.12731e-13 5.39055e-13
332 -4.67849e-14 -3.09382e-13
333 -7.44558e-13 -7.20546e-13
334 -1.27633e-13 1.91854e-13
335 8.58715e-13 9.10969e-13
336 3.74063e-13 6.68896e-15
337 -9.29723e-13 -1.08887e-12
338 -6.97374e-13 -3.01915e-13
339 9.22476e-13 1.2204e-12
340 1.09283e-12 7.03553e-13
341 -7.9364e-13 -1.25995e-12
342 -1.53819e-12 -1.20981e-12
343 4.96404e-13 1.14921e-12
344 1.99125e-12 1.79616e-12
345 1.47419e-14 -8.24188e-13
346 -2.37958e-12 -2.40849e-12
347 -7.72024e-13 2.19096e-13
348 2.60159e-12 2.95587e-12
349 1.77737e-12 7.11401e-13
350 -2.52348e-12 -3.30201e-12
351 -2.98376e-12 -1.97599e-12
352 1.9952e-12 3.27201e-12
353 4.2716e-12 3.51609e-12
354 -8.71955e-13 -2.66399e-12
355 -5.4324e-12 -5.17786e-12
356 -9.44824e-13 1.28624e-12
357 6.15672e-12 6.68349e-12
358 3.45594e-12 9.92379e-13
359 -6.05375e-12 -7.62647e-12
360 -6.49255e-12 -4.16443e-12
361 4.69508e-12 7.48992e-12
362 9.65651e-12 7.99588e-12
363 -1.71315e-12 -5.72209e-12
364 -1.22761e-11 -1.19423e-11
365 -3.05922e-12 1.86423e-12
366 1.34212e-11 1.51024e-11
367 9.4066e-12 4.25e-12
368 -1.20104e-11 -1.6252e-11
369 -1.65478e-11 -1.22555e-11
370 7.03937e-12 1.40115e-11
371 2.3006e-11 2.10233e-11
372 2.05109e-12 -7.17542e-12
373 -2.66335e-11 -2.85277e-11
374 -1.49056e-11 -4.77695e-12
375 2.48809e-11 3.19339e-11
376 2.97829e-11 2.10692e-11
377 -1.54037e-11 -2.8046e-11
378 -4.32632e-11 -3.9058e-11
379 -2.98509e-12 1.41941e-11
380 5.0383e-11 5.39819e-11
381 2.91458e-11 1.04616e-11
382 -4.54654e-11 -5.93518e-11
383 -5.85511e-11 -4.34493e-11
384 2.38042e-11 4.83094e-11
385 8.28582e-11 7.78262e-11
386 1.58906e-11 -1.6069e-11
387 -9.07758e-11 -1.02094e-10
388 -6.88083e-11 -3.6846e-11
389 7.07885e-11 1.02003e-10
390 1.22169e-10 1.01467e-10
391 -1.58347e-11 -6.48176e-11
392 -1.55626e-10 -1.58886e-10
393 -7.08423e-11 -1.42236e-11
394 1.45423e-10 1.82324e-10
395 1.70672e-10 1.2478e-10
396 -7.29635e-11 -1.44332e-10
397 -2.48659e-10 -2.36715e-10
398 -6.33236e-11 2.91663e-11
399 2.59631e-10 3.02012e-10
400 2.36632e-10 1.52363e-10
401 -1.6382e-10 -2.67057e-10
402 -3.87341e-10 -3.51747e-10
403 -4.99242e-11 9.60473e-11
404 4.32899e-10 4.84122e-10
405 3.40689e-10 1.99509e-10
406 -2.96717e-10 -4.50266e-10
407 -6.05032e-10 -5.37732e-10
408 -4.70512e-11 1.81229e-10
409 6.94821e-10 7.67859e-10
410 5.28045e-10 3.04836e-10
411 -4.72795e-10 -7.12788e-10
412 -9.60713e-10 -8.59677e-10
413 -1.01678e-10 2.55433e-10
414 1.08233e-09 1.21244e-09
415 8.89522e-10 5.54981e-10
416 -6.63863e-10 -1.05838e-09
417 -1.54726e-09 -1.4318e-09
418 -3.2799e-10 2.27368e-10
419 1.6181e-09 1.88712e-09
420 1.59084e-09 1.12596e-09
421 -7.57499e-10 -1.42539e-09
422 -2.48092e-09 -2.42709e-09
423 -9.70758e-10 -1.31775e-10
424 2.23898e-09 2.81528e-09
425 2.89167e-09 2.33253e-09
426 -4.4447e-10 -1.56712e-09
427 -3.823e-09 -4.03275e-09
428 -2.48286e-09 -1.30635e-09
429 2.61975e-09 3.80525e-09
430 5.08432e-09 4.62732e-09
431 9.58886e-10 -8.26985e-10
432 -5.33074e-09 -6.23682e-09
433 -5.52637e-09 -4.13409e-09
434 1.83931e-09 4.07215e-09
435 8.17606e-09 8.36947e-09
436 4.65144e-09 2.1443e-09
437 -5.89652e-09 -8.24533e-09
438 -1.06168e-08 -9.61814e-09
439 -2.02296e-09 1.64123e-09
440 1.10174e-08 1.29877e-08
441 1.20298e-08 9.36302e-09
442 -2.69392e-09 -7.38652e-09
443 -1.68491e-08 -1.78023e-08
444 -1.17598e-08 -6.99645e-09
445 9.72161e-09 1.51263e-08
446 2.29248e-08 2.21029e-08
447 9.15582e-09 1.94698e-09
448 -1.91919e-08 -2.48021e-08
449 -2.87175e-08 -2.52643e-08
450 -3.58441e-09 6.32671e-09
451 3.11994e-08 3.63257e-08
452 3.3697e-08 2.66652e-08
453 -5.58706e-09 -1.83747e-08
454 -4.58841e-08 -4.96648e-08
455 -3.73863e-08 -2.57221e-08
456 1.90363e-08 3.48278e-08
457 6.35451e-08 6.49565e-08
458 3.9422e-08 2.19184e-08
459 -3.7558e-08 -5.65006e-08
460 -8.47895e-08 -8.26523e-08
461 -3.96332e-08 -1.48433e-08
462 6.21545e-08 8.45224e-08
463 1.10732e-07 1.03718e-07
464 3.81655e-08 4.26879e-09
465 -9.41275e-08 -1.20488e-07
466 -1.4326e-07 -1.29915e-07
467 -3.56994e-08 9.68773e-09
468 1.35142e-07 1.66609e-07
469 1.85397e-07 1.64199e-07
470 3.38336e-08 -2.6237e-08
471 -1.87197e-07 -2.25812e-07
472 -2.41768e-07 -2.11293e-07
473 -3.57437e-08 4.33057e-08
474 2.52383e-07 3.01694e-07
475 3.19168e-07 2.7844e-07
476 4.72598e-08 -5.64595e-08
477 -3.32208e-07 -3.98107e-07
478 -4.27122e-07 -3.76317e-07
479 -7.85326e-08 5.71238e-08
480 4.26128e-07 5.18007e-07
481 5.78164e-07 5.19899e-07
482 1.46416e-07 -2.9847e-08
483 -5.28697e-07 -6.60928e-07
484 -7.87223e-07 -7.28752e-07
485 -2.77503e-07 -5.15395e-08
486 6.24588e-07 8.18122e-07
487 1.06892e-06 1.0256e-06
488 5.11197e-07 2.28572e-07
489 -6.80649e-07 -9.64172e-07
490 -1.43076e-06 -1.43103e-06
491 -9.01094e-07 -5.62247e-07
492 6.34663e-07 1.04403e-06
493 1.85925e-06 1.9509e-06
494 1.51084e-06 1.13303e-06
495 -3.82189e-07 -9.55723e-07
496 -2.29554e-06 -2.55179e-06
497 -2.39749e-06 -2.02961e-06
498 -2.33159e-07 5.32746e-07
499 2.59863e-06 3.12028e-06
500 3.57195e-06 3.31442e-06
501 1.41308e-06 4.62121e-07
502 -2.50051e-06 -3.40645e-06
503 -4.92445e-06 -4.9498e-06
504 -3.35758e-06 -2.30666e-06
505 1.57237e-06 2.96641e-06
506 6.11001e-06 6.67174e-06
507 6.14229e-06 5.21173e-06
508 7.51497e-07 -1.14759e-06
509 -6.41464e-06 -7.81954e-06
510 -9.48555e-06 -9.0868e-06
511 -5.00919e-06 -2.79459e-06
512 4.6812e-06 7.18762e-06
513 1.2409e-05 1.31547e-05
514 1.12991e-05 9.31683e-06
515 5.32629e-07 -3.07192e-06
516 -1.29095e-05 -1.54975e-05
517 -1.85583e-05 -1.78266e-05
518 -1.02975e-05 -6.18572e-06
519 7.97525e-06 1.28449e-05
520 2.36798e-05 2.56019e-05
521 2.39167e-05 2.08072e-05
522 5.4545e-06 -1.255e-06
523 -2.10863e-05 -2.69361e-05
524 -3.69289e-05 -3.72913e-05
525 -2.79262e-05 -2.1455e-05
526 4.03253e-06 1.38338e-05
527 3.96376e-05 4.61624e-05
528 5.33242e-05 5.11493e-05
529 3.07818e-05 1.97873e-05
530 -1.87999e-05 -3.24368e-05
531 -6.52274e-05 -7.23261e-05
532 -7.4978e-05 -6.92685e-05
533 -3.40145e-05 -1.69752e-05
534 3.91888e-05 5.80285e-05
535 0.000100702 0.000108856
536 0.000106464 9.63549e-05
537 4.16786e-05 1.64916e-05
538 -6.4444e-05 -9.10427e-05
539 -0.00015031 -0.000161264
540 -0.000156214 -0.000141428
541 -6.27295e-05 -2.6617e-05
542 9.02869e-05 0.000129149
543 0.00021858 0.000236571
544 0.0002379 0.000219927
545 0.000115168 6.5164e-05
546 -0.000103188 -0.000161481
547 -0.000305581 -0.000339301
548 -0.00036974 -0.000354456
549 -0.00023148 -0.000166529
550 6.92578e-05 0.000156546
551 0.000393855 0.000458841
552 0.000565744 0.000568187
553 0.000460672 0.000387198
554 8.20129e-05 -4.24725e-05
555 -0.000420547 -0.000539867
556 -0.000805891 -0.000856731
557 -0.000851097 -0.000794166
558 -0.000467379 -0.000310885
559 0.00023447 0.000431477
560 0.000967273 0.00111575
561 0.00137889 0.00139779
562 0.0012097 0.00106534
563 0.000428342 0.000157174
564 -0.000718967 -0.0010163
565 -0.0017775 -0.00197152
566 -0.00225451 -0.00223945
567 -0.00182849 -0.00157136
568 -0.00051231 -7.75877e-05
569 0.00130277 0.00176573
570 0.00295295 0.00325844
571 0.00373062 0.00372545
572 0.0031584 0.00278642
573 0.00120726 0.000544495
574 -0.0016291 -0.00238457
575 -0.00444486 -0.00502873
576 -0.00619467 -0.00636221
577 -0.00604644 -0.00566086
578 -0.0036993 -0.00279294
579 0.000443524 0.00165795
580 0.00531588 0.00649132
581 0.00944727 0.0101956
582 0.0113743 0.0113813
583 0.0100901 0.00921924
584 0.00540059 0.00375423
585 -0.00192129 -0.00400291
586 -0.0102396 -0.012245
587 -0.017403 -0.0187674
588 -0.0212571 -0.0215035
589 -0.0201971 -0.0190648
590 -0.0136239 -0.0111547
591 -0.00219055 0.00125168
592 0.0122252 0.0160059
593 0.026824 0.0301519
594 0.0384025 0.0404811
595 0.0439781 0.0441657
596 0.0413965 0.0393408
597 0.0298002 0.0255234
598 0.00987267 0.00379149
599 -0.0161835 -0.023305
600 -0.0449234 -0.052078
601 -0.0721366 -0.0782151
602 -0.0934355 -0.0973807
603 -0.104858 -0.105807
604 -0.103392 -0.100786
605 -0.0873459 -0.0809927
606 -0.0565272 -0.0466169
607 -0.012224 0.000707947
608 0.0429965 0.0581423
609 0.105622 0.121999
610 0.171605 0.188166
611 0.236792 0.252527
612 0.297315 0.311338
613 0.349907 0.361523
614 0.392122 0.400861
615 0.422435 0.428064
616 0.440254 0.442763
617 0.445836 0.445409
618 0.440145 0.437113
619 0.424673 0.41947
620 0.401246 0.394361
621 0.371844 0.363778
622 0.338439 0.329668
623 0.302868 0.29382
624 0.266742 0.257778
625 0.231394 0.2228
626 0.197855 0.189841
627 0.166859 0.159565
628 0.138868 0.132371
629 0.11411 0.108434
630 0.0926218 0.0877518
631 0.0742927 0.0701829
632 0.0589095 0.0554948
633 0.0461935 0.0433974
634 0.0358317 0.0335738
635 0.0275026 0.0257032
636 0.0208937 0.0194777
637 0.0157145 0.0146136
638 0.0117039 0.010858
639 0.00863386 0.00799108
640 0.00630968 0.00582657
641 0.00456902 0.00420973
642 0.00327893 0.00301445
643 0.00233242 0.00213967
644 0.00164482 0.0015057
645 0.0011501 0.00105064
646 0.00079748 0.000727024
647 0.000548443 0.000498985
648 0.000374134 0.000339724
649 0.0002532 0.000229465
650 0.000170017 0.000153785
651 0.000113282 0.000102274
652 7.49066e-05 6.75018e-05
653 4.91603e-05 4.42195e-05
654 3.20249e-05 2.87543e-05
655 2.07102e-05 1.8562e-05
656 1.32966e-05 1.18965e-05
657 8.4762e-06 7.57048e-06
658 5.36537e-06 4.78385e-06
659 3.37267e-06 3.00203e-06
660 2.10551e-06 1.871e-06
661 1.30553e-06 1.1582e-06
662 8.04065e-07 7.12161e-07
663 4.91931e-07 4.35001e-07
664 2.9899e-07 2.63966e-07
665 1.80542e-07 1.59141e-07
666 1.08317e-07 9.53285e-08
667 6.45716e-08 5.67407e-08
668 3.82506e-08 3.35603e-08
669 2.25171e-08 1.97261e-08
670 1.31732e-08 1.15231e-08
671 7.65946e-09 6.69004e-09
672 4.42647e-09 3.86055e-09
673 2.54269e-09 2.21437e-09
674 1.45187e-09 1.26258e-09
675 8.24108e-10 7.15634e-10
676 4.65031e-10 4.03249e-10
677 2.60882e-10 2.25904e-10
678 1.45509e-10 1.25824e-10
679 8.06937e-11 6.96808e-11
680 4.44952e-11 3.83698e-11
681 2.43967e-11 2.10095e-11
682 1.33016e-11 1.14394e-11
683 7.21234e-12 6.19401e-12
684 3.8888e-12 3.33557e-12
685 2.08552e-12 1.78613e-12
686 1.11227e-12 9.51427e-13
687 5.89888e-13 5.04029e-13
688 3.11293e-13 2.65582e-13
689 1.63337e-13 1.39166e-13
690 8.5197e-14 7.27128e-14
691 4.42629e-14 3.75296e-14
692 2.28593e-14 1.94355e-14
693 1.16679e-14 1.00294e-14
694 6.03844e-15 5.13934e-15
695 3.27369e-15 2.49267e-15
696 1.74664e-15 1.22756e-15
697 1.07373e-15 9.83422e-16
698 1.57427e-16 -3.55342e-17
699 2.17065e-16 1.54125e-16
700 3.85023e-17 -6.63722e-17
701 9.60158e-17 4.73275e-17
702 3.79887e-17 1.1136e-16
703 2.17331e-16 1.44384e-17
704 -7.82459e-17 3.86458e-20
705 6.01404e-17 9.77099e-17
706 -2.37726e-16 -1.15109e-16
707 8.4982e-19 6.98012e-17
708 -1.51812e-17 8.96606e-17
709 1.26936e-16 3.35531e-16
710 1.20854e-17 -8.96591e-17
711 4.76225e-17 -1.0651e-16
712 -1.18621e-16 -2.12533e-17
713 -9.21094e-17 -1.41369e-16
714 8.53317e-17 -6.46094e-17
715 -9.42984e-17 2.07862e-16
716 1.13891e-16 1.62089e-16
717 -1.49292e-16 7.36914e-17
718 6.74962e-17 -4.17949e-17
719 4.48467e-17 -8.80048e-17
720 -2.62037e-17 -1.68995e-16
721 3.82346e-18 -3.93053e-17
722 6.91387e-17 1.47279e-16
723 -3.45786e-16 -2.28806e-16
724 2.24962e-16 2.42831e-16
725 -1.42712e-16 6.22475e-17
726 3.57751e-18 1.20137e-16
727 -8.79966e-17 -2.07164e-16
728 -1.22864e-17 -3.57883e-17
729 -4.37535e-18 1.70689e-16
730 -1.54242e-16 -2.82684e-17
731 2.81228e-16 4.36943e-17
732 -9.69527e-17 -2.34198e-16
733 1.84402e-16 3.28831e-16
734 1.49868e-16 1.98774e-16
735 4.2952e-17 -1.36859e-17
736 -1.10895e-16 -1.15441e-16
737 3.83863e-16 3.20908e-16
738 8.0798e-17 9.93861e-17
739 -1.55822e-16 8.27453e-17
740 -6.24876e-17 -8.63162e-17
741 6.34486e-17 1.7841e-16
742 2.34303e-17 -7.3735e-17
743 7.6255e-17 -3.93329e-17
744 3.73564e-17 -6.20637e-17
745 2.09401e-17 1.78009e-16
746 -9.28848e-17 8.53471e-19
747 4.38726e-17 -5.34647e-17
748 -4.50093e-17 1.2927e-16
749 1.65158e-16 -2.21106e-16
750 -4.80562e-17 2.062e-17
751 -2.62888e-17 -1.12849e-17
752 -4.44573e-17 5.91641e-18
753 8.82336e-18 1.94447e-17
754 -2.88368e-17 -8.8999e-17
755 -1.14841e-16 7.16652e-17
756 5.23539e-18 -7.28724e-17
757 1.20936e-16 1.84771e-17
758 -1.16523e-17 1.12612e-16
759 9.51345e-17 1.17598e-16
760 -1.25985e-16 -9.9186e-18
761 8.64941e-17 4.29064e-17
762 3.72499e-17 -5.47916e-17
763 2.49039e-16 1.85093e-16
764 -1.76163e-17 -4.72643e-17
765 1.08704e-16 -4.56777e-17
766 3.55278e-17 2.29123e-17
767 -4.63405e-17 -8.73062e-17
768 1.24942e-16 1.17808e-17
769 5.67719e-17 1.15e-17
770 -4.15689e-17 -2.18296e-16
771 9.48675e-17 7.15694e-17
772 -1.60214e-16 -9.67687e-17
773 1.90885e-16 1.58915e-16
774 1.0929e-16 -6.54048e-17
775 1.17667e-16 1.30913e-16
776 -7.68336e-17 -1.19438e-16
777 -1.74443e-16 -1.10796e-16
778 9.48835e-17 3.77521e-17
779 1.9997e-16 8.97313e-17
780 -6.53065e-17 -1.34218e-16
781 4.76717e-18 -1.73954e-17
782 -4.93542e-17 8.96187e-17
783 -2.60938e-17 -1.27094e-16
784 -4.52924e-17 -3.68952e-17
785 3.27015e-17 1.99525e-16
786 -1.72282e-16 -9.89007e-17
787 1.63227e-16 -5.57165e-17
788 1.17208e-16 4.78948e-17
789 -1.27237e-16 -7.72477e-17
790 1.792e-16 1.90848e-17
791 1.98872e-17 1.34757e-16
792 -1.91846e-16 -6.28467e-17
793 -1.44597e-17 9.97514e-17
794 1.44468e-16 2.80307e-16
795 -1.22977e-16 1.16098e-16
796 1.55814e-16 4.27006e-17
797 3.9121e-17 3.59428e-17
798 -2.78369e-17 1.16116e-16
799 1.04622e-16 -1.17512e-16
800 1.58672e-16 -2.4446e-16
801 1.26963e-16 -2.91732e-16
802 5.11276e-16 -7.13155e-16
803 7.35741e-16 -1.12155e-15
804 1.61486e-15 -2.48887e-15
805 2.80476e-15 -5.22599e-15
806 6.21769e-15 -9.91516e-15
807 1.16959e-14 -1.94441e-14
808 2.30091e-14 -3.75074e-14
809 4.42798e-14 -7.25263e-14
810 8.51941e-14 -1.39394e-13
811 1.63381e-13 -2.65571e-13
812 3.11272e-13 -5.04111e-13
813 5.8997e-13 -9.51652e-13
814 1.11236e-12 -1.78636e-12
815 2.08534e-12 -3.33547e-12
816 3.88885e-12 -6.19419e-12
817 7.21219e-12 -1.14396e-11
818 1.33016e-11 -2.10095e-11
819 2.43967e-11 -3.83697e-11
820 4.44952e-11 -6.96808e-11
821 8.06939e-11 -1.25824e-10
822 1.45509e-10 -2.25904e-10
823 2.60882e-10 -4.03248e-10
824 4.65031e-10 -7.15634e-10
825 8.24108e-10 -1.26258e-09
826 1.45187e-09 -2.21437e-09
827 2.54269e-09 -3.86055e-09
828 4.42647e-09 -6.69004e-09
829 7.65946e-09 -1.15231e-08
830 1.31732e-08 -1.97261e-08
831 2.25171e-08 -3.35603e-08
832 3.82506e-08 -5.67407e-08
833 6.45716e-08 -9.53285e-08
834 1.08317e-07 -1.59141e-07
835 1.80542e-07 -2.63966e-07
836 2.9899e-07 -4.35001e-07
837 4.91931e-07 -7.12161e-07
838 8.04065e-07 -1.1582e-06
839 1.30553e-06 -1.871e-06
840 2.10551e-06 -3.00203e-06
841 3.37267e-06 -4.78385e-06
842 5.36537e-06 -7.57048e-06
843 8.4762e-06 -1.18965e-05
844 1.32966e-05 -1.8562e-05
845 2.07102e-05 -2.87543e-05
846 3.20249e-05 -4.42195e-05
847 4.91603e-05 -6.75018e-05
848 7.49066e-05 -0.000102274
849 0.000113282 -0.000153785
850 0.000170017 -0.000229465
851 0.0002532 -0.000339724
852 0.000374134 -0.000498985
853 0.000548443 -0.000727024
854 0.00079748 -0.00105064
855 0.0011501 -0.0015057
856 0.00164482 -0.00213967
857 0.00233242 -0.00301445
858 0.00327893 -0.00420973
859 0.00456902 -0.00582657
860 0.00630968 -0.00799108
861 0.00863386 -0.010858
862 0.0117039 -0.0146136
863 0.0157145 -0.0194777
864 0.0208937 -0.0257032
865 0.0275026 -0.0335738
866 0.0358317 -0.0433974
867 0.0461935 -0.0554948
868 0.0589095 -0.0701829
869 0.0742927 -0.0877518
870 0.0926218 -0.108434
871 0.11411 -0.132371
872 0.138868 -0.159565
873 0.166859 -0.189841
874 0.197855 -0.2228
875 0.231394 -0.257778
876 0.266742 -0.29382
877 0.302868 -0.329668
878 0.338439 -0.363778
879 0.371844 -0.394361
880 0.401246 -0.41947
881 0.424673 -0.437113
882 0.440145 -0.445409
883 0.445836 -0.442763
884 0.440254 -0.428064
885 0.422435 -0.400861
886 0.392122 -0.361523
887 0.349907 -0.311338
888 0.297315 -0.252527
889 0.236792 -0.188166
890 0.171605 -0.121999
891 0.105622 -0.0581423
892 0.0429965 -0.000707947
893 -0.012224 0.0466169
894 -0.0565272 0.0809927
895 -0.0873459 0.100786
896 -0.103392 0.105807
897 -0.104858 0.0973807
898 -0.0934355 0.0782151
899 -0.0721366 0.052078
900 -0.0449234 0.023305
901 -0.0161835 -0.00379149
902 0.00987267 -0.0255234
903 0.0298002 -0.0393408
904 0.0413965 -0.0441657
905 0.0439781 -0.0404811
906 0.0384025 -0.0301519
907 0.026824 -0.0160059
908 0.0122252 -0.00125168
909 -0.00219055 0.0111547
910 -0.0136239 0.0190648
911 -0.0201971 0.0215035
912 -0.0212571 0.0187674
913 -0.017403 0.012245
914 -0.0102396 0.00400291
915 -0.00192129 -0.00375423
916 0.00540059 -0.00921924
917 0.0100901 -0.0113813
918 0.0113743 -0.0101956
919 0.00944727 -0.00649132
920 0.00531588 -0.00165795
921 0.000443524 0.00279294
922 -0.0036993 0.00566086
923 -0.00604644 0.00636221
924 -0.00619467 0.00502873
925 -0.00444486 0.00238457
926 -0.0016291 -0.000544495
927 0.00120726 -0.00278642
928 0.0031584 -0.00372545
929 0.00373062 -0.00325844
930 0.00295295 -0.00176573
931 0.00130277 7.75877e-05
932 -0.00051231 0.00157136
933 -0.00182849 0.00223945
934 -0.00225451 0.00197152
935 -0.0017775 0.0010163
936 -0.000718967 -0.000157174
937 0.000428342 -0.00106534
938 0.0012097 -0.00139779
939 0.00137889 -0.00111575
940 0.000967273 -0.000431477
941 0.00023447 0.000310885
942 -0.000467379 0.000794166
943 -0.000851097 0.000856731
944 -0.000805891 0.000539867
945 -0.000420547 4.24725e-05
946 8.20129e-05 -0.000387198
947 0.000460672 -0.000568187
948 0.000565744 -0.000458841
949 0.000393855 -0.000156546
950 6.92578e-05 0.000166529
951 -0.00023148 0.000354456
952 -0.00036974 0.000339301
953 -0.000305581 0.000161481
954 -0.000103188 -6.5164e-05
955 0.000115168 -0.000219927
956 0.0002379 -0.000236571
957 0.00021858 -0.000129149
958 9.02869e-05 2.6617e-05
959 -6.27295e-05 0.000141428
960 -0.000156214 0.000161264
961 -0.00015031 9.10427e-05
962 -6.4444e-05 -1.64916e-05
963 4.16786e-05 -9.63549e-05
964 0.000106464 -0.000108856
965 0.000100702 -5.80285e-05
966 3.91888e-05 1.69752e-05
967 -3.40145e-05 6.92685e-05
968 -7.4978e-05 7.23261e-05
969 -6.52274e-05 3.24368e-05
970 -1.87999e-05 -1.97873e-05
971 3.07818e-05 -5.11493e-05
972 5.33242e-05 -4.61624e-05
973 3.96376e-05 -1.38338e-05
974 4.03253e-06 2.1455e-05
975 -2.79262e-05 3.72913e-05
976 -3.69289e-05 2.69361e-05
977 -2.10863e-05 1.255e-06
978 5.4545e-06 -2.08072e-05
979 2.39167e-05 -2.56019e-05
980 2.36798e-05 -1.28449e-05
981 7.97525e-06 6.18572e-06
982 -1.02975e-05 1.78266e-05
983 -1.85583e-05 1.54975e-05
984 -1.29095e-05 3.07192e-06
985 5.32629e-07 -9.31683e-06
986 1.12991e-05 -1.31547e-05
987 1.2409e-05 -7.18762e-06
988 4.6812e-06 2.79459e-06
989 -5.00919e-06 9.0868e-06
990 -9.48555e-06 7.81954e-06
991 -6.41464e-06 1.14759e-06
992 7.51497e-07 -5.21173e-06
993 6.14229e-06 -6.67174e-06
994 6.11001e-06 -2.96641e-06
995 1.57237e-06 2.30666e-06
996 -3.35758e-06 4.9498e-06
997 -4.92445e-06 3.40645e-06
998 -2.50051e-06 -4.62121e-07
999 1.41308e-06 -3.31442e-06
