0 -0.00907591 -0.0106244
1 -0.0131962 -0.0139458
2 -0.0150839 -0.0148781
3 -0.0143345 -0.0132739
4 -0.0110103 -0.00940102
5 -0.00564898 -0.00388873
6 0.000823178 0.00237118
7 0.00725824 0.00835637
8 0.0125027 0.0130653
9 0.0156159 0.0156738
10 0.0160448 0.0156781
11 0.013718 0.0129978
12 0.00904493 0.00801468
13 0.0028264 0.00152948
14 -0.00389723 -0.00536508
15 -0.0100252 -0.0114756
16 -0.01457 -0.0157268
17 -0.0168006 -0.0173614
18 -0.0163431 -0.0160794
19 -0.0132317 -0.0120876
20 -0.00790938 -0.00605451
21 -0.00117586 0.00101796
22 0.00591833 0.00797269
23 0.0122248 0.0136912
24 0.0166816 0.017268
25 0.0184993 0.0181407
26 0.0173116 0.0161626
27 0.0132566 0.0116155
28 0.0069643 0.00516686
29 -0.000549648 -0.00222186
30 -0.00806265 -0.00942578
31 -0.0143586 -0.015316
32 -0.0184319 -0.0189308
33 -0.0196452 -0.0196353
34 -0.0178163 -0.0172421
35 -0.0132287 -0.0120628
36 -0.00657366 -0.00487467
37 0.00116007 0.00320073
38 0.00883004 0.010886
39 0.0152978 0.0169656
40 0.0195848 0.0204886
41 0.0210109 0.0209163
42 0.0192992 0.0181922
43 0.0146319 0.0127297
44 0.00764322 0.00533189
45 -0.000658109 -0.00293421
46 -0.00903207 -0.010887
47 -0.0161987 -0.017385
48 -0.0210448 -0.021475
49 -0.0228084 -0.0225212
50 -0.0212022 -0.0203036
51 -0.0164551 -0.0150674
52 -0.00926359 -0.00750883
53 -0.000671879 0.00130981
54 0.00809411 0.0101108
55 0.0158041 0.017595
56 0.0213861 0.0226448
57 0.0240582 0.0244998
58 0.023421 0.0228719
59 0.0195082 0.0179814
60 0.0127927 0.0105129
61 0.00414195 0.00150435
62 -0.00528113 -0.00780807
63 -0.0141684 -0.0161603
64 -0.0212522 -0.0224243
65 -0.0254976 -0.0257465
66 -0.0262653 -0.0256506
67 -0.0234132 -0.022097
68 -0.0173149 -0.0154962
69 -0.00879611 -0.00666937
70 0.000995014 0.00324345
71 0.0107558 0.0129244
72 0.0192049 0.0210546
73 0.025242 0.0265027
74 0.0280759 0.0284933
75 0.0273135 0.0267237
76 0.0230051 0.0214071
77 0.0156442 0.0132338
78 0.00611794 0.00326319
79 -0.00439062 -0.00723024
80 -0.0145441 -0.0169257
81 -0.0230215 -0.0246157
82 -0.0286963 -0.0293397
83 -0.0307943 -0.0304863
84 -0.0290041 -0.0278606
85 -0.0235209 -0.0217156
86 -0.015017 -0.0127394
87 -0.00454432 -0.00199072
88 0.00660975 0.00921925
89 0.017089 0.019491
90 0.025632 0.0275238
91 0.0312128 0.0322931
92 0.0331489 0.0331886
93 0.0311705 0.0300864
94 0.0254515 0.0233507
95 0.016599 0.0137718
96 0.00559928 0.00245807
97 -0.00628281 -0.00929596
98 -0.0176468 -0.0201513
99 -0.0271281 -0.0288633
100 -0.0335743 -0.0344112
101 -0.0361958 -0.0361111
102 -0.034665 -0.0337008
103 -0.0291469 -0.0273841
104 -0.0202624 -0.0178218
105 -0.00899893 -0.00606369
106 0.00341178 0.00657231
107 0.0156268 0.0186589
108 0.0263244 0.0288312
109 0.0343302 0.0359467
110 0.0387336 0.0392102
111 0.0389891 0.0382527
112 0.0349911 0.0331577
113 0.0271039 0.0244409
114 0.0161355 0.0129903
115 0.00325049 -2.42078e-05
116 -0.0101683 -0.0132641
117 -0.0226846 -0.0253507
118 -0.0329735 -0.0350027
119 -0.0399608 -0.0411704
120 -0.0429222 -0.0431547
121 -0.0415396 -0.0406915
122 -0.035919 -0.0339886
123 -0.0265755 -0.0237045
124 -0.0143899 -0.0108722
125 -0.000534326 0.00322108
126 0.013632 0.0171754
127 0.0266941 0.0296215
128 0.0373274 0.0393481
129 0.0444413 0.0454039
130 0.0472973 0.0471751
131 0.0455853 0.0444369
132 0.0394475 0.0373807
133 0.0294533 0.0266102
134 0.0165306 0.0130991
135 0.00187084 -0.00189367
136 -0.0131833 -0.0169488
137 -0.0272551 -0.0306355
138 -0.0390502 -0.0416613
139 -0.0474676 -0.049
140 -0.0516973 -0.0519792
141 -0.0512987 -0.0503234
142 -0.0462479 -0.0441582
143 -0.0369477 -0.033987
144 -0.0241931 -0.0206481
145 -0.00909659 -0.00525487
146 0.00702055 0.0108838
147 0.0227544 0.0263676
148 0.0367465 0.0398294
149 0.0477998 0.0500673
150 0.0549709 0.0561646
151 0.0576377 0.0575761
152 0.0555406 0.0541693
153 0.0488008 0.046218
154 0.0379146 0.0343589
155 0.0237227 0.0195259
156 0.00734956 0.00287402
157 -0.00988561 -0.0143019
158 -0.026583 -0.0306544
159 -0.0413868 -0.0448801
160 -0.0531049 -0.0558239
161 -0.060805 -0.0625806
162 -0.06388 -0.0645796
163 -0.0620772 -0.0616368
164 -0.0555014 -0.053964
165 -0.0445975 -0.0421383
166 -0.0301192 -0.027041
167 -0.0130848 -0.00977936
168 0.00528642 0.00839643
169 0.023658 0.0261758
170 0.040681 0.0422698
171 0.0551062 0.0554946
172 0.0658895 0.0648546
173 0.0722713 0.0696194
174 0.0738226 0.0693839
175 0.0704561 0.0641009
176 0.0624124 0.0540803
177 0.0502317 0.0399565
178 0.03472 0.0226299
179 0.0169078 0.0031958
180 -0.0020031 -0.017133
181 -0.0207121 -0.0371021
182 -0.0379107 -0.0554896
183 -0.0523828 -0.0711785
184 -0.0630982 -0.0832265
185 -0.069283 -0.0909284
186 -0.0704584 -0.0938658
187 -0.0664491 -0.0919367
188 -0.0573709 -0.0853601
189 -0.0436113 -0.0746564
190 -0.025806 -0.0606064
191 -0.00481279 -0.0441957
192 0.0183263 -0.0265519
193 0.0424429 -0.00887886
194 0.0663187 0.00760824
195 0.0887744 0.0217463
196 0.108753 0.0324851
197 0.125386 0.0389437
198 0.138031 0.0404594
199 0.14629 0.0366251
200 0.150007 0.0273102
201 0.149269 0.0126634
202 0.1444 -0.00690282
203 0.13596 -0.0307435
204 0.12472 -0.0580229
205 0.11163 -0.0877625
206 0.0977563 -0.11889
207 0.0842045 -0.150287
208 0.0720517 -0.18084
209 0.0622847 -0.209486
210 0.0557599 -0.235265
211 0.0531784 -0.257358
212 0.0550674 -0.275131
213 0.0617603 -0.288154
214 0.0733743 -0.296216
215 0.08979 -0.299315
216 0.110645 -0.297646
217 0.135348 -0.291573
218 0.163114 -0.281605
219 0.193011 -0.268373
220 0.224018 -0.252598
221 0.255059 -0.235061
222 0.285042 -0.216567
223 0.312882 -0.1979
224 0.337529 -0.179784
225 0.358002 -0.162847
226 0.373433 -0.147597
227 0.383108 -0.134411
228 0.386502 -0.123534
229 0.383288 -0.115079
230 0.373336 -0.109036
231 0.356701 -0.10527
232 0.333603 -0.103529
233 0.304421 -0.103451
234 0.269686 -0.104591
235 0.23008 -0.106448
236 0.186423 -0.108502
237 0.139648 -0.110244
238 0.0907628 -0.111206
239 0.0408104 -0.110973
240 -0.00916294 -0.109192
241 -0.058131 -0.105583
242 -0.105098 -0.0999475
243 -0.149108 -0.0921823
244 -0.189254 -0.0822943
245 -0.224699 -0.0704035
246 -0.254707 -0.0567373
247 -0.278665 -0.041612
248 -0.296101 -0.0254076
249 -0.306689 -0.00854313
250 -0.310239 0.00854313
251 -0.306689 0.0254076
252 -0.296101 0.041612
253 -0.278665 0.0567373
254 -0.254707 0.0704035
255 -0.224699 0.0822943
256 -0.189254 0.0921823
257 -0.149108 0.0999475
258 -0.105098 0.105583
259 -0.058131 0.109192
260 -0.00916294 0.110973
261 0.0408104 0.111206
262 0.0907628 0.110244
263 0.139648 0.108502
264 0.186423 0.106448
265 0.23008 0.104591
266 0.269686 0.103451
267 0.304421 0.103529
268 0.333603 0.10527
269 0.356701 0.109036
270 0.373336 0.115079
271 0.383288 0.123534
272 0.386502 0.134411
273 0.383108 0.147597
274 0.373433 0.162847
275 0.358002 0.179784
276 0.337529 0.1979
277 0.312882 0.216567
278 0.285042 0.235061
279 0.255059 0.252598
280 0.224018 0.268373
281 0.193011 0.281605
282 0.163114 0.291573
283 0.135348 0.297646
284 0.110645 0.299315
285 0.08979 0.296216
286 0.0733743 0.288154
287 0.0617603 0.275131
288 0.0550674 0.257358
289 0.0531784 0.235265
290 0.0557599 0.209486
291 0.0622847 0.18084
292 0.0720517 0.150287
293 0.0842045 0.11889
294 0.0977563 0.0877625
295 0.11163 0.0580229
296 0.12472 0.0307435
297 0.13596 0.00690282
298 0.1444 -0.0126634
299 0.149269 -0.0273102
300 0.150007 -0.0366251
301 0.14629 -0.0404594
302 0.138031 -0.0389437
303 0.125386 -0.0324851
304 0.108753 -0.0217463
305 0.0887744 -0.00760824
306 0.0663187 0.00887886
307 0.0424429 0.0265519
308 0.0183263 0.0441957
309 -0.00481279 0.0606064
310 -0.025806 0.0746564
311 -0.0436113 0.0853601
312 -0.0573709 0.0919367
313 -0.0664491 0.0938658
314 -0.0704584 0.0909284
315 -0.069283 0.0832265
316 -0.0630982 0.0711785
317 -0.0523828 0.0554896
318 -0.0379107 0.0371021
319 -0.0207121 0.017133
320 -0.0020031 -0.0031958
321 0.0169078 -0.0226299
322 0.03472 -0.0399565
323 0.0502317 -0.0540803
324 0.0624124 -0.0641009
325 0.0704561 -0.0693839
326 0.0738226 -0.0696194
327 0.0722713 -0.0648546
328 0.0658895 -0.0554946
329 0.0551062 -0.0422698
330 0.040681 -0.0261758
331 0.023658 -0.00839643
332 0.00528642 0.00977936
333 -0.0130848 0.027041
334 -0.0301192 0.0421383
335 -0.0445975 0.053964
336 -0.0555014 0.0616368
337 -0.0620772 0.0645796
338 -0.06388 0.0625806
339 -0.060805 0.0558239
340 -0.0531049 0.0448801
341 -0.0413868 0.0306544
342 -0.026583 0.0143019
343 -0.00988561 -0.00287402
344 0.00734956 -0.0195259
345 0.0237227 -0.0343589
346 0.0379146 -0.046218
347 0.0488008 -0.0541693
348 0.0555406 -0.0575761
349 0.0576377 -0.0561646
350 0.0549709 -0.0500673
351 0.0477998 -0.0398294
352 0.0367465 -0.0263676
353 0.0227544 -0.0108838
354 0.00702055 0.00525487
355 -0.00909659 0.0206481
356 -0.0241931 0.033987
357 -0.0369477 0.0441582
358 -0.0462479 0.0503234
359 -0.0512987 0.0519792
360 -0.0516973 0.049
361 -0.0474676 0.0416613
362 -0.0390502 0.0306355
363 -0.0272551 0.0169488
364 -0.0131833 0.00189367
365 0.00187084 -0.0130991
366 0.0165306 -0.0266102
367 0.0294533 -0.0373807
368 0.0394475 -0.0444369
369 0.0455853 -0.0471751
370 0.0472973 -0.0454039
371 0.0444413 -0.0393481
372 0.0373274 -0.0296215
373 0.0266941 -0.0171754
374 0.013632 -0.00322108
375 -0.000534326 0.0108722
376 -0.0143899 0.0237045
377 -0.0265755 0.0339886
378 -0.035919 0.0406915
379 -0.0415396 0.0431547
380 -0.0429222 0.0411704
381 -0.0399608 0.0350027
382 -0.0329735 0.0253507
383 -0.0226846 0.0132641
384 -0.0101683 2.42078e-05
385 0.00325049 -0.0129903
386 0.0161355 -0.0244409
387 0.0271039 -0.0331577
388 0.0349911 -0.0382527
389 0.0389891 -0.0392102
390 0.0387336 -0.0359467
391 0.0343302 -0.0288312
392 0.0263244 -0.0186589
393 0.0156268 -0.00657231
394 0.00341178 0.00606369
395 -0.00899893 0.0178218
396 -0.0202624 0.0273841
397 -0.0291469 0.0337008
398 -0.034665 0.0361111
399 -0.0361958 0.0344112
400 -0.0335743 0.0288633
401 -0.0271281 0.0201513
402 -0.0176468 0.00929596
403 -0.00628281 -0.00245807
404 0.00559928 -0.0137718
405 0.016599 -0.0233507
406 0.0254515 -0.0300864
407 0.0311705 -0.0331886
408 0.0331489 -0.0322931
409 0.0312128 -0.0275238
410 0.025632 -0.019491
411 0.017089 -0.00921925
412 0.00660975 0.00199072
413 -0.00454432 0.0127394
414 -0.015017 0.0217156
415 -0.0235209 0.0278606
416 -0.0290041 0.0304863
417 -0.0307943 0.0293397
418 -0.0286963 0.0246157
419 -0.0230215 0.0169257
420 -0.0145441 0.00723024
421 -0.00439062 -0.00326319
422 0.00611794 -0.0132338
423 0.0156442 -0.0214071
424 0.0230051 -0.0267237
425 0.0273135 -0.0284933
426 0.0280759 -0.0265027
427 0.025242 -0.0210546
428 0.0192049 -0.0129244
429 0.0107558 -0.00324345
430 0.000995014 0.00666937
431 -0.00879611 0.0154962
432 -0.0173149 0.022097
433 -0.0234132 0.0256506
434 -0.0262653 0.0257465
435 -0.0254976 0.0224243
436 -0.0212522 0.0161603
437 -0.0141684 0.00780807
438 -0.00528113 -0.00150435
439 0.00414195 -0.0105129
440 0.0127927 -0.0179814
441 0.0195082 -0.0228719
442 0.023421 -0.0244998
443 0.0240582 -0.0226448
444 0.0213861 -0.017595
445 0.0158041 -0.0101108
446 0.00809411 -0.00130981
447 -0.000671879 0.00750883
448 -0.00926359 0.0150674
449 -0.0164551 0.0203036
450 -0.0212022 0.0225212
451 -0.0228084 0.021475
452 -0.0210448 0.017385
453 -0.0161987 0.010887
454 -0.00903207 0.00293421
455 -0.000658109 -0.00533189
456 0.00764322 -0.0127297
457 0.0146319 -0.0181922
458 0.0192992 -0.0209163
459 0.0210109 -0.0204886
460 0.0195848 -0.0169656
461 0.0152978 -0.010886
462 0.00883004 -0.00320073
463 0.00116007 0.00487467
464 -0.00657366 0.0120628
465 -0.0132287 0.0172421
466 -0.0178163 0.0196353
467 -0.0196452 0.0189308
468 -0.0184319 0.015316
469 -0.0143586 0.00942578
470 -0.00806265 0.00222186
471 -0.000549648 -0.00516686
472 0.0069643 -0.0116155
473 0.0132566 -0.0161626
474 0.0173116 -0.0181407
475 0.0184993 -0.017268
476 0.0166816 -0.0136912
477 0.0122248 -0.00797269
478 0.00591833 -0.00101796
479 -0.00117586 0.00605451
480 -0.00790938 0.0120876
481 -0.0132317 0.0160794
482 -0.0163431 0.0173614
483 -0.0168006 0.0157268
484 -0.01457 0.0114756
485 -0.0100252 0.00536508
486 -0.00389723 -0.00152948
487 0.0028264 -0.00801468
488 0.00904493 -0.0129978
489 0.013718 -0.0156781
490 0.0160448 -0.0156738
491 0.0156159 -0.0130653
492 0.0125027 -0.00835637
493 0.00725824 -0.00237118
494 0.000823178 0.00388873
495 -0.00564898 0.00940102
496 -0.0110103 0.0132739
497 -0.0143345 0.0148781
498 -0.0150839 0.0139458
499 -0.0131962 0.0106244
500 -0.00907591 0.00547037
501 -0.00350119 -0.000626646
502 0.00252995 -0.00658683
503 0.00797951 -0.0113323
504 0.0119419 -0.0139933
505 0.0137828 -0.0140839
506 0.0132285 -0.0116046
507 0.0104003 -0.00704652
508 0.00579245 -0.00129096
509 0.00019915 0.00456978
510 -0.00540634 0.00945149
511 -0.010028 0.0124867
512 -0.0128207 0.01318
513 -0.0132536 0.0114816
514 -0.0112265 0.00777265
515 -0.00711018 0.00277424
516 -0.00168896 -0.00259568
517 0.00398851 -0.00738621
518 0.00882198 -0.0107711
519 0.0118876 -0.0121782
520 0.0126275 -0.0113774
521 0.0109561 -0.0085174
522 0.00726236 -0.00410826
523 0.00231192 0.00105422
524 -0.00292143 0.00601664
525 -0.00745338 0.00983624
526 -0.0104726 0.0117632
527 -0.0114774 0.0114009
528 -0.0103457 0.00880424
529 -0.00733731 0.00448643
530 -0.00303391 -0.000677884
531 0.00176688 -0.00563514
532 0.00618714 -0.00938054
533 0.00941593 -0.0111757
534 0.0108494 -0.0107028
535 0.0102036 -0.00812078
536 0.00758007 -0.00401314
537 0.00346516 0.000752716
538 -0.00134471 0.00521699
539 -0.00588859 0.00852366
540 -0.00923422 0.0100801
541 -0.0106798 0.00965242
542 -0.00991671 0.00738694
543 -0.0071092 0.00376257
544 -0.00286561 -0.000509025
545 0.00189657 -0.00461476
546 0.00615977 -0.00778208
547 0.00903694 -0.0094122
548 0.00996541 -0.00918744
549 0.00881793 -0.0071366
550 0.00590898 -0.00364407
551 0.00190305 0.000606467
552 -0.0023452 0.00475298
553 -0.0059767 0.00792523
554 -0.00829781 0.00943284
555 -0.00890253 0.00892849
556 -0.00773056 0.00650291
557 -0.00505924 0.00268035
558 -0.00143861 -0.00169208
559 0.00241487 -0.00563856
560 0.00574796 -0.00828466
561 0.00790538 -0.0090636
562 0.00845099 -0.00784513
563 0.00725686 -0.00495499
564 0.00454217 -0.00108365
565 0.000847929 0.00288765
566 -0.00305699 0.00609556
567 -0.00632865 0.00788531
568 -0.00823264 0.0079404
569 -0.00831935 0.00632739
570 -0.00654417 0.00345529
571 -0.00329557 -3.22084e-05
572 0.000684331 -0.00340098
573 0.00447259 -0.0059747
574 0.00718962 -0.00725926
575 0.00821594 -0.00702565
576 0.00734309 -0.00534289
577 0.00481829 -0.00256095
578 0.0012728 0.000752532
579 -0.0024437 0.00391412
580 -0.00547581 0.00625311
581 -0.00716508 0.00724859
582 -0.00719257 0.00664966
583 -0.00563087 0.00454946
584 -0.00290112 0.0013879
585 0.000345284 -0.00212899
586 0.00338511 -0.0051833
587 0.0055817 -0.00704062
588 0.00650972 -0.00723744
589 0.00602529 -0.00570871
590 0.00427573 -0.00281646
591 0.00165547 0.000733385
592 -0.0012779 0.00406735
593 -0.00391128 0.00636804
594 -0.00569123 0.00708446
595 -0.0062312 0.00607145
596 -0.00539447 0.00362036
597 -0.00333581 0.000373889
598 -0.000487056 -0.00284898
599 0.00251998 -0.00526776
600 0.00498601 -0.00633526
601 0.00630755 -0.0058612
602 0.0061324 -0.00403699
603 0.00446413 -0.00136275
604 0.00168137 0.00149528
605 -0.00154168 0.00387395
606 -0.00439905 0.00526422
607 -0.00616075 0.00541097
608 -0.00636868 0.00434618
609 -0.00496498 0.00235835
610 -0.00231402 -8.57908e-05
611 0.000891417 -0.00244589
612 0.00381583 -0.00421735
613 0.00570698 -0.00502788
614 0.00609803 -0.00470799
615 0.00492818 -0.0033253
616 0.00254851 -0.00117639
617 -0.000385963 0.00126623
618 -0.00310329 0.00344704
619 -0.0049244 0.00484693
620 -0.00543591 0.00510603
621 -0.00458066 0.00412155
622 -0.00264795 0.00209221
623 -0.000174903 -0.000509598
624 0.00220665 -0.00304027
625 0.00393234 -0.00484293
626 0.0046349 -0.00542288
627 0.00421314 -0.00459198
628 0.00283157 -0.00253691
629 0.000859891 0.000215105
630 -0.00122572 0.00293052
631 -0.00295313 0.00486963
632 -0.0039525 0.00549611
633 -0.00402535 0.0046335
634 -0.00317617 0.00252018
635 -0.00160534 -0.00025547
636 0.000332894 -0.00292219
637 0.00220078 -0.00474599
638 0.00356579 -0.00523854
639 0.00409449 -0.0042925
640 0.0036338 -0.00220504
641 0.00226028 0.000415678
642 0.00027995 0.00283139
643 -0.00182954 0.00438682
644 -0.00352827 0.00469175
645 -0.00435226 0.00371962
646 -0.00404504 0.00179743
647 -0.00264358 -0.000504831
648 -0.000488034 -0.00254715
649 0.00185505 -0.0038005
650 0.00374103 -0.00398348
651 0.00462818 -0.00311929
652 0.00423926 -0.00150471
653 0.00265367 0.000391597
654 0.000298176 0.00206632
655 -0.00216632 0.00311357
656 -0.00403245 0.00331803
657 -0.00475453 0.00269004
658 -0.00411411 0.00144114
659 -0.00229089 -8.60765e-05
660 0.000185505 -0.00151072
661 0.0025908 -0.00250423
662 0.00422207 -0.0028588
663 0.00460852 -0.00252224
664 0.00365185 -0.00159766
665 0.00165281 -0.000313104
666 -0.000783541 0.00103002
667 -0.0029337 0.00211976
668 -0.00417425 0.00269835
669 -0.00416589 0.00261891
670 -0.00294763 0.00188357
671 -0.000914833 0.000652811
672 0.00130935 -0.000781231
673 0.00306698 -0.00205707
674 0.00386256 -0.00283157
675 0.00350436 -0.0028729
676 0.00214904 -0.00213313
677 0.000239512 -0.00077672
678 -0.00164046 0.000848767
679 -0.00294676 0.00229781
680 -0.00333375 0.00314848
681 -0.00274446 0.0031275
682 -0.00140904 0.00220121
683 0.000241677 0.000601351
684 0.00171566 -0.00122793
685 0.00260654 -0.00275209
686 0.00270417 -0.00350408
687 0.00203952 -0.00323095
688 0.000856454 -0.00198192
689 -0.000475034 -0.000106349
690 -0.00157416 0.00184246
691 -0.00215736 0.00327161
692 -0.00210872 0.00373166
693 -0.00149612 0.00306094
694 -0.000534089 0.0014439
695 0.000490067 -0.000637597
696 0.00130159 -0.00254791
697 0.00170952 -0.00369319
698 0.00164634 -0.00370837
699 0.00117022 -0.00257595
700 0.000435426 -0.000637295
701 -0.000356333 0.00150949
702 -0.00100864 0.00319487
703 -0.00137473 0.0038886
704 -0.00138545 0.00336882
705 -0.00105768 0.00179494
706 -0.000484309 -0.000340368
707 0.000190312 -0.00236564
708 0.000803698 -0.00364291
709 0.00121066 -0.0037703
710 0.00131447 -0.00270991
711 0.00108831 -0.000800115
712 0.000582962 0.00135202
713 -8.16178e-05 0.00306402
714 -0.000740663 0.00379522
715 -0.00122201 0.00331867
716 -0.00138963 0.0017927
717 -0.00118296 -0.000290803
718 -0.000640366 -0.00226468
719 0.000103035 -0.00350047
720 0.000846068 -0.00360929
721 0.00137516 -0.00256514
722 0.00152664 -0.000711154
723 0.0012389 0.00135261
724 0.000577285 0.00296331
725 -0.000278108 0.00360847
726 -0.00108044 0.00308951
727 -0.00158732 0.00158325
728 -0.00163473 -0.000417517
729 -0.00119108 -0.00226484
730 -0.000373485 -0.00336516
731 0.000581296 -0.00337009
732 0.00138495 -0.00228698
733 0.00178541 -0.000474192
734 0.0016475 0.00147682
735 0.000999734 0.00293398
736 3.07294e-05 0.00342909
737 -0.000965715 0.00280827
738 -0.00168069 0.00128003
739 -0.00188719 -0.000654235
740 -0.00151304 -0.00236415
741 -0.000666107 -0.00329531
742 0.000396687 -0.00314871
743 0.00134768 -0.00197674
744 0.00188998 -0.000164827
745 0.00185078 0.00169478
746 0.00123713 0.00299602
747 0.000235876 0.00331597
748 -0.000843163 0.00255198
749 -0.00166375 0.000954532
750 -0.00196918 -0.000954532
751 -0.00166375 -0.00255198
752 -0.000843163 -0.00331597
753 0.000235876 -0.00299602
754 0.00123713 -0.00169478
755 0.00185078 0.000164827
756 0.00188998 0.00197674
757 0.00134768 0.00314871
758 0.000396687 0.00329531
759 -0.000666107 0.00236415
760 -0.00151304 0.000654235
761 -0.00188719 -0.00128003
762 -0.00168069 -0.00280827
763 -0.000965715 -0.00342909
764 3.07294e-05 -0.00293398
765 0.000999734 -0.00147682
766 0.0016475 0.000474192
767 0.00178541 0.00228698
768 0.00138495 0.00337009
769 0.000581296 0.00336516
770 -0.000373485 0.00226484
771 -0.00119108 0.000417517
772 -0.00163473 -0.00158325
773 -0.00158732 -0.00308951
774 -0.00108044 -0.00360847
775 -0.000278108 -0.00296331
776 0.000577285 -0.00135261
777 0.0012389 0.000711154
778 0.00152664 0.00256514
779 0.00137516 0.00360929
780 0.000846068 0.00350047
781 0.000103035 0.00226468
782 -0.000640366 0.000290803
783 -0.00118296 -0.0017927
784 -0.00138963 -0.00331867
785 -0.00122201 -0.00379522
786 -0.000740663 -0.00306402
787 -8.16178e-05 -0.00135202
788 0.000582962 0.000800115
789 0.00108831 0.00270991
790 0.00131447 0.0037703
791 0.00121066 0.00364291
792 0.000803698 0.00236564
793 0.000190312 0.000340368
794 -0.000484309 -0.00179494
795 -0.00105768 -0.00336882
796 -0.00138545 -0.0038886
797 -0.00137473 -0.00319487
798 -0.00100864 -0.00150949
799 -0.000356333 0.000637295
800 0.000435426 0.00257595
801 0.00117022 0.00370837
802 0.00164634 0.00369319
803 0.00170952 0.00254791
804 0.00130159 0.000637597
805 0.000490067 -0.0014439
806 -0.000534089 -0.00306094
807 -0.00149612 -0.00373166
808 -0.00210872 -0.00327161
809 -0.00215736 -0.00184246
810 -0.00157416 0.000106349
811 -0.000475034 0.00198192
812 0.000856454 0.00323095
813 0.00203952 0.00350408
814 0.00270417 0.00275209
815 0.00260654 0.00122793
816 0.00171566 -0.000601351
817 0.000241677 -0.00220121
818 -0.00140904 -0.0031275
819 -0.00274446 -0.00314848
820 -0.00333375 -0.00229781
821 -0.00294676 -0.000848767
822 -0.00164046 0.00077672
823 0.000239512 0.00213313
824 0.00214904 0.0028729
825 0.00350436 0.00283157
826 0.00386256 0.00205707
827 0.00306698 0.000781231
828 0.00130935 -0.000652811
829 -0.000914833 -0.00188357
830 -0.00294763 -0.00261891
831 -0.00416589 -0.00269835
832 -0.00417425 -0.00211976
833 -0.0029337 -0.00103002
834 -0.000783541 0.000313104
835 0.00165281 0.00159766
836 0.00365185 0.00252224
837 0.00460852 0.0028588
838 0.00422207 0.00250423
839 0.0025908 0.00151072
840 0.000185505 8.60765e-05
841 -0.00229089 -0.00144114
842 -0.00411411 -0.00269004
843 -0.00475453 -0.00331803
844 -0.00403245 -0.00311357
845 -0.00216632 -0.00206632
846 0.000298176 -0.000391597
847 0.00265367 0.00150471
848 0.00423926 0.00311929
849 0.00462818 0.00398348
850 0.00374103 0.0038005
851 0.00185505 0.00254715
852 -0.000488034 0.000504831
853 -0.00264358 -0.00179743
854 -0.00404504 -0.00371962
855 -0.00435226 -0.00469175
856 -0.00352827 -0.00438682
857 -0.00182954 -0.00283139
858 0.00027995 -0.000415678
859 0.00226028 0.00220504
860 0.0036338 0.0042925
861 0.00409449 0.00523854
862 0.00356579 0.00474599
863 0.00220078 0.00292219
864 0.000332894 0.00025547
865 -0.00160534 -0.00252018
866 -0.00317617 -0.0046335
867 -0.00402535 -0.00549611
868 -0.0039525 -0.00486963
869 -0.00295313 -0.00293052
870 -0.00122572 -0.000215105
871 0.000859891 0.00253691
872 0.00283157 0.00459198
873 0.00421314 0.00542288
874 0.0046349 0.00484293
875 0.00393234 0.00304027
876 0.00220665 0.000509598
877 -0.000174903 -0.00209221
878 -0.00264795 -0.00412155
879 -0.00458066 -0.00510603
880 -0.00543591 -0.00484693
881 -0.0049244 -0.00344704
882 -0.00310329 -0.00126623
883 -0.000385963 0.00117639
884 0.00254851 0.0033253
885 0.00492818 0.00470799
886 0.00609803 0.00502788
887 0.00570698 0.00421735
888 0.00381583 0.00244589
889 0.000891417 8.57908e-05
890 -0.00231402 -0.00235835
891 -0.00496498 -0.00434618
892 -0.00636868 -0.00541097
893 -0.00616075 -0.00526422
894 -0.00439905 -0.00387395
895 -0.00154168 -0.00149528
896 0.00168137 0.00136275
897 0.00446413 0.00403699
898 0.0061324 0.0058612
899 0.00630755 0.00633526
900 0.00498601 0.00526776
901 0.00251998 0.00284898
902 -0.000487056 -0.000373889
903 -0.00333581 -0.00362036
904 -0.00539447 -0.00607145
905 -0.0062312 -0.00708446
906 -0.00569123 -0.00636804
907 -0.00391128 -0.00406735
908 -0.0012779 -0.000733385
909 0.00165547 0.00281646
910 0.00427573 0.00570871
911 0.00602529 0.00723744
912 0.00650972 0.00704062
913 0.0055817 0.0051833
914 0.00338511 0.00212899
915 0.000345284 -0.0013879
916 -0.00290112 -0.00454946
917 -0.00563087 -0.00664966
918 -0.00719257 -0.00724859
919 -0.00716508 -0.00625311
920 -0.00547581 -0.00391412
921 -0.0024437 -0.000752532
922 0.0012728 0.00256095
923 0.00481829 0.00534289
924 0.00734309 0.00702565
925 0.00821594 0.00725926
926 0.00718962 0.0059747
927 0.00447259 0.00340098
928 0.000684331 3.22084e-05
929 -0.00329557 -0.00345529
930 -0.00654417 -0.00632739
931 -0.00831935 -0.0079404
932 -0.00823264 -0.00788531
933 -0.00632865 -0.00609556
934 -0.00305699 -0.00288765
935 0.000847929 0.00108365
936 0.00454217 0.00495499
937 0.00725686 0.00784513
938 0.00845099 0.0090636
939 0.00790538 0.00828466
940 0.00574796 0.00563856
941 0.00241487 0.00169208
942 -0.00143861 -0.00268035
943 -0.00505924 -0.00650291
944 -0.00773056 -0.00892849
945 -0.00890253 -0.00943284
946 -0.00829781 -0.00792523
947 -0.0059767 -0.00475298
948 -0.0023452 -0.000606467
949 0.00190305 0.00364407
950 0.00590898 0.0071366
951 0.00881793 0.00918744
952 0.00996541 0.0094122
953 0.00903694 0.00778208
954 0.00615977 0.00461476
955 0.00189657 0.000509025
956 -0.00286561 -0.00376257
957 -0.0071092 -0.00738694
958 -0.00991671 -0.00965242
959 -0.0106798 -0.0100801
960 -0.00923422 -0.00852366
961 -0.00588859 -0.00521699
962 -0.00134471 -0.000752716
963 0.00346516 0.00401314
964 0.00758007 0.00812078
965 0.0102036 0.0107028
966 0.0108494 0.0111757
967 0.00941593 0.00938054
968 0.00618714 0.00563514
969 0.00176688 0.000677884
970 -0.00303391 -0.00448643
971 -0.00733731 -0.00880424
972 -0.0103457 -0.0114009
973 -0.0114774 -0.0117632
974 -0.0104726 -0.00983624
975 -0.00745338 -0.00601664
976 -0.00292143 -0.00105422
977 0.00231192 0.00410826
978 0.00726236 0.0085174
979 0.0109561 0.0113774
980 0.0126275 0.0121782
981 0.0118876 0.0107711
982 0.00882198 0.00738621
983 0.00398851 0.00259568
984 -0.00168896 -0.00277424
985 -0.00711018 -0.00777265
986 -0.0112265 -0.0114816
987 -0.0132536 -0.01318
988 -0.0128207 -0.0124867
989 -0.010028 -0.00945149
990 -0.00540634 -0.00456978
991 0.00019915 0.00129096
992 0.00579245 0.00704652
993 0.0104003 0.0116046
994 0.0132285 0.0140839
995 0.0137828 0.0139933
996 0.0119419 0.0113323
997 0.00797951 0.00658683
998 0.00252995 0.000626646
999 -0.00350119 -0.00547037
