0 8.81034e-09 5.42398e-09
1 -6.3469e-09 -1.01086e-08
2 -1.54776e-08 -1.49007e-08
3 -6.24593e-09 -1.49646e-09
4 1.21018e-08 1.55911e-08
5 1.76982e-08 1.53905e-08
6 1.87238e-09 -4.10046e-09
7 -1.84152e-08 -2.1092e-08
8 -1.85104e-08 -1.41429e-08
9 4.33732e-09 1.12614e-08
10 2.48926e-08 2.61724e-08
11 1.75493e-08 1.08818e-08
12 -1.23207e-08 -1.98062e-08
13 -3.1134e-08 -3.0415e-08
14 -1.45264e-08 -5.41325e-09
15 2.1958e-08 2.95175e-08
16 3.67704e-08 3.34529e-08
17 9.22613e-09 -2.38947e-09
18 -3.3111e-08 -4.01836e-08
19 -4.14923e-08 -3.49893e-08
20 -1.49094e-09 1.26123e-08
21 4.56666e-08 5.16398e-08
22 4.50732e-08 3.48079e-08
23 -8.80228e-09 -2.53332e-08
24 -5.95812e-08 -6.38108e-08
25 -4.73869e-08 -3.27794e-08
26 2.17703e-08 4.06595e-08
27 7.49258e-08 7.67526e-08
28 4.84246e-08 2.88655e-08
29 -3.75519e-08 -5.87647e-08
30 -9.1933e-08 -9.06966e-08
31 -4.8316e-08 -2.31298e-08
32 5.63325e-08 7.99227e-08
33 1.11047e-07 1.061e-07
34 4.73635e-08 1.57603e-08
35 -7.8358e-08 -1.04535e-07
36 -1.32981e-07 -1.23705e-07
37 -4.60956e-08 -7.11485e-09
38 1.03931e-07 1.33146e-07
39 1.58775e-07 1.44614e-07
40 4.53534e-08 -2.19904e-09
41 -1.33379e-07 -1.66432e-07
42 -1.89868e-07 -1.70383e-07
43 -4.64196e-08 1.11946e-08
44 1.66971e-07 2.0515e-07
45 2.28156e-07 2.03119e-07
46 5.12055e-08 -1.83096e-08
47 -2.04767e-07 -2.50028e-07
48 -2.76045e-07 -2.45593e-07
49 -6.2504e-08 2.11235e-08
50 2.4635e-07 3.0154e-07
51 3.36431e-07 3.01317e-07
52 8.43129e-08 -1.59744e-08
53 -2.90407e-07 -3.59518e-07
54 -4.12579e-07 -3.74544e-07
55 -1.22212e-07 -2.52894e-09
56 3.34083e-07 4.22538e-07
57 5.07785e-07 4.70089e-07
58 1.83743e-07 4.20684e-08
59 -3.72075e-07 -4.86967e-07
60 -6.24674e-07 -5.92829e-07
61 -2.78663e-07 -1.13165e-07
62 3.95401e-07 5.4562e-07
63 7.6395e-07 7.46644e-07
64 4.18872e-07 2.29516e-07
65 -3.89923e-07 -5.85974e-07
66 -9.22351e-07 -9.3252e-07
67 -6.17615e-07 -4.0777e-07
68 3.3478e-07 5.88054e-07
69 1.08958e-06 1.14546e-06
70 8.87425e-07 6.66146e-07
71 -2.01216e-07 -5.22327e-07
72 -1.24413e-06 -1.36994e-06
73 -1.23605e-06 -1.02105e-06
74 -4.73194e-08 3.48418e-07
75 1.3482e-06 1.57387e-06
76 1.65951e-06 1.48063e-06
77 4.52335e-07 -1.60929e-08
78 -1.3427e-06 -1.70168e-06
79 -2.13175e-06 -2.03414e-06
80 -1.05261e-06 -5.292e-07
81 1.14439e-06 1.66828e-06
82 2.59088e-06 2.63667e-06
83 1.86917e-06 1.33315e-06
84 -6.4896e-07 -1.35754e-06
85 -2.9242e-06 -3.19018e-06
86 -2.88068e-06 -2.4085e-06
87 -2.54359e-07 6.31317e-07
88 2.95695e-06 3.5252e-06
89 3.98922e-06 3.69808e-06
90 1.64955e-06 6.42687e-07
91 -2.45477e-06 -3.39235e-06
92 -4.98122e-06 -5.02738e-06
93 -3.53609e-06 -2.53534e-06
94 1.15469e-06 2.47964e-06
95 5.49713e-06 6.05784e-06
96 5.7466e-06 4.9681e-06
97 1.15735e-06 -4.77129e-07
98 -5.03598e-06 -6.26586e-06
99 -7.85415e-06 -7.60063e-06
100 -4.50884e-06 -2.78988e-06
101 3.03327e-06 4.98946e-06
102 9.10782e-06 9.72723e-06
103 8.54863e-06 7.15272e-06
104 9.45401e-07 -1.59517e-06
105 -8.46625e-06 -1.02517e-05
106 -1.23483e-05 -1.18499e-05
107 -6.87379e-06 -4.19253e-06
108 4.82397e-06 7.84753e-06
109 1.43095e-05 1.53396e-05
110 1.38411e-05 1.18135e-05
111 2.48691e-06 -1.41772e-06
112 -1.2359e-05 -1.53659e-05
113 -1.96991e-05 -1.93823e-05
114 -1.29279e-05 -9.09889e-06
115 4.63464e-06 9.5261e-06
116 2.10982e-05 2.35027e-05
117 2.39346e-05 2.17294e-05
118 9.24875e-06 3.47836e-06
119 -1.43343e-05 -1.98649e-05
120 -3.05722e-05 -3.17696e-05
121 -2.66059e-05 -2.2036e-05
122 -2.69417e-06 5.07622e-06
123 2.64613e-05 3.22509e-05
124 4.05934e-05 4.00053e-05
125 2.76619e-05 2.02899e-05
126 -6.686e-06 -1.65175e-05
127 -4.10543e-05 -4.67744e-05
128 -5.14175e-05 -4.85153e-05
129 -2.74614e-05 -1.68288e-05
130 1.87579e-05 3.08241e-05
131 5.84942e-05 6.39599e-05
132 6.38994e-05 5.82166e-05
133 2.68694e-05 1.24157e-05
134 -3.32989e-05 -4.8021e-05
135 -7.95989e-05 -8.48838e-05
136 -7.96714e-05 -7.08324e-05
137 -2.74742e-05 -8.45287e-06
138 4.98295e-05 6.80404e-05
139 0.00010561 0.000111216
140 0.000101359 8.91667e-05
141 3.20029e-05 7.4287e-06
142 -6.71599e-05 -9.02972e-05
143 -0.000137957 -0.000145077
144 -0.000132782 -0.000117432
145 -4.4996e-05 -1.36867e-05
146 8.24744e-05 0.000112778
147 0.00017755 0.000188466
148 0.000178932 0.000161452
149 7.36988e-05 3.45354e-05
150 -8.97445e-05 -0.000130368
151 -0.000223171 -0.000241784
152 -0.000245224 -0.00022826
153 -0.000128849 -8.14625e-05
154 7.73698e-05 0.000132186
155 0.000268341 0.000300713
156 0.000335028 0.000324045
157 0.000224387 0.000170576
158 -2.54608e-05 -9.81228e-05
159 -0.000296093 -0.000350615
160 -0.000443895 -0.000448678
161 -0.000373958 -0.000320116
162 -9.54451e-05 -3.88501e-06
163 0.000272069 0.000358359
164 0.000548781 0.00058453
165 0.000580507 0.000540992
166 0.000319717 0.000215397
167 -0.000139289 -0.000264313
168 -0.000592374 -0.000678656
169 -0.000814596 -0.000814823
170 -0.000667679 -0.00057084
171 -0.000175759 -1.61626e-05
172 0.000469259 0.000623574
173 0.000980913 0.00105661
174 0.00110219 0.00105408
175 0.000727202 0.000561838
176 -3.4953e-05 -0.000257037
177 -0.000887564 -0.0010735
178 -0.00145963 -0.00152211
179 -0.00146199 -0.001358
180 -0.000821581 -0.000575448
181 0.000265465 0.000565817
182 0.00139039 0.00162427
183 0.00208252 0.00214355
184 0.00199842 0.00183974
185 0.00107519 0.000734235
186 -0.000416758 -0.000825112
187 -0.00194925 -0.00227074
188 -0.00291961 -0.00301708
189 -0.00287775 -0.00268567
190 -0.00171343 -0.00126951
191 0.000269931 0.00082915
192 0.00242939 0.00290978
193 0.00398718 0.00420238
194 0.00430002 0.00413895
195 0.00310123 0.00257413
196 0.000629039 -0.000125335
197 -0.00241015 -0.00316086
198 -0.00504053 -0.00553462
199 -0.00632052 -0.00636565
200 -0.00565683 -0.0051902
201 -0.00302769 -0.00214846
202 0.000960783 0.00200756
203 0.00521164 0.0060968
204 0.00843479 0.00883567
205 0.00952318 0.00921688
206 0.00789883 0.00683042
207 0.00372655 0.00203062
208 -0.0020722 -0.00410536
209 -0.00801715 -0.0100247
210 -0.0124327 -0.0140919
211 -0.0138844 -0.015028
212 -0.0115746 -0.0122797
213 -0.00559318 -0.00622364
214 0.00304669 0.00185442
215 0.0126027 0.0100039
216 0.0209872 0.0160249
217 0.0262531 0.0179592
218 0.0270718 0.0145436
219 0.0230937 0.00552219
220 0.0151077 -0.00825648
221 0.00496423 -0.0249793
222 -0.00472587 -0.0422203
223 -0.0110559 -0.0574326
224 -0.0113575 -0.0684811
225 -0.0036998 -0.0741109
226 0.012741 -0.0742618
227 0.0375097 -0.0701678
228 0.0689256 -0.0642252
229 0.104346 -0.0596531
230 0.14059 -0.0600045
231 0.174441 -0.0686109
232 0.203149 -0.0880479
233 0.224842 -0.119702
234 0.238785 -0.163498
235 0.245463 -0.217821
236 0.246466 -0.279628
237 0.244217 -0.344734
238 0.241584 -0.408212
239 0.24144 -0.464871
240 0.246234 -0.509727
241 0.257633 -0.538446
242 0.27629 -0.547688
243 0.301741 -0.535354
244 0.332466 -0.500713
245 0.366075 -0.444417
246 0.399618 -0.368426
247 0.42994 -0.275845
248 0.454079 -0.170721
249 0.469617 -0.0577903
250 0.474978 0.0577903
251 0.469617 0.170721
252 0.454079 0.275845
253 0.42994 0.368426
254 0.399618 0.444417
255 0.366075 0.500713
256 0.332466 0.535354
257 0.301741 0.547688
258 0.27629 0.538446
259 0.257633 0.509727
260 0.246234 0.464871
261 0.24144 0.408212
262 0.241584 0.344734
263 0.244217 0.279628
264 0.246466 0.217821
265 0.245463 0.163498
266 0.238785 0.119702
267 0.224842 0.0880479
268 0.203149 0.0686109
269 0.174441 0.0600045
270 0.14059 0.0596531
271 0.104346 0.0642252
272 0.0689256 0.0701678
273 0.0375097 0.0742618
274 0.012741 0.0741109
275 -0.0036998 0.0684811
276 -0.0113575 0.0574326
277 -0.0110559 0.0422203
278 -0.00472587 0.0249793
279 0.00496423 0.00825648
280 0.0151077 -0.00552219
281 0.0230937 -0.0145436
282 0.0270718 -0.0179592
283 0.0262531 -0.0160249
284 0.0209872 -0.0100039
285 0.0126027 -0.00185442
286 0.00304669 0.00622364
287 -0.00559318 0.0122797
288 -0.0115746 0.015028
289 -0.0138844 0.0140919
290 -0.0124327 0.0100247
291 -0.00801715 0.00410536
292 -0.0020722 -0.00203062
293 0.00372655 -0.00683042
294 0.00789883 -0.00921688
295 0.00952318 -0.00883567
296 0.00843479 -0.0060968
297 0.00521164 -0.00200756
298 0.000960783 0.00214846
299 -0.00302769 0.0051902
300 -0.00565683 0.00636565
301 -0.00632052 0.00553462
302 -0.00504053 0.00316086
303 -0.00241015 0.000125335
304 0.000629039 -0.00257413
305 0.00310123 -0.00413895
306 0.00430002 -0.00420238
307 0.00398718 -0.00290978
308 0.00242939 -0.00082915
309 0.000269931 0.00126951
310 -0.00171343 0.00268567
311 -0.00287775 0.00301708
312 -0.00291961 0.00227074
313 -0.00194925 0.000825112
314 -0.000416758 -0.000734235
315 0.00107519 -0.00183974
316 0.00199842 -0.00214355
317 0.00208252 -0.00162427
318 0.00139039 -0.000565817
319 0.000265465 0.000575448
320 -0.000821581 0.001358
321 -0.00146199 0.00152211
322 -0.00145963 0.0010735
323 -0.000887564 0.000257037
324 -3.4953e-05 -0.000561838
325 0.000727202 -0.00105408
326 0.00110219 -0.00105661
327 0.000980913 -0.000623574
328 0.000469259 1.61626e-05
329 -0.000175759 0.00057084
330 -0.000667679 0.000814823
331 -0.000814596 0.000678656
332 -0.000592374 0.000264313
333 -0.000139289 -0.000215397
334 0.000319717 -0.000540992
335 0.000580507 -0.00058453
336 0.000548781 -0.000358359
337 0.000272069 3.88501e-06
338 -9.54451e-05 0.000320116
339 -0.000373958 0.000448678
340 -0.000443895 0.000350615
341 -0.000296093 9.81228e-05
342 -2.54608e-05 -0.000170576
343 0.000224387 -0.000324045
344 0.000335028 -0.000300713
345 0.000268341 -0.000132186
346 7.73698e-05 8.14625e-05
347 -0.000128849 0.00022826
348 -0.000245224 0.000241784
349 -0.000223171 0.000130368
350 -8.97445e-05 -3.45354e-05
351 7.36988e-05 -0.000161452
352 0.000178932 -0.000188466
353 0.00017755 -0.000112778
354 8.24744e-05 1.36867e-05
355 -4.4996e-05 0.000117432
356 -0.000132782 0.000145077
357 -0.000137957 9.02972e-05
358 -6.71599e-05 -7.4287e-06
359 3.20029e-05 -8.91667e-05
360 0.000101359 -0.000111216
361 0.00010561 -6.80404e-05
362 4.98295e-05 8.45287e-06
363 -2.74742e-05 7.08324e-05
364 -7.96714e-05 8.48838e-05
365 -7.95989e-05 4.8021e-05
366 -3.32989e-05 -1.24157e-05
367 2.68694e-05 -5.82166e-05
368 6.38994e-05 -6.39599e-05
369 5.84942e-05 -3.08241e-05
370 1.87579e-05 1.68288e-05
371 -2.74614e-05 4.85153e-05
372 -5.14175e-05 4.67744e-05
373 -4.10543e-05 1.65175e-05
374 -6.686e-06 -2.02899e-05
375 2.76619e-05 -4.00053e-05
376 4.05934e-05 -3.22509e-05
377 2.64613e-05 -5.07622e-06
378 -2.69417e-06 2.2036e-05
379 -2.66059e-05 3.17696e-05
380 -3.05722e-05 1.98649e-05
381 -1.43343e-05 -3.47836e-06
382 9.24875e-06 -2.17294e-05
383 2.39346e-05 -2.35027e-05
384 2.10982e-05 -9.5261e-06
385 4.63464e-06 9.09889e-06
386 -1.29279e-05 1.93823e-05
387 -1.96991e-05 1.53659e-05
388 -1.2359e-05 1.41772e-06
389 2.48691e-06 -1.18135e-05
390 1.38411e-05 -1.53396e-05
391 1.43095e-05 -7.84753e-06
392 4.82397e-06 4.19253e-06
393 -6.87379e-06 1.18499e-05
394 -1.23483e-05 1.02517e-05
395 -8.46625e-06 1.59517e-06
396 9.45401e-07 -7.15272e-06
397 8.54863e-06 -9.72723e-06
398 9.10782e-06 -4.98946e-06
399 3.03327e-06 2.78988e-06
400 -4.50884e-06 7.60063e-06
401 -7.85415e-06 6.26586e-06
402 -5.03598e-06 4.77129e-07
403 1.15735e-06 -4.9681e-06
404 5.7466e-06 -6.05784e-06
405 5.49713e-06 -2.47964e-06
406 1.15469e-06 2.53534e-06
407 -3.53609e-06 5.02738e-06
408 -4.98122e-06 3.39235e-06
409 -2.45477e-06 -6.42687e-07
410 1.64955e-06 -3.69808e-06
411 3.98922e-06 -3.5252e-06
412 2.95695e-06 -6.31317e-07
413 -2.54359e-07 2.4085e-06
414 -2.88068e-06 3.19018e-06
415 -2.9242e-06 1.35754e-06
416 -6.4896e-07 -1.33315e-06
417 1.86917e-06 -2.63667e-06
418 2.59088e-06 -1.66828e-06
419 1.14439e-06 5.292e-07
420 -1.05261e-06 2.03414e-06
421 -2.13175e-06 1.70168e-06
422 -1.3427e-06 1.60929e-08
423 4.52335e-07 -1.48063e-06
424 1.65951e-06 -1.57387e-06
425 1.3482e-06 -3.48418e-07
426 -4.73194e-08 1.02105e-06
427 -1.23605e-06 1.36994e-06
428 -1.24413e-06 5.22327e-07
429 -2.01216e-07 -6.66146e-07
430 8.87425e-07 -1.14546e-06
431 1.08958e-06 -5.88054e-07
432 3.3478e-07 4.0777e-07
433 -6.17615e-07 9.3252e-07
434 -9.22351e-07 5.85974e-07
435 -3.89923e-07 -2.29516e-07
436 4.18872e-07 -7.46644e-07
437 7.6395e-07 -5.4562e-07
438 3.95401e-07 1.13165e-07
439 -2.78663e-07 5.92829e-07
440 -6.24674e-07 4.86967e-07
441 -3.72075e-07 -4.20684e-08
442 1.83743e-07 -4.70089e-07
443 5.07785e-07 -4.22538e-07
444 3.34083e-07 2.52894e-09
445 -1.22212e-07 3.74544e-07
446 -4.12579e-07 3.59518e-07
447 -2.90407e-07 1.59744e-08
448 8.43129e-08 -3.01317e-07
449 3.36431e-07 -3.0154e-07
450 2.4635e-07 -2.11235e-08
451 -6.2504e-08 2.45593e-07
452 -2.76045e-07 2.50028e-07
453 -2.04767e-07 1.83096e-08
454 5.12055e-08 -2.03119e-07
455 2.28156e-07 -2.0515e-07
456 1.66971e-07 -1.11946e-08
457 -4.64196e-08 1.70383e-07
458 -1.89868e-07 1.66432e-07
459 -1.33379e-07 2.19904e-09
460 4.53534e-08 -1.44614e-07
461 1.58775e-07 -1.33146e-07
462 1.03931e-07 7.11485e-09
463 -4.60956e-08 1.23705e-07
464 -1.32981e-07 1.04535e-07
465 -7.8358e-08 -1.57603e-08
466 4.73635e-08 -1.061e-07
467 1.11047e-07 -7.99227e-08
468 5.63325e-08 2.31298e-08
469 -4.8316e-08 9.06966e-08
470 -9.1933e-08 5.87647e-08
471 -3.75519e-08 -2.88655e-08
472 4.84246e-08 -7.67526e-08
473 7.49258e-08 -4.06595e-08
474 2.17703e-08 3.27794e-08
475 -4.73869e-08 6.38108e-08
476 -5.95812e-08 2.53332e-08
477 -8.80228e-09 -3.48079e-08
478 4.50732e-08 -5.16398e-08
479 4.56666e-08 -1.26123e-08
480 -1.49094e-09 3.49893e-08
481 -4.14923e-08 4.01836e-08
482 -3.3111e-08 2.38947e-09
483 9.22613e-09 -3.34529e-08
484 3.67704e-08 -2.95175e-08
485 2.1958e-08 5.41325e-09
486 -1.45264e-08 3.0415e-08
487 -3.1134e-08 1.98062e-08
488 -1.23207e-08 -1.08818e-08
489 1.75493e-08 -2.61724e-08
490 2.48926e-08 -1.12614e-08
491 4.33732e-09 1.41429e-08
492 -1.85104e-08 2.1092e-08
493 -1.84152e-08 4.10046e-09
494 1.87238e-09 -1.53905e-08
495 1.76982e-08 -1.55911e-08
496 1.21018e-08 1.49646e-09
497 -6.24593e-09 1.49007e-08
498 -1.54776e-08 1.01086e-08
499 -6.3469e-09 -5.42398e-09
500 8.81034e-09 -1.30335e-08
501 1.22791e-08 -5.06796e-09
502 1.49872e-09 7.68192e-09
503 -9.7026e-09 1.02185e-08
504 -8.57304e-09 8.35335e-10
505 2.18104e-09 -8.39284e-09
506 9.17452e-09 -6.92509e-09
507 4.83161e-09 2.32145e-09
508 -4.55174e-09 7.80234e-09
509 -7.5792e-09 3.61934e-09
510 -1.48228e-09 -4.26633e-09
511 5.6153e-09 -6.2597e-09
512 5.33873e-09 -7.14417e-10
513 -1.13975e-09 5.01311e-09
514 -5.51901e-09 4.17937e-09
515 -2.89624e-09 -1.47848e-09
516 2.83146e-09 -4.72271e-09
517 4.53585e-09 -1.98765e-09
518 6.59172e-10 2.78802e-09
519 -3.54499e-09 3.67656e-09
520 -3.02302e-09 6.29621e-11
521 1.05637e-09 -3.20062e-09
522 3.38687e-09 -2.22837e-09
523 1.36377e-09 1.3191e-09
524 -2.06864e-09 2.85204e-09
525 -2.59047e-09 7.41369e-10
526 9.73567e-11 -2.02387e-09
527 2.35022e-09 -1.99154e-09
528 1.46472e-09 4.76942e-10
529 -1.11263e-09 2.06906e-09
530 -2.01852e-09 9.24069e-10
531 -3.28209e-10 -1.22845e-09
532 1.56937e-09 -1.60515e-09
533 1.29687e-09 5.79596e-11
534 -5.57201e-10 1.45337e-09
535 -1.49809e-09 8.67542e-10
536 -4.5369e-10 -7.37354e-10
537 1.0374e-09 -1.22648e-09
538 1.04768e-09 -1.11383e-10
539 -2.65597e-10 1.01365e-09
540 -1.08849e-09 7.20992e-10
541 -4.33127e-10 -4.54328e-10
542 6.96629e-10 -9.12247e-10
543 8.04574e-10 -1.49667e-10
544 -1.30017e-10 7.15405e-10
545 -7.88069e-10 5.5891e-10
546 -3.54578e-10 -3.00039e-10
547 4.85716e-10 -6.70252e-10
548 5.98842e-10 -1.27905e-10
549 -7.8454e-11 5.1718e-10
550 -5.74256e-10 4.12341e-10
551 -2.6263e-10 -2.19291e-10
552 3.56093e-10 -4.8945e-10
553 4.35158e-10 -8.4619e-11
554 -6.74573e-11 3.84316e-10
555 -4.22224e-10 2.90478e-10
556 -1.77067e-10 -1.77245e-10
557 2.74167e-10 -3.54744e-10
558 3.0807e-10 -3.8955e-11
559 -7.26473e-11 2.91898e-10
560 -3.11712e-10 1.93191e-10
561 -1.05112e-10 -1.53321e-10
562 2.18529e-10 -2.52933e-10
563 2.09956e-10 4.25117e-13
564 -8.11477e-11 2.23579e-10
565 -2.28338e-10 1.17376e-10
566 -4.83696e-11 -1.36028e-10
567 1.76383e-10 -1.74358e-10
568 1.34214e-10 3.01077e-11
569 -8.66064e-11 1.69424e-10
570 -1.62859e-10 5.97183e-11
571 -6.31373e-12 -1.19415e-10
572 1.40644e-10 -1.12756e-10
573 7.61161e-11 4.91911e-11
574 -8.63032e-11 1.23974e-10
575 -1.09922e-10 1.75796e-11
576 2.22264e-11 -1.00908e-10
577 1.07932e-10 -6.45124e-11
578 3.26541e-11 5.80363e-11
579 -7.96288e-11 8.47623e-11
580 -6.6876e-11 -1.09859e-11
581 3.86255e-11 -8.00587e-11
582 7.72603e-11 -2.77961e-11
583 1.99279e-12 5.77979e-11
584 -6.73262e-11 5.12366e-11
585 -3.27729e-11 -2.75817e-11
586 4.44919e-11 -5.78104e-11
587 4.9146e-11 -1.733e-12
588 -1.71672e-11 5.0298e-11
589 -5.10952e-11 2.39002e-11
590 -7.50662e-12 -3.38904e-11
591 4.18372e-11 -3.59606e-11
592 2.49153e-11 1.43142e-11
593 -2.61608e-11 3.7947e-11
594 -3.32708e-11 3.59094e-12
595 8.9103e-12 -3.20055e-11
596 3.31724e-11 -1.66551e-11
597 6.06725e-12 2.13215e-11
598 -2.67827e-11 2.3556e-11
599 -1.64379e-11 -9.15439e-12
600 1.69235e-11 -2.455e-11
601 2.14115e-11 -1.84189e-12
602 -6.31396e-12 2.09563e-11
603 -2.14489e-11 9.96637e-12
604 -2.93382e-12 -1.45876e-11
605 1.78005e-11 -1.45158e-11
606 9.54045e-12 7.26051e-12
607 -1.20399e-11 1.56224e-11
608 -1.30514e-11 -4.59357e-13
609 5.67653e-12 -1.39812e-11
610 1.36754e-11 -4.83367e-12
611 9.44975e-14 1.05621e-11
612 -1.20523e-11 8.1611e-12
613 -4.50939e-12 -6.35812e-12
614 9.01205e-12 -9.51279e-12
615 7.23574e-12 2.21131e-12
616 -5.38046e-12 9.19399e-12
617 -8.30133e-12 1.27956e-12
618 1.84377e-12 -7.68141e-12
619 7.97879e-12 -3.78347e-12
620 1.11739e-12 5.49671e-12
621 -6.6727e-12 5.20657e-12
622 -3.2414e-12 -3.11285e-12
623 4.81444e-12 -5.63692e-12
624 4.46016e-12 8.97405e-13
625 -2.7936e-12 5.27575e-12
626 -4.85003e-12 9.08169e-13
627 9.10222e-13 -4.37491e-12
628 4.57828e-12 -2.18543e-12
629 6.3792e-13 3.18449e-12
630 -3.8486e-12 2.91837e-12
631 -1.75177e-12 -1.92183e-12
632 2.86838e-12 -3.16273e-12
633 2.41578e-12 7.50503e-13
634 -1.81394e-12 3.01922e-12
635 -2.67266e-12 2.22408e-13
636 8.22029e-13 -2.60564e-12
637 2.60101e-12 -9.44822e-13
638 1.71113e-14 2.03564e-12
639 -2.29521e-12 1.40706e-12
640 -6.57547e-13 -1.40989e-12
641 1.84797e-12 -1.63054e-12
642 1.08669e-12 8.04667e-13
643 -1.34107e-12 1.65783e-12
644 -1.3184e-12 -2.72759e-13
645 8.37706e-13 -1.53744e-12
646 1.38466e-12 -1.56257e-13
647 -3.84443e-13 1.31992e-12
648 -1.32228e-12 4.71063e-13
649 7.95381e-15 -1.05035e-12
650 1.1714e-12 -6.74816e-13
651 2.7991e-13 7.65547e-13
652 -9.689e-13 7.79957e-13
653 -4.78369e-13 -4.92505e-13
654 7.44339e-13 -8.05055e-13
655 5.96075e-13 2.50556e-13
656 -5.21567e-13 7.68937e-13
657 -6.45356e-13 -4.97186e-14
658 3.17822e-13 -6.90901e-13
659 6.40368e-13 -1.06666e-13
660 -1.42214e-13 5.88403e-13
661 -5.97062e-13 2.18514e-13
662 3.82525e-16 -4.74797e-13
663 5.28332e-13 -2.90658e-13
664 1.07393e-13 3.61481e-13
665 -4.45532e-13 3.28919e-13
666 -1.83331e-13 -2.55489e-13
667 3.58491e-13 -3.40542e-13
668 2.31209e-13 1.6141e-13
669 -2.73911e-13 3.31378e-13
670 -2.55313e-13 -8.20675e-14
671 1.95866e-13 -3.07779e-13
672 2.61032e-13 1.80931e-14
673 -1.2713e-13 2.75812e-13
674 -2.53031e-13 3.10509e-14
675 6.98859e-14 -2.38712e-13
676 2.35325e-13 -6.64785e-14
677 -2.30051e-14 2.00264e-13
678 -2.11682e-13 9.14749e-14
679 -1.34691e-14 -1.63323e-13
680 1.85599e-13 -1.0541e-13
681 4.00608e-14 1.28929e-13
682 -1.58491e-13 1.1205e-13
683 -5.77801e-14 -9.76506e-14
684 1.31452e-13 -1.13162e-13
685 6.97958e-14 7.09536e-14
686 -1.06852e-13 1.09358e-13
687 -7.58996e-14 -4.82567e-14
688 8.4766e-14 -1.0313e-13
689 7.85737e-14 3.02258e-14
690 -6.55496e-14 9.47759e-14
691 -7.7267e-14 -1.47324e-14
692 4.85486e-14 -8.57498e-14
693 7.397e-14 3.98541e-15
694 -3.49533e-14 7.63432e-14
695 -6.92545e-14 4.61656e-15
696 2.33505e-14 -6.71352e-14
697 6.35752e-14 -1.11773e-14
698 -1.41486e-14 5.82139e-14
699 -5.7931e-14 1.50475e-14
700 7.28386e-15 -5.01956e-14
701 5.18624e-14 -1.78816e-14
702 -1.68686e-15 4.26253e-14
703 -4.60311e-14 1.96222e-14
704 -2.07279e-15 -3.64296e-14
705 4.09473e-14 -2.03914e-14
706 4.71807e-15 3.0371e-14
707 -3.53079e-14 2.0187e-14
708 -6.70827e-15 -2.56347e-14
709 3.12196e-14 -1.95603e-14
710 8.01198e-15 2.15322e-14
711 -2.72683e-14 1.86076e-14
712 -8.60171e-15 -1.80962e-14
713 2.31303e-14 -1.72772e-14
714 8.65272e-15 1.49064e-14
715 -2.0348e-14 1.63559e-14
716 -8.3836e-15 -1.28109e-14
717 1.7591e-14 -1.47215e-14
718 8.07398e-15 1.03858e-14
719 -1.47739e-14 1.36914e-14
720 -7.61514e-15 -8.80444e-15
721 1.29905e-14 -1.26104e-14
722 7.24433e-15 7.49084e-15
723 -1.12727e-14 1.1365e-14
724 -6.46515e-15 -6.38406e-15
725 9.59189e-15 -1.03086e-14
726 6.09291e-15 5.84595e-15
727 -8.33094e-15 9.36645e-15
728 -5.52576e-15 -4.84241e-15
729 6.90452e-15 -8.39939e-15
730 4.79546e-15 4.18689e-15
731 -6.31872e-15 7.63604e-15
732 -3.98485e-15 -3.46856e-15
733 5.11567e-15 -7.02354e-15
734 3.8225e-15 3.69725e-15
735 -4.41579e-15 6.53539e-15
736 -3.39102e-15 -3.44905e-15
737 3.55363e-15 -6.1167e-15
738 3.19424e-15 3.35133e-15
739 -3.07486e-15 5.47361e-15
740 -2.30873e-15 -3.14499e-15
741 2.13998e-15 -4.53044e-15
742 2.0653e-15 2.84767e-15
743 -1.54419e-15 4.49352e-15
744 -2.06822e-15 -2.88136e-15
745 9.38462e-16 -4.42503e-15
746 2.14119e-15 3.48994e-15
747 -6.00758e-16 3.91183e-15
748 -1.59048e-15 -3.36995e-15
749 -8.46197e-18 -3.9171e-15
750 1.89281e-15 3.34327e-15
751 5.78664e-16 3.5568e-15
752 -1.89344e-15 -4.24106e-15
753 -4.29594e-16 -3.40229e-15
754 1.9135e-15 4.17884e-15
755 1.20837e-15 3.4683e-15
756 -2.16994e-15 -4.59561e-15
757 -2.03634e-15 -2.93898e-15
758 2.13304e-15 4.76615e-15
759 2.56132e-15 3.11355e-15
760 -2.51873e-15 -5.36324e-15
761 -3.09574e-15 -3.37794e-15
762 2.73794e-15 5.48336e-15
763 3.65114e-15 3.55781e-15
764 -3.23398e-15 -6.60348e-15
765 -4.24212e-15 -3.5077e-15
766 3.53831e-15 6.86198e-15
767 5.21812e-15 3.95652e-15
768 -4.39823e-15 -7.9689e-15
769 -6.18699e-15 -4.41616e-15
770 4.79002e-15 8.21704e-15
771 7.19226e-15 4.94434e-15
772 -5.64496e-15 -9.53713e-15
773 -8.09598e-15 -5.66326e-15
774 5.96507e-15 1.07945e-14
775 8.98761e-15 5.96451e-15
776 -6.31682e-15 -1.10834e-14
777 -1.11069e-14 -7.33094e-15
778 7.0854e-15 1.26041e-14
779 1.30772e-14 8.94811e-15
780 -7.75399e-15 -1.35243e-14
781 -1.50283e-14 -1.05065e-14
782 8.11906e-15 1.51885e-14
783 1.72912e-14 1.24399e-14
784 -8.57169e-15 -1.63909e-14
785 -2.03043e-14 -1.48718e-14
786 9.03212e-15 1.76226e-14
787 2.3433e-14 1.77956e-14
788 -8.53513e-15 -1.87343e-14
789 -2.70112e-14 -2.12408e-14
790 7.76757e-15 1.96876e-14
791 3.09042e-14 2.51679e-14
792 -6.58733e-15 -1.98042e-14
793 -3.55502e-14 -3.06153e-14
794 4.95017e-15 1.99624e-14
795 4.06967e-14 3.59996e-14
796 -1.80427e-15 -1.94905e-14
797 -4.6109e-14 -4.23934e-14
798 -2.29144e-15 1.76893e-14
799 5.20116e-14 4.9855e-14
800 7.19749e-15 -1.53299e-14
801 -5.78186e-14 -5.79706e-14
802 -1.43798e-14 1.11308e-14
803 6.34613e-14 6.68875e-14
804 2.34878e-14 -4.68118e-15
805 -6.9313e-14 -7.65025e-14
806 -3.46315e-14 -3.98635e-15
807 7.39418e-14 8.6027e-14
808 4.84466e-14 1.52141e-14
809 -7.69513e-14 -9.50912e-14
810 -6.55186e-14 -2.98506e-14
811 7.81556e-14 1.02955e-13
812 8.50896e-14 4.8632e-14
813 -7.63916e-14 -1.09423e-13
814 -1.06782e-13 -7.10155e-14
815 6.98653e-14 1.12952e-13
816 1.31729e-13 9.8208e-14
817 -5.86042e-14 -1.12383e-13
818 -1.58378e-13 -1.28563e-13
819 3.97101e-14 1.05422e-13
820 1.85475e-13 1.63081e-13
821 -1.30009e-14 -9.09193e-14
822 -2.12091e-13 -2.00523e-13
823 -2.3404e-14 6.68105e-14
824 2.34931e-13 2.38892e-13
825 6.97819e-14 -3.0998e-14
826 -2.5301e-13 -2.75813e-13
827 -1.27196e-13 -1.82545e-14
828 2.61018e-13 3.08056e-13
829 1.95905e-13 8.2038e-14
830 -2.55297e-13 -3.31349e-13
831 -2.74123e-13 -1.61541e-13
832 2.30924e-13 3.40247e-13
833 3.58679e-13 2.55764e-13
834 -1.83356e-13 -3.28919e-13
835 -4.45867e-13 -3.61717e-13
836 1.07919e-13 2.90811e-13
837 5.28024e-13 4.75093e-13
838 2.2651e-16 -2.18552e-13
839 -5.97045e-13 -5.88489e-13
840 -1.42147e-13 1.06378e-13
841 6.40418e-13 6.91004e-13
842 3.17859e-13 4.95514e-14
843 -6.45346e-13 -7.68816e-13
844 -5.21642e-13 -2.5059e-13
845 5.96291e-13 8.04967e-13
846 7.44225e-13 4.92266e-13
847 -4.78631e-13 -7.80261e-13
848 -9.68645e-13 -7.65369e-13
849 2.80041e-13 6.74813e-13
850 1.17182e-12 1.05045e-12
851 7.36549e-15 -4.71463e-13
852 -1.32242e-12 -1.32014e-12
853 -3.84426e-13 1.56351e-13
854 1.38481e-12 1.53748e-12
855 8.37753e-13 2.72542e-13
856 -1.3186e-12 -1.65795e-12
857 -1.34069e-12 -8.04677e-13
858 1.08642e-12 1.63103e-12
859 1.84788e-12 1.40978e-12
860 -6.57322e-13 -1.40699e-12
861 -2.29474e-12 -2.0354e-12
862 1.69933e-14 9.44739e-13
863 2.60091e-12 2.60536e-12
864 8.22386e-13 -2.22082e-13
865 -2.67256e-12 -3.01954e-12
866 -1.81367e-12 -7.50679e-13
867 2.41532e-12 3.16291e-12
868 2.86793e-12 1.92153e-12
869 -1.75154e-12 -2.91809e-12
870 -3.8486e-12 -3.1844e-12
871 6.3757e-13 2.18515e-12
872 4.57827e-12 4.37474e-12
873 9.0998e-13 -9.08154e-13
874 -4.85078e-12 -5.27631e-12
875 -2.79331e-12 -8.97512e-13
876 4.46054e-12 5.63691e-12
877 4.81412e-12 3.11276e-12
878 -3.24096e-12 -5.20627e-12
879 -6.67246e-12 -5.49671e-12
880 1.11687e-12 3.78317e-12
881 7.97918e-12 7.68189e-12
882 1.84372e-12 -1.27998e-12
883 -8.30091e-12 -9.19433e-12
884 -5.38068e-12 -2.21109e-12
885 7.23577e-12 9.51287e-12
886 9.01225e-12 6.35789e-12
887 -4.50941e-12 -8.16108e-12
888 -1.20523e-11 -1.0562e-11
889 9.43788e-14 4.83362e-12
890 1.36755e-11 1.39811e-11
891 5.67653e-12 4.59439e-13
892 -1.30513e-11 -1.56219e-11
893 -1.20397e-11 -7.26092e-12
894 9.54036e-12 1.45158e-11
895 1.78007e-11 1.45874e-11
896 -2.93359e-12 -9.96673e-12
897 -2.1449e-11 -2.09561e-11
898 -6.31395e-12 1.84197e-12
899 2.14117e-11 2.45501e-11
900 1.69231e-11 9.15413e-12
901 -1.64377e-11 -2.35562e-11
902 -2.67818e-11 -2.13206e-11
903 6.06712e-12 1.66546e-11
904 3.31723e-11 3.20051e-11
905 8.91049e-12 -3.59096e-12
906 -3.32711e-11 -3.79471e-11
907 -2.61605e-11 -1.43138e-11
908 2.49151e-11 3.59608e-11
909 4.18372e-11 3.38902e-11
910 -7.50625e-12 -2.39001e-11
911 -5.10948e-11 -5.02978e-11
912 -1.71671e-11 1.73259e-12
913 4.91461e-11 5.78103e-11
914 4.44922e-11 2.75819e-11
915 -3.27728e-11 -5.12365e-11
916 -6.73261e-11 -5.77979e-11
917 1.99244e-12 2.77957e-11
918 7.72603e-11 8.00586e-11
919 3.86253e-11 1.09856e-11
920 -6.68763e-11 -8.47622e-11
921 -7.9629e-11 -5.80361e-11
922 3.26547e-11 6.45123e-11
923 1.07932e-10 1.00908e-10
924 2.22259e-11 -1.758e-11
925 -1.09921e-10 -1.23973e-10
926 -8.63034e-11 -4.91911e-11
927 7.61158e-11 1.12755e-10
928 1.40645e-10 1.19415e-10
929 -6.31398e-12 -5.97183e-11
930 -1.62859e-10 -1.69424e-10
931 -8.66058e-11 -3.01076e-11
932 1.34213e-10 1.74357e-10
933 1.76383e-10 1.36028e-10
934 -4.83694e-11 -1.17376e-10
935 -2.28338e-10 -2.23579e-10
936 -8.11479e-11 -4.25358e-13
937 2.09957e-10 2.52933e-10
938 2.18528e-10 1.53321e-10
939 -1.05112e-10 -1.9319e-10
940 -3.11712e-10 -2.91898e-10
941 -7.26478e-11 3.89545e-11
942 3.08071e-10 3.54744e-10
943 2.74167e-10 1.77245e-10
944 -1.77067e-10 -2.90478e-10
945 -4.22224e-10 -3.84316e-10
946 -6.74569e-11 8.46191e-11
947 4.35158e-10 4.8945e-10
948 3.56093e-10 2.19291e-10
949 -2.62629e-10 -4.12341e-10
950 -5.74256e-10 -5.17179e-10
951 -7.84543e-11 1.27905e-10
952 5.98842e-10 6.70251e-10
953 4.85715e-10 3.00039e-10
954 -3.54578e-10 -5.5891e-10
955 -7.88068e-10 -7.15405e-10
956 -1.30018e-10 1.49667e-10
957 8.04574e-10 9.12247e-10
958 6.96629e-10 4.54328e-10
959 -4.33127e-10 -7.20992e-10
960 -1.08849e-09 -1.01365e-09
961 -2.65597e-10 1.11383e-10
962 1.04768e-09 1.22648e-09
963 1.0374e-09 7.37355e-10
964 -4.5369e-10 -8.67543e-10
965 -1.49809e-09 -1.45337e-09
966 -5.57201e-10 -5.79598e-11
967 1.29687e-09 1.60515e-09
968 1.56937e-09 1.22845e-09
969 -3.28209e-10 -9.24069e-10
970 -2.01853e-09 -2.06906e-09
971 -1.11263e-09 -4.76942e-10
972 1.46472e-09 1.99154e-09
973 2.35022e-09 2.02387e-09
974 9.73567e-11 -7.41369e-10
975 -2.59046e-09 -2.85204e-09
976 -2.06864e-09 -1.3191e-09
977 1.36377e-09 2.22837e-09
978 3.38687e-09 3.20062e-09
979 1.05637e-09 -6.29621e-11
980 -3.02302e-09 -3.67656e-09
981 -3.54499e-09 -2.78802e-09
982 6.59172e-10 1.98765e-09
983 4.53585e-09 4.72271e-09
984 2.83146e-09 1.47848e-09
985 -2.89624e-09 -4.17937e-09
986 -5.51901e-09 -5.01311e-09
987 -1.13975e-09 7.14417e-10
988 5.33873e-09 6.2597e-09
989 5.6153e-09 4.26633e-09
990 -1.48228e-09 -3.61934e-09
991 -7.5792e-09 -7.80234e-09
992 -4.55174e-09 -2.32145e-09
993 4.83161e-09 6.92509e-09
994 9.17452e-09 8.39284e-09
995 2.18104e-09 -8.35335e-10
996 -8.57304e-09 -1.02185e-08
997 -9.7026e-09 -7.68192e-09
998 1.49872e-09 5.06796e-09
999 1.22791e-08 1.30335e-08
