0 -1.13872e-14 1.22667e-14
1 -8.39667e-15 -2.95957e-15
2 5.53206e-15 -5.90665e-15
3 4.14324e-15 1.68837e-15
4 -2.84564e-15 2.82675e-15
5 -1.99257e-15 -1.03172e-15
6 1.64151e-15 -1.35586e-15
7 8.29877e-16 7.5516e-16
8 -9.01387e-16 3.95682e-16
9 -1.51267e-16 -3.66973e-16
10 1.50704e-16 -1.39758e-16
11 1.50195e-16 1.58181e-16
12 -1.58794e-16 8.78574e-17
13 -1.67255e-16 -4.49474e-18
14 1.50723e-16 -9.56491e-17
15 1.13799e-17 -1.13338e-17
16 -1.64486e-17 2.86467e-17
17 2.39053e-17 6.49367e-17
18 7.62582e-17 6.05373e-17
19 -4.19225e-17 1.17208e-16
20 -2.19812e-16 -5.25273e-17
21 1.63043e-16 -6.70982e-19
22 -4.40136e-17 1.3334e-16
23 -1.23845e-16 -1.00145e-16
24 5.34922e-17 -7.02166e-17
25 -3.28753e-17 -8.06138e-17
26 1.12607e-16 1.49125e-16
27 -6.284e-17 -7.62915e-17
28 7.48998e-17 -9.69199e-17
29 1.32566e-16 1.51889e-16
30 -1.52941e-16 -2.94926e-17
31 6.1787e-17 -7.78103e-17
32 4.26248e-17 5.47264e-18
33 -1.80236e-16 -4.75249e-17
34 3.56757e-17 -1.47017e-16
35 5.7077e-17 3.59862e-17
36 -1.17336e-16 -6.09563e-17
37 1.41289e-16 2.7448e-17
38 -4.9656e-17 1.20602e-16
39 -1.81839e-16 -1.73383e-16
40 3.11604e-16 3.46831e-17
41 -2.06128e-17 3.81944e-17
42 2.74215e-17 5.94665e-17
43 9.56561e-17 2.63218e-17
44 -5.78395e-17 2.97509e-17
45 -5.5949e-17 6.11107e-17
46 1.50877e-16 -1.10399e-16
47 4.48073e-17 1.00056e-16
48 -1.16934e-16 -1.6368e-16
49 1.06493e-16 3.89935e-17
50 -1.50086e-18 1.86629e-16
51 -1.14133e-16 -6.74186e-17
52 6.61537e-17 -3.0072e-17
53 9.65862e-18 1.07518e-16
54 -6.1909e-17 2.03058e-17
55 -9.53686e-18 4.57332e-17
56 7.94485e-17 -2.82999e-17
57 -5.26419e-18 -1.83108e-16
58 3.05594e-17 1.35493e-16
59 -7.89529e-17 3.1802e-17
60 3.86621e-17 8.63612e-18
61 -1.54971e-16 -2.00633e-17
62 4.77811e-17 -4.94262e-17
63 -1.11245e-16 -1.44588e-16
64 9.0624e-17 5.51382e-18
65 -1.90913e-17 -1.99751e-17
66 -4.26092e-17 -9.59611e-17
67 1.85919e-16 1.11198e-16
68 9.62385e-18 4.20445e-17
69 -2.54929e-16 -2.21211e-17
70 1.2527e-16 -1.38593e-17
71 -9.30105e-18 6.09495e-17
72 4.71961e-17 2.07777e-17
73 -4.92534e-17 -1.78435e-17
74 -2.70467e-17 -2.59302e-17
75 -5.49865e-18 -3.64774e-17
76 1.09535e-16 9.74732e-17
77 -5.54354e-17 5.64625e-17
78 1.24739e-16 -4.89686e-17
79 -3.42437e-17 1.08043e-16
80 1.12924e-17 -2.79118e-18
81 3.49214e-17 -5.72053e-18
82 2.44751e-17 -1.01781e-16
83 -5.98207e-17 8.24741e-17
84 7.19276e-18 1.67486e-16
85 -1.70756e-16 3.46529e-17
86 -7.91754e-17 -2.94395e-17
87 1.40832e-16 -4.70939e-17
88 -4.72035e-17 1.0202e-16
89 -1.20427e-16 -2.83188e-16
90 1.44901e-16 1.57758e-16
91 -1.74969e-16 -1.16597e-16
92 -4.29506e-17 -6.46546e-17
93 4.41188e-17 7.57424e-17
94 2.68978e-17 -2.21801e-16
95 1.16623e-16 -2.30384e-17
96 2.14521e-17 1.41362e-16
97 -1.10433e-16 -2.33486e-16
98 5.56232e-18 -4.05217e-17
99 -6.68043e-18 -6.17435e-17
100 -4.6502e-17 -6.97236e-17
101 4.30278e-17 -1.29816e-16
102 -6.40872e-17 7.81144e-18
103 1.98928e-17 8.53735e-17
104 -1.48324e-16 -1.33486e-17
105 -1.11128e-17 -3.32225e-17
106 -1.08458e-17 -3.75421e-20
107 -7.55418e-17 5.49359e-17
108 1.10364e-16 -1.40882e-17
109 -2.7806e-17 -1.76388e-17
110 3.46191e-17 -1.12377e-16
111 7.89435e-17 9.46461e-17
112 7.37968e-17 7.02937e-18
113 -8.44839e-17 -4.98952e-17
114 -7.06978e-17 1.12876e-17
115 9.29211e-17 -5.91104e-17
116 7.24504e-17 8.03039e-17
117 8.64716e-17 -5.00881e-18
118 3.18958e-17 -3.15596e-17
119 -5.66931e-17 1.11688e-16
120 -1.25507e-16 -8.13143e-17
121 -8.29274e-18 7.2793e-17
122 -9.42935e-17 -1.0342e-16
123 -1.42748e-16 -2.91473e-17
124 -4.27005e-18 1.84651e-16
125 -2.30725e-16 -4.51194e-17
126 2.82264e-17 -7.78497e-17
127 -4.20677e-17 6.5149e-17
128 -1.35043e-16 -7.52542e-17
129 6.16319e-17 -8.54135e-18
130 -9.13063e-17 -5.04188e-18
131 1.17491e-16 5.42599e-18
132 -1.7175e-16 -7.75963e-17
133 -2.20338e-17 -5.77788e-17
134 1.39033e-16 2.11701e-17
135 -1.03182e-16 -6.19252e-17
136 -6.72746e-17 7.29294e-19
137 -1.09566e-16 -1.24552e-16
138 7.72151e-17 5.60648e-17
139 7.54414e-17 -7.75985e-17
140 1.03536e-16 -7.8961e-18
141 -3.57252e-17 1.03197e-16
142 -1.08819e-16 1.15866e-17
143 -2.92424e-17 9.53823e-18
144 1.46656e-17 -1.69126e-16
145 8.40884e-17 6.17603e-17
146 8.9937e-18 -3.65359e-17
147 6.55507e-18 1.5031e-16
148 -3.74904e-17 -8.2965e-17
149 1.52452e-16 1.03087e-16
150 -1.82206e-16 -1.81457e-16
151 1.63584e-16 1.50002e-17
152 -1.53114e-16 -5.53505e-17
153 -5.86506e-17 -7.03526e-18
154 -4.43498e-17 7.49819e-17
155 -1.07724e-16 -1.66346e-17
156 1.19983e-16 3.27419e-17
157 -1.55571e-16 -1.37391e-16
158 -5.13814e-17 -1.18827e-17
159 -1.26662e-16 -1.68401e-16
160 9.76207e-17 4.27254e-17
161 -9.50033e-17 7.07971e-17
162 4.51779e-17 -5.25551e-17
163 1.5341e-16 5.36701e-17
164 -3.79247e-17 2.02835e-18
165 1.31599e-16 -2.89068e-17
166 -9.1449e-17 -5.08623e-17
167 1.36293e-17 3.68134e-17
168 -8.62427e-17 -4.47384e-17
169 3.84485e-17 -8.32995e-17
170 5.98412e-17 7.656e-17
171 -4.03505e-17 -6.70598e-17
172 2.38627e-17 8.68006e-17
173 -8.48541e-17 5.98213e-18
174 -3.80418e-17 -2.04024e-16
175 -6.26432e-17 1.45187e-16
176 -8.2173e-17 -1.93191e-17
177 -8.27702e-17 -2.65033e-17
178 -2.75764e-17 -8.07912e-17
179 1.94418e-17 1.87477e-17
180 2.96346e-18 -6.16264e-17
181 3.70348e-18 -1.01929e-16
182 1.03806e-16 7.85103e-18
183 2.36728e-17 -1.84716e-16
184 -8.60572e-17 6.0415e-17
185 8.20911e-18 9.18558e-17
186 9.11335e-17 5.79453e-17
187 -1.12546e-17 2.53337e-17
188 -1.57384e-17 -5.1963e-17
189 -2.2213e-17 -1.44759e-16
190 6.35539e-17 1.55771e-16
191 -6.14917e-17 9.37816e-17
192 -7.22742e-17 6.31551e-17
193 -6.38e-18 7.82315e-17
194 -3.55121e-17 -1.07923e-16
195 -2.37494e-17 -4.93317e-17
196 1.63905e-17 1.13057e-16
197 1.62241e-17 -1.80322e-16
198 5.88917e-17 -8.98527e-17
199 1.22192e-16 1.20292e-16
200 -5.39744e-18 5.09057e-17
201 2.03256e-17 -1.08032e-17
202 -1.86171e-16 -1.26935e-16
203 7.2454e-17 2.41609e-19
204 -6.52267e-17 -1.43902e-16
205 6.35503e-17 -5.03541e-17
206 3.92859e-17 -3.89979e-17
207 3.69194e-17 4.70894e-17
208 -4.49753e-17 1.6121e-17
209 3.15242e-17 -2.40085e-17
210 5.27162e-17 -1.15886e-17
211 1.0227e-16 2.05286e-16
212 1.06959e-16 1.09921e-16
213 -1.2009e-16 -4.39215e-17
214 -2.7157e-18 -5.68128e-17
215 3.80101e-17 3.66833e-17
216 1.41649e-17 -1.43474e-16
217 -2.21975e-17 -3.95255e-17
218 -4.72216e-17 -6.32541e-17
219 -1.22157e-17 1.37687e-17
220 -2.39211e-17 -1.1345e-16
221 -6.42317e-17 3.19538e-17
222 4.11171e-17 -2.74296e-17
223 -5.25803e-17 -1.2354e-16
224 3.87951e-17 1.53004e-16
225 -1.06084e-16 7.94714e-17
226 -1.37935e-16 4.96798e-17
227 -7.30351e-17 3.32078e-17
228 3.60314e-18 -8.38154e-18
229 -1.19235e-16 -2.42149e-17
230 -3.06187e-17 -9.71315e-18
231 3.08885e-17 -9.4241e-17
232 1.70348e-16 -1.11539e-16
233 1.36895e-16 6.6229e-18
234 1.13136e-16 4.71559e-17
235 -5.86121e-17 -3.79026e-17
236 1.30554e-16 1.06862e-16
237 -1.234e-16 4.63454e-17
238 5.88434e-17 -9.27303e-17
239 -2.44642e-17 1.56328e-17
240 -4.19211e-17 5.94184e-19
241 -3.36494e-17 1.64914e-16
242 3.08752e-18 -4.57286e-17
243 -2.83525e-17 3.63321e-17
244 -1.04835e-16 -4.59905e-17
245 2.2933e-17 1.4397e-17
246 -7.4454e-18 3.17475e-17
247 9.61803e-17 9.43834e-17
248 -1.47378e-17 2.3015e-17
249 -3.47375e-17 -8.60554e-17
250 2.82143e-17 -8.06178e-17
251 1.64076e-16 1.18271e-17
252 4.12418e-17 8.25166e-17
253 3.83621e-17 -7.8124e-17
254 -3.39728e-17 2.43913e-17
255 -3.90029e-17 4.12556e-17
256 1.1612e-17 7.43334e-17
257 2.67203e-17 1.85239e-18
258 -9.10778e-17 -2.94461e-17
259 1.10049e-16 -6.95305e-18
260 -9.65661e-18 3.61521e-17
261 -1.57629e-17 1.58805e-16
262 -1.43027e-17 2.76505e-18
263 6.52369e-17 7.92767e-17
264 -6.11237e-17 -6.75278e-18
265 1.55846e-17 -2.83182e-17
266 -5.44407e-17 -1.70808e-17
267 2.33468e-17 4.50664e-17
268 -1.22255e-16 -1.53204e-16
269 3.55477e-17 7.1955e-17
270 3.65186e-17 -8.92052e-17
271 -1.17346e-16 -1.44428e-16
272 3.23333e-17 1.16706e-16
273 6.04541e-17 1.12297e-16
274 -1.93347e-16 -8.43329e-17
275 3.32481e-17 3.33429e-18
276 2.12742e-17 -6.61865e-17
277 -8.96829e-17 3.99639e-17
278 -1.13858e-16 -9.07311e-17
279 1.12074e-16 8.42278e-17
280 1.1314e-16 9.10706e-17
281 -1.00339e-16 -8.94881e-17
282 4.94267e-17 7.83162e-17
283 -1.53031e-16 -1.3382e-17
284 -1.20064e-16 6.84751e-17
285 -4.07107e-17 7.43731e-18
286 -1.10978e-17 8.28061e-17
287 -1.91808e-18 -7.90881e-18
288 -1.98208e-17 2.55219e-17
289 3.63794e-17 1.13707e-16
290 -1.3499e-16 -7.51191e-17
291 9.27482e-17 1.88968e-17
292 1.50967e-17 -5.62011e-17
293 2.40259e-17 6.14148e-17
294 -6.45355e-17 -1.07964e-16
295 1.08772e-16 -4.84504e-17
296 7.27585e-17 -1.087e-16
297 -6.35925e-17 4.77114e-17
298 -6.07335e-18 -1.91303e-16
299 6.74731e-17 -2.82827e-18
300 1.1865e-16 -5.13533e-17
301 8.69101e-18 -6.14622e-17
302 1.17327e-16 1.58129e-17
303 -1.07844e-16 4.82489e-17
304 -5.1312e-18 5.2989e-18
305 -8.46548e-17 -3.07628e-17
306 9.33985e-17 2.9494e-17
307 8.00748e-17 2.75458e-17
308 1.00283e-18 -3.42475e-17
309 1.21546e-16 7.95091e-17
310 6.32039e-17 7.90991e-17
311 3.19236e-17 5.43619e-17
312 4.57328e-17 -1.78685e-17
313 -1.50379e-17 -1.20777e-17
314 5.22216e-17 3.672e-17
315 -1.16585e-16 9.87504e-18
316 -3.68912e-17 6.43969e-17
317 -5.16596e-17 -5.13243e-17
318 1.80764e-17 1.06417e-16
319 -4.8424e-17 -1.00473e-16
320 5.78252e-17 -8.02403e-17
321 8.33998e-18 -7.24637e-17
322 3.94923e-17 -1.42359e-18
323 1.45704e-17 -2.24663e-16
324 5.24762e-17 1.97376e-16
325 -7.84555e-17 -1.28847e-16
326 -5.24294e-17 1.0349e-16
327 -5.86024e-17 -1.92832e-16
328 1.48798e-17 7.16852e-17
329 -7.94368e-17 -7.45524e-17
330 2.07015e-17 8.51276e-17
331 3.66338e-17 -6.38525e-17
332 -1.95307e-16 -1.63273e-16
333 1.06116e-16 4.45651e-17
334 1.4976e-17 -1.02433e-16
335 -1.39605e-17 -6.20273e-18
336 1.12135e-16 7.74273e-17
337 -1.01329e-16 -8.3185e-17
338 8.57579e-17 6.10658e-19
339 -9.7884e-17 -7.54772e-17
340 -9.85588e-18 -1.87397e-17
341 -3.97259e-17 5.33104e-17
342 4.51681e-17 -1.4474e-16
343 -8.77866e-18 6.51901e-17
344 2.72302e-17 1.5583e-18
345 -1.69664e-16 4.052e-17
346 -7.08813e-17 -5.20023e-18
347 8.42107e-17 7.17717e-17
348 5.74916e-17 -2.03941e-17
349 6.10407e-17 1.38302e-16
350 -7.24381e-17 -1.39287e-16
351 5.06718e-18 -8.69273e-17
352 1.1768e-17 -5.45298e-17
353 -1.60256e-17 -4.83927e-17
354 7.90109e-17 4.41127e-17
355 4.62715e-17 -1.8804e-16
356 1.32016e-16 3.89343e-17
357 7.58328e-17 -5.31214e-18
358 -1.63995e-16 3.63979e-17
359 5.20619e-17 4.94364e-17
360 -2.94632e-17 1.07096e-16
361 -9.80035e-17 -1.20417e-17
362 -4.4344e-17 8.12147e-17
363 -3.59927e-17 -9.12309e-17
364 4.94601e-17 4.78048e-17
365 -8.86545e-17 -6.20514e-17
366 8.03327e-17 1.11561e-16
367 -1.87258e-16 -2.18055e-16
368 -6.98885e-17 -1.30246e-17
369 7.59415e-17 -2.01014e-16
370 9.35198e-17 1.36315e-16
371 -6.06207e-18 -1.72527e-16
372 -1.19556e-16 2.45927e-17
373 1.22609e-16 -1.72411e-17
374 5.60942e-17 -3.70131e-17
375 9.1137e-17 7.33155e-18
376 2.15113e-17 7.75876e-17
377 -3.7906e-17 5.77897e-17
378 5.90638e-17 7.31921e-17
379 -8.97765e-17 -2.85975e-17
380 -1.79701e-17 1.08599e-16
381 5.95124e-18 -6.25966e-17
382 2.14629e-17 5.42757e-17
383 -6.07741e-17 -2.62087e-17
384 5.70927e-17 -6.55061e-17
385 7.26032e-17 -8.08254e-17
386 -5.26967e-17 2.28657e-17
387 -2.30271e-17 -9.0181e-17
388 9.58501e-17 1.11729e-16
389 -4.46489e-17 7.94947e-17
390 1.87392e-16 -5.65776e-17
391 3.18047e-17 4.16739e-17
392 4.70121e-17 2.61683e-16
393 -7.05751e-17 1.34741e-17
394 2.0964e-17 9.92003e-17
395 1.32288e-16 8.21862e-17
396 -1.03132e-16 -1.91909e-16
397 1.7483e-16 2.35476e-17
398 -3.46116e-17 -7.84431e-17
399 1.45785e-17 -7.68099e-18
400 -1.5344e-17 5.69604e-17
401 -7.26631e-17 1.31982e-17
402 -4.07241e-17 -1.95946e-17
403 2.24465e-17 -5.82879e-17
404 -6.17289e-18 6.03438e-17
405 -2.38622e-17 1.90446e-17
406 -1.81651e-16 7.62111e-18
407 -1.62352e-16 -5.14856e-17
408 1.45905e-16 -2.12722e-17
409 -3.08738e-17 1.37049e-16
410 -1.44639e-16 -1.51103e-16
411 -1.03495e-16 7.15471e-17
412 1.6882e-16 -3.81397e-17
413 -1.54864e-16 -3.16205e-17
414 2.56692e-17 6.2873e-17
415 -3.9268e-17 -3.21633e-17
416 -7.83259e-17 3.20612e-17
417 3.29313e-17 -1.99614e-17
418 -9.19284e-17 -9.31506e-17
419 1.72385e-16 -7.58525e-17
420 -3.66428e-17 9.02168e-18
421 -8.96544e-17 -9.83546e-17
422 1.50391e-16 4.9257e-17
423 1.14218e-16 1.54929e-17
424 -1.94882e-17 -7.75071e-18
425 5.0092e-17 -1.24126e-16
426 -1.44522e-16 -1.75359e-17
427 -1.73066e-17 -7.70523e-17
428 -2.16755e-17 4.54742e-17
429 -1.33063e-17 5.99687e-18
430 1.30992e-16 1.19968e-16
431 -3.93042e-17 -5.25025e-17
432 3.31261e-17 1.54953e-16
433 5.05793e-18 2.25148e-17
434 2.70432e-17 -7.45165e-17
435 1.24827e-16 -3.89148e-17
436 9.00047e-17 1.05423e-16
437 -4.99967e-17 -1.30323e-16
438 1.10357e-16 1.33765e-16
439 1.15614e-16 6.66484e-17
440 1.31338e-17 -1.23594e-16
441 6.96481e-17 6.88078e-17
442 1.17511e-16 -4.53206e-17
443 -2.40642e-17 6.44827e-17
444 -9.50336e-17 1.40612e-17
445 1.08231e-16 4.26875e-17
446 -1.80765e-16 -1.30662e-16
447 2.05986e-17 1.30398e-16
448 6.56432e-17 -1.05815e-16
449 -2.89957e-17 -1.54451e-17
450 4.88213e-17 1.84368e-17
451 5.50618e-19 -1.14563e-17
452 -1.46287e-16 -2.31441e-16
453 9.26712e-17 3.01877e-16
454 -1.49667e-16 -2.1207e-16
455 1.56324e-17 1.56913e-16
456 -3.91453e-19 -1.02365e-16
457 6.14691e-17 -4.9624e-17
458 -5.19994e-17 -1.20281e-16
459 6.36274e-17 1.61681e-16
460 -1.48983e-16 9.78104e-18
461 -3.83574e-17 8.86094e-17
462 1.6496e-16 -1.05779e-16
463 -5.14834e-17 -1.13667e-17
464 8.04595e-17 -5.52023e-17
465 6.99603e-18 1.38822e-16
466 -9.0538e-17 -1.56202e-16
467 1.45211e-16 1.90108e-16
468 5.0778e-17 5.9398e-17
469 -3.04361e-16 -2.46017e-16
470 6.32043e-17 1.85575e-16
471 3.37811e-17 -1.61875e-16
472 -1.2484e-16 -7.86681e-17
473 2.63174e-17 4.27113e-17
474 7.19756e-17 3.86253e-17
475 3.04582e-17 5.00409e-17
476 1.98898e-16 -9.32386e-18
477 -1.47685e-16 2.65003e-17
478 -1.57439e-17 5.39088e-17
479 1.28686e-17 6.85429e-17
480 -1.46264e-16 -1.67054e-16
481 7.16531e-17 -7.59532e-18
482 1.25485e-16 1.20715e-16
483 -2.02858e-16 -2.07177e-17
484 2.18685e-17 7.22038e-18
485 -3.59932e-17 5.27103e-17
486 1.22915e-16 1.60424e-16
487 -2.16218e-16 -3.32128e-16
488 -2.29364e-16 -2.29225e-16
489 2.27659e-16 3.85496e-16
490 1.92225e-16 1.277e-16
491 -3.72788e-16 -7.03054e-16
492 -4.79258e-16 -3.84332e-16
493 5.54612e-16 1.15289e-15
494 1.43973e-15 9.26827e-16
495 -1.61643e-15 -2.59885e-15
496 -2.95686e-15 -1.68549e-15
497 4.05309e-15 5.89336e-15
498 5.5679e-15 2.9974e-15
499 -8.33292e-15 -1.20976e-14
500 -1.1457e-14 -6.19573e-15
501 1.71127e-14 2.52546e-14
502 2.46436e-14 1.44124e-14
503 -3.40288e-14 -5.10634e-14
504 -5.41794e-14 -3.50839e-14
505 6.40542e-14 1.01585e-13
506 1.22781e-13 8.91398e-14
507 -1.11666e-13 -1.95026e-13
508 -2.78238e-13 -2.27173e-13
509 1.6757e-13 3.51081e-13
510 6.24595e-13 5.68706e-13
511 -1.68317e-13 -5.62556e-13
512 -1.35861e-12 -1.37177e-12
513 -1.21458e-13 6.85555e-13
514 2.79535e-12 3.13253e-12
515 1.39208e-12 -1.31672e-13
516 -5.24598e-12 -6.6166e-12
517 -5.36579e-12 -2.87073e-12
518 8.33484e-12 1.24187e-11
519 1.56562e-11 1.26815e-11
520 -8.76715e-12 -1.88827e-11
521 -3.80682e-11 -3.7933e-11
522 -5.16549e-12 1.58412e-11
523 7.67645e-11 9.02807e-11
524 6.33171e-11 2.91243e-11
525 -1.16566e-10 -1.69178e-10
526 -2.20668e-10 -1.8935e-10
527 7.41454e-11 2.07799e-10
528 5.2653e-10 5.70651e-10
529 2.8803e-10 4.80356e-11
530 -8.61639e-10 -1.16491e-09
531 -1.39546e-09 -1.17422e-09
532 5.08226e-10 1.34857e-09
533 3.45888e-09 3.82384e-09
534 2.42469e-09 1.04645e-09
535 -4.81316e-09 -7.02028e-09
536 -1.03682e-08 -9.8903e-09
537 -1.33342e-09 3.80195e-09
538 2.05643e-08 2.5494e-08
539 2.7277e-08 2.2425e-08
540 -1.05316e-08 -2.67644e-08
541 -7.15775e-08 -8.1905e-08
542 -7.02646e-08 -4.97378e-08
543 5.96213e-08 1.08565e-07
544 2.32326e-07 2.56419e-07
545 1.99061e-07 1.30545e-07
546 -2.11378e-07 -3.60684e-07
547 -7.41509e-07 -8.19125e-07
548 -6.7308e-07 -4.78217e-07
549 5.47782e-07 1.01364e-06
550 2.3275e-06 2.6619e-06
551 2.62945e-06 2.19894e-06
552 -6.20136e-07 -2.04099e-06
553 -6.7545e-06 -8.28242e-06
554 -1.05272e-05 -1.0221e-05
555 -4.27969e-06 -5.26556e-07
556 1.49846e-05 2.12092e-05
557 3.74719e-05 4.12375e-05
558 3.93977e-05 3.35339e-05
559 -4.27477e-06 -2.36125e-05
560 -9.44961e-05 -0.000120721
561 -0.000184216 -0.000197002
562 -0.000178658 -0.00015024
563 2.18392e-05 0.000108754
564 0.000439071 0.000567198
565 0.00092784 0.00102808
566 0.00113869 0.00109594
567 0.000591442 0.000284729
568 -0.00111375 -0.00173873
569 -0.00397997 -0.00482412
570 -0.007286 -0.0080274
571 -0.00937938 -0.0094549
572 -0.00771138 -0.00637234
573 0.000825816 0.00438309
574 0.0192943 0.0257474
575 0.0499671 0.0596802
576 0.093636 0.106517
577 0.149161 0.164603
578 0.213399 0.23033
579 0.281544 0.29857
580 0.347812 0.363428
581 0.406319 0.419138
582 0.451959 0.460912
583 0.481108 0.485573
584 0.492028 0.491882
585 0.484935 0.480519
586 0.461766 0.453785
587 0.425711 0.415101
588 0.380659 0.368436
589 0.330636 0.317774
590 0.27934 0.266673
591 0.229823 0.21799
592 0.184324 0.173753
593 0.144245 0.135162
594 0.110234 0.102697
595 0.0823285 0.0762718
596 0.0601324 0.0554072
597 0.0429797 0.0393943
598 0.0300792 0.0274291
599 0.020623 0.0187124
600 0.0138591 0.0125141
601 0.00913312 0.0082077
602 0.00590458 0.00528173
603 0.00374646 0.00333609
604 0.00233388 0.00206903
605 0.00142797 0.00126043
606 0.000858391 0.000754454
607 0.000507126 0.000443862
608 0.000294538 0.000256739
609 0.000168223 0.000146045
610 9.45073e-05 8.17234e-05
611 5.22386e-05 4.49969e-05
612 2.84165e-05 2.43837e-05
613 1.52161e-05 1.30076e-05
614 8.02206e-06 6.83236e-06
615 4.16497e-06 3.53437e-06
616 2.12995e-06 1.80098e-06
617 1.07311e-06 9.04156e-07
618 5.32737e-07 4.47298e-07
619 2.60651e-07 2.18096e-07
620 1.25706e-07 1.04826e-07
621 5.97685e-08 4.96741e-08
622 2.80208e-08 2.32115e-08
623 1.29553e-08 1.06968e-08
624 5.90799e-09 4.86232e-09
625 2.65776e-09 2.1804e-09
626 1.1796e-09 9.64697e-10
627 5.16606e-10 4.21177e-10
628 2.23276e-10 1.81474e-10
629 9.52445e-11 7.71777e-11
630 4.01054e-11 3.24004e-11
631 1.66718e-11 1.34289e-11
632 6.84273e-12 5.49556e-12
633 2.77326e-12 2.22081e-12
634 1.10997e-12 8.86305e-13
635 4.38772e-13 3.49361e-13
636 1.71323e-13 1.36028e-13
637 6.60821e-14 5.23222e-14
638 2.51817e-14 1.98833e-14
639 9.48115e-15 7.46581e-15
640 3.52735e-15 2.77006e-15
641 1.29684e-15 1.01569e-15
642 4.71207e-16 3.68073e-16
643 1.69223e-16 1.31838e-16
644 6.00714e-17 4.66783e-17
645 2.10798e-17 1.63378e-17
646 7.31295e-18 5.65336e-18
647 2.50829e-18 1.93414e-18
648 8.5065e-19 6.54289e-19
649 2.85263e-19 2.18867e-19
650 9.46002e-20 7.24025e-20
651 3.10255e-20 2.36873e-20
652 1.00636e-20 7.66469e-21
653 3.2287e-21 2.45313e-21
654 1.02463e-21 7.76638e-22
655 3.21658e-22 2.4323e-22
656 9.98943e-23 7.536e-23
657 3.06924e-23 2.31002e-23
658 9.33014e-24 7.00595e-24
659 2.80633e-24 2.10242e-24
660 8.35227e-25 6.24301e-25
661 2.45986e-25 1.8345e-25
662 7.16935e-26 5.33469e-26
663 2.06792e-26 1.5353e-26
664 5.90329e-27 4.37313e-27
665 1.66795e-27 1.2329e-27
666 4.66467e-28 3.44046e-28
667 1.2913e-28 9.50348e-29
668 3.53855e-29 2.59864e-29
669 9.59915e-30 7.03436e-30
670 2.57791e-30 1.88512e-30
671 6.85412e-31 5.00158e-31
672 1.80427e-31 1.31385e-31
673 4.70257e-32 3.41726e-32
674 1.21359e-32 8.8007e-33
675 3.10117e-33 2.2443e-33
676 7.84724e-34 5.66746e-34
677 1.96635e-34 1.41727e-34
678 4.87951e-35 3.5099e-35
679 1.19916e-35 8.6085e-36
680 2.91861e-36 2.09106e-36
681 7.03549e-37 5.03069e-37
682 1.67975e-37 1.19874e-37
683 3.97229e-38 2.82929e-38
684 9.30461e-39 6.61446e-39
685 2.1589e-39 1.53177e-39
686 4.96197e-40 3.51386e-40
687 1.12974e-40 7.9852e-41
688 2.54814e-41 1.79766e-41
689 5.69371e-42 4.00928e-42
690 1.26041e-42 8.85873e-43
691 2.76428e-43 1.93926e-43
692 6.00649e-44 4.20606e-44
693 1.29312e-44 9.03854e-45
694 2.75836e-45 1.9245e-45
695 5.82997e-46 4.06019e-46
696 1.22095e-46 8.4878e-47
697 2.53369e-47 1.75823e-47
698 5.21014e-48 3.60908e-48
699 1.06168e-48 7.34127e-49
700 2.14386e-49 1.47982e-49
701 4.29012e-50 2.95612e-50
702 8.5079e-51 5.85221e-51
703 1.67211e-51 1.14818e-51
704 3.25693e-52 2.23258e-52
705 6.28727e-53 4.30245e-53
706 1.20291e-53 8.21766e-54
707 2.28105e-54 1.55565e-54
708 4.28719e-55 2.9189e-55
709 7.98651e-56 5.42845e-56
710 1.47468e-56 1.00067e-56
711 2.69899e-57 1.82842e-57
712 4.8964e-58 3.31158e-58
713 8.80507e-59 5.94536e-59
714 1.56956e-59 1.05807e-59
715 2.77344e-60 1.8666e-60
716 4.85809e-61 3.26434e-61
717 8.43574e-62 5.65919e-62
718 1.45211e-62 9.72606e-63
719 2.47801e-63 1.6571e-63
720 4.19219e-64 2.79898e-64
721 7.03103e-65 4.68698e-65
722 1.16908e-65 7.78105e-66
723 1.92719e-66 1.28068e-66
724 3.14967e-67 2.08981e-67
725 5.10355e-68 3.381e-68
726 8.19886e-69 5.42324e-69
727 1.30591e-69 8.62493e-70
728 2.06234e-70 1.36001e-70
729 3.22922e-71 2.12628e-71
730 5.0134e-72 3.29611e-72
731 7.71738e-73 5.06626e-73
732 1.17792e-73 7.7212e-74
733 1.78268e-74 1.16681e-74
734 2.67517e-75 1.74837e-75
735 3.98065e-76 2.59774e-76
736 5.87332e-77 3.82728e-77
737 8.59304e-78 5.5914e-78
738 1.24666e-78 8.10013e-79
739 1.79346e-79 1.16361e-79
740 2.55849e-80 1.65759e-80
741 3.61932e-81 2.34152e-81
742 5.07721e-82 3.28003e-82
743 7.0629e-83 4.55638e-83
744 9.74328e-84 6.27667e-84
745 1.33289e-84 8.5745e-85
746 1.80824e-85 1.16161e-85
747 2.43273e-86 1.56055e-86
748 3.24663e-87 2.07457e-87
749 4.36773e-88 2.38729e-88
750 1.12697e-88 -2.38729e-88
751 4.36773e-88 -2.07457e-87
752 3.24663e-87 -1.56055e-86
753 2.43273e-86 -1.16161e-85
754 1.80824e-85 -8.5745e-85
755 1.33289e-84 -6.27667e-84
756 9.74328e-84 -4.55638e-83
757 7.0629e-83 -3.28003e-82
758 5.07721e-82 -2.34152e-81
759 3.61932e-81 -1.65759e-80
760 2.55849e-80 -1.16361e-79
761 1.79346e-79 -8.10013e-79
762 1.24666e-78 -5.5914e-78
763 8.59304e-78 -3.82728e-77
764 5.87332e-77 -2.59774e-76
765 3.98065e-76 -1.74837e-75
766 2.67517e-75 -1.16681e-74
767 1.78268e-74 -7.7212e-74
768 1.17792e-73 -5.06626e-73
769 7.71738e-73 -3.29611e-72
770 5.0134e-72 -2.12628e-71
771 3.22922e-71 -1.36001e-70
772 2.06234e-70 -8.62493e-70
773 1.30591e-69 -5.42324e-69
774 8.19886e-69 -3.381e-68
775 5.10355e-68 -2.08981e-67
776 3.14967e-67 -1.28068e-66
777 1.92719e-66 -7.78105e-66
778 1.16908e-65 -4.68698e-65
779 7.03103e-65 -2.79898e-64
780 4.19219e-64 -1.6571e-63
781 2.47801e-63 -9.72606e-63
782 1.45211e-62 -5.65919e-62
783 8.43574e-62 -3.26434e-61
784 4.85809e-61 -1.8666e-60
785 2.77344e-60 -1.05807e-59
786 1.56956e-59 -5.94536e-59
787 8.80507e-59 -3.31158e-58
788 4.8964e-58 -1.82842e-57
789 2.69899e-57 -1.00067e-56
790 1.47468e-56 -5.42845e-56
791 7.98651e-56 -2.9189e-55
792 4.28719e-55 -1.55565e-54
793 2.28105e-54 -8.21766e-54
794 1.20291e-53 -4.30245e-53
795 6.28727e-53 -2.23258e-52
796 3.25693e-52 -1.14818e-51
797 1.67211e-51 -5.85221e-51
798 8.5079e-51 -2.95612e-50
799 4.29012e-50 -1.47982e-49
800 2.14386e-49 -7.34127e-49
801 1.06168e-48 -3.60908e-48
802 5.21014e-48 -1.75823e-47
803 2.53369e-47 -8.4878e-47
804 1.22095e-46 -4.06019e-46
805 5.82997e-46 -1.9245e-45
806 2.75836e-45 -9.03854e-45
807 1.29312e-44 -4.20606e-44
808 6.00649e-44 -1.93926e-43
809 2.76428e-43 -8.85873e-43
810 1.26041e-42 -4.00928e-42
811 5.69371e-42 -1.79766e-41
812 2.54814e-41 -7.9852e-41
813 1.12974e-40 -3.51386e-40
814 4.96197e-40 -1.53177e-39
815 2.1589e-39 -6.61446e-39
816 9.30461e-39 -2.82929e-38
817 3.97229e-38 -1.19874e-37
818 1.67975e-37 -5.03069e-37
819 7.03549e-37 -2.09106e-36
820 2.91861e-36 -8.6085e-36
821 1.19916e-35 -3.5099e-35
822 4.87951e-35 -1.41727e-34
823 1.96635e-34 -5.66746e-34
824 7.84724e-34 -2.2443e-33
825 3.10117e-33 -8.8007e-33
826 1.21359e-32 -3.41726e-32
827 4.70257e-32 -1.31385e-31
828 1.80427e-31 -5.00158e-31
829 6.85412e-31 -1.88512e-30
830 2.57791e-30 -7.03436e-30
831 9.59915e-30 -2.59864e-29
832 3.53855e-29 -9.50348e-29
833 1.2913e-28 -3.44046e-28
834 4.66467e-28 -1.2329e-27
835 1.66795e-27 -4.37313e-27
836 5.90329e-27 -1.5353e-26
837 2.06792e-26 -5.33469e-26
838 7.16935e-26 -1.8345e-25
839 2.45986e-25 -6.24301e-25
840 8.35227e-25 -2.10242e-24
841 2.80633e-24 -7.00595e-24
842 9.33014e-24 -2.31002e-23
843 3.06924e-23 -7.536e-23
844 9.98943e-23 -2.4323e-22
845 3.21658e-22 -7.76638e-22
846 1.02463e-21 -2.45313e-21
847 3.2287e-21 -7.66469e-21
848 1.00636e-20 -2.36873e-20
849 3.10255e-20 -7.24025e-20
850 9.46002e-20 -2.18867e-19
851 2.85263e-19 -6.54289e-19
852 8.5065e-19 -1.93414e-18
853 2.50829e-18 -5.65336e-18
854 7.31295e-18 -1.63378e-17
855 2.10798e-17 -4.66783e-17
856 6.00714e-17 -1.31838e-16
857 1.69223e-16 -3.68073e-16
858 4.71207e-16 -1.01569e-15
859 1.29684e-15 -2.77006e-15
860 3.52735e-15 -7.46581e-15
861 9.48115e-15 -1.98833e-14
862 2.51817e-14 -5.23222e-14
863 6.60821e-14 -1.36028e-13
864 1.71323e-13 -3.49361e-13
865 4.38772e-13 -8.86305e-13
866 1.10997e-12 -2.22081e-12
867 2.77326e-12 -5.49556e-12
868 6.84273e-12 -1.34289e-11
869 1.66718e-11 -3.24004e-11
870 4.01054e-11 -7.71777e-11
871 9.52445e-11 -1.81474e-10
872 2.23276e-10 -4.21177e-10
873 5.16606e-10 -9.64697e-10
874 1.1796e-09 -2.1804e-09
875 2.65776e-09 -4.86232e-09
876 5.90799e-09 -1.06968e-08
877 1.29553e-08 -2.32115e-08
878 2.80208e-08 -4.96741e-08
879 5.97685e-08 -1.04826e-07
880 1.25706e-07 -2.18096e-07
881 2.60651e-07 -4.47298e-07
882 5.32737e-07 -9.04156e-07
883 1.07311e-06 -1.80098e-06
884 2.12995e-06 -3.53437e-06
885 4.16497e-06 -6.83236e-06
886 8.02206e-06 -1.30076e-05
887 1.52161e-05 -2.43837e-05
888 2.84165e-05 -4.49969e-05
889 5.22386e-05 -8.17234e-05
890 9.45073e-05 -0.000146045
891 0.000168223 -0.000256739
892 0.000294538 -0.000443862
893 0.000507126 -0.000754454
894 0.000858391 -0.00126043
895 0.00142797 -0.00206903
896 0.00233388 -0.00333609
897 0.00374646 -0.00528173
898 0.00590458 -0.0082077
899 0.00913312 -0.0125141
900 0.0138591 -0.0187124
901 0.020623 -0.0274291
902 0.0300792 -0.0393943
903 0.0429797 -0.0554072
904 0.0601324 -0.0762718
905 0.0823285 -0.102697
906 0.110234 -0.135162
907 0.144245 -0.173753
908 0.184324 -0.21799
909 0.229823 -0.266673
910 0.27934 -0.317774
911 0.330636 -0.368436
912 0.380659 -0.415101
913 0.425711 -0.453785
914 0.461766 -0.480519
915 0.484935 -0.491882
916 0.492028 -0.485573
917 0.481108 -0.460912
918 0.451959 -0.419138
919 0.406319 -0.363428
920 0.347812 -0.29857
921 0.281544 -0.23033
922 0.213399 -0.164603
923 0.149161 -0.106517
924 0.093636 -0.0596802
925 0.0499671 -0.0257474
926 0.0192943 -0.00438309
927 0.000825816 0.00637234
928 -0.00771138 0.0094549
929 -0.00937938 0.0080274
930 -0.007286 0.00482412
931 -0.00397997 0.00173873
932 -0.00111375 -0.000284729
933 0.000591442 -0.00109594
934 0.00113869 -0.00102808
935 0.00092784 -0.000567198
936 0.000439071 -0.000108754
937 2.18392e-05 0.00015024
938 -0.000178658 0.000197002
939 -0.000184216 0.000120721
940 -9.44961e-05 2.36125e-05
941 -4.27477e-06 -3.35339e-05
942 3.93977e-05 -4.12375e-05
943 3.74719e-05 -2.12092e-05
944 1.49846e-05 5.26556e-07
945 -4.27969e-06 1.0221e-05
946 -1.05272e-05 8.28242e-06
947 -6.7545e-06 2.04099e-06
948 -6.20136e-07 -2.19894e-06
949 2.62945e-06 -2.6619e-06
950 2.3275e-06 -1.01364e-06
951 5.47782e-07 4.78217e-07
952 -6.7308e-07 8.19125e-07
953 -7.41509e-07 3.60684e-07
954 -2.11378e-07 -1.30545e-07
955 1.99061e-07 -2.56419e-07
956 2.32326e-07 -1.08565e-07
957 5.96213e-08 4.97378e-08
958 -7.02646e-08 8.1905e-08
959 -7.15775e-08 2.67644e-08
960 -1.05316e-08 -2.2425e-08
961 2.7277e-08 -2.5494e-08
962 2.05643e-08 -3.80195e-09
963 -1.33342e-09 9.8903e-09
964 -1.03682e-08 7.02028e-09
965 -4.81316e-09 -1.04645e-09
966 2.42469e-09 -3.82384e-09
967 3.45888e-09 -1.34857e-09
968 5.08226e-10 1.17422e-09
969 -1.39546e-09 1.16491e-09
970 -8.61639e-10 -4.80357e-11
971 2.8803e-10 -5.70651e-10
972 5.2653e-10 -2.07799e-10
973 7.41457e-11 1.8935e-10
974 -2.20668e-10 1.69178e-10
975 -1.16566e-10 -2.91244e-11
976 6.3317e-11 -9.02809e-11
977 7.67649e-11 -1.58411e-11
978 -5.16565e-12 3.79332e-11
979 -3.80682e-11 1.88826e-11
980 -8.76713e-12 -1.26816e-11
981 1.56562e-11 -1.24186e-11
982 8.33473e-12 2.87069e-12
983 -5.36582e-12 6.61633e-12
984 -5.24592e-12 1.31809e-13
985 1.39186e-12 -3.13252e-12
986 2.79547e-12 -6.85508e-13
987 -1.21451e-13 1.37179e-12
988 -1.35864e-12 5.62519e-13
989 -1.68251e-13 -5.68721e-13
990 6.24791e-13 -3.51048e-13
991 1.67473e-13 2.27218e-13
992 -2.78316e-13 1.94873e-13
993 -1.11586e-13 -8.91824e-14
994 1.22737e-13 -1.01418e-13
995 6.41981e-14 3.50173e-14
996 -5.43953e-14 5.12453e-14
997 -3.40164e-14 -1.43834e-14
998 2.47482e-14 -2.50961e-14
999 1.7055e-14 6.29559e-15
