0 0.00991395 -0.0154068
1 0.015412 -0.0197041
2 0.0188093 -0.0209546
3 0.0196398 -0.0190029
4 0.0177403 -0.0142185
5 0.0133013 -0.00742199
6 0.00688093 0.000272112
7 -0.00063532 0.00765988
8 -0.00814107 0.0136538
9 -0.0144731 0.0174475
10 -0.018608 0.0186115
11 -0.019851 0.0171132
12 -0.0179764 0.0132748
13 -0.013282 0.00769331
14 -0.00654569 0.0011493
15 0.00111318 -0.00548351
16 0.00843562 -0.0113236
17 0.0142486 -0.0155688
18 0.017667 -0.0175907
19 0.018234 -0.0170315
20 0.015976 -0.013887
21 0.011367 -0.00855015
22 0.00521882 -0.00179106
23 -0.00147512 0.00533964
24 -0.00770814 0.0116758
25 -0.0126074 0.0161416
26 -0.0155393 0.017956
27 -0.0161661 0.0167902
28 -0.0144594 0.0128407
29 -0.0106832 0.00680036
30 -0.00535916 -0.000270219
31 0.000783367 -0.00714268
32 0.0068763 -0.0126518
33 0.0120084 -0.0159079
34 0.0153497 -0.0164481
35 0.016293 -0.0142974
36 0.0145865 -0.00993404
37 0.0104201 -0.00417252
38 0.00443357 0.00200228
39 -0.00237003 0.00761211
40 -0.00879884 0.0118372
41 -0.0136991 0.0141201
42 -0.0161853 0.0142135
43 -0.0158192 0.0121804
44 -0.0126971 0.00836013
45 -0.00742651 0.00331535
46 -0.000998291 -0.00223182
47 0.00541374 -0.00747499
48 0.0106821 -0.0116144
49 0.0139343 -0.0139652
50 0.0147004 -0.0140742
51 0.0129722 -0.0118248
52 0.00917121 -0.00750033
53 0.00403912 -0.00177709
54 -0.00151815 0.00436712
55 -0.0065957 0.00982195
56 -0.0104316 0.0135599
57 -0.0125039 0.0148506
58 -0.0125774 0.0134223
59 -0.0107057 0.00953019
60 -0.00720311 0.00391306
61 -0.00259732 -0.00235351
62 0.00243071 -0.00807564
63 0.00712093 -0.012183
64 0.0107256 -0.0139416
65 0.0126171 -0.013093
66 0.0124017 -0.00988951
67 0.0100167 -0.00502361
68 0.0057843 0.000532353
69 0.000394114 0.00573412
70 -0.00519525 0.00967304
71 -0.0099283 0.0117369
72 -0.0128655 0.0116935
73 -0.0133891 0.00968966
74 -0.0113509 0.00618016
75 -0.00712144 0.00181591
76 -0.00152543 -0.00267744
77 0.00432636 -0.00660663
78 0.00927009 -0.00939368
79 0.0123347 -0.0106353
80 0.0129445 -0.0101449
81 0.0110346 -0.00797921
82 0.00705309 -0.00444627
83 0.00185323 -8.48075e-05
84 -0.00349921 0.00439512
85 -0.00795688 0.00821246
86 -0.0107066 0.0106475
87 -0.0113216 0.0111841
88 -0.00981869 0.0096316
89 -0.00661637 0.00619439
90 -0.00241304 0.00146511
91 0.00197622 -0.00366723
92 0.00578151 -0.00818332
93 0.00840431 -0.0111433
94 0.00949062 -0.0118955
95 0.00895173 -0.0102338
96 0.00694517 -0.00646402
97 0.0038318 -0.00135433
98 0.000120102 0.00402311
99 -0.00359794 0.00852735
100 -0.00672001 0.0112057
101 -0.00871531 0.0115101
102 -0.00920928 0.00941934
103 -0.00805852 0.00543598
104 -0.00539859 0.000460447
105 -0.00164841 -0.00442423
106 0.00253899 -0.00820155
107 0.006379 -0.0101426
108 0.00909847 -0.0099479
109 0.010095 -0.00778214
110 0.00907932 -0.00420347
111 0.00616654 -1.37805e-05
112 0.00188567 0.00392763
113 -0.00290498 0.00688157
114 -0.00718878 0.00836134
115 -0.0100148 0.00819899
116 -0.0107232 0.00654215
117 -0.00911372 0.00379295
118 -0.00551046 0.000509572
119 -0.000699847 -0.00270533
120 0.00424653 -0.00530779
121 0.00822208 -0.00689141
122 0.0103457 -0.00723465
123 0.0101672 -0.00631675
124 0.00776743 -0.00430808
125 0.00373007 -0.00154186
126 -0.00100516 0.00152805
127 -0.00536866 0.00438255
128 -0.00841046 0.00650719
129 -0.00951278 0.00747501
130 -0.00851703 0.00703375
131 -0.00573881 0.00517944
132 -0.00187262 0.00219293
133 0.00218592 -0.0013816
134 0.00555361 -0.00482493
135 0.00755632 -0.00738729
136 0.00786329 -0.00845931
137 0.00653212 -0.007727
138 0.00396191 -0.00526841
139 0.000774464 -0.00156172
140 -0.00234045 0.00260347
141 -0.00477571 0.00629537
142 -0.00611954 0.0086528
143 -0.00621123 0.00909222
144 -0.00513796 0.00745863
145 -0.00318519 0.00408082
146 -0.00076094 -0.000288246
147 0.00168575 -0.00463807
148 0.00373703 -0.00793869
149 0.00506223 -0.00939355
150 0.00545642 -0.00864218
151 0.00486316 -0.00585766
152 0.0033821 -0.00170953
153 0.00125979 0.00280068
154 -0.00113917 0.00658935
155 -0.00338224 0.00876015
156 -0.00503775 0.00882274
157 -0.00575389 0.00680559
158 -0.00533471 0.00323733
159 -0.00379628 -0.000994275
160 -0.00138725 -0.00486672
161 0.0014376 -0.00747292
162 0.00409335 -0.00823601
163 0.00598172 -0.0070381
164 0.00662733 -0.00423446
165 0.00580265 -0.000552279
166 0.00360776 0.00309858
167 0.000476987 0.00585387
168 -0.00289925 0.00710398
169 -0.0057265 0.00663124
170 -0.00729872 0.00464287
171 -0.00718216 0.00169611
172 -0.0053401 -0.00145937
173 -0.00216127 -0.0040759
174 0.00162042 -0.00558669
175 0.00509754 -0.00572588
176 0.00741081 -0.00456549
177 0.00796502 -0.00246899
178 0.0065849 1.86478e-05
179 0.00357034 0.0023116
180 -0.000365516 0.00391915
181 -0.00426355 0.00454662
182 -0.00715328 0.00414212
183 -0.00829804 0.0028844
184 -0.0073882 0.00111997
185 -0.00463007 -0.000730629
186 -0.00070302 -0.00227277
187 0.00340829 -0.0032196
188 0.00666494 -0.00343907
189 0.00824224 -0.00296004
190 0.00774366 -0.00194329
191 0.00530291 -0.000630695
192 0.00154739 0.000711144
193 -0.00256564 0.00183992
194 -0.0059957 0.00257215
195 -0.00788381 0.00280246
196 -0.00776795 0.00251034
197 -0.00569624 0.00175788
198 -0.00221098 0.000680121
199 0.00179138 -0.00053235
200 0.00528942 -0.00165928
201 0.00739775 -0.00248474
202 0.00759364 -0.00283578
203 0.00585038 -0.0026192
204 0.0026415 -0.00184829
205 -0.00118646 -0.000651495
206 -0.00463876 0.000742226
207 -0.0068343 0.00204222
208 -0.0072335 0.00295408
209 -0.00577178 0.00324631
210 -0.00286541 0.00281075
211 0.000707797 0.00170092
212 0.00401744 0.00013507
213 0.00622227 -0.0015418
214 0.00678228 -0.00293234
215 0.00558913 -0.00368218
216 0.002985 -0.00357277
217 -0.000332471 -0.0025867
218 -0.00349401 -0.000925364
219 -0.00568446 0.00102921
220 -0.00635321 0.002802
221 -0.00535471 0.00394188
222 -0.00298183 0.0041384
223 0.000117135 0.00330772
224 0.00311532 0.00162376
225 0.00522934 -0.000516147
226 0.0059255 -0.00258474
227 0.00505462 -0.00405561
228 0.00288129 -0.00453864
229 3.54632e-06 -0.00388486
230 -0.00281173 -0.00223239
231 -0.00483153 2.07469e-05
232 -0.00554477 0.00231232
233 -0.00478896 0.0040571
234 -0.0027858 0.00479798
235 -7.88921e-05 0.0043273
236 0.00261028 0.00274588
237 0.00457155 0.000442614
238 0.00529257 -0.00200149
239 0.00459374 -0.003961
240 0.00267515 -0.00492757
241 6.1477e-05 -0.00464311
242 -0.0025408 -0.0031694
243 -0.00443499 -0.000875295
244 -0.00512146 0.00165608
245 -0.00442907 0.00377657
246 -0.00255621 0.00494024
247 -1.25666e-05 0.00484501
248 0.0025199 0.00351175
249 0.00436812 0.00127982
250 0.00504355 -0.00127982
251 0.00436812 -0.00351175
252 0.0025199 -0.00484501
253 -1.25666e-05 -0.00494024
254 -0.00255621 -0.00377657
255 -0.00442907 -0.00165608
256 -0.00512146 0.000875295
257 -0.00443499 0.0031694
258 -0.0025408 0.00464311
259 6.1477e-05 0.00492757
260 0.00267515 0.003961
261 0.00459374 0.00200149
262 0.00529257 -0.000442614
263 0.00457155 -0.00274588
264 0.00261028 -0.0043273
265 -7.88921e-05 -0.00479798
266 -0.0027858 -0.0040571
267 -0.00478896 -0.00231232
268 -0.00554477 -2.07469e-05
269 -0.00483153 0.00223239
270 -0.00281173 0.00388486
271 3.54632e-06 0.00453864
272 0.00288129 0.00405561
273 0.00505462 0.00258474
274 0.0059255 0.000516147
275 0.00522934 -0.00162376
276 0.00311532 -0.00330772
277 0.000117135 -0.0041384
278 -0.00298183 -0.00394188
279 -0.00535471 -0.002802
280 -0.00635321 -0.00102921
281 -0.00568446 0.000925364
282 -0.00349401 0.0025867
283 -0.000332471 0.00357277
284 0.002985 0.00368218
285 0.00558913 0.00293234
286 0.00678228 0.0015418
287 0.00622227 -0.00013507
288 0.00401744 -0.00170092
289 0.000707797 -0.00281075
290 -0.00286541 -0.00324631
291 -0.00577178 -0.00295408
292 -0.0072335 -0.00204222
293 -0.0068343 -0.000742226
294 -0.00463876 0.000651495
295 -0.00118646 0.00184829
296 0.0026415 0.0026192
297 0.00585038 0.00283578
298 0.00759364 0.00248474
299 0.00739775 0.00165928
300 0.00528942 0.00053235
301 0.00179138 -0.000680121
302 -0.00221098 -0.00175788
303 -0.00569624 -0.00251034
304 -0.00776795 -0.00280246
305 -0.00788381 -0.00257215
306 -0.0059957 -0.00183992
307 -0.00256564 -0.000711144
308 0.00154739 0.000630695
309 0.00530291 0.00194329
310 0.00774366 0.00296004
311 0.00824224 0.00343907
312 0.00666494 0.0032196
313 0.00340829 0.00227277
314 -0.00070302 0.000730629
315 -0.00463007 -0.00111997
316 -0.0073882 -0.0028844
317 -0.00829804 -0.00414212
318 -0.00715328 -0.00454662
319 -0.00426355 -0.00391915
320 -0.000365516 -0.0023116
321 0.00357034 -1.86478e-05
322 0.0065849 0.00246899
323 0.00796502 0.00456549
324 0.00741081 0.00572588
325 0.00509754 0.00558669
326 0.00162042 0.0040759
327 -0.00216127 0.00145937
328 -0.0053401 -0.00169611
329 -0.00718216 -0.00464287
330 -0.00729872 -0.00663124
331 -0.0057265 -0.00710398
332 -0.00289925 -0.00585387
333 0.000476987 -0.00309858
334 0.00360776 0.000552279
335 0.00580265 0.00423446
336 0.00662733 0.0070381
337 0.00598172 0.00823601
338 0.00409335 0.00747292
339 0.0014376 0.00486672
340 -0.00138725 0.000994275
341 -0.00379628 -0.00323733
342 -0.00533471 -0.00680559
343 -0.00575389 -0.00882274
344 -0.00503775 -0.00876015
345 -0.00338224 -0.00658935
346 -0.00113917 -0.00280068
347 0.00125979 0.00170953
348 0.0033821 0.00585766
349 0.00486316 0.00864218
350 0.00545642 0.00939355
351 0.00506223 0.00793869
352 0.00373703 0.00463807
353 0.00168575 0.000288246
354 -0.00076094 -0.00408082
355 -0.00318519 -0.00745863
356 -0.00513796 -0.00909222
357 -0.00621123 -0.0086528
358 -0.00611954 -0.00629537
359 -0.00477571 -0.00260347
360 -0.00234045 0.00156172
361 0.000774464 0.00526841
362 0.00396191 0.007727
363 0.00653212 0.00845931
364 0.00786329 0.00738729
365 0.00755632 0.00482493
366 0.00555361 0.0013816
367 0.00218592 -0.00219293
368 -0.00187262 -0.00517944
369 -0.00573881 -0.00703375
370 -0.00851703 -0.00747501
371 -0.00951278 -0.00650719
372 -0.00841046 -0.00438255
373 -0.00536866 -0.00152805
374 -0.00100516 0.00154186
375 0.00373007 0.00430808
376 0.00776743 0.00631675
377 0.0101672 0.00723465
378 0.0103457 0.00689141
379 0.00822208 0.00530779
380 0.00424653 0.00270533
381 -0.000699847 -0.000509572
382 -0.00551046 -0.00379295
383 -0.00911372 -0.00654215
384 -0.0107232 -0.00819899
385 -0.0100148 -0.00836134
386 -0.00718878 -0.00688157
387 -0.00290498 -0.00392763
388 0.00188567 1.37805e-05
389 0.00616654 0.00420347
390 0.00907932 0.00778214
391 0.010095 0.0099479
392 0.00909847 0.0101426
393 0.006379 0.00820155
394 0.00253899 0.00442423
395 -0.00164841 -0.000460447
396 -0.00539859 -0.00543598
397 -0.00805852 -0.00941934
398 -0.00920928 -0.0115101
399 -0.00871531 -0.0112057
400 -0.00672001 -0.00852735
401 -0.00359794 -0.00402311
402 0.000120102 0.00135433
403 0.0038318 0.00646402
404 0.00694517 0.0102338
405 0.00895173 0.0118955
406 0.00949062 0.0111433
407 0.00840431 0.00818332
408 0.00578151 0.00366723
409 0.00197622 -0.00146511
410 -0.00241304 -0.00619439
411 -0.00661637 -0.0096316
412 -0.00981869 -0.0111841
413 -0.0113216 -0.0106475
414 -0.0107066 -0.00821246
415 -0.00795688 -0.00439512
416 -0.00349921 8.48075e-05
417 0.00185323 0.00444627
418 0.00705309 0.00797921
419 0.0110346 0.0101449
420 0.0129445 0.0106353
421 0.0123347 0.00939368
422 0.00927009 0.00660663
423 0.00432636 0.00267744
424 -0.00152543 -0.00181591
425 -0.00712144 -0.00618016
426 -0.0113509 -0.00968966
427 -0.0133891 -0.0116935
428 -0.0128655 -0.0117369
429 -0.0099283 -0.00967304
430 -0.00519525 -0.00573412
431 0.000394114 -0.000532353
432 0.0057843 0.00502361
433 0.0100167 0.00988951
434 0.0124017 0.013093
435 0.0126171 0.0139416
436 0.0107256 0.012183
437 0.00712093 0.00807564
438 0.00243071 0.00235351
439 -0.00259732 -0.00391306
440 -0.00720311 -0.00953019
441 -0.0107057 -0.0134223
442 -0.0125774 -0.0148506
443 -0.0125039 -0.0135599
444 -0.0104316 -0.00982195
445 -0.0065957 -0.00436712
446 -0.00151815 0.00177709
447 0.00403912 0.00750033
448 0.00917121 0.0118248
449 0.0129722 0.0140742
450 0.0147004 0.0139652
451 0.0139343 0.0116144
452 0.0106821 0.00747499
453 0.00541374 0.00223182
454 -0.000998291 -0.00331535
455 -0.00742651 -0.00836013
456 -0.0126971 -0.0121804
457 -0.0158192 -0.0142135
458 -0.0161853 -0.0141201
459 -0.0136991 -0.0118372
460 -0.00879884 -0.00761211
461 -0.00237003 -0.00200228
462 0.00443357 0.00417252
463 0.0104201 0.00993404
464 0.0145865 0.0142974
465 0.016293 0.0164481
466 0.0153497 0.0159079
467 0.0120084 0.0126518
468 0.0068763 0.00714268
469 0.000783367 0.000270219
470 -0.00535916 -0.00680036
471 -0.0106832 -0.0128407
472 -0.0144594 -0.0167902
473 -0.0161661 -0.017956
474 -0.0155393 -0.0161416
475 -0.0126074 -0.0116758
476 -0.00770814 -0.00533964
477 -0.00147512 0.00179106
478 0.00521882 0.00855015
479 0.011367 0.013887
480 0.015976 0.0170315
481 0.018234 0.0175907
482 0.017667 0.0155688
483 0.0142486 0.0113236
484 0.00843562 0.00548351
485 0.00111318 -0.0011493
486 -0.00654569 -0.00769331
487 -0.013282 -0.0132748
488 -0.0179764 -0.0171132
489 -0.019851 -0.0186115
490 -0.018608 -0.0174475
491 -0.0144731 -0.0136538
492 -0.00814107 -0.00765988
493 -0.00063532 -0.000272112
494 0.00688093 0.00742199
495 0.0133013 0.0142185
496 0.0177403 0.0190029
497 0.0196398 0.0209546
498 0.0188093 0.0197041
499 0.015412 0.0154068
500 0.00991395 0.0087196
501 0.00301716 0.000682833
502 -0.00441297 -0.0074623
503 -0.011426 -0.014485
504 -0.0170773 -0.0193626
505 -0.0205368 -0.0214292
506 -0.0212121 -0.0204543
507 -0.0188646 -0.0166452
508 -0.0136919 -0.0105843
509 -0.00634243 -0.00312117
510 0.00215346 0.00475335
511 0.0105365 0.0120317
512 0.0175267 0.0177976
513 0.0220448 0.0213149
514 0.0233975 0.0220991
515 0.0213892 0.0199733
516 0.0163399 0.0151085
517 0.00901248 0.00803553
518 0.000473222 -0.000382438
519 -0.00808322 -0.00903339
520 -0.0155097 -0.0166961
521 -0.0208559 -0.0222237
522 -0.0234737 -0.0247386
523 -0.0230731 -0.0237982
524 -0.0197311 -0.0194872
525 -0.0138635 -0.0124129
526 -0.00616993 -0.00359973
527 0.00243913 0.00569131
528 0.0109294 0.0141742
529 0.0182437 0.0207341
530 0.0234161 0.0245703
531 0.0256953 0.0252696
532 0.0246626 0.0228155
533 0.0203242 0.0175502
534 0.0131499 0.0101121
535 0.00403985 0.00136253
536 -0.00578982 -0.00769273
537 -0.0149869 -0.0159918
538 -0.0222773 -0.0225186
539 -0.0266682 -0.0264172
540 -0.0275978 -0.0271089
541 -0.0250011 -0.0243904
542 -0.0192863 -0.0184938
543 -0.0112371 -0.0100853
544 -0.00187415 -0.000197057
545 0.00768953 0.00990523
546 0.0163726 0.0188993
547 0.0232189 0.0255981
548 0.0274659 0.0291234
549 0.0286007 0.0290288
550 0.0264127 0.0253526
551 0.0210405 0.0185928
552 0.0129961 0.00961584
553 0.00314871 -0.000478577
554 -0.00735208 -0.0105083
555 -0.0172115 -0.0193476
556 -0.0251674 -0.0260371
557 -0.0301772 -0.0298603
558 -0.0315756 -0.030391
559 -0.0291713 -0.027523
560 -0.023266 -0.0214859
561 -0.0145964 -0.0128482
562 -0.00421719 -0.00249326
563 0.00664942 0.00844287
564 0.0167691 0.0186838
565 0.0250335 0.0269698
566 0.0305671 0.0322375
567 0.0327976 0.0337868
568 0.0314926 0.0313959
569 0.026769 0.0253548
570 0.0190788 0.0164095
571 0.00917539 0.00563466
572 -0.00194211 -0.0057326
573 -0.0131094 -0.0164561
574 -0.0231049 -0.0254328
575 -0.0307812 -0.0317796
576 -0.0352067 -0.0348827
577 -0.0357975 -0.034423
578 -0.0324128 -0.0303942
579 -0.0253906 -0.0231167
580 -0.0155112 -0.0132393
581 -0.00389044 -0.00171197
582 0.00817526 0.0102839
583 0.0193822 0.0214542
584 0.0285754 0.0305456
585 0.0348615 0.0365113
586 0.0376697 0.0386537
587 0.0367657 0.0367176
588 0.0322384 0.0309154
589 0.024477 0.0218842
590 0.0141489 0.0105889
591 0.00217292 -0.00180442
592 -0.0103268 -0.0140619
593 -0.0221025 -0.025002
594 -0.0319069 -0.0335946
595 -0.0386465 -0.0390352
596 -0.0415373 -0.0408004
597 -0.0402236 -0.0386852
598 -0.0348308 -0.0328248
599 -0.0259391 -0.0236966
600 -0.0144871 -0.0120968
601 -0.00163428 0.000913997
602 0.0113842 0.0140982
603 0.0233806 0.0261601
604 0.033304 0.0358835
605 0.0402971 0.0422717
606 0.0437361 0.0446666
607 0.0432659 0.0428257
608 0.0388379 0.0369425
609 0.0307429 0.0276069
610 0.0196226 0.0157189
611 0.00644142 0.00237455
612 -0.00759126 -0.0112496
613 -0.0211452 -0.0239962
614 -0.0329204 -0.0348022
615 -0.0417969 -0.0427563
616 -0.0469557 -0.0471477
617 -0.0479517 -0.0475196
618 -0.0447334 -0.043725
619 -0.0376181 -0.0359762
620 -0.0272364 -0.024865
621 -0.0144628 -0.0113365
622 -0.000341302 0.00339614
623 0.0139877 0.0179852
624 0.0273626 0.0311081
625 0.038678 0.0416175
626 0.0469668 0.0486528
627 0.0514823 0.0516945
628 0.0517722 0.0505654
629 0.0477345 0.0453976
630 0.0396442 0.036588
631 0.0281397 0.0247637
632 0.0141684 0.0107597
633 -0.00110458 -0.0044031
634 -0.0164131 -0.0195578
635 -0.0305123 -0.0334681
636 -0.0422896 -0.0449407
637 -0.0508491 -0.05296
638 -0.0555634 -0.0568129
639 -0.0560956 -0.0561727
640 -0.0523999 -0.0511235
641 -0.0447119 -0.042122
642 -0.0335347 -0.0299156
643 -0.0196224 -0.0154448
644 -0.00395087 0.000244343
645 0.0123322 0.0160653
646 0.0279864 0.0309351
647 0.0417851 0.043813
648 0.0526367 0.053749
649 0.0596966 0.0599508
650 0.0624484 0.0618643
651 0.0607363 0.0592488
652 0.0547479 0.0522254
653 0.0449592 0.0412789
654 0.0320656 0.0272106
655 0.016919 0.0110491
656 0.000482945 -0.00605673
657 -0.0161973 -0.0229417
658 -0.0320255 -0.0385054
659 -0.0459021 -0.0517678
660 -0.0568007 -0.061904
661 -0.0638649 -0.0682715
662 -0.0665079 -0.0704403
663 -0.0644856 -0.0682266
664 -0.0579228 -0.0617248
665 -0.0472831 -0.0513243
666 -0.0332937 -0.0376986
667 -0.0168512 -0.0217632
668 0.00106537 -0.00460339
669 0.0194546 0.0126147
670 0.037323 0.028736
671 0.0537006 0.0426975
672 0.0676618 0.0535907
673 0.0783699 0.0607032
674 0.0851487 0.063542
675 0.0875647 0.0618456
676 0.0854976 0.0555891
677 0.0791692 0.0449851
678 0.0691216 0.0304782
679 0.0561457 0.0127298
680 0.0411863 -0.00741205
681 0.0252498 -0.0289596
682 0.0093388 -0.0508474
683 -0.00557894 -0.0720039
684 -0.0185791 -0.0914242
685 -0.0287867 -0.108235
686 -0.0354019 -0.121748
687 -0.0377518 -0.131485
688 -0.0353618 -0.1372
689 -0.0280228 -0.138868
690 -0.0158301 -0.13668
691 0.000823208 -0.131016
692 0.0212977 -0.122432
693 0.0447869 -0.11164
694 0.0703992 -0.0994833
695 0.0972196 -0.086903
696 0.124341 -0.0748935
697 0.150871 -0.064441
698 0.17593 -0.0564569
699 0.198671 -0.0517147
700 0.218311 -0.0508033
701 0.2342 -0.0541023
702 0.245882 -0.0617803
703 0.253147 -0.0738092
704 0.256039 -0.0899835
705 0.254834 -0.109935
706 0.249979 -0.133141
707 0.242028 -0.158922
708 0.231595 -0.186455
709 0.219323 -0.214786
710 0.205887 -0.242881
711 0.191992 -0.269676
712 0.17837 -0.294149
713 0.165747 -0.31538
714 0.154791 -0.332589
715 0.146048 -0.345152
716 0.139892 -0.352592
717 0.136492 -0.354568
718 0.135827 -0.350865
719 0.137713 -0.3414
720 0.141845 -0.326248
721 0.147841 -0.305662
722 0.155248 -0.280084
723 0.163549 -0.250135
724 0.172152 -0.216573
725 0.180386 -0.180234
726 0.18753 -0.141978
727 0.19285 -0.102649
728 0.195666 -0.063054
729 0.195402 -0.023969
730 0.191625 0.0138453
731 0.184059 0.0496392
732 0.172568 0.0826867
733 0.157133 0.11232
734 0.13784 0.137973
735 0.114869 0.159222
736 0.0885176 0.175804
737 0.0592126 0.187599
738 0.0275252 0.194606
739 -0.00583979 0.196889
740 -0.0400765 0.194558
741 -0.0743281 0.187754
742 -0.107739 0.176676
743 -0.139494 0.1616
744 -0.168843 0.142912
745 -0.195099 0.121101
746 -0.217632 0.096739
747 -0.23587 0.0704319
748 -0.24931 0.0427793
749 -0.257549 0.0143449
750 -0.260327 -0.0143449
751 -0.257549 -0.0427793
752 -0.24931 -0.0704319
753 -0.23587 -0.096739
754 -0.217632 -0.121101
755 -0.195099 -0.142912
756 -0.168843 -0.1616
757 -0.139494 -0.176676
758 -0.107739 -0.187754
759 -0.0743281 -0.194558
760 -0.0400765 -0.196889
761 -0.00583979 -0.194606
762 0.0275252 -0.187599
763 0.0592126 -0.175804
764 0.0885176 -0.159222
765 0.114869 -0.137973
766 0.13784 -0.11232
767 0.157133 -0.0826867
768 0.172568 -0.0496392
769 0.184059 -0.0138453
770 0.191625 0.023969
771 0.195402 0.063054
772 0.195666 0.102649
773 0.19285 0.141978
774 0.18753 0.180234
775 0.180386 0.216573
776 0.172152 0.250135
777 0.163549 0.280084
778 0.155248 0.305662
779 0.147841 0.326248
780 0.141845 0.3414
781 0.137713 0.350865
782 0.135827 0.354568
783 0.136492 0.352592
784 0.139892 0.345152
785 0.146048 0.332589
786 0.154791 0.31538
787 0.165747 0.294149
788 0.17837 0.269676
789 0.191992 0.242881
790 0.205887 0.214786
791 0.219323 0.186455
792 0.231595 0.158922
793 0.242028 0.133141
794 0.249979 0.109935
795 0.254834 0.0899835
796 0.256039 0.0738092
797 0.253147 0.0617803
798 0.245882 0.0541023
799 0.2342 0.0508033
800 0.218311 0.0517147
801 0.198671 0.0564569
802 0.17593 0.064441
803 0.150871 0.0748935
804 0.124341 0.086903
805 0.0972196 0.0994833
806 0.0703992 0.11164
807 0.0447869 0.122432
808 0.0212977 0.131016
809 0.000823208 0.13668
810 -0.0158301 0.138868
811 -0.0280228 0.1372
812 -0.0353618 0.131485
813 -0.0377518 0.121748
814 -0.0354019 0.108235
815 -0.0287867 0.0914242
816 -0.0185791 0.0720039
817 -0.00557894 0.0508474
818 0.0093388 0.0289596
819 0.0252498 0.00741205
820 0.0411863 -0.0127298
821 0.0561457 -0.0304782
822 0.0691216 -0.0449851
823 0.0791692 -0.0555891
824 0.0854976 -0.0618456
825 0.0875647 -0.063542
826 0.0851487 -0.0607032
827 0.0783699 -0.0535907
828 0.0676618 -0.0426975
829 0.0537006 -0.028736
830 0.037323 -0.0126147
831 0.0194546 0.00460339
832 0.00106537 0.0217632
833 -0.0168512 0.0376986
834 -0.0332937 0.0513243
835 -0.0472831 0.0617248
836 -0.0579228 0.0682266
837 -0.0644856 0.0704403
838 -0.0665079 0.0682715
839 -0.0638649 0.061904
840 -0.0568007 0.0517678
841 -0.0459021 0.0385054
842 -0.0320255 0.0229417
843 -0.0161973 0.00605673
844 0.000482945 -0.0110491
845 0.016919 -0.0272106
846 0.0320656 -0.0412789
847 0.0449592 -0.0522254
848 0.0547479 -0.0592488
849 0.0607363 -0.0618643
850 0.0624484 -0.0599508
851 0.0596966 -0.053749
852 0.0526367 -0.043813
853 0.0417851 -0.0309351
854 0.0279864 -0.0160653
855 0.0123322 -0.000244343
856 -0.00395087 0.0154448
857 -0.0196224 0.0299156
858 -0.0335347 0.042122
859 -0.0447119 0.0511235
860 -0.0523999 0.0561727
861 -0.0560956 0.0568129
862 -0.0555634 0.05296
863 -0.0508491 0.0449407
864 -0.0422896 0.0334681
865 -0.0305123 0.0195578
866 -0.0164131 0.0044031
867 -0.00110458 -0.0107597
868 0.0141684 -0.0247637
869 0.0281397 -0.036588
870 0.0396442 -0.0453976
871 0.0477345 -0.0505654
872 0.0517722 -0.0516945
873 0.0514823 -0.0486528
874 0.0469668 -0.0416175
875 0.038678 -0.0311081
876 0.0273626 -0.0179852
877 0.0139877 -0.00339614
878 -0.000341302 0.0113365
879 -0.0144628 0.024865
880 -0.0272364 0.0359762
881 -0.0376181 0.043725
882 -0.0447334 0.0475196
883 -0.0479517 0.0471477
884 -0.0469557 0.0427563
885 -0.0417969 0.0348022
886 -0.0329204 0.0239962
887 -0.0211452 0.0112496
888 -0.00759126 -0.00237455
889 0.00644142 -0.0157189
890 0.0196226 -0.0276069
891 0.0307429 -0.0369425
892 0.0388379 -0.0428257
893 0.0432659 -0.0446666
894 0.0437361 -0.0422717
895 0.0402971 -0.0358835
896 0.033304 -0.0261601
897 0.0233806 -0.0140982
898 0.0113842 -0.000913997
899 -0.00163428 0.0120968
900 -0.0144871 0.0236966
901 -0.0259391 0.0328248
902 -0.0348308 0.0386852
903 -0.0402236 0.0408004
904 -0.0415373 0.0390352
905 -0.0386465 0.0335946
906 -0.0319069 0.025002
907 -0.0221025 0.0140619
908 -0.0103268 0.00180442
909 0.00217292 -0.0105889
910 0.0141489 -0.0218842
911 0.024477 -0.0309154
912 0.0322384 -0.0367176
913 0.0367657 -0.0386537
914 0.0376697 -0.0365113
915 0.0348615 -0.0305456
916 0.0285754 -0.0214542
917 0.0193822 -0.0102839
918 0.00817526 0.00171197
919 -0.00389044 0.0132393
920 -0.0155112 0.0231167
921 -0.0253906 0.0303942
922 -0.0324128 0.034423
923 -0.0357975 0.0348827
924 -0.0352067 0.0317796
925 -0.0307812 0.0254328
926 -0.0231049 0.0164561
927 -0.0131094 0.0057326
928 -0.00194211 -0.00563466
929 0.00917539 -0.0164095
930 0.0190788 -0.0253548
931 0.026769 -0.0313959
932 0.0314926 -0.0337868
933 0.0327976 -0.0322375
934 0.0305671 -0.0269698
935 0.0250335 -0.0186838
936 0.0167691 -0.00844287
937 0.00664942 0.00249326
938 -0.00421719 0.0128482
939 -0.0145964 0.0214859
940 -0.023266 0.027523
941 -0.0291713 0.030391
942 -0.0315756 0.0298603
943 -0.0301772 0.0260371
944 -0.0251674 0.0193476
945 -0.0172115 0.0105083
946 -0.00735208 0.000478577
947 0.00314871 -0.00961584
948 0.0129961 -0.0185928
949 0.0210405 -0.0253526
950 0.0264127 -0.0290288
951 0.0286007 -0.0291234
952 0.0274659 -0.0255981
953 0.0232189 -0.0188993
954 0.0163726 -0.00990523
955 0.00768953 0.000197057
956 -0.00187415 0.0100853
957 -0.0112371 0.0184938
958 -0.0192863 0.0243904
959 -0.0250011 0.0271089
960 -0.0275978 0.0264172
961 -0.0266682 0.0225186
962 -0.0222773 0.0159918
963 -0.0149869 0.00769273
964 -0.00578982 -0.00136253
965 0.00403985 -0.0101121
966 0.0131499 -0.0175502
967 0.0203242 -0.0228155
968 0.0246626 -0.0252696
969 0.0256953 -0.0245703
970 0.0234161 -0.0207341
971 0.0182437 -0.0141742
972 0.0109294 -0.00569131
973 0.00243913 0.00359973
974 -0.00616993 0.0124129
975 -0.0138635 0.0194872
976 -0.0197311 0.0237982
977 -0.0230731 0.0247386
978 -0.0234737 0.0222237
979 -0.0208559 0.0166961
980 -0.0155097 0.00903339
981 -0.00808322 0.000382438
982 0.000473222 -0.00803553
983 0.00901248 -0.0151085
984 0.0163399 -0.0199733
985 0.0213892 -0.0220991
986 0.0233975 -0.0213149
987 0.0220448 -0.0177976
988 0.0175267 -0.0120317
989 0.0105365 -0.00475335
990 0.00215346 0.00312117
991 -0.00634243 0.0105843
992 -0.0136919 0.0166452
993 -0.0188646 0.0204543
994 -0.0212121 0.0214292
995 -0.0205368 0.0193626
996 -0.0170773 0.014485
997 -0.011426 0.0074623
998 -0.00441297 -0.000682833
999 0.00301716 -0.0087196
