0 -0.0138944 -0.018646
1 -0.026245 -0.0283976
2 -0.0362893 -0.0357393
3 -0.0428435 -0.0401566
4 -0.0451296 -0.0413246
5 -0.0428898 -0.0391046
6 -0.0364089 -0.0335528
7 -0.0264461 -0.0249453
8 -0.0141009 -0.0138095
9 -0.00064591 -0.000946855
10 0.0126372 0.0125789
11 0.0245926 0.0255066
12 0.0342812 0.036503
13 0.0410247 0.0443371
14 0.0444104 0.0480697
15 0.0442725 0.0472156
16 0.0406632 0.0418331
17 0.0338294 0.0325171
18 0.0242011 0.0202938
19 0.0123906 0.00644577
20 -0.000806512 -0.00768683
21 -0.0144226 -0.0208792
22 -0.0273569 -0.0321348
23 -0.0384515 -0.0407255
24 -0.0466041 -0.0461747
25 -0.0509068 -0.0482115
26 -0.0507852 -0.0467298
27 -0.0461086 -0.041776
28 -0.0372414 -0.0335676
29 -0.025015 -0.0225317
30 -0.0106201 -0.00933861
31 0.00456221 0.00509365
32 0.0191533 0.0196408
33 0.0319503 0.0330626
34 0.042041 0.0441319
35 0.0488431 0.0517812
36 0.052074 0.0552399
37 0.051679 0.0541373
38 0.0477583 0.0485508
39 0.0405258 0.0389926
40 0.0303148 0.0263365
41 0.017622 0.0117011
42 0.00315954 -0.0036883
43 -0.0121219 -0.0186338
44 -0.027067 -0.0320733
45 -0.0404158 -0.043148
46 -0.0509543 -0.0512267
47 -0.057681 -0.0558937
48 -0.0599493 -0.0569178
49 -0.0575527 -0.0542228
50 -0.0507368 -0.0478785
51 -0.0401412 -0.0381205
52 -0.0266924 -0.0253924
53 -0.0114761 -0.0103904
54 0.00438442 0.00592093
55 0.0198234 0.0223449
56 0.0338932 0.0375558
57 0.045791 0.0502547
58 0.0548636 0.0593473
59 0.0606017 0.0640966
60 0.0626389 0.0642119
61 0.0607642 0.0598499
62 0.0549503 0.0515359
63 0.045392 0.040034
64 0.0325411 0.02621
65 0.0171232 0.0109291
66 0.000119989 -0.00499227
67 -0.0172905 -0.020779
68 -0.0338355 -0.035661
69 -0.0482776 -0.0488399
70 -0.0595524 -0.059492
71 -0.0668859 -0.0668203
72 -0.0698663 -0.0701497
73 -0.0684558 -0.0690423
74 -0.0629399 -0.0633954
75 -0.0538346 -0.0534938
76 -0.0417797 -0.039997
77 -0.0274546 -0.0238631
78 -0.0115387 -0.0062294
79 0.00527719 0.0117212
80 0.0222469 0.0288783
81 0.0385272 0.0442841
82 0.053172 0.0571707
83 0.065187 0.0669589
84 0.0736396 0.0732369
85 0.0777999 0.0757363
86 0.0772686 0.0743191
87 0.0720529 0.068983
88 0.0625639 0.0598815
89 0.0495382 0.0473515
90 0.0339086 0.0319336
91 0.0166635 0.0143767
92 -0.00126392 -0.00438381
93 -0.0190519 -0.0232785
94 -0.0359873 -0.0411838
95 -0.0514233 -0.0570213
96 -0.0647284 -0.0698604
97 -0.0752618 -0.0790058
98 -0.0823935 -0.0840488
99 -0.0855725 -0.0848723
100 -0.0844223 -0.0816095
101 -0.0788317 -0.0745712
102 -0.0690105 -0.0641679
103 -0.0554882 -0.050853
104 -0.0390551 -0.0351064
105 -0.0206634 -0.017458
106 -0.00131622 0.00146467
107 0.0180273 0.0208946
108 0.0365121 0.0399189
109 0.0534077 0.0575253
110 0.0680986 0.0726992
111 0.0800616 0.0845488
112 0.088846 0.0924225
113 0.0940712 0.095985
114 0.0954433 0.0952267
115 0.0927877 0.0904083
116 0.0860884 0.08196
117 0.0755222 0.0703734
118 0.061477 0.0561221
119 0.0445469 0.039639
120 0.0254999 0.0213513
121 0.00522125 0.00175236
122 -0.0153604 -0.0185281
123 -0.0353507 -0.0386937
124 -0.053955 -0.0578148
125 -0.0705197 -0.0749234
126 -0.0845407 -0.0891418
127 -0.0956419 -0.0998029
128 -0.103537 -0.106523
129 -0.107994 -0.109208
130 -0.108814 -0.107989
131 -0.105847 -0.103129
132 -0.0990335 -0.0949316
133 -0.0884638 -0.0836777
134 -0.0744261 -0.0696252
135 -0.057429 -0.0530504
136 -0.0381756 -0.0343148
137 -0.0174946 -0.0139222
138 0.0037576 0.00746017
139 0.0247957 0.0290314
140 0.0449735 0.0499308
141 0.0638027 0.0693352
142 0.0809186 0.0865476
143 0.0960111 0.101053
144 0.108753 0.112528
145 0.118758 0.120804
146 0.125597 0.125808
147 0.128859 0.127508
148 0.128254 0.125878
149 0.123698 0.120903
150 0.115361 0.112606
151 0.103651 0.101098
152 0.0891315 0.0866135
153 0.0724119 0.0695255
154 0.0540429 0.0503317
155 0.0344563 0.0296161
156 0.0139673 0.00799756
157 -0.0071663 -0.0139209
158 -0.028657 -0.0355898
159 -0.0501114 -0.0565331
160 -0.0709992 -0.0763492
161 -0.0906835 -0.0946964
162 -0.108506 -0.111272
163 -0.123892 -0.125794
164 -0.136449 -0.137986
165 -0.146002 -0.147585
166 -0.152576 -0.154351
167 -0.156315 -0.158099
168 -0.157381 -0.158723
169 -0.155868 -0.156219
170 -0.151768 -0.150692
171 -0.144999 -0.142347
172 -0.135484 -0.131458
173 -0.12324 -0.118334
174 -0.108449 -0.103274
175 -0.0914638 -0.0865466
176 -0.0727698 -0.0683746
177 -0.0528917 -0.0489516
178 -0.0322994 -0.0284716
179 -0.0113408 -0.00716507
180 0.00977592 0.0146752
181 0.0309456 0.0366914
182 0.0520948 0.0584862
183 0.0731055 0.0796706
184 0.0937651 0.0999187
185 0.113763 0.119009
186 0.132732 0.136836
187 0.150325 0.153385
188 0.166285 0.168681
189 0.180494 0.182727
190 0.192973 0.195463
191 0.203837 0.206755
192 0.213224 0.216422
193 0.221229 0.224299
194 0.22786 0.230296
195 0.233048 0.234446
196 0.23669 0.236904
197 0.238709 0.23791
198 0.239107 0.237722
199 0.237993 0.236542
200 0.235561 0.234465
201 0.23205 0.23148
202 0.227686 0.227507
203 0.222633 0.222472
204 0.216975 0.216374
205 0.210729 0.209336
206 0.20388 0.201594
207 0.196431 0.193448
208 0.188434 0.185183
209 0.18001 0.176986
210 0.171329 0.168911
211 0.162575 0.160884
212 0.153905 0.152767
213 0.145415 0.144434
214 0.137131 0.135858
215 0.129024 0.127138
216 0.121048 0.118487
217 0.113175 0.110161
218 0.105424 0.102372
219 0.0978576 0.095216
220 0.0905706 0.0886409
221 0.0836537 0.0824777
222 0.0771664 0.0765131
223 0.0711205 0.0705807
224 0.0654831 0.0646318
225 0.060194 0.0587566
226 0.0551916 0.0531494
227 0.050436 0.0480283
228 0.0459203 0.0435455
229 0.0416692 0.0397216
230 0.0377239 0.0364328
231 0.0341215 0.0334558
232 0.0308764 0.0305529
233 0.0279708 0.027563
234 0.0253579 0.024462
235 0.0229779 0.0213675
236 0.0207776 0.0184851
237 0.0187276 0.0160189
238 0.0168282 0.0140817
239 0.0151028 0.0126427
240 0.0135814 0.0115334
241 0.0122823 0.0105098
242 0.0112002 0.00934598
243 0.0103068 0.00792018
244 0.00956023 0.00625831
245 0.00892127 0.00451771
246 0.00836702 0.00291738
247 0.00789705 0.00164342
248 0.00753019 0.000768034
249 0.0072941 0.000214943
250 0.00721236 -0.000214943
251 0.0072941 -0.000768034
252 0.00753019 -0.00164342
253 0.00789705 -0.00291738
254 0.00836702 -0.00451771
255 0.00892127 -0.00625831
256 0.00956023 -0.00792018
257 0.0103068 -0.00934598
258 0.0112002 -0.0105098
259 0.0122823 -0.0115334
260 0.0135814 -0.0126427
261 0.0151028 -0.0140817
262 0.0168282 -0.0160189
263 0.0187276 -0.0184851
264 0.0207776 -0.0213675
265 0.0229779 -0.024462
266 0.0253579 -0.027563
267 0.0279708 -0.0305529
268 0.0308764 -0.0334558
269 0.0341215 -0.0364328
270 0.0377239 -0.0397216
271 0.0416692 -0.0435455
272 0.0459203 -0.0480283
273 0.050436 -0.0531494
274 0.0551916 -0.0587566
275 0.060194 -0.0646318
276 0.0654831 -0.0705807
277 0.0711205 -0.0765131
278 0.0771664 -0.0824777
279 0.0836537 -0.0886409
280 0.0905706 -0.095216
281 0.0978576 -0.102372
282 0.105424 -0.110161
283 0.113175 -0.118487
284 0.121048 -0.127138
285 0.129024 -0.135858
286 0.137131 -0.144434
287 0.145415 -0.152767
288 0.153905 -0.160884
289 0.162575 -0.168911
290 0.171329 -0.176986
291 0.18001 -0.185183
292 0.188434 -0.193448
293 0.196431 -0.201594
294 0.20388 -0.209336
295 0.210729 -0.216374
296 0.216975 -0.222472
297 0.222633 -0.227507
298 0.227686 -0.23148
299 0.23205 -0.234465
300 0.235561 -0.236542
301 0.237993 -0.237722
302 0.239107 -0.23791
303 0.238709 -0.236904
304 0.23669 -0.234446
305 0.233048 -0.230296
306 0.22786 -0.224299
307 0.221229 -0.216422
308 0.213224 -0.206755
309 0.203837 -0.195463
310 0.192973 -0.182727
311 0.180494 -0.168681
312 0.166285 -0.153385
313 0.150325 -0.136836
314 0.132732 -0.119009
315 0.113763 -0.0999187
316 0.0937651 -0.0796706
317 0.0731055 -0.0584862
318 0.0520948 -0.0366914
319 0.0309456 -0.0146752
320 0.00977592 0.00716507
321 -0.0113408 0.0284716
322 -0.0322994 0.0489516
323 -0.0528917 0.0683746
324 -0.0727698 0.0865466
325 -0.0914638 0.103274
326 -0.108449 0.118334
327 -0.12324 0.131458
328 -0.135484 0.142347
329 -0.144999 0.150692
330 -0.151768 0.156219
331 -0.155868 0.158723
332 -0.157381 0.158099
333 -0.156315 0.154351
334 -0.152576 0.147585
335 -0.146002 0.137986
336 -0.136449 0.125794
337 -0.123892 0.111272
338 -0.108506 0.0946964
339 -0.0906835 0.0763492
340 -0.0709992 0.0565331
341 -0.0501114 0.0355898
342 -0.028657 0.0139209
343 -0.0071663 -0.00799756
344 0.0139673 -0.0296161
345 0.0344563 -0.0503317
346 0.0540429 -0.0695255
347 0.0724119 -0.0866135
348 0.0891315 -0.101098
349 0.103651 -0.112606
350 0.115361 -0.120903
351 0.123698 -0.125878
352 0.128254 -0.127508
353 0.128859 -0.125808
354 0.125597 -0.120804
355 0.118758 -0.112528
356 0.108753 -0.101053
357 0.0960111 -0.0865476
358 0.0809186 -0.0693352
359 0.0638027 -0.0499308
360 0.0449735 -0.0290314
361 0.0247957 -0.00746017
362 0.0037576 0.0139222
363 -0.0174946 0.0343148
364 -0.0381756 0.0530504
365 -0.057429 0.0696252
366 -0.0744261 0.0836777
367 -0.0884638 0.0949316
368 -0.0990335 0.103129
369 -0.105847 0.107989
370 -0.108814 0.109208
371 -0.107994 0.106523
372 -0.103537 0.0998029
373 -0.0956419 0.0891418
374 -0.0845407 0.0749234
375 -0.0705197 0.0578148
376 -0.053955 0.0386937
377 -0.0353507 0.0185281
378 -0.0153604 -0.00175236
379 0.00522125 -0.0213513
380 0.0254999 -0.039639
381 0.0445469 -0.0561221
382 0.061477 -0.0703734
383 0.0755222 -0.08196
384 0.0860884 -0.0904083
385 0.0927877 -0.0952267
386 0.0954433 -0.095985
387 0.0940712 -0.0924225
388 0.088846 -0.0845488
389 0.0800616 -0.0726992
390 0.0680986 -0.0575253
391 0.0534077 -0.0399189
392 0.0365121 -0.0208946
393 0.0180273 -0.00146467
394 -0.00131622 0.017458
395 -0.0206634 0.0351064
396 -0.0390551 0.050853
397 -0.0554882 0.0641679
398 -0.0690105 0.0745712
399 -0.0788317 0.0816095
400 -0.0844223 0.0848723
401 -0.0855725 0.0840488
402 -0.0823935 0.0790058
403 -0.0752618 0.0698604
404 -0.0647284 0.0570213
405 -0.0514233 0.0411838
406 -0.0359873 0.0232785
407 -0.0190519 0.00438381
408 -0.00126392 -0.0143767
409 0.0166635 -0.0319336
410 0.0339086 -0.0473515
411 0.0495382 -0.0598815
412 0.0625639 -0.068983
413 0.0720529 -0.0743191
414 0.0772686 -0.0757363
415 0.0777999 -0.0732369
416 0.0736396 -0.0669589
417 0.065187 -0.0571707
418 0.053172 -0.0442841
419 0.0385272 -0.0288783
420 0.0222469 -0.0117212
421 0.00527719 0.0062294
422 -0.0115387 0.0238631
423 -0.0274546 0.039997
424 -0.0417797 0.0534938
425 -0.0538346 0.0633954
426 -0.0629399 0.0690423
427 -0.0684558 0.0701497
428 -0.0698663 0.0668203
429 -0.0668859 0.059492
430 -0.0595524 0.0488399
431 -0.0482776 0.035661
432 -0.0338355 0.020779
433 -0.0172905 0.00499227
434 0.000119989 -0.0109291
435 0.0171232 -0.02621
436 0.0325411 -0.040034
437 0.045392 -0.0515359
438 0.0549503 -0.0598499
439 0.0607642 -0.0642119
440 0.0626389 -0.0640966
441 0.0606017 -0.0593473
442 0.0548636 -0.0502547
443 0.045791 -0.0375558
444 0.0338932 -0.0223449
445 0.0198234 -0.00592093
446 0.00438442 0.0103904
447 -0.0114761 0.0253924
448 -0.0266924 0.0381205
449 -0.0401412 0.0478785
450 -0.0507368 0.0542228
451 -0.0575527 0.0569178
452 -0.0599493 0.0558937
453 -0.057681 0.0512267
454 -0.0509543 0.043148
455 -0.0404158 0.0320733
456 -0.027067 0.0186338
457 -0.0121219 0.0036883
458 0.00315954 -0.0117011
459 0.017622 -0.0263365
460 0.0303148 -0.0389926
461 0.0405258 -0.0485508
462 0.0477583 -0.0541373
463 0.051679 -0.0552399
464 0.052074 -0.0517812
465 0.0488431 -0.0441319
466 0.042041 -0.0330626
467 0.0319503 -0.0196408
468 0.0191533 -0.00509365
469 0.00456221 0.00933861
470 -0.0106201 0.0225317
471 -0.025015 0.0335676
472 -0.0372414 0.041776
473 -0.0461086 0.0467298
474 -0.0507852 0.0482115
475 -0.0509068 0.0461747
476 -0.0466041 0.0407255
477 -0.0384515 0.0321348
478 -0.0273569 0.0208792
479 -0.0144226 0.00768683
480 -0.000806512 -0.00644577
481 0.0123906 -0.0202938
482 0.0242011 -0.0325171
483 0.0338294 -0.0418331
484 0.0406632 -0.0472156
485 0.0442725 -0.0480697
486 0.0444104 -0.0443371
487 0.0410247 -0.036503
488 0.0342812 -0.0255066
489 0.0245926 -0.0125789
490 0.0126372 0.000946855
491 -0.00064591 0.0138095
492 -0.0141009 0.0249453
493 -0.0264461 0.0335528
494 -0.0364089 0.0391046
495 -0.0428898 0.0413246
496 -0.0451296 0.0401566
497 -0.0428435 0.0357393
498 -0.0362893 0.0283976
499 -0.026245 0.018646
500 -0.0138944 0.00719355
501 -0.000641568 -0.00506469
502 0.0121031 -0.0170828
503 0.0231155 -0.027735
504 0.0314894 -0.0359223
505 0.0366844 -0.040706
506 0.0385014 -0.0414478
507 0.0370115 -0.0379308
508 0.0324788 -0.0304326
509 0.025307 -0.0197283
510 0.0160234 -0.00701188
511 0.00529058 0.00625689
512 -0.00607686 0.0185572
513 -0.0171207 0.0285248
514 -0.0267923 0.0351415
515 -0.0340546 0.0378579
516 -0.0380205 0.036628
517 -0.0380989 0.0318563
518 -0.0341171 0.0242772
519 -0.0263892 0.0148059
520 -0.0157126 0.00440085
521 -0.0032859 -0.00603197
522 0.00944087 -0.0156817
523 0.0209625 -0.0238337
524 0.0299288 -0.029858
525 0.035334 -0.0332134
526 0.0366511 -0.0334888
527 0.0338888 -0.0304785
528 0.0275615 -0.0242712
529 0.0185808 -0.0153183
530 0.0080952 -0.00444954
531 -0.00268835 0.00718374
532 -0.0126632 0.0182364
533 -0.0209346 0.0273499
534 -0.0268708 0.0333515
535 -0.0301012 0.0354368
536 -0.0304798 0.0333019
537 -0.0280443 0.027202
538 -0.0229914 0.0179253
539 -0.0156812 0.00668334
540 -0.00666225 -0.00506575
541 0.00330602 -0.0158344
542 0.0132617 -0.0243244
543 0.0221047 -0.0296089
544 0.0287223 -0.0312429
545 0.0321612 -0.0292834
546 0.0318085 -0.0242234
547 0.0275363 -0.016862
548 0.0197702 -0.00814865
549 0.00945753 0.000957836
550 -0.00206114 0.00958899
551 -0.0132534 0.0170141
552 -0.0226296 0.022647
553 -0.0289684 0.0260358
554 -0.031494 0.0268613
555 -0.0299796 0.0249601
556 -0.024764 0.0203735
557 -0.0166792 0.0134044
558 -0.00690543 0.00465675
559 0.00322297 -0.00497083
560 0.012424 -0.014354
561 0.0196491 -0.0222763
562 0.0242052 -0.0276082
563 0.0258004 -0.0295006
564 0.0245138 -0.0275503
565 0.020712 -0.0219009
566 0.014945 -0.0132536
567 0.00785441 -0.00277996
568 0.000115202 0.00805013
569 -0.00758746 0.0176964
570 -0.0145624 0.0247923
571 -0.020123 0.0283621
572 -0.0236262 0.0279733
573 -0.0245487 0.0237968
574 -0.0225877 0.0165647
575 -0.0177625 0.00743239
576 -0.0104812 -0.00222808
577 -0.00154529 -0.0110615
578 0.00792222 -0.0179438
579 0.0166219 -0.0221342
580 0.0232734 -0.0233399
581 0.0268281 -0.0216907
582 0.0266583 -0.0176452
583 0.0226869 -0.0118639
584 0.0154276 -0.00508765
585 0.00592475 0.00195079
586 -0.00440351 0.00857436
587 -0.0139933 0.0141784
588 -0.0213955 0.0182374
589 -0.0255199 0.0203229
590 -0.0258172 0.0201429
591 -0.0223623 0.0175976
592 -0.0158234 0.0128356
593 -0.00732505 0.00628883
594 0.00176633 -0.00133424
595 0.0100872 -0.00910498
596 0.0165023 -0.0159796
597 0.0202666 -0.0209409
598 0.021098 -0.0231573
599 0.0191572 -0.0221353
600 0.0149549 -0.0178384
601 0.00921874 -0.0107441
602 0.00275649 -0.00181807
603 -0.00365444 0.00760671
604 -0.00933875 0.0160356
605 -0.0137576 0.0220721
606 -0.0165193 0.02468
607 -0.0173815 0.0233916
608 -0.0162585 0.0184096
609 -0.0132343 0.0105782
610 -0.00857675 0.00122601
611 -0.00274277 -0.00808322
612 0.00363812 -0.0158379
613 0.00980764 -0.0208439
614 0.0149528 -0.0224169
615 0.0183063 -0.0204714
616 0.0192626 -0.0154984
617 0.0174958 -0.00844528
618 0.0130563 -0.000527408
619 0.00642144 0.00698978
620 -0.00152237 0.0129999
621 -0.00958121 0.0167204
622 -0.0164344 0.0177882
623 -0.0208688 0.0162749
624 -0.0220202 0.0126268
625 -0.0195666 0.00754796
626 -0.0138232 0.00185615
627 -0.00570976 -0.00365581
628 0.00340672 -0.00832667
629 0.0119624 -0.0116867
630 0.0184863 -0.0134714
631 0.0218691 -0.0136013
632 0.0215596 -0.012148
633 0.0176559 -0.00930383
634 0.0108783 -0.00536374
635 0.00243366 -0.000720091
636 -0.00620269 0.00414165
637 -0.0135512 0.00865997
638 -0.0183912 0.0122398
639 -0.0199763 0.0143241
640 -0.0181593 0.0144881
641 -0.0134027 0.0125368
642 -0.00666959 0.00858178
643 0.000779622 0.00307331
644 0.00763943 -0.00323073
645 0.0128041 -0.00936137
646 0.0155528 -0.0142897
647 0.0156416 -0.0171077
648 0.0132934 -0.0172047
649 0.00910275 -0.014405
650 0.00388845 -0.00903583
651 -0.0014688 -0.00190607
652 -0.00617119 0.00580755
653 -0.00961073 0.0127545
654 -0.0114299 0.017654
655 -0.0115362 0.019543
656 -0.0100781 0.0179805
657 -0.00739023 0.0131587
658 -0.0039222 0.00589358
659 -0.000163276 -0.00251345
660 0.00342243 -0.0105179
661 0.00644077 -0.0166311
662 0.00858957 -0.0197125
663 0.00966309 -0.0191935
664 0.00954994 -0.0151863
665 0.00823537 -0.00845706
666 0.00581341 -0.000272876
667 0.00250477 0.00784325
668 -0.00133186 0.0144008
669 -0.0052107 0.018218
670 -0.00856365 0.0186371
671 -0.0108205 0.0156404
672 -0.0115133 0.00984795
673 -0.0103826 0.00239439
674 -0.00745949 -0.0052915
675 -0.00309816 -0.0117656
676 0.00205309 -0.0158499
677 0.00714469 -0.0168577
678 0.0112676 -0.0147162
679 0.0136201 -0.0099591
680 0.0136676 -0.00359593
681 0.0112656 0.00310974
682 0.00671616 0.00889954
683 0.000744101 0.0127604
684 -0.00561256 0.0140983
685 -0.0111822 0.0128188
686 -0.0148797 0.00930877
687 -0.0159252 0.00433443
688 -0.0140153 -0.00112012
689 -0.0094078 -0.00604138
690 -0.00289647 -0.00957034
691 0.00432455 -0.0111513
692 0.0108836 -0.0106203
693 0.0154986 -0.00821691
694 0.0172346 -0.00451656
695 0.0156985 -0.000298004
696 0.0111297 0.00362449
697 0.0043653 0.00656506
698 -0.00331424 0.00808913
699 -0.0104308 0.00807044
700 -0.0155967 0.00667686
701 -0.0177892 0.00429891
702 -0.0165554 0.00144666
703 -0.012108 -0.00135642
704 -0.00529066 -0.0036617
705 0.00258103 -0.00515466
706 0.00997375 -0.00568432
707 0.015437 -0.0052661
708 0.0178911 -0.00406238
709 0.0168443 -0.00234406
710 0.0124954 -0.000437114
711 0.0056986 0.00133825
712 -0.00220411 0.00272406
713 -0.00964953 0.00356346
714 -0.0151658 0.00381261
715 -0.0176673 0.00352465
716 -0.0166707 0.00281481
717 -0.01239 0.00182175
718 -0.00568981 0.000679767
719 0.00209023 -0.000491102
720 0.009405 -0.00158018
721 0.0148109 -0.00247732
722 0.0172503 -0.00307206
723 0.0162572 -0.0032671
724 0.0120467 -0.00300299
725 0.00546981 -0.00228356
726 -0.0021558 -0.00118974
727 -0.00930711 0.00012597
728 -0.014559 0.00146389
729 -0.0168695 0.00261254
730 -0.0157889 0.00338466
731 -0.0115507 0.00364586
732 -0.005023 0.00333348
733 0.00246902 0.00246681
734 0.0094139 0.0011509
735 0.0144205 -0.000427624
736 0.0164975 -0.00201718
737 0.0152491 -0.00333508
738 0.0109479 -0.00411841
739 0.00447438 -0.00418312
740 -0.00286364 -0.00347536
741 -0.00959364 -0.00209703
742 -0.0143706 -0.000293932
743 -0.0162427 0.00159339
744 -0.0148393 0.00320332
745 -0.0104452 0.00423057
746 -0.00394565 0.00448708
747 0.00334848 0.00393325
748 0.00996289 0.0026772
749 0.0145577 0.000947936
750 0.0162005 -0.000947936
751 0.0145577 -0.0026772
752 0.00996289 -0.00393325
753 0.00334848 -0.00448708
754 -0.00394565 -0.00423057
755 -0.0104452 -0.00320332
756 -0.0148393 -0.00159339
757 -0.0162427 0.000293932
758 -0.0143706 0.00209703
759 -0.00959364 0.00347536
760 -0.00286364 0.00418312
761 0.00447438 0.00411841
762 0.0109479 0.00333508
763 0.0152491 0.00201718
764 0.0164975 0.000427624
765 0.0144205 -0.0011509
766 0.0094139 -0.00246681
767 0.00246902 -0.00333348
768 -0.005023 -0.00364586
769 -0.0115507 -0.00338466
770 -0.0157889 -0.00261254
771 -0.0168695 -0.00146389
772 -0.014559 -0.00012597
773 -0.00930711 0.00118974
774 -0.0021558 0.00228356
775 0.00546981 0.00300299
776 0.0120467 0.0032671
777 0.0162572 0.00307206
778 0.0172503 0.00247732
779 0.0148109 0.00158018
780 0.009405 0.000491102
781 0.00209023 -0.000679767
782 -0.00568981 -0.00182175
783 -0.01239 -0.00281481
784 -0.0166707 -0.00352465
785 -0.0176673 -0.00381261
786 -0.0151658 -0.00356346
787 -0.00964953 -0.00272406
788 -0.00220411 -0.00133825
789 0.0056986 0.000437114
790 0.0124954 0.00234406
791 0.0168443 0.00406238
792 0.0178911 0.0052661
793 0.015437 0.00568432
794 0.00997375 0.00515466
795 0.00258103 0.0036617
796 -0.00529066 0.00135642
797 -0.012108 -0.00144666
798 -0.0165554 -0.00429891
799 -0.0177892 -0.00667686
800 -0.0155967 -0.00807044
801 -0.0104308 -0.00808913
802 -0.00331424 -0.00656506
803 0.0043653 -0.00362449
804 0.0111297 0.000298004
805 0.0156985 0.00451656
806 0.0172346 0.00821691
807 0.0154986 0.0106203
808 0.0108836 0.0111513
809 0.00432455 0.00957034
810 -0.00289647 0.00604138
811 -0.0094078 0.00112012
812 -0.0140153 -0.00433443
813 -0.0159252 -0.00930877
814 -0.0148797 -0.0128188
815 -0.0111822 -0.0140983
816 -0.00561256 -0.0127604
817 0.000744101 -0.00889954
818 0.00671616 -0.00310974
819 0.0112656 0.00359593
820 0.0136676 0.0099591
821 0.0136201 0.0147162
822 0.0112676 0.0168577
823 0.00714469 0.0158499
824 0.00205309 0.0117656
825 -0.00309816 0.0052915
826 -0.00745949 -0.00239439
827 -0.0103826 -0.00984795
828 -0.0115133 -0.0156404
829 -0.0108205 -0.0186371
830 -0.00856365 -0.018218
831 -0.0052107 -0.0144008
832 -0.00133186 -0.00784325
833 0.00250477 0.000272876
834 0.00581341 0.00845706
835 0.00823537 0.0151863
836 0.00954994 0.0191935
837 0.00966309 0.0197125
838 0.00858957 0.0166311
839 0.00644077 0.0105179
840 0.00342243 0.00251345
841 -0.000163276 -0.00589358
842 -0.0039222 -0.0131587
843 -0.00739023 -0.0179805
844 -0.0100781 -0.019543
845 -0.0115362 -0.017654
846 -0.0114299 -0.0127545
847 -0.00961073 -0.00580755
848 -0.00617119 0.00190607
849 -0.0014688 0.00903583
850 0.00388845 0.014405
851 0.00910275 0.0172047
852 0.0132934 0.0171077
853 0.0156416 0.0142897
854 0.0155528 0.00936137
855 0.0128041 0.00323073
856 0.00763943 -0.00307331
857 0.000779622 -0.00858178
858 -0.00666959 -0.0125368
859 -0.0134027 -0.0144881
860 -0.0181593 -0.0143241
861 -0.0199763 -0.0122398
862 -0.0183912 -0.00865997
863 -0.0135512 -0.00414165
864 -0.00620269 0.000720091
865 0.00243366 0.00536374
866 0.0108783 0.00930383
867 0.0176559 0.012148
868 0.0215596 0.0136013
869 0.0218691 0.0134714
870 0.0184863 0.0116867
871 0.0119624 0.00832667
872 0.00340672 0.00365581
873 -0.00570976 -0.00185615
874 -0.0138232 -0.00754796
875 -0.0195666 -0.0126268
876 -0.0220202 -0.0162749
877 -0.0208688 -0.0177882
878 -0.0164344 -0.0167204
879 -0.00958121 -0.0129999
880 -0.00152237 -0.00698978
881 0.00642144 0.000527408
882 0.0130563 0.00844528
883 0.0174958 0.0154984
884 0.0192626 0.0204714
885 0.0183063 0.0224169
886 0.0149528 0.0208439
887 0.00980764 0.0158379
888 0.00363812 0.00808322
889 -0.00274277 -0.00122601
890 -0.00857675 -0.0105782
891 -0.0132343 -0.0184096
892 -0.0162585 -0.0233916
893 -0.0173815 -0.02468
894 -0.0165193 -0.0220721
895 -0.0137576 -0.0160356
896 -0.00933875 -0.00760671
897 -0.00365444 0.00181807
898 0.00275649 0.0107441
899 0.00921874 0.0178384
900 0.0149549 0.0221353
901 0.0191572 0.0231573
902 0.021098 0.0209409
903 0.0202666 0.0159796
904 0.0165023 0.00910498
905 0.0100872 0.00133424
906 0.00176633 -0.00628883
907 -0.00732505 -0.0128356
908 -0.0158234 -0.0175976
909 -0.0223623 -0.0201429
910 -0.0258172 -0.0203229
911 -0.0255199 -0.0182374
912 -0.0213955 -0.0141784
913 -0.0139933 -0.00857436
914 -0.00440351 -0.00195079
915 0.00592475 0.00508765
916 0.0154276 0.0118639
917 0.0226869 0.0176452
918 0.0266583 0.0216907
919 0.0268281 0.0233399
920 0.0232734 0.0221342
921 0.0166219 0.0179438
922 0.00792222 0.0110615
923 -0.00154529 0.00222808
924 -0.0104812 -0.00743239
925 -0.0177625 -0.0165647
926 -0.0225877 -0.0237968
927 -0.0245487 -0.0279733
928 -0.0236262 -0.0283621
929 -0.020123 -0.0247923
930 -0.0145624 -0.0176964
931 -0.00758746 -0.00805013
932 0.000115202 0.00277996
933 0.00785441 0.0132536
934 0.014945 0.0219009
935 0.020712 0.0275503
936 0.0245138 0.0295006
937 0.0258004 0.0276082
938 0.0242052 0.0222763
939 0.0196491 0.014354
940 0.012424 0.00497083
941 0.00322297 -0.00465675
942 -0.00690543 -0.0134044
943 -0.0166792 -0.0203735
944 -0.024764 -0.0249601
945 -0.0299796 -0.0268613
946 -0.031494 -0.0260358
947 -0.0289684 -0.022647
948 -0.0226296 -0.0170141
949 -0.0132534 -0.00958899
950 -0.00206114 -0.000957836
951 0.00945753 0.00814865
952 0.0197702 0.016862
953 0.0275363 0.0242234
954 0.0318085 0.0292834
955 0.0321612 0.0312429
956 0.0287223 0.0296089
957 0.0221047 0.0243244
958 0.0132617 0.0158344
959 0.00330602 0.00506575
960 -0.00666225 -0.00668334
961 -0.0156812 -0.0179253
962 -0.0229914 -0.027202
963 -0.0280443 -0.0333019
964 -0.0304798 -0.0354368
965 -0.0301012 -0.0333515
966 -0.0268708 -0.0273499
967 -0.0209346 -0.0182364
968 -0.0126632 -0.00718374
969 -0.00268835 0.00444954
970 0.0080952 0.0153183
971 0.0185808 0.0242712
972 0.0275615 0.0304785
973 0.0338888 0.0334888
974 0.0366511 0.0332134
975 0.035334 0.029858
976 0.0299288 0.0238337
977 0.0209625 0.0156817
978 0.00944087 0.00603197
979 -0.0032859 -0.00440085
980 -0.0157126 -0.0148059
981 -0.0263892 -0.0242772
982 -0.0341171 -0.0318563
983 -0.0380989 -0.036628
984 -0.0380205 -0.0378579
985 -0.0340546 -0.0351415
986 -0.0267923 -0.0285248
987 -0.0171207 -0.0185572
988 -0.00607686 -0.00625689
989 0.00529058 0.00701188
990 0.0160234 0.0197283
991 0.025307 0.0304326
992 0.0324788 0.0379308
993 0.0370115 0.0414478
994 0.0385014 0.040706
995 0.0366844 0.0359223
996 0.0314894 0.027735
997 0.0231155 0.0170828
998 0.0121031 0.00506469
999 -0.000641568 -0.00719355
