0 -0.0752357 -0.0659672
1 -0.0515483 -0.0422602
2 -0.0259873 -0.0177976
3 0.000822068 0.00724815
4 0.0281342 0.0327593
5 0.0551862 0.0585715
6 0.0813141 0.0843986
7 0.106046 0.109807
8 0.129143 0.13425
9 0.150572 0.157144
10 0.170418 0.177974
11 0.188776 0.196376
12 0.205647 0.212196
13 0.220887 0.225487
14 0.234219 0.236458
15 0.245311 0.245388
16 0.253877 0.252529
17 0.259773 0.258028
18 0.263057 0.261889
19 0.263983 0.263996
20 0.26294 0.264181
21 0.260358 0.262314
22 0.256607 0.258398
23 0.251925 0.252618
24 0.246395 0.245331
25 0.239971 0.236996
26 0.232547 0.22807
27 0.224039 0.218902
28 0.214466 0.209663
29 0.20399 0.20034
30 0.192908 0.190794
31 0.181604 0.180857
32 0.170457 0.170436
33 0.159758 0.159579
34 0.149641 0.148492
35 0.140067 0.137489
36 0.13086 0.126908
37 0.121797 0.117018
38 0.112702 0.107948
39 0.103531 0.0996673
40 0.0944014 0.0920092
41 0.0855631 0.0847437
42 0.0773136 0.0776598
43 0.0698955 0.0706389
44 0.0634109 0.0636938
45 0.0577873 0.0569629
46 0.0528061 0.050662
47 0.0481827 0.0450096
48 0.0436666 0.0401499
49 0.0391253 0.0360976
50 0.0345802 0.0327249
51 0.0301865 0.0297968
52 0.0261664 0.0270442
53 0.0227214 0.0242518
54 0.019957 0.0213293
55 0.0178431 0.01834
56 0.0162226 0.0154722
57 0.0148622 0.0129641
58 0.0135261 0.0110078
59 0.0120494 0.00966928
60 0.0103847 0.008856
61 0.00861071 0.00834554
62 0.00689883 0.00786405
63 0.00544964 0.00718454
64 0.00441951 0.00620638
65 0.00386143 0.00498567
66 0.00370042 0.00370564
67 0.00375314 0.00260029
68 0.00378713 0.0018618
69 0.00360033 0.00156747
70 0.00309309 0.00165281
71 0.00230511 0.00193842
72 0.00140158 0.0021979
73 0.000611033 0.00223948
74 0.00013707 0.00197099
75 7.76067e-05 0.00142603
76 0.000383911 0.00074464
77 0.000876794 0.000118195
78 0.00131454 -0.00028025
79 0.00148597 -0.000355824
80 0.00129151 -0.00012263
81 0.000779863 0.0003032
82 0.000125883 0.000744451
83 -0.000440524 0.00102368
84 -0.000725454 0.00102399
85 -0.000645406 0.000729771
86 -0.000256277 0.000233245
87 0.000272742 -0.000296632
88 0.000727914 -0.000673837
89 0.000933696 -0.000763587
90 0.000816902 -0.000534564
91 0.000428868 -7.43846e-05
92 -8.02313e-05 0.000439879
93 -0.000522135 0.000807206
94 -0.000741464 0.000880221
95 -0.000670274 0.000624497
96 -0.000347845 0.000134849
97 9.86961e-05 -0.000399701
98 0.000503319 -0.000769876
99 0.000720845 -0.00082995
100 0.000676748 -0.000557272
101 0.000391021 -6.24369e-05
102 -3.07354e-05 0.000454966
103 -0.000435211 0.000787386
104 -0.000675497 0.000803748
105 -0.000663405 0.000502185
106 -0.00040208 9.1669e-06
107 1.31836e-05 -0.000474165
108 0.000427712 -0.000755362
109 0.00068363 -0.000728512
110 0.000679767 -0.000414441
111 0.000412626 5.20914e-05
112 -1.8701e-05 0.000480922
113 -0.000447807 0.000704817
114 -0.000704696 0.000644849
115 -0.000683819 0.000337183
116 -0.000388856 -8.71794e-05
117 6.53823e-05 -0.000458721
118 0.000496771 -0.000637259
119 0.000729153 -0.00056412
120 0.000665457 -0.000279626
121 0.000329719 9.81774e-05
122 -0.000140891 0.000422584
123 -0.000552077 0.000574583
124 -0.000733576 0.000505182
125 -0.000611056 0.000249385
126 -0.000237664 -9.10082e-05
127 0.00022872 -0.000387407
128 0.000592857 -0.00053174
129 0.000704998 -0.000474357
130 0.000523453 -0.000240129
131 0.00013024 8.1868e-05
132 -0.000306081 0.000370972
133 -0.000603408 0.000518605
134 -0.000642895 0.000468098
135 -0.000416779 0.000236619
136 -2.78707e-05 -8.93518e-05
137 0.000357424 -0.000384731
138 0.000580913 -0.000532739
139 0.000557967 -0.000471039
140 0.000309198 -0.00021888
141 -5.3218e-05 0.000126991
142 -0.000376464 0.000428219
143 -0.000531915 0.000559885
144 -0.000466124 0.00046294
145 -0.000217821 0.000171706
146 0.000103624 -0.0001968
147 0.000366631 -0.000489299
148 0.000471092 -0.0005803
149 0.000385481 -0.000426853
150 0.000154237 -8.96856e-05
151 -0.000124824 0.000289981
152 -0.000341696 0.000549545
153 -0.000416727 0.000575329
154 -0.000328535 0.000353369
155 -0.000118302 -2.24782e-05
156 0.000129173 -0.000389923
157 0.00031903 -0.00058873
158 0.000381603 -0.000531483
159 0.000296844 -0.000242911
160 0.000100014 0.00015033
161 -0.000132541 0.000475419
162 -0.000311984 0.000589983
163 -0.0003698 0.000445247
164 -0.000283315 0.000107311
165 -8.48164e-05 -0.000272931
166 0.000149512 -0.000527541
167 0.000327626 -0.000546301
168 0.000377003 -0.000324945
169 0.000274213 3.44878e-05
170 5.66067e-05 0.000370715
171 -0.000189935 0.000535951
172 -0.000363998 0.00046135
173 -0.0003902 0.000185936
174 -0.000252346 -0.000163256
175 -3.34318e-06 -0.000429925
176 0.00025408 -0.000498873
177 0.000409392 -0.000346103
178 0.000391999 -4.66568e-05
179 0.000203936 0.000262061
180 -7.7888e-05 0.000443593
181 -0.000332574 0.000423013
182 -0.000447118 0.000217749
183 -0.00036702 -7.3966e-05
184 -0.00012274 -0.000320076
185 0.000181051 -0.000414606
186 0.000410112 -0.000323262
187 0.000460235 -9.51537e-05
188 0.000305201 0.000162933
189 1.07761e-05 0.000336466
190 -0.000292802 0.000353998
191 -0.000468525 0.000216343
192 -0.000434888 -7.69603e-06
193 -0.000204203 -0.000215384
194 0.000121276 -0.000317164
195 0.000394606 -0.000275197
196 0.000490768 -0.000116758
197 0.000364298 8.18925e-05
198 7.11506e-05 0.000232094
199 -0.000255854 0.000272289
200 -0.000467301 0.000192852
201 -0.000465765 3.64579e-05
202 -0.000251061 -0.000124272
203 7.89949e-05 -0.000220334
204 0.000373086 -0.000215666
205 0.000495916 -0.00011997
206 0.000390752 1.91051e-05
207 0.000105924 0.000139331
208 -0.000227202 0.000191532
209 -0.000454828 0.000159323
210 -0.000471931 6.32311e-05
211 -0.000271002 -5.11952e-05
212 5.44386e-05 -0.00013479
213 0.00035329 -0.000155688
214 0.000487127 -0.00011094
215 0.000394524 -2.48755e-05
216 0.000119456 6.36828e-05
217 -0.000209451 0.000118756
218 -0.000439069 0.000121432
219 -0.000463155 7.55715e-05
220 -0.000271653 3.80753e-06
221 4.50283e-05 -6.33424e-05
222 0.000338609 -0.000100139
223 0.000472351 -9.50051e-05
224 0.000384812 -5.34961e-05
225 0.000118189 5.47852e-06
226 -0.000201867 5.80368e-05
227 -0.000425374 8.47189e-05
228 -0.000448308 7.73412e-05
229 -0.000261107 4.10563e-05
230 4.72671e-05 -8.64495e-06
231 0.000331489 -5.2397e-05
232 0.000458322 -7.42445e-05
233 0.00036911 -6.71325e-05
234 0.00010698 -3.49055e-05
235 -0.000203912 9.56912e-06
236 -0.000417118 4.92996e-05
237 -0.000432847 6.93752e-05
238 -0.000244667 6.2398e-05
239 5.78843e-05 3.12523e-05
240 0.000331818 -1.18855e-05
241 0.000448168 -5.0115e-05
242 0.000352638 -6.83637e-05
243 9.09381e-05 -5.93938e-05
244 -0.000212996 -2.67854e-05
245 -0.000415575 1.64223e-05
246 -0.000421298 5.29434e-05
247 -0.000227749 6.819e-05
248 7.33478e-05 5.61107e-05
249 0.000339509 2.15797e-05
250 0.000444834 -2.15797e-05
251 0.000339509 -5.61107e-05
252 7.33478e-05 -6.819e-05
253 -0.000227749 -5.29434e-05
254 -0.000421298 -1.64223e-05
255 -0.000415575 2.67854e-05
256 -0.000212996 5.93938e-05
257 9.09381e-05 6.83637e-05
258 0.000352638 5.0115e-05
259 0.000448168 1.18855e-05
260 0.000331818 -3.12523e-05
261 5.78843e-05 -6.2398e-05
262 -0.000244667 -6.93752e-05
263 -0.000432847 -4.92996e-05
264 -0.000417118 -9.56912e-06
265 -0.000203912 3.49055e-05
266 0.00010698 6.71325e-05
267 0.00036911 7.42445e-05
268 0.000458322 5.2397e-05
269 0.000331489 8.64495e-06
270 4.72671e-05 -4.10563e-05
271 -0.000261107 -7.73412e-05
272 -0.000448308 -8.47189e-05
273 -0.000425374 -5.80368e-05
274 -0.000201867 -5.47852e-06
275 0.000118189 5.34961e-05
276 0.000384812 9.50051e-05
277 0.000472351 0.000100139
278 0.000338609 6.33424e-05
279 4.50283e-05 -3.80753e-06
280 -0.000271653 -7.55715e-05
281 -0.000463155 -0.000121432
282 -0.000439069 -0.000118756
283 -0.000209451 -6.36828e-05
284 0.000119456 2.48755e-05
285 0.000394524 0.00011094
286 0.000487127 0.000155688
287 0.00035329 0.00013479
288 5.44386e-05 5.11952e-05
289 -0.000271002 -6.32311e-05
290 -0.000471931 -0.000159323
291 -0.000454828 -0.000191532
292 -0.000227202 -0.000139331
293 0.000105924 -1.91051e-05
294 0.000390752 0.00011997
295 0.000495916 0.000215666
296 0.000373086 0.000220334
297 7.89949e-05 0.000124272
298 -0.000251061 -3.64579e-05
299 -0.000465765 -0.000192852
300 -0.000467301 -0.000272289
301 -0.000255854 -0.000232094
302 7.11506e-05 -8.18925e-05
303 0.000364298 0.000116758
304 0.000490768 0.000275197
305 0.000394606 0.000317164
306 0.000121276 0.000215384
307 -0.000204203 7.69603e-06
308 -0.000434888 -0.000216343
309 -0.000468525 -0.000353998
310 -0.000292802 -0.000336466
311 1.07761e-05 -0.000162933
312 0.000305201 9.51537e-05
313 0.000460235 0.000323262
314 0.000410112 0.000414606
315 0.000181051 0.000320076
316 -0.00012274 7.3966e-05
317 -0.00036702 -0.000217749
318 -0.000447118 -0.000423013
319 -0.000332574 -0.000443593
320 -7.7888e-05 -0.000262061
321 0.000203936 4.66568e-05
322 0.000391999 0.000346103
323 0.000409392 0.000498873
324 0.00025408 0.000429925
325 -3.34318e-06 0.000163256
326 -0.000252346 -0.000185936
327 -0.0003902 -0.00046135
328 -0.000363998 -0.000535951
329 -0.000189935 -0.000370715
330 5.66067e-05 -3.44878e-05
331 0.000274213 0.000324945
332 0.000377003 0.000546301
333 0.000327626 0.000527541
334 0.000149512 0.000272931
335 -8.48164e-05 -0.000107311
336 -0.000283315 -0.000445247
337 -0.0003698 -0.000589983
338 -0.000311984 -0.000475419
339 -0.000132541 -0.00015033
340 0.000100014 0.000242911
341 0.000296844 0.000531483
342 0.000381603 0.00058873
343 0.00031903 0.000389923
344 0.000129173 2.24782e-05
345 -0.000118302 -0.000353369
346 -0.000328535 -0.000575329
347 -0.000416727 -0.000549545
348 -0.000341696 -0.000289981
349 -0.000124824 8.96856e-05
350 0.000154237 0.000426853
351 0.000385481 0.0005803
352 0.000471092 0.000489299
353 0.000366631 0.0001968
354 0.000103624 -0.000171706
355 -0.000217821 -0.00046294
356 -0.000466124 -0.000559885
357 -0.000531915 -0.000428219
358 -0.000376464 -0.000126991
359 -5.3218e-05 0.00021888
360 0.000309198 0.000471039
361 0.000557967 0.000532739
362 0.000580913 0.000384731
363 0.000357424 8.93518e-05
364 -2.78707e-05 -0.000236619
365 -0.000416779 -0.000468098
366 -0.000642895 -0.000518605
367 -0.000603408 -0.000370972
368 -0.000306081 -8.1868e-05
369 0.00013024 0.000240129
370 0.000523453 0.000474357
371 0.000704998 0.00053174
372 0.000592857 0.000387407
373 0.00022872 9.10082e-05
374 -0.000237664 -0.000249385
375 -0.000611056 -0.000505182
376 -0.000733576 -0.000574583
377 -0.000552077 -0.000422584
378 -0.000140891 -9.81774e-05
379 0.000329719 0.000279626
380 0.000665457 0.00056412
381 0.000729153 0.000637259
382 0.000496771 0.000458721
383 6.53823e-05 8.71794e-05
384 -0.000388856 -0.000337183
385 -0.000683819 -0.000644849
386 -0.000704696 -0.000704817
387 -0.000447807 -0.000480922
388 -1.8701e-05 -5.20914e-05
389 0.000412626 0.000414441
390 0.000679767 0.000728512
391 0.00068363 0.000755362
392 0.000427712 0.000474165
393 1.31836e-05 -9.1669e-06
394 -0.00040208 -0.000502185
395 -0.000663405 -0.000803748
396 -0.000675497 -0.000787386
397 -0.000435211 -0.000454966
398 -3.07354e-05 6.24369e-05
399 0.000391021 0.000557272
400 0.000676748 0.00082995
401 0.000720845 0.000769876
402 0.000503319 0.000399701
403 9.86961e-05 -0.000134849
404 -0.000347845 -0.000624497
405 -0.000670274 -0.000880221
406 -0.000741464 -0.000807206
407 -0.000522135 -0.000439879
408 -8.02313e-05 7.43846e-05
409 0.000428868 0.000534564
410 0.000816902 0.000763587
411 0.000933696 0.000673837
412 0.000727914 0.000296632
413 0.000272742 -0.000233245
414 -0.000256277 -0.000729771
415 -0.000645406 -0.00102399
416 -0.000725454 -0.00102368
417 -0.000440524 -0.000744451
418 0.000125883 -0.0003032
419 0.000779863 0.00012263
420 0.00129151 0.000355824
421 0.00148597 0.00028025
422 0.00131454 -0.000118195
423 0.000876794 -0.00074464
424 0.000383911 -0.00142603
425 7.76067e-05 -0.00197099
426 0.00013707 -0.00223948
427 0.000611033 -0.0021979
428 0.00140158 -0.00193842
429 0.00230511 -0.00165281
430 0.00309309 -0.00156747
431 0.00360033 -0.0018618
432 0.00378713 -0.00260029
433 0.00375314 -0.00370564
434 0.00370042 -0.00498567
435 0.00386143 -0.00620638
436 0.00441951 -0.00718454
437 0.00544964 -0.00786405
438 0.00689883 -0.00834554
439 0.00861071 -0.008856
440 0.0103847 -0.00966928
441 0.0120494 -0.0110078
442 0.0135261 -0.0129641
443 0.0148622 -0.0154722
444 0.0162226 -0.01834
445 0.0178431 -0.0213293
446 0.019957 -0.0242518
447 0.0227214 -0.0270442
448 0.0261664 -0.0297968
449 0.0301865 -0.0327249
450 0.0345802 -0.0360976
451 0.0391253 -0.0401499
452 0.0436666 -0.0450096
453 0.0481827 -0.050662
454 0.0528061 -0.0569629
455 0.0577873 -0.0636938
456 0.0634109 -0.0706389
457 0.0698955 -0.0776598
458 0.0773136 -0.0847437
459 0.0855631 -0.0920092
460 0.0944014 -0.0996673
461 0.103531 -0.107948
462 0.112702 -0.117018
463 0.121797 -0.126908
464 0.13086 -0.137489
465 0.140067 -0.148492
466 0.149641 -0.159579
467 0.159758 -0.170436
468 0.170457 -0.180857
469 0.181604 -0.190794
470 0.192908 -0.20034
471 0.20399 -0.209663
472 0.214466 -0.218902
473 0.224039 -0.22807
474 0.232547 -0.236996
475 0.239971 -0.245331
476 0.246395 -0.252618
477 0.251925 -0.258398
478 0.256607 -0.262314
479 0.260358 -0.264181
480 0.26294 -0.263996
481 0.263983 -0.261889
482 0.263057 -0.258028
483 0.259773 -0.252529
484 0.253877 -0.245388
485 0.245311 -0.236458
486 0.234219 -0.225487
487 0.220887 -0.212196
488 0.205647 -0.196376
489 0.188776 -0.177974
490 0.170418 -0.157144
491 0.150572 -0.13425
492 0.129143 -0.109807
493 0.106046 -0.0843986
494 0.0813141 -0.0585715
495 0.0551862 -0.0327593
496 0.0281342 -0.00724815
497 0.000822068 0.0177976
498 -0.0259873 0.0422602
499 -0.0515483 0.0659672
500 -0.0752357 0.0886035
501 -0.0966052 0.109668
502 -0.115397 0.128497
503 -0.131488 0.144354
504 -0.144809 0.15655
505 -0.155258 0.164576
506 -0.162641 0.168184
507 -0.166652 0.167408
508 -0.166915 0.162517
509 -0.163073 0.153915
510 -0.154895 0.142033
511 -0.142379 0.127243
512 -0.125821 0.109825
513 -0.105808 0.0899857
514 -0.0831614 0.0679381
515 -0.0588149 0.0439881
516 -0.0336888 0.0186208
517 -0.00858072 -0.00745399
518 0.0158871 -0.0333133
519 0.0392523 -0.0578902
520 0.0611403 -0.0800906
521 0.0811661 -0.0989288
522 0.0988503 -0.11365
523 0.113585 -0.123805
524 0.124667 -0.129265
525 0.131394 -0.13016
526 0.133191 -0.126783
527 0.129744 -0.119478
528 0.121085 -0.108556
529 0.107624 -0.094271
530 0.0901059 -0.0768582
531 0.069515 -0.0566231
532 0.0469442 -0.0340461
533 0.0234649 -0.00986067
534 2.7786e-05 0.0149264
535 -0.0225854 0.039089
536 -0.0437505 0.061302
537 -0.0629416 0.0802988
538 -0.0796499 0.0950307
539 -0.0933157 0.104788
540 -0.103307 0.109257
541 -0.10896 0.108511
542 -0.109687 0.102933
543 -0.105109 0.0931089
544 -0.0951942 0.0797084
545 -0.0803417 0.0634011
546 -0.0613896 0.0448146
547 -0.0395416 0.0245496
548 -0.0162226 0.00323972
549 0.00709688 -0.0183717
550 0.0290684 -0.0393732
551 0.0485885 -0.0586768
552 0.0648554 -0.075081
553 0.0773594 -0.0873999
554 0.0858209 -0.0946342
555 0.0901082 -0.0961411
556 0.0901638 -0.0917577
557 0.0859684 -0.0818462
558 0.0775553 -0.0672468
559 0.0650722 -0.0491551
560 0.0488726 -0.028952
561 0.0296041 -0.00802986
562 0.0082585 0.0123494
563 -0.0138445 0.0311406
564 -0.035153 0.0475374
565 -0.0540494 0.0609406
566 -0.0690549 0.0708964
567 -0.0790306 0.0770332
568 -0.0833255 0.0790272
569 -0.081842 0.0766152
570 -0.0750054 0.0696589
571 -0.0636537 0.0582465
572 -0.0488792 0.0427985
573 -0.0318662 0.0241419
574 -0.0137582 0.0035157
575 0.00441952 -0.0175094
576 0.0217798 -0.0371932
577 0.037547 -0.0538428
578 0.0510091 -0.0660382
579 0.0614773 -0.0728212
580 0.0682782 -0.0738063
581 0.0707954 -0.0691965
582 0.0685613 -0.0597062
583 0.0613808 -0.0464164
584 0.0494562 -0.0305986
585 0.0334727 -0.0135467
586 0.01461 0.00355048
587 -0.00554085 0.0196791
588 -0.0251489 0.0340111
589 -0.0423767 0.0458724
590 -0.055628 0.0546932
591 -0.0637597 0.0599716
592 -0.0662171 0.0612748
593 -0.0630695 0.0582886
594 -0.0549482 0.0509109
595 -0.0429063 0.0393627
596 -0.0282387 0.0242806
597 -0.0122983 0.00675328
598 0.00365437 -0.0117281
599 0.0185463 -0.0294106
600 0.0315249 -0.0444941
601 0.0419388 -0.0553817
602 0.0492903 -0.0609152
603 0.053189 -0.0605491
604 0.053335 -0.0544296
605 0.0495468 -0.0433646
606 0.0418324 -0.0286925
607 0.0304837 -0.0120794
608 0.0161598 0.00472043
609 -7.69947e-05 0.0200936
610 -0.0168011 0.0327493
611 -0.0323504 0.0418242
612 -0.0450271 0.0469031
613 -0.0533394 0.047964
614 -0.0562382 0.0452776
615 -0.0533004 0.0392975
616 -0.0448201 0.0305744
617 -0.0317871 0.0197161
618 -0.0157541 0.00739248
619 0.00138484 -0.00563233
620 0.0176658 -0.0184693
621 0.0313282 -0.030105
622 0.0410424 -0.0394536
623 0.0460538 -0.0454635
624 0.0462236 -0.0472672
625 0.0419679 -0.0443467
626 0.0341199 -0.0366795
627 0.0237527 -0.0248281
628 0.012006 -0.0099432
629 -4.79775e-05 0.00633509
630 -0.0114815 0.0220741
631 -0.0215316 0.0353168
632 -0.0295825 0.0443762
633 -0.0351354 0.0481019
634 -0.0377908 0.046065
635 -0.0372604 0.0386263
636 -0.0334113 0.0268728
637 -0.0263348 0.0124369
638 -0.0164185 -0.0027648
639 -0.00439778 -0.0168252
640 0.00864128 -0.0281174
641 0.0213277 -0.0355011
642 0.0321462 -0.038433
643 0.0396415 -0.0369744
644 0.042654 -0.0317052
645 0.0405419 -0.0235722
646 0.0333396 -0.0137073
647 0.0218114 -0.00325422
648 0.00738184 0.00676592
649 -0.00805366 0.015533
650 -0.0224062 0.0224486
651 -0.0337123 0.0271145
652 -0.0404381 0.0292918
653 -0.0417182 0.028867
654 -0.0374859 0.0258424
655 -0.0284748 0.0203579
656 -0.0160897 0.0127331
657 -0.00217031 0.00351207
658 0.0113095 -0.00651614
659 0.0225512 -0.0163428
660 0.0301953 -0.0248214
661 0.0334934 -0.0308051
662 0.0323656 -0.0333209
663 0.0273444 -0.0317521
664 0.0194277 -0.0259919
665 0.00987819 -0.0165326
666 1.12156e-05 -0.00446085
667 -0.00899205 0.0086531
668 -0.0162191 0.0209656
669 -0.021095 0.0306402
670 -0.0233869 0.0361513
671 -0.0231564 0.0365547
672 -0.020682 0.031672
673 -0.016376 0.0221489
674 -0.0107166 0.00937285
675 -0.00420864 -0.00473765
676 0.00262754 -0.0180384
677 0.00924989 -0.0285056
678 0.0150892 -0.0345653
679 0.0195626 -0.0353485
680 0.0221175 -0.0308297
681 0.0223056 -0.0218233
682 0.0198756 -0.00983826
683 0.0148626 0.00318349
684 0.00765126 0.0151975
685 -0.00101241 0.0243958
686 -0.0100733 0.0294938
687 -0.0182873 0.0299158
688 -0.0243971 0.025851
689 -0.0273387 0.0181806
690 -0.0264426 0.00829393
691 -0.0215894 -0.00216475
692 -0.0132849 -0.0115747
693 -0.00262918 -0.0185941
694 0.0088227 -0.0223534
695 0.0192939 -0.022557
696 0.0270748 -0.0194827
697 0.0308183 -0.0138859
698 0.0297879 -0.00683136
699 0.0240101 0.000509428
700 0.0143005 0.0070551
701 0.00215251 0.0119713
702 -0.0104944 0.0147646
703 -0.021573 0.0153081
704 -0.0292367 0.013805
705 -0.0321797 0.0107084
706 -0.0298707 0.00661661
707 -0.0226569 0.00216548
708 -0.0117163 -0.00206598
709 0.00113445 -0.00562273
710 0.0137469 -0.00820699
711 0.0240075 -0.00967807
712 0.030201 -0.0100266
713 0.0313047 -0.00933682
714 0.0271634 -0.00775125
715 0.0185139 -0.00544807
716 0.00685578 -0.00263412
717 -0.00580945 0.000451819
718 -0.0173234 0.00353511
719 -0.0257421 0.00631056
720 -0.0296684 0.00846235
721 -0.0284888 0.00969837
722 -0.0224726 0.00979412
723 -0.0127177 0.00863829
724 -0.000952593 0.00627127
725 0.0107705 0.00290753
726 0.0204348 -0.00106655
727 0.0264072 -0.0051257
728 0.0277159 -0.00867109
729 0.0242089 -0.0111219
730 0.0165686 -0.0120186
731 0.00618296 -0.0111167
732 -0.00510338 -0.00845084
733 -0.0153135 -0.00435026
734 -0.0226827 0.000597875
735 -0.025963 0.00563445
736 -0.0246352 0.00994846
737 -0.0189927 0.0128112
738 -0.0100811 0.0137028
739 0.000493015 0.0124092
740 0.0108492 0.00907352
741 0.0191654 0.00418701
742 0.0239962 -0.0014805
743 0.0245207 -0.0070045
744 0.0206806 -0.0114628
745 0.0131847 -0.0140974
746 0.00338118 -0.014449
747 -0.0069809 -0.01244
748 -0.0160592 -0.00838937
749 -0.022242 -0.00295883
750 -0.0244325 0.00295883
751 -0.022242 0.00838937
752 -0.0160592 0.01244
753 -0.0069809 0.014449
754 0.00338118 0.0140974
755 0.0131847 0.0114628
756 0.0206806 0.0070045
757 0.0245207 0.0014805
758 0.0239962 -0.00418701
759 0.0191654 -0.00907352
760 0.0108492 -0.0124092
761 0.000493015 -0.0137028
762 -0.0100811 -0.0128112
763 -0.0189927 -0.00994846
764 -0.0246352 -0.00563445
765 -0.025963 -0.000597875
766 -0.0226827 0.00435026
767 -0.0153135 0.00845084
768 -0.00510338 0.0111167
769 0.00618296 0.0120186
770 0.0165686 0.0111219
771 0.0242089 0.00867109
772 0.0277159 0.0051257
773 0.0264072 0.00106655
774 0.0204348 -0.00290753
775 0.0107705 -0.00627127
776 -0.000952593 -0.00863829
777 -0.0127177 -0.00979412
778 -0.0224726 -0.00969837
779 -0.0284888 -0.00846235
780 -0.0296684 -0.00631056
781 -0.0257421 -0.00353511
782 -0.0173234 -0.000451819
783 -0.00580945 0.00263412
784 0.00685578 0.00544807
785 0.0185139 0.00775125
786 0.0271634 0.00933682
787 0.0313047 0.0100266
788 0.030201 0.00967807
789 0.0240075 0.00820699
790 0.0137469 0.00562273
791 0.00113445 0.00206598
792 -0.0117163 -0.00216548
793 -0.0226569 -0.00661661
794 -0.0298707 -0.0107084
795 -0.0321797 -0.013805
796 -0.0292367 -0.0153081
797 -0.021573 -0.0147646
798 -0.0104944 -0.0119713
799 0.00215251 -0.0070551
800 0.0143005 -0.000509428
801 0.0240101 0.00683136
802 0.0297879 0.0138859
803 0.0308183 0.0194827
804 0.0270748 0.022557
805 0.0192939 0.0223534
806 0.0088227 0.0185941
807 -0.00262918 0.0115747
808 -0.0132849 0.00216475
809 -0.0215894 -0.00829393
810 -0.0264426 -0.0181806
811 -0.0273387 -0.025851
812 -0.0243971 -0.0299158
813 -0.0182873 -0.0294938
814 -0.0100733 -0.0243958
815 -0.00101241 -0.0151975
816 0.00765126 -0.00318349
817 0.0148626 0.00983826
818 0.0198756 0.0218233
819 0.0223056 0.0308297
820 0.0221175 0.0353485
821 0.0195626 0.0345653
822 0.0150892 0.0285056
823 0.00924989 0.0180384
824 0.00262754 0.00473765
825 -0.00420864 -0.00937285
826 -0.0107166 -0.0221489
827 -0.016376 -0.031672
828 -0.020682 -0.0365547
829 -0.0231564 -0.0361513
830 -0.0233869 -0.0306402
831 -0.021095 -0.0209656
832 -0.0162191 -0.0086531
833 -0.00899205 0.00446085
834 1.12156e-05 0.0165326
835 0.00987819 0.0259919
836 0.0194277 0.0317521
837 0.0273444 0.0333209
838 0.0323656 0.0308051
839 0.0334934 0.0248214
840 0.0301953 0.0163428
841 0.0225512 0.00651614
842 0.0113095 -0.00351207
843 -0.00217031 -0.0127331
844 -0.0160897 -0.0203579
845 -0.0284748 -0.0258424
846 -0.0374859 -0.028867
847 -0.0417182 -0.0292918
848 -0.0404381 -0.0271145
849 -0.0337123 -0.0224486
850 -0.0224062 -0.015533
851 -0.00805366 -0.00676592
852 0.00738184 0.00325422
853 0.0218114 0.0137073
854 0.0333396 0.0235722
855 0.0405419 0.0317052
856 0.042654 0.0369744
857 0.0396415 0.038433
858 0.0321462 0.0355011
859 0.0213277 0.0281174
860 0.00864128 0.0168252
861 -0.00439778 0.0027648
862 -0.0164185 -0.0124369
863 -0.0263348 -0.0268728
864 -0.0334113 -0.0386263
865 -0.0372604 -0.046065
866 -0.0377908 -0.0481019
867 -0.0351354 -0.0443762
868 -0.0295825 -0.0353168
869 -0.0215316 -0.0220741
870 -0.0114815 -0.00633509
871 -4.79775e-05 0.0099432
872 0.012006 0.0248281
873 0.0237527 0.0366795
874 0.0341199 0.0443467
875 0.0419679 0.0472672
876 0.0462236 0.0454635
877 0.0460538 0.0394536
878 0.0410424 0.030105
879 0.0313282 0.0184693
880 0.0176658 0.00563233
881 0.00138484 -0.00739248
882 -0.0157541 -0.0197161
883 -0.0317871 -0.0305744
884 -0.0448201 -0.0392975
885 -0.0533004 -0.0452776
886 -0.0562382 -0.047964
887 -0.0533394 -0.0469031
888 -0.0450271 -0.0418242
889 -0.0323504 -0.0327493
890 -0.0168011 -0.0200936
891 -7.69947e-05 -0.00472043
892 0.0161598 0.0120794
893 0.0304837 0.0286925
894 0.0418324 0.0433646
895 0.0495468 0.0544296
896 0.053335 0.0605491
897 0.053189 0.0609152
898 0.0492903 0.0553817
899 0.0419388 0.0444941
900 0.0315249 0.0294106
901 0.0185463 0.0117281
902 0.00365437 -0.00675328
903 -0.0122983 -0.0242806
904 -0.0282387 -0.0393627
905 -0.0429063 -0.0509109
906 -0.0549482 -0.0582886
907 -0.0630695 -0.0612748
908 -0.0662171 -0.0599716
909 -0.0637597 -0.0546932
910 -0.055628 -0.0458724
911 -0.0423767 -0.0340111
912 -0.0251489 -0.0196791
913 -0.00554085 -0.00355048
914 0.01461 0.0135467
915 0.0334727 0.0305986
916 0.0494562 0.0464164
917 0.0613808 0.0597062
918 0.0685613 0.0691965
919 0.0707954 0.0738063
920 0.0682782 0.0728212
921 0.0614773 0.0660382
922 0.0510091 0.0538428
923 0.037547 0.0371932
924 0.0217798 0.0175094
925 0.00441952 -0.0035157
926 -0.0137582 -0.0241419
927 -0.0318662 -0.0427985
928 -0.0488792 -0.0582465
929 -0.0636537 -0.0696589
930 -0.0750054 -0.0766152
931 -0.081842 -0.0790272
932 -0.0833255 -0.0770332
933 -0.0790306 -0.0708964
934 -0.0690549 -0.0609406
935 -0.0540494 -0.0475374
936 -0.035153 -0.0311406
937 -0.0138445 -0.0123494
938 0.0082585 0.00802986
939 0.0296041 0.028952
940 0.0488726 0.0491551
941 0.0650722 0.0672468
942 0.0775553 0.0818462
943 0.0859684 0.0917577
944 0.0901638 0.0961411
945 0.0901082 0.0946342
946 0.0858209 0.0873999
947 0.0773594 0.075081
948 0.0648554 0.0586768
949 0.0485885 0.0393732
950 0.0290684 0.0183717
951 0.00709688 -0.00323972
952 -0.0162226 -0.0245496
953 -0.0395416 -0.0448146
954 -0.0613896 -0.0634011
955 -0.0803417 -0.0797084
956 -0.0951942 -0.0931089
957 -0.105109 -0.102933
958 -0.109687 -0.108511
959 -0.10896 -0.109257
960 -0.103307 -0.104788
961 -0.0933157 -0.0950307
962 -0.0796499 -0.0802988
963 -0.0629416 -0.061302
964 -0.0437505 -0.039089
965 -0.0225854 -0.0149264
966 2.7786e-05 0.00986067
967 0.0234649 0.0340461
968 0.0469442 0.0566231
969 0.069515 0.0768582
970 0.0901059 0.094271
971 0.107624 0.108556
972 0.121085 0.119478
973 0.129744 0.126783
974 0.133191 0.13016
975 0.131394 0.129265
976 0.124667 0.123805
977 0.113585 0.11365
978 0.0988503 0.0989288
979 0.0811661 0.0800906
980 0.0611403 0.0578902
981 0.0392523 0.0333133
982 0.0158871 0.00745399
983 -0.00858072 -0.0186208
984 -0.0336888 -0.0439881
985 -0.0588149 -0.0679381
986 -0.0831614 -0.0899857
987 -0.105808 -0.109825
988 -0.125821 -0.127243
989 -0.142379 -0.142033
990 -0.154895 -0.153915
991 -0.163073 -0.162517
992 -0.166915 -0.167408
993 -0.166652 -0.168184
994 -0.162641 -0.164576
995 -0.155258 -0.15655
996 -0.144809 -0.144354
997 -0.131488 -0.128497
998 -0.115397 -0.109668
999 -0.0966052 -0.0886035
