0 -0.000464864 0.000669934
1 0.00395571 0.00498583
2 0.00758267 0.00825884
3 0.00953169 0.00968453
4 0.00929419 0.00887491
5 0.00686379 0.00595605
6 0.00274653 0.00154788
7 -0.00214838 -0.00337035
8 -0.00671231 -0.007679
9 -0.00988859 -0.0103724
10 -0.010914 -0.0107902
11 -0.00949597 -0.00877384
12 -0.00588573 -0.00470988
13 -0.000830978 0.000547811
14 0.00458205 0.00586131
15 0.00916314 0.0100561
16 0.0118785 0.0121785
17 0.0120801 0.0117067
18 0.00965373 0.0086708
19 0.0050519 0.00365499
20 -0.000794577 -0.00231853
21 -0.00666906 -0.00800043
22 -0.0113235 -0.0121758
23 -0.0137414 -0.0139213
24 -0.0133537 -0.0128035
25 -0.0101638 -0.00897692
26 -0.00475532 -0.00315984
27 0.00181891 0.00350533
28 0.00824495 0.00967964
29 0.0132108 0.0140962
30 0.0156718 0.0158159
31 0.0150649 0.01442
32 0.0114275 0.0101009
33 0.00539879 0.00363283
34 -0.0018989 -0.00377115
35 -0.00907283 -0.0106903
36 -0.0147265 -0.0157687
37 -0.0177282 -0.0179783
38 -0.0174309 -0.0168189
39 -0.0138016 -0.0124207
40 -0.00743577 -0.00552658
41 0.000545238 0.00263908
42 0.00869675 0.0105916
43 0.015514 0.0168565
44 0.0197081 0.0202392
45 0.0204442 0.020046
46 0.0174972 0.0162163
47 0.0112996 0.0093408
48 0.00287122 0.000564154
49 -0.00635424 -0.00861122
50 -0.0147757 -0.0165852
51 -0.020902 -0.0219372
52 -0.0236108 -0.0236736
53 -0.0223463 -0.0214016
54 -0.0172201 -0.0154028
55 -0.0089993 -0.00659283
56 0.00101548 0.00362513
57 0.0112019 0.0135882
58 0.0198809 0.0216456
59 0.0255906 0.0264291
60 0.0273257 0.0270777
61 0.0247038 0.0233812
62 0.018032 0.0158186
63 0.00826514 0.00548864
64 -0.00313862 -0.00605744
65 -0.0144409 -0.0170531
66 -0.0238899 -0.0257867
67 -0.0299894 -0.030864
68 -0.0317276 -0.0314217
69 -0.028733 -0.0272623
70 -0.0213344 -0.0188879
71 -0.0105171 -0.00743102
72 0.00221691 0.00550716
73 0.0150632 0.0180862
74 0.0261728 0.0284891
75 0.0339163 0.0351804
76 0.0371154 0.0371247
77 0.0352107 0.0339335
78 0.0283424 0.0259233
79 0.0173343 0.0140756
80 0.00358471 -9.30054e-05
81 -0.0111195 -0.014733
82 -0.0248387 -0.0279065
83 -0.0357364 -0.0378425
84 -0.0423194 -0.043168
85 -0.043633 -0.0430861
86 -0.0393846 -0.0374795
87 -0.0299826 -0.0269275
88 -0.0164866 -0.0126349
89 -0.000476693 0.00371527
90 0.0161394 0.020168
91 0.0313577 0.0347326
92 0.0433179 0.0456214
93 0.0505248 0.0514612
94 0.052024 0.0514542
95 0.047513 0.0454695
96 0.0373752 0.0340583
97 0.022636 0.0183907
98 0.004846 0.000123843
99 -0.0140914 -0.0187816
100 -0.0321292 -0.0362772
101 -0.0472987 -0.0504476
102 -0.0579188 -0.0597138
103 -0.0627729 -0.0629984
104 -0.0612337 -0.0598341
105 -0.0533253 -0.0504097
106 -0.0397169 -0.0355469
107 -0.0216522 -0.0166153
108 -0.0008226 0.00460601
109 0.0208008 0.0261049
110 0.0411586 0.0458305
111 0.0582987 0.0618877
112 0.0705586 0.0727123
113 0.0767158 0.0772109
114 0.076095 0.074856
115 0.0686229 0.0657267
116 0.0548278 0.0504954
117 0.0357862 0.0303625
118 0.0130242 0.00694723
119 -0.0116171 -0.0178541
120 -0.0361384 -0.0420286
121 -0.0585474 -0.0636122
122 -0.0770197 -0.0808457
123 -0.0900394 -0.0923096
124 -0.0965124 -0.0970281
125 -0.0958415 -0.0945358
126 -0.0879619 -0.084902
127 -0.0733356 -0.0687156
128 -0.0529067 -0.0470306
129 -0.0280241 -0.0212819
130 -0.000337976 0.00682361
131 0.0283206 0.0354299
132 0.0560674 0.0626594
133 0.081091 0.086737
134 0.101767 0.106102
135 0.116758 0.119498
136 0.125082 0.126047
137 0.126168 0.125281
138 0.119874 0.117166
139 0.106477 0.102082
140 0.0866477 0.0807878
141 0.0613949 0.054368
142 0.0319976 0.0241574
143 -7.40048e-05 -0.00833894
144 -0.0332429 -0.0415308
145 -0.0659106 -0.0738275
146 -0.0965375 -0.103716
147 -0.123715 -0.129831
148 -0.146225 -0.151009
149 -0.163086 -0.166334
150 -0.173587 -0.175163
151 -0.177295 -0.177137
152 -0.174066 -0.172181
153 -0.164026 -0.160487
154 -0.14755 -0.142485
155 -0.12523 -0.118817
156 -0.0978325 -0.0902855
157 -0.0662594 -0.0578201
158 -0.0315009 -0.022426
159 0.00540805 0.014857
160 0.0434287 0.0529958
161 0.0815562 0.0909996
162 0.118852 0.127951
163 0.15447 0.163029
164 0.187676 0.19553
165 0.21786 0.224878
166 0.244547 0.250631
167 0.267393 0.272477
168 0.286186 0.290238
169 0.300837 0.303852
170 0.311368 0.313368
171 0.317901 0.31893
172 0.32064 0.32076
173 0.319858 0.319147
174 0.315879 0.314424
175 0.309064 0.306959
176 0.299795 0.297138
177 0.288465 0.285353
178 0.275462 0.271992
179 0.261163 0.257426
180 0.245925 0.242006
181 0.230078 0.226055
182 0.21392 0.209863
183 0.197719 0.193688
184 0.181703 0.17775
185 0.166068 0.162237
186 0.150974 0.1473
187 0.136549 0.133059
188 0.122889 0.119602
189 0.110063 0.106992
190 0.0981146 0.0952673
191 0.0870647 0.0844433
192 0.0769164 0.0745193
193 0.067657 0.0654786
194 0.0592608 0.0572931
195 0.0516925 0.0499251
196 0.0449086 0.0433299
197 0.0388608 0.0374582
198 0.0334971 0.0322574
199 0.0287642 0.0276737
200 0.024608 0.0236533
201 0.0209755 0.0201434
202 0.017815 0.017093
203 0.0150772 0.0144536
204 0.0127159 0.0121796
205 0.0106877 0.0102284
206 0.00895295 0.00856103
207 0.00747497 0.00714179
208 0.00622062 0.00593851
209 0.00516007 0.00492221
210 0.00426675 0.00406698
211 0.00351708 0.00334986
212 0.00289023 0.00275065
213 0.00236791 0.00225176
214 0.00193413 0.00183787
215 0.00157509 0.00149567
216 0.00127893 0.00121365
217 0.00103547 0.000981927
218 0.000835987 0.000792126
219 0.000673041 0.000637199
220 0.000540318 0.000511185
221 0.000432536 0.000409011
222 0.000345299 0.000326373
223 0.000274931 0.000259682
224 0.000218343 0.000206018
225 0.000172946 0.00016301
226 0.000136608 0.000128691
227 0.000107602 0.000101378
228 8.45351e-05 7.96514e-05
229 6.62631e-05 6.23707e-05
230 5.18268e-05 4.86747e-05
231 4.04324e-05 3.79031e-05
232 3.14475e-05 2.94942e-05
233 2.43859e-05 2.29303e-05
234 1.88677e-05 1.77646e-05
235 1.45782e-05 1.36755e-05
236 1.12471e-05 1.0471e-05
237 8.65241e-06 8.02191e-06
238 6.62936e-06 6.18309e-06
239 5.06287e-06 4.77687e-06
240 3.86509e-06 3.64797e-06
241 2.95634e-06 2.7231e-06
242 2.26311e-06 2.00461e-06
243 1.72849e-06 1.50027e-06
244 1.31802e-06 1.16166e-06
245 1.01231e-06 8.94837e-07
246 7.94018e-07 6.29272e-07
247 6.42412e-07 3.68078e-07
248 5.39311e-07 1.63188e-07
249 4.76555e-07 4.11252e-08
250 4.55019e-07 -4.11252e-08
251 4.76555e-07 -1.63188e-07
252 5.39311e-07 -3.68078e-07
253 6.42412e-07 -6.29272e-07
254 7.94018e-07 -8.94837e-07
255 1.01231e-06 -1.16166e-06
256 1.31802e-06 -1.50027e-06
257 1.72849e-06 -2.00461e-06
258 2.26311e-06 -2.7231e-06
259 2.95634e-06 -3.64797e-06
260 3.86509e-06 -4.77687e-06
261 5.06287e-06 -6.18309e-06
262 6.62936e-06 -8.02191e-06
263 8.65241e-06 -1.0471e-05
264 1.12471e-05 -1.36755e-05
265 1.45782e-05 -1.77646e-05
266 1.88677e-05 -2.29303e-05
267 2.43859e-05 -2.94942e-05
268 3.14475e-05 -3.79031e-05
269 4.04324e-05 -4.86747e-05
270 5.18268e-05 -6.23707e-05
271 6.62631e-05 -7.96514e-05
272 8.45351e-05 -0.000101378
273 0.000107602 -0.000128691
274 0.000136608 -0.00016301
275 0.000172946 -0.000206018
276 0.000218343 -0.000259682
277 0.000274931 -0.000326373
278 0.000345299 -0.000409011
279 0.000432536 -0.000511185
280 0.000540318 -0.000637199
281 0.000673041 -0.000792126
282 0.000835987 -0.000981927
283 0.00103547 -0.00121365
284 0.00127893 -0.00149567
285 0.00157509 -0.00183787
286 0.00193413 -0.00225176
287 0.00236791 -0.00275065
288 0.00289023 -0.00334986
289 0.00351708 -0.00406698
290 0.00426675 -0.00492221
291 0.00516007 -0.00593851
292 0.00622062 -0.00714179
293 0.00747497 -0.00856103
294 0.00895295 -0.0102284
295 0.0106877 -0.0121796
296 0.0127159 -0.0144536
297 0.0150772 -0.017093
298 0.017815 -0.0201434
299 0.0209755 -0.0236533
300 0.024608 -0.0276737
301 0.0287642 -0.0322574
302 0.0334971 -0.0374582
303 0.0388608 -0.0433299
304 0.0449086 -0.0499251
305 0.0516925 -0.0572931
306 0.0592608 -0.0654786
307 0.067657 -0.0745193
308 0.0769164 -0.0844433
309 0.0870647 -0.0952673
310 0.0981146 -0.106992
311 0.110063 -0.119602
312 0.122889 -0.133059
313 0.136549 -0.1473
314 0.150974 -0.162237
315 0.166068 -0.17775
316 0.181703 -0.193688
317 0.197719 -0.209863
318 0.21392 -0.226055
319 0.230078 -0.242006
320 0.245925 -0.257426
321 0.261163 -0.271992
322 0.275462 -0.285353
323 0.288465 -0.297138
324 0.299795 -0.306959
325 0.309064 -0.314424
326 0.315879 -0.319147
327 0.319858 -0.32076
328 0.32064 -0.31893
329 0.317901 -0.313368
330 0.311368 -0.303852
331 0.300837 -0.290238
332 0.286186 -0.272477
333 0.267393 -0.250631
334 0.244547 -0.224878
335 0.21786 -0.19553
336 0.187676 -0.163029
337 0.15447 -0.127951
338 0.118852 -0.0909996
339 0.0815562 -0.0529958
340 0.0434287 -0.014857
341 0.00540805 0.022426
342 -0.0315009 0.0578201
343 -0.0662594 0.0902855
344 -0.0978325 0.118817
345 -0.12523 0.142485
346 -0.14755 0.160487
347 -0.164026 0.172181
348 -0.174066 0.177137
349 -0.177295 0.175163
350 -0.173587 0.166334
351 -0.163086 0.151009
352 -0.146225 0.129831
353 -0.123715 0.103716
354 -0.0965375 0.0738275
355 -0.0659106 0.0415308
356 -0.0332429 0.00833894
357 -7.40048e-05 -0.0241574
358 0.0319976 -0.054368
359 0.0613949 -0.0807878
360 0.0866477 -0.102082
361 0.106477 -0.117166
362 0.119874 -0.125281
363 0.126168 -0.126047
364 0.125082 -0.119498
365 0.116758 -0.106102
366 0.101767 -0.086737
367 0.081091 -0.0626594
368 0.0560674 -0.0354299
369 0.0283206 -0.00682361
370 -0.000337976 0.0212819
371 -0.0280241 0.0470306
372 -0.0529067 0.0687156
373 -0.0733356 0.084902
374 -0.0879619 0.0945358
375 -0.0958415 0.0970281
376 -0.0965124 0.0923096
377 -0.0900394 0.0808457
378 -0.0770197 0.0636122
379 -0.0585474 0.0420286
380 -0.0361384 0.0178541
381 -0.0116171 -0.00694723
382 0.0130242 -0.0303625
383 0.0357862 -0.0504954
384 0.0548278 -0.0657267
385 0.0686229 -0.074856
386 0.076095 -0.0772109
387 0.0767158 -0.0727123
388 0.0705586 -0.0618877
389 0.0582987 -0.0458305
390 0.0411586 -0.0261049
391 0.0208008 -0.00460601
392 -0.0008226 0.0166153
393 -0.0216522 0.0355469
394 -0.0397169 0.0504097
395 -0.0533253 0.0598341
396 -0.0612337 0.0629984
397 -0.0627729 0.0597138
398 -0.0579188 0.0504476
399 -0.0472987 0.0362772
400 -0.0321292 0.0187816
401 -0.0140914 -0.000123843
402 0.004846 -0.0183907
403 0.022636 -0.0340583
404 0.0373752 -0.0454695
405 0.047513 -0.0514542
406 0.052024 -0.0514612
407 0.0505248 -0.0456214
408 0.0433179 -0.0347326
409 0.0313577 -0.020168
410 0.0161394 -0.00371527
411 -0.000476693 0.0126349
412 -0.0164866 0.0269275
413 -0.0299826 0.0374795
414 -0.0393846 0.0430861
415 -0.043633 0.043168
416 -0.0423194 0.0378425
417 -0.0357364 0.0279065
418 -0.0248387 0.014733
419 -0.0111195 9.30054e-05
420 0.00358471 -0.0140756
421 0.0173343 -0.0259233
422 0.0283424 -0.0339335
423 0.0352107 -0.0371247
424 0.0371154 -0.0351804
425 0.0339163 -0.0284891
426 0.0261728 -0.0180862
427 0.0150632 -0.00550716
428 0.00221691 0.00743102
429 -0.0105171 0.0188879
430 -0.0213344 0.0272623
431 -0.028733 0.0314217
432 -0.0317276 0.030864
433 -0.0299894 0.0257867
434 -0.0238899 0.0170531
435 -0.0144409 0.00605744
436 -0.00313862 -0.00548864
437 0.00826514 -0.0158186
438 0.018032 -0.0233812
439 0.0247038 -0.0270777
440 0.0273257 -0.0264291
441 0.0255906 -0.0216456
442 0.0198809 -0.0135882
443 0.0112019 -0.00362513
444 0.00101548 0.00659283
445 -0.0089993 0.0154028
446 -0.0172201 0.0214016
447 -0.0223463 0.0236736
448 -0.0236108 0.0219372
449 -0.020902 0.0165852
450 -0.0147757 0.00861122
451 -0.00635424 -0.000564154
452 0.00287122 -0.0093408
453 0.0112996 -0.0162163
454 0.0174972 -0.020046
455 0.0204442 -0.0202392
456 0.0197081 -0.0168565
457 0.015514 -0.0105916
458 0.00869675 -0.00263908
459 0.000545238 0.00552658
460 -0.00743577 0.0124207
461 -0.0138016 0.0168189
462 -0.0174309 0.0179783
463 -0.0177282 0.0157687
464 -0.0147265 0.0106903
465 -0.00907283 0.00377115
466 -0.0018989 -0.00363283
467 0.00539879 -0.0101009
468 0.0114275 -0.01442
469 0.0150649 -0.0158159
470 0.0156718 -0.0140962
471 0.0132108 -0.00967964
472 0.00824495 -0.00350533
473 0.00181891 0.00315984
474 -0.00475532 0.00897692
475 -0.0101638 0.0128035
476 -0.0133537 0.0139213
477 -0.0137414 0.0121758
478 -0.0113235 0.00800043
479 -0.00666906 0.00231853
480 -0.000794577 -0.00365499
481 0.0050519 -0.0086708
482 0.00965373 -0.0117067
483 0.0120801 -0.0121785
484 0.0118785 -0.0100561
485 0.00916314 -0.00586131
486 0.00458205 -0.000547811
487 -0.000830978 0.00470988
488 -0.00588573 0.00877384
489 -0.00949597 0.0107902
490 -0.010914 0.0103724
491 -0.00988859 0.007679
492 -0.00671231 0.00337035
493 -0.00214838 -0.00154788
494 0.00274653 -0.00595605
495 0.00686379 -0.00887491
496 0.00929419 -0.00968453
497 0.00953169 -0.00825884
498 0.00758267 -0.00498583
499 0.00395571 -0.000669934
500 -0.000464864 0.00366049
501 -0.00463114 0.00699583
502 -0.00757878 0.00858134
503 -0.008651 0.00809117
504 -0.00764727 0.00569879
505 -0.00486258 0.0020272
506 -0.00100906 -0.00200847
507 0.00296091 -0.00542687
508 0.00608763 -0.00741915
509 0.00763653 -0.00754187
510 0.00727368 -0.00581794
511 0.00514107 -0.00272203
512 0.0018133 0.000944473
513 -0.00185274 0.00425713
514 -0.00493659 0.00640014
515 -0.00668533 0.00686849
516 -0.00669878 0.00559001
517 -0.005023 0.00293665
518 -0.00212974 -0.000377703
519 0.0012112 -0.00348627
520 0.00413346 -0.00559561
521 0.00589759 -0.00618963
522 0.00607947 -0.00515806
523 0.00467519 -0.00281667
524 0.00209518 0.000184316
525 -0.000950551 0.00303769
526 -0.00364543 0.00499481
527 -0.00528525 0.00556208
528 -0.005464 0.00462704
529 -0.00417643 0.00248154
530 -0.00181086 -0.000263541
531 0.000964033 -0.00284865
532 0.00338593 -0.00457469
533 0.00480731 -0.00499341
534 0.00486894 -0.00402654
535 0.00359214 -0.00198055
536 0.00136575 0.000546195
537 -0.00116766 0.00283654
538 -0.00329444 0.0042579
539 -0.00443051 0.00443772
540 -0.0042836 0.00336217
541 -0.002931 0.00137179
542 -0.000790941 -0.000942623
543 0.00150366 -0.0029128
544 0.00329146 -0.00398476
545 0.00407393 -0.0038751
546 0.00365563 -0.00264783
547 0.00219362 -0.000689897
548 0.00014343 0.00140698
549 -0.00188044 0.00302348
550 -0.00328708 0.00369626
551 -0.00368126 0.00325281
552 -0.00297524 0.00185736
553 -0.0014087 -4.54199e-05
554 0.000528263 -0.00187044
555 0.00224559 -0.00307183
556 0.00323225 -0.00330671
557 0.00320959 -0.00253361
558 0.00221237 -0.00101743
559 0.00057255 0.000758438
560 -0.00118856 0.00224414
561 -0.00252543 0.0029924
562 -0.0030381 0.0027933
563 -0.00259311 0.00173438
564 -0.00135828 0.000168294
565 0.000257407 -0.00140149
566 0.00173782 -0.00248121
567 0.00262364 -0.00274278
568 0.00265452 -0.00212559
569 0.00184585 -0.000851155
570 0.000477633 0.000653452
571 -0.000999463 0.00189796
572 -0.0021104 0.00248925
573 -0.002508 0.00225662
574 -0.0020826 0.00130149
575 -0.000993935 -4.3076e-05
576 0.000385077 -0.00132725
577 0.00159431 -0.00213417
578 0.00224009 -0.0022148
579 0.00212494 -0.00156469
580 0.00130954 -0.000419314
581 8.66513e-05 0.0008286
582 -0.00112291 0.00176176
583 -0.00191509 0.002077
584 -0.00203808 0.00168458
585 -0.00147252 0.000735008
586 -0.000431076 -0.000435297
587 0.000719951 -0.00142145
588 0.00158823 -0.00189021
589 0.00188819 -0.00169417
590 0.0015346 -0.000919765
591 0.000666706 0.000147424
592 -0.000403755 0.00112716
593 -0.00130237 0.00168049
594 -0.00172194 0.00162794
595 -0.00152806 0.0010081
596 -0.000803842 5.7454e-05
597 0.000182241 -0.000879131
598 0.00107407 -0.00147303
599 0.00155647 -0.00152668
600 0.001468 -0.00103884
601 0.000856604 -0.000199076
602 -4.1994e-05 0.000684103
603 -0.000894446 0.00129499
604 -0.0013939 0.00142257
605 -0.00137129 0.00103352
606 -0.000852882 0.00028125
607 -4.43278e-05 -0.000552107
608 0.000750353 -0.00115992
609 0.00124275 -0.00132379
610 0.00126425 -0.000993393
611 0.000823127 -0.000303418
612 9.57295e-05 0.000479281
613 -0.000642574 0.00105836
614 -0.00112022 0.0012211
615 -0.00116833 0.000918045
616 -0.000780391 0.000278428
617 -0.000111725 -0.000443851
618 0.000580514 -0.000971239
619 0.00103476 -0.00110989
620 0.00108375 -0.000821278
621 0.000717375 -0.000231414
622 8.52773e-05 0.000423523
623 -0.000562463 0.000891554
624 -0.000973849 0.00100142
625 -0.000994008 0.000724487
626 -0.000625114 0.0001803
627 -2.2994e-05 -0.000413967
628 0.000567955 -0.000828954
629 0.000914475 -0.000910505
630 0.000887576 -0.000636426
631 0.00051117 -0.000122142
632 -5.25004e-05 0.000426112
633 -0.00057272 0.000792451
634 -0.000845075 0.000835806
635 -0.000771819 0.000545001
636 -0.000396194 4.24927e-05
637 0.000120777 -0.0004654
638 0.000568955 -0.000772504
639 0.000773877 -0.000757158
640 0.000663762 -0.000431968
641 0.000293635 6.23589e-05
642 -0.000180801 0.000517034
643 -0.000567472 0.00074379
644 -0.000714446 0.000654078
645 -0.000568954 0.000294734
646 -0.000196473 -0.000174933
647 0.000247116 -0.00055385
648 0.000579244 -0.000686046
649 0.000665065 -0.000525537
650 0.000472698 -0.000151818
651 8.63699e-05 0.00026897
652 -0.000328798 0.000558177
653 -0.000596547 0.000600675
654 -0.000604737 0.000390243
655 -0.000353687 2.67156e-05
656 4.40834e-05 -0.000331117
657 0.000413385 -0.000534566
658 0.000593778 -0.000506101
659 0.000510407 -0.000267783
660 0.000206262 7.25553e-05
661 -0.000178765 0.000369399
662 -0.000472261 0.000500743
663 -0.000547307 0.000417264
664 -0.00037826 0.000160304
665 -4.92253e-05 -0.000157519
666 0.000287449 -0.000400425
667 0.000482167 -0.000466469
668 0.000455081 -0.000330127
669 0.000228736 -5.28258e-05
670 -8.69288e-05 0.000243372
671 -0.000348048 0.000428439
672 -0.000442562 0.000421295
673 -0.000338015 0.000226158
674 -9.12076e-05 -6.84615e-05
675 0.00018209 -0.000328831
676 0.000361288 -0.000436484
677 0.000373673 -0.000342868
678 0.000222905 -9.24824e-05
679 -1.71659e-05 0.000197216
680 -0.000238251 0.000390624
681 -0.00034576 0.000398055
682 -0.000298328 0.000218401
683 -0.000122814 -6.05137e-05
684 0.000100028 -0.000304486
685 0.000271868 -0.000397905
686 0.000319224 -0.000299396
687 0.000224298 -6.08516e-05
688 3.16538e-05 0.00019934
689 -0.000171799 0.000355238
690 -0.00029503 0.00033494
691 -0.000283114 0.000154302
692 -0.000141969 -9.33517e-05
693 6.36656e-05 -0.000285402
694 0.000238948 -0.000331048
695 0.000302178 -0.00021463
696 0.000223138 -2.52718e-07
697 3.83816e-05 0.000203144
698 -0.000164724 0.00029733
699 -0.000288805 0.000242455
700 -0.000273355 7.35652e-05
701 -0.000124991 -0.00012067
702 8.44653e-05 -0.000244479
703 0.00025224 -0.000242294
704 0.000295132 -0.000123409
705 0.000191397 4.67828e-05
706 -7.46384e-06 0.000182486
707 -0.000201754 0.000220712
708 -0.000293563 0.000150242
709 -0.000236585 1.31768e-05
710 -6.01386e-05 -0.000119574
711 0.000145406 -0.000184829
712 0.000274819 -0.000156925
713 0.000262209 -5.68649e-05
714 0.000115121 6.17746e-05
715 -8.94087e-05 0.000141282
716 -0.000245019 0.000147598
717 -0.000271518 8.42296e-05
718 -0.000156632 -1.2952e-05
719 3.79662e-05 -9.56343e-05
720 0.000209505 -0.000126798
721 0.000268449 -9.67601e-05
722 0.000185522 -2.49004e-05
723 6.57097e-06 5.21358e-05
724 -0.000172468 9.88515e-05
725 -0.000256943 9.68189e-05
726 -0.000203698 5.12332e-05
727 -4.33791e-05 -1.37449e-05
728 0.000136838 -6.7522e-05
729 0.000240504 -8.71198e-05
730 0.000213575 -6.65011e-05
731 7.27723e-05 -1.77008e-05
732 -0.000104357 3.58704e-05
733 -0.000221947 7.03701e-05
734 -0.000217654 7.17744e-05
735 -9.58225e-05 4.12426e-05
736 7.57498e-05 -6.25638e-06
737 0.000203303 -4.90633e-05
738 0.000218236 -6.84378e-05
739 0.000114029 -5.65521e-05
740 -5.09286e-05 -1.95676e-05
741 -0.00018582 2.53929e-05
742 -0.00021723 5.79867e-05
743 -0.000129051 6.37126e-05
744 2.92093e-05 4.03222e-05
745 0.000170022 -1.25673e-06
746 0.000216051 -4.19154e-05
747 0.000142504 -6.30559e-05
748 -9.50431e-06 -5.50617e-05
749 -0.0001558 -2.16835e-05
750 -0.000215561 2.16835e-05
751 -0.0001558 5.50617e-05
752 -9.50431e-06 6.30559e-05
753 0.000142504 4.19154e-05
754 0.000216051 1.25673e-06
755 0.000170022 -4.03222e-05
756 2.92093e-05 -6.37126e-05
757 -0.000129051 -5.79867e-05
758 -0.00021723 -2.53929e-05
759 -0.00018582 1.95676e-05
760 -5.09286e-05 5.65521e-05
761 0.000114029 6.84378e-05
762 0.000218236 4.90633e-05
763 0.000203303 6.25638e-06
764 7.57498e-05 -4.12426e-05
765 -9.58225e-05 -7.17744e-05
766 -0.000217654 -7.03701e-05
767 -0.000221947 -3.58704e-05
768 -0.000104357 1.77008e-05
769 7.27723e-05 6.65011e-05
770 0.000213575 8.71198e-05
771 0.000240504 6.7522e-05
772 0.000136838 1.37449e-05
773 -4.33791e-05 -5.12332e-05
774 -0.000203698 -9.68189e-05
775 -0.000256943 -9.88515e-05
776 -0.000172468 -5.21358e-05
777 6.57097e-06 2.49004e-05
778 0.000185522 9.67601e-05
779 0.000268449 0.000126798
780 0.000209505 9.56343e-05
781 3.79662e-05 1.2952e-05
782 -0.000156632 -8.42296e-05
783 -0.000271518 -0.000147598
784 -0.000245019 -0.000141282
785 -8.94087e-05 -6.17746e-05
786 0.000115121 5.68649e-05
787 0.000262209 0.000156925
788 0.000274819 0.000184829
789 0.000145406 0.000119574
790 -6.01386e-05 -1.31768e-05
791 -0.000236585 -0.000150242
792 -0.000293563 -0.000220712
793 -0.000201754 -0.000182486
794 -7.46384e-06 -4.67828e-05
795 0.000191397 0.000123409
796 0.000295132 0.000242294
797 0.00025224 0.000244479
798 8.44653e-05 0.00012067
799 -0.000124991 -7.35652e-05
800 -0.000273355 -0.000242455
801 -0.000288805 -0.00029733
802 -0.000164724 -0.000203144
803 3.83816e-05 2.52718e-07
804 0.000223138 0.00021463
805 0.000302178 0.000331048
806 0.000238948 0.000285402
807 6.36656e-05 9.33517e-05
808 -0.000141969 -0.000154302
809 -0.000283114 -0.00033494
810 -0.00029503 -0.000355238
811 -0.000171799 -0.00019934
812 3.16538e-05 6.08516e-05
813 0.000224298 0.000299396
814 0.000319224 0.000397905
815 0.000271868 0.000304486
816 0.000100028 6.05137e-05
817 -0.000122814 -0.000218401
818 -0.000298328 -0.000398055
819 -0.00034576 -0.000390624
820 -0.000238251 -0.000197216
821 -1.71659e-05 9.24824e-05
822 0.000222905 0.000342868
823 0.000373673 0.000436484
824 0.000361288 0.000328831
825 0.00018209 6.84615e-05
826 -9.12076e-05 -0.000226158
827 -0.000338015 -0.000421295
828 -0.000442562 -0.000428439
829 -0.000348048 -0.000243372
830 -8.69288e-05 5.28258e-05
831 0.000228736 0.000330127
832 0.000455081 0.000466469
833 0.000482167 0.000400425
834 0.000287449 0.000157519
835 -4.92253e-05 -0.000160304
836 -0.00037826 -0.000417264
837 -0.000547307 -0.000500743
838 -0.000472261 -0.000369399
839 -0.000178765 -7.25553e-05
840 0.000206262 0.000267783
841 0.000510407 0.000506101
842 0.000593778 0.000534566
843 0.000413385 0.000331117
844 4.40834e-05 -2.67156e-05
845 -0.000353687 -0.000390243
846 -0.000604737 -0.000600675
847 -0.000596547 -0.000558177
848 -0.000328798 -0.00026897
849 8.63699e-05 0.000151818
850 0.000472698 0.000525537
851 0.000665065 0.000686046
852 0.000579244 0.00055385
853 0.000247116 0.000174933
854 -0.000196473 -0.000294734
855 -0.000568954 -0.000654078
856 -0.000714446 -0.00074379
857 -0.000567472 -0.000517034
858 -0.000180801 -6.23589e-05
859 0.000293635 0.000431968
860 0.000663762 0.000757158
861 0.000773877 0.000772504
862 0.000568955 0.0004654
863 0.000120777 -4.24927e-05
864 -0.000396194 -0.000545001
865 -0.000771819 -0.000835806
866 -0.000845075 -0.000792451
867 -0.00057272 -0.000426112
868 -5.25004e-05 0.000122142
869 0.00051117 0.000636426
870 0.000887576 0.000910505
871 0.000914475 0.000828954
872 0.000567955 0.000413967
873 -2.2994e-05 -0.0001803
874 -0.000625114 -0.000724487
875 -0.000994008 -0.00100142
876 -0.000973849 -0.000891554
877 -0.000562463 -0.000423523
878 8.52773e-05 0.000231414
879 0.000717375 0.000821278
880 0.00108375 0.00110989
881 0.00103476 0.000971239
882 0.000580514 0.000443851
883 -0.000111725 -0.000278428
884 -0.000780391 -0.000918045
885 -0.00116833 -0.0012211
886 -0.00112022 -0.00105836
887 -0.000642574 -0.000479281
888 9.57295e-05 0.000303418
889 0.000823127 0.000993393
890 0.00126425 0.00132379
891 0.00124275 0.00115992
892 0.000750353 0.000552107
893 -4.43278e-05 -0.00028125
894 -0.000852882 -0.00103352
895 -0.00137129 -0.00142257
896 -0.0013939 -0.00129499
897 -0.000894446 -0.000684103
898 -4.1994e-05 0.000199076
899 0.000856604 0.00103884
900 0.001468 0.00152668
901 0.00155647 0.00147303
902 0.00107407 0.000879131
903 0.000182241 -5.7454e-05
904 -0.000803842 -0.0010081
905 -0.00152806 -0.00162794
906 -0.00172194 -0.00168049
907 -0.00130237 -0.00112716
908 -0.000403755 -0.000147424
909 0.000666706 0.000919765
910 0.0015346 0.00169417
911 0.00188819 0.00189021
912 0.00158823 0.00142145
913 0.000719951 0.000435297
914 -0.000431076 -0.000735008
915 -0.00147252 -0.00168458
916 -0.00203808 -0.002077
917 -0.00191509 -0.00176176
918 -0.00112291 -0.0008286
919 8.66513e-05 0.000419314
920 0.00130954 0.00156469
921 0.00212494 0.0022148
922 0.00224009 0.00213417
923 0.00159431 0.00132725
924 0.000385077 4.3076e-05
925 -0.000993935 -0.00130149
926 -0.0020826 -0.00225662
927 -0.002508 -0.00248925
928 -0.0021104 -0.00189796
929 -0.000999463 -0.000653452
930 0.000477633 0.000851155
931 0.00184585 0.00212559
932 0.00265452 0.00274278
933 0.00262364 0.00248121
934 0.00173782 0.00140149
935 0.000257407 -0.000168294
936 -0.00135828 -0.00173438
937 -0.00259311 -0.0027933
938 -0.0030381 -0.0029924
939 -0.00252543 -0.00224414
940 -0.00118856 -0.000758438
941 0.00057255 0.00101743
942 0.00221237 0.00253361
943 0.00320959 0.00330671
944 0.00323225 0.00307183
945 0.00224559 0.00187044
946 0.000528263 4.54199e-05
947 -0.0014087 -0.00185736
948 -0.00297524 -0.00325281
949 -0.00368126 -0.00369626
950 -0.00328708 -0.00302348
951 -0.00188044 -0.00140698
952 0.00014343 0.000689897
953 0.00219362 0.00264783
954 0.00365563 0.0038751
955 0.00407393 0.00398476
956 0.00329146 0.0029128
957 0.00150366 0.000942623
958 -0.000790941 -0.00137179
959 -0.002931 -0.00336217
960 -0.0042836 -0.00443772
961 -0.00443051 -0.0042579
962 -0.00329444 -0.00283654
963 -0.00116766 -0.000546195
964 0.00136575 0.00198055
965 0.00359214 0.00402654
966 0.00486894 0.00499341
967 0.00480731 0.00457469
968 0.00338593 0.00284865
969 0.000964033 0.000263541
970 -0.00181086 -0.00248154
971 -0.00417643 -0.00462704
972 -0.005464 -0.00556208
973 -0.00528525 -0.00499481
974 -0.00364543 -0.00303769
975 -0.000950551 -0.000184316
976 0.00209518 0.00281667
977 0.00467519 0.00515806
978 0.00607947 0.00618963
979 0.00589759 0.00559561
980 0.00413346 0.00348627
981 0.0012112 0.000377703
982 -0.00212974 -0.00293665
983 -0.005023 -0.00559001
984 -0.00669878 -0.00686849
985 -0.00668533 -0.00640014
986 -0.00493659 -0.00425713
987 -0.00185274 -0.000944473
988 0.0018133 0.00272203
989 0.00514107 0.00581794
990 0.00727368 0.00754187
991 0.00763653 0.00741915
992 0.00608763 0.00542687
993 0.00296091 0.00200847
994 -0.00100906 -0.0020272
995 -0.00486258 -0.00569879
996 -0.00764727 -0.00809117
997 -0.008651 -0.00858134
998 -0.00757878 -0.00699583
999 -0.00463114 -0.00366049
