0 -0.0205167 0.0192543
1 -0.0169497 0.014375
2 -0.0112101 0.00736339
3 -0.0041507 -0.000771131
4 0.00327004 -0.00880596
5 0.0101028 -0.0154981
6 0.0154986 -0.0197962
7 0.018782 -0.0210292
8 0.0195154 -0.0190317
9 0.0175572 -0.0141749
10 0.0131063 -0.00729298
11 0.00671622 0.000477051
12 -0.000743601 0.00790715
13 -0.00818744 0.0138919
14 -0.0144709 0.0176195
15 -0.0185813 0.0186699
16 -0.0198236 0.0170345
17 -0.0179603 0.0130684
18 -0.0132718 0.00740284
19 -0.00651973 0.00084312
20 0.00118178 -0.00573029
21 0.00856352 -0.0114512
22 0.0144282 -0.0155515
23 0.0178616 -0.0174447
24 0.0183858 -0.0168089
25 0.0160253 -0.0136569
26 0.011276 -0.00837484
27 0.00498947 -0.0017057
28 -0.00179674 0.00533586
29 -0.00804285 0.0116147
30 -0.0128662 0.0160699
31 -0.0156504 0.017915
32 -0.016097 0.0167987
33 -0.014227 0.0128876
34 -0.0103497 0.00684876
35 -0.00501429 -0.00026772
36 0.00104809 -0.00722322
37 0.00699475 -0.012823
38 0.0119598 -0.0161379
39 0.0151645 -0.0166704
40 0.0160423 -0.0144309
41 0.0143565 -0.00991226
42 0.0102813 -0.00397202
43 0.00441601 0.00234694
44 -0.00228639 0.00801345
45 -0.00867334 0.0121802
46 -0.0136043 0.0142993
47 -0.0161756 0.0141687
48 -0.0159076 0.0119179
49 -0.0128487 0.00795186
50 -0.00757115 0.00287716
51 -0.00105829 -0.00257595
52 0.00549243 -0.00763063
53 0.0109055 -0.0115449
54 0.0142526 -0.0137022
55 0.0150191 -0.0137069
56 0.0131813 -0.0114715
57 0.00918242 -0.00726982
58 0.0038197 -0.00173251
59 -0.00192729 0.00422953
60 -0.00708616 0.00957073
61 -0.0108581 0.0133024
62 -0.0127309 0.0146918
63 -0.0125252 0.0134238
64 -0.0103803 0.00968598
65 -0.00669708 0.00415136
66 -0.00206156 -0.00214198
67 0.00283564 -0.0079942
68 0.00727649 -0.0122872
69 0.0105926 -0.0142154
70 0.0122468 -0.0134504
71 0.0119173 -0.0102036
72 0.00957311 -0.00516958
73 0.00551795 0.000631681
74 0.000379786 0.00607764
75 -0.00496805 0.0101751
76 -0.00955105 0.0122493
77 -0.0124793 0.0120499
78 -0.0131354 0.0097605
79 -0.0113209 0.00591887
80 -0.00732193 0.00128113
81 -0.00187459 -0.00333412
82 0.0039699 -0.00718571
83 0.00905463 -0.00971168
84 0.0123585 -0.0105863
85 0.0132163 -0.00973753
86 0.0114667 -0.00733617
87 0.00749102 -0.00376569
88 0.00212985 0.000423475
89 -0.00350328 0.00457672
90 -0.00826865 0.00801724
91 -0.0112469 0.0101445
92 -0.0119266 0.0105388
93 -0.0102907 0.00905242
94 -0.00678723 0.00586562
95 -0.00220172 0.00148733
96 0.00253147 -0.00331037
97 0.00652763 -0.00762031
98 0.00911593 -0.0105722
99 0.00993941 -0.0115165
100 0.00898135 -0.01018
101 0.00652681 -0.00675333
102 0.00307981 -0.00188203
103 -0.000739787 0.00344864
104 -0.00429904 0.00811737
105 -0.00704073 0.0111161
106 -0.00855174 0.0117855
107 -0.00860984 0.00997536
108 -0.00720902 0.00608619
109 -0.00456328 0.000978231
110 -0.00108644 -0.00422965
111 0.00265491 -0.00841955
112 0.00601645 -0.0107272
113 0.00837545 -0.0107267
114 0.00924318 -0.00850691
115 0.00837156 -0.00462781
116 0.00582989 2.51182e-05
117 0.00202779 0.00444969
118 -0.00233261 0.00774821
119 -0.00637708 0.00931191
120 -0.00923565 0.00893037
121 -0.0102394 0.00680712
122 -0.00909054 0.00348436
123 -0.00595867 -0.000298903
124 -0.00147074 -0.00377725
125 0.00341236 -0.00631589
126 0.00760847 -0.00752018
127 0.0101663 -0.00728025
128 0.0104941 -0.00575225
129 0.00850523 -0.00329403
130 0.0046445 -0.000379332
131 -0.000213878 0.00248746
132 -0.00497026 0.00484296
133 -0.00855618 0.00631953
134 -0.0101818 0.00668576
135 -0.0095159 0.00587536
136 -0.00675651 0.00400323
137 -0.00257637 0.00136267
138 0.00204285 -0.00160354
139 0.00604705 -0.0043628
140 0.00855858 -0.00637962
141 0.00907626 -0.00721818
142 0.00757765 -0.00664065
143 0.00450115 -0.00467826
144 0.000617592 -0.00165394
145 -0.00317012 0.00185676
146 -0.00604408 0.00512701
147 -0.00745003 0.00742747
148 -0.00719779 0.00819305
149 -0.00546849 0.00716895
150 -0.00273837 0.00449665
151 0.000352359 0.000710955
152 0.0031494 -0.00336083
153 0.00511891 -0.00678077
154 0.00594122 -0.00872303
155 0.00555084 -0.00868237
156 0.00412152 -0.0066131
157 0.00200662 -0.00295834
158 -0.000347946 0.00144288
159 -0.00249646 0.00555161
160 -0.00407228 0.00838069
161 -0.00483941 0.00923918
162 -0.00471279 0.00790709
163 -0.00375242 0.00469509
164 -0.00214093 0.000372569
165 -0.000153319 -0.00401891
166 0.00187716 -0.00742076
167 0.00359855 -0.00901763
168 0.00468822 -0.00843766
169 0.00490864 -0.00584254
170 0.00416302 -0.00188486
171 0.00253584 0.00245648
172 0.000301553 0.00612142
173 -0.00210988 0.00823215
174 -0.00419079 0.00830837
175 -0.00546335 0.00637977
176 -0.005593 0.00296845
177 -0.0044794 -0.00105257
178 -0.00230001 -0.00468597
179 0.000508548 -0.0070618
180 0.00333257 -0.00764897
181 0.00551299 -0.00637416
182 0.00649987 -0.00362163
183 0.00599418 -0.000119338
184 0.00404016 0.00325455
185 0.00103938 0.00569291
186 -0.00232528 0.00665273
187 -0.00524429 0.00597447
188 -0.00698013 0.00390243
189 -0.00705965 0.00100602
190 -0.00540765 -0.00197448
191 -0.00238241 -0.00431692
192 0.00130045 -0.00549305
193 0.00473948 -0.00528798
194 0.0070715 -0.00383575
195 0.00769139 -0.00156558
196 0.00641101 0.000922818
197 0.00351575 0.0030188
198 -0.000297359 0.00425165
199 -0.00408685 0.00439471
200 -0.00689973 0.0035
201 -0.00801294 0.00186131
202 -0.00712211 -7.76383e-05
203 -0.0044278 -0.00184167
204 -0.000593519 -0.003038
205 0.003417 -0.00343967
206 0.00658393 -0.00302275
207 0.00809411 -0.00195388
208 0.00755342 -0.000535175
209 0.00509181 0.000877495
210 0.00133252 0.00196235
211 -0.00276692 0.0025043
212 -0.00616033 0.00243568
213 -0.00798133 0.00183693
214 -0.00776533 0.000900649
215 -0.00556851 -0.000128014
216 -0.00195369 -0.00101578
217 0.00215308 -0.00159269
218 0.00569918 -0.00177937
219 0.00777532 -0.00158814
220 0.00784975 -0.00110395
221 0.00590627 -0.000454916
222 0.00244944 0.000218288
223 -0.00162541 0.00078844
224 -0.00526424 0.00116087
225 -0.00752815 0.00128525
226 -0.00783707 0.00115977
227 -0.00611949 0.000827479
228 -0.00282902 0.000364793
229 0.00117554 -0.000135453
230 0.00485475 -0.000582478
231 0.00725833 -0.000902868
232 0.00777028 -0.00104973
233 0.0062664 -0.00100559
234 0.00314438 -0.000781327
235 -0.000780562 -0.000413955
236 -0.00448746 3.60713e-05
237 -0.00701424 0.00048969
238 -0.00770716 0.000859138
239 -0.00639055 0.00106416
240 -0.00341228 0.0010519
241 0.000447274 0.00081422
242 0.00417934 0.000395076
243 0.00681052 -0.000116569
244 0.00765689 -0.000607422
245 0.00650181 -0.000967922
246 0.0036511 -0.00111884
247 -0.000148243 -0.00102883
248 -0.00390371 -0.000719388
249 -0.00663596 -0.000257872
250 -0.00763327 0.000257872
251 -0.00663596 0.000719388
252 -0.00390371 0.00102883
253 -0.000148243 0.00111884
254 0.0036511 0.000967922
255 0.00650181 0.000607422
256 0.00765689 0.000116569
257 0.00681052 -0.000395076
258 0.00417934 -0.00081422
259 0.000447274 -0.0010519
260 -0.00341228 -0.00106416
261 -0.00639055 -0.000859138
262 -0.00770716 -0.00048969
263 -0.00701424 -3.60713e-05
264 -0.00448746 0.000413955
265 -0.000780562 0.000781327
266 0.00314438 0.00100559
267 0.0062664 0.00104973
268 0.00777028 0.000902868
269 0.00725833 0.000582478
270 0.00485475 0.000135453
271 0.00117554 -0.000364793
272 -0.00282902 -0.000827479
273 -0.00611949 -0.00115977
274 -0.00783707 -0.00128525
275 -0.00752815 -0.00116087
276 -0.00526424 -0.00078844
277 -0.00162541 -0.000218288
278 0.00244944 0.000454916
279 0.00590627 0.00110395
280 0.00784975 0.00158814
281 0.00777532 0.00177937
282 0.00569918 0.00159269
283 0.00215308 0.00101578
284 -0.00195369 0.000128014
285 -0.00556851 -0.000900649
286 -0.00776533 -0.00183693
287 -0.00798133 -0.00243568
288 -0.00616033 -0.0025043
289 -0.00276692 -0.00196235
290 0.00133252 -0.000877495
291 0.00509181 0.000535175
292 0.00755342 0.00195388
293 0.00809411 0.00302275
294 0.00658393 0.00343967
295 0.003417 0.003038
296 -0.000593519 0.00184167
297 -0.0044278 7.76383e-05
298 -0.00712211 -0.00186131
299 -0.00801294 -0.0035
300 -0.00689973 -0.00439471
301 -0.00408685 -0.00425165
302 -0.000297359 -0.0030188
303 0.00351575 -0.000922818
304 0.00641101 0.00156558
305 0.00769139 0.00383575
306 0.0070715 0.00528798
307 0.00473948 0.00549305
308 0.00130045 0.00431692
309 -0.00238241 0.00197448
310 -0.00540765 -0.00100602
311 -0.00705965 -0.00390243
312 -0.00698013 -0.00597447
313 -0.00524429 -0.00665273
314 -0.00232528 -0.00569291
315 0.00103938 -0.00325455
316 0.00404016 0.000119338
317 0.00599418 0.00362163
318 0.00649987 0.00637416
319 0.00551299 0.00764897
320 0.00333257 0.0070618
321 0.000508548 0.00468597
322 -0.00230001 0.00105257
323 -0.0044794 -0.00296845
324 -0.005593 -0.00637977
325 -0.00546335 -0.00830837
326 -0.00419079 -0.00823215
327 -0.00210988 -0.00612142
328 0.000301553 -0.00245648
329 0.00253584 0.00188486
330 0.00416302 0.00584254
331 0.00490864 0.00843766
332 0.00468822 0.00901763
333 0.00359855 0.00742076
334 0.00187716 0.00401891
335 -0.000153319 -0.000372569
336 -0.00214093 -0.00469509
337 -0.00375242 -0.00790709
338 -0.00471279 -0.00923918
339 -0.00483941 -0.00838069
340 -0.00407228 -0.00555161
341 -0.00249646 -0.00144288
342 -0.000347946 0.00295834
343 0.00200662 0.0066131
344 0.00412152 0.00868237
345 0.00555084 0.00872303
346 0.00594122 0.00678077
347 0.00511891 0.00336083
348 0.0031494 -0.000710955
349 0.000352359 -0.00449665
350 -0.00273837 -0.00716895
351 -0.00546849 -0.00819305
352 -0.00719779 -0.00742747
353 -0.00745003 -0.00512701
354 -0.00604408 -0.00185676
355 -0.00317012 0.00165394
356 0.000617592 0.00467826
357 0.00450115 0.00664065
358 0.00757765 0.00721818
359 0.00907626 0.00637962
360 0.00855858 0.0043628
361 0.00604705 0.00160354
362 0.00204285 -0.00136267
363 -0.00257637 -0.00400323
364 -0.00675651 -0.00587536
365 -0.0095159 -0.00668576
366 -0.0101818 -0.00631953
367 -0.00855618 -0.00484296
368 -0.00497026 -0.00248746
369 -0.000213878 0.000379332
370 0.0046445 0.00329403
371 0.00850523 0.00575225
372 0.0104941 0.00728025
373 0.0101663 0.00752018
374 0.00760847 0.00631589
375 0.00341236 0.00377725
376 -0.00147074 0.000298903
377 -0.00595867 -0.00348436
378 -0.00909054 -0.00680712
379 -0.0102394 -0.00893037
380 -0.00923565 -0.00931191
381 -0.00637708 -0.00774821
382 -0.00233261 -0.00444969
383 0.00202779 -2.51182e-05
384 0.00582989 0.00462781
385 0.00837156 0.00850691
386 0.00924318 0.0107267
387 0.00837545 0.0107272
388 0.00601645 0.00841955
389 0.00265491 0.00422965
390 -0.00108644 -0.000978231
391 -0.00456328 -0.00608619
392 -0.00720902 -0.00997536
393 -0.00860984 -0.0117855
394 -0.00855174 -0.0111161
395 -0.00704073 -0.00811737
396 -0.00429904 -0.00344864
397 -0.000739787 0.00188203
398 0.00307981 0.00675333
399 0.00652681 0.01018
400 0.00898135 0.0115165
401 0.00993941 0.0105722
402 0.00911593 0.00762031
403 0.00652763 0.00331037
404 0.00253147 -0.00148733
405 -0.00220172 -0.00586562
406 -0.00678723 -0.00905242
407 -0.0102907 -0.0105388
408 -0.0119266 -0.0101445
409 -0.0112469 -0.00801724
410 -0.00826865 -0.00457672
411 -0.00350328 -0.000423475
412 0.00212985 0.00376569
413 0.00749102 0.00733617
414 0.0114667 0.00973753
415 0.0132163 0.0105863
416 0.0123585 0.00971168
417 0.00905463 0.00718571
418 0.0039699 0.00333412
419 -0.00187459 -0.00128113
420 -0.00732193 -0.00591887
421 -0.0113209 -0.0097605
422 -0.0131354 -0.0120499
423 -0.0124793 -0.0122493
424 -0.00955105 -0.0101751
425 -0.00496805 -0.00607764
426 0.000379786 -0.000631681
427 0.00551795 0.00516958
428 0.00957311 0.0102036
429 0.0119173 0.0134504
430 0.0122468 0.0142154
431 0.0105926 0.0122872
432 0.00727649 0.0079942
433 0.00283564 0.00214198
434 -0.00206156 -0.00415136
435 -0.00669708 -0.00968598
436 -0.0103803 -0.0134238
437 -0.0125252 -0.0146918
438 -0.0127309 -0.0133024
439 -0.0108581 -0.00957073
440 -0.00708616 -0.00422953
441 -0.00192729 0.00173251
442 0.0038197 0.00726982
443 0.00918242 0.0114715
444 0.0131813 0.0137069
445 0.0150191 0.0137022
446 0.0142526 0.0115449
447 0.0109055 0.00763063
448 0.00549243 0.00257595
449 -0.00105829 -0.00287716
450 -0.00757115 -0.00795186
451 -0.0128487 -0.0119179
452 -0.0159076 -0.0141687
453 -0.0161756 -0.0142993
454 -0.0136043 -0.0121802
455 -0.00867334 -0.00801345
456 -0.00228639 -0.00234694
457 0.00441601 0.00397202
458 0.0102813 0.00991226
459 0.0143565 0.0144309
460 0.0160423 0.0166704
461 0.0151645 0.0161379
462 0.0119598 0.012823
463 0.00699475 0.00722322
464 0.00104809 0.00026772
465 -0.00501429 -0.00684876
466 -0.0103497 -0.0128876
467 -0.014227 -0.0167987
468 -0.016097 -0.017915
469 -0.0156504 -0.0160699
470 -0.0128662 -0.0116147
471 -0.00804285 -0.00533586
472 -0.00179674 0.0017057
473 0.00498947 0.00837484
474 0.011276 0.0136569
475 0.0160253 0.0168089
476 0.0183858 0.0174447
477 0.0178616 0.0155515
478 0.0144282 0.0114512
479 0.00856352 0.00573029
480 0.00118178 -0.00084312
481 -0.00651973 -0.00740284
482 -0.0132718 -0.0130684
483 -0.0179603 -0.0170345
484 -0.0198236 -0.0186699
485 -0.0185813 -0.0176195
486 -0.0144709 -0.0138919
487 -0.00818744 -0.00790715
488 -0.000743601 -0.000477051
489 0.00671622 0.00729298
490 0.0131063 0.0141749
491 0.0175572 0.0190317
492 0.0195154 0.0210292
493 0.018782 0.0197962
494 0.0154986 0.0154981
495 0.0101028 0.00880596
496 0.00327004 0.000771131
497 -0.0041507 -0.00736339
498 -0.0112101 -0.014375
499 -0.0169497 -0.0192543
500 -0.0205167 -0.0213467
501 -0.0212937 -0.0204247
502 -0.0190228 -0.0166882
503 -0.0138909 -0.0107038
504 -0.00654517 -0.0033032
505 0.00197824 0.0045384
506 0.0104098 0.0118221
507 0.0174577 0.0176323
508 0.0220321 0.0212257
509 0.0234323 0.022104
510 0.0214602 0.0200728
511 0.016437 0.0152848
512 0.00912921 0.00825661
513 0.000605215 -0.000156214
514 -0.00794212 -0.00884014
515 -0.0153713 -0.0165647
516 -0.0207388 -0.0221691
517 -0.0234001 -0.0247616
518 -0.0230624 -0.0238879
519 -0.0197932 -0.0196251
520 -0.013995 -0.012577
521 -0.00635395 -0.00376763
522 0.00222902 0.00553918
523 0.0107244 0.0140525
524 0.018075 0.0206514
525 0.0233108 0.0245294
526 0.0256724 0.0252702
527 0.0247292 0.0228569
528 0.0204723 0.017633
529 0.0133561 0.0102365
530 0.00426858 0.00152447
531 -0.00557811 -0.00750617
532 -0.0148264 -0.0158042
533 -0.0221888 -0.0223614
534 -0.0266561 -0.0263223
535 -0.0276518 -0.0270997
536 -0.0251023 -0.0244751
537 -0.0194141 -0.0186619
538 -0.0113749 -0.0103099
539 -0.00201176 -0.000440473
540 0.00755698 0.00968378
541 0.0162478 0.0187356
542 0.0231066 0.0255161
543 0.0273765 0.0291302
544 0.0285511 0.0291141
545 0.0264231 0.0254917
546 0.0211269 0.0187552
547 0.0131621 0.00977458
548 0.0033783 -0.000339549
549 -0.00709467 -0.0103921
550 -0.0169748 -0.0192487
551 -0.0249996 -0.0259501
552 -0.0301118 -0.0297877
553 -0.0316214 -0.0303471
554 -0.0293113 -0.0275297
555 -0.0234641 -0.0215637
556 -0.0148101 -0.0130055
557 -0.0044098 -0.00271852
558 0.00650006 0.0081823
559 0.0166684 0.0184357
560 0.024974 0.026785
561 0.0305356 0.0321556
562 0.032784 0.0338243
563 0.0314963 0.0315405
564 0.0268005 0.0255689
565 0.0191552 0.0166426
566 0.00931161 0.00583967
567 -0.00174438 -0.00558418
568 -0.0128694 -0.0163677
569 -0.0228628 -0.025387
570 -0.0305889 -0.0317512
571 -0.0351118 -0.0348547
572 -0.0358267 -0.0343973
573 -0.0325616 -0.0303922
574 -0.0256239 -0.0231687
575 -0.0157748 -0.0133687
576 -0.00412929 -0.00192103
577 0.00800022 0.0100209
578 0.0192841 0.0211858
579 0.0285418 0.0303299
580 0.034865 0.0363974
581 0.0376825 0.0386668
582 0.0367738 0.0368507
583 0.0322488 0.0311321
584 0.0245146 0.0221312
585 0.0142441 0.0108136
586 0.00234453 -0.00163726
587 -0.0100857 -0.0139606
588 -0.0218293 -0.0249501
589 -0.0316609 -0.0335625
590 -0.0384899 -0.0389982
591 -0.0415123 -0.0407528
592 -0.0403362 -0.0386455
593 -0.0350482 -0.0328282
594 -0.0262022 -0.0237783
595 -0.0147329 -0.0122738
596 -0.00181832 0.000654907
597 0.0112749 0.0138008
598 0.0233286 0.0258865
599 0.033275 0.0356942
600 0.0402597 0.0422062
601 0.0436786 0.0447304
602 0.0432037 0.04299
603 0.0388076 0.0371552
604 0.0307864 0.0278128
605 0.0197673 0.0158791
606 0.00668444 0.00247957
607 -0.00728744 -0.0111804
608 -0.0208434 -0.0239273
609 -0.0326884 -0.0347033
610 -0.0416839 -0.0426206
611 -0.0469756 -0.0470007
612 -0.0480794 -0.0474113
613 -0.0449171 -0.0437096
614 -0.0378014 -0.0360874
615 -0.0273807 -0.0250989
616 -0.0145603 -0.0116485
617 -0.000413968 0.0030763
618 0.0139035 0.017729
619 0.0272371 0.0309627
620 0.038506 0.0415913
621 0.0467741 0.0487161
622 0.0513186 0.051796
623 0.0516923 0.0506564
624 0.0477771 0.0454533
625 0.0398141 0.0366177
626 0.0284036 0.0248049
627 0.0144649 0.0108587
628 -0.00084439 -0.00421583
629 -0.0162411 -0.0192867
630 -0.0304463 -0.0331562
631 -0.0423098 -0.0446567
632 -0.0509112 -0.0527716
633 -0.0556216 -0.0567596
634 -0.0561261 -0.0562499
635 -0.0524132 -0.0512842
636 -0.0447488 -0.0422964
637 -0.0336475 -0.0300394
638 -0.019849 -0.0154835
639 -0.00429484 0.000286109
640 0.0119068 0.0161523
641 0.0275433 0.0310239
642 0.0413915 0.0438776
643 0.0523366 0.0537978
644 0.0594937 0.0600286
645 0.0623046 0.0620372
646 0.0605869 0.0595795
647 0.0545272 0.0527491
648 0.0446248 0.0419903
649 0.0316117 0.0280673
650 0.0163721 0.0119919
651 -0.000118745 -0.00507706
652 -0.0168311 -0.02194
653 -0.0327063 -0.037453
654 -0.0466887 -0.0506014
655 -0.0577821 -0.0605489
656 -0.0651334 -0.0666681
657 -0.0681298 -0.0685611
658 -0.0664847 -0.0660765
659 -0.060283 -0.059324
660 -0.04997 -0.0486811
661 -0.0362852 -0.0347861
662 -0.0201633 -0.0185082
663 -0.00263076 -0.000894113
664 0.0152735 0.0169072
665 0.0325435 0.0337313
666 0.0482241 0.0484862
667 0.0614228 0.0602296
668 0.0713361 0.0682273
669 0.0773021 0.0719884
670 0.0788733 0.0712788
671 0.0758881 0.0661164
672 0.0685149 0.0567553
673 0.0572496 0.0436635
674 0.042862 0.0274994
675 0.0263069 0.00908456
676 0.00862391 -0.0106288
677 -0.00914606 -0.030601
678 -0.026013 -0.0497621
679 -0.0410583 -0.0670822
680 -0.0534405 -0.0816458
681 -0.062405 -0.0927213
682 -0.0673158 -0.099811
683 -0.0677083 -0.102674
684 -0.0633509 -0.10132
685 -0.0542916 -0.0959853
686 -0.0408698 -0.0870925
687 -0.0236844 -0.0752209
688 -0.0035262 -0.0610815
689 0.0187045 -0.045502
690 0.0420732 -0.0294107
691 0.0656618 -0.0138075
692 0.0885929 0.000283859
693 0.110038 0.0118836
694 0.129224 0.0201308
695 0.145459 0.0243498
696 0.158171 0.0240914
697 0.16696 0.0191419
698 0.171647 0.00950195
699 0.172297 -0.00464973
700 0.169213 -0.0229904
701 0.162896 -0.0450721
702 0.153988 -0.0703221
703 0.143215 -0.0980344
704 0.13134 -0.12737
705 0.11914 -0.157378
706 0.107395 -0.18705
707 0.0968787 -0.215391
708 0.0883393 -0.241498
709 0.0824648 -0.264611
710 0.0798349 -0.284147
711 0.0808724 -0.299682
712 0.0858082 -0.310926
713 0.0946685 -0.317693
714 0.107287 -0.319889
715 0.123332 -0.317523
716 0.142341 -0.310743
717 0.163748 -0.299855
718 0.186902 -0.285336
719 0.211069 -0.267801
720 0.235449 -0.247952
721 0.25918 -0.226499
722 0.281374 -0.204107
723 0.301153 -0.181354
724 0.317695 -0.158743
725 0.330277 -0.136717
726 0.3383 -0.115699
727 0.341304 -0.0960976
728 0.338966 -0.0782911
729 0.331089 -0.0625858
730 0.317603 -0.0491676
731 0.298564 -0.038071
732 0.274163 -0.0291825
733 0.244735 -0.022279
734 0.210757 -0.0170872
735 0.17284 -0.0133406
736 0.131703 -0.0108119
737 0.0881467 -0.00931158
738 0.043017 -0.00865934
739 -0.00281469 -0.00864921
740 -0.0484704 -0.00902992
741 -0.093075 -0.00951596
742 -0.135764 -0.0098282
743 -0.175696 -0.00974792
744 -0.212068 -0.00916065
745 -0.244143 -0.00806968
746 -0.271272 -0.0065726
747 -0.292918 -0.00481117
748 -0.308667 -0.00291679
749 -0.318229 -0.000975285
750 -0.321434 0.000975285
751 -0.318229 0.00291679
752 -0.308667 0.00481117
753 -0.292918 0.0065726
754 -0.271272 0.00806968
755 -0.244143 0.00916065
756 -0.212068 0.00974792
757 -0.175696 0.0098282
758 -0.135764 0.00951596
759 -0.093075 0.00902992
760 -0.0484704 0.00864921
761 -0.00281469 0.00865934
762 0.043017 0.00931158
763 0.0881467 0.0108119
764 0.131703 0.0133406
765 0.17284 0.0170872
766 0.210757 0.022279
767 0.244735 0.0291825
768 0.274163 0.038071
769 0.298564 0.0491676
770 0.317603 0.0625858
771 0.331089 0.0782911
772 0.338966 0.0960976
773 0.341304 0.115699
774 0.3383 0.136717
775 0.330277 0.158743
776 0.317695 0.181354
777 0.301153 0.204107
778 0.281374 0.226499
779 0.25918 0.247952
780 0.235449 0.267801
781 0.211069 0.285336
782 0.186902 0.299855
783 0.163748 0.310743
784 0.142341 0.317523
785 0.123332 0.319889
786 0.107287 0.317693
787 0.0946685 0.310926
788 0.0858082 0.299682
789 0.0808724 0.284147
790 0.0798349 0.264611
791 0.0824648 0.241498
792 0.0883393 0.215391
793 0.0968787 0.18705
794 0.107395 0.157378
795 0.11914 0.12737
796 0.13134 0.0980344
797 0.143215 0.0703221
798 0.153988 0.0450721
799 0.162896 0.0229904
800 0.169213 0.00464973
801 0.172297 -0.00950195
802 0.171647 -0.0191419
803 0.16696 -0.0240914
804 0.158171 -0.0243498
805 0.145459 -0.0201308
806 0.129224 -0.0118836
807 0.110038 -0.000283859
808 0.0885929 0.0138075
809 0.0656618 0.0294107
810 0.0420732 0.045502
811 0.0187045 0.0610815
812 -0.0035262 0.0752209
813 -0.0236844 0.0870925
814 -0.0408698 0.0959853
815 -0.0542916 0.10132
816 -0.0633509 0.102674
817 -0.0677083 0.099811
818 -0.0673158 0.0927213
819 -0.062405 0.0816458
820 -0.0534405 0.0670822
821 -0.0410583 0.0497621
822 -0.026013 0.030601
823 -0.00914606 0.0106288
824 0.00862391 -0.00908456
825 0.0263069 -0.0274994
826 0.042862 -0.0436635
827 0.0572496 -0.0567553
828 0.0685149 -0.0661164
829 0.0758881 -0.0712788
830 0.0788733 -0.0719884
831 0.0773021 -0.0682273
832 0.0713361 -0.0602296
833 0.0614228 -0.0484862
834 0.0482241 -0.0337313
835 0.0325435 -0.0169072
836 0.0152735 0.000894113
837 -0.00263076 0.0185082
838 -0.0201633 0.0347861
839 -0.0362852 0.0486811
840 -0.04997 0.059324
841 -0.060283 0.0660765
842 -0.0664847 0.0685611
843 -0.0681298 0.0666681
844 -0.0651334 0.0605489
845 -0.0577821 0.0506014
846 -0.0466887 0.037453
847 -0.0327063 0.02194
848 -0.0168311 0.00507706
849 -0.000118745 -0.0119919
850 0.0163721 -0.0280673
851 0.0316117 -0.0419903
852 0.0446248 -0.0527491
853 0.0545272 -0.0595795
854 0.0605869 -0.0620372
855 0.0623046 -0.0600286
856 0.0594937 -0.0537978
857 0.0523366 -0.0438776
858 0.0413915 -0.0310239
859 0.0275433 -0.0161523
860 0.0119068 -0.000286109
861 -0.00429484 0.0154835
862 -0.019849 0.0300394
863 -0.0336475 0.0422964
864 -0.0447488 0.0512842
865 -0.0524132 0.0562499
866 -0.0561261 0.0567596
867 -0.0556216 0.0527716
868 -0.0509112 0.0446567
869 -0.0423098 0.0331562
870 -0.0304463 0.0192867
871 -0.0162411 0.00421583
872 -0.00084439 -0.0108587
873 0.0144649 -0.0248049
874 0.0284036 -0.0366177
875 0.0398141 -0.0454533
876 0.0477771 -0.0506564
877 0.0516923 -0.051796
878 0.0513186 -0.0487161
879 0.0467741 -0.0415913
880 0.038506 -0.0309627
881 0.0272371 -0.017729
882 0.0139035 -0.0030763
883 -0.000413968 0.0116485
884 -0.0145603 0.0250989
885 -0.0273807 0.0360874
886 -0.0378014 0.0437096
887 -0.0449171 0.0474113
888 -0.0480794 0.0470007
889 -0.0469756 0.0426206
890 -0.0416839 0.0347033
891 -0.0326884 0.0239273
892 -0.0208434 0.0111804
893 -0.00728744 -0.00247957
894 0.00668444 -0.0158791
895 0.0197673 -0.0278128
896 0.0307864 -0.0371552
897 0.0388076 -0.04299
898 0.0432037 -0.0447304
899 0.0436786 -0.0422062
900 0.0402597 -0.0356942
901 0.033275 -0.0258865
902 0.0233286 -0.0138008
903 0.0112749 -0.000654907
904 -0.00181832 0.0122738
905 -0.0147329 0.0237783
906 -0.0262022 0.0328282
907 -0.0350482 0.0386455
908 -0.0403362 0.0407528
909 -0.0415123 0.0389982
910 -0.0384899 0.0335625
911 -0.0316609 0.0249501
912 -0.0218293 0.0139606
913 -0.0100857 0.00163726
914 0.00234453 -0.0108136
915 0.0142441 -0.0221312
916 0.0245146 -0.0311321
917 0.0322488 -0.0368507
918 0.0367738 -0.0386668
919 0.0376825 -0.0363974
920 0.034865 -0.0303299
921 0.0285418 -0.0211858
922 0.0192841 -0.0100209
923 0.00800022 0.00192103
924 -0.00412929 0.0133687
925 -0.0157748 0.0231687
926 -0.0256239 0.0303922
927 -0.0325616 0.0343973
928 -0.0358267 0.0348547
929 -0.0351118 0.0317512
930 -0.0305889 0.025387
931 -0.0228628 0.0163677
932 -0.0128694 0.00558418
933 -0.00174438 -0.00583967
934 0.00931161 -0.0166426
935 0.0191552 -0.0255689
936 0.0268005 -0.0315405
937 0.0314963 -0.0338243
938 0.032784 -0.0321556
939 0.0305356 -0.026785
940 0.024974 -0.0184357
941 0.0166684 -0.0081823
942 0.00650006 0.00271852
943 -0.0044098 0.0130055
944 -0.0148101 0.0215637
945 -0.0234641 0.0275297
946 -0.0293113 0.0303471
947 -0.0316214 0.0297877
948 -0.0301118 0.0259501
949 -0.0249996 0.0192487
950 -0.0169748 0.0103921
951 -0.00709467 0.000339549
952 0.0033783 -0.00977458
953 0.0131621 -0.0187552
954 0.0211269 -0.0254917
955 0.0264231 -0.0291141
956 0.0285511 -0.0291302
957 0.0273765 -0.0255161
958 0.0231066 -0.0187356
959 0.0162478 -0.00968378
960 0.00755698 0.000440473
961 -0.00201176 0.0103099
962 -0.0113749 0.0186619
963 -0.0194141 0.0244751
964 -0.0251023 0.0270997
965 -0.0276518 0.0263223
966 -0.0266561 0.0223614
967 -0.0221888 0.0158042
968 -0.0148264 0.00750617
969 -0.00557811 -0.00152447
970 0.00426858 -0.0102365
971 0.0133561 -0.017633
972 0.0204723 -0.0228569
973 0.0247292 -0.0252702
974 0.0256724 -0.0245294
975 0.0233108 -0.0206514
976 0.018075 -0.0140525
977 0.0107244 -0.00553918
978 0.00222902 0.00376763
979 -0.00635395 0.012577
980 -0.013995 0.0196251
981 -0.0197932 0.0238879
982 -0.0230624 0.0247616
983 -0.0234001 0.0221691
984 -0.0207388 0.0165647
985 -0.0153713 0.00884014
986 -0.00794212 0.000156214
987 0.000605215 -0.00825661
988 0.00912921 -0.0152848
989 0.016437 -0.0200728
990 0.0214602 -0.022104
991 0.0234323 -0.0212257
992 0.0220321 -0.0176323
993 0.0174577 -0.0118221
994 0.0104098 -0.0045384
995 0.00197824 0.0033032
996 -0.00654517 0.0107038
997 -0.0138909 0.0166882
998 -0.0190228 0.0204247
999 -0.0212937 0.0213467
