0 0.145992 -0.154264
1 0.156537 -0.166465
2 0.167502 -0.178571
3 0.178986 -0.190292
4 0.19094 -0.201478
5 0.203139 -0.212129
6 0.215217 -0.222347
7 0.226746 -0.232245
8 0.237327 -0.241851
9 0.246674 -0.251032
10 0.254657 -0.25948
11 0.261283 -0.266754
12 0.266635 -0.272364
13 0.270774 -0.27588
14 0.273653 -0.277013
15 0.275062 -0.275653
16 0.274642 -0.271858
17 0.271948 -0.265782
18 0.26656 -0.257583
19 0.258188 -0.247342
20 0.246752 -0.235012
21 0.232389 -0.220425
22 0.215409 -0.203357
23 0.196201 -0.18363
24 0.175134 -0.161219
25 0.152475 -0.136325
26 0.128368 -0.109397
27 0.102872 -0.081074
28 0.0760388 -0.0520905
29 0.0480201 -0.0231575
30 0.0191476 0.00513252
31 -0.0100253 0.0323478
32 -0.0387467 0.0581964
33 -0.0661456 0.0824519
34 -0.0913498 0.104857
35 -0.113607 0.125043
36 -0.13237 0.142491
37 -0.147332 0.156559
38 -0.158386 0.166571
39 -0.165544 0.17193
40 -0.168834 0.172245
41 -0.168225 0.167418
42 -0.163595 0.157671
43 -0.154781 0.143512
44 -0.141667 0.125635
45 -0.124304 0.104808
46 -0.103013 0.0817613
47 -0.0784318 0.0571268
48 -0.0514982 0.0314367
49 -0.02336 0.00518249
50 0.00475637 -0.0210931
51 0.031688 -0.0467103
52 0.0564511 -0.0708092
53 0.0783018 -0.0923742
54 0.0967317 -0.110327
55 0.111409 -0.123669
56 0.122089 -0.131628
57 0.128533 -0.133786
58 0.130472 -0.130133
59 0.127623 -0.121059
60 0.119775 -0.107265
61 0.106906 -0.0896434
62 0.0893008 -0.0691434
63 0.0676255 -0.0466723
64 0.042932 -0.0230458
65 0.0165786 0.000997119
66 -0.00991543 0.0247333
67 -0.0350459 0.0473777
68 -0.0574904 0.0680283
69 -0.0762268 0.0856644
70 -0.090581 0.0992165
71 -0.100205 0.107696
72 -0.104999 0.11036
73 -0.10502 0.106859
74 -0.1004 0.097337
75 -0.0913072 0.0824499
76 -0.0779727 0.0632935
77 -0.0607574 0.0412618
78 -0.0402475 0.0178686
79 -0.0173334 -0.0054275
80 0.00676499 -0.027356
81 0.0305499 -0.0469026
82 0.0523779 -0.063309
83 0.0706499 -0.0760202
84 0.084019 -0.0846118
85 0.091568 -0.088732
86 0.092919 -0.0880885
87 0.0882515 -0.0824934
88 0.0782317 -0.0719565
89 0.0638767 -0.0567991
90 0.0463892 -0.0377474
91 0.0270034 -0.015965
92 0.00687628 0.00699835
93 -0.0129608 0.0293482
94 -0.031592 0.0492512
95 -0.0481708 0.0650684
96 -0.0618704 0.0755658
97 -0.0718673 0.0800607
98 -0.0773784 0.0784766
99 -0.0777588 0.0713008
100 -0.0726394 0.0594619
101 -0.0620698 0.0441602
102 -0.0466213 0.0266927
103 -0.0274131 0.00831129
104 -0.00604064 -0.00986005
105 0.0155909 -0.0268442
106 0.0354999 -0.0417818
107 0.0518852 -0.0538849
108 0.0633571 -0.0624102
109 0.0690975 -0.0666779
110 0.0689243 -0.0661474
111 0.0632509 -0.0605351
112 0.0529628 -0.0499452
113 0.0392421 -0.0349714
114 0.0233854 -0.0167322
115 0.00665361 0.00318514
116 -0.00981884 0.0228766
117 -0.0250521 0.0403508
118 -0.0382 0.0537976
119 -0.0485113 0.0618464
120 -0.0553068 0.0637622
121 -0.0579979 0.0595415
122 -0.0561559 0.0498883
123 -0.0496193 0.0360788
124 -0.0386103 0.0197468
125 -0.0238238 0.00263737
126 -0.00645112 -0.0136221
127 0.0118854 -0.0276915
128 0.0292913 -0.0386085
129 0.043836 -0.0457986
130 0.0538285 -0.0490269
131 0.0580796 -0.0483198
132 0.0561 -0.043892
133 0.0481892 -0.0361025
134 0.0353952 -0.0254491
135 0.0193518 -0.0125967
136 0.00202487 0.00158496
137 -0.01458 0.016003
138 -0.0286949 0.0293712
139 -0.039003 0.0403066
140 -0.0447563 0.0474906
141 -0.0457918 0.0498722
142 -0.0424567 0.0468746
143 -0.0354731 0.0385561
144 -0.0257815 0.0256834
145 -0.0143979 0.00968701
146 -0.00231331 -0.00750354
147 0.00955612 -0.0237237
148 0.0203751 -0.0368938
149 0.0293744 -0.0453369
150 0.0358436 -0.048038
151 0.039154 -0.0447948
152 0.0388229 -0.0362333
153 0.0346117 -0.0236876
154 0.0266342 -0.00896777
155 0.0154422 0.00593757
156 0.00205416 0.0191662
157 -0.0120977 0.0292401
158 -0.025311 0.035234
159 -0.0358351 0.0368357
160 -0.0421397 0.0343017
161 -0.0431819 0.028333
162 -0.0386179 0.0199088
163 -0.0289116 0.0101154
164 -0.0153104 3.89263e-06
165 0.000319098 -0.00950471
166 0.0157696 -0.0176615
167 0.0288399 -0.0238904
168 0.0376878 -0.0277678
169 0.0411245 -0.0290038
170 0.0387973 -0.0274453
171 0.0312302 -0.0231065
172 0.0197154 -0.0162211
173 0.00608113 -0.00729446
174 -0.00762153 0.00287073
175 -0.0194526 0.0132
176 -0.0278792 0.0224379
177 -0.0319835 0.0293021
178 -0.0315518 0.03268
179 -0.0270405 0.0318361
180 -0.0194356 0.0265862
181 -0.0100425 0.0173988
182 -0.00025339 0.00539245
183 0.00866643 -0.0077867
184 0.0157364 -0.0201952
185 0.020346 -0.029899
186 0.0222665 -0.0353027
187 0.0216018 -0.0354401
188 0.0187032 -0.0301687
189 0.0140733 -0.0202253
190 0.00828327 -0.00712959
191 0.00191502 0.00705477
192 -0.00446622 0.0200591
193 -0.010319 0.0297924
194 -0.0151269 0.0346988
195 -0.0184094 0.0340258
196 -0.0197559 0.0279536
197 -0.0188814 0.0175605
198 -0.0156985 0.00463051
199 -0.0103835 -0.00866167
200 -0.00341727 -0.0201295
201 0.00442129 -0.0279482
202 0.0121205 -0.0309566
203 0.0185603 -0.0288353
204 0.0226818 -0.0221348
205 0.0236747 -0.0121516
206 0.0211494 -0.000679872
207 0.0152533 0.0103139
208 0.00670297 0.0190345
209 -0.00328581 0.0241573
210 -0.0131682 0.0250323
211 -0.021316 0.0217605
212 -0.0262987 0.0151349
213 -0.0271475 0.00646557
214 -0.0235534 -0.00267549
215 -0.0159569 -0.0107378
216 -0.00550706 -0.0164552
217 0.00610852 -0.0190425
218 0.0169397 -0.0182973
219 0.0251092 -0.0145947
220 0.0291491 -0.00878216
221 0.0282747 -0.00199994
222 0.0225445 0.00453689
223 0.0128711 0.00975308
224 0.000878005 0.0128865
225 -0.0113753 0.0135927
226 -0.0217517 0.0119694
227 -0.0284152 0.00850131
228 -0.0301619 0.0039451
229 -0.0266438 -0.000823984
230 -0.0184415 -0.00497262
231 -0.00697257 -0.00784989
232 0.00575316 -0.00908459
233 0.0174879 -0.00862571
234 0.026147 -0.006723
235 0.0301837 -0.00385624
236 0.0288697 -0.000630108
237 0.0224286 0.00234354
238 0.0119995 0.00455428
239 -0.000563482 0.00567475
240 -0.0130209 0.00560411
241 -0.0231472 0.00446872
242 -0.0291295 0.00258306
243 -0.0298942 0.000379652
244 -0.0253024 -0.00167837
245 -0.0161763 -0.00318572
246 -0.00415335 -0.0038685
247 0.00860834 -0.00363008
248 0.019818 -0.00256238
249 0.0274642 -0.00092213
250 0.0301749 0.00092213
251 0.0274642 0.00256238
252 0.019818 0.00363008
253 0.00860834 0.0038685
254 -0.00415335 0.00318572
255 -0.0161763 0.00167837
256 -0.0253024 -0.000379652
257 -0.0298942 -0.00258306
258 -0.0291295 -0.00446872
259 -0.0231472 -0.00560411
260 -0.0130209 -0.00567475
261 -0.000563482 -0.00455428
262 0.0119995 -0.00234354
263 0.0224286 0.000630108
264 0.0288697 0.00385624
265 0.0301837 0.006723
266 0.026147 0.00862571
267 0.0174879 0.00908459
268 0.00575316 0.00784989
269 -0.00697257 0.00497262
270 -0.0184415 0.000823984
271 -0.0266438 -0.0039451
272 -0.0301619 -0.00850131
273 -0.0284152 -0.0119694
274 -0.0217517 -0.0135927
275 -0.0113753 -0.0128865
276 0.000878005 -0.00975308
277 0.0128711 -0.00453689
278 0.0225445 0.00199994
279 0.0282747 0.00878216
280 0.0291491 0.0145947
281 0.0251092 0.0182973
282 0.0169397 0.0190425
283 0.00610852 0.0164552
284 -0.00550706 0.0107378
285 -0.0159569 0.00267549
286 -0.0235534 -0.00646557
287 -0.0271475 -0.0151349
288 -0.0262987 -0.0217605
289 -0.021316 -0.0250323
290 -0.0131682 -0.0241573
291 -0.00328581 -0.0190345
292 0.00670297 -0.0103139
293 0.0152533 0.000679872
294 0.0211494 0.0121516
295 0.0236747 0.0221348
296 0.0226818 0.0288353
297 0.0185603 0.0309566
298 0.0121205 0.0279482
299 0.00442129 0.0201295
300 -0.00341727 0.00866167
301 -0.0103835 -0.00463051
302 -0.0156985 -0.0175605
303 -0.0188814 -0.0279536
304 -0.0197559 -0.0340258
305 -0.0184094 -0.0346988
306 -0.0151269 -0.0297924
307 -0.010319 -0.0200591
308 -0.00446622 -0.00705477
309 0.00191502 0.00712959
310 0.00828327 0.0202253
311 0.0140733 0.0301687
312 0.0187032 0.0354401
313 0.0216018 0.0353027
314 0.0222665 0.029899
315 0.020346 0.0201952
316 0.0157364 0.0077867
317 0.00866643 -0.00539245
318 -0.00025339 -0.0173988
319 -0.0100425 -0.0265862
320 -0.0194356 -0.0318361
321 -0.0270405 -0.03268
322 -0.0315518 -0.0293021
323 -0.0319835 -0.0224379
324 -0.0278792 -0.0132
325 -0.0194526 -0.00287073
326 -0.00762153 0.00729446
327 0.00608113 0.0162211
328 0.0197154 0.0231065
329 0.0312302 0.0274453
330 0.0387973 0.0290038
331 0.0411245 0.0277678
332 0.0376878 0.0238904
333 0.0288399 0.0176615
334 0.0157696 0.00950471
335 0.000319098 -3.89263e-06
336 -0.0153104 -0.0101154
337 -0.0289116 -0.0199088
338 -0.0386179 -0.028333
339 -0.0431819 -0.0343017
340 -0.0421397 -0.0368357
341 -0.0358351 -0.035234
342 -0.025311 -0.0292401
343 -0.0120977 -0.0191662
344 0.00205416 -0.00593757
345 0.0154422 0.00896777
346 0.0266342 0.0236876
347 0.0346117 0.0362333
348 0.0388229 0.0447948
349 0.039154 0.048038
350 0.0358436 0.0453369
351 0.0293744 0.0368938
352 0.0203751 0.0237237
353 0.00955612 0.00750354
354 -0.00231331 -0.00968701
355 -0.0143979 -0.0256834
356 -0.0257815 -0.0385561
357 -0.0354731 -0.0468746
358 -0.0424567 -0.0498722
359 -0.0457918 -0.0474906
360 -0.0447563 -0.0403066
361 -0.039003 -0.0293712
362 -0.0286949 -0.016003
363 -0.01458 -0.00158496
364 0.00202487 0.0125967
365 0.0193518 0.0254491
366 0.0353952 0.0361025
367 0.0481892 0.043892
368 0.0561 0.0483198
369 0.0580796 0.0490269
370 0.0538285 0.0457986
371 0.043836 0.0386085
372 0.0292913 0.0276915
373 0.0118854 0.0136221
374 -0.00645112 -0.00263737
375 -0.0238238 -0.0197468
376 -0.0386103 -0.0360788
377 -0.0496193 -0.0498883
378 -0.0561559 -0.0595415
379 -0.0579979 -0.0637622
380 -0.0553068 -0.0618464
381 -0.0485113 -0.0537976
382 -0.0382 -0.0403508
383 -0.0250521 -0.0228766
384 -0.00981884 -0.00318514
385 0.00665361 0.0167322
386 0.0233854 0.0349714
387 0.0392421 0.0499452
388 0.0529628 0.0605351
389 0.0632509 0.0661474
390 0.0689243 0.0666779
391 0.0690975 0.0624102
392 0.0633571 0.0538849
393 0.0518852 0.0417818
394 0.0354999 0.0268442
395 0.0155909 0.00986005
396 -0.00604064 -0.00831129
397 -0.0274131 -0.0266927
398 -0.0466213 -0.0441602
399 -0.0620698 -0.0594619
400 -0.0726394 -0.0713008
401 -0.0777588 -0.0784766
402 -0.0773784 -0.0800607
403 -0.0718673 -0.0755658
404 -0.0618704 -0.0650684
405 -0.0481708 -0.0492512
406 -0.031592 -0.0293482
407 -0.0129608 -0.00699835
408 0.00687628 0.015965
409 0.0270034 0.0377474
410 0.0463892 0.0567991
411 0.0638767 0.0719565
412 0.0782317 0.0824934
413 0.0882515 0.0880885
414 0.092919 0.088732
415 0.091568 0.0846118
416 0.084019 0.0760202
417 0.0706499 0.063309
418 0.0523779 0.0469026
419 0.0305499 0.027356
420 0.00676499 0.0054275
421 -0.0173334 -0.0178686
422 -0.0402475 -0.0412618
423 -0.0607574 -0.0632935
424 -0.0779727 -0.0824499
425 -0.0913072 -0.097337
426 -0.1004 -0.106859
427 -0.10502 -0.11036
428 -0.104999 -0.107696
429 -0.100205 -0.0992165
430 -0.090581 -0.0856644
431 -0.0762268 -0.0680283
432 -0.0574904 -0.0473777
433 -0.0350459 -0.0247333
434 -0.00991543 -0.000997119
435 0.0165786 0.0230458
436 0.042932 0.0466723
437 0.0676255 0.0691434
438 0.0893008 0.0896434
439 0.106906 0.107265
440 0.119775 0.121059
441 0.127623 0.130133
442 0.130472 0.133786
443 0.128533 0.131628
444 0.122089 0.123669
445 0.111409 0.110327
446 0.0967317 0.0923742
447 0.0783018 0.0708092
448 0.0564511 0.0467103
449 0.031688 0.0210931
450 0.00475637 -0.00518249
451 -0.02336 -0.0314367
452 -0.0514982 -0.0571268
453 -0.0784318 -0.0817613
454 -0.103013 -0.104808
455 -0.124304 -0.125635
456 -0.141667 -0.143512
457 -0.154781 -0.157671
458 -0.163595 -0.167418
459 -0.168225 -0.172245
460 -0.168834 -0.17193
461 -0.165544 -0.166571
462 -0.158386 -0.156559
463 -0.147332 -0.142491
464 -0.13237 -0.125043
465 -0.113607 -0.104857
466 -0.0913498 -0.0824519
467 -0.0661456 -0.0581964
468 -0.0387467 -0.0323478
469 -0.0100253 -0.00513252
470 0.0191476 0.0231575
471 0.0480201 0.0520905
472 0.0760388 0.081074
473 0.102872 0.109397
474 0.128368 0.136325
475 0.152475 0.161219
476 0.175134 0.18363
477 0.196201 0.203357
478 0.215409 0.220425
479 0.232389 0.235012
480 0.246752 0.247342
481 0.258188 0.257583
482 0.26656 0.265782
483 0.271948 0.271858
484 0.274642 0.275653
485 0.275062 0.277013
486 0.273653 0.27588
487 0.270774 0.272364
488 0.266635 0.266754
489 0.261283 0.25948
490 0.254657 0.251032
491 0.246674 0.241851
492 0.237327 0.232245
493 0.226746 0.222347
494 0.215217 0.212129
495 0.203139 0.201478
496 0.19094 0.190292
497 0.178986 0.178571
498 0.167502 0.166465
499 0.156537 0.154264
500 0.145992 0.142326
501 0.135685 0.130986
502 0.125448 0.120461
503 0.115208 0.110803
504 0.105036 0.101901
505 0.0951391 0.0935398
506 0.0857957 0.0854907
507 0.0772636 0.077599
508 0.0696908 0.0698403
509 0.0630642 0.0623286
510 0.0572165 0.0552722
511 0.051887 0.0488971
512 0.046815 0.0433619
513 0.0418291 0.0386968
514 0.036901 0.0347856
515 0.0321437 0.0314
516 0.0277584 0.0282729
517 0.0239496 0.0251869
518 0.0208428 0.0220447
519 0.0184318 0.0188961
520 0.0165753 0.0159101
521 0.0150415 0.013302
522 0.0135838 0.0112426
523 0.0120208 0.00978503
524 0.0102927 0.00883744
525 0.00847397 0.0081917
526 0.00673861 0.00759697
527 0.00528955 0.00684859
528 0.00427785 0.00585796
529 0.00374046 0.00467701
530 0.0035804 0.00346942
531 0.00359755 0.00244132
532 0.00355963 0.00175901
533 0.00328687 0.00148471
534 0.00271745 0.00155317
535 0.00192787 0.00179622
536 0.0010995 0.00200428
537 0.000444399 0.00200165
538 0.000119922 0.00170801
539 0.000166242 0.00116455
540 0.000491219 0.000515811
541 0.000907637 -4.60189e-05
542 0.0012067 -0.000354187
543 0.0012378 -0.0003313
544 0.000963345 -2.01451e-05
545 0.000468439 0.000430932
546 -7.6313e-05 0.00082367
547 -0.000482757 0.000986042
548 -0.000617103 0.000839444
549 -0.000448915 0.000429857
550 -6.00601e-05 -9.04199e-05
551 0.000388216 -0.000523956
552 0.000716819 -0.000707862
553 0.000795865 -0.000579384
554 0.000592715 -0.000200397
555 0.000183516 0.000269087
556 -0.000276086 0.000636947
557 -0.000610525 0.000756738
558 -0.00069219 0.000585147
559 -0.00049172 0.000196259
560 -9.06777e-05 -0.000251689
561 0.000349576 -0.000581929
562 0.00065165 -0.000669596
563 0.000693622 -0.000488846
564 0.00045908 -0.000119289
565 4.43936e-05 0.000288801
566 -0.000380669 0.000575062
567 -0.000643138 0.000631077
568 -0.000638472 0.000440355
569 -0.000373302 8.21482e-05
570 3.87331e-05 -0.000301032
571 0.000425888 -0.000559165
572 0.000630597 -0.000592544
573 0.000574196 -0.000390062
574 0.00028709 -3.34748e-05
575 -0.000107166 0.000334342
576 -0.000445562 0.000565567
577 -0.000593407 0.000566612
578 -0.000497737 0.000336741
579 -0.000205344 -3.02333e-05
580 0.000160053 -0.000383205
581 0.000450202 -0.000575797
582 0.000551983 -0.000527794
583 0.000430602 -0.000259755
584 0.00014043 0.0001148
585 -0.000199117 0.000437227
586 -0.000451998 0.000571542
587 -0.000519028 0.000462801
588 -0.000376078 0.000160416
589 -8.27694e-05 -0.000203973
590 0.000241475 -0.000474245
591 0.000464918 -0.000537526
592 0.00049638 -0.000371996
593 0.000322678 -5.4116e-05
594 1.51582e-05 0.000276921
595 -0.000298437 0.000480773
596 -0.000486381 0.000475878
597 -0.000468541 0.00027185
598 -0.000251519 -3.8349e-05
599 7.26046e-05 -0.000321147
600 0.000364689 -0.000460045
601 0.000498444 -0.000403205
602 0.000415905 -0.000181756
603 0.000153601 0.000106898
604 -0.000172967 0.000341853
605 -0.000420278 0.000428768
606 -0.000480603 0.000336836
607 -0.000329855 0.000108779
608 -3.76953e-05 -0.00015873
609 0.000264645 -0.000355339
610 0.000443906 -0.000401607
611 0.000424295 -0.000280494
612 0.000219907 -4.36528e-05
613 -7.40127e-05 0.000209801
614 -0.000325863 0.000373777
615 -0.000427169 0.000379031
616 -0.000339501 0.000222584
617 -0.00010842 -2.9831e-05
618 0.000160165 -0.000270343
619 0.000348877 -0.000394437
620 0.000380187 -0.000346557
621 0.000247714 -0.000145813
622 1.52359e-05 0.000120552
623 -0.000214122 0.000334471
624 -0.000343511 0.000399536
625 -0.000322667 0.000285224
626 -0.000166479 4.21311e-05
627 5.44036e-05 -0.000219835
628 0.000245302 -0.000381234
629 0.000327424 -0.000368216
630 0.000269528 -0.000187153
631 9.91623e-05 7.79045e-05
632 -0.000110109 0.00030425
633 -0.000269718 0.000387853
634 -0.000312713 0.000291903
635 -0.000221403 6.34964e-05
636 -3.48897e-05 -0.000189349
637 0.000166858 -0.000349167
638 0.000296423 -0.000344217
639 0.00029642 -0.000181097
640 0.000165206 6.02642e-05
641 -4.08588e-05 0.000266002
642 -0.000230754 0.000342502
643 -0.000318592 0.000259305
644 -0.000262714 6.08803e-05
645 -8.61379e-05 -0.000157051
646 0.000132019 -0.000294014
647 0.000291549 -0.000291296
648 0.00031735 -0.000156821
649 0.000195421 4.19522e-05
650 -1.89421e-05 0.000212004
651 -0.000225758 0.000278367
652 -0.000327084 0.000216876
653 -0.000273963 6.1937e-05
654 -9.07657e-05 -0.000112466
655 0.000135527 -0.000228101
656 0.000296649 -0.000237268
657 0.00031531 -0.000141739
658 0.000182893 1.11879e-05
659 -3.61305e-05 0.000152035
660 -0.000235544 0.000220369
661 -0.000319245 0.000190063
662 -0.000248076 7.84431e-05
663 -5.85423e-05 -6.32871e-05
664 0.000155755 -0.000173167
665 0.00029056 -0.000204903
666 0.000282101 -0.000146745
667 0.000137606 -2.55213e-05
668 -6.95929e-05 0.000105354
669 -0.000237359 0.000188763
670 -0.000285412 0.000188263
671 -0.00019404 0.000103878
672 -1.20239e-05 -2.74537e-05
673 0.000169309 -0.000147412
674 0.000262118 -0.00020166
675 0.000224829 -0.000164328
676 8.06937e-05 -5.06506e-05
677 -9.61128e-05 8.85575e-05
678 -0.000218751 0.000189073
679 -0.000230523 0.000202719
680 -0.000131031 0.000120713
681 2.63388e-05 -2.05556e-05
682 0.000162982 -0.000155094
683 0.000214415 -0.000217934
684 0.000160654 -0.000176713
685 3.33421e-05 -4.87357e-05
686 -0.000102469 0.000105667
687 -0.000181565 0.00021136
688 -0.000169827 0.000215112
689 -7.85422e-05 0.000112774
690 4.39718e-05 -4.71552e-05
691 0.00013786 -0.000186262
692 0.000160905 -0.00023474
693 0.000107188 -0.000166719
694 7.1938e-06 -1.43605e-05
695 -8.92409e-05 0.000147062
696 -0.000137671 0.000236359
697 -0.000119251 0.000207487
698 -4.73766e-05 7.36087e-05
699 4.11006e-05 -9.85963e-05
700 0.000104644 -0.000222091
701 0.000116285 -0.00023365
702 7.45852e-05 -0.000126512
703 2.15143e-06 4.54919e-05
704 -6.64376e-05 0.000194909
705 -0.00010093 0.000245242
706 -8.83605e-05 0.00017034
707 -3.73474e-05 8.19611e-06
708 2.73018e-05 -0.000158214
709 7.64775e-05 -0.000243443
710 8.9544e-05 -0.000203601
711 6.25962e-05 -5.91571e-05
712 9.14765e-06 0.000115449
713 -4.64822e-05 0.00023015
714 -7.99333e-05 0.00022582
715 -7.71427e-05 0.000104922
716 -4.00733e-05 -6.97345e-05
717 1.43975e-05 -0.00020758
718 6.18942e-05 -0.000237313
719 8.11773e-05 -0.000143911
720 6.35165e-05 2.36488e-05
721 1.67293e-05 0.000178013
722 -3.80483e-05 0.000239004
723 -7.56736e-05 0.000175351
724 -7.84257e-05 2.08162e-05
725 -4.44113e-05 -0.000143625
726 1.1078e-05 -0.000232189
727 6.22184e-05 -0.000199069
728 8.45564e-05 -6.22028e-05
729 6.67397e-05 0.000106344
730 1.64259e-05 0.000218265
731 -4.27801e-05 0.000215282
732 -8.22908e-05 9.95462e-05
733 -8.23738e-05 -6.77178e-05
734 -4.21372e-05 -0.000198539
735 1.94697e-05 -0.000224446
736 7.24919e-05 -0.00013233
737 9.05666e-05 2.88819e-05
738 6.41389e-05 0.000174157
739 5.60364e-06 0.000227163
740 -5.64362e-05 0.000160367
741 -9.11683e-05 9.34888e-06
742 -8.09559e-05 -0.000146091
743 -3.03795e-05 -0.000224045
744 3.57412e-05 -0.000183616
745 8.45396e-05 -4.63737e-05
746 9.15097e-05 0.000115109
747 5.29001e-05 0.000215574
748 -1.22271e-05 0.000202045
749 -7.14256e-05 8.17445e-05
750 -9.51091e-05 -8.17445e-05
751 -7.14256e-05 -0.000202045
752 -1.22271e-05 -0.000215574
753 5.29001e-05 -0.000115109
754 9.15097e-05 4.63737e-05
755 8.45396e-05 0.000183616
756 3.57412e-05 0.000224045
757 -3.03795e-05 0.000146091
758 -8.09559e-05 -9.34888e-06
759 -9.11683e-05 -0.000160367
760 -5.64362e-05 -0.000227163
761 5.60364e-06 -0.000174157
762 6.41389e-05 -2.88819e-05
763 9.05666e-05 0.00013233
764 7.24919e-05 0.000224446
765 1.94697e-05 0.000198539
766 -4.21372e-05 6.77178e-05
767 -8.23738e-05 -9.95462e-05
768 -8.22908e-05 -0.000215282
769 -4.27801e-05 -0.000218265
770 1.64259e-05 -0.000106344
771 6.67397e-05 6.22028e-05
772 8.45564e-05 0.000199069
773 6.22184e-05 0.000232189
774 1.1078e-05 0.000143625
775 -4.44113e-05 -2.08162e-05
776 -7.84257e-05 -0.000175351
777 -7.56736e-05 -0.000239004
778 -3.80483e-05 -0.000178013
779 1.67293e-05 -2.36488e-05
780 6.35165e-05 0.000143911
781 8.11773e-05 0.000237313
782 6.18942e-05 0.00020758
783 1.43975e-05 6.97345e-05
784 -4.00733e-05 -0.000104922
785 -7.71427e-05 -0.00022582
786 -7.99333e-05 -0.00023015
787 -4.64822e-05 -0.000115449
788 9.14765e-06 5.91571e-05
789 6.25962e-05 0.000203601
790 8.9544e-05 0.000243443
791 7.64775e-05 0.000158214
792 2.73018e-05 -8.19611e-06
793 -3.73474e-05 -0.00017034
794 -8.83605e-05 -0.000245242
795 -0.00010093 -0.000194909
796 -6.64376e-05 -4.54919e-05
797 2.15143e-06 0.000126512
798 7.45852e-05 0.00023365
799 0.000116285 0.000222091
800 0.000104644 9.85963e-05
801 4.11006e-05 -7.36087e-05
802 -4.73766e-05 -0.000207487
803 -0.000119251 -0.000236359
804 -0.000137671 -0.000147062
805 -8.92409e-05 1.43605e-05
806 7.1938e-06 0.000166719
807 0.000107188 0.00023474
808 0.000160905 0.000186262
809 0.00013786 4.71552e-05
810 4.39718e-05 -0.000112774
811 -7.85422e-05 -0.000215112
812 -0.000169827 -0.00021136
813 -0.000181565 -0.000105667
814 -0.000102469 4.87357e-05
815 3.33421e-05 0.000176713
816 0.000160654 0.000217934
817 0.000214415 0.000155094
818 0.000162982 2.05556e-05
819 2.63388e-05 -0.000120713
820 -0.000131031 -0.000202719
821 -0.000230523 -0.000189073
822 -0.000218751 -8.85575e-05
823 -9.61128e-05 5.06506e-05
824 8.06937e-05 0.000164328
825 0.000224829 0.00020166
826 0.000262118 0.000147412
827 0.000169309 2.74537e-05
828 -1.20239e-05 -0.000103878
829 -0.00019404 -0.000188263
830 -0.000285412 -0.000188763
831 -0.000237359 -0.000105354
832 -6.95929e-05 2.55213e-05
833 0.000137606 0.000146745
834 0.000282101 0.000204903
835 0.00029056 0.000173167
836 0.000155755 6.32871e-05
837 -5.85423e-05 -7.84431e-05
838 -0.000248076 -0.000190063
839 -0.000319245 -0.000220369
840 -0.000235544 -0.000152035
841 -3.61305e-05 -1.11879e-05
842 0.000182893 0.000141739
843 0.00031531 0.000237268
844 0.000296649 0.000228101
845 0.000135527 0.000112466
846 -9.07657e-05 -6.1937e-05
847 -0.000273963 -0.000216876
848 -0.000327084 -0.000278367
849 -0.000225758 -0.000212004
850 -1.89421e-05 -4.19522e-05
851 0.000195421 0.000156821
852 0.00031735 0.000291296
853 0.000291549 0.000294014
854 0.000132019 0.000157051
855 -8.61379e-05 -6.08803e-05
856 -0.000262714 -0.000259305
857 -0.000318592 -0.000342502
858 -0.000230754 -0.000266002
859 -4.08588e-05 -6.02642e-05
860 0.000165206 0.000181097
861 0.00029642 0.000344217
862 0.000296423 0.000349167
863 0.000166858 0.000189349
864 -3.48897e-05 -6.34964e-05
865 -0.000221403 -0.000291903
866 -0.000312713 -0.000387853
867 -0.000269718 -0.00030425
868 -0.000110109 -7.79045e-05
869 9.91623e-05 0.000187153
870 0.000269528 0.000368216
871 0.000327424 0.000381234
872 0.000245302 0.000219835
873 5.44036e-05 -4.21311e-05
874 -0.000166479 -0.000285224
875 -0.000322667 -0.000399536
876 -0.000343511 -0.000334471
877 -0.000214122 -0.000120552
878 1.52359e-05 0.000145813
879 0.000247714 0.000346557
880 0.000380187 0.000394437
881 0.000348877 0.000270343
882 0.000160165 2.9831e-05
883 -0.00010842 -0.000222584
884 -0.000339501 -0.000379031
885 -0.000427169 -0.000373777
886 -0.000325863 -0.000209801
887 -7.40127e-05 4.36528e-05
888 0.000219907 0.000280494
889 0.000424295 0.000401607
890 0.000443906 0.000355339
891 0.000264645 0.00015873
892 -3.76953e-05 -0.000108779
893 -0.000329855 -0.000336836
894 -0.000480603 -0.000428768
895 -0.000420278 -0.000341853
896 -0.000172967 -0.000106898
897 0.000153601 0.000181756
898 0.000415905 0.000403205
899 0.000498444 0.000460045
900 0.000364689 0.000321147
901 7.26046e-05 3.8349e-05
902 -0.000251519 -0.00027185
903 -0.000468541 -0.000475878
904 -0.000486381 -0.000480773
905 -0.000298437 -0.000276921
906 1.51582e-05 5.4116e-05
907 0.000322678 0.000371996
908 0.00049638 0.000537526
909 0.000464918 0.000474245
910 0.000241475 0.000203973
911 -8.27694e-05 -0.000160416
912 -0.000376078 -0.000462801
913 -0.000519028 -0.000571542
914 -0.000451998 -0.000437227
915 -0.000199117 -0.0001148
916 0.00014043 0.000259755
917 0.000430602 0.000527794
918 0.000551983 0.000575797
919 0.000450202 0.000383205
920 0.000160053 3.02333e-05
921 -0.000205344 -0.000336741
922 -0.000497737 -0.000566612
923 -0.000593407 -0.000565567
924 -0.000445562 -0.000334342
925 -0.000107166 3.34748e-05
926 0.00028709 0.000390062
927 0.000574196 0.000592544
928 0.000630597 0.000559165
929 0.000425888 0.000301032
930 3.87331e-05 -8.21482e-05
931 -0.000373302 -0.000440355
932 -0.000638472 -0.000631077
933 -0.000643138 -0.000575062
934 -0.000380669 -0.000288801
935 4.43936e-05 0.000119289
936 0.00045908 0.000488846
937 0.000693622 0.000669596
938 0.00065165 0.000581929
939 0.000349576 0.000251689
940 -9.06777e-05 -0.000196259
941 -0.00049172 -0.000585147
942 -0.00069219 -0.000756738
943 -0.000610525 -0.000636947
944 -0.000276086 -0.000269087
945 0.000183516 0.000200397
946 0.000592715 0.000579384
947 0.000795865 0.000707862
948 0.000716819 0.000523956
949 0.000388216 9.04199e-05
950 -6.00601e-05 -0.000429857
951 -0.000448915 -0.000839444
952 -0.000617103 -0.000986042
953 -0.000482757 -0.00082367
954 -7.6313e-05 -0.000430932
955 0.000468439 2.01451e-05
956 0.000963345 0.0003313
957 0.0012378 0.000354187
958 0.0012067 4.60189e-05
959 0.000907637 -0.000515811
960 0.000491219 -0.00116455
961 0.000166242 -0.00170801
962 0.000119922 -0.00200165
963 0.000444399 -0.00200428
964 0.0010995 -0.00179622
965 0.00192787 -0.00155317
966 0.00271745 -0.00148471
967 0.00328687 -0.00175901
968 0.00355963 -0.00244132
969 0.00359755 -0.00346942
970 0.0035804 -0.00467701
971 0.00374046 -0.00585796
972 0.00427785 -0.00684859
973 0.00528955 -0.00759697
974 0.00673861 -0.0081917
975 0.00847397 -0.00883744
976 0.0102927 -0.00978503
977 0.0120208 -0.0112426
978 0.0135838 -0.013302
979 0.0150415 -0.0159101
980 0.0165753 -0.0188961
981 0.0184318 -0.0220447
982 0.0208428 -0.0251869
983 0.0239496 -0.0282729
984 0.0277584 -0.0314
985 0.0321437 -0.0347856
986 0.036901 -0.0386968
987 0.0418291 -0.0433619
988 0.046815 -0.0488971
989 0.051887 -0.0552722
990 0.0572165 -0.0623286
991 0.0630642 -0.0698403
992 0.0696908 -0.077599
993 0.0772636 -0.0854907
994 0.0857957 -0.0935398
995 0.0951391 -0.101901
996 0.105036 -0.110803
997 0.115208 -0.120461
998 0.125448 -0.130986
999 0.135685 -0.142326
