0 0.00387897 -0.00295959
1 0.00253568 -0.00102063
2 0.000535187 0.00115133
3 -0.00158464 0.00296286
4 -0.00325372 0.00393253
5 -0.0040229 0.00381942
6 -0.00368797 0.00268121
7 -0.00234864 0.000849218
8 -0.000383042 -0.00116868
9 0.0016576 -0.00282789
10 0.00320519 -0.00369137
11 0.00383644 -0.00354176
12 0.0033919 -0.00243454
13 0.00201734 -0.000680656
14 0.000116246 0.00123686
15 -0.00177044 0.00279174
16 -0.00312011 0.00355687
17 -0.00357367 0.00332289
18 -0.00302958 0.00215955
19 -0.00166318 0.000399736
20 0.000130123 -0.00145277
21 0.00184845 -0.00286759
22 0.00302142 -0.00344254
23 0.00333576 -0.00302207
24 0.00271698 -0.00174226
25 0.00134726 1.18928e-05
26 -0.000384731 0.00172373
27 -0.00198981 0.00289981
28 -0.00301355 0.00321433
29 -0.00316506 0.00259963
30 -0.00240286 0.00125769
31 -0.000950986 -0.000407322
32 0.00076314 -0.00191187
33 0.00223356 -0.00283289
34 0.00302736 -0.00292445
35 0.00291613 -0.00218051
36 0.00194525 -0.000829505
37 0.000418268 0.000734268
38 -0.00119894 0.00206255
39 -0.00242293 0.002778
40 -0.00289978 0.00267949
41 -0.00250839 0.00179968
42 -0.00138935 0.000397992
43 0.000106157 -0.00111145
44 0.00152798 -0.00227942
45 0.00246267 -0.00275551
46 0.00265201 -0.00239653
47 0.00206149 -0.00131394
48 0.000882282 0.000157334
49 -0.000530087 0.00156176
50 -0.00176054 0.00246625
51 -0.00245305 0.00259731
52 -0.00241097 0.00192682
53 -0.00165253 0.000678171
54 -0.000406274 -0.000748825
55 0.000953736 -0.00190831
56 0.00201665 -0.00245
57 0.00245795 -0.00222588
58 0.0021406 -0.00132895
59 0.0011617 -5.50702e-05
60 -0.000173168 0.00119608
61 -0.00144344 0.00204671
62 -0.0022471 0.00225337
63 -0.00233126 0.00177363
64 -0.00167551 0.000770504
65 -0.000498714 -0.00044254
66 0.000813905 -0.00149745
67 0.00183904 -0.00207985
68 0.00225472 -0.00201985
69 0.00194353 -0.00134097
70 0.00102537 -0.000253569
71 -0.000188931 0.000906514
72 -0.00130478 0.00177822
73 -0.00197353 0.00208644
74 -0.00200126 0.00173057
75 -0.00140269 0.000821022
76 -0.000386778 -0.000351207
77 0.000717096 -0.00140556
78 0.00156538 -0.00199612
79 0.00190495 -0.00192804
80 0.0016455 -0.00122543
81 0.000880847 -0.000125541
82 -0.000144035 0.00100094
83 -0.00110883 0.00177661
84 -0.0017145 0.00194683
85 -0.00177348 0.00146598
86 -0.00126771 0.00050987
87 -0.000356754 -0.000589116
88 0.000668796 -0.00145976
89 0.00147693 -0.00181962
90 0.00180095 -0.00156734
91 0.00152936 -0.0008093
92 0.000747696 0.000185435
93 -0.000284938 0.00108212
94 -0.00122009 0.00159341
95 -0.00173833 0.00157003
96 -0.00166113 0.00104116
97 -0.00101574 0.000195663
98 -2.7834e-05 -0.000685443
99 0.000957066 -0.00132087
100 0.00159631 -0.00151603
101 0.00167223 -0.00121982
102 0.00116864 -0.00053619
103 0.00027381 0.00031087
104 -0.000690719 0.00104788
105 -0.0013878 0.00143713
106 -0.00158463 0.00135174
107 -0.00123118 0.000817764
108 -0.000470325 8.97142e-06
109 0.000420624 -0.000806268
110 0.0011325 -0.00135172
111 0.0014321 -0.00143679
112 0.00123742 -0.00102526
113 0.000636566 -0.000253483
114 -0.000151611 0.000611832
115 -0.000857589 0.00126482
116 -0.00125231 0.0014699
117 -0.00121907 0.00114965
118 -0.000784914 0.000416893
119 -0.000105012 -0.000463408
120 0.000591956 -0.00117038
121 0.00107837 -0.00144629
122 0.00119918 -0.00119317
123 0.000919361 -0.000509522
124 0.000334043 0.000347434
125 -0.000361674 0.00105967
126 -0.000934699 0.00136844
127 -0.0011897 0.00117015
128 -0.0010353 0.000551722
129 -0.000518543 -0.000247056
130 0.000186185 -0.000927766
131 0.000833166 -0.0012465
132 0.00118992 -0.00110211
133 0.00112174 -0.000567206
134 0.000644901 0.000146978
135 -7.33617e-05 0.000775119
136 -0.000771746 0.00109714
137 -0.00119002 0.00101479
138 -0.00116771 0.00057905
139 -0.000708142 -3.77129e-05
140 1.8851e-05 -0.000610353
141 0.000738936 -0.000942772
142 0.00117766 -0.000933325
143 0.00116709 -0.000602982
144 0.000712248 -8.01435e-05
145 -9.7908e-06 0.000448988
146 -0.000718892 0.000805344
147 -0.00114189 0.000875269
148 -0.00111976 0.000644411
149 -0.000668958 0.000198433
150 2.74937e-05 -0.000307754
151 0.000694825 -0.000701638
152 0.00107632 -0.000849524
153 0.00103349 -0.000700572
154 0.000596843 -0.0003047
155 -5.15619e-05 0.000202134
156 -0.000654546 0.000642093
157 -0.000982879 0.000856108
158 -0.000923089 0.000761246
159 -0.00051611 0.000384201
160 6.61014e-05 -0.000143229
161 0.000593629 -0.000628063
162 0.000870023 -0.000885952
163 0.000805404 -0.000811992
164 0.000444021 -0.000424996
165 -6.1254e-05 0.000134115
166 -0.000513855 0.000652206
167 -0.000750073 0.000925149
168 -0.000697317 0.000839408
169 -0.00039386 0.00042087
170 3.37599e-05 -0.000170717
171 0.000423434 -0.000702014
172 0.000638291 -0.000958659
173 0.000613149 -0.00083313
174 0.000371715 -0.000371281
175 1.15207e-05 0.000243196
176 -0.000335052 0.000761744
177 -0.000548255 0.000972346
178 -0.000560504 0.000787564
179 -0.00037588 0.000282048
180 -6.50385e-05 -0.000337047
181 0.000261041 -0.000815223
182 0.000489074 -0.000956178
183 0.000541054 -0.000703536
184 0.000399894 -0.000164238
185 0.000115279 0.000436438
186 -0.000212422 0.000849373
187 -0.00046575 0.000905773
188 -0.000551008 0.000587058
189 -0.000432806 3.11611e-05
190 -0.000149601 -0.000527022
191 0.000196958 -0.000855321
192 0.000477055 -0.000821592
193 0.000580765 -0.000447499
194 0.000461621 0.000103357
195 0.000158197 0.000596943
196 -0.000216554 0.000828629
197 -0.000516344 0.000708539
198 -0.000618545 0.000296607
199 -0.000474993 -0.000226432
200 -0.000135283 -0.000638299
201 0.000268882 -0.000769913
202 0.000574197 -0.000575085
203 0.000652009 -0.000146338
204 0.000463306 0.00032837
205 7.85936e-05 0.00064797
206 -0.000347535 0.000683624
207 -0.000638411 0.000430759
208 -0.000669016 6.74807e-06
209 -0.000420423 -0.000403055
210 9.04872e-06 -0.00062628
211 0.000442254 -0.000576124
212 0.000696387 -0.00028495
213 0.00066061 0.000114037
214 0.000344985 0.000447316
215 -0.000121127 0.000576401
216 -0.000541848 0.000455328
217 -0.000737315 0.00014645
218 -0.000621081 -0.000210562
219 -0.000238852 -0.000461479
220 0.000249008 -0.000503961
221 0.000634733 -0.00032917
222 0.000751949 -2.16816e-05
223 0.000547883 0.000280664
224 0.000107458 0.000448186
225 -0.000381841 0.000414839
226 -0.000709851 0.000204051
227 -0.000734268 -8.50976e-05
228 -0.000442717 -0.000323853
229 4.08426e-05 -0.0004108
230 0.000508701 -0.000314766
231 0.000758707 -8.55469e-05
232 0.000681852 0.000170975
233 0.000310088 0.000341203
234 -0.000196738 0.000353785
235 -0.000619579 0.000209346
236 -0.000774996 -2.22959e-05
237 -0.000594955 -0.000235193
238 -0.000156793 -0.000335208
239 0.000349915 -0.000281362
240 0.000705412 -0.000102527
241 0.000755177 0.000117285
242 0.00047721 0.000277828
243 -8.14639e-06 0.000307892
244 -0.00049027 0.000196664
245 -0.000759682 -2.5416e-06
246 -0.00069914 -0.000197399
247 -0.000334747 -0.00029883
248 0.000175244 -0.000261265
249 0.000609161 -0.000102911
250 0.000778323 0.000102911
251 0.000609161 0.000261265
252 0.000175244 0.00029883
253 -0.000334747 0.000197399
254 -0.00069914 2.5416e-06
255 -0.000759682 -0.000196664
256 -0.00049027 -0.000307892
257 -8.14639e-06 -0.000277828
258 0.00047721 -0.000117285
259 0.000755177 0.000102527
260 0.000705412 0.000281362
261 0.000349915 0.000335208
262 -0.000156793 0.000235193
263 -0.000594955 2.22959e-05
264 -0.000774996 -0.000209346
265 -0.000619579 -0.000353785
266 -0.000196738 -0.000341203
267 0.000310088 -0.000170975
268 0.000681852 8.55469e-05
269 0.000758707 0.000314766
270 0.000508701 0.0004108
271 4.08426e-05 0.000323853
272 -0.000442717 8.50976e-05
273 -0.000734268 -0.000204051
274 -0.000709851 -0.000414839
275 -0.000381841 -0.000448186
276 0.000107458 -0.000280664
277 0.000547883 2.16816e-05
278 0.000751949 0.00032917
279 0.000634733 0.000503961
280 0.000249008 0.000461479
281 -0.000238852 0.000210562
282 -0.000621081 -0.00014645
283 -0.000737315 -0.000455328
284 -0.000541848 -0.000576401
285 -0.000121127 -0.000447316
286 0.000344985 -0.000114037
287 0.00066061 0.00028495
288 0.000696387 0.000576124
289 0.000442254 0.00062628
290 9.04872e-06 0.000403055
291 -0.000420423 -6.74807e-06
292 -0.000669016 -0.000430759
293 -0.000638411 -0.000683624
294 -0.000347535 -0.00064797
295 7.85936e-05 -0.00032837
296 0.000463306 0.000146338
297 0.000652009 0.000575085
298 0.000574197 0.000769913
299 0.000268882 0.000638299
300 -0.000135283 0.000226432
301 -0.000474993 -0.000296607
302 -0.000618545 -0.000708539
303 -0.000516344 -0.000828629
304 -0.000216554 -0.000596943
305 0.000158197 -0.000103357
306 0.000461621 0.000447499
307 0.000580765 0.000821592
308 0.000477055 0.000855321
309 0.000196958 0.000527022
310 -0.000149601 -3.11611e-05
311 -0.000432806 -0.000587058
312 -0.000551008 -0.000905773
313 -0.00046575 -0.000849373
314 -0.000212422 -0.000436438
315 0.000115279 0.000164238
316 0.000399894 0.000703536
317 0.000541054 0.000956178
318 0.000489074 0.000815223
319 0.000261041 0.000337047
320 -6.50385e-05 -0.000282048
321 -0.00037588 -0.000787564
322 -0.000560504 -0.000972346
323 -0.000548255 -0.000761744
324 -0.000335052 -0.000243196
325 1.15207e-05 0.000371281
326 0.000371715 0.00083313
327 0.000613149 0.000958659
328 0.000638291 0.000702014
329 0.000423434 0.000170717
330 3.37599e-05 -0.00042087
331 -0.00039386 -0.000839408
332 -0.000697317 -0.000925149
333 -0.000750073 -0.000652206
334 -0.000513855 -0.000134115
335 -6.1254e-05 0.000424996
336 0.000444021 0.000811992
337 0.000805404 0.000885952
338 0.000870023 0.000628063
339 0.000593629 0.000143229
340 6.61014e-05 -0.000384201
341 -0.00051611 -0.000761246
342 -0.000923089 -0.000856108
343 -0.000982879 -0.000642093
344 -0.000654546 -0.000202134
345 -5.15619e-05 0.0003047
346 0.000596843 0.000700572
347 0.00103349 0.000849524
348 0.00107632 0.000701638
349 0.000694825 0.000307754
350 2.74937e-05 -0.000198433
351 -0.000668958 -0.000644411
352 -0.00111976 -0.000875269
353 -0.00114189 -0.000805344
354 -0.000718892 -0.000448988
355 -9.7908e-06 8.01435e-05
356 0.000712248 0.000602982
357 0.00116709 0.000933325
358 0.00117766 0.000942772
359 0.000738936 0.000610353
360 1.8851e-05 3.77129e-05
361 -0.000708142 -0.00057905
362 -0.00116771 -0.00101479
363 -0.00119002 -0.00109714
364 -0.000771746 -0.000775119
365 -7.33617e-05 -0.000146978
366 0.000644901 0.000567206
367 0.00112174 0.00110211
368 0.00118992 0.0012465
369 0.000833166 0.000927766
370 0.000186185 0.000247056
371 -0.000518543 -0.000551722
372 -0.0010353 -0.00117015
373 -0.0011897 -0.00136844
374 -0.000934699 -0.00105967
375 -0.000361674 -0.000347434
376 0.000334043 0.000509522
377 0.000919361 0.00119317
378 0.00119918 0.00144629
379 0.00107837 0.00117038
380 0.000591956 0.000463408
381 -0.000105012 -0.000416893
382 -0.000784914 -0.00114965
383 -0.00121907 -0.0014699
384 -0.00125231 -0.00126482
385 -0.000857589 -0.000611832
386 -0.000151611 0.000253483
387 0.000636566 0.00102526
388 0.00123742 0.00143679
389 0.0014321 0.00135172
390 0.0011325 0.000806268
391 0.000420624 -8.97142e-06
392 -0.000470325 -0.000817764
393 -0.00123118 -0.00135174
394 -0.00158463 -0.00143713
395 -0.0013878 -0.00104788
396 -0.000690719 -0.00031087
397 0.00027381 0.00053619
398 0.00116864 0.00121982
399 0.00167223 0.00151603
400 0.00159631 0.00132087
401 0.000957066 0.000685443
402 -2.7834e-05 -0.000195663
403 -0.00101574 -0.00104116
404 -0.00166113 -0.00157003
405 -0.00173833 -0.00159341
406 -0.00122009 -0.00108212
407 -0.000284938 -0.000185435
408 0.000747696 0.0008093
409 0.00152936 0.00156734
410 0.00180095 0.00181962
411 0.00147693 0.00145976
412 0.000668796 0.000589116
413 -0.000356754 -0.00050987
414 -0.00126771 -0.00146598
415 -0.00177348 -0.00194683
416 -0.0017145 -0.00177661
417 -0.00110883 -0.00100094
418 -0.000144035 0.000125541
419 0.000880847 0.00122543
420 0.0016455 0.00192804
421 0.00190495 0.00199612
422 0.00156538 0.00140556
423 0.000717096 0.000351207
424 -0.000386778 -0.000821022
425 -0.00140269 -0.00173057
426 -0.00200126 -0.00208644
427 -0.00197353 -0.00177822
428 -0.00130478 -0.000906514
429 -0.000188931 0.000253569
430 0.00102537 0.00134097
431 0.00194353 0.00201985
432 0.00225472 0.00207985
433 0.00183904 0.00149745
434 0.000813905 0.00044254
435 -0.000498714 -0.000770504
436 -0.00167551 -0.00177363
437 -0.00233126 -0.00225337
438 -0.0022471 -0.00204671
439 -0.00144344 -0.00119608
440 -0.000173168 5.50702e-05
441 0.0011617 0.00132895
442 0.0021406 0.00222588
443 0.00245795 0.00245
444 0.00201665 0.00190831
445 0.000953736 0.000748825
446 -0.000406274 -0.000678171
447 -0.00165253 -0.00192682
448 -0.00241097 -0.00259731
449 -0.00245305 -0.00246625
450 -0.00176054 -0.00156176
451 -0.000530087 -0.000157334
452 0.000882282 0.00131394
453 0.00206149 0.00239653
454 0.00265201 0.00275551
455 0.00246267 0.00227942
456 0.00152798 0.00111145
457 0.000106157 -0.000397992
458 -0.00138935 -0.00179968
459 -0.00250839 -0.00267949
460 -0.00289978 -0.002778
461 -0.00242293 -0.00206255
462 -0.00119894 -0.000734268
463 0.000418268 0.000829505
464 0.00194525 0.00218051
465 0.00291613 0.00292445
466 0.00302736 0.00283289
467 0.00223356 0.00191187
468 0.00076314 0.000407322
469 -0.000950986 -0.00125769
470 -0.00240286 -0.00259963
471 -0.00316506 -0.00321433
472 -0.00301355 -0.00289981
473 -0.00198981 -0.00172373
474 -0.000384731 -1.18928e-05
475 0.00134726 0.00174226
476 0.00271698 0.00302207
477 0.00333576 0.00344254
478 0.00302142 0.00286759
479 0.00184845 0.00145277
480 0.000130123 -0.000399736
481 -0.00166318 -0.00215955
482 -0.00302958 -0.00332289
483 -0.00357367 -0.00355687
484 -0.00312011 -0.00279174
485 -0.00177044 -0.00123686
486 0.000116246 0.000680656
487 0.00201734 0.00243454
488 0.0033919 0.00354176
489 0.00383644 0.00369137
490 0.00320519 0.00282789
491 0.0016576 0.00116868
492 -0.000383042 -0.000849218
493 -0.00234864 -0.00268121
494 -0.00368797 -0.00381942
495 -0.0040229 -0.00393253
496 -0.00325372 -0.00296286
497 -0.00158464 -0.00115133
498 0.000535187 0.00102063
499 0.00253568 0.00295959
500 0.00387897 0.00412445
501 0.00420066 0.00417974
502 0.00340394 0.00309284
503 0.00168472 0.00114605
504 -0.000516966 -0.00114016
505 -0.00262737 -0.00315023
506 -0.00408514 -0.00434148
507 -0.00448814 -0.00438986
508 -0.00370378 -0.0032744
509 -0.00191234 -0.0012801
510 0.000431691 0.00107844
511 0.00271417 0.00319065
512 0.00432338 0.00450559
513 0.00481626 0.00467157
514 0.00404179 0.0036264
515 0.00218605 0.00161704
516 -0.000274913 -0.000857096
517 -0.00270111 -0.00316552
518 -0.00445828 -0.00470519
519 -0.00508439 -0.00505773
520 -0.00440859 -0.00410417
521 -0.00259314 -0.00206452
522 -8.99984e-05 0.000552165
523 0.002474 0.00307663
524 0.00445331 0.00485387
525 0.00534275 0.00541562
526 0.00490227 0.00460362
527 0.00321863 0.00261068
528 0.000689251 -6.97832e-05
529 -0.00206942 -0.0027702
530 -0.00436979 -0.00481659
531 -0.0056233 -0.00569478
532 -0.00549151 -0.00517514
533 -0.00397849 -0.0033679
534 -0.00143778 -0.000697685
535 0.00151104 0.00219575
536 0.00413649 0.0046084
537 0.00578 0.00594041
538 0.00602259 0.00584338
539 0.00478981 0.00431098
540 0.00236907 0.00168872
541 -0.000662475 -0.00140284
542 -0.00357881 -0.00421537
543 -0.00567867 -0.00605577
544 -0.00645064 -0.00645893
545 -0.00569282 -0.00530552
546 -0.00356156 -0.00285419
547 -0.000538798 0.000320146
548 0.00267528 0.00346553
549 0.00532211 0.00583363
550 0.00676215 0.00685693
551 0.00662921 0.00628071
552 0.00492393 0.00422075
553 0.00202136 0.00113653
554 -0.00141199 -0.00227235
555 -0.00457348 -0.00522291
556 -0.00671455 -0.00702536
557 -0.00731921 -0.00724173
558 -0.0062267 -0.00579152
559 -0.00366941 -0.00297848
560 -0.000218441 0.000570999
561 0.00334828 0.00404703
562 0.00622293 0.00664249
563 0.00774916 0.00774205
564 0.00756831 0.00706779
565 0.00570005 0.00474563
566 0.00254132 0.00127699
567 -0.0012163 -0.00257599
568 -0.00473445 -0.00596283
569 -0.00721114 -0.00813416
570 -0.00806048 -0.00860648
571 -0.00704856 -0.00726776
572 -0.00435291 -0.00440339
573 -0.000528896 -0.000638153
574 0.00361142 0.00319415
575 0.0071806 0.00622725
576 0.00941487 0.00774926
577 0.00984435 0.00736012
578 0.00839628 0.00506416
579 0.00541032 0.00127533
580 0.00156562 -0.0032688
581 -0.00226204 -0.00766641
582 -0.00518226 -0.011049
583 -0.00647414 -0.0127726
584 -0.0057368 -0.0125596
585 -0.00297594 -0.0105607
586 0.00139231 -0.00732463
587 0.00662375 -0.00368544
588 0.0118005 -0.000591289
589 0.0160268 0.00108765
590 0.0186234 0.000734591
591 0.0192784 -0.00188952
592 0.0181198 -0.00659671
593 0.0156942 -0.0128081
594 0.0128575 -0.0196702
595 0.0106018 -0.0262306
596 0.00985773 -0.0316379
597 0.0113104 -0.0353251
598 0.0152669 -0.037136
599 0.021598 -0.0373667
600 0.029766 -0.0367119
601 0.0389321 -0.0361286
602 0.0481235 -0.0366471
603 0.0564299 -0.0391696
604 0.0631904 -0.0442966
605 0.0681337 -0.0522132
606 0.0714409 -0.0626551
607 0.0737181 -0.0749585
608 0.0758803 -0.0881846
609 0.0789728 -0.101297
610 0.083964 -0.11336
611 0.0915537 -0.123721
612 0.102034 -0.132136
613 0.115229 -0.138821
614 0.130519 -0.144401
615 0.146951 -0.149786
616 0.163403 -0.155975
617 0.178779 -0.163856
618 0.1922 -0.174016
619 0.203153 -0.186613
620 0.211572 -0.201325
621 0.217837 -0.217384
622 0.222679 -0.233686
623 0.227024 -0.248966
624 0.231783 -0.261994
625 0.237656 -0.271773
626 0.244966 -0.277692
627 0.253568 -0.279614
628 0.262847 -0.277872
629 0.271793 -0.273181
630 0.279158 -0.266483
631 0.28364 -0.258745
632 0.284093 -0.250763
633 0.279707 -0.243002
634 0.270138 -0.235498
635 0.255566 -0.227843
636 0.23666 -0.219258
637 0.214467 -0.208727
638 0.190235 -0.195187
639 0.165209 -0.177733
640 0.14043 -0.155807
641 0.116594 -0.129332
642 0.0939669 -0.098781
643 0.072391 -0.065154
644 0.051366 -0.0298705
645 0.0301931 0.00540446
646 0.00815645 0.0389718
647 -0.0152853 0.0693118
648 -0.0403318 0.0952626
649 -0.0667255 0.116138
650 -0.0937127 0.131766
651 -0.12009 0.142451
652 -0.144334 0.148859
653 -0.164791 0.15186
654 -0.179895 0.152343
655 -0.188386 0.151038
656 -0.189484 0.148373
657 -0.182997 0.144399
658 -0.169353 0.138788
659 -0.149553 0.130911
660 -0.125044 0.119985
661 -0.0975442 0.105256
662 -0.068832 0.0861957
663 -0.0405434 0.0626666
664 -0.0139992 0.0350384
665 0.00990875 0.00423147
666 0.0307555 -0.0283186
667 0.0485441 -0.0607715
668 0.0635996 -0.0910582
669 0.0764183 -0.1171
670 0.0875003 -0.13704
671 0.0971934 -0.149462
672 0.105575 -0.153553
673 0.112392 -0.149194
674 0.117066 -0.136966
675 0.118769 -0.118067
676 0.116556 -0.0941663
677 0.10954 -0.0672106
678 0.0970747 -0.0392098
679 0.0789275 -0.0120326
680 0.0554022 0.012768
681 0.0273976 0.0340769
682 -0.00361468 0.0512732
683 -0.0356918 0.0642151
684 -0.0665896 0.0731585
685 -0.0939809 0.078627
686 -0.115694 0.0812586
687 -0.129944 0.0816566
688 -0.135532 0.0802704
689 -0.131979 0.0773217
690 -0.119592 0.0727856
691 -0.0994377 0.066425
692 -0.0732394 0.0578733
693 -0.0431985 0.0467521
694 -0.0117713 0.032807
695 0.0185745 0.0160395
696 0.045595 -0.00319012
697 0.0674681 -0.0241078
698 0.0829377 -0.0455364
699 0.0913899 -0.0659714
700 0.09286 -0.0837171
701 0.0879711 -0.0970627
702 0.0778165 -0.10448
703 0.0638018 -0.104814
704 0.047467 -0.0974537
705 0.030314 -0.0824487
706 0.0136589 -0.0605658
707 -0.00147093 -0.0332684
708 -0.014391 -0.00261479
709 -0.0247617 0.0289158
710 -0.0325474 0.0586516
711 -0.0379437 0.0839865
712 -0.0412853 0.102637
713 -0.0429493 0.112873
714 -0.0432669 0.113696
715 -0.0424579 0.104947
716 -0.0405973 0.0873419
717 -0.0376199 0.0624139
718 -0.0333618 0.0323774
719 -0.0276275 -7.7475e-05
720 -0.0202712 -0.0320406
721 -0.0112748 -0.0606592
722 -0.000809943 -0.0834072
723 0.0107256 -0.0983199
724 0.0227031 -0.104171
725 0.0342929 -0.100581
726 0.0445284 -0.088038
727 0.0524 -0.06785
728 0.0569705 -0.0420092
729 0.0574974 -0.0129997
730 0.0535444 0.0164436
731 0.0450652 0.0435954
732 0.0324469 0.0659953
733 0.0165053 0.0816717
734 -0.00156663 0.0893143
735 -0.0202933 0.0883818
736 -0.0380448 0.0791383
737 -0.0531892 0.0626155
738 -0.0642549 0.0405067
739 -0.0700864 0.0150009
740 -0.069976 -0.0114283
741 -0.0637532 -0.0362576
742 -0.05182 -0.0571507
743 -0.035126 -0.0721733
744 -0.0150876 -0.0799663
745 0.00654009 -0.0798636
746 0.0278248 -0.0719464
747 0.0468375 -0.0570297
748 0.0618354 -0.0365849
749 0.0714315 -0.0126009
750 0.074733 0.0126009
751 0.0714315 0.0365849
752 0.0618354 0.0570297
753 0.0468375 0.0719464
754 0.0278248 0.0798636
755 0.00654009 0.0799663
756 -0.0150876 0.0721733
757 -0.035126 0.0571507
758 -0.05182 0.0362576
759 -0.0637532 0.0114283
760 -0.069976 -0.0150009
761 -0.0700864 -0.0405067
762 -0.0642549 -0.0626155
763 -0.0531892 -0.0791383
764 -0.0380448 -0.0883818
765 -0.0202933 -0.0893143
766 -0.00156663 -0.0816717
767 0.0165053 -0.0659953
768 0.0324469 -0.0435954
769 0.0450652 -0.0164436
770 0.0535444 0.0129997
771 0.0574974 0.0420092
772 0.0569705 0.06785
773 0.0524 0.088038
774 0.0445284 0.100581
775 0.0342929 0.104171
776 0.0227031 0.0983199
777 0.0107256 0.0834072
778 -0.000809943 0.0606592
779 -0.0112748 0.0320406
780 -0.0202712 7.7475e-05
781 -0.0276275 -0.0323774
782 -0.0333618 -0.0624139
783 -0.0376199 -0.0873419
784 -0.0405973 -0.104947
785 -0.0424579 -0.113696
786 -0.0432669 -0.112873
787 -0.0429493 -0.102637
788 -0.0412853 -0.0839865
789 -0.0379437 -0.0586516
790 -0.0325474 -0.0289158
791 -0.0247617 0.00261479
792 -0.014391 0.0332684
793 -0.00147093 0.0605658
794 0.0136589 0.0824487
795 0.030314 0.0974537
796 0.047467 0.104814
797 0.0638018 0.10448
798 0.0778165 0.0970627
799 0.0879711 0.0837171
800 0.09286 0.0659714
801 0.0913899 0.0455364
802 0.0829377 0.0241078
803 0.0674681 0.00319012
804 0.045595 -0.0160395
805 0.0185745 -0.032807
806 -0.0117713 -0.0467521
807 -0.0431985 -0.0578733
808 -0.0732394 -0.066425
809 -0.0994377 -0.0727856
810 -0.119592 -0.0773217
811 -0.131979 -0.0802704
812 -0.135532 -0.0816566
813 -0.129944 -0.0812586
814 -0.115694 -0.078627
815 -0.0939809 -0.0731585
816 -0.0665896 -0.0642151
817 -0.0356918 -0.0512732
818 -0.00361468 -0.0340769
819 0.0273976 -0.012768
820 0.0554022 0.0120326
821 0.0789275 0.0392098
822 0.0970747 0.0672106
823 0.10954 0.0941663
824 0.116556 0.118067
825 0.118769 0.136966
826 0.117066 0.149194
827 0.112392 0.153553
828 0.105575 0.149462
829 0.0971934 0.13704
830 0.0875003 0.1171
831 0.0764183 0.0910582
832 0.0635996 0.0607715
833 0.0485441 0.0283186
834 0.0307555 -0.00423147
835 0.00990875 -0.0350384
836 -0.0139992 -0.0626666
837 -0.0405434 -0.0861957
838 -0.068832 -0.105256
839 -0.0975442 -0.119985
840 -0.125044 -0.130911
841 -0.149553 -0.138788
842 -0.169353 -0.144399
843 -0.182997 -0.148373
844 -0.189484 -0.151038
845 -0.188386 -0.152343
846 -0.179895 -0.15186
847 -0.164791 -0.148859
848 -0.144334 -0.142451
849 -0.12009 -0.131766
850 -0.0937127 -0.116138
851 -0.0667255 -0.0952626
852 -0.0403318 -0.0693118
853 -0.0152853 -0.0389718
854 0.00815645 -0.00540446
855 0.0301931 0.0298705
856 0.051366 0.065154
857 0.072391 0.098781
858 0.0939669 0.129332
859 0.116594 0.155807
860 0.14043 0.177733
861 0.165209 0.195187
862 0.190235 0.208727
863 0.214467 0.219258
864 0.23666 0.227843
865 0.255566 0.235498
866 0.270138 0.243002
867 0.279707 0.250763
868 0.284093 0.258745
869 0.28364 0.266483
870 0.279158 0.273181
871 0.271793 0.277872
872 0.262847 0.279614
873 0.253568 0.277692
874 0.244966 0.271773
875 0.237656 0.261994
876 0.231783 0.248966
877 0.227024 0.233686
878 0.222679 0.217384
879 0.217837 0.201325
880 0.211572 0.186613
881 0.203153 0.174016
882 0.1922 0.163856
883 0.178779 0.155975
884 0.163403 0.149786
885 0.146951 0.144401
886 0.130519 0.138821
887 0.115229 0.132136
888 0.102034 0.123721
889 0.0915537 0.11336
890 0.083964 0.101297
891 0.0789728 0.0881846
892 0.0758803 0.0749585
893 0.0737181 0.0626551
894 0.0714409 0.0522132
895 0.0681337 0.0442966
896 0.0631904 0.0391696
897 0.0564299 0.0366471
898 0.0481235 0.0361286
899 0.0389321 0.0367119
900 0.029766 0.0373667
901 0.021598 0.037136
902 0.0152669 0.0353251
903 0.0113104 0.0316379
904 0.00985773 0.0262306
905 0.0106018 0.0196702
906 0.0128575 0.0128081
907 0.0156942 0.00659671
908 0.0181198 0.00188952
909 0.0192784 -0.000734591
910 0.0186234 -0.00108765
911 0.0160268 0.000591289
912 0.0118005 0.00368544
913 0.00662375 0.00732463
914 0.00139231 0.0105607
915 -0.00297594 0.0125596
916 -0.0057368 0.0127726
917 -0.00647414 0.011049
918 -0.00518226 0.00766641
919 -0.00226204 0.0032688
920 0.00156562 -0.00127533
921 0.00541032 -0.00506416
922 0.00839628 -0.00736012
923 0.00984435 -0.00774926
924 0.00941487 -0.00622725
925 0.0071806 -0.00319415
926 0.00361142 0.000638153
927 -0.000528896 0.00440339
928 -0.00435291 0.00726776
929 -0.00704856 0.00860648
930 -0.00806048 0.00813416
931 -0.00721114 0.00596283
932 -0.00473445 0.00257599
933 -0.0012163 -0.00127699
934 0.00254132 -0.00474563
935 0.00570005 -0.00706779
936 0.00756831 -0.00774205
937 0.00774916 -0.00664249
938 0.00622293 -0.00404703
939 0.00334828 -0.000570999
940 -0.000218441 0.00297848
941 -0.00366941 0.00579152
942 -0.0062267 0.00724173
943 -0.00731921 0.00702536
944 -0.00671455 0.00522291
945 -0.00457348 0.00227235
946 -0.00141199 -0.00113653
947 0.00202136 -0.00422075
948 0.00492393 -0.00628071
949 0.00662921 -0.00685693
950 0.00676215 -0.00583363
951 0.00532211 -0.00346553
952 0.00267528 -0.000320146
953 -0.000538798 0.00285419
954 -0.00356156 0.00530552
955 -0.00569282 0.00645893
956 -0.00645064 0.00605577
957 -0.00567867 0.00421537
958 -0.00357881 0.00140284
959 -0.000662475 -0.00168872
960 0.00236907 -0.00431098
961 0.00478981 -0.00584338
962 0.00602259 -0.00594041
963 0.00578 -0.0046084
964 0.00413649 -0.00219575
965 0.00151104 0.000697685
966 -0.00143778 0.0033679
967 -0.00397849 0.00517514
968 -0.00549151 0.00569478
969 -0.0056233 0.00481659
970 -0.00436979 0.0027702
971 -0.00206942 6.97832e-05
972 0.000689251 -0.00261068
973 0.00321863 -0.00460362
974 0.00490227 -0.00541562
975 0.00534275 -0.00485387
976 0.00445331 -0.00307663
977 0.002474 -0.000552165
978 -8.99984e-05 0.00206452
979 -0.00259314 0.00410417
980 -0.00440859 0.00505773
981 -0.00508439 0.00470519
982 -0.00445828 0.00316552
983 -0.00270111 0.000857096
984 -0.000274913 -0.00161704
985 0.00218605 -0.0036264
986 0.00404179 -0.00467157
987 0.00481626 -0.00450559
988 0.00432338 -0.00319065
989 0.00271417 -0.00107844
990 0.000431691 0.0012801
991 -0.00191234 0.0032744
992 -0.00370378 0.00438986
993 -0.00448814 0.00434148
994 -0.00408514 0.00315023
995 -0.00262737 0.00114016
996 -0.000516966 -0.00114605
997 0.00168472 -0.00309284
998 0.00340394 -0.00417974
999 0.00420066 -0.00412445
