0 -0.00208115 -0.0021304
1 -0.00199846 -0.00186162
2 -0.00122498 -0.000943983
3 -5.23551e-06 0.000327554
4 0.00125725 0.00152987
5 0.00213383 0.00225237
6 0.00231572 0.00223605
7 0.00172098 0.00146428
8 0.000527043 0.000173954
9 -0.000883354 -0.00121808
10 -0.00204558 -0.00225009
11 -0.00256578 -0.00256811
12 -0.00225273 -0.00204566
13 -0.00118515 -0.000830492
14 0.000308243 0.000698237
15 0.00175079 0.00204919
16 0.00267003 0.00277667
17 0.00275137 0.00262617
18 0.00194353 0.00162061
19 0.000480976 5.88184e-05
20 -0.00118527 -0.00157429
21 -0.00252748 -0.00275857
22 -0.00310801 -0.0031034
23 -0.00272022 -0.00247445
24 -0.00145855 -0.00104177
25 0.000304993 0.000767143
26 0.00203175 0.00239594
27 0.00318107 0.00333054
28 0.00337825 0.00325998
29 0.00253415 0.00217685
30 0.000878709 0.000385786
31 -0.00110279 -0.00158372
32 -0.00281288 -0.00313447
33 -0.00372181 -0.00378187
34 -0.00352994 -0.00330305
35 -0.00226322 -0.00180962
36 -0.00027203 0.000278826
37 0.00186736 0.00235386
38 0.00352029 0.00379581
39 0.00418115 0.00415765
40 0.00362545 0.00330087
41 0.00198161 0.00144254
42 -0.000299529 -0.00090127
43 -0.00256972 -0.00306018
44 -0.00416781 -0.00440124
45 -0.00461095 -0.00451264
46 -0.00373764 -0.00332662
47 -0.00176059 -0.00114578
48 0.000786593 0.00143584
49 0.00319499 0.00369564
50 0.0047779 0.00498438
51 0.00506489 0.00491055
52 0.00393804 0.00345547
53 0.00167164 0.000985773
54 -0.00113641 -0.00184095
55 -0.00372376 -0.00425258
56 -0.00537038 -0.00557282
57 -0.00559699 -0.00540837
58 -0.00430064 -0.00376145
59 -0.00179016 -0.0010368
60 0.00128958 0.00205993
61 0.00412492 0.00470606
62 0.00594844 0.00617981
63 0.00624454 0.00605458
64 0.00489094 0.00431773
65 0.00219829 0.0013818
66 -0.00116344 -0.00201596
67 -0.00433341 -0.00500028
68 -0.00648033 -0.00678291
69 -0.00701837 -0.00686818
70 -0.00576276 -0.00518581
71 -0.00298467 -0.00211671
72 0.000649604 0.00159585
73 0.00424072 0.00502798
74 0.00687944 0.00730502
75 0.00787501 0.007822
76 0.00693179 0.00639976
77 0.00422978 0.0033371
78 0.000388444 -0.000654603
79 -0.00367789 -0.00461915
80 -0.00697873 -0.00758522
81 -0.00868745 -0.00880239
82 -0.00834454 -0.00792657
83 -0.00597493 -0.00510983
84 -0.00209044 -0.000972637
85 0.00242406 0.00353585
86 0.00651424 0.00735694
87 0.00920234 0.00957013
88 0.00981779 0.00961122
89 0.00815885 0.0074099
90 0.00454728 0.00341426
91 -0.000237233 -0.00150397
92 -0.00512826 -0.00624233
93 -0.00901139 -0.009715
94 -0.0109764 -0.0110991
95 -0.0105261 -0.0100244
96 -0.00769467 -0.00666364
97 -0.00304835 -0.00170261
98 0.00243159 0.00380319
99 0.00755881 0.00865537
100 0.0111986 0.0117728
101 0.0125161 0.0124286
102 0.0111614 0.0104132
103 0.00735302 0.00608673
104 0.00183939 0.000311333
105 -0.00425201 -0.00572485
106 -0.00964758 -0.0107533
107 -0.0131932 -0.0136902
108 -0.0140969 -0.0138652
109 -0.012099 -0.0111667
110 -0.00753292 -0.00607263
111 -0.00126566 0.00043835
112 0.00547114 0.00707927
113 0.0113253 0.0125104
114 0.0150943 0.0156074
115 0.0159678 0.0156888
116 0.013694 0.012657
117 0.00863696 0.00702553
118 0.00171372 -0.000172952
119 -0.00577708 -0.00758039
120 -0.012401 -0.0137712
121 -0.0168616 -0.0175248
122 -0.0182493 -0.0180605
123 -0.0162188 -0.0151913
124 -0.0110614 -0.00936582
125 -0.00365869 -0.00159308
126 0.00467408 0.00673755
127 0.0124246 0.0141071
128 0.0181582 0.0191431
129 0.0207791 0.0208697
130 0.0197321 0.0188888
131 0.0151086 0.0134574
132 0.00763712 0.00544948
133 -0.00143719 -0.00379054
134 -0.0105654 -0.0126781
135 -0.0181603 -0.0196604
136 -0.0228705 -0.0234844
137 -0.0238137 -0.0234138
138 -0.0207319 -0.01936
139 -0.0140415 -0.0119029
140 -0.00476978 -0.00220136
141 0.00560877 0.00819323
142 0.0154115 0.0175884
143 0.0230203 0.024425
144 0.0271445 0.0275309
145 0.0270316 0.0263122
146 0.0225922 0.0208534
147 0.0144197 0.0119096
148 0.00370295 0.00079438
149 -0.00795334 -0.0108199
150 -0.0187731 -0.0211563
151 -0.027079 -0.0286039
152 -0.0315476 -0.031963
153 -0.0314111 -0.0306274
154 -0.0265756 -0.0246797
155 -0.0176398 -0.0148832
156 -0.0058121 -0.00257532
157 0.007261 0.0105224
158 0.0197288 0.0225487
159 0.0297988 0.0317668
160 0.0359902 0.0368093
161 0.0373424 0.0368712
162 0.0335512 0.0318239
163 0.0250137 0.022236
164 0.0127774 0.00929987
165 -0.00159774 -0.00532629
166 -0.0162452 -0.0197366
167 -0.0292372 -0.0320279
168 -0.0388362 -0.0405475
169 -0.0437203 -0.0441073
170 -0.0431537 -0.0421371
171 -0.0370816 -0.0347577
172 -0.0261385 -0.0227675
173 -0.0115708 -0.00754533
174 0.00491543 0.00911821
175 0.021361 0.0252366
176 0.0357888 0.0388658
177 0.0464389 0.0483341
178 0.0519751 0.0524385
179 0.0516406 0.0505838
180 0.0453442 0.0428499
181 0.0336705 0.0299828
182 0.0178127 0.0133093
183 -0.000560334 -0.00541065
184 -0.0194884 -0.0241774
185 -0.0369329 -0.0409683
186 -0.0509949 -0.0539538
187 -0.0601159 -0.0616896
188 -0.0632383 -0.0632649
189 -0.0599123 -0.0583945
190 -0.0503387 -0.047444
191 -0.0353443 -0.0313901
192 -0.0162966 -0.0117205
193 0.00503452 0.00971424
194 0.0266501 0.030881
195 0.0465148 0.0497579
196 0.062749 0.0645225
197 0.0738013 0.0737179
198 0.0785883 0.0763806
199 0.0765876 0.0721212
200 0.0678788 0.0611515
201 0.0531309 0.0442582
202 0.033539 0.0227268
203 0.0107167 -0.00177435
204 -0.0134415 -0.0273392
205 -0.0369194 -0.0519854
206 -0.057741 -0.0738165
207 -0.0741256 -0.0911728
208 -0.0846215 -0.102759
209 -0.0882095 -0.107738
210 -0.0843694 -0.105791
211 -0.0731067 -0.09713
212 -0.0549388 -0.0824763
213 -0.0308439 -0.0630009
214 -0.00217949 -0.0402353
215 0.0294237 -0.0159601
216 0.0621815 0.00791796
217 0.0942817 0.0294931
218 0.124006 0.0469817
219 0.149838 0.0588301
220 0.170558 0.0638037
221 0.185306 0.0610508
222 0.193626 0.0501416
223 0.195479 0.0310793
224 0.191228 0.00428587
225 0.181603 -0.0294341
226 0.167645 -0.0689491
227 0.150633 -0.11287
228 0.132 -0.159627
229 0.113247 -0.207551
230 0.0958594 -0.254956
231 0.0812216 -0.300208
232 0.0705492 -0.341793
233 0.0648284 -0.37837
234 0.0647722 -0.40881
235 0.0707923 -0.432222
236 0.0829862 -0.447964
237 0.101142 -0.455647
238 0.124753 -0.455119
239 0.153054 -0.446448
240 0.185056 -0.429899
241 0.219596 -0.405899
242 0.255393 -0.375011
243 0.291105 -0.337903
244 0.325383 -0.295318
245 0.35693 -0.248053
246 0.38455 -0.196937
247 0.407197 -0.142817
248 0.424015 -0.0865491
249 0.434366 -0.0289929
250 0.43786 0.0289929
251 0.434366 0.0865491
252 0.424015 0.142817
253 0.407197 0.196937
254 0.38455 0.248053
255 0.35693 0.295318
256 0.325383 0.337903
257 0.291105 0.375011
258 0.255393 0.405899
259 0.219596 0.429899
260 0.185056 0.446448
261 0.153054 0.455119
262 0.124753 0.455647
263 0.101142 0.447964
264 0.0829862 0.432222
265 0.0707923 0.40881
266 0.0647722 0.37837
267 0.0648284 0.341793
268 0.0705492 0.300208
269 0.0812216 0.254956
270 0.0958594 0.207551
271 0.113247 0.159627
272 0.132 0.11287
273 0.150633 0.0689491
274 0.167645 0.0294341
275 0.181603 -0.00428587
276 0.191228 -0.0310793
277 0.195479 -0.0501416
278 0.193626 -0.0610508
279 0.185306 -0.0638037
280 0.170558 -0.0588301
281 0.149838 -0.0469817
282 0.124006 -0.0294931
283 0.0942817 -0.00791796
284 0.0621815 0.0159601
285 0.0294237 0.0402353
286 -0.00217949 0.0630009
287 -0.0308439 0.0824763
288 -0.0549388 0.09713
289 -0.0731067 0.105791
290 -0.0843694 0.107738
291 -0.0882095 0.102759
292 -0.0846215 0.0911728
293 -0.0741256 0.0738165
294 -0.057741 0.0519854
295 -0.0369194 0.0273392
296 -0.0134415 0.00177435
297 0.0107167 -0.0227268
298 0.033539 -0.0442582
299 0.0531309 -0.0611515
300 0.0678788 -0.0721212
301 0.0765876 -0.0763806
302 0.0785883 -0.0737179
303 0.0738013 -0.0645225
304 0.062749 -0.0497579
305 0.0465148 -0.030881
306 0.0266501 -0.00971424
307 0.00503452 0.0117205
308 -0.0162966 0.0313901
309 -0.0353443 0.047444
310 -0.0503387 0.0583945
311 -0.0599123 0.0632649
312 -0.0632383 0.0616896
313 -0.0601159 0.0539538
314 -0.0509949 0.0409683
315 -0.0369329 0.0241774
316 -0.0194884 0.00541065
317 -0.000560334 -0.0133093
318 0.0178127 -0.0299828
319 0.0336705 -0.0428499
320 0.0453442 -0.0505838
321 0.0516406 -0.0524385
322 0.0519751 -0.0483341
323 0.0464389 -0.0388658
324 0.0357888 -0.0252366
325 0.021361 -0.00911821
326 0.00491543 0.00754533
327 -0.0115708 0.0227675
328 -0.0261385 0.0347577
329 -0.0370816 0.0421371
330 -0.0431537 0.0441073
331 -0.0437203 0.0405475
332 -0.0388362 0.0320279
333 -0.0292372 0.0197366
334 -0.0162452 0.00532629
335 -0.00159774 -0.00929987
336 0.0127774 -0.022236
337 0.0250137 -0.0318239
338 0.0335512 -0.0368712
339 0.0373424 -0.0368093
340 0.0359902 -0.0317668
341 0.0297988 -0.0225487
342 0.0197288 -0.0105224
343 0.007261 0.00257532
344 -0.0058121 0.0148832
345 -0.0176398 0.0246797
346 -0.0265756 0.0306274
347 -0.0314111 0.031963
348 -0.0315476 0.0286039
349 -0.027079 0.0211563
350 -0.0187731 0.0108199
351 -0.00795334 -0.00079438
352 0.00370295 -0.0119096
353 0.0144197 -0.0208534
354 0.0225922 -0.0263122
355 0.0270316 -0.0275309
356 0.0271445 -0.024425
357 0.0230203 -0.0175884
358 0.0154115 -0.00819323
359 0.00560877 0.00220136
360 -0.00476978 0.0119029
361 -0.0140415 0.01936
362 -0.0207319 0.0234138
363 -0.0238137 0.0234844
364 -0.0228705 0.0196604
365 -0.0181603 0.0126781
366 -0.0105654 0.00379054
367 -0.00143719 -0.00544948
368 0.00763712 -0.0134574
369 0.0151086 -0.0188888
370 0.0197321 -0.0208697
371 0.0207791 -0.0191431
372 0.0181582 -0.0141071
373 0.0124246 -0.00673755
374 0.00467408 0.00159308
375 -0.00365869 0.00936582
376 -0.0110614 0.0151913
377 -0.0162188 0.0180605
378 -0.0182493 0.0175248
379 -0.0168616 0.0137712
380 -0.012401 0.00758039
381 -0.00577708 0.000172952
382 0.00171372 -0.00702553
383 0.00863696 -0.012657
384 0.013694 -0.0156888
385 0.0159678 -0.0156074
386 0.0150943 -0.0125104
387 0.0113253 -0.00707927
388 0.00547114 -0.00043835
389 -0.00126566 0.00607263
390 -0.00753292 0.0111667
391 -0.012099 0.0138652
392 -0.0140969 0.0136902
393 -0.0131932 0.0107533
394 -0.00964758 0.00572485
395 -0.00425201 -0.000311333
396 0.00183939 -0.00608673
397 0.00735302 -0.0104132
398 0.0111614 -0.0124286
399 0.0125161 -0.0117728
400 0.0111986 -0.00865537
401 0.00755881 -0.00380319
402 0.00243159 0.00170261
403 -0.00304835 0.00666364
404 -0.00769467 0.0100244
405 -0.0105261 0.0110991
406 -0.0109764 0.009715
407 -0.00901139 0.00624233
408 -0.00512826 0.00150397
409 -0.000237233 -0.00341426
410 0.00454728 -0.0074099
411 0.00815885 -0.00961122
412 0.00981779 -0.00957013
413 0.00920234 -0.00735694
414 0.00651424 -0.00353585
415 0.00242406 0.000972637
416 -0.00209044 0.00510983
417 -0.00597493 0.00792657
418 -0.00834454 0.00880239
419 -0.00868745 0.00758522
420 -0.00697873 0.00461915
421 -0.00367789 0.000654603
422 0.000388444 -0.0033371
423 0.00422978 -0.00639976
424 0.00693179 -0.007822
425 0.00787501 -0.00730502
426 0.00687944 -0.00502798
427 0.00424072 -0.00159585
428 0.000649604 0.00211671
429 -0.00298467 0.00518581
430 -0.00576276 0.00686818
431 -0.00701837 0.00678291
432 -0.00648033 0.00500028
433 -0.00433341 0.00201596
434 -0.00116344 -0.0013818
435 0.00219829 -0.00431773
436 0.00489094 -0.00605458
437 0.00624454 -0.00617981
438 0.00594844 -0.00470606
439 0.00412492 -0.00205993
440 0.00128958 0.0010368
441 -0.00179016 0.00376145
442 -0.00430064 0.00540837
443 -0.00559699 0.00557282
444 -0.00537038 0.00425258
445 -0.00372376 0.00184095
446 -0.00113641 -0.000985773
447 0.00167164 -0.00345547
448 0.00393804 -0.00491055
449 0.00506489 -0.00498438
450 0.0047779 -0.00369564
451 0.00319499 -0.00143584
452 0.000786593 0.00114578
453 -0.00176059 0.00332662
454 -0.00373764 0.00451264
455 -0.00461095 0.00440124
456 -0.00416781 0.00306018
457 -0.00256972 0.00090127
458 -0.000299529 -0.00144254
459 0.00198161 -0.00330087
460 0.00362545 -0.00415765
461 0.00418115 -0.00379581
462 0.00352029 -0.00235386
463 0.00186736 -0.000278826
464 -0.00027203 0.00180962
465 -0.00226322 0.00330305
466 -0.00352994 0.00378187
467 -0.00372181 0.00313447
468 -0.00281288 0.00158372
469 -0.00110279 -0.000385786
470 0.000878709 -0.00217685
471 0.00253415 -0.00325998
472 0.00337825 -0.00333054
473 0.00318107 -0.00239594
474 0.00203175 -0.000767143
475 0.000304993 0.00104177
476 -0.00145855 0.00247445
477 -0.00272022 0.0031034
478 -0.00310801 0.00275857
479 -0.00252748 0.00157429
480 -0.00118527 -5.88184e-05
481 0.000480976 -0.00162061
482 0.00194353 -0.00262617
483 0.00275137 -0.00277667
484 0.00267003 -0.00204919
485 0.00175079 -0.000698237
486 0.000308243 0.000830492
487 -0.00118515 0.00204566
488 -0.00225273 0.00256811
489 -0.00256578 0.00225009
490 -0.00204558 0.00121808
491 -0.000883354 -0.000173954
492 0.000527043 -0.00146428
493 0.00172098 -0.00223605
494 0.00231572 -0.00225237
495 0.00213383 -0.00152987
496 0.00125725 -0.000327554
497 -5.23551e-06 0.000943983
498 -0.00122498 0.00186162
499 -0.00199846 0.0021304
500 -0.00208115 0.00167915
501 -0.00146562 0.000679526
502 -0.000378629 -0.000516624
503 0.000800458 -0.00149981
504 0.00167099 -0.00194291
505 0.00194699 -0.00171075
506 0.00155171 -0.000902157
507 0.000639227 0.000189104
508 -0.000463109 0.00117977
509 -0.00137079 0.0017313
510 -0.00177599 0.0016659
511 -0.00155266 0.00102441
512 -0.000796555 4.69546e-05
513 0.000213028 -0.000915305
514 0.00111517 -0.00152556
515 0.00159614 -0.00157924
516 0.00149889 -0.00107329
517 0.000874916 -0.000202935
518 -3.8967e-05 0.000711834
519 -0.000909215 0.00134309
520 -0.00142665 0.00147271
521 -0.00141633 0.00106855
522 -0.00089723 0.000291971
523 -7.10647e-05 -0.000564975
524 0.000754488 -0.00118878
525 0.00127961 -0.00135923
526 0.00132139 -0.00102764
527 0.000878271 -0.000330427
528 0.000126861 0.000465446
529 -0.000647068 0.00106387
530 -0.00115675 0.00124948
531 -0.00122098 0.000965451
532 -0.0008291 0.000330956
533 -0.000140927 -0.000407062
534 0.000577302 -0.000969033
535 0.0010554 -0.00114849
536 0.00112082 -0.00088847
537 0.00076123 -0.000300019
538 0.000125168 0.000383652
539 -0.000537975 0.000898925
540 -0.000974985 0.00105354
541 -0.00102537 0.000798876
542 -0.000680759 0.000245242
543 -8.48808e-05 -0.000384705
544 0.000525018 -0.000845001
545 0.000912074 -0.000962358
546 0.000932014 -0.000701574
547 0.000587596 -0.00017568
548 2.43042e-05 0.000401886
549 -0.000530161 0.000803179
550 -0.000857719 0.000875462
551 -0.000835944 0.000599592
552 -0.000484159 9.46584e-05
553 4.79494e-05 -0.000432168
554 0.000543309 -0.000770008
555 0.000805679 -0.000788782
556 0.000737353 -0.000489884
557 0.000375631 -2.91216e-06
558 -0.000125513 0.000469629
559 -0.000560086 0.000736352
560 -0.00075427 0.000694847
561 -0.000636015 0.000371409
562 -0.000262156 -9.30202e-05
563 0.000207398 -0.000503758
564 0.000577285 -0.000693865
565 0.000697872 -0.000592071
566 0.000526264 -0.000249466
567 0.000141935 0.000184954
568 -0.000289055 0.000528475
569 -0.000585515 0.000641157
570 -0.000627517 0.00048282
571 -0.000405293 0.000127393
572 -2.04525e-05 -0.000270534
573 0.00035993 -0.000542268
574 0.00057568 -0.000576388
575 0.000540975 -0.000364813
576 0.000278471 -4.27624e-06
577 -9.34033e-05 0.000347036
578 -0.000413296 0.000538644
579 -0.000546546 0.000492555
580 -0.000441755 0.000235509
581 -0.000150661 -0.000114989
582 0.000196359 -0.000404031
583 0.000448006 -0.000507877
584 0.000497788 -0.000387207
585 0.000329373 -0.000101932
586 2.20521e-05 0.000217953
587 -0.000285741 0.000431408
588 -0.000458499 0.000448462
589 -0.000423567 0.000268056
590 -0.000202211 -2.41824e-05
591 0.000101833 -0.000296059
592 0.000350638 -0.000428197
593 0.000434791 -0.000366253
594 0.000321843 -0.000143288
595 6.87853e-05 0.000136896
596 -0.000206218 0.000347439
597 -0.000378933 0.000395583
598 -0.000375201 0.000263736
599 -0.000202723 1.61338e-05
600 5.5074e-05 -0.000231696
601 0.000279043 -0.000366547
602 0.000369101 -0.000329482
603 0.000288744 -0.000142085
604 7.96853e-05 0.000105038
605 -0.000159133 0.00029579
606 -0.000317836 0.00034331
607 -0.000325878 0.000229897
608 -0.000183474 1.3513e-05
609 3.98213e-05 -0.000201527
610 0.000238423 -0.00031489
611 0.000320337 -0.000277182
612 0.000249955 -0.000111414
613 6.39765e-05 0.000100283
614 -0.000146987 0.000257212
615 -0.000282295 0.000287884
616 -0.000279502 0.000182406
617 -0.000143626 -5.03568e-06
618 5.65753e-05 -0.000183647
619 0.000223169 -0.000269656
620 0.000277125 -0.000225334
621 0.000196118 -7.54543e-05
622 2.37389e-05 0.00010592
623 -0.000153687 0.000231526
624 -0.000250394 0.000242604
625 -0.000222735 0.000136479
626 -8.87789e-05 -3.29867e-05
627 8.27626e-05 -0.000182157
628 0.000207683 -0.000238666
629 0.000227496 -0.000176722
630 0.000136605 -2.9316e-05
631 -1.70189e-05 0.000128783
632 -0.000156874 0.000218786
633 -0.000215715 0.000197397
634 -0.000167613 7.8067e-05
635 -3.92172e-05 -7.67532e-05
636 0.000104544 -0.000188191
637 0.000192859 -0.000201363
638 0.000183647 -0.000112721
639 8.36538e-05 2.95295e-05
640 -5.5576e-05 0.000151548
641 -0.000163789 0.000192345
642 -0.000187259 0.000134419
643 -0.000115643 1.1032e-05
644 1.30968e-05 -0.000112725
645 0.00013235 -0.000174309
646 0.000181192 -0.000145305
647 0.000135765 -4.42763e-05
648 2.13531e-05 7.47291e-05
649 -0.000101265 0.000150993
650 -0.000168053 0.000147925
651 -0.00014543 7.03347e-05
652 -4.75126e-05 -3.97482e-05
653 7.22275e-05 -0.000125611
654 0.000150158 -0.000144779
655 0.000146543 -8.97745e-05
656 6.60376e-05 9.24397e-06
657 -4.61076e-05 0.000100679
658 -0.000129481 0.000138027
659 -0.00014122 0.000103347
660 -7.81396e-05 1.59437e-05
661 2.32037e-05 -7.79659e-05
662 0.000107661 -0.000129342
663 0.000131565 -0.000111829
664 8.52692e-05 -3.54935e-05
665 -3.47302e-06 5.85271e-05
666 -8.60313e-05 0.00011988
667 -0.000119508 0.000115956
668 -8.88671e-05 4.95044e-05
669 -1.32822e-05 -4.27954e-05
670 6.56568e-05 -0.000110338
671 0.000106685 -0.000116396
672 9.0193e-05 -5.84026e-05
673 2.7289e-05 3.0714e-05
674 -4.73527e-05 0.000101047
675 -9.43794e-05 0.000113768
676 -9.02296e-05 6.28512e-05
677 -3.87356e-05 -2.18815e-05
678 3.17022e-05 -9.21014e-05
679 8.34946e-05 -0.00010866
680 8.9651e-05 -6.36633e-05
681 4.77503e-05 1.56944e-05
682 -1.9068e-05 8.346e-05
683 -7.45693e-05 0.000101649
684 -8.88403e-05 6.17196e-05
685 -5.44113e-05 -1.14716e-05
686 9.60631e-06 -7.50426e-05
687 6.78177e-05 -9.33004e-05
688 8.79387e-05 -5.78946e-05
689 5.87739e-05 8.55463e-06
690 -3.28507e-06 6.67903e-05
691 -6.31888e-05 8.41681e-05
692 -8.69114e-05 5.29951e-05
693 -6.09e-05 -6.37706e-06
694 -8.8705e-08 -5.86998e-05
695 6.04352e-05 -7.47734e-05
696 8.56163e-05 -4.77138e-05
697 6.0884e-05 4.50486e-06
698 8.3598e-07 5.08321e-05
699 -5.91827e-05 6.55853e-05
700 -8.3865e-05 4.26005e-05
701 -5.88676e-05 -2.65043e-06
702 6.32076e-07 -4.3304e-05
703 5.89947e-05 -5.70003e-05
704 8.1472e-05 -3.80485e-05
705 5.50449e-05 6.65949e-07
706 -3.85296e-06 3.62671e-05
707 -5.94253e-05 4.93253e-05
708 -7.82875e-05 3.42979e-05
709 -4.96559e-05 1.47821e-06
710 8.34895e-06 -2.98832e-05
711 6.00598e-05 -4.27682e-05
712 7.42161e-05 -3.14496e-05
713 4.29748e-05 -3.72323e-06
714 -1.36582e-05 2.42995e-05
715 -6.05416e-05 3.74365e-05
716 -6.92219e-05 2.94893e-05
717 -3.52934e-05 5.95479e-06
718 1.93586e-05 -1.96282e-05
719 6.05856e-05 -3.33432e-05
720 6.33244e-05 -2.8315e-05
721 2.69042e-05 -8.03484e-06
722 -2.50829e-05 1.59324e-05
723 -5.99816e-05 3.0419e-05
724 -5.65883e-05 2.7768e-05
725 -1.80859e-05 9.82906e-06
726 3.05273e-05 -1.3219e-05
727 5.85896e-05 -2.85292e-05
728 4.911e-05 -2.76607e-05
729 9.09174e-06 -1.12286e-05
730 -3.54516e-05 1.14378e-05
731 -5.63297e-05 2.74934e-05
732 -4.10049e-05 2.78038e-05
733 -1.43049e-07 1.21653e-05
734 3.96749e-05 -1.04862e-05
735 5.31698e-05 -2.71058e-05
736 3.23954e-05 -2.80269e-05
737 -8.5733e-06 -1.26204e-05
738 -4.30683e-05 1.02186e-05
739 -4.91135e-05 2.71548e-05
740 -2.34037e-05 2.8196e-05
741 1.69035e-05 1.26272e-05
742 4.55446e-05 -1.04579e-05
743 4.41891e-05 -2.74414e-05
744 1.41461e-05 -2.8225e-05
745 -2.47228e-05 -1.22697e-05
746 -4.70497e-05 1.10098e-05
747 -3.84419e-05 2.77942e-05
748 -4.73249e-06 2.80824e-05
749 3.193e-05 1.16761e-05
750 4.75545e-05 -1.16761e-05
751 3.193e-05 -2.80824e-05
752 -4.73249e-06 -2.77942e-05
753 -3.84419e-05 -1.10098e-05
754 -4.70497e-05 1.22697e-05
755 -2.47228e-05 2.8225e-05
756 1.41461e-05 2.74414e-05
757 4.41891e-05 1.04579e-05
758 4.55446e-05 -1.26272e-05
759 1.69035e-05 -2.8196e-05
760 -2.34037e-05 -2.71548e-05
761 -4.91135e-05 -1.02186e-05
762 -4.30683e-05 1.26204e-05
763 -8.5733e-06 2.80269e-05
764 3.23954e-05 2.71058e-05
765 5.31698e-05 1.04862e-05
766 3.96749e-05 -1.21653e-05
767 -1.43049e-07 -2.78038e-05
768 -4.10049e-05 -2.74934e-05
769 -5.63297e-05 -1.14378e-05
770 -3.54516e-05 1.12286e-05
771 9.09174e-06 2.76607e-05
772 4.911e-05 2.85292e-05
773 5.85896e-05 1.3219e-05
774 3.05273e-05 -9.82906e-06
775 -1.80859e-05 -2.7768e-05
776 -5.65883e-05 -3.0419e-05
777 -5.99816e-05 -1.59324e-05
778 -2.50829e-05 8.03484e-06
779 2.69042e-05 2.8315e-05
780 6.33244e-05 3.33432e-05
781 6.05856e-05 1.96282e-05
782 1.93586e-05 -5.95479e-06
783 -3.52934e-05 -2.94893e-05
784 -6.92219e-05 -3.74365e-05
785 -6.05416e-05 -2.42995e-05
786 -1.36582e-05 3.72323e-06
787 4.29748e-05 3.14496e-05
788 7.42161e-05 4.27682e-05
789 6.00598e-05 2.98832e-05
790 8.34895e-06 -1.47821e-06
791 -4.96559e-05 -3.42979e-05
792 -7.82875e-05 -4.93253e-05
793 -5.94253e-05 -3.62671e-05
794 -3.85296e-06 -6.65949e-07
795 5.50449e-05 3.80485e-05
796 8.1472e-05 5.70003e-05
797 5.89947e-05 4.3304e-05
798 6.32076e-07 2.65043e-06
799 -5.88676e-05 -4.26005e-05
800 -8.3865e-05 -6.55853e-05
801 -5.91827e-05 -5.08321e-05
802 8.3598e-07 -4.50486e-06
803 6.0884e-05 4.77138e-05
804 8.56163e-05 7.47734e-05
805 6.04352e-05 5.86998e-05
806 -8.8705e-08 6.37706e-06
807 -6.09e-05 -5.29951e-05
808 -8.69114e-05 -8.41681e-05
809 -6.31888e-05 -6.67903e-05
810 -3.28507e-06 -8.55463e-06
811 5.87739e-05 5.78946e-05
812 8.79387e-05 9.33004e-05
813 6.78177e-05 7.50426e-05
814 9.60631e-06 1.14716e-05
815 -5.44113e-05 -6.17196e-05
816 -8.88403e-05 -0.000101649
817 -7.45693e-05 -8.346e-05
818 -1.9068e-05 -1.56944e-05
819 4.77503e-05 6.36633e-05
820 8.9651e-05 0.00010866
821 8.34946e-05 9.21014e-05
822 3.17022e-05 2.18815e-05
823 -3.87356e-05 -6.28512e-05
824 -9.02296e-05 -0.000113768
825 -9.43794e-05 -0.000101047
826 -4.73527e-05 -3.0714e-05
827 2.7289e-05 5.84026e-05
828 9.0193e-05 0.000116396
829 0.000106685 0.000110338
830 6.56568e-05 4.27954e-05
831 -1.32822e-05 -4.95044e-05
832 -8.88671e-05 -0.000115956
833 -0.000119508 -0.00011988
834 -8.60313e-05 -5.85271e-05
835 -3.47302e-06 3.54935e-05
836 8.52692e-05 0.000111829
837 0.000131565 0.000129342
838 0.000107661 7.79659e-05
839 2.32037e-05 -1.59437e-05
840 -7.81396e-05 -0.000103347
841 -0.00014122 -0.000138027
842 -0.000129481 -0.000100679
843 -4.61076e-05 -9.24397e-06
844 6.60376e-05 8.97745e-05
845 0.000146543 0.000144779
846 0.000150158 0.000125611
847 7.22275e-05 3.97482e-05
848 -4.75126e-05 -7.03347e-05
849 -0.00014543 -0.000147925
850 -0.000168053 -0.000150993
851 -0.000101265 -7.47291e-05
852 2.13531e-05 4.42763e-05
853 0.000135765 0.000145305
854 0.000181192 0.000174309
855 0.00013235 0.000112725
856 1.30968e-05 -1.1032e-05
857 -0.000115643 -0.000134419
858 -0.000187259 -0.000192345
859 -0.000163789 -0.000151548
860 -5.5576e-05 -2.95295e-05
861 8.36538e-05 0.000112721
862 0.000183647 0.000201363
863 0.000192859 0.000188191
864 0.000104544 7.67532e-05
865 -3.92172e-05 -7.8067e-05
866 -0.000167613 -0.000197397
867 -0.000215715 -0.000218786
868 -0.000156874 -0.000128783
869 -1.70189e-05 2.9316e-05
870 0.000136605 0.000176722
871 0.000227496 0.000238666
872 0.000207683 0.000182157
873 8.27626e-05 3.29867e-05
874 -8.87789e-05 -0.000136479
875 -0.000222735 -0.000242604
876 -0.000250394 -0.000231526
877 -0.000153687 -0.00010592
878 2.37389e-05 7.54543e-05
879 0.000196118 0.000225334
880 0.000277125 0.000269656
881 0.000223169 0.000183647
882 5.65753e-05 5.03568e-06
883 -0.000143626 -0.000182406
884 -0.000279502 -0.000287884
885 -0.000282295 -0.000257212
886 -0.000146987 -0.000100283
887 6.39765e-05 0.000111414
888 0.000249955 0.000277182
889 0.000320337 0.00031489
890 0.000238423 0.000201527
891 3.98213e-05 -1.3513e-05
892 -0.000183474 -0.000229897
893 -0.000325878 -0.00034331
894 -0.000317836 -0.00029579
895 -0.000159133 -0.000105038
896 7.96853e-05 0.000142085
897 0.000288744 0.000329482
898 0.000369101 0.000366547
899 0.000279043 0.000231696
900 5.5074e-05 -1.61338e-05
901 -0.000202723 -0.000263736
902 -0.000375201 -0.000395583
903 -0.000378933 -0.000347439
904 -0.000206218 -0.000136896
905 6.87853e-05 0.000143288
906 0.000321843 0.000366253
907 0.000434791 0.000428197
908 0.000350638 0.000296059
909 0.000101833 2.41824e-05
910 -0.000202211 -0.000268056
911 -0.000423567 -0.000448462
912 -0.000458499 -0.000431408
913 -0.000285741 -0.000217953
914 2.20521e-05 0.000101932
915 0.000329373 0.000387207
916 0.000497788 0.000507877
917 0.000448006 0.000404031
918 0.000196359 0.000114989
919 -0.000150661 -0.000235509
920 -0.000441755 -0.000492555
921 -0.000546546 -0.000538644
922 -0.000413296 -0.000347036
923 -9.34033e-05 4.27624e-06
924 0.000278471 0.000364813
925 0.000540975 0.000576388
926 0.00057568 0.000542268
927 0.00035993 0.000270534
928 -2.04525e-05 -0.000127393
929 -0.000405293 -0.00048282
930 -0.000627517 -0.000641157
931 -0.000585515 -0.000528475
932 -0.000289055 -0.000184954
933 0.000141935 0.000249466
934 0.000526264 0.000592071
935 0.000697872 0.000693865
936 0.000577285 0.000503758
937 0.000207398 9.30202e-05
938 -0.000262156 -0.000371409
939 -0.000636015 -0.000694847
940 -0.00075427 -0.000736352
941 -0.000560086 -0.000469629
942 -0.000125513 2.91216e-06
943 0.000375631 0.000489884
944 0.000737353 0.000788782
945 0.000805679 0.000770008
946 0.000543309 0.000432168
947 4.79494e-05 -9.46584e-05
948 -0.000484159 -0.000599592
949 -0.000835944 -0.000875462
950 -0.000857719 -0.000803179
951 -0.000530161 -0.000401886
952 2.43042e-05 0.00017568
953 0.000587596 0.000701574
954 0.000932014 0.000962358
955 0.000912074 0.000845001
956 0.000525018 0.000384705
957 -8.48808e-05 -0.000245242
958 -0.000680759 -0.000798876
959 -0.00102537 -0.00105354
960 -0.000974985 -0.000898925
961 -0.000537975 -0.000383652
962 0.000125168 0.000300019
963 0.00076123 0.00088847
964 0.00112082 0.00114849
965 0.0010554 0.000969033
966 0.000577302 0.000407062
967 -0.000140927 -0.000330956
968 -0.0008291 -0.000965451
969 -0.00122098 -0.00124948
970 -0.00115675 -0.00106387
971 -0.000647068 -0.000465446
972 0.000126861 0.000330427
973 0.000878271 0.00102764
974 0.00132139 0.00135923
975 0.00127961 0.00118878
976 0.000754488 0.000564975
977 -7.10647e-05 -0.000291971
978 -0.00089723 -0.00106855
979 -0.00141633 -0.00147271
980 -0.00142665 -0.00134309
981 -0.000909215 -0.000711834
982 -3.8967e-05 0.000202935
983 0.000874916 0.00107329
984 0.00149889 0.00157924
985 0.00159614 0.00152556
986 0.00111517 0.000915305
987 0.000213028 -4.69546e-05
988 -0.000796555 -0.00102441
989 -0.00155266 -0.0016659
990 -0.00177599 -0.0017313
991 -0.00137079 -0.00117977
992 -0.000463109 -0.000189104
993 0.000639227 0.000902157
994 0.00155171 0.00171075
995 0.00194699 0.00194291
996 0.00167099 0.00149981
997 0.000800458 0.000516624
998 -0.000378629 -0.000679526
999 -0.00146562 -0.00167915
