0 0.0517637 0.0548193
1 0.0562454 0.0580013
2 0.0562585 0.056153
3 0.0516796 0.0495085
4 0.0427166 0.0387253
5 0.0299407 0.0247712
6 0.014287 0.00879783
7 -0.00299439 -0.00797098
8 -0.0204414 -0.0243174
9 -0.0365284 -0.0390774
10 -0.0498354 -0.0511742
11 -0.0592077 -0.0596581
12 -0.0638762 -0.0637693
13 -0.0635169 -0.0630221
14 -0.0582455 -0.0572936
15 -0.0485572 -0.0468868
16 -0.035236 -0.0325416
17 -0.0192587 -0.0153797
18 -0.00171643 0.00321392
19 0.0162382 0.0217465
20 0.033425 0.0387799
21 0.0486692 0.0530651
22 0.0608518 0.0636312
23 0.0689898 0.0698211
24 0.0723393 0.0712886
25 0.0705025 0.0679724
26 0.0635042 0.0600695
27 0.0518146 0.0480182
28 0.0363027 0.0324932
29 0.0181314 0.0144018
30 -0.00138191 -0.00513478
31 -0.0209019 -0.0248294
32 -0.0391831 -0.0433151
33 -0.0551341 -0.0592624
34 -0.0678419 -0.0715114
35 -0.0765762 -0.0791909
36 -0.0807936 -0.0817996
37 -0.0801576 -0.0792316
38 -0.0745756 -0.071744
39 -0.0642418 -0.0598853
40 -0.0496684 -0.0444071
41 -0.0316836 -0.0261897
42 -0.0113869 -0.00619668
43 0.00993835 0.0145421
44 0.030942 0.0349356
45 0.0503303 0.0538489
46 0.0669726 0.0701517
47 0.0799718 0.0828023
48 0.0886919 0.090952
49 0.0927486 0.0940436
50 0.0919798 0.0918736
51 0.0864163 0.0846026
52 0.0762692 0.0727112
53 0.0619389 0.0569197
54 0.0440359 0.0380981
55 0.0233947 0.0171914
56 0.00105787 -0.00482764
57 -0.0217804 -0.026976
58 -0.0438701 -0.0482651
59 -0.0640208 -0.0677094
60 -0.081207 -0.084354
61 -0.0946378 -0.097327
62 -0.103776 -0.105909
63 -0.108317 -0.109606
64 -0.108137 -0.1082
65 -0.10326 -0.101767
66 -0.0938346 -0.0906641
67 -0.0801543 -0.0754689
68 -0.0626859 -0.0569121
69 -0.042095 -0.0358054
70 -0.0192422 -0.0129892
71 0.00486102 0.0106918
72 0.0291301 0.0343896
73 0.0524999 0.0572437
74 0.0740076 0.0783793
75 0.0928467 0.0969317
76 0.108383 0.112098
77 0.12014 0.123209
78 0.127772 0.129795
79 0.131038 0.131634
80 0.129796 0.128746
81 0.124018 0.121356
82 0.113819 0.109828
83 0.0994828 0.0945995
84 0.0814768 0.0761441
85 0.0604345 0.0549659
86 0.0371146 0.0316249
87 0.0123387 0.00676791
88 -0.0130747 -0.0188588
89 -0.0383627 -0.0444309
90 -0.0628454 -0.0691029
91 -0.0859241 -0.0920815
92 -0.107059 -0.112693
93 -0.125743 -0.13042
94 -0.141486 -0.1449
95 -0.153835 -0.155892
96 -0.162405 -0.163231
97 -0.166933 -0.166793
98 -0.16732 -0.166488
99 -0.163638 -0.162278
100 -0.15611 -0.15421
101 -0.145053 -0.142455
102 -0.130819 -0.127308
103 -0.113745 -0.109183
104 -0.0941464 -0.0885645
105 -0.0723339 -0.065962
106 -0.0486557 -0.0418643
107 -0.0235314 -0.0167144
108 0.00254108 0.00909283
109 0.0290147 0.0351931
110 0.0553483 0.061228
111 0.0810665 0.0868258
112 0.105799 0.111598
113 0.129286 0.135157
114 0.151345 0.157148
115 0.171825 0.177282
116 0.190569 0.195366
117 0.207393 0.211304
118 0.222106 0.225081
119 0.234551 0.236726
120 0.244644 0.246272
121 0.252399 0.253735
122 0.25792 0.259107
123 0.26137 0.262386
124 0.262927 0.263602
125 0.262748 0.262859
126 0.260949 0.260334
127 0.257617 0.256266
128 0.252836 0.250909
129 0.246716 0.244484
130 0.23941 0.237152
131 0.231119 0.229006
132 0.222064 0.220107
133 0.212463 0.210524
134 0.202501 0.200375
135 0.192308 0.189837
136 0.181969 0.179125
137 0.171535 0.168446
138 0.161054 0.157954
139 0.150592 0.147721
140 0.140242 0.137749
141 0.130122 0.128003
142 0.120351 0.118462
143 0.111027 0.109159
144 0.1022 0.100179
145 0.0938681 0.091642
146 0.0859913 0.0836516
147 0.0785156 0.0762563
148 0.0714058 0.0694324
149 0.0646657 0.0631007
150 0.0583389 0.0571655
151 0.0524882 0.0515601
152 0.047163 0.0462726
153 0.0423694 0.0413444
154 0.0380592 0.0368397
155 0.034143 0.032806
156 0.0305232 0.0292423
157 0.0271319 0.0260924
158 0.0239545 0.0232644
159 0.0210285 0.0206662
160 0.0184153 0.0182393
161 0.0161603 0.0159741
162 0.0142593 0.0139024
163 0.0126499 0.0120704
164 0.0112312 0.0105068
165 0.00990438 0.00920261
166 0.00861363 0.00810916
167 0.0073661 0.00715612
168 0.00622122 0.00627824
169 0.00525394 0.00543843
170 0.00451021 0.0046367
171 0.00397742 0.00390205
172 0.00358482 0.00327234
173 0.00323387 0.00277228
174 0.00284319 0.00239933
175 0.0023853 0.00212309
176 0.00189635 0.00189723
177 0.00145401 0.00167769
178 0.0011347 0.00143895
179 0.000972116 0.00118158
180 0.000937891 0.000928615
181 0.000954373 0.000712941
182 0.000932554 0.000561286
183 0.000815655 0.000481561
184 0.000605998 0.000458568
185 0.000361571 0.000459689
186 0.000164415 0.000448087
187 7.73936e-05 0.000397901
188 0.000111643 0.000304998
189 0.000221174 0.000188505
190 0.000326838 8.21564e-05
191 0.00035679 1.8868e-05
192 0.000282372 1.51697e-05
193 0.000131185 6.25671e-05
194 -2.87866e-05 0.000130187
195 -0.000125191 0.000178112
196 -0.000118554 0.000175723
197 -2.17152e-05 0.000116608
198 0.000108006 2.25829e-05
199 0.000199172 -6.57963e-05
200 0.000202967 -0.000108428
201 0.00011732 -8.56262e-05
202 -1.3598e-05 -8.912e-06
203 -0.00012353 8.33075e-05
204 -0.000158836 0.000143822
205 -0.000105592 0.000139985
206 4.59315e-06 7.071e-05
207 0.000112333 -3.18703e-05
208 0.000161862 -0.000117598
209 0.00012946 -0.000143236
210 3.43957e-05 -9.47418e-05
211 -7.25929e-05 4.65039e-06
212 -0.000136552 0.000105198
213 -0.000126696 0.000155348
214 -5.1306e-05 0.00012812
215 4.80293e-05 3.56069e-05
216 0.000119091 -7.62447e-05
217 0.000126332 -0.000150481
218 6.85555e-05 -0.000148288
219 -2.18042e-05 -6.94821e-05
220 -9.67557e-05 4.65489e-05
221 -0.000118201 0.00014045
222 -7.72984e-05 0.000163314
223 2.08742e-06 0.00010226
224 7.70622e-05 -1.22651e-05
225 0.000108761 -0.000121651
226 8.24344e-05 -0.000169187
227 1.42077e-05 -0.00012957
228 -5.85334e-05 -2.24481e-05
229 -9.75013e-05 9.72755e-05
230 -8.35889e-05 0.000167598
231 -2.61827e-05 0.000151582
232 4.27944e-05 5.68148e-05
233 8.64706e-05 -6.81073e-05
234 8.26309e-05 -0.000158487
235 3.49717e-05 -0.000167076
236 -2.96738e-05 -8.88518e-05
237 -7.62713e-05 3.60145e-05
238 -8.04539e-05 0.000142769
239 -4.12186e-05 0.000175704
240 1.91427e-05 0.000117313
241 6.75479e-05 -2.35005e-06
242 7.81235e-05 -0.000121142
243 4.59656e-05 -0.000177163
244 -1.06239e-05 -0.000141077
245 -6.04238e-05 -3.15087e-05
246 -7.63757e-05 9.45911e-05
247 -5.01836e-05 0.000171592
248 3.39635e-06 0.000159381
249 5.47775e-05 6.42717e-05
250 7.57348e-05 -6.42717e-05
251 5.47775e-05 -0.000159381
252 3.39635e-06 -0.000171592
253 -5.01836e-05 -9.45911e-05
254 -7.63757e-05 3.15087e-05
255 -6.04238e-05 0.000141077
256 -1.06239e-05 0.000177163
257 4.59656e-05 0.000121142
258 7.81235e-05 2.35005e-06
259 6.75479e-05 -0.000117313
260 1.91427e-05 -0.000175704
261 -4.12186e-05 -0.000142769
262 -8.04539e-05 -3.60145e-05
263 -7.62713e-05 8.88518e-05
264 -2.96738e-05 0.000167076
265 3.49717e-05 0.000158487
266 8.26309e-05 6.81073e-05
267 8.64706e-05 -5.68148e-05
268 4.27944e-05 -0.000151582
269 -2.61827e-05 -0.000167598
270 -8.35889e-05 -9.72755e-05
271 -9.75013e-05 2.24481e-05
272 -5.85334e-05 0.00012957
273 1.42077e-05 0.000169187
274 8.24344e-05 0.000121651
275 0.000108761 1.22651e-05
276 7.70622e-05 -0.00010226
277 2.08742e-06 -0.000163314
278 -7.72984e-05 -0.00014045
279 -0.000118201 -4.65489e-05
280 -9.67557e-05 6.94821e-05
281 -2.18042e-05 0.000148288
282 6.85555e-05 0.000150481
283 0.000126332 7.62447e-05
284 0.000119091 -3.56069e-05
285 4.80293e-05 -0.00012812
286 -5.1306e-05 -0.000155348
287 -0.000126696 -0.000105198
288 -0.000136552 -4.65039e-06
289 -7.25929e-05 9.47418e-05
290 3.43957e-05 0.000143236
291 0.00012946 0.000117598
292 0.000161862 3.18703e-05
293 0.000112333 -7.071e-05
294 4.59315e-06 -0.000139985
295 -0.000105592 -0.000143822
296 -0.000158836 -8.33075e-05
297 -0.00012353 8.912e-06
298 -1.3598e-05 8.56262e-05
299 0.00011732 0.000108428
300 0.000202967 6.57963e-05
301 0.000199172 -2.25829e-05
302 0.000108006 -0.000116608
303 -2.17152e-05 -0.000175723
304 -0.000118554 -0.000178112
305 -0.000125191 -0.000130187
306 -2.87866e-05 -6.25671e-05
307 0.000131185 -1.51697e-05
308 0.000282372 -1.8868e-05
309 0.00035679 -8.21564e-05
310 0.000326838 -0.000188505
311 0.000221174 -0.000304998
312 0.000111643 -0.000397901
313 7.73936e-05 -0.000448087
314 0.000164415 -0.000459689
315 0.000361571 -0.000458568
316 0.000605998 -0.000481561
317 0.000815655 -0.000561286
318 0.000932554 -0.000712941
319 0.000954373 -0.000928615
320 0.000937891 -0.00118158
321 0.000972116 -0.00143895
322 0.0011347 -0.00167769
323 0.00145401 -0.00189723
324 0.00189635 -0.00212309
325 0.0023853 -0.00239933
326 0.00284319 -0.00277228
327 0.00323387 -0.00327234
328 0.00358482 -0.00390205
329 0.00397742 -0.0046367
330 0.00451021 -0.00543843
331 0.00525394 -0.00627824
332 0.00622122 -0.00715612
333 0.0073661 -0.00810916
334 0.00861363 -0.00920261
335 0.00990438 -0.0105068
336 0.0112312 -0.0120704
337 0.0126499 -0.0139024
338 0.0142593 -0.0159741
339 0.0161603 -0.0182393
340 0.0184153 -0.0206662
341 0.0210285 -0.0232644
342 0.0239545 -0.0260924
343 0.0271319 -0.0292423
344 0.0305232 -0.032806
345 0.034143 -0.0368397
346 0.0380592 -0.0413444
347 0.0423694 -0.0462726
348 0.047163 -0.0515601
349 0.0524882 -0.0571655
350 0.0583389 -0.0631007
351 0.0646657 -0.0694324
352 0.0714058 -0.0762563
353 0.0785156 -0.0836516
354 0.0859913 -0.091642
355 0.0938681 -0.100179
356 0.1022 -0.109159
357 0.111027 -0.118462
358 0.120351 -0.128003
359 0.130122 -0.137749
360 0.140242 -0.147721
361 0.150592 -0.157954
362 0.161054 -0.168446
363 0.171535 -0.179125
364 0.181969 -0.189837
365 0.192308 -0.200375
366 0.202501 -0.210524
367 0.212463 -0.220107
368 0.222064 -0.229006
369 0.231119 -0.237152
370 0.23941 -0.244484
371 0.246716 -0.250909
372 0.252836 -0.256266
373 0.257617 -0.260334
374 0.260949 -0.262859
375 0.262748 -0.263602
376 0.262927 -0.262386
377 0.26137 -0.259107
378 0.25792 -0.253735
379 0.252399 -0.246272
380 0.244644 -0.236726
381 0.234551 -0.225081
382 0.222106 -0.211304
383 0.207393 -0.195366
384 0.190569 -0.177282
385 0.171825 -0.157148
386 0.151345 -0.135157
387 0.129286 -0.111598
388 0.105799 -0.0868258
389 0.0810665 -0.061228
390 0.0553483 -0.0351931
391 0.0290147 -0.00909283
392 0.00254108 0.0167144
393 -0.0235314 0.0418643
394 -0.0486557 0.065962
395 -0.0723339 0.0885645
396 -0.0941464 0.109183
397 -0.113745 0.127308
398 -0.130819 0.142455
399 -0.145053 0.15421
400 -0.15611 0.162278
401 -0.163638 0.166488
402 -0.16732 0.166793
403 -0.166933 0.163231
404 -0.162405 0.155892
405 -0.153835 0.1449
406 -0.141486 0.13042
407 -0.125743 0.112693
408 -0.107059 0.0920815
409 -0.0859241 0.0691029
410 -0.0628454 0.0444309
411 -0.0383627 0.0188588
412 -0.0130747 -0.00676791
413 0.0123387 -0.0316249
414 0.0371146 -0.0549659
415 0.0604345 -0.0761441
416 0.0814768 -0.0945995
417 0.0994828 -0.109828
418 0.113819 -0.121356
419 0.124018 -0.128746
420 0.129796 -0.131634
421 0.131038 -0.129795
422 0.127772 -0.123209
423 0.12014 -0.112098
424 0.108383 -0.0969317
425 0.0928467 -0.0783793
426 0.0740076 -0.0572437
427 0.0524999 -0.0343896
428 0.0291301 -0.0106918
429 0.00486102 0.0129892
430 -0.0192422 0.0358054
431 -0.042095 0.0569121
432 -0.0626859 0.0754689
433 -0.0801543 0.0906641
434 -0.0938346 0.101767
435 -0.10326 0.1082
436 -0.108137 0.109606
437 -0.108317 0.105909
438 -0.103776 0.097327
439 -0.0946378 0.084354
440 -0.081207 0.0677094
441 -0.0640208 0.0482651
442 -0.0438701 0.026976
443 -0.0217804 0.00482764
444 0.00105787 -0.0171914
445 0.0233947 -0.0380981
446 0.0440359 -0.0569197
447 0.0619389 -0.0727112
448 0.0762692 -0.0846026
449 0.0864163 -0.0918736
450 0.0919798 -0.0940436
451 0.0927486 -0.090952
452 0.0886919 -0.0828023
453 0.0799718 -0.0701517
454 0.0669726 -0.0538489
455 0.0503303 -0.0349356
456 0.030942 -0.0145421
457 0.00993835 0.00619668
458 -0.0113869 0.0261897
459 -0.0316836 0.0444071
460 -0.0496684 0.0598853
461 -0.0642418 0.071744
462 -0.0745756 0.0792316
463 -0.0801576 0.0817996
464 -0.0807936 0.0791909
465 -0.0765762 0.0715114
466 -0.0678419 0.0592624
467 -0.0551341 0.0433151
468 -0.0391831 0.0248294
469 -0.0209019 0.00513478
470 -0.00138191 -0.0144018
471 0.0181314 -0.0324932
472 0.0363027 -0.0480182
473 0.0518146 -0.0600695
474 0.0635042 -0.0679724
475 0.0705025 -0.0712886
476 0.0723393 -0.0698211
477 0.0689898 -0.0636312
478 0.0608518 -0.0530651
479 0.0486692 -0.0387799
480 0.033425 -0.0217465
481 0.0162382 -0.00321392
482 -0.00171643 0.0153797
483 -0.0192587 0.0325416
484 -0.035236 0.0468868
485 -0.0485572 0.0572936
486 -0.0582455 0.0630221
487 -0.0635169 0.0637693
488 -0.0638762 0.0596581
489 -0.0592077 0.0511742
490 -0.0498354 0.0390774
491 -0.0365284 0.0243174
492 -0.0204414 0.00797098
493 -0.00299439 -0.00879783
494 0.014287 -0.0247712
495 0.0299407 -0.0387253
496 0.0427166 -0.0495085
497 0.0516796 -0.056153
498 0.0562585 -0.0580013
499 0.0562454 -0.0548193
500 0.0517637 -0.0468637
501 0.0432267 -0.034881
502 0.0313033 -0.0200314
503 0.0168954 -0.00374986
504 0.00111734 0.0124286
505 -0.0147433 0.0270454
506 -0.029302 0.0388661
507 -0.0412001 0.046979
508 -0.0492626 0.0508391
509 -0.0526628 0.0502657
510 -0.051055 0.0454135
511 -0.0446392 0.0367357
512 -0.0341395 0.0249522
513 -0.0207003 0.0110239
514 -0.00572471 -0.00387927
515 0.00930788 -0.0184339
516 0.0230071 -0.0312587
517 0.0341965 -0.0410524
518 0.0419877 -0.0467596
519 0.0458128 -0.0477318
520 0.0454285 -0.0438464
521 0.0409112 -0.0355483
522 0.0326513 -0.0237983
523 0.0213482 -0.00993688
524 0.00799353 0.0045078
525 -0.00617315 0.0180242
526 -0.0197509 0.0292949
527 -0.0313117 0.0373187
528 -0.0395715 0.0414707
529 -0.0435728 0.0415097
530 -0.0428399 0.037552
531 -0.0374707 0.0300337
532 -0.0281371 0.0196711
533 -0.0159893 0.00742227
534 -0.00248321 -0.00555973
535 0.0108333 -0.0179961
536 0.0225277 -0.0285838
537 0.0314464 -0.0361314
538 0.0368106 -0.0397154
539 0.0382464 -0.0388326
540 0.0357641 -0.033512
541 0.0297121 -0.0243534
542 0.0207274 -0.012473
543 0.00968899 0.000646284
544 -0.00232768 0.0133722
545 -0.0141121 0.0241666
546 -0.0244075 0.0318039
547 -0.0320347 0.0355224
548 -0.0360399 0.0350859
549 -0.0358466 0.0307569
550 -0.0313767 0.0232051
551 -0.0231095 0.0133832
552 -0.0120539 0.00239981
553 0.000373617 -0.00858876
554 0.012551 -0.0184655
555 0.022897 -0.0262249
556 0.0301139 -0.0310424
557 0.0333779 -0.0323498
558 0.0324384 -0.0299135
559 0.0276142 -0.0239033
560 0.0196965 -0.014927
561 0.00979123 -0.00401015
562 -0.000856469 0.0074976
563 -0.0110213 0.0180873
564 -0.0196176 0.0263086
565 -0.0257773 0.0310037
566 -0.0288963 0.0315088
567 -0.0286648 0.0277788
568 -0.025092 0.0204024
569 -0.0185259 0.0105013
570 -0.00965654 -0.000466329
571 0.000513584 -0.0109539
572 0.0107489 -0.0195738
573 0.0197146 -0.0252924
574 0.0261574 -0.0275434
575 0.0291056 -0.0262503
576 0.028051 -0.0217741
577 0.0230702 -0.0148134
578 0.0148492 -0.00628731
579 0.00459628 0.00277581
580 -0.00614929 0.0113351
581 -0.0157772 0.0184195
582 -0.0228819 0.0232039
583 -0.0264964 0.0250852
584 -0.0262359 0.0237588
585 -0.0223265 0.0192865
586 -0.0155219 0.0121381
587 -0.00693729 0.0031841
588 0.00215612 -0.00637789
589 0.01053 -0.0151707
590 0.0171568 -0.0218447
591 0.0213097 -0.0253127
592 0.0226045 -0.0249627
593 0.0209988 -0.0207976
594 0.016763 -0.0134635
595 0.0104393 -0.00414958
596 0.0027925 0.00562168
597 -0.00524849 0.0142718
598 -0.0126674 0.0204511
599 -0.018462 0.0232702
600 -0.0217692 0.0224347
601 -0.0220046 0.0182593
602 -0.0189892 0.0115711
603 -0.0130338 0.00352882
604 -0.00494735 -0.00459553
605 0.00405107 -0.0116275
606 0.012515 -0.0166551
607 0.0190216 -0.0191254
608 0.0224408 -0.0188706
609 0.0221633 -0.0160766
610 0.0182322 -0.011216
611 0.0113456 -0.00496845
612 0.0027263 0.00185692
613 -0.00611316 0.00839464
614 -0.0136598 0.013796
615 -0.0186811 0.0173115
616 -0.0204407 0.0183847
617 -0.018807 0.0167507
618 -0.0142393 0.0125178
619 -0.00766216 0.00620654
620 -0.000263609 -0.00127961
621 0.00673562 -0.0087645
622 0.0122902 -0.0149826
623 0.0156782 -0.0188073
624 0.0165694 -0.0194784
625 0.0150181 -0.0167769
626 0.0113999 -0.0111037
627 0.0063196 -0.0034331
628 0.000514541 0.00485432
629 -0.00523218 0.0122339
630 -0.0101667 0.0173384
631 -0.0136316 0.0192354
632 -0.0151323 0.0176166
633 -0.014402 0.012857
634 -0.0114599 0.00592845
635 -0.00664598 -0.00181061
636 -0.000615528 -0.00890031
637 0.00572133 -0.0140733
638 0.0113205 -0.0164929
639 0.0151739 -0.0158867
640 0.0165028 -0.0125575
641 0.014934 -0.00727804
642 0.0106155 -0.0011052
643 0.0042353 0.00484061
644 -0.00307469 0.0095825
645 -0.00994096 0.0124415
646 -0.0150197 0.0131158
647 -0.0172801 0.0116812
648 -0.0162338 0.00852747
649 -0.0120553 0.00425399
650 -0.00556042 -0.000444301
651 0.00195577 -0.00487954
652 0.0089888 -0.0084488
653 0.0141415 -0.010687
654 0.0164178 -0.011302
655 0.015427 -0.0102003
656 0.0114556 -0.00750606
657 0.00539065 -0.00356713
658 -0.00148349 0.00106179
659 -0.00776825 0.00567152
660 -0.0122475 0.00949029
661 -0.0141319 0.0118083
662 -0.0131995 0.0121157
663 -0.00980615 0.0102254
664 -0.00477243 0.00634957
665 0.000819232 0.00110442
666 0.00586485 -0.00457165
667 0.00946095 -0.00958019
668 0.0110624 -0.01288
669 0.0105499 -0.0137159
670 0.00820518 -0.0118052
671 0.00461066 -0.00743347
672 0.000506022 -0.00142698
673 -0.00336401 0.00500059
674 -0.00637906 0.0104997
675 -0.00812901 0.0138796
676 -0.00844865 0.0143787
677 -0.0074057 0.0118462
678 -0.00525595 0.00679061
679 -0.00238254 0.000280373
680 0.000765643 -0.00628481
681 0.00372826 -0.0114815
682 0.00607951 -0.0141805
683 0.00746969 -0.0138025
684 0.00766617 -0.0104507
685 0.00659309 -0.00488753
686 0.00436226 0.00163906
687 0.00128324 0.00768124
688 -0.00215945 0.0119205
689 -0.00536838 0.013463
690 -0.00773066 0.0120339
691 -0.0087362 0.00802537
692 -0.00809348 0.0023931
693 -0.00581563 -0.00357309
694 -0.00225222 -0.00854784
695 0.00194904 -0.0114686
696 0.00595228 -0.0117661
697 0.00889923 -0.00947582
698 0.0100987 -0.00520914
699 0.00919621 5.8974e-06
700 0.0062811 0.00497298
701 0.00189689 0.00860463
702 -0.00305429 0.0101629
703 -0.00749853 0.00940917
704 -0.0104281 0.00663316
705 -0.0111358 0.00255991
706 -0.00939088 -0.00183667
707 -0.0055105 -0.00556622
708 -0.000308402 -0.00784481
709 0.00507426 -0.00825842
710 0.00942052 -0.0068335
711 0.0117166 -0.00400422
712 0.011394 -0.000489664
713 0.00847507 0.00288581
714 0.00358387 0.00538489
715 -0.00218554 0.00651738
716 -0.00751589 0.00613337
717 -0.0111718 0.00443254
718 -0.0122904 0.00189326
719 -0.0105888 -0.000856193
720 -0.00643614 -0.00319042
721 -0.000775085 -0.00462699
722 0.00509265 -0.0049231
723 0.00980607 -0.00411041
724 0.012262 -0.00246541
725 0.0118759 -0.000427011
726 0.00872384 0.00151575
727 0.003531 0.00293823
728 -0.00249384 0.00357068
729 -0.00794048 0.00334605
730 -0.0115298 0.00239745
731 -0.0124169 0.00100994
732 -0.0103919 -0.000458307
733 -0.00593033 -0.00166481
734 -8.09641e-05 -0.00236006
735 0.00578097 -0.00243652
736 0.0102771 -0.00194056
737 0.0123495 -0.0010479
738 0.0115101 -1.10809e-05
739 0.00795621 0.00090657
740 0.00252636 0.00149436
741 -0.00349642 0.00164053
742 -0.00868701 0.00135169
743 -0.0118163 0.000742653
744 -0.0121439 6.51585e-07
745 -0.00959402 -0.00066605
746 -0.00477361 -0.00108196
747 0.00117313 -0.00114752
748 0.00683696 -0.000861584
749 0.0108775 -0.000318533
750 0.0123395 0.000318533
751 0.0108775 0.000861584
752 0.00683696 0.00114752
753 0.00117313 0.00108196
754 -0.00477361 0.00066605
755 -0.00959402 -6.51585e-07
756 -0.0121439 -0.000742653
757 -0.0118163 -0.00135169
758 -0.00868701 -0.00164053
759 -0.00349642 -0.00149436
760 0.00252636 -0.00090657
761 0.00795621 1.10809e-05
762 0.0115101 0.0010479
763 0.0123495 0.00194056
764 0.0102771 0.00243652
765 0.00578097 0.00236006
766 -8.09641e-05 0.00166481
767 -0.00593033 0.000458307
768 -0.0103919 -0.00100994
769 -0.0124169 -0.00239745
770 -0.0115298 -0.00334605
771 -0.00794048 -0.00357068
772 -0.00249384 -0.00293823
773 0.003531 -0.00151575
774 0.00872384 0.000427011
775 0.0118759 0.00246541
776 0.012262 0.00411041
777 0.00980607 0.0049231
778 0.00509265 0.00462699
779 -0.000775085 0.00319042
780 -0.00643614 0.000856193
781 -0.0105888 -0.00189326
782 -0.0122904 -0.00443254
783 -0.0111718 -0.00613337
784 -0.00751589 -0.00651738
785 -0.00218554 -0.00538489
786 0.00358387 -0.00288581
787 0.00847507 0.000489664
788 0.011394 0.00400422
789 0.0117166 0.0068335
790 0.00942052 0.00825842
791 0.00507426 0.00784481
792 -0.000308402 0.00556622
793 -0.0055105 0.00183667
794 -0.00939088 -0.00255991
795 -0.0111358 -0.00663316
796 -0.0104281 -0.00940917
797 -0.00749853 -0.0101629
798 -0.00305429 -0.00860463
799 0.00189689 -0.00497298
800 0.0062811 -5.8974e-06
801 0.00919621 0.00520914
802 0.0100987 0.00947582
803 0.00889923 0.0117661
804 0.00595228 0.0114686
805 0.00194904 0.00854784
806 -0.00225222 0.00357309
807 -0.00581563 -0.0023931
808 -0.00809348 -0.00802537
809 -0.0087362 -0.0120339
810 -0.00773066 -0.013463
811 -0.00536838 -0.0119205
812 -0.00215945 -0.00768124
813 0.00128324 -0.00163906
814 0.00436226 0.00488753
815 0.00659309 0.0104507
816 0.00766617 0.0138025
817 0.00746969 0.0141805
818 0.00607951 0.0114815
819 0.00372826 0.00628481
820 0.000765643 -0.000280373
821 -0.00238254 -0.00679061
822 -0.00525595 -0.0118462
823 -0.0074057 -0.0143787
824 -0.00844865 -0.0138796
825 -0.00812901 -0.0104997
826 -0.00637906 -0.00500059
827 -0.00336401 0.00142698
828 0.000506022 0.00743347
829 0.00461066 0.0118052
830 0.00820518 0.0137159
831 0.0105499 0.01288
832 0.0110624 0.00958019
833 0.00946095 0.00457165
834 0.00586485 -0.00110442
835 0.000819232 -0.00634957
836 -0.00477243 -0.0102254
837 -0.00980615 -0.0121157
838 -0.0131995 -0.0118083
839 -0.0141319 -0.00949029
840 -0.0122475 -0.00567152
841 -0.00776825 -0.00106179
842 -0.00148349 0.00356713
843 0.00539065 0.00750606
844 0.0114556 0.0102003
845 0.015427 0.011302
846 0.0164178 0.010687
847 0.0141415 0.0084488
848 0.0089888 0.00487954
849 0.00195577 0.000444301
850 -0.00556042 -0.00425399
851 -0.0120553 -0.00852747
852 -0.0162338 -0.0116812
853 -0.0172801 -0.0131158
854 -0.0150197 -0.0124415
855 -0.00994096 -0.0095825
856 -0.00307469 -0.00484061
857 0.0042353 0.0011052
858 0.0106155 0.00727804
859 0.014934 0.0125575
860 0.0165028 0.0158867
861 0.0151739 0.0164929
862 0.0113205 0.0140733
863 0.00572133 0.00890031
864 -0.000615528 0.00181061
865 -0.00664598 -0.00592845
866 -0.0114599 -0.012857
867 -0.014402 -0.0176166
868 -0.0151323 -0.0192354
869 -0.0136316 -0.0173384
870 -0.0101667 -0.0122339
871 -0.00523218 -0.00485432
872 0.000514541 0.0034331
873 0.0063196 0.0111037
874 0.0113999 0.0167769
875 0.0150181 0.0194784
876 0.0165694 0.0188073
877 0.0156782 0.0149826
878 0.0122902 0.0087645
879 0.00673562 0.00127961
880 -0.000263609 -0.00620654
881 -0.00766216 -0.0125178
882 -0.0142393 -0.0167507
883 -0.018807 -0.0183847
884 -0.0204407 -0.0173115
885 -0.0186811 -0.013796
886 -0.0136598 -0.00839464
887 -0.00611316 -0.00185692
888 0.0027263 0.00496845
889 0.0113456 0.011216
890 0.0182322 0.0160766
891 0.0221633 0.0188706
892 0.0224408 0.0191254
893 0.0190216 0.0166551
894 0.012515 0.0116275
895 0.00405107 0.00459553
896 -0.00494735 -0.00352882
897 -0.0130338 -0.0115711
898 -0.0189892 -0.0182593
899 -0.0220046 -0.0224347
900 -0.0217692 -0.0232702
901 -0.018462 -0.0204511
902 -0.0126674 -0.0142718
903 -0.00524849 -0.00562168
904 0.0027925 0.00414958
905 0.0104393 0.0134635
906 0.016763 0.0207976
907 0.0209988 0.0249627
908 0.0226045 0.0253127
909 0.0213097 0.0218447
910 0.0171568 0.0151707
911 0.01053 0.00637789
912 0.00215612 -0.0031841
913 -0.00693729 -0.0121381
914 -0.0155219 -0.0192865
915 -0.0223265 -0.0237588
916 -0.0262359 -0.0250852
917 -0.0264964 -0.0232039
918 -0.0228819 -0.0184195
919 -0.0157772 -0.0113351
920 -0.00614929 -0.00277581
921 0.00459628 0.00628731
922 0.0148492 0.0148134
923 0.0230702 0.0217741
924 0.028051 0.0262503
925 0.0291056 0.0275434
926 0.0261574 0.0252924
927 0.0197146 0.0195738
928 0.0107489 0.0109539
929 0.000513584 0.000466329
930 -0.00965654 -0.0105013
931 -0.0185259 -0.0204024
932 -0.025092 -0.0277788
933 -0.0286648 -0.0315088
934 -0.0288963 -0.0310037
935 -0.0257773 -0.0263086
936 -0.0196176 -0.0180873
937 -0.0110213 -0.0074976
938 -0.000856469 0.00401015
939 0.00979123 0.014927
940 0.0196965 0.0239033
941 0.0276142 0.0299135
942 0.0324384 0.0323498
943 0.0333779 0.0310424
944 0.0301139 0.0262249
945 0.022897 0.0184655
946 0.012551 0.00858876
947 0.000373617 -0.00239981
948 -0.0120539 -0.0133832
949 -0.0231095 -0.0232051
950 -0.0313767 -0.0307569
951 -0.0358466 -0.0350859
952 -0.0360399 -0.0355224
953 -0.0320347 -0.0318039
954 -0.0244075 -0.0241666
955 -0.0141121 -0.0133722
956 -0.00232768 -0.000646284
957 0.00968899 0.012473
958 0.0207274 0.0243534
959 0.0297121 0.033512
960 0.0357641 0.0388326
961 0.0382464 0.0397154
962 0.0368106 0.0361314
963 0.0314464 0.0285838
964 0.0225277 0.0179961
965 0.0108333 0.00555973
966 -0.00248321 -0.00742227
967 -0.0159893 -0.0196711
968 -0.0281371 -0.0300337
969 -0.0374707 -0.037552
970 -0.0428399 -0.0415097
971 -0.0435728 -0.0414707
972 -0.0395715 -0.0373187
973 -0.0313117 -0.0292949
974 -0.0197509 -0.0180242
975 -0.00617315 -0.0045078
976 0.00799353 0.00993688
977 0.0213482 0.0237983
978 0.0326513 0.0355483
979 0.0409112 0.0438464
980 0.0454285 0.0477318
981 0.0458128 0.0467596
982 0.0419877 0.0410524
983 0.0341965 0.0312587
984 0.0230071 0.0184339
985 0.00930788 0.00387927
986 -0.00572471 -0.0110239
987 -0.0207003 -0.0249522
988 -0.0341395 -0.0367357
989 -0.0446392 -0.0454135
990 -0.051055 -0.0502657
991 -0.0526628 -0.0508391
992 -0.0492626 -0.046979
993 -0.0412001 -0.0388661
994 -0.029302 -0.0270454
995 -0.0147433 -0.0124286
996 0.00111734 0.00374986
997 0.0168954 0.0200314
998 0.0313033 0.034881
999 0.0432267 0.0468637
