0 0.00286192 -0.000382638
1 -0.00060372 0.00284995
2 -0.00386024 0.00542776
3 -0.00616558 0.00678982
4 -0.00701754 0.00663385
5 -0.00626373 0.00498849
6 -0.00412295 0.00221712
7 -0.00111843 -0.00105368
8 0.00205439 -0.00407114
9 0.00468926 -0.00613072
10 0.00622181 -0.00674672
11 0.00634253 -0.00577511
12 0.00505197 -0.00345417
13 0.00265284 -0.000348988
14 -0.000316378 0.00278817
15 -0.00319342 0.00520594
16 -0.00533125 0.00634059
17 -0.00623933 0.00595197
18 -0.00569869 0.00417374
19 -0.00382278 0.00146766
20 -0.00104376 -0.00150144
21 0.00197997 -0.00403348
22 0.00451866 -0.00555854
23 0.00595212 -0.0057605
24 0.00592954 -0.00463443
25 0.00446313 -0.00247207
26 0.00192766 0.000214107
27 -0.00103614 0.00280765
28 -0.00368831 0.00472129
29 -0.00538085 0.00552202
30 -0.00572094 0.0050258
31 -0.00466307 0.00334306
32 -0.00250827 0.000862384
33 0.000184953 -0.00182996
34 0.00274981 -0.00408256
35 0.00457827 -0.0053364
36 0.00526312 -0.00526915
37 0.00468246 -0.00388645
38 0.00301247 -0.00153095
39 0.000672623 0.00119899
40 -0.00177825 0.00360285
41 -0.00376936 0.0050635
42 -0.00484271 0.00521283
43 -0.00475214 0.00403006
44 -0.00351894 0.00184428
45 -0.00143213 -0.000759137
46 0.00101024 -0.00310038
47 0.00321161 -0.00458823
48 0.00461893 -0.00487237
49 0.0048642 -0.00392435
50 0.00386803 -0.00202922
51 0.00187291 0.000303766
52 -0.000609413 0.0024814
53 -0.00292815 0.00397713
54 -0.0044681 0.00445357
55 -0.0048199 0.00383086
56 -0.00389578 0.00229113
57 -0.00195534 0.00022509
58 0.000467478 -0.00186304
59 0.00271534 -0.00347087
60 0.00419162 -0.00421101
61 0.00452369 -0.00390069
62 0.00365854 -0.00260905
63 0.0018656 -0.000648938
64 -0.000349961 0.00149024
65 -0.00239401 0.00325869
66 -0.00374553 0.00418651
67 -0.00408826 0.00401266
68 -0.00337915 0.00276533
69 -0.00184154 0.000766398
70 0.000107224 -0.00144728
71 0.00196915 -0.00326826
72 0.00328844 -0.00418948
73 0.00375583 -0.00395195
74 0.00327403 -0.00262361
75 0.00197451 -0.00058316
76 0.000184592 0.00158872
77 -0.00164794 0.00327907
78 -0.00305908 0.00402174
79 -0.00368121 0.00363081
80 -0.00333915 0.00224799
81 -0.00210452 0.000291436
82 -0.000289385 -0.00167503
83 0.00162576 -0.00310926
84 0.00311623 -0.00364255
85 0.00375868 -0.00317228
86 0.00335665 -0.00187329
87 0.00200681 -0.000132014
88 8.16523e-05 0.00157089
89 -0.00187136 0.00279254
90 -0.00328755 0.0032385
91 -0.00375344 0.00282682
92 -0.00313357 0.00169501
93 -0.0016145 0.000154548
94 0.000350175 -0.00139215
95 0.00217785 -0.00255111
96 0.00333495 -0.00303087
97 0.00349813 -0.00271158
98 0.00264748 -0.00167486
99 0.00106357 -0.000187071
100 -0.000767558 0.00136258
101 -0.00230805 0.00255773
102 -0.00312959 0.00306374
103 -0.00303259 0.00272265
104 -0.00209021 0.00160701
105 -0.000609904 1.27166e-05
106 0.000969155 -0.00161359
107 0.00220751 -0.00279771
108 0.00278587 -0.00317854
109 0.00258259 -0.00262352
110 0.00169156 -0.00128001
111 0.000382362 0.000459075
112 -0.000981196 0.00206962
113 -0.00203922 0.00305749
114 -0.00252539 0.00311553
115 -0.00232811 0.00222418
116 -0.00151211 0.000660818
117 -0.000298386 -0.00108699
118 0.000991283 -0.00247671
119 0.00201335 -0.0030836
120 0.00248867 -0.00273426
121 0.00227682 -0.00155769
122 0.00141994 6.17331e-05
123 0.000141396 0.00161203
124 -0.00120565 0.00261879
125 -0.00223147 0.00279313
126 -0.00262217 0.00211524
127 -0.00223899 0.000828955
128 -0.00117167 -0.000646889
129 0.000275712 -0.00185758
130 0.00166835 -0.00245458
131 0.00257179 -0.00229523
132 0.00269077 -0.00147158
133 0.00197014 -0.000265547
134 0.000621692 0.000949216
135 -0.000935765 0.0018235
136 -0.00220719 0.00213049
137 -0.00278165 0.00181914
138 -0.00246915 0.00101341
139 -0.00136701 -3.597e-05
140 0.000168683 -0.00102854
141 0.00163881 -0.00169682
142 0.00256619 -0.0018735
143 0.0026542 -0.00152848
144 0.00188481 -0.000769816
145 0.000522391 0.00018881
146 -0.000977781 0.00108474
147 -0.00212421 0.00167359
148 -0.00255335 0.0017919
149 -0.00214709 0.00140103
150 -0.00106469 0.000601334
151 0.000319111 -0.000388872
152 0.00154561 -0.00128764
153 0.00222627 -0.00182603
154 0.00216685 -0.00182809
155 0.00142154 -0.00127069
156 0.000262752 -0.000301933
157 -0.000918869 0.000792849
158 -0.00174731 0.00167258
159 -0.0019813 0.00204713
160 -0.00158312 0.00177556
161 -0.000717142 0.000921555
162 0.000316534 -0.000256359
163 0.00118688 -0.00138129
164 0.00163809 -0.00207903
165 0.00156286 -0.00210462
166 0.00102255 -0.00143084
167 0.00021336 -0.000266062
168 -0.000605042 0.00100846
169 -0.00119219 0.00196355
170 -0.0013947 0.00226854
171 -0.00118153 0.00180836
172 -0.000641144 0.000729045
173 5.36646e-05 -0.000607103
174 0.000699623 -0.00174355
175 0.00111949 -0.00228741
176 0.0012069 -0.00204777
177 0.000949925 -0.00110475
178 0.000429645 0.000216393
179 -0.000204156 0.00145788
180 -0.000773406 0.00218957
181 -0.00111844 0.0021598
182 -0.00114014 0.00138355
183 -0.000827666 0.000136391
184 -0.00026434 -0.00114337
185 0.000391142 -0.0020096
186 0.000945756 -0.00216529
187 0.00122663 -0.00156569
188 0.00113477 -0.000431572
189 0.000681477 0.000831738
190 -6.55295e-06 0.00177977
191 -0.00071915 0.00208646
192 -0.00122538 0.00165746
193 -0.00134888 0.000659351
194 -0.00103084 -0.000544321
195 -0.000357581 -0.00152582
196 0.000460057 -0.00194601
197 0.00115167 -0.00167224
198 0.00147698 -0.000820168
199 0.00131034 0.000293677
200 0.000690024 0.00126937
201 -0.000187027 0.0017675
202 -0.00102638 0.00162761
203 -0.00153489 0.000919708
204 -0.001524 -8.75051e-05
205 -0.000980986 -0.0010281
206 -8.06377e-05 -0.00157187
207 0.000869793 -0.00154043
208 0.0015357 -0.000965624
209 0.0016741 -7.1157e-05
210 0.00122364 0.000813664
211 0.000331667 0.00137496
212 -0.00069337 0.00142567
213 -0.00148894 0.000967742
214 -0.00176745 0.000184453
215 -0.00142096 -0.000631881
216 -0.00056338 -0.00118858
217 0.000506331 -0.00129737
218 0.00140827 -0.000937772
219 0.00181681 -0.000257898
220 0.00157884 0.000485217
221 0.000771889 0.00102214
222 -0.000320166 0.00116833
223 -0.00130679 0.000887234
224 -0.00183092 0.000297796
225 -0.00169907 -0.000374347
226 -0.000953539 -0.000882388
227 0.000140566 -0.00104847
228 0.00118978 -0.000825705
229 0.00181429 -0.000310479
230 0.00178593 0.000297662
231 0.00111189 0.000772435
232 3.32698e-05 0.000944467
233 -0.00106114 0.000761432
234 -0.00177504 0.000303399
235 -0.00184825 -0.000250842
236 -0.00125179 -0.000692691
237 -0.000199612 -0.000861553
238 0.000927784 -0.000702758
239 0.00172095 -0.000284893
240 0.00189048 0.000228774
241 0.00137314 0.000643141
242 0.000355788 0.00080451
243 -0.000792067 0.00065706
244 -0.00165277 0.000262003
245 -0.0019129 -0.00022708
246 -0.00147758 -0.000623044
247 -0.000505061 -0.000775926
248 0.000651052 -0.000629186
249 0.00157053 -0.000240504
250 0.00191925 0.000240504
251 0.00157053 0.000629186
252 0.000651052 0.000775926
253 -0.000505061 0.000623044
254 -0.00147758 0.00022708
255 -0.0019129 -0.000262003
256 -0.00165277 -0.00065706
257 -0.000792067 -0.00080451
258 0.000355788 -0.000643141
259 0.00137314 -0.000228774
260 0.00189048 0.000284893
261 0.00172095 0.000702758
262 0.000927784 0.000861553
263 -0.000199612 0.000692691
264 -0.00125179 0.000250842
265 -0.00184825 -0.000303399
266 -0.00177504 -0.000761432
267 -0.00106114 -0.000944467
268 3.32698e-05 -0.000772435
269 0.00111189 -0.000297662
270 0.00178593 0.000310479
271 0.00181429 0.000825705
272 0.00118978 0.00104847
273 0.000140566 0.000882388
274 -0.000953539 0.000374347
275 -0.00169907 -0.000297796
276 -0.00183092 -0.000887234
277 -0.00130679 -0.00116833
278 -0.000320166 -0.00102214
279 0.000771889 -0.000485217
280 0.00157884 0.000257898
281 0.00181681 0.000937772
282 0.00140827 0.00129737
283 0.000506331 0.00118858
284 -0.00056338 0.000631881
285 -0.00142096 -0.000184453
286 -0.00176745 -0.000967742
287 -0.00148894 -0.00142567
288 -0.00069337 -0.00137496
289 0.000331667 -0.000813664
290 0.00122364 7.1157e-05
291 0.0016741 0.000965624
292 0.0015357 0.00154043
293 0.000869793 0.00157187
294 -8.06377e-05 0.0010281
295 -0.000980986 8.75051e-05
296 -0.001524 -0.000919708
297 -0.00153489 -0.00162761
298 -0.00102638 -0.0017675
299 -0.000187027 -0.00126937
300 0.000690024 -0.000293677
301 0.00131034 0.000820168
302 0.00147698 0.00167224
303 0.00115167 0.00194601
304 0.000460057 0.00152582
305 -0.000357581 0.000544321
306 -0.00103084 -0.000659351
307 -0.00134888 -0.00165746
308 -0.00122538 -0.00208646
309 -0.00071915 -0.00177977
310 -6.55295e-06 -0.000831738
311 0.000681477 0.000431572
312 0.00113477 0.00156569
313 0.00122663 0.00216529
314 0.000945756 0.0020096
315 0.000391142 0.00114337
316 -0.00026434 -0.000136391
317 -0.000827666 -0.00138355
318 -0.00114014 -0.0021598
319 -0.00111844 -0.00218957
320 -0.000773406 -0.00145788
321 -0.000204156 -0.000216393
322 0.000429645 0.00110475
323 0.000949925 0.00204777
324 0.0012069 0.00228741
325 0.00111949 0.00174355
326 0.000699623 0.000607103
327 5.36646e-05 -0.000729045
328 -0.000641144 -0.00180836
329 -0.00118153 -0.00226854
330 -0.0013947 -0.00196355
331 -0.00119219 -0.00100846
332 -0.000605042 0.000266062
333 0.00021336 0.00143084
334 0.00102255 0.00210462
335 0.00156286 0.00207903
336 0.00163809 0.00138129
337 0.00118688 0.000256359
338 0.000316534 -0.000921555
339 -0.000717142 -0.00177556
340 -0.00158312 -0.00204713
341 -0.0019813 -0.00167258
342 -0.00174731 -0.000792849
343 -0.000918869 0.000301933
344 0.000262752 0.00127069
345 0.00142154 0.00182809
346 0.00216685 0.00182603
347 0.00222627 0.00128764
348 0.00154561 0.000388872
349 0.000319111 -0.000601334
350 -0.00106469 -0.00140103
351 -0.00214709 -0.0017919
352 -0.00255335 -0.00167359
353 -0.00212421 -0.00108474
354 -0.000977781 -0.00018881
355 0.000522391 0.000769816
356 0.00188481 0.00152848
357 0.0026542 0.0018735
358 0.00256619 0.00169682
359 0.00163881 0.00102854
360 0.000168683 3.597e-05
361 -0.00136701 -0.00101341
362 -0.00246915 -0.00181914
363 -0.00278165 -0.00213049
364 -0.00220719 -0.0018235
365 -0.000935765 -0.000949216
366 0.000621692 0.000265547
367 0.00197014 0.00147158
368 0.00269077 0.00229523
369 0.00257179 0.00245458
370 0.00166835 0.00185758
371 0.000275712 0.000646889
372 -0.00117167 -0.000828955
373 -0.00223899 -0.00211524
374 -0.00262217 -0.00279313
375 -0.00223147 -0.00261879
376 -0.00120565 -0.00161203
377 0.000141396 -6.17331e-05
378 0.00141994 0.00155769
379 0.00227682 0.00273426
380 0.00248867 0.0030836
381 0.00201335 0.00247671
382 0.000991283 0.00108699
383 -0.000298386 -0.000660818
384 -0.00151211 -0.00222418
385 -0.00232811 -0.00311553
386 -0.00252539 -0.00305749
387 -0.00203922 -0.00206962
388 -0.000981196 -0.000459075
389 0.000382362 0.00128001
390 0.00169156 0.00262352
391 0.00258259 0.00317854
392 0.00278587 0.00279771
393 0.00220751 0.00161359
394 0.000969155 -1.27166e-05
395 -0.000609904 -0.00160701
396 -0.00209021 -0.00272265
397 -0.00303259 -0.00306374
398 -0.00312959 -0.00255773
399 -0.00230805 -0.00136258
400 -0.000767558 0.000187071
401 0.00106357 0.00167486
402 0.00264748 0.00271158
403 0.00349813 0.00303087
404 0.00333495 0.00255111
405 0.00217785 0.00139215
406 0.000350175 -0.000154548
407 -0.0016145 -0.00169501
408 -0.00313357 -0.00282682
409 -0.00375344 -0.0032385
410 -0.00328755 -0.00279254
411 -0.00187136 -0.00157089
412 8.16523e-05 0.000132014
413 0.00200681 0.00187329
414 0.00335665 0.00317228
415 0.00375868 0.00364255
416 0.00311623 0.00310926
417 0.00162576 0.00167503
418 -0.000289385 -0.000291436
419 -0.00210452 -0.00224799
420 -0.00333915 -0.00363081
421 -0.00368121 -0.00402174
422 -0.00305908 -0.00327907
423 -0.00164794 -0.00158872
424 0.000184592 0.00058316
425 0.00197451 0.00262361
426 0.00327403 0.00395195
427 0.00375583 0.00418948
428 0.00328844 0.00326826
429 0.00196915 0.00144728
430 0.000107224 -0.000766398
431 -0.00184154 -0.00276533
432 -0.00337915 -0.00401266
433 -0.00408826 -0.00418651
434 -0.00374553 -0.00325869
435 -0.00239401 -0.00149024
436 -0.000349961 0.000648938
437 0.0018656 0.00260905
438 0.00365854 0.00390069
439 0.00452369 0.00421101
440 0.00419162 0.00347087
441 0.00271534 0.00186304
442 0.000467478 -0.00022509
443 -0.00195534 -0.00229113
444 -0.00389578 -0.00383086
445 -0.0048199 -0.00445357
446 -0.0044681 -0.00397713
447 -0.00292815 -0.0024814
448 -0.000609413 -0.000303766
449 0.00187291 0.00202922
450 0.00386803 0.00392435
451 0.0048642 0.00487237
452 0.00461893 0.00458823
453 0.00321161 0.00310038
454 0.00101024 0.000759137
455 -0.00143213 -0.00184428
456 -0.00351894 -0.00403006
457 -0.00475214 -0.00521283
458 -0.00484271 -0.0050635
459 -0.00376936 -0.00360285
460 -0.00177825 -0.00119899
461 0.000672623 0.00153095
462 0.00301247 0.00388645
463 0.00468246 0.00526915
464 0.00526312 0.0053364
465 0.00457827 0.00408256
466 0.00274981 0.00182996
467 0.000184953 -0.000862384
468 -0.00250827 -0.00334306
469 -0.00466307 -0.0050258
470 -0.00572094 -0.00552202
471 -0.00538085 -0.00472129
472 -0.00368831 -0.00280765
473 -0.00103614 -0.000214107
474 0.00192766 0.00247207
475 0.00446313 0.00463443
476 0.00592954 0.0057605
477 0.00595212 0.00555854
478 0.00451866 0.00403348
479 0.00197997 0.00150144
480 -0.00104376 -0.00146766
481 -0.00382278 -0.00417374
482 -0.00569869 -0.00595197
483 -0.00623933 -0.00634059
484 -0.00533125 -0.00520594
485 -0.00319342 -0.00278817
486 -0.000316378 0.000348988
487 0.00265284 0.00345417
488 0.00505197 0.00577511
489 0.00634253 0.00674672
490 0.00622181 0.00613072
491 0.00468926 0.00407114
492 0.00205439 0.00105368
493 -0.00111843 -0.00221712
494 -0.00412295 -0.00498849
495 -0.00626373 -0.00663385
496 -0.00701754 -0.00678982
497 -0.00616558 -0.00542776
498 -0.00386024 -0.00284995
499 -0.00060372 0.000382638
500 0.00286192 0.00357121
501 0.005729 0.00602353
502 0.00731915 0.00719535
503 0.00724868 0.00680458
504 0.00552147 0.00489756
505 0.00252635 0.00185204
506 -0.00105819 -0.00168934
507 -0.00442555 -0.0049485
508 -0.00682702 -0.00718169
509 -0.0077373 -0.00785322
510 -0.00696319 -0.00677005
511 -0.00467551 -0.00413987
512 -0.0013634 -0.000532737
513 0.00227363 0.00324753
514 0.00547075 0.00635092
515 0.00755102 0.00807972
516 0.00806012 0.00804769
517 0.00686 0.00626228
518 0.00416473 0.00311396
519 0.000509164 -0.00071865
520 -0.00334938 -0.00442106
521 -0.00658293 -0.00721574
522 -0.00847082 -0.0085194
523 -0.00856527 -0.00805597
524 -0.00680353 -0.00590745
525 -0.0035346 -0.00249655
526 0.000550877 0.00149429
527 0.00457349 0.00525357
528 0.00766342 0.00799921
529 0.00915489 0.00913714
530 0.00872975 0.00838951
531 0.00647874 0.00586471
532 0.00287169 0.0020496
533 -0.00134985 -0.00228045
534 -0.00532901 -0.00621968
535 -0.00826456 -0.00892625
536 -0.00956403 -0.0098085
537 -0.00895415 -0.00865865
538 -0.00653228 -0.00570055
539 -0.00275139 -0.00154005
540 0.00165989 0.00296889
541 0.00583124 0.00690798
542 0.00891756 0.00948476
543 0.0102692 0.0101876
544 0.00957093 0.00887722
545 0.00691889 0.00580357
546 0.00281314 0.00155148
547 -0.00193606 -0.0030697
548 -0.00637193 -0.00717302
549 -0.00959026 -0.00995501
550 -0.0109291 -0.0108468
551 -0.0101065 -0.00962998
552 -0.00727617 -0.00649272
553 -0.00299003 -0.00200958
554 0.00191876 0.00295944
555 0.00650463 0.00743519
556 0.0098922 0.0105182
557 0.0114372 0.0115761
558 0.0108393 0.0103763
559 0.00819174 0.0071338
560 0.00396438 0.0024645
561 -0.00107565 -0.00274198
562 -0.00599493 -0.00749962
563 -0.00985845 -0.010915
564 -0.0119036 -0.0123511
565 -0.0116921 -0.0115389
566 -0.00920782 -0.00862015
567 -0.0048741 -0.00411979
568 0.000518996 0.00114674
569 0.00596638 0.0062143
570 0.0104469 0.0101362
571 0.0131252 0.0121533
572 0.0135123 0.0118357
573 0.0115523 0.0091708
574 0.00762365 0.00457726
575 0.00246005 -0.00116157
576 -0.00298588 -0.00703811
577 -0.00770969 -0.0120092
578 -0.0108248 -0.0151959
579 -0.0117104 -0.0160533
580 -0.0101183 -0.0144742
581 -0.00622048 -0.0108068
582 -0.000590101 -0.00578502
583 0.00588951 -0.000391187
584 0.012175 0.00432063
585 0.0172498 0.00740448
586 0.0203134 0.00817708
587 0.0209351 0.00632548
588 0.0191402 0.00195586
589 0.0154101 -0.00442154
590 0.0105974 -0.0119703
591 0.0057726 -0.0196612
592 0.00203567 -0.026445
593 0.000326871 -0.0314396
594 0.00127202 -0.0340962
595 0.00508532 -0.0343109
596 0.0115423 -0.0324548
597 0.0200227 -0.0293134
598 0.0296143 -0.0259478
599 0.0392609 -0.0235072
600 0.0479329 -0.0230322
601 0.0547984 -0.0252865
602 0.0593673 -0.0306411
603 0.0615847 -0.0390265
604 0.0618553 -0.0499515
605 0.0609868 -0.0625812
606 0.0600609 -0.0758648
607 0.06025 -0.088696
608 0.0626166 -0.100087
609 0.0679309 -0.109331
610 0.0765438 -0.116127
611 0.0883342 -0.120637
612 0.102735 -0.123465
613 0.118829 -0.125557
614 0.135488 -0.128036
615 0.151539 -0.132006
616 0.165929 -0.138366
617 0.177876 -0.14765
618 0.186979 -0.159945
619 0.193281 -0.174865
620 0.197262 -0.191606
621 0.199759 -0.209047
622 0.201826 -0.225907
623 0.204542 -0.240911
624 0.208812 -0.252963
625 0.215204 -0.261293
626 0.223835 -0.265557
627 0.234339 -0.26588
628 0.245915 -0.262819
629 0.257434 -0.257268
630 0.267585 -0.250296
631 0.275046 -0.242968
632 0.278647 -0.236157
633 0.277524 -0.230399
634 0.271234 -0.2258
635 0.259815 -0.22202
636 0.24379 -0.218321
637 0.224096 -0.213677
638 0.201942 -0.206928
639 0.178637 -0.196947
640 0.155398 -0.182809
641 0.13318 -0.16394
642 0.112561 -0.140219
643 0.09369 -0.112037
644 0.0763044 -0.0802814
645 0.0598063 -0.046259
646 0.0433848 -0.0115538
647 0.026165 0.022156
648 0.00736845 0.0532936
649 -0.0135345 0.0805603
650 -0.0366999 0.103064
651 -0.0618306 0.120388
652 -0.0881587 0.132585
653 -0.114496 0.140121
654 -0.139351 0.143771
655 -0.161094 0.144483
656 -0.178147 0.143232
657 -0.189176 0.140874
658 -0.193243 0.138015
659 -0.189921 0.134912
660 -0.179339 0.131433
661 -0.16217 0.127082
662 -0.139557 0.121088
663 -0.112996 0.112549
664 -0.0841812 0.100604
665 -0.0548338 0.0846025
666 -0.0265359 0.0642454
667 -0.000583241 0.0396753
668 0.0221214 0.0115163
669 0.04112 -0.019141
670 0.0563907 -0.0508033
671 0.06828 -0.0816849
672 0.077389 -0.109857
673 0.0844315 -0.133426
674 0.090088 -0.15073
675 0.094877 -0.160515
676 0.0990608 -0.162073
677 0.102596 -0.155324
678 0.105131 -0.140813
679 0.106053 -0.119653
680 0.10457 -0.0934036
681 0.0998305 -0.0639177
682 0.0910648 -0.0331805
683 0.0777258 -0.00314067
684 0.0596221 0.0244457
685 0.0370139 0.0481511
686 0.0106575 0.0669795
687 -0.0182133 0.0804232
688 -0.0479665 0.0884625
689 -0.0767039 0.0915077
690 -0.102426 0.090293
691 -0.123211 0.0857419
692 -0.137391 0.0788289
693 -0.143708 0.0704575
694 -0.141442 0.0613689
695 -0.1305 0.0520842
696 -0.111452 0.0428816
697 -0.085509 0.0338044
698 -0.0544345 0.0246988
699 -0.0204019 0.0152804
700 0.0141926 0.00522411
701 0.0469357 -0.00573288
702 0.0755972 -0.0176914
703 0.098303 -0.0305135
704 0.11367 -0.0437846
705 0.120893 -0.0568212
706 0.119795 -0.0687233
707 0.110815 -0.0784603
708 0.0949674 -0.0849781
709 0.0737407 -0.0873145
710 0.0489598 -0.084714
711 0.0226182 -0.0767319
712 -0.00329983 -0.0633217
713 -0.0269845 -0.0448925
714 -0.0469336 -0.0223254
715 -0.0620434 0.00305845
716 -0.0716559 0.0295829
717 -0.0755679 0.0553457
718 -0.0740102 0.0783786
719 -0.0675992 0.0968177
720 -0.0572643 0.109069
721 -0.0441528 0.113952
722 -0.0295158 0.110812
723 -0.0145899 0.0995975
724 -0.000488346 0.0808872
725 0.0118813 0.0558749
726 0.0218653 0.0262942
727 0.0290773 -0.00570455
728 0.033386 -0.0377227
729 0.0348872 -0.0673072
730 0.0338686 -0.0921534
731 0.0307695 -0.110294
732 0.0261331 -0.120259
733 0.0205512 -0.121198
734 0.0146037 -0.112948
735 0.00880217 -0.0960595
736 0.0035481 -0.0717636
737 -0.000886427 -0.0418843
738 -0.00435422 -0.00870362
739 -0.00681254 0.0252174
740 -0.00829762 0.0572437
741 -0.0089036 0.0848793
742 -0.00876895 0.105967
743 -0.00806694 0.118858
744 -0.00699379 0.122541
745 -0.00575054 0.116714
746 -0.00452055 0.101816
747 -0.00344948 0.0789903
748 -0.00263538 0.0500046
749 -0.00213212 0.017114
750 -0.00196249 -0.017114
751 -0.00213212 -0.0500046
752 -0.00263538 -0.0789903
753 -0.00344948 -0.101816
754 -0.00452055 -0.116714
755 -0.00575054 -0.122541
756 -0.00699379 -0.118858
757 -0.00806694 -0.105967
758 -0.00876895 -0.0848793
759 -0.0089036 -0.0572437
760 -0.00829762 -0.0252174
761 -0.00681254 0.00870362
762 -0.00435422 0.0418843
763 -0.000886427 0.0717636
764 0.0035481 0.0960595
765 0.00880217 0.112948
766 0.0146037 0.121198
767 0.0205512 0.120259
768 0.0261331 0.110294
769 0.0307695 0.0921534
770 0.0338686 0.0673072
771 0.0348872 0.0377227
772 0.033386 0.00570455
773 0.0290773 -0.0262942
774 0.0218653 -0.0558749
775 0.0118813 -0.0808872
776 -0.000488346 -0.0995975
777 -0.0145899 -0.110812
778 -0.0295158 -0.113952
779 -0.0441528 -0.109069
780 -0.0572643 -0.0968177
781 -0.0675992 -0.0783786
782 -0.0740102 -0.0553457
783 -0.0755679 -0.0295829
784 -0.0716559 -0.00305845
785 -0.0620434 0.0223254
786 -0.0469336 0.0448925
787 -0.0269845 0.0633217
788 -0.00329983 0.0767319
789 0.0226182 0.084714
790 0.0489598 0.0873145
791 0.0737407 0.0849781
792 0.0949674 0.0784603
793 0.110815 0.0687233
794 0.119795 0.0568212
795 0.120893 0.0437846
796 0.11367 0.0305135
797 0.098303 0.0176914
798 0.0755972 0.00573288
799 0.0469357 -0.00522411
800 0.0141926 -0.0152804
801 -0.0204019 -0.0246988
802 -0.0544345 -0.0338044
803 -0.085509 -0.0428816
804 -0.111452 -0.0520842
805 -0.1305 -0.0613689
806 -0.141442 -0.0704575
807 -0.143708 -0.0788289
808 -0.137391 -0.0857419
809 -0.123211 -0.090293
810 -0.102426 -0.0915077
811 -0.0767039 -0.0884625
812 -0.0479665 -0.0804232
813 -0.0182133 -0.0669795
814 0.0106575 -0.0481511
815 0.0370139 -0.0244457
816 0.0596221 0.00314067
817 0.0777258 0.0331805
818 0.0910648 0.0639177
819 0.0998305 0.0934036
820 0.10457 0.119653
821 0.106053 0.140813
822 0.105131 0.155324
823 0.102596 0.162073
824 0.0990608 0.160515
825 0.094877 0.15073
826 0.090088 0.133426
827 0.0844315 0.109857
828 0.077389 0.0816849
829 0.06828 0.0508033
830 0.0563907 0.019141
831 0.04112 -0.0115163
832 0.0221214 -0.0396753
833 -0.000583241 -0.0642454
834 -0.0265359 -0.0846025
835 -0.0548338 -0.100604
836 -0.0841812 -0.112549
837 -0.112996 -0.121088
838 -0.139557 -0.127082
839 -0.16217 -0.131433
840 -0.179339 -0.134912
841 -0.189921 -0.138015
842 -0.193243 -0.140874
843 -0.189176 -0.143232
844 -0.178147 -0.144483
845 -0.161094 -0.143771
846 -0.139351 -0.140121
847 -0.114496 -0.132585
848 -0.0881587 -0.120388
849 -0.0618306 -0.103064
850 -0.0366999 -0.0805603
851 -0.0135345 -0.0532936
852 0.00736845 -0.022156
853 0.026165 0.0115538
854 0.0433848 0.046259
855 0.0598063 0.0802814
856 0.0763044 0.112037
857 0.09369 0.140219
858 0.112561 0.16394
859 0.13318 0.182809
860 0.155398 0.196947
861 0.178637 0.206928
862 0.201942 0.213677
863 0.224096 0.218321
864 0.24379 0.22202
865 0.259815 0.2258
866 0.271234 0.230399
867 0.277524 0.236157
868 0.278647 0.242968
869 0.275046 0.250296
870 0.267585 0.257268
871 0.257434 0.262819
872 0.245915 0.26588
873 0.234339 0.265557
874 0.223835 0.261293
875 0.215204 0.252963
876 0.208812 0.240911
877 0.204542 0.225907
878 0.201826 0.209047
879 0.199759 0.191606
880 0.197262 0.174865
881 0.193281 0.159945
882 0.186979 0.14765
883 0.177876 0.138366
884 0.165929 0.132006
885 0.151539 0.128036
886 0.135488 0.125557
887 0.118829 0.123465
888 0.102735 0.120637
889 0.0883342 0.116127
890 0.0765438 0.109331
891 0.0679309 0.100087
892 0.0626166 0.088696
893 0.06025 0.0758648
894 0.0600609 0.0625812
895 0.0609868 0.0499515
896 0.0618553 0.0390265
897 0.0615847 0.0306411
898 0.0593673 0.0252865
899 0.0547984 0.0230322
900 0.0479329 0.0235072
901 0.0392609 0.0259478
902 0.0296143 0.0293134
903 0.0200227 0.0324548
904 0.0115423 0.0343109
905 0.00508532 0.0340962
906 0.00127202 0.0314396
907 0.000326871 0.026445
908 0.00203567 0.0196612
909 0.0057726 0.0119703
910 0.0105974 0.00442154
911 0.0154101 -0.00195586
912 0.0191402 -0.00632548
913 0.0209351 -0.00817708
914 0.0203134 -0.00740448
915 0.0172498 -0.00432063
916 0.012175 0.000391187
917 0.00588951 0.00578502
918 -0.000590101 0.0108068
919 -0.00622048 0.0144742
920 -0.0101183 0.0160533
921 -0.0117104 0.0151959
922 -0.0108248 0.0120092
923 -0.00770969 0.00703811
924 -0.00298588 0.00116157
925 0.00246005 -0.00457726
926 0.00762365 -0.0091708
927 0.0115523 -0.0118357
928 0.0135123 -0.0121533
929 0.0131252 -0.0101362
930 0.0104469 -0.0062143
931 0.00596638 -0.00114674
932 0.000518996 0.00411979
933 -0.0048741 0.00862015
934 -0.00920782 0.0115389
935 -0.0116921 0.0123511
936 -0.0119036 0.010915
937 -0.00985845 0.00749962
938 -0.00599493 0.00274198
939 -0.00107565 -0.0024645
940 0.00396438 -0.0071338
941 0.00819174 -0.0103763
942 0.0108393 -0.0115761
943 0.0114372 -0.0105182
944 0.0098922 -0.00743519
945 0.00650463 -0.00295944
946 0.00191876 0.00200958
947 -0.00299003 0.00649272
948 -0.00727617 0.00962998
949 -0.0101065 0.0108468
950 -0.0109291 0.00995501
951 -0.00959026 0.00717302
952 -0.00637193 0.0030697
953 -0.00193606 -0.00155148
954 0.00281314 -0.00580357
955 0.00691889 -0.00887722
956 0.00957093 -0.0101876
957 0.0102692 -0.00948476
958 0.00891756 -0.00690798
959 0.00583124 -0.00296889
960 0.00165989 0.00154005
961 -0.00275139 0.00570055
962 -0.00653228 0.00865865
963 -0.00895415 0.0098085
964 -0.00956403 0.00892625
965 -0.00826456 0.00621968
966 -0.00532901 0.00228045
967 -0.00134985 -0.0020496
968 0.00287169 -0.00586471
969 0.00647874 -0.00838951
970 0.00872975 -0.00913714
971 0.00915489 -0.00799921
972 0.00766342 -0.00525357
973 0.00457349 -0.00149429
974 0.000550877 0.00249655
975 -0.0035346 0.00590745
976 -0.00680353 0.00805597
977 -0.00856527 0.0085194
978 -0.00847082 0.00721574
979 -0.00658293 0.00442106
980 -0.00334938 0.00071865
981 0.000509164 -0.00311396
982 0.00416473 -0.00626228
983 0.00686 -0.00804769
984 0.00806012 -0.00807972
985 0.00755102 -0.00635092
986 0.00547075 -0.00324753
987 0.00227363 0.000532737
988 -0.0013634 0.00413987
989 -0.00467551 0.00677005
990 -0.00696319 0.00785322
991 -0.0077373 0.00718169
992 -0.00682702 0.0049485
993 -0.00442555 0.00168934
994 -0.00105819 -0.00185204
995 0.00252635 -0.00489756
996 0.00552147 -0.00680458
997 0.00724868 -0.00719535
998 0.00731915 -0.00602353
999 0.005729 -0.00357121
