0 0.0102943 0.0107425
1 0.0111253 0.0109583
2 0.00957144 0.00881075
3 0.00590996 0.00471336
4 0.000876331 -0.000499451
5 -0.00448496 -0.00574494
6 -0.00903885 -0.00991608
7 -0.0118011 -0.0121116
8 -0.01215 -0.0118257
9 -0.00996169 -0.0090597
10 -0.00564042 -0.00433018
11 -3.79862e-05 0.00142863
12 0.00571889 0.0070515
13 0.0104564 0.0113797
14 0.01319 0.0135001
15 0.0133236 0.012935
16 0.0107722 0.00974327
17 0.00598611 0.00451213
18 -0.000130371 -0.00175679
19 -0.00639109 -0.00784293
20 -0.0115585 -0.0125442
21 -0.0145885 -0.0149103
22 -0.0148389 -0.0144289
23 -0.0122017 -0.0111294
24 -0.00712821 -0.00558496
25 -0.000546846 0.00118872
26 0.00631284 0.00792165
27 0.0121519 0.0133288
28 0.0158459 0.0163553
29 0.0166561 0.01638
30 0.0143691 0.0133362
31 0.00934229 0.00772836
32 0.00244479 0.00054184
33 -0.00509438 -0.00693532
34 -0.0119067 -0.0133446
35 -0.0167325 -0.017501
36 -0.0186528 -0.0186066
37 -0.0172598 -0.0163965
38 -0.0127351 -0.0111923
39 -0.00582138 -0.00385309
40 0.00230638 0.00436964
41 0.0102451 0.0120479
42 0.016606 0.0178268
43 0.0202536 0.0206624
44 0.0205021 0.0200052
45 0.0172358 0.0158983
46 0.0109358 0.00897209
47 0.00260514 0.000341102
48 -0.00639366 -0.00857992
49 -0.0145645 -0.0163082
50 -0.0205275 -0.0215366
51 -0.0232497 -0.023349
52 -0.0222187 -0.021375
53 -0.0175287 -0.015856
54 -0.00986768 -0.00761294
55 -0.000409609 0.00208123
56 0.00936992 0.0117032
57 0.0179243 0.0197216
58 0.0238775 0.0248395
59 0.0262408 0.0261985
60 0.0245701 0.0235136
61 0.0190406 0.0171185
62 0.0104255 0.00791904
63 -1.85437e-05 -0.0027408
64 -0.0107408 -0.013277
65 -0.0201299 -0.0221012
66 -0.0267557 -0.0278588
67 -0.0295812 -0.0296325
68 -0.0281161 -0.0270817
69 -0.0224897 -0.0204956
70 -0.013436 -0.010753
71 -0.0021922 0.000802742
72 0.00967408 0.0125548
73 0.0204854 0.0228404
74 0.028692 0.0301834
75 0.0330911 0.0334994
76 0.0329971 0.0322483
77 0.0283381 0.0265118
78 0.0196666 0.0169864
79 0.00808481 0.00489255
80 -0.00490219 -0.00818873
81 -0.0175855 -0.0205272
82 -0.0282767 -0.0304736
83 -0.0355294 -0.0366768
84 -0.0383289 -0.0382594
85 -0.0362264 -0.0349307
86 -0.0293997 -0.0270247
87 -0.0186319 -0.0154593
88 -0.00521305 -0.00162387
89 0.00922244 0.0127928
90 0.0228994 0.0260114
91 0.03412 0.0363821
92 0.0414698 0.0425874
93 0.0439882 0.0438025
94 0.0412833 0.039793
95 0.0335804 0.0309419
96 0.021697 0.0182033
97 0.00694768 0.00299135
98 -0.00900827 -0.0129819
99 -0.0243594 -0.0279013
100 -0.0373495 -0.0400545
101 -0.0464749 -0.0480252
102 -0.0506518 -0.0508518
103 -0.0493328 -0.0481338
104 -0.0425662 -0.0400737
105 -0.0309896 -0.0274524
106 -0.0157618 -0.0115435
107 0.00156065 0.00602402
108 0.0191892 0.0234362
109 0.0352915 0.0388825
110 0.0481818 0.0507413
111 0.0564928 0.0577448
112 0.0593117 0.0591067
113 0.0562677 0.054599
114 0.0475656 0.0445719
115 0.033963 0.0299154
116 0.016695 0.011969
117 -0.00264537 -0.00760933
118 -0.0222609 -0.0270009
119 -0.0403207 -0.0443963
120 -0.0551309 -0.058161
121 -0.0652894 -0.0669842
122 -0.0698096 -0.0699951
123 -0.068204 -0.066838
124 -0.060522 -0.0576994
125 -0.047341 -0.0432857
126 -0.0297129 -0.024756
127 -0.00907011 -0.00361893
128 0.0128985 0.0183975
129 0.0343914 0.0394898
130 0.0536449 0.0579268
131 0.0690757 0.0721885
132 0.0794049 0.0810854
133 0.0837535 0.0838493
134 0.0817053 0.0801866
135 0.0733317 0.0702936
136 0.0591802 0.0548327
137 0.0402272 0.0348761
138 0.0177998 0.0118206
139 -0.00652716 -0.0127172
140 -0.0310489 -0.0370195
141 -0.0540537 -0.0593899
142 -0.0739415 -0.078271
143 -0.0893304 -0.092349
144 -0.099144 -0.100637
145 -0.102677 -0.102532
146 -0.099634 -0.0978453
147 -0.0901398 -0.0868056
148 -0.0747227 -0.070034
149 -0.0542716 -0.0484979
150 -0.0299711 -0.0234442
151 -0.00322294 0.0036831
152 0.0244429 0.0313337
153 0.0514587 0.057944
154 0.0763094 0.0820266
155 0.0976152 0.10225
156 0.114204 0.117505
157 0.125171 0.126959
158 0.129913 0.13009
159 0.128156 0.1267
160 0.11995 0.116922
161 0.105657 0.101194
162 0.0859222 0.0802269
163 0.0616331 0.0549615
164 0.0338669 0.0265131
165 0.00383414 -0.00388628
166 -0.0271831 -0.0349473
167 -0.0578914 -0.065382
168 -0.0870426 -0.0939598
169 -0.113483 -0.119557
170 -0.136197 -0.141196
171 -0.154338 -0.15808
172 -0.167255 -0.169611
173 -0.174506 -0.175403
174 -0.175866 -0.175279
175 -0.171316 -0.169271
176 -0.161034 -0.157603
177 -0.145374 -0.140669
178 -0.124841 -0.11901
179 -0.100065 -0.0932827
180 -0.071767 -0.0642276
181 -0.0407351 -0.0326409
182 -0.00778722 0.000656993
183 0.026255 0.0348478
184 0.0605929 0.0691411
185 0.0944733 0.102796
186 0.127206 0.135141
187 0.158179 0.165586
188 0.186869 0.193633
189 0.212846 0.218877
190 0.235783 0.241015
191 0.255447 0.259836
192 0.271702 0.275226
193 0.284497 0.287156
194 0.293861 0.295673
195 0.299894 0.300896
196 0.302757 0.302998
197 0.302658 0.302199
198 0.299848 0.298753
199 0.294602 0.292942
200 0.287214 0.285065
201 0.277988 0.275426
202 0.267226 0.264327
203 0.255226 0.252065
204 0.242274 0.238919
205 0.22864 0.225154
206 0.214571 0.211011
207 0.200293 0.196712
208 0.186004 0.182449
209 0.17188 0.168392
210 0.15807 0.154682
211 0.144698 0.141437
212 0.131865 0.128751
213 0.119649 0.116697
214 0.108107 0.10533
215 0.0972774 0.0946834
216 0.0871822 0.084775
217 0.0778298 0.0756088
218 0.0692166 0.0671779
219 0.0613281 0.0594661
220 0.0541415 0.0524497
221 0.0476269 0.046098
222 0.0417497 0.0403754
223 0.0364724 0.0352425
224 0.0317554 0.0306588
225 0.0275579 0.0265833
226 0.0238385 0.0229755
227 0.020556 0.019795
228 0.01767 0.0170021
229 0.0151424 0.0145581
230 0.0129372 0.012427
231 0.0110209 0.0105752
232 0.00936195 0.00897246
233 0.00793079 0.00759035
234 0.00670011 0.00640241
235 0.00564526 0.00538396
236 0.00474443 0.00451275
237 0.00397839 0.00376928
238 0.0033299 0.00313667
239 0.00278324 0.00259994
240 0.00232424 0.00214526
241 0.00194052 0.00175977
242 0.00162175 0.00143193
243 0.00135952 0.00115195
244 0.00114677 0.000911736
245 0.000977284 0.000704284
246 0.000845526 0.000522907
247 0.00074689 0.0003609
248 0.000678106 0.000211796
249 0.000637329 6.98458e-05
250 0.000623794 -6.98458e-05
251 0.000637329 -0.000211796
252 0.000678106 -0.0003609
253 0.00074689 -0.000522907
254 0.000845526 -0.000704284
255 0.000977284 -0.000911736
256 0.00114677 -0.00115195
257 0.00135952 -0.00143193
258 0.00162175 -0.00175977
259 0.00194052 -0.00214526
260 0.00232424 -0.00259994
261 0.00278324 -0.00313667
262 0.0033299 -0.00376928
263 0.00397839 -0.00451275
264 0.00474443 -0.00538396
265 0.00564526 -0.00640241
266 0.00670011 -0.00759035
267 0.00793079 -0.00897246
268 0.00936195 -0.0105752
269 0.0110209 -0.012427
270 0.0129372 -0.0145581
271 0.0151424 -0.0170021
272 0.01767 -0.019795
273 0.020556 -0.0229755
274 0.0238385 -0.0265833
275 0.0275579 -0.0306588
276 0.0317554 -0.0352425
277 0.0364724 -0.0403754
278 0.0417497 -0.046098
279 0.0476269 -0.0524497
280 0.0541415 -0.0594661
281 0.0613281 -0.0671779
282 0.0692166 -0.0756088
283 0.0778298 -0.084775
284 0.0871822 -0.0946834
285 0.0972774 -0.10533
286 0.108107 -0.116697
287 0.119649 -0.128751
288 0.131865 -0.141437
289 0.144698 -0.154682
290 0.15807 -0.168392
291 0.17188 -0.182449
292 0.186004 -0.196712
293 0.200293 -0.211011
294 0.214571 -0.225154
295 0.22864 -0.238919
296 0.242274 -0.252065
297 0.255226 -0.264327
298 0.267226 -0.275426
299 0.277988 -0.285065
300 0.287214 -0.292942
301 0.294602 -0.298753
302 0.299848 -0.302199
303 0.302658 -0.302998
304 0.302757 -0.300896
305 0.299894 -0.295673
306 0.293861 -0.287156
307 0.284497 -0.275226
308 0.271702 -0.259836
309 0.255447 -0.241015
310 0.235783 -0.218877
311 0.212846 -0.193633
312 0.186869 -0.165586
313 0.158179 -0.135141
314 0.127206 -0.102796
315 0.0944733 -0.0691411
316 0.0605929 -0.0348478
317 0.026255 -0.000656993
318 -0.00778722 0.0326409
319 -0.0407351 0.0642276
320 -0.071767 0.0932827
321 -0.100065 0.11901
322 -0.124841 0.140669
323 -0.145374 0.157603
324 -0.161034 0.169271
325 -0.171316 0.175279
326 -0.175866 0.175403
327 -0.174506 0.169611
328 -0.167255 0.15808
329 -0.154338 0.141196
330 -0.136197 0.119557
331 -0.113483 0.0939598
332 -0.0870426 0.065382
333 -0.0578914 0.0349473
334 -0.0271831 0.00388628
335 0.00383414 -0.0265131
336 0.0338669 -0.0549615
337 0.0616331 -0.0802269
338 0.0859222 -0.101194
339 0.105657 -0.116922
340 0.11995 -0.1267
341 0.128156 -0.13009
342 0.129913 -0.126959
343 0.125171 -0.117505
344 0.114204 -0.10225
345 0.0976152 -0.0820266
346 0.0763094 -0.057944
347 0.0514587 -0.0313337
348 0.0244429 -0.0036831
349 -0.00322294 0.0234442
350 -0.0299711 0.0484979
351 -0.0542716 0.070034
352 -0.0747227 0.0868056
353 -0.0901398 0.0978453
354 -0.099634 0.102532
355 -0.102677 0.100637
356 -0.099144 0.092349
357 -0.0893304 0.078271
358 -0.0739415 0.0593899
359 -0.0540537 0.0370195
360 -0.0310489 0.0127172
361 -0.00652716 -0.0118206
362 0.0177998 -0.0348761
363 0.0402272 -0.0548327
364 0.0591802 -0.0702936
365 0.0733317 -0.0801866
366 0.0817053 -0.0838493
367 0.0837535 -0.0810854
368 0.0794049 -0.0721885
369 0.0690757 -0.0579268
370 0.0536449 -0.0394898
371 0.0343914 -0.0183975
372 0.0128985 0.00361893
373 -0.00907011 0.024756
374 -0.0297129 0.0432857
375 -0.047341 0.0576994
376 -0.060522 0.066838
377 -0.068204 0.0699951
378 -0.0698096 0.0669842
379 -0.0652894 0.058161
380 -0.0551309 0.0443963
381 -0.0403207 0.0270009
382 -0.0222609 0.00760933
383 -0.00264537 -0.011969
384 0.016695 -0.0299154
385 0.033963 -0.0445719
386 0.0475656 -0.054599
387 0.0562677 -0.0591067
388 0.0593117 -0.0577448
389 0.0564928 -0.0507413
390 0.0481818 -0.0388825
391 0.0352915 -0.0234362
392 0.0191892 -0.00602402
393 0.00156065 0.0115435
394 -0.0157618 0.0274524
395 -0.0309896 0.0400737
396 -0.0425662 0.0481338
397 -0.0493328 0.0508518
398 -0.0506518 0.0480252
399 -0.0464749 0.0400545
400 -0.0373495 0.0279013
401 -0.0243594 0.0129819
402 -0.00900827 -0.00299135
403 0.00694768 -0.0182033
404 0.021697 -0.0309419
405 0.0335804 -0.039793
406 0.0412833 -0.0438025
407 0.0439882 -0.0425874
408 0.0414698 -0.0363821
409 0.03412 -0.0260114
410 0.0228994 -0.0127928
411 0.00922244 0.00162387
412 -0.00521305 0.0154593
413 -0.0186319 0.0270247
414 -0.0293997 0.0349307
415 -0.0362264 0.0382594
416 -0.0383289 0.0366768
417 -0.0355294 0.0304736
418 -0.0282767 0.0205272
419 -0.0175855 0.00818873
420 -0.00490219 -0.00489255
421 0.00808481 -0.0169864
422 0.0196666 -0.0265118
423 0.0283381 -0.0322483
424 0.0329971 -0.0334994
425 0.0330911 -0.0301834
426 0.028692 -0.0228404
427 0.0204854 -0.0125548
428 0.00967408 -0.000802742
429 -0.0021922 0.010753
430 -0.013436 0.0204956
431 -0.0224897 0.0270817
432 -0.0281161 0.0296325
433 -0.0295812 0.0278588
434 -0.0267557 0.0221012
435 -0.0201299 0.013277
436 -0.0107408 0.0027408
437 -1.85437e-05 -0.00791904
438 0.0104255 -0.0171185
439 0.0190406 -0.0235136
440 0.0245701 -0.0261985
441 0.0262408 -0.0248395
442 0.0238775 -0.0197216
443 0.0179243 -0.0117032
444 0.00936992 -0.00208123
445 -0.000409609 0.00761294
446 -0.00986768 0.015856
447 -0.0175287 0.021375
448 -0.0222187 0.023349
449 -0.0232497 0.0215366
450 -0.0205275 0.0163082
451 -0.0145645 0.00857992
452 -0.00639366 -0.000341102
453 0.00260514 -0.00897209
454 0.0109358 -0.0158983
455 0.0172358 -0.0200052
456 0.0205021 -0.0206624
457 0.0202536 -0.0178268
458 0.016606 -0.0120479
459 0.0102451 -0.00436964
460 0.00230638 0.00385309
461 -0.00582138 0.0111923
462 -0.0127351 0.0163965
463 -0.0172598 0.0186066
464 -0.0186528 0.017501
465 -0.0167325 0.0133446
466 -0.0119067 0.00693532
467 -0.00509438 -0.00054184
468 0.00244479 -0.00772836
469 0.00934229 -0.0133362
470 0.0143691 -0.01638
471 0.0166561 -0.0163553
472 0.0158459 -0.0133288
473 0.0121519 -0.00792165
474 0.00631284 -0.00118872
475 -0.000546846 0.00558496
476 -0.00712821 0.0111294
477 -0.0122017 0.0144289
478 -0.0148389 0.0149103
479 -0.0145885 0.0125442
480 -0.0115585 0.00784293
481 -0.00639109 0.00175679
482 -0.000130371 -0.00451213
483 0.00598611 -0.00974327
484 0.0107722 -0.012935
485 0.0133236 -0.0135001
486 0.01319 -0.0113797
487 0.0104564 -0.0070515
488 0.00571889 -0.00142863
489 -3.79862e-05 0.00433018
490 -0.00564042 0.0090597
491 -0.00996169 0.0118257
492 -0.01215 0.0121116
493 -0.0118011 0.00991608
494 -0.00903885 0.00574494
495 -0.00448496 0.000499451
496 0.000876331 -0.00471336
497 0.00590996 -0.00881075
498 0.00957144 -0.0109583
499 0.0111253 -0.0107425
500 0.0102943 -0.00825556
501 0.0073091 -0.00407289
502 0.00285112 0.000874048
503 -0.00209861 0.00550288
504 -0.00647084 0.00881853
505 -0.00933666 0.0101305
506 -0.0101056 0.00919985
507 -0.008651 0.00628384
508 -0.00533557 0.00206958
509 -0.000927907 -0.00248533
510 0.00357149 -0.00636815
511 0.00715734 -0.00873427
512 0.00904708 -0.00909035
513 0.00885545 -0.0073987
514 0.00667551 -0.00408104
515 0.00304836 7.97734e-05
516 -0.00116894 0.00411939
517 -0.00500446 0.00711384
518 -0.00759383 0.00839312
519 -0.00837396 0.00769595
520 -0.00720562 0.00522747
521 -0.00439934 0.0016053
522 -0.000639275 -0.00229324
523 0.00317802 -0.00554417
524 0.00615423 -0.00739724
525 0.00760134 -0.00745001
526 0.0072047 -0.00573518
527 0.00509649 -0.00270307
528 0.00182008 0.000893299
529 -0.00180715 0.00418168
530 -0.00489808 0.00637904
531 -0.006715 0.00697695
532 -0.00684792 0.00586118
533 -0.0053079 0.00333678
534 -0.00251432 5.12849e-05
535 0.00081732 -0.00316709
536 0.00385662 -0.00551756
537 0.00586289 -0.00642889
538 0.00636394 -0.00570265
539 0.00526734 -0.00355968
540 0.00287865 -0.000576967
541 -0.000177771 0.00246715
542 -0.00311707 0.00479721
543 -0.00519331 0.00583927
544 -0.00589041 0.00536238
545 -0.00505482 0.00352841
546 -0.00293361 0.000841
547 -0.000106234 -0.00199016
548 0.00267266 -0.0042336
549 0.00467625 -0.00532242
550 0.00539844 -0.00499704
551 0.00468353 -0.00336913
552 0.00275896 -0.000890288
553 0.000164872 0.00176805
554 -0.0023969 0.00389371
555 -0.00425157 0.00492545
556 -0.00492736 0.00460503
557 -0.00427401 0.00304633
558 -0.00249555 0.000700796
559 -9.08985e-05 -0.00177188
560 0.0022816 -0.00369067
561 0.00398087 -0.00454335
562 0.0045556 -0.0041251
563 0.00386666 -0.00258723
564 0.00212516 -0.000385065
565 -0.000166822 0.00185665
566 -0.00235825 0.00352011
567 -0.0038348 0.00416302
568 -0.00419449 0.00363434
569 -0.0033609 0.00210855
570 -0.00160032 3.16456e-05
571 0.000561848 -0.00200509
572 0.00249894 -0.00342991
573 0.00366623 -0.00384976
574 0.00375483 -0.00316065
575 0.00277245 -0.00157719
576 0.00103075 0.000429007
577 -0.000952625 0.00226692
578 -0.00260629 0.00340062
579 -0.00346718 0.00350884
580 -0.00330805 0.0025802
581 -0.0021968 0.000913569
582 -0.000472962 -0.000976773
583 0.00135171 -0.00252122
584 0.00274146 -0.00326888
585 0.00329258 -0.00302088
586 0.00285266 -0.00188261
587 0.00156686 -0.000221851
588 -0.000165031 0.0014504
589 -0.00181024 0.00263686
590 -0.00286752 0.00300034
591 -0.00302303 0.00245734
592 -0.00224746 0.00119452
593 -0.000802044 -0.000393239
594 0.000848439 -0.00182321
595 0.0021866 -0.00266828
596 0.00280701 -0.00268273
597 0.00254048 -0.00187464
598 0.00149922 -0.000503096
599 3.15955e-05 0.00100039
600 -0.00139497 0.00216479
601 -0.00234274 0.0026272
602 -0.00253653 0.00224901
603 -0.00194114 0.00116168
604 -0.000763485 -0.000275133
605 0.000617706 -0.00159144
606 0.0017709 -0.00236236
607 0.00234345 -0.00234867
608 0.00216763 -0.00157389
609 0.0013103 -0.00031174
610 5.14215e-05 0.00101085
611 -0.00120327 0.00196003
612 -0.00205033 0.00223914
613 -0.00221839 0.00178173
614 -0.00165801 0.000764167
615 -0.00056025 -0.000462331
616 0.000704952 -0.00149342
617 0.00171248 -0.00200422
618 0.00212672 -0.00184966
619 0.00181691 -0.00110277
620 0.000901568 -2.28332e-05
621 -0.000294701 0.00103293
622 -0.0013569 0.00172475
623 -0.00192597 0.00183688
624 -0.0018226 0.00134368
625 -0.00110462 0.000415812
626 -3.89801e-05 -0.000635416
627 0.000998442 -0.00145906
628 0.00165682 -0.00178001
629 0.00172934 -0.00149188
630 0.00121658 -0.000695504
631 0.000315984 0.000332497
632 -0.000654315 0.00123334
633 -0.00136738 0.00169142
634 -0.00159576 0.00154745
635 -0.00128141 0.000857487
636 -0.000547318 -0.000125878
637 0.000349245 -0.00104518
638 0.00110455 -0.00156954
639 0.00146834 -0.00151665
640 0.00132477 -0.000918707
641 0.000729316 -7.17933e-06
642 -0.00010996 0.000877184
643 -0.000901764 0.00141359
644 -0.00137016 0.00141953
645 -0.00135043 0.00091346
646 -0.000849122 0.000100009
647 -4.53254e-05 -0.000713389
648 0.000770318 -0.00123386
649 0.00129965 -0.00128884
650 0.00134733 -0.000881795
651 0.000895973 -0.000180912
652 0.000115579 0.000550583
653 -0.000698753 0.00105308
654 -0.00123885 0.00116127
655 -0.00130231 0.000855954
656 -0.000871199 0.000262299
657 -0.000118485 -0.000400762
658 0.000660828 -0.000899612
659 0.00116662 -0.00106578
660 0.00121142 -0.000850604
661 0.000791604 -0.000338376
662 8.42208e-05 0.00028498
663 -0.000627878 0.000796751
664 -0.00107049 0.00101463
665 -0.00108499 0.000860832
666 -0.000685353 0.000391066
667 -4.45976e-05 -0.000223015
668 0.000580391 -0.000753864
669 0.000952675 -0.00100104
670 0.000945211 -0.000867573
671 0.000582683 -0.000400238
672 2.23457e-05 0.000223955
673 -0.000514244 0.000762997
674 -0.000828748 0.00100367
675 -0.000818185 0.000847547
676 -0.000506092 0.000353679
677 -2.48253e-05 -0.000281602
678 0.00044017 -0.000802022
679 0.000720704 -0.000995665
680 0.000724649 -0.000783266
681 0.000463797 -0.000252752
682 4.3782e-05 0.000375953
683 -0.00037765 0.000842255
684 -0.000647978 0.000954259
685 -0.000673044 0.000669557
686 -0.000448624 0.000112568
687 -6.05609e-05 -0.000479287
688 0.000346311 -0.000857407
689 0.000620126 -0.000867775
690 0.000657334 -0.000514983
691 0.000441998 4.27142e-05
692 5.40473e-05 0.000564232
693 -0.000358266 0.000830613
694 -0.000633415 0.000737986
695 -0.000659555 0.000338541
696 -0.000421009 -0.000186872
697 -8.4698e-06 -0.000610656
698 0.00041365 -0.000757676
699 0.000671955 -0.000578158
700 0.00065578 -0.000163685
701 0.000365969 0.000298369
702 -8.14023e-05 0.000609634
703 -0.000500363 0.000646245
704 -0.000712309 0.000408036
705 -0.000623072 1.19132e-05
706 -0.00026609 -0.000364776
707 0.000208679 -0.000563662
708 0.000597251 -0.000511921
709 0.000729681 -0.000248023
710 0.000545441 0.000101956
711 0.000122184 0.000384041
712 -0.00035619 0.000483985
713 -0.000679394 0.000373124
714 -0.000703828 0.000114273
715 -0.000417348 -0.000171951
716 5.39041e-05 -0.000362918
717 0.000500659 -0.000386233
718 0.000723653 -0.000246301
719 0.00062317 -1.5943e-05
720 0.00024442 0.000200382
721 -0.000242221 0.000313562
722 -0.000617706 0.000286045
723 -0.000713214 0.00014281
724 -0.000486642 -4.51933e-05
725 -4.17484e-05 -0.000195443
726 0.000418985 -0.000249671
727 0.00068649 -0.000195749
728 0.000640284 -6.77964e-05
729 0.000303204 7.32042e-05
730 -0.00016938 0.000167926
731 -0.000560938 0.000183233
732 -0.000693019 0.000122804
733 -0.000506836 2.09934e-05
734 -8.97667e-05 -7.54026e-05
735 0.000365311 -0.000128247
736 0.000649046 -0.000122681
737 0.000631956 -6.99215e-05
738 0.000323705 1.34637e-06
739 -0.000131893 5.96745e-05
740 -0.000523715 8.44318e-05
741 -0.000671022 7.25408e-05
742 -0.00050684 3.64887e-05
743 -0.000108539 -4.10197e-06
744 0.000338399 -3.24801e-05
745 0.000626539 -4.14895e-05
746 0.000622632 -3.44101e-05
747 0.000329209 -2.05316e-05
748 -0.000116825 -8.60403e-06
749 -0.000507896 -1.99086e-06
750 -0.000662155 1.99086e-06
751 -0.000507896 8.60403e-06
752 -0.000116825 2.05316e-05
753 0.000329209 3.44101e-05
754 0.000622632 4.14895e-05
755 0.000626539 3.24801e-05
756 0.000338399 4.10197e-06
757 -0.000108539 -3.64887e-05
758 -0.00050684 -7.25408e-05
759 -0.000671022 -8.44318e-05
760 -0.000523715 -5.96745e-05
761 -0.000131893 -1.34637e-06
762 0.000323705 6.99215e-05
763 0.000631956 0.000122681
764 0.000649046 0.000128247
765 0.000365311 7.54026e-05
766 -8.97667e-05 -2.09934e-05
767 -0.000506836 -0.000122804
768 -0.000693019 -0.000183233
769 -0.000560938 -0.000167926
770 -0.00016938 -7.32042e-05
771 0.000303204 6.77964e-05
772 0.000640284 0.000195749
773 0.00068649 0.000249671
774 0.000418985 0.000195443
775 -4.17484e-05 4.51933e-05
776 -0.000486642 -0.00014281
777 -0.000713214 -0.000286045
778 -0.000617706 -0.000313562
779 -0.000242221 -0.000200382
780 0.00024442 1.5943e-05
781 0.00062317 0.000246301
782 0.000723653 0.000386233
783 0.000500659 0.000362918
784 5.39041e-05 0.000171951
785 -0.000417348 -0.000114273
786 -0.000703828 -0.000373124
787 -0.000679394 -0.000483985
788 -0.00035619 -0.000384041
789 0.000122184 -0.000101956
790 0.000545441 0.000248023
791 0.000729681 0.000511921
792 0.000597251 0.000563662
793 0.000208679 0.000364776
794 -0.00026609 -1.19132e-05
795 -0.000623072 -0.000408036
796 -0.000712309 -0.000646245
797 -0.000500363 -0.000609634
798 -8.14023e-05 -0.000298369
799 0.000365969 0.000163685
800 0.00065578 0.000578158
801 0.000671955 0.000757676
802 0.00041365 0.000610656
803 -8.4698e-06 0.000186872
804 -0.000421009 -0.000338541
805 -0.000659555 -0.000737986
806 -0.000633415 -0.000830613
807 -0.000358266 -0.000564232
808 5.40473e-05 -4.27142e-05
809 0.000441998 0.000514983
810 0.000657334 0.000867775
811 0.000620126 0.000857407
812 0.000346311 0.000479287
813 -6.05609e-05 -0.000112568
814 -0.000448624 -0.000669557
815 -0.000673044 -0.000954259
816 -0.000647978 -0.000842255
817 -0.00037765 -0.000375953
818 4.3782e-05 0.000252752
819 0.000463797 0.000783266
820 0.000724649 0.000995665
821 0.000720704 0.000802022
822 0.00044017 0.000281602
823 -2.48253e-05 -0.000353679
824 -0.000506092 -0.000847547
825 -0.000818185 -0.00100367
826 -0.000828748 -0.000762997
827 -0.000514244 -0.000223955
828 2.23457e-05 0.000400238
829 0.000582683 0.000867573
830 0.000945211 0.00100104
831 0.000952675 0.000753864
832 0.000580391 0.000223015
833 -4.45976e-05 -0.000391066
834 -0.000685353 -0.000860832
835 -0.00108499 -0.00101463
836 -0.00107049 -0.000796751
837 -0.000627878 -0.00028498
838 8.42208e-05 0.000338376
839 0.000791604 0.000850604
840 0.00121142 0.00106578
841 0.00116662 0.000899612
842 0.000660828 0.000400762
843 -0.000118485 -0.000262299
844 -0.000871199 -0.000855954
845 -0.00130231 -0.00116127
846 -0.00123885 -0.00105308
847 -0.000698753 -0.000550583
848 0.000115579 0.000180912
849 0.000895973 0.000881795
850 0.00134733 0.00128884
851 0.00129965 0.00123386
852 0.000770318 0.000713389
853 -4.53254e-05 -0.000100009
854 -0.000849122 -0.00091346
855 -0.00135043 -0.00141953
856 -0.00137016 -0.00141359
857 -0.000901764 -0.000877184
858 -0.00010996 7.17933e-06
859 0.000729316 0.000918707
860 0.00132477 0.00151665
861 0.00146834 0.00156954
862 0.00110455 0.00104518
863 0.000349245 0.000125878
864 -0.000547318 -0.000857487
865 -0.00128141 -0.00154745
866 -0.00159576 -0.00169142
867 -0.00136738 -0.00123334
868 -0.000654315 -0.000332497
869 0.000315984 0.000695504
870 0.00121658 0.00149188
871 0.00172934 0.00178001
872 0.00165682 0.00145906
873 0.000998442 0.000635416
874 -3.89801e-05 -0.000415812
875 -0.00110462 -0.00134368
876 -0.0018226 -0.00183688
877 -0.00192597 -0.00172475
878 -0.0013569 -0.00103293
879 -0.000294701 2.28332e-05
880 0.000901568 0.00110277
881 0.00181691 0.00184966
882 0.00212672 0.00200422
883 0.00171248 0.00149342
884 0.000704952 0.000462331
885 -0.00056025 -0.000764167
886 -0.00165801 -0.00178173
887 -0.00221839 -0.00223914
888 -0.00205033 -0.00196003
889 -0.00120327 -0.00101085
890 5.14215e-05 0.00031174
891 0.0013103 0.00157389
892 0.00216763 0.00234867
893 0.00234345 0.00236236
894 0.0017709 0.00159144
895 0.000617706 0.000275133
896 -0.000763485 -0.00116168
897 -0.00194114 -0.00224901
898 -0.00253653 -0.0026272
899 -0.00234274 -0.00216479
900 -0.00139497 -0.00100039
901 3.15955e-05 0.000503096
902 0.00149922 0.00187464
903 0.00254048 0.00268273
904 0.00280701 0.00266828
905 0.0021866 0.00182321
906 0.000848439 0.000393239
907 -0.000802044 -0.00119452
908 -0.00224746 -0.00245734
909 -0.00302303 -0.00300034
910 -0.00286752 -0.00263686
911 -0.00181024 -0.0014504
912 -0.000165031 0.000221851
913 0.00156686 0.00188261
914 0.00285266 0.00302088
915 0.00329258 0.00326888
916 0.00274146 0.00252122
917 0.00135171 0.000976773
918 -0.000472962 -0.000913569
919 -0.0021968 -0.0025802
920 -0.00330805 -0.00350884
921 -0.00346718 -0.00340062
922 -0.00260629 -0.00226692
923 -0.000952625 -0.000429007
924 0.00103075 0.00157719
925 0.00277245 0.00316065
926 0.00375483 0.00384976
927 0.00366623 0.00342991
928 0.00249894 0.00200509
929 0.000561848 -3.16456e-05
930 -0.00160032 -0.00210855
931 -0.0033609 -0.00363434
932 -0.00419449 -0.00416302
933 -0.0038348 -0.00352011
934 -0.00235825 -0.00185665
935 -0.000166822 0.000385065
936 0.00212516 0.00258723
937 0.00386666 0.0041251
938 0.0045556 0.00454335
939 0.00398087 0.00369067
940 0.0022816 0.00177188
941 -9.08985e-05 -0.000700796
942 -0.00249555 -0.00304633
943 -0.00427401 -0.00460503
944 -0.00492736 -0.00492545
945 -0.00425157 -0.00389371
946 -0.0023969 -0.00176805
947 0.000164872 0.000890288
948 0.00275896 0.00336913
949 0.00468353 0.00499704
950 0.00539844 0.00532242
951 0.00467625 0.0042336
952 0.00267266 0.00199016
953 -0.000106234 -0.000841
954 -0.00293361 -0.00352841
955 -0.00505482 -0.00536238
956 -0.00589041 -0.00583927
957 -0.00519331 -0.00479721
958 -0.00311707 -0.00246715
959 -0.000177771 0.000576967
960 0.00287865 0.00355968
961 0.00526734 0.00570265
962 0.00636394 0.00642889
963 0.00586289 0.00551756
964 0.00385662 0.00316709
965 0.00081732 -5.12849e-05
966 -0.00251432 -0.00333678
967 -0.0053079 -0.00586118
968 -0.00684792 -0.00697695
969 -0.006715 -0.00637904
970 -0.00489808 -0.00418168
971 -0.00180715 -0.000893299
972 0.00182008 0.00270307
973 0.00509649 0.00573518
974 0.0072047 0.00745001
975 0.00760134 0.00739724
976 0.00615423 0.00554417
977 0.00317802 0.00229324
978 -0.000639275 -0.0016053
979 -0.00439934 -0.00522747
980 -0.00720562 -0.00769595
981 -0.00837396 -0.00839312
982 -0.00759383 -0.00711384
983 -0.00500446 -0.00411939
984 -0.00116894 -7.97734e-05
985 0.00304836 0.00408104
986 0.00667551 0.0073987
987 0.00885545 0.00909035
988 0.00904708 0.00873427
989 0.00715734 0.00636815
990 0.00357149 0.00248533
991 -0.000927907 -0.00206958
992 -0.00533557 -0.00628384
993 -0.008651 -0.00919985
994 -0.0101056 -0.0101305
995 -0.00933666 -0.00881853
996 -0.00647084 -0.00550288
997 -0.00209861 -0.000874048
998 0.00285112 0.00407289
999 0.0073091 0.00825556
