0 0.0710357 0.0679708
1 0.0642341 0.0604489
2 0.0526265 0.0487801
3 0.0371113 0.0335712
4 0.018895 0.0156727
5 -0.000661947 -0.00382604
6 -0.0201968 -0.0236393
7 -0.0384622 -0.0423714
8 -0.0543914 -0.0586417
9 -0.0671143 -0.0712284
10 -0.0759456 -0.0792028
11 -0.0803709 -0.0820243
12 -0.0800524 -0.0795765
13 -0.0748606 -0.0721378
14 -0.0649251 -0.0603011
15 -0.050682 -0.0448693
16 -0.0328942 -0.0267595
17 -0.0126267 -0.00693857
18 0.00883058 0.0136002
19 0.0300802 0.0338335
20 0.0497552 0.0527022
21 0.0666487 0.0691297
22 0.0798096 0.0820809
23 0.0885885 0.0906579
24 0.0926337 0.0942103
25 0.0918497 0.0924285
26 0.0863421 0.0853906
27 0.0763727 0.0735483
28 0.0623435 0.0576571
29 0.0448093 0.0386713
30 0.0245065 0.0176355
31 0.00237189 -0.00440219
32 -0.0204735 -0.0264393
33 -0.0427883 -0.0475327
34 -0.0633182 -0.0667902
35 -0.0809223 -0.0833625
36 -0.094685 -0.0964525
37 -0.103984 -0.105353
38 -0.108502 -0.109507
39 -0.108182 -0.108583
40 -0.103162 -0.102529
41 -0.0937114 -0.0916054
42 -0.0801909 -0.0763657
43 -0.063055 -0.0575964
44 -0.0428772 -0.0362256
45 -0.0203807 -0.0132249
46 0.00355073 0.0104689
47 0.0278991 0.0339938
48 0.0515766 0.0565619
49 0.0735155 0.0774311
50 0.0927625 0.095875
51 0.108552 0.111176
52 0.120344 0.122658
53 0.127819 0.129751
54 0.130846 0.132073
55 0.129426 0.129492
56 0.123652 0.12215
57 0.113685 0.110431
58 0.099758 0.0948888
59 0.0822091 0.0761606
60 0.0615133 0.0548932
61 0.0383059 0.0317061
62 0.0133717 0.00719572
63 -0.0124036 -0.018031
64 -0.0381109 -0.0433203
65 -0.0629039 -0.0679554
66 -0.0860658 -0.0911754
67 -0.107037 -0.112227
68 -0.1254 -0.130434
69 -0.140827 -0.145261
70 -0.153027 -0.156352
71 -0.161715 -0.163532
72 -0.166612 -0.166776
73 -0.167497 -0.166157
74 -0.16426 -0.161798
75 -0.156963 -0.153837
76 -0.145845 -0.142422
77 -0.131306 -0.127727
78 -0.11383 -0.109993
79 -0.0939199 -0.089552
80 -0.0720304 -0.0668475
81 -0.0485498 -0.0424157
82 -0.0238152 -0.0168416
83 0.0018447 0.00930151
84 0.0280647 0.0355107
85 0.0544193 0.0613871
86 0.0804323 0.086635
87 0.105617 0.111027
88 0.129529 0.134351
89 0.151818 0.156369
90 0.172251 0.176797
91 0.190705 0.195331
92 0.20714 0.211695
93 0.221546 0.225702
94 0.233912 0.237294
95 0.244199 0.246538
96 0.252346 0.253592
97 0.258297 0.25864
98 0.262039 0.261829
99 0.263632 0.263239
100 0.263224 0.262892
101 0.261037 0.260797
102 0.257333 0.257005
103 0.252357 0.251648
104 0.246306 0.244952
105 0.239302 0.237197
106 0.231412 0.228666
107 0.222681 0.219588
108 0.213182 0.21011
109 0.203052 0.200296
110 0.192495 0.190169
111 0.18175 0.179755
112 0.171046 0.169127
113 0.160547 0.158414
114 0.150321 0.147786
115 0.140353 0.137421
116 0.130587 0.127454
117 0.12098 0.11796
118 0.111551 0.10894
119 0.102396 0.100348
120 0.0936589 0.0921251
121 0.0854785 0.0842327
122 0.0779362 0.0766767
123 0.0710239 0.0695077
124 0.0646527 0.0628022
125 0.058696 0.0566311
126 0.0530467 0.0510294
127 0.0476621 0.0459787
128 0.0425765 0.0414091
129 0.0378762 0.0372215
130 0.0336507 0.0333211
131 0.029943 0.0296496
132 0.026723 0.026203
133 0.0238948 0.0230257
134 0.021333 0.0201839
135 0.0189315 0.0177273
136 0.0166402 0.0156572
137 0.0144754 0.0139142
138 0.0125 0.012394
139 0.0107841 0.0109847
140 0.00936549 0.00960938
141 0.00822758 0.00825493
142 0.0073028 0.00697257
143 0.00649844 0.00584852
144 0.00573187 0.00495767
145 0.00495933 0.00432164
146 0.00418669 0.00389148
147 0.00345912 0.00356405
148 0.00283567 0.00322522
149 0.00236021 0.00279972
150 0.00204062 0.00228377
151 0.00184406 0.00174407
152 0.00170917 0.00128316
153 0.00156951 0.000987343
154 0.00137856 0.000882304
155 0.00112642 0.000918206
156 0.000841598 0.000991666
157 0.000577459 0.00099404
158 0.000388605 0.000862385
159 0.000306595 0.000608157
160 0.000324944 0.000309687
161 0.000399928 7.23601e-05
162 0.000467526 -2.37329e-05
163 0.000470017 3.70086e-05
164 0.000381168 0.000198577
165 0.000218733 0.00036124
166 3.77881e-05 0.000430176
167 -9.33158e-05 0.000360757
168 -0.000124407 0.000178477
169 -4.8103e-05 -3.55919e-05
170 9.44961e-05 -0.000185874
171 0.000230889 -0.000209202
172 0.000290156 -0.000104541
173 0.00023678 6.84411e-05
174 8.89339e-05 0.000220228
175 -8.84453e-05 0.000275688
176 -0.000213592 0.000209634
177 -0.000227193 5.67617e-05
178 -0.000122103 -0.000107789
179 5.15206e-05 -0.000206488
180 0.000209102 -0.000196789
181 0.000272221 -8.97978e-05
182 0.000207341 5.77771e-05
183 4.33889e-05 0.000173099
184 -0.000141182 0.000202768
185 -0.000256249 0.000137107
186 -0.000244541 1.22272e-05
187 -0.000110698 -0.000109817
188 8.00224e-05 -0.000172001
189 0.000233367 -0.000149001
190 0.000272729 -5.71546e-05
191 0.000177611 5.59683e-05
192 -5.54995e-06 0.000136048
193 -0.000186026 0.000147982
194 -0.000273899 9.09309e-05
195 -0.000225134 -3.84519e-06
196 -6.39112e-05 -8.9973e-05
197 0.00012921 -0.000128611
198 0.00025756 -0.000105717
199 0.000256889 -3.64181e-05
200 0.000127718 4.43224e-05
201 -6.48761e-05 9.92182e-05
202 -0.000224024 0.000105629
203 -0.00026989 6.44266e-05
204 -0.00017989 -2.42061e-06
205 2.26029e-08 -6.33731e-05
206 0.00017874 -9.20211e-05
207 0.000266168 -7.82126e-05
208 0.000218772 -3.11023e-05
209 6.14033e-05 2.64327e-05
210 -0.000125619 6.87781e-05
211 -0.000247496 7.87509e-05
212 -0.000243087 5.42002e-05
213 -0.000115704 7.72811e-06
214 6.9014e-05 -3.9673e-05
215 0.000216885 -6.78907e-05
216 0.000253235 -6.58957e-05
217 0.000160687 -3.57454e-05
218 -1.24814e-05 8.85782e-06
219 -0.000177447 4.85812e-05
220 -0.000250385 6.65497e-05
221 -0.00019509 5.53159e-05
222 -4.10096e-05 1.99486e-05
223 0.000132336 -2.40679e-05
224 0.000236331 -5.73898e-05
225 0.00021856 -6.51843e-05
226 8.92768e-05 -4.37503e-05
227 -8.43538e-05 -2.39839e-06
228 -0.000213068 4.0433e-05
229 -0.000231367 6.5289e-05
230 -0.000130876 6.05139e-05
231 3.58109e-05 2.77811e-05
232 0.000182581 -1.83119e-05
233 0.000234243 -5.66222e-05
234 0.000165045 -6.91024e-05
235 1.15266e-05 -4.93489e-05
236 -0.000146707 -5.99111e-06
237 -0.000228199 4.09252e-05
238 -0.000191526 6.91537e-05
239 -5.63462e-05 6.48627e-05
240 0.000107081 2.95374e-05
241 0.000214327 -2.03574e-05
242 0.000210338 -6.10392e-05
243 9.76619e-05 -7.28274e-05
244 -6.50842e-05 -4.9768e-05
245 -0.000193624 -2.68808e-06
246 -0.00022158 4.59071e-05
247 -0.000134711 7.26596e-05
248 2.18247e-05 6.46476e-05
249 0.000166881 2.56498e-05
250 0.000225321 -2.56498e-05
251 0.000166881 -6.46476e-05
252 2.18247e-05 -7.26596e-05
253 -0.000134711 -4.59071e-05
254 -0.00022158 2.68808e-06
255 -0.000193624 4.9768e-05
256 -6.50842e-05 7.28274e-05
257 9.76619e-05 6.10392e-05
258 0.000210338 2.03574e-05
259 0.000214327 -2.95374e-05
260 0.000107081 -6.48627e-05
261 -5.63462e-05 -6.91537e-05
262 -0.000191526 -4.09252e-05
263 -0.000228199 5.99111e-06
264 -0.000146707 4.93489e-05
265 1.15266e-05 6.91024e-05
266 0.000165045 5.66222e-05
267 0.000234243 1.83119e-05
268 0.000182581 -2.77811e-05
269 3.58109e-05 -6.05139e-05
270 -0.000130876 -6.5289e-05
271 -0.000231367 -4.0433e-05
272 -0.000213068 2.39839e-06
273 -8.43538e-05 4.37503e-05
274 8.92768e-05 6.51843e-05
275 0.00021856 5.73898e-05
276 0.000236331 2.40679e-05
277 0.000132336 -1.99486e-05
278 -4.10096e-05 -5.53159e-05
279 -0.00019509 -6.65497e-05
280 -0.000250385 -4.85812e-05
281 -0.000177447 -8.85782e-06
282 -1.24814e-05 3.57454e-05
283 0.000160687 6.58957e-05
284 0.000253235 6.78907e-05
285 0.000216885 3.9673e-05
286 6.9014e-05 -7.72811e-06
287 -0.000115704 -5.42002e-05
288 -0.000243087 -7.87509e-05
289 -0.000247496 -6.87781e-05
290 -0.000125619 -2.64327e-05
291 6.14033e-05 3.11023e-05
292 0.000218772 7.82126e-05
293 0.000266168 9.20211e-05
294 0.00017874 6.33731e-05
295 2.26029e-08 2.42061e-06
296 -0.00017989 -6.44266e-05
297 -0.00026989 -0.000105629
298 -0.000224024 -9.92182e-05
299 -6.48761e-05 -4.43224e-05
300 0.000127718 3.64181e-05
301 0.000256889 0.000105717
302 0.00025756 0.000128611
303 0.00012921 8.9973e-05
304 -6.39112e-05 3.84519e-06
305 -0.000225134 -9.09309e-05
306 -0.000273899 -0.000147982
307 -0.000186026 -0.000136048
308 -5.54995e-06 -5.59683e-05
309 0.000177611 5.71546e-05
310 0.000272729 0.000149001
311 0.000233367 0.000172001
312 8.00224e-05 0.000109817
313 -0.000110698 -1.22272e-05
314 -0.000244541 -0.000137107
315 -0.000256249 -0.000202768
316 -0.000141182 -0.000173099
317 4.33889e-05 -5.77771e-05
318 0.000207341 8.97978e-05
319 0.000272221 0.000196789
320 0.000209102 0.000206488
321 5.15206e-05 0.000107789
322 -0.000122103 -5.67617e-05
323 -0.000227193 -0.000209634
324 -0.000213592 -0.000275688
325 -8.84453e-05 -0.000220228
326 8.89339e-05 -6.84411e-05
327 0.00023678 0.000104541
328 0.000290156 0.000209202
329 0.000230889 0.000185874
330 9.44961e-05 3.55919e-05
331 -4.8103e-05 -0.000178477
332 -0.000124407 -0.000360757
333 -9.33158e-05 -0.000430176
334 3.77881e-05 -0.00036124
335 0.000218733 -0.000198577
336 0.000381168 -3.70086e-05
337 0.000470017 2.37329e-05
338 0.000467526 -7.23601e-05
339 0.000399928 -0.000309687
340 0.000324944 -0.000608157
341 0.000306595 -0.000862385
342 0.000388605 -0.00099404
343 0.000577459 -0.000991666
344 0.000841598 -0.000918206
345 0.00112642 -0.000882304
346 0.00137856 -0.000987343
347 0.00156951 -0.00128316
348 0.00170917 -0.00174407
349 0.00184406 -0.00228377
350 0.00204062 -0.00279972
351 0.00236021 -0.00322522
352 0.00283567 -0.00356405
353 0.00345912 -0.00389148
354 0.00418669 -0.00432164
355 0.00495933 -0.00495767
356 0.00573187 -0.00584852
357 0.00649844 -0.00697257
358 0.0073028 -0.00825493
359 0.00822758 -0.00960938
360 0.00936549 -0.0109847
361 0.0107841 -0.012394
362 0.0125 -0.0139142
363 0.0144754 -0.0156572
364 0.0166402 -0.0177273
365 0.0189315 -0.0201839
366 0.021333 -0.0230257
367 0.0238948 -0.026203
368 0.026723 -0.0296496
369 0.029943 -0.0333211
370 0.0336507 -0.0372215
371 0.0378762 -0.0414091
372 0.0425765 -0.0459787
373 0.0476621 -0.0510294
374 0.0530467 -0.0566311
375 0.058696 -0.0628022
376 0.0646527 -0.0695077
377 0.0710239 -0.0766767
378 0.0779362 -0.0842327
379 0.0854785 -0.0921251
380 0.0936589 -0.100348
381 0.102396 -0.10894
382 0.111551 -0.11796
383 0.12098 -0.127454
384 0.130587 -0.137421
385 0.140353 -0.147786
386 0.150321 -0.158414
387 0.160547 -0.169127
388 0.171046 -0.179755
389 0.18175 -0.190169
390 0.192495 -0.200296
391 0.203052 -0.21011
392 0.213182 -0.219588
393 0.222681 -0.228666
394 0.231412 -0.237197
395 0.239302 -0.244952
396 0.246306 -0.251648
397 0.252357 -0.257005
398 0.257333 -0.260797
399 0.261037 -0.262892
400 0.263224 -0.263239
401 0.263632 -0.261829
402 0.262039 -0.25864
403 0.258297 -0.253592
404 0.252346 -0.246538
405 0.244199 -0.237294
406 0.233912 -0.225702
407 0.221546 -0.211695
408 0.20714 -0.195331
409 0.190705 -0.176797
410 0.172251 -0.156369
411 0.151818 -0.134351
412 0.129529 -0.111027
413 0.105617 -0.086635
414 0.0804323 -0.0613871
415 0.0544193 -0.0355107
416 0.0280647 -0.00930151
417 0.0018447 0.0168416
418 -0.0238152 0.0424157
419 -0.0485498 0.0668475
420 -0.0720304 0.089552
421 -0.0939199 0.109993
422 -0.11383 0.127727
423 -0.131306 0.142422
424 -0.145845 0.153837
425 -0.156963 0.161798
426 -0.16426 0.166157
427 -0.167497 0.166776
428 -0.166612 0.163532
429 -0.161715 0.156352
430 -0.153027 0.145261
431 -0.140827 0.130434
432 -0.1254 0.112227
433 -0.107037 0.0911754
434 -0.0860658 0.0679554
435 -0.0629039 0.0433203
436 -0.0381109 0.018031
437 -0.0124036 -0.00719572
438 0.0133717 -0.0317061
439 0.0383059 -0.0548932
440 0.0615133 -0.0761606
441 0.0822091 -0.0948888
442 0.099758 -0.110431
443 0.113685 -0.12215
444 0.123652 -0.129492
445 0.129426 -0.132073
446 0.130846 -0.129751
447 0.127819 -0.122658
448 0.120344 -0.111176
449 0.108552 -0.095875
450 0.0927625 -0.0774311
451 0.0735155 -0.0565619
452 0.0515766 -0.0339938
453 0.0278991 -0.0104689
454 0.00355073 0.0132249
455 -0.0203807 0.0362256
456 -0.0428772 0.0575964
457 -0.063055 0.0763657
458 -0.0801909 0.0916054
459 -0.0937114 0.102529
460 -0.103162 0.108583
461 -0.108182 0.109507
462 -0.108502 0.105353
463 -0.103984 0.0964525
464 -0.094685 0.0833625
465 -0.0809223 0.0667902
466 -0.0633182 0.0475327
467 -0.0427883 0.0264393
468 -0.0204735 0.00440219
469 0.00237189 -0.0176355
470 0.0245065 -0.0386713
471 0.0448093 -0.0576571
472 0.0623435 -0.0735483
473 0.0763727 -0.0853906
474 0.0863421 -0.0924285
475 0.0918497 -0.0942103
476 0.0926337 -0.0906579
477 0.0885885 -0.0820809
478 0.0798096 -0.0691297
479 0.0666487 -0.0527022
480 0.0497552 -0.0338335
481 0.0300802 -0.0136002
482 0.00883058 0.00693857
483 -0.0126267 0.0267595
484 -0.0328942 0.0448693
485 -0.050682 0.0603011
486 -0.0649251 0.0721378
487 -0.0748606 0.0795765
488 -0.0800524 0.0820243
489 -0.0803709 0.0792028
490 -0.0759456 0.0712284
491 -0.0671143 0.0586417
492 -0.0543914 0.0423714
493 -0.0384622 0.0236393
494 -0.0201968 0.00382604
495 -0.000661947 -0.0156727
496 0.018895 -0.0335712
497 0.0371113 -0.0487801
498 0.0526265 -0.0604489
499 0.0642341 -0.0679708
500 0.0710357 -0.0709695
501 0.0725583 -0.0692875
502 0.068805 -0.0629926
503 0.0602302 -0.0524041
504 0.0476512 -0.0381306
505 0.0321264 -0.0210927
506 0.0148318 -0.0025077
507 -0.00303469 0.0161838
508 -0.0203137 0.0334504
509 -0.0359148 0.0478428
510 -0.0488345 0.0581721
511 -0.058184 0.0636533
512 -0.0632395 0.0639825
513 -0.0635168 0.0593354
514 -0.0588587 0.0502961
515 -0.0495108 0.0377449
516 -0.0361593 0.0227394
517 -0.0199088 0.00641751
518 -0.00218894 -0.0100655
519 0.0153994 -0.0255719
520 0.0312756 -0.0390068
521 0.0440688 -0.0493556
522 0.0527688 -0.0557493
523 0.0568097 -0.057556
524 0.056078 -0.0544848
525 0.050859 -0.0466744
526 0.041747 -0.0347396
527 0.0295543 -0.0197499
528 0.0152409 -0.0031339
529 -0.000127331 0.0134824
530 -0.0154036 0.0284779
531 -0.0293902 0.040441
532 -0.0408978 0.0483356
533 -0.0488437 0.0515998
534 -0.0523828 0.0501625
535 -0.0510464 0.044388
536 -0.0448532 0.0349756
537 -0.0343589 0.0228479
538 -0.0206222 0.00905569
539 -0.00508692 -0.00528556
540 0.0106028 -0.0190361
541 0.024819 -0.0310669
542 0.0361579 -0.0403128
543 0.0436013 -0.0458575
544 0.0466059 -0.0470467
545 0.0451146 -0.0436095
546 0.0394988 -0.035754
547 0.0304599 -0.0242052
548 0.0189202 -0.0101608
549 0.00592866 0.00483759
550 -0.00740482 0.0191027
551 -0.0199544 0.0310337
552 -0.0306195 0.0393384
553 -0.0383839 0.0432028
554 -0.042407 0.0423785
555 -0.04214 0.0371753
556 -0.0374452 0.0283709
557 -0.0286829 0.0170636
558 -0.0167307 0.00450726
559 -0.00291446 -0.00803826
560 0.0111488 -0.0194173
561 0.0237727 -0.0286445
562 0.033447 -0.0349381
563 0.0390597 -0.0377424
564 0.0400506 -0.0367578
565 0.0364716 -0.0319857
566 0.028944 -0.0237793
567 0.0185308 -0.0128759
568 0.00655455 -0.000381868
569 -0.00559813 0.0123103
570 -0.0166464 0.0236769
571 -0.0255359 0.0322714
572 -0.0315014 0.0369491
573 -0.034084 0.0370632
574 -0.0331209 0.0325881
575 -0.0287329 0.0241401
576 -0.0213191 0.0128884
577 -0.0115591 0.000370035
578 -0.000402876 -0.0117543
579 0.0109709 -0.0219561
580 0.0212496 -0.0290566
581 0.0291358 -0.0323664
582 0.0335352 -0.0317299
583 0.033749 -0.0274785
584 0.0296251 -0.0203207
585 0.02163 -0.011203
586 0.0108138 -0.00117964
587 -0.001333 0.00869145
588 -0.0131085 0.0174198
589 -0.0228731 0.0241333
590 -0.0293132 0.0281258
591 -0.031645 0.0289139
592 -0.0297187 0.026305
593 -0.0240071 0.0204637
594 -0.0154865 0.0119539
595 -0.00544409 0.00173138
596 0.00474437 -0.00893225
597 0.0138172 -0.0185985
598 0.0207752 -0.0258687
599 0.0249608 -0.0296169
600 0.0260722 -0.0292009
601 0.0241365 -0.0246061
602 0.0194627 -0.0164824
603 0.012597 -0.0060571
604 0.00428299 0.00506564
605 -0.00457822 0.0151816
606 -0.0129818 0.0227827
607 -0.0199005 0.0268117
608 -0.0243963 0.0268232
609 -0.025756 0.0230232
610 -0.023628 0.0161878
611 -0.0181302 0.00748826
612 -0.00989658 -0.00173289
613 -3.67569e-05 -0.0101845
614 0.0100021 -0.0168078
615 0.0186573 -0.0208897
616 0.0245207 -0.0221048
617 0.0266031 -0.0204952
618 0.0245341 -0.0164112
619 0.0186486 -0.0104345
620 0.00993776 -0.00330288
621 -0.000131253 0.0041561
622 -0.00988643 0.0110833
623 -0.0177572 0.0166482
624 -0.0225511 0.0201205
625 -0.023647 0.0209582
626 -0.0210705 0.018905
627 -0.015445 0.0140773
628 -0.00783821 0.00701189
629 0.000456787 -0.00135306
630 0.00815684 -0.00978073
631 0.014193 -0.0169178
632 0.0178495 -0.021529
633 0.0188209 -0.0227373
634 0.0171945 -0.0202176
635 0.0133756 -0.0142951
636 0.00798791 -0.00592008
637 0.00177235 0.00348428
638 -0.00449684 0.0122756
639 -0.0100761 0.0189002
640 -0.0143029 0.0221919
641 -0.0166438 0.0216001
642 -0.0167488 0.017296
643 -0.0145093 0.0101337
644 -0.0101109 0.00147294
645 -0.00405839 -0.00709695
646 0.00284556 -0.0140698
647 0.00958164 -0.0183051
648 0.0150553 -0.0192215
649 0.0182806 -0.0168675
650 0.0185742 -0.0118642
651 0.0157184 -0.00524493
652 0.0100515 0.00176801
653 0.00245522 0.00799708
654 -0.00577246 0.0125089
655 -0.0131428 0.0147445
656 -0.0182613 0.0145659
657 -0.0201131 0.0122216
658 -0.0182856 0.00825145
659 -0.0130738 0.00336102
660 -0.0054405 -0.00170416
661 0.00316591 -0.00626065
662 0.0110989 -0.00975457
663 0.0168453 -0.0117967
664 0.0193308 -0.0121759
665 0.0181332 -0.0108635
666 0.0135595 -0.00801576
667 0.0065736 -0.00397255
668 -0.00141194 0.000755176
669 -0.00883053 0.00552123
670 -0.0142818 0.00961089
671 -0.0168077 0.0123382
672 -0.0160667 0.0131634
673 -0.0123729 0.0118089
674 -0.0065967 0.00834886
675 4.27162e-05 0.00324466
676 0.00624318 -0.0026933
677 0.0108814 -0.00842228
678 0.0132175 -0.0128501
679 0.0130045 -0.0150522
680 0.0104911 -0.0144783
681 0.00632703 -0.0110979
682 0.00140122 -0.00544735
683 -0.00334918 0.00144496
684 -0.00711721 0.0082449
685 -0.00935811 0.0135778
686 -0.00985417 0.0163174
687 -0.00870821 0.0158347
688 -0.00627818 0.0121508
689 -0.0030769 0.00595487
690 0.000335521 -0.0015215
691 0.0034432 -0.00875171
692 0.00583697 -0.0142328
693 0.00724607 -0.0168074
694 0.00754555 -0.0159181
695 0.00674903 -0.0117354
696 0.00499469 -0.00513006
697 0.00252792 0.00250927
698 -0.000319698 0.00957195
699 -0.00315804 0.0145719
700 -0.00557577 0.0164677
701 -0.00718839 0.0148858
702 -0.00769497 0.0101977
703 -0.00693696 0.00343527
704 -0.00494773 -0.00393708
705 -0.00197828 -0.0103424
706 0.00151467 -0.0144323
707 0.00492652 -0.0153755
708 0.00760573 -0.0130303
709 0.008982 -0.00796478
710 0.00869474 -0.00132276
711 0.00669087 0.00543461
712 0.00326475 0.0108518
713 -0.000974997 0.0137954
714 -0.00521022 0.0136934
715 -0.00857194 0.0106475
716 -0.0103218 0.0053956
717 -0.0100183 -0.000864981
718 -0.00763047 -0.00674899
719 -0.00356923 -0.01099
720 0.00137601 -0.0127134
721 0.00618933 -0.0116166
722 0.00983985 -0.00802086
723 0.0115081 -0.00278476
724 0.0107754 0.00289733
725 0.00773097 0.00776557
726 0.00296912 0.010773
727 -0.00252664 0.0113108
728 -0.00758839 0.00933111
729 -0.0111146 0.00534362
730 -0.0123124 0.000288627
731 -0.0108778 -0.00468201
732 -0.00707434 -0.00846512
733 -0.00168762 -0.0102493
734 0.00413529 -0.00968733
735 0.00913159 -0.0069626
736 0.0121998 -0.00273634
737 0.0126468 0.00200889
738 0.0103471 0.00619401
739 0.00577796 0.00888558
740 -8.05162e-05 0.00950201
741 -0.00595763 0.00793853
742 -0.0105699 0.00458413
743 -0.0129028 0.000227626
744 -0.0124348 -0.00412491
745 -0.0092546 -0.00747958
746 -0.0040455 -0.00907883
747 0.00206098 -0.00857031
748 0.00773122 -0.00608318
749 0.0117225 -0.00219596
750 0.0131582 0.00219596
751 0.0117225 0.00608318
752 0.00773122 0.00857031
753 0.00206098 0.00907883
754 -0.0040455 0.00747958
755 -0.0092546 0.00412491
756 -0.0124348 -0.000227626
757 -0.0129028 -0.00458413
758 -0.0105699 -0.00793853
759 -0.00595763 -0.00950201
760 -8.05162e-05 -0.00888558
761 0.00577796 -0.00619401
762 0.0103471 -0.00200889
763 0.0126468 0.00273634
764 0.0121998 0.0069626
765 0.00913159 0.00968733
766 0.00413529 0.0102493
767 -0.00168762 0.00846512
768 -0.00707434 0.00468201
769 -0.0108778 -0.000288627
770 -0.0123124 -0.00534362
771 -0.0111146 -0.00933111
772 -0.00758839 -0.0113108
773 -0.00252664 -0.010773
774 0.00296912 -0.00776557
775 0.00773097 -0.00289733
776 0.0107754 0.00278476
777 0.0115081 0.00802086
778 0.00983985 0.0116166
779 0.00618933 0.0127134
780 0.00137601 0.01099
781 -0.00356923 0.00674899
782 -0.00763047 0.000864981
783 -0.0100183 -0.0053956
784 -0.0103218 -0.0106475
785 -0.00857194 -0.0136934
786 -0.00521022 -0.0137954
787 -0.000974997 -0.0108518
788 0.00326475 -0.00543461
789 0.00669087 0.00132276
790 0.00869474 0.00796478
791 0.008982 0.0130303
792 0.00760573 0.0153755
793 0.00492652 0.0144323
794 0.00151467 0.0103424
795 -0.00197828 0.00393708
796 -0.00494773 -0.00343527
797 -0.00693696 -0.0101977
798 -0.00769497 -0.0148858
799 -0.00718839 -0.0164677
800 -0.00557577 -0.0145719
801 -0.00315804 -0.00957195
802 -0.000319698 -0.00250927
803 0.00252792 0.00513006
804 0.00499469 0.0117354
805 0.00674903 0.0159181
806 0.00754555 0.0168074
807 0.00724607 0.0142328
808 0.00583697 0.00875171
809 0.0034432 0.0015215
810 0.000335521 -0.00595487
811 -0.0030769 -0.0121508
812 -0.00627818 -0.0158347
813 -0.00870821 -0.0163174
814 -0.00985417 -0.0135778
815 -0.00935811 -0.0082449
816 -0.00711721 -0.00144496
817 -0.00334918 0.00544735
818 0.00140122 0.0110979
819 0.00632703 0.0144783
820 0.0104911 0.0150522
821 0.0130045 0.0128501
822 0.0132175 0.00842228
823 0.0108814 0.0026933
824 0.00624318 -0.00324466
825 4.27162e-05 -0.00834886
826 -0.0065967 -0.0118089
827 -0.0123729 -0.0131634
828 -0.0160667 -0.0123382
829 -0.0168077 -0.00961089
830 -0.0142818 -0.00552123
831 -0.00883053 -0.000755176
832 -0.00141194 0.00397255
833 0.0065736 0.00801576
834 0.0135595 0.0108635
835 0.0181332 0.0121759
836 0.0193308 0.0117967
837 0.0168453 0.00975457
838 0.0110989 0.00626065
839 0.00316591 0.00170416
840 -0.0054405 -0.00336102
841 -0.0130738 -0.00825145
842 -0.0182856 -0.0122216
843 -0.0201131 -0.0145659
844 -0.0182613 -0.0147445
845 -0.0131428 -0.0125089
846 -0.00577246 -0.00799708
847 0.00245522 -0.00176801
848 0.0100515 0.00524493
849 0.0157184 0.0118642
850 0.0185742 0.0168675
851 0.0182806 0.0192215
852 0.0150553 0.0183051
853 0.00958164 0.0140698
854 0.00284556 0.00709695
855 -0.00405839 -0.00147294
856 -0.0101109 -0.0101337
857 -0.0145093 -0.017296
858 -0.0167488 -0.0216001
859 -0.0166438 -0.0221919
860 -0.0143029 -0.0189002
861 -0.0100761 -0.0122756
862 -0.00449684 -0.00348428
863 0.00177235 0.00592008
864 0.00798791 0.0142951
865 0.0133756 0.0202176
866 0.0171945 0.0227373
867 0.0188209 0.021529
868 0.0178495 0.0169178
869 0.014193 0.00978073
870 0.00815684 0.00135306
871 0.000456787 -0.00701189
872 -0.00783821 -0.0140773
873 -0.015445 -0.018905
874 -0.0210705 -0.0209582
875 -0.023647 -0.0201205
876 -0.0225511 -0.0166482
877 -0.0177572 -0.0110833
878 -0.00988643 -0.0041561
879 -0.000131253 0.00330288
880 0.00993776 0.0104345
881 0.0186486 0.0164112
882 0.0245341 0.0204952
883 0.0266031 0.0221048
884 0.0245207 0.0208897
885 0.0186573 0.0168078
886 0.0100021 0.0101845
887 -3.67569e-05 0.00173289
888 -0.00989658 -0.00748826
889 -0.0181302 -0.0161878
890 -0.023628 -0.0230232
891 -0.025756 -0.0268232
892 -0.0243963 -0.0268117
893 -0.0199005 -0.0227827
894 -0.0129818 -0.0151816
895 -0.00457822 -0.00506564
896 0.00428299 0.0060571
897 0.012597 0.0164824
898 0.0194627 0.0246061
899 0.0241365 0.0292009
900 0.0260722 0.0296169
901 0.0249608 0.0258687
902 0.0207752 0.0185985
903 0.0138172 0.00893225
904 0.00474437 -0.00173138
905 -0.00544409 -0.0119539
906 -0.0154865 -0.0204637
907 -0.0240071 -0.026305
908 -0.0297187 -0.0289139
909 -0.031645 -0.0281258
910 -0.0293132 -0.0241333
911 -0.0228731 -0.0174198
912 -0.0131085 -0.00869145
913 -0.001333 0.00117964
914 0.0108138 0.011203
915 0.02163 0.0203207
916 0.0296251 0.0274785
917 0.033749 0.0317299
918 0.0335352 0.0323664
919 0.0291358 0.0290566
920 0.0212496 0.0219561
921 0.0109709 0.0117543
922 -0.000402876 -0.000370035
923 -0.0115591 -0.0128884
924 -0.0213191 -0.0241401
925 -0.0287329 -0.0325881
926 -0.0331209 -0.0370632
927 -0.034084 -0.0369491
928 -0.0315014 -0.0322714
929 -0.0255359 -0.0236769
930 -0.0166464 -0.0123103
931 -0.00559813 0.000381868
932 0.00655455 0.0128759
933 0.0185308 0.0237793
934 0.028944 0.0319857
935 0.0364716 0.0367578
936 0.0400506 0.0377424
937 0.0390597 0.0349381
938 0.033447 0.0286445
939 0.0237727 0.0194173
940 0.0111488 0.00803826
941 -0.00291446 -0.00450726
942 -0.0167307 -0.0170636
943 -0.0286829 -0.0283709
944 -0.0374452 -0.0371753
945 -0.04214 -0.0423785
946 -0.042407 -0.0432028
947 -0.0383839 -0.0393384
948 -0.0306195 -0.0310337
949 -0.0199544 -0.0191027
950 -0.00740482 -0.00483759
951 0.00592866 0.0101608
952 0.0189202 0.0242052
953 0.0304599 0.035754
954 0.0394988 0.0436095
955 0.0451146 0.0470467
956 0.0466059 0.0458575
957 0.0436013 0.0403128
958 0.0361579 0.0310669
959 0.024819 0.0190361
960 0.0106028 0.00528556
961 -0.00508692 -0.00905569
962 -0.0206222 -0.0228479
963 -0.0343589 -0.0349756
964 -0.0448532 -0.044388
965 -0.0510464 -0.0501625
966 -0.0523828 -0.0515998
967 -0.0488437 -0.0483356
968 -0.0408978 -0.040441
969 -0.0293902 -0.0284779
970 -0.0154036 -0.0134824
971 -0.000127331 0.0031339
972 0.0152409 0.0197499
973 0.0295543 0.0347396
974 0.041747 0.0466744
975 0.050859 0.0544848
976 0.056078 0.057556
977 0.0568097 0.0557493
978 0.0527688 0.0493556
979 0.0440688 0.0390068
980 0.0312756 0.0255719
981 0.0153994 0.0100655
982 -0.00218894 -0.00641751
983 -0.0199088 -0.0227394
984 -0.0361593 -0.0377449
985 -0.0495108 -0.0502961
986 -0.0588587 -0.0593354
987 -0.0635168 -0.0639825
988 -0.0632395 -0.0636533
989 -0.058184 -0.0581721
990 -0.0488345 -0.0478428
991 -0.0359148 -0.0334504
992 -0.0203137 -0.0161838
993 -0.00303469 0.0025077
994 0.0148318 0.0210927
995 0.0321264 0.0381306
996 0.0476512 0.0524041
997 0.0602302 0.0629926
998 0.068805 0.0692875
999 0.0725583 0.0709695
