0 0.24122 -0.227118
1 0.23475 -0.221422
2 0.225487 -0.214835
3 0.213813 -0.206826
4 0.200319 -0.19683
5 0.185665 -0.184378
6 0.170417 -0.169212
7 0.154905 -0.151348
8 0.139152 -0.131085
9 0.122887 -0.108971
10 0.105653 -0.0857182
11 0.0869561 -0.0620976
12 0.0664515 -0.0388224
13 0.0440769 -0.0164389
14 0.0201274 0.00474995
15 -0.00475964 0.024709
16 -0.0296991 0.0436297
17 -0.053706 0.0618258
18 -0.0758592 0.0795869
19 -0.0954416 0.0970244
20 -0.112027 0.113957
21 -0.125499 0.129872
22 -0.136005 0.143975
23 -0.143858 0.155331
24 -0.149425 0.163048
25 -0.153004 0.166461
26 -0.15474 0.165268
27 -0.154574 0.159579
28 -0.152238 0.149879
29 -0.147309 0.136913
30 -0.139299 0.121533
31 -0.127785 0.104548
32 -0.112546 0.0866008
33 -0.0936816 0.0681056
34 -0.071678 0.0492432
35 -0.0474009 0.0300124
36 -0.0219993 0.0103224
37 0.00325721 -0.00989382
38 0.0271723 -0.0305668
39 0.0488003 -0.0514025
40 0.0675588 -0.0718369
41 0.0832507 -0.0910485
42 0.0959931 -0.108031
43 0.10608 -0.121717
44 0.113821 -0.131139
45 0.1194 -0.135582
46 0.122791 -0.134721
47 0.123742 -0.128681
48 0.121836 -0.118024
49 0.116586 -0.103657
50 0.107569 -0.0866668
51 0.0945512 -0.0681388
52 0.0775935 -0.0489873
53 0.0571177 -0.0298477
54 0.0339214 -0.0110528
55 0.00913463 0.00730545
56 -0.0158836 0.0252507
57 -0.0396953 0.0427739
58 -0.0609586 0.0597028
59 -0.0785945 0.0756252
60 -0.0919107 0.0898807
61 -0.100656 0.10162
62 -0.104991 0.109914
63 -0.105383 0.113893
64 -0.102455 0.112882
65 -0.0968176 0.10653
66 -0.0889361 0.094898
67 -0.0790588 0.0785035
68 -0.0672231 0.0583033
69 -0.0533378 0.0356107
70 -0.0373151 0.0119514
71 -0.0192178 -0.011125
72 0.000619342 -0.0322411
73 0.0215241 -0.0503553
74 0.0424951 -0.0648551
75 0.0622811 -0.0755582
76 0.079516 -0.0826261
77 0.0928837 -0.086417
78 0.101286 -0.0873235
79 0.103986 -0.085639
80 0.100716 -0.0814855
81 0.0917238 -0.0748157
82 0.0777569 -0.0654811
83 0.0599804 -0.0533425
84 0.0398333 -0.0383938
85 0.0188439 -0.020872
86 -0.00156521 -0.00133088
87 -0.0202445 0.0193356
88 -0.0364219 0.0399266
89 -0.0497214 0.0590267
90 -0.0600952 0.0751472
91 -0.067694 0.0869022
92 -0.0727142 0.0931945
93 -0.0752691 0.093379
94 -0.0753177 0.0873747
95 -0.0726671 0.075699
96 -0.0670421 0.0594134
97 -0.0581967 0.0399856
98 -0.0460383 0.0190927
99 -0.0307353 -0.00159846
100 -0.0127896 -0.0206333
101 0.00693653 -0.0369161
102 0.0272458 -0.0497793
103 0.0466838 -0.0589713
104 0.0636699 -0.0645752
105 0.0766706 -0.0668864
106 0.0843984 -0.0662816
107 0.0860035 -0.0631095
108 0.0812214 -0.0576249
109 0.070441 -0.049975
110 0.0546739 -0.0402338
111 0.0354241 -0.0284728
112 0.0144842 -0.0148486
113 -0.00630276 0.000310276
114 -0.0252692 0.0164356
115 -0.0410991 0.0326876
116 -0.05293 0.0479717
117 -0.0603763 0.0610137
118 -0.0634847 0.0704932
119 -0.0626398 0.0752228
120 -0.0584442 0.0743453
121 -0.0515945 0.0675119
122 -0.0427719 0.0549985
123 -0.0325622 0.0377305
124 -0.0214167 0.0172023
125 -0.00965807 -0.00469643
126 0.00247016 -0.0259148
127 0.0147244 -0.0444932
128 0.0267723 -0.0587907
129 0.0381212 -0.0676571
130 0.0480885 -0.0705329
131 0.0558312 -0.0674757
132 0.0604365 -0.0591177
133 0.0610629 -0.0465643
134 0.0571049 -0.0312452
135 0.0483485 -0.0147326
136 0.0350843 0.00145211
137 0.0181496 0.0160155
138 -0.00111237 0.028022
139 -0.0209768 0.0369538
140 -0.0395266 0.0426887
141 -0.0548789 0.0454101
142 -0.0654165 0.0454748
143 -0.0699901 0.0432816
144 -0.0680666 0.0391726
145 -0.0598043 0.0333908
146 -0.0460466 0.0260946
147 -0.0282325 0.0174138
148 -0.00823309 0.0075231
149 0.0118693 -0.00328936
150 0.0300324 -0.0145749
151 0.0445012 -0.0257063
152 0.0540133 -0.0358912
153 0.0579314 -0.0442201
154 0.0562803 -0.0497481
155 0.0496881 -0.0516112
156 0.0392479 -0.049166
157 0.0263302 -0.0421346
158 0.0123852 -0.0307238
159 -0.00123413 -0.0156871
160 -0.0134033 0.00169694
161 -0.0233058 0.0197367
162 -0.0304613 0.0365204
163 -0.0347122 0.050158
164 -0.0361764 0.0590314
165 -0.0351761 0.0620134
166 -0.03215 0.0586223
167 -0.0275626 0.0490956
168 -0.0218265 0.0343747
169 -0.0152564 0.0160086
170 -0.00806713 -0.00401584
171 -0.000416889 -0.0234975
172 0.00751792 -0.040278
173 0.0154638 -0.0525031
174 0.0229968 -0.0588533
175 0.0295373 -0.0587111
176 0.0344016 -0.0522361
177 0.0368992 -0.040334
178 0.0364528 -0.0245254
179 0.0327153 -0.0067347
180 0.025659 0.0109644
181 0.0156264 0.0266086
182 0.00333592 0.0385742
183 -0.0101546 0.045748
184 -0.0235278 0.0476263
185 -0.0353272 0.0443351
186 -0.0441169 0.036576
187 -0.0486675 0.0255085
188 -0.0481457 0.012585
189 -0.0422757 -0.000640217
190 -0.031433 -0.0127039
191 -0.0166469 -0.0224029
192 0.000501104 -0.0289177
193 0.0180669 -0.0318761
194 0.0339908 -0.0313504
195 0.0463599 -0.0277966
196 0.0536477 -0.021948
197 0.0549011 -0.0146875
198 0.0498589 -0.00691906
199 0.0389954 0.000542868
200 0.023484 0.00705186
201 0.0050824 0.012172
202 -0.0140572 0.0156847
203 -0.0316406 0.0175659
204 -0.0455196 0.0179422
205 -0.0539771 0.0170372
206 -0.0559633 0.015117
207 -0.0512413 0.0124443
208 -0.0404173 0.00924757
209 -0.0248527 0.00570824
210 -0.00647635 0.00196626
211 0.0124676 -0.00186012
212 0.0296978 -0.00564628
213 0.0431651 -0.00923369
214 0.0512868 -0.0124122
215 0.053128 -0.0149196
216 0.0485119 -0.0164632
217 0.0380494 -0.0167617
218 0.0230733 -0.0156003
219 0.00547936 -0.0128877
220 -0.0125141 -0.00870114
221 -0.0286571 -0.00330964
222 -0.0409651 0.00283306
223 -0.0479755 0.00912525
224 -0.0489242 0.0148798
225 -0.0438198 0.0194044
226 -0.0334154 0.0220887
227 -0.0190906 0.0224888
228 -0.00266933 0.0203972
229 0.0138029 0.0158909
230 0.0282992 0.00934697
231 0.0390492 0.00142051
232 0.0447516 -0.00701665
233 0.04474 -0.014974
234 0.0390732 -0.021466
235 0.0285335 -0.0256439
236 0.0145244 -0.0269165
237 -0.00112056 -0.0250379
238 -0.0163871 -0.0201503
239 -0.0293479 -0.0127731
240 -0.038407 -0.00374253
241 -0.0424874 0.00588775
242 -0.0411451 0.014973
243 -0.0346047 0.0224141
244 -0.0237211 0.0272908
245 -0.00987565 0.0289773
246 0.00518354 0.0272263
247 0.0195477 0.0222096
248 0.0313812 0.0145072
249 0.0391582 0.00504061
250 0.0418684 -0.00504061
251 0.0391582 -0.0145072
252 0.0313812 -0.0222096
253 0.0195477 -0.0272263
254 0.00518354 -0.0289773
255 -0.00987565 -0.0272908
256 -0.0237211 -0.0224141
257 -0.0346047 -0.014973
258 -0.0411451 -0.00588775
259 -0.0424874 0.00374253
260 -0.038407 0.0127731
261 -0.0293479 0.0201503
262 -0.0163871 0.0250379
263 -0.00112056 0.0269165
264 0.0145244 0.0256439
265 0.0285335 0.021466
266 0.0390732 0.014974
267 0.04474 0.00701665
268 0.0447516 -0.00142051
269 0.0390492 -0.00934697
270 0.0282992 -0.0158909
271 0.0138029 -0.0203972
272 -0.00266933 -0.0224888
273 -0.0190906 -0.0220887
274 -0.0334154 -0.0194044
275 -0.0438198 -0.0148798
276 -0.0489242 -0.00912525
277 -0.0479755 -0.00283306
278 -0.0409651 0.00330964
279 -0.0286571 0.00870114
280 -0.0125141 0.0128877
281 0.00547936 0.0156003
282 0.0230733 0.0167617
283 0.0380494 0.0164632
284 0.0485119 0.0149196
285 0.053128 0.0124122
286 0.0512868 0.00923369
287 0.0431651 0.00564628
288 0.0296978 0.00186012
289 0.0124676 -0.00196626
290 -0.00647635 -0.00570824
291 -0.0248527 -0.00924757
292 -0.0404173 -0.0124443
293 -0.0512413 -0.015117
294 -0.0559633 -0.0170372
295 -0.0539771 -0.0179422
296 -0.0455196 -0.0175659
297 -0.0316406 -0.0156847
298 -0.0140572 -0.012172
299 0.0050824 -0.00705186
300 0.023484 -0.000542868
301 0.0389954 0.00691906
302 0.0498589 0.0146875
303 0.0549011 0.021948
304 0.0536477 0.0277966
305 0.0463599 0.0313504
306 0.0339908 0.0318761
307 0.0180669 0.0289177
308 0.000501104 0.0224029
309 -0.0166469 0.0127039
310 -0.031433 0.000640217
311 -0.0422757 -0.012585
312 -0.0481457 -0.0255085
313 -0.0486675 -0.036576
314 -0.0441169 -0.0443351
315 -0.0353272 -0.0476263
316 -0.0235278 -0.045748
317 -0.0101546 -0.0385742
318 0.00333592 -0.0266086
319 0.0156264 -0.0109644
320 0.025659 0.0067347
321 0.0327153 0.0245254
322 0.0364528 0.040334
323 0.0368992 0.0522361
324 0.0344016 0.0587111
325 0.0295373 0.0588533
326 0.0229968 0.0525031
327 0.0154638 0.040278
328 0.00751792 0.0234975
329 -0.000416889 0.00401584
330 -0.00806713 -0.0160086
331 -0.0152564 -0.0343747
332 -0.0218265 -0.0490956
333 -0.0275626 -0.0586223
334 -0.03215 -0.0620134
335 -0.0351761 -0.0590314
336 -0.0361764 -0.050158
337 -0.0347122 -0.0365204
338 -0.0304613 -0.0197367
339 -0.0233058 -0.00169694
340 -0.0134033 0.0156871
341 -0.00123413 0.0307238
342 0.0123852 0.0421346
343 0.0263302 0.049166
344 0.0392479 0.0516112
345 0.0496881 0.0497481
346 0.0562803 0.0442201
347 0.0579314 0.0358912
348 0.0540133 0.0257063
349 0.0445012 0.0145749
350 0.0300324 0.00328936
351 0.0118693 -0.0075231
352 -0.00823309 -0.0174138
353 -0.0282325 -0.0260946
354 -0.0460466 -0.0333908
355 -0.0598043 -0.0391726
356 -0.0680666 -0.0432816
357 -0.0699901 -0.0454748
358 -0.0654165 -0.0454101
359 -0.0548789 -0.0426887
360 -0.0395266 -0.0369538
361 -0.0209768 -0.028022
362 -0.00111237 -0.0160155
363 0.0181496 -0.00145211
364 0.0350843 0.0147326
365 0.0483485 0.0312452
366 0.0571049 0.0465643
367 0.0610629 0.0591177
368 0.0604365 0.0674757
369 0.0558312 0.0705329
370 0.0480885 0.0676571
371 0.0381212 0.0587907
372 0.0267723 0.0444932
373 0.0147244 0.0259148
374 0.00247016 0.00469643
375 -0.00965807 -0.0172023
376 -0.0214167 -0.0377305
377 -0.0325622 -0.0549985
378 -0.0427719 -0.0675119
379 -0.0515945 -0.0743453
380 -0.0584442 -0.0752228
381 -0.0626398 -0.0704932
382 -0.0634847 -0.0610137
383 -0.0603763 -0.0479717
384 -0.05293 -0.0326876
385 -0.0410991 -0.0164356
386 -0.0252692 -0.000310276
387 -0.00630276 0.0148486
388 0.0144842 0.0284728
389 0.0354241 0.0402338
390 0.0546739 0.049975
391 0.070441 0.0576249
392 0.0812214 0.0631095
393 0.0860035 0.0662816
394 0.0843984 0.0668864
395 0.0766706 0.0645752
396 0.0636699 0.0589713
397 0.0466838 0.0497793
398 0.0272458 0.0369161
399 0.00693653 0.0206333
400 -0.0127896 0.00159846
401 -0.0307353 -0.0190927
402 -0.0460383 -0.0399856
403 -0.0581967 -0.0594134
404 -0.0670421 -0.075699
405 -0.0726671 -0.0873747
406 -0.0753177 -0.093379
407 -0.0752691 -0.0931945
408 -0.0727142 -0.0869022
409 -0.067694 -0.0751472
410 -0.0600952 -0.0590267
411 -0.0497214 -0.0399266
412 -0.0364219 -0.0193356
413 -0.0202445 0.00133088
414 -0.00156521 0.020872
415 0.0188439 0.0383938
416 0.0398333 0.0533425
417 0.0599804 0.0654811
418 0.0777569 0.0748157
419 0.0917238 0.0814855
420 0.100716 0.085639
421 0.103986 0.0873235
422 0.101286 0.086417
423 0.0928837 0.0826261
424 0.079516 0.0755582
425 0.0622811 0.0648551
426 0.0424951 0.0503553
427 0.0215241 0.0322411
428 0.000619342 0.011125
429 -0.0192178 -0.0119514
430 -0.0373151 -0.0356107
431 -0.0533378 -0.0583033
432 -0.0672231 -0.0785035
433 -0.0790588 -0.094898
434 -0.0889361 -0.10653
435 -0.0968176 -0.112882
436 -0.102455 -0.113893
437 -0.105383 -0.109914
438 -0.104991 -0.10162
439 -0.100656 -0.0898807
440 -0.0919107 -0.0756252
441 -0.0785945 -0.0597028
442 -0.0609586 -0.0427739
443 -0.0396953 -0.0252507
444 -0.0158836 -0.00730545
445 0.00913463 0.0110528
446 0.0339214 0.0298477
447 0.0571177 0.0489873
448 0.0775935 0.0681388
449 0.0945512 0.0866668
450 0.107569 0.103657
451 0.116586 0.118024
452 0.121836 0.128681
453 0.123742 0.134721
454 0.122791 0.135582
455 0.1194 0.131139
456 0.113821 0.121717
457 0.10608 0.108031
458 0.0959931 0.0910485
459 0.0832507 0.0718369
460 0.0675588 0.0514025
461 0.0488003 0.0305668
462 0.0271723 0.00989382
463 0.00325721 -0.0103224
464 -0.0219993 -0.0300124
465 -0.0474009 -0.0492432
466 -0.071678 -0.0681056
467 -0.0936816 -0.0866008
468 -0.112546 -0.104548
469 -0.127785 -0.121533
470 -0.139299 -0.136913
471 -0.147309 -0.149879
472 -0.152238 -0.159579
473 -0.154574 -0.165268
474 -0.15474 -0.166461
475 -0.153004 -0.163048
476 -0.149425 -0.155331
477 -0.143858 -0.143975
478 -0.136005 -0.129872
479 -0.125499 -0.113957
480 -0.112027 -0.0970244
481 -0.0954416 -0.0795869
482 -0.0758592 -0.0618258
483 -0.053706 -0.0436297
484 -0.0296991 -0.024709
485 -0.00475964 -0.00474995
486 0.0201274 0.0164389
487 0.0440769 0.0388224
488 0.0664515 0.0620976
489 0.0869561 0.0857182
490 0.105653 0.108971
491 0.122887 0.131085
492 0.139152 0.151348
493 0.154905 0.169212
494 0.170417 0.184378
495 0.185665 0.19683
496 0.200319 0.206826
497 0.213813 0.214835
498 0.225487 0.221422
499 0.23475 0.227118
500 0.24122 0.232287
501 0.244813 0.237033
502 0.245754 0.241176
503 0.244513 0.244295
504 0.241705 0.245857
505 0.237964 0.245364
506 0.233823 0.242512
507 0.229633 0.237301
508 0.225515 0.230065
509 0.221361 0.221419
510 0.216879 0.212122
511 0.211672 0.202906
512 0.205349 0.194312
513 0.197638 0.186579
514 0.188483 0.179613
515 0.178095 0.173051
516 0.16694 0.166391
517 0.155652 0.159146
518 0.144899 0.150989
519 0.135222 0.14184
520 0.126904 0.13188
521 0.119902 0.121505
522 0.113862 0.111228
523 0.108232 0.101568
524 0.102414 0.0929405
525 0.0959414 0.0855848
526 0.0886066 0.0795198
527 0.080522 0.0745471
528 0.0720855 0.0702943
529 0.063869 0.0662946
530 0.0564616 0.0620901
531 0.0503115 0.0573413
532 0.045612 0.0519164
533 0.042261 0.0459358
534 0.0399001 0.0397542
535 0.0380199 0.0338778
536 0.0360957 0.0288328
537 0.0337164 0.0250194
538 0.0306732 0.0225919
539 0.0269912 0.0214033
540 0.0229039 0.021033
541 0.0187833 0.0208951
542 0.0150476 0.0203966
543 0.0120659 0.0191005
544 0.0100765 0.0168468
545 0.00913338 0.0137933
546 0.00908674 0.0103655
547 0.00960706 0.0071293
548 0.0102503 0.00462528
549 0.0105569 0.00321324
550 0.0101646 0.00297286
551 0.00890778 0.00368802
552 0.00687183 0.00491652
553 0.00438316 0.0061209
554 0.001929 0.00681879
555 2.54086e-05 0.00670814
556 -0.000931216 0.00573346
557 -0.000784825 0.00408013
558 0.000325511 0.00210624
559 0.00199661 0.000237695
560 0.00367179 -0.00114185
561 0.00479982 -0.00177893
562 0.00499498 -0.00159996
563 0.00414958 -0.000717972
564 0.00246424 0.000599353
565 0.000386229 0.00199133
566 -0.00152511 0.00308404
567 -0.00276455 0.00357469
568 -0.00302791 0.00330474
569 -0.00229566 0.00230476
570 -0.000829453 0.000796798
571 0.000914137 -0.000852114
572 0.00242342 -0.00221904
573 0.0032801 -0.00293694
574 0.00327168 -0.00279963
575 0.00243715 -0.00182887
576 0.00103792 -0.000280673
577 -0.000530326 0.00141592
578 -0.00185393 0.00277438
579 -0.00261012 0.00339001
580 -0.00264081 0.00306277
581 -0.00197752 0.00186503
582 -0.000818743 0.000130085
583 0.000528003 -0.00163995
584 0.00172263 -0.00292231
585 0.00247057 -0.00333357
586 0.00258841 -0.00275048
587 0.00204549 -0.00135142
588 0.00097358 0.000437158
589 -0.000359844 0.00207333
590 -0.00161217 0.00306865
591 -0.00244944 0.00313856
592 -0.00263462 0.00228574
593 -0.002097 0.000791254
594 -0.000961614 -0.00088094
595 0.000473988 -0.00223214
596 0.00181364 -0.00288081
597 0.00267033 -0.00267067
598 0.00277908 -0.00170458
599 0.00208186 -0.000298749
600 0.000756684 0.00112275
601 -0.000822791 0.00215734
602 -0.00219046 0.00253716
603 -0.0029266 0.0021947
604 -0.0027908 0.00126667
605 -0.00180538 4.07482e-05
606 -0.000258506 -0.00113422
607 0.0013789 -0.00194642
608 0.00259911 -0.00220034
609 0.00301994 -0.00185847
610 0.00250937 -0.00103896
611 0.00122969 2.51178e-05
612 -0.00041448 0.00105079
613 -0.00190713 0.00177654
614 -0.00278677 0.00202373
615 -0.0027923 0.00173591
616 -0.00194159 0.000989817
617 -0.000519157 -2.31237e-05
618 0.00102051 -0.0010409
619 0.00220035 -0.0017928
620 0.00267038 -0.00206734
621 0.00231229 -0.00177122
622 0.00126751 -0.000963298
623 -0.000117079 0.000149364
624 -0.00140555 0.00125847
625 -0.002212 0.00203688
626 -0.0023172 0.00223584
627 -0.00172705 0.00176784
628 -0.000657405 0.000745967
629 0.000545306 -0.000538
630 0.00151814 -0.00169534
631 0.00199184 -0.00235945
632 0.00186326 -0.0023049
633 0.00121134 -0.00152665
634 0.000257872 -0.000250692
635 -0.000708881 0.00113029
636 -0.0014208 0.00217842
637 -0.00170102 0.00255113
638 -0.00150221 0.00211535
639 -0.000906751 0.000996812
640 -9.41544e-05 -0.000454195
641 0.000711626 -0.00177206
642 0.00130035 -0.00252661
643 0.00152564 -0.00246625
644 0.00133736 -0.00160494
645 0.000790923 -0.000221646
646 3.24773e-05 0.00122986
647 -0.000736696 0.00227191
648 -0.00130953 0.00256343
649 -0.0015259 0.00201454
650 -0.0013166 0.000815459
651 -0.000726656 -0.000630054
652 9.01588e-05 -0.00184286
653 0.000907348 -0.00242967
654 0.00148563 -0.00221207
655 0.00164209 -0.00128053
656 0.00130894 4.23585e-05
657 0.00056289 0.0013144
658 -0.000387465 0.00212237
659 -0.00125678 0.00221674
660 -0.00176758 0.00158876
661 -0.0017398 0.000466352
662 -0.00115607 -0.000767809
663 -0.000178561 -0.001707
664 0.00089286 -0.0020555
665 0.00171189 -0.00172277
666 0.00199904 -0.000846018
667 0.00163929 0.00026436
668 0.000729074 0.00123542
669 -0.000446771 0.00175846
670 -0.00150401 0.00168797
671 -0.00208597 0.00108036
672 -0.0019858 0.000163121
673 -0.00122141 -0.000750735
674 -3.54414e-05 -0.00137012
675 0.00118161 -0.00151802
676 0.00202077 -0.00117958
677 0.00219313 -0.00049442
678 0.00163029 0.000299149
679 0.000511874 0.000946374
680 -0.000791053 0.00125671
681 -0.00183897 0.00115817
682 -0.00227285 0.000710674
683 -0.0019385 7.74561e-05
684 -0.000942838 -0.000533498
685 0.000378973 -0.000937474
686 0.00157629 -0.0010283
687 0.0022377 -0.00080426
688 0.00213423 -0.000358982
689 0.00130019 0.000156543
690 2.25009e-05 0.000585392
691 -0.00125856 0.000811752
692 -0.00210231 0.000789554
693 -0.0022206 0.000546898
694 -0.00157687 0.000169152
695 -0.000397299 -0.000230642
696 0.000909076 -0.000543865
697 0.00189263 -0.000692768
698 0.0022181 -0.000646535
699 0.00177888 -0.000425417
700 0.000732103 -9.34753e-05
701 -0.000557051 0.000258136
702 -0.00164217 0.00053405
703 -0.00215006 0.000659004
704 -0.00190957 0.00059786
705 -0.00101032 0.000365916
706 0.000229547 2.61372e-05
707 0.00137545 -0.00032669
708 0.00202922 -0.000591203
709 0.00196852 -0.000687693
710 0.00122344 -0.000581804
711 6.32397e-05 -0.000296945
712 -0.00110129 8.89011e-05
713 -0.00186395 0.000462586
714 -0.00196533 0.000707591
715 -0.0013809 0.00074006
716 -0.000325328 0.00053821
717 0.000826483 0.000154527
718 0.00167232 -0.000295605
719 0.0019225 -0.000667718
720 0.00149844 -0.000835045
721 0.000557001 -0.000732812
722 -0.000566655 -0.000383976
723 -0.00147739 0.000104115
724 -0.00185834 0.000572648
725 -0.00158131 0.000863589
726 -0.000750591 0.000873655
727 0.000335084 0.000591289
728 0.00128942 0.000103419
729 0.00177617 -0.00043109
730 0.00162824 -0.00083315
731 0.000905581 -0.000963529
732 -0.000128593 -0.000771286
733 -0.00110396 -0.000313767
734 -0.00167601 0.000259683
735 -0.00164764 0.000756129
736 -0.0010365 0.00100418
737 -6.54382e-05 0.000913852
738 0.000918791 0.000509886
739 0.00156873 -7.40932e-05
740 0.00165781 -0.000639881
741 0.00115849 -0.000992663
742 0.000250621 -0.00100896
743 -0.000742536 -0.000680409
744 -0.00146818 -0.000117522
745 -0.00166852 0.00048796
746 -0.00127242 0.000929053
747 -0.000421352 0.00105472
748 0.000580286 0.000821633
749 0.00137361 0.000308928
750 0.00167401 -0.000308928
751 0.00137361 -0.000821633
752 0.000580286 -0.00105472
753 -0.000421352 -0.000929053
754 -0.00127242 -0.00048796
755 -0.00166852 0.000117522
756 -0.00146818 0.000680409
757 -0.000742536 0.00100896
758 0.000250621 0.000992663
759 0.00115849 0.000639881
760 0.00165781 7.40932e-05
761 0.00156873 -0.000509886
762 0.000918791 -0.000913852
763 -6.54382e-05 -0.00100418
764 -0.0010365 -0.000756129
765 -0.00164764 -0.000259683
766 -0.00167601 0.000313767
767 -0.00110396 0.000771286
768 -0.000128593 0.000963529
769 0.000905581 0.00083315
770 0.00162824 0.00043109
771 0.00177617 -0.000103419
772 0.00128942 -0.000591289
773 0.000335084 -0.000873655
774 -0.000750591 -0.000863589
775 -0.00158131 -0.000572648
776 -0.00185834 -0.000104115
777 -0.00147739 0.000383976
778 -0.000566655 0.000732812
779 0.000557001 0.000835045
780 0.00149844 0.000667718
781 0.0019225 0.000295605
782 0.00167232 -0.000154527
783 0.000826483 -0.00053821
784 -0.000325328 -0.00074006
785 -0.0013809 -0.000707591
786 -0.00196533 -0.000462586
787 -0.00186395 -8.89011e-05
788 -0.00110129 0.000296945
789 6.32397e-05 0.000581804
790 0.00122344 0.000687693
791 0.00196852 0.000591203
792 0.00202922 0.00032669
793 0.00137545 -2.61372e-05
794 0.000229547 -0.000365916
795 -0.00101032 -0.00059786
796 -0.00190957 -0.000659004
797 -0.00215006 -0.00053405
798 -0.00164217 -0.000258136
799 -0.000557051 9.34753e-05
800 0.000732103 0.000425417
801 0.00177888 0.000646535
802 0.0022181 0.000692768
803 0.00189263 0.000543865
804 0.000909076 0.000230642
805 -0.000397299 -0.000169152
806 -0.00157687 -0.000546898
807 -0.0022206 -0.000789554
808 -0.00210231 -0.000811752
809 -0.00125856 -0.000585392
810 2.25009e-05 -0.000156543
811 0.00130019 0.000358982
812 0.00213423 0.00080426
813 0.0022377 0.0010283
814 0.00157629 0.000937474
815 0.000378973 0.000533498
816 -0.000942838 -7.74561e-05
817 -0.0019385 -0.000710674
818 -0.00227285 -0.00115817
819 -0.00183897 -0.00125671
820 -0.000791053 -0.000946374
821 0.000511874 -0.000299149
822 0.00163029 0.00049442
823 0.00219313 0.00117958
824 0.00202077 0.00151802
825 0.00118161 0.00137012
826 -3.54414e-05 0.000750735
827 -0.00122141 -0.000163121
828 -0.0019858 -0.00108036
829 -0.00208597 -0.00168797
830 -0.00150401 -0.00175846
831 -0.000446771 -0.00123542
832 0.000729074 -0.00026436
833 0.00163929 0.000846018
834 0.00199904 0.00172277
835 0.00171189 0.0020555
836 0.00089286 0.001707
837 -0.000178561 0.000767809
838 -0.00115607 -0.000466352
839 -0.0017398 -0.00158876
840 -0.00176758 -0.00221674
841 -0.00125678 -0.00212237
842 -0.000387465 -0.0013144
843 0.00056289 -4.23585e-05
844 0.00130894 0.00128053
845 0.00164209 0.00221207
846 0.00148563 0.00242967
847 0.000907348 0.00184286
848 9.01588e-05 0.000630054
849 -0.000726656 -0.000815459
850 -0.0013166 -0.00201454
851 -0.0015259 -0.00256343
852 -0.00130953 -0.00227191
853 -0.000736696 -0.00122986
854 3.24773e-05 0.000221646
855 0.000790923 0.00160494
856 0.00133736 0.00246625
857 0.00152564 0.00252661
858 0.00130035 0.00177206
859 0.000711626 0.000454195
860 -9.41544e-05 -0.000996812
861 -0.000906751 -0.00211535
862 -0.00150221 -0.00255113
863 -0.00170102 -0.00217842
864 -0.0014208 -0.00113029
865 -0.000708881 0.000250692
866 0.000257872 0.00152665
867 0.00121134 0.0023049
868 0.00186326 0.00235945
869 0.00199184 0.00169534
870 0.00151814 0.000538
871 0.000545306 -0.000745967
872 -0.000657405 -0.00176784
873 -0.00172705 -0.00223584
874 -0.0023172 -0.00203688
875 -0.002212 -0.00125847
876 -0.00140555 -0.000149364
877 -0.000117079 0.000963298
878 0.00126751 0.00177122
879 0.00231229 0.00206734
880 0.00267038 0.0017928
881 0.00220035 0.0010409
882 0.00102051 2.31237e-05
883 -0.000519157 -0.000989817
884 -0.00194159 -0.00173591
885 -0.0027923 -0.00202373
886 -0.00278677 -0.00177654
887 -0.00190713 -0.00105079
888 -0.00041448 -2.51178e-05
889 0.00122969 0.00103896
890 0.00250937 0.00185847
891 0.00301994 0.00220034
892 0.00259911 0.00194642
893 0.0013789 0.00113422
894 -0.000258506 -4.07482e-05
895 -0.00180538 -0.00126667
896 -0.0027908 -0.0021947
897 -0.0029266 -0.00253716
898 -0.00219046 -0.00215734
899 -0.000822791 -0.00112275
900 0.000756684 0.000298749
901 0.00208186 0.00170458
902 0.00277908 0.00267067
903 0.00267033 0.00288081
904 0.00181364 0.00223214
905 0.000473988 0.00088094
906 -0.000961614 -0.000791254
907 -0.002097 -0.00228574
908 -0.00263462 -0.00313856
909 -0.00244944 -0.00306865
910 -0.00161217 -0.00207333
911 -0.000359844 -0.000437158
912 0.00097358 0.00135142
913 0.00204549 0.00275048
914 0.00258841 0.00333357
915 0.00247057 0.00292231
916 0.00172263 0.00163995
917 0.000528003 -0.000130085
918 -0.000818743 -0.00186503
919 -0.00197752 -0.00306277
920 -0.00264081 -0.00339001
921 -0.00261012 -0.00277438
922 -0.00185393 -0.00141592
923 -0.000530326 0.000280673
924 0.00103792 0.00182887
925 0.00243715 0.00279963
926 0.00327168 0.00293694
927 0.0032801 0.00221904
928 0.00242342 0.000852114
929 0.000914137 -0.000796798
930 -0.000829453 -0.00230476
931 -0.00229566 -0.00330474
932 -0.00302791 -0.00357469
933 -0.00276455 -0.00308404
934 -0.00152511 -0.00199133
935 0.000386229 -0.000599353
936 0.00246424 0.000717972
937 0.00414958 0.00159996
938 0.00499498 0.00177893
939 0.00479982 0.00114185
940 0.00367179 -0.000237695
941 0.00199661 -0.00210624
942 0.000325511 -0.00408013
943 -0.000784825 -0.00573346
944 -0.000931216 -0.00670814
945 2.54086e-05 -0.00681879
946 0.001929 -0.0061209
947 0.00438316 -0.00491652
948 0.00687183 -0.00368802
949 0.00890778 -0.00297286
950 0.0101646 -0.00321324
951 0.0105569 -0.00462528
952 0.0102503 -0.0071293
953 0.00960706 -0.0103655
954 0.00908674 -0.0137933
955 0.00913338 -0.0168468
956 0.0100765 -0.0191005
957 0.0120659 -0.0203966
958 0.0150476 -0.0208951
959 0.0187833 -0.021033
960 0.0229039 -0.0214033
961 0.0269912 -0.0225919
962 0.0306732 -0.0250194
963 0.0337164 -0.0288328
964 0.0360957 -0.0338778
965 0.0380199 -0.0397542
966 0.0399001 -0.0459358
967 0.042261 -0.0519164
968 0.045612 -0.0573413
969 0.0503115 -0.0620901
970 0.0564616 -0.0662946
971 0.063869 -0.0702943
972 0.0720855 -0.0745471
973 0.080522 -0.0795198
974 0.0886066 -0.0855848
975 0.0959414 -0.0929405
976 0.102414 -0.101568
977 0.108232 -0.111228
978 0.113862 -0.121505
979 0.119902 -0.13188
980 0.126904 -0.14184
981 0.135222 -0.150989
982 0.144899 -0.159146
983 0.155652 -0.166391
984 0.16694 -0.173051
985 0.178095 -0.179613
986 0.188483 -0.186579
987 0.197638 -0.194312
988 0.205349 -0.202906
989 0.211672 -0.212122
990 0.216879 -0.221419
991 0.221361 -0.230065
992 0.225515 -0.237301
993 0.229633 -0.242512
994 0.233823 -0.245364
995 0.237964 -0.245857
996 0.241705 -0.244295
997 0.244513 -0.241176
998 0.245754 -0.237033
999 0.244813 -0.232287
