0 -1.64127e-07 1.73947e-07
1 -1.51363e-07 4.06762e-08
2 4.30606e-09 -1.09639e-07
3 1.30024e-07 -1.2898e-07
4 1.08927e-07 -1.96424e-08
5 -1.48035e-08 9.08026e-08
6 -1.03539e-07 9.36492e-08
7 -7.5588e-08 3.40907e-09
8 2.26016e-08 -7.52879e-08
9 8.20346e-08 -6.57017e-08
10 4.95047e-08 8.33089e-09
11 -2.7471e-08 6.17048e-08
12 -6.39212e-08 4.35822e-08
13 -2.93267e-08 -1.60433e-08
14 2.9536e-08 -4.93514e-08
15 4.8315e-08 -2.6245e-08
16 1.40773e-08 2.02597e-08
17 -2.91235e-08 3.79713e-08
18 -3.47954e-08 1.29845e-08
19 -3.03185e-09 -2.15487e-08
20 2.66858e-08 -2.75853e-08
21 2.32267e-08 -3.29508e-09
22 -4.39252e-09 2.05107e-08
23 -2.27569e-08 1.83679e-08
24 -1.36245e-08 -3.24081e-09
25 8.72346e-09 -1.77752e-08
26 1.79177e-08 -1.055e-08
27 6.05069e-09 7.03381e-09
28 -1.04939e-08 1.39862e-08
29 -1.27571e-08 4.3387e-09
30 -5.31978e-10 -8.53802e-09
31 1.02724e-08 -9.77269e-09
32 7.8261e-09 1.46765e-10
33 -2.99876e-09 8.26969e-09
34 -8.6631e-09 5.70499e-09
35 -3.58657e-09 -2.91916e-09
36 4.73504e-09 -6.7948e-09
37 6.27868e-09 -2.24484e-09
38 3.6244e-10 4.14248e-09
39 -4.99975e-09 4.68999e-09
40 -3.69176e-09 -3.00425e-10
41 1.69521e-09 -4.12118e-09
42 4.21759e-09 -2.48568e-09
43 1.37772e-09 1.80688e-09
44 -2.61958e-09 3.25967e-09
45 -2.86115e-09 6.04883e-10
46 3.37256e-10 -2.33572e-09
47 2.60871e-09 -1.99814e-09
48 1.38111e-09 6.86246e-10
49 -1.30761e-09 2.10239e-09
50 -1.97535e-09 7.37966e-10
51 -1.36298e-10 -1.30131e-09
52 1.56766e-09 -1.41616e-09
53 1.07429e-09 2.25806e-10
54 -6.58286e-10 1.32081e-09
55 -1.29519e-09 6.02481e-10
56 -2.23566e-10 -7.46773e-10
57 9.50785e-10 -9.43994e-10
58 7.459e-10 7.30734e-11
59 -3.60528e-10 8.32026e-10
60 -8.32342e-10 4.16864e-10
61 -1.7539e-10 -4.58639e-10
62 5.96681e-10 -6.07759e-10
63 4.82833e-10 4.35102e-11
64 -2.29617e-10 5.32669e-10
65 -5.31082e-10 2.56585e-10
66 -9.9238e-11 -3.05849e-10
67 3.90435e-10 -3.79974e-10
68 2.93452e-10 5.24907e-11
69 -1.70016e-10 3.45853e-10
70 -3.35559e-10 1.37913e-10
71 -3.36693e-11 -2.17624e-10
72 2.63356e-10 -2.27756e-10
73 1.63737e-10 6.57057e-11
74 -1.36945e-10 2.2393e-10
75 -2.06229e-10 5.7344e-11
76 1.14593e-11 -1.58968e-10
77 1.78319e-10 -1.2624e-10
78 7.79131e-11 7.15685e-11
79 -1.11428e-10 1.40232e-10
80 -1.18848e-10 7.08063e-12
81 3.66743e-11 -1.1407e-10
82 1.1681e-10 -5.93487e-11
83 2.38315e-11 6.80094e-11
84 -8.68e-11 8.09049e-11
85 -5.96625e-11 -2.02164e-11
86 4.56807e-11 -7.68424e-11
87 7.04306e-11 -1.7237e-11
88 -7.0377e-12 5.67772e-11
89 -6.20756e-11 3.91502e-11
90 -2.10384e-11 -3.07012e-11
91 4.29658e-11 -4.58699e-11
92 3.5862e-11 6.39766e-12
93 -2.09361e-11 4.10913e-11
94 -3.87337e-11 1.15649e-11
95 1.63896e-12 -2.97172e-11
96 3.31158e-11 -2.16526e-11
97 1.19125e-11 1.62827e-11
98 -2.30219e-11 2.45465e-11
99 -1.90043e-11 -4.1037e-12
100 1.19302e-11 -2.21451e-11
101 2.049e-11 -4.96352e-12
102 -2.25093e-12 1.66974e-11
103 -1.8011e-11 1.03421e-11
104 -4.75746e-12 -1.02132e-11
105 1.33622e-11 -1.2355e-11
106 8.79314e-12 4.15611e-12
107 -8.07674e-12 1.18184e-11
108 -1.02013e-11 6.21062e-13
109 3.2404e-12 -9.69378e-12
110 9.65774e-12 -3.79954e-12
111 5.37149e-13 6.85881e-12
112 -7.91782e-12 5.44266e-12
113 -3.04529e-12 -3.98346e-12
114 5.65311e-12 -5.83863e-12
115 4.35554e-12 1.49768e-12
116 -3.37135e-12 5.36098e-12
117 -4.69576e-12 3.88106e-13
118 1.39359e-12 -4.3782e-12
119 4.35654e-12 -1.62829e-12
120 1.22119e-13 3.19406e-12
121 -3.61742e-12 2.2875e-12
122 -1.14169e-12 -2.02894e-12
123 2.7111e-12 -2.486e-12
124 1.71238e-12 1.01745e-12
125 -1.80506e-12 2.36043e-12
126 -1.92256e-12 -2.2434e-13
127 1.00401e-12 -2.03909e-12
128 1.87449e-12 -3.36632e-13
129 -3.6246e-13 1.62518e-12
130 -1.66354e-12 6.86673e-13
131 -1.07423e-13 -1.19605e-12
132 1.36947e-12 -8.62451e-13
133 4.16831e-13 8.0008e-13
134 -1.05111e-12 9.08593e-13
135 -5.90906e-13 -4.65403e-13
136 7.48904e-13 -8.66047e-13
137 6.61372e-13 2.01256e-13
138 -4.84719e-13 7.69925e-13
139 -6.58063e-13 -7.99207e-15
140 2.69977e-13 -6.47661e-13
141 6.07425e-13 -1.23058e-13
142 -1.05572e-13 5.19431e-13
143 -5.30254e-13 2.02745e-13
144 -1.24669e-14 -3.97924e-13
145 4.42735e-13 -2.43325e-13
146 9.09825e-14 2.90347e-13
147 -3.553e-13 2.55255e-13
148 -1.38201e-13 -2.00291e-13
149 2.75141e-13 -2.47515e-13
150 1.61182e-13 1.28283e-13
151 -2.05153e-13 2.27535e-13
152 -1.66997e-13 -7.24042e-14
153 1.46239e-13 -2.02367e-13
154 1.62321e-13 3.17836e-14
155 -9.9856e-14 1.74272e-13
156 -1.50257e-13 -3.2189e-15
157 6.39558e-14 -1.46683e-13
158 1.34452e-13 -1.61806e-14
159 -3.67196e-14 1.21194e-13
160 -1.17347e-13 2.78761e-14
161 1.66104e-14 -9.86177e-14
162 1.00435e-13 -3.44635e-14
163 -3.06761e-15 7.90462e-14
164 -8.47551e-14 3.70944e-14
165 -5.99371e-15 -6.27816e-14
166 7.02184e-14 -3.70566e-14
167 1.18969e-14 4.93518e-14
168 -5.81968e-14 3.50284e-14
169 -1.46434e-14 -3.83189e-14
170 4.75074e-14 -3.29864e-14
171 1.61442e-14 2.98841e-14
172 -3.89782e-14 2.95712e-14
173 -1.56296e-14 -2.33786e-14
174 3.16814e-14 -2.59723e-14
175 1.48664e-14 1.78354e-14
176 -2.56987e-14 2.32394e-14
177 -1.43433e-14 -1.39593e-14
178 2.10722e-14 -1.97676e-14
179 1.29079e-14 1.08118e-14
180 -1.64893e-14 1.70535e-14
181 -1.14882e-14 -8.61311e-15
182 1.39397e-14 -1.47892e-14
183 9.81643e-15 6.81511e-15
184 -1.1333e-14 1.24541e-14
185 -8.53347e-15 -5.59916e-15
186 9.53138e-15 -1.04004e-14
187 7.20625e-15 4.56999e-15
188 -7.90548e-15 8.83516e-15
189 -6.12458e-15 -3.7843e-15
190 6.91071e-15 -7.25453e-15
191 4.81654e-15 3.17193e-15
192 -5.7016e-15 6.37283e-15
193 -4.36613e-15 -2.63885e-15
194 4.67721e-15 -5.22091e-15
195 3.49355e-15 2.37618e-15
196 -4.30597e-15 4.29386e-15
197 -2.67249e-15 -2.29295e-15
198 3.38816e-15 -3.47443e-15
199 2.40944e-15 2.0846e-15
200 -3.11275e-15 2.89506e-15
201 -1.8136e-15 -1.65466e-15
202 2.51873e-15 -2.40059e-15
203 1.65347e-15 1.49646e-15
204 -2.35883e-15 1.97434e-15
205 -1.02088e-15 -1.30486e-15
206 1.84476e-15 -1.76025e-15
207 9.41546e-16 1.42305e-15
208 -1.83559e-15 1.25779e-15
209 -6.80445e-16 -1.1694e-15
210 1.57262e-15 -9.14448e-16
211 4.09876e-16 1.3526e-15
212 -1.46521e-15 7.45256e-16
213 -1.12921e-16 -1.25055e-15
214 8.32949e-16 -5.3852e-16
215 1.69822e-16 7.73874e-16
216 -9.19871e-16 4.13584e-16
217 -2.53831e-16 -8.98845e-16
218 1.05044e-15 5.88665e-17
219 -2.9068e-16 5.50992e-16
220 -8.55402e-16 -6.98196e-17
221 2.65691e-16 -6.46644e-16
222 4.40473e-16 -3.52036e-19
223 -6.71944e-16 3.03122e-16
224 -1.03558e-16 -8.32636e-17
225 1.54309e-16 -3.24345e-16
226 1.33269e-16 2.32911e-16
227 -2.97272e-16 1.23784e-16
228 -1.5803e-16 -1.44983e-16
229 2.78367e-16 -5.09435e-16
230 2.68451e-16 4.68899e-16
231 -3.61766e-16 -5.70246e-17
232 -1.95667e-16 -2.97075e-16
233 4.38359e-16 -1.82182e-16
234 -1.4581e-16 7.13223e-17
235 -2.2053e-17 1.15912e-16
236 -2.68558e-16 -4.97858e-16
237 4.83102e-16 1.10855e-16
238 -2.22135e-16 -2.18452e-17
239 -2.34983e-17 2.20768e-16
240 -3.46086e-17 -3.12068e-16
241 1.19559e-16 1.71101e-17
242 2.60454e-17 7.87521e-17
243 -2.76995e-16 -8.61118e-17
244 1.94826e-16 -1.99847e-16
245 -3.86974e-18 -2.99348e-17
246 -2.48858e-16 1.08255e-16
247 -8.25764e-18 -2.42129e-16
248 1.20988e-16 1.85407e-16
249 -5.66956e-17 -3.26164e-18
250 -7.69189e-17 -7.38403e-17
251 1.79555e-16 -8.10192e-17
252 -1.1913e-17 8.17918e-18
253 -3.18507e-17 -1.14148e-16
254 -1.94939e-16 9.00185e-17
255 6.97331e-17 1.48974e-16
256 3.42537e-17 -5.85384e-17
257 4.38653e-17 -6.47293e-17
258 2.39824e-17 2.81471e-16
259 1.59286e-16 6.27137e-17
260 1.74589e-16 1.498e-16
261 -2.95087e-17 -1.35663e-16
262 -6.26401e-17 -3.67738e-17
263 1.50089e-16 -5.83579e-17
264 -5.65277e-17 -5.47814e-17
265 -1.55484e-16 -3.28518e-16
266 2.49366e-16 3.63708e-16
267 1.24589e-16 1.76245e-16
268 -1.25739e-16 -3.34417e-16
269 -3.87629e-16 -1.02221e-16
270 8.21934e-17 3.1475e-18
271 2.87072e-16 1.76901e-16
272 -5.31877e-17 -5.46389e-16
273 -1.51951e-16 -2.76845e-16
274 4.74494e-16 5.51533e-16
275 2.67253e-16 1.29925e-16
276 -6.10648e-16 -5.75565e-16
277 -2.00388e-16 9.86982e-18
278 7.29961e-16 8.86753e-16
279 -9.43416e-17 -2.10795e-17
280 -4.80894e-16 -4.33342e-16
281 -2.75795e-16 1.49978e-16
282 5.96501e-16 7.48425e-16
283 1.88574e-16 -2.48065e-16
284 -9.18476e-16 -1.17104e-15
285 4.14583e-17 3.15628e-16
286 1.24298e-15 1.00359e-15
287 -7.57856e-17 -5.88596e-16
288 -1.4969e-15 -1.29147e-15
289 3.13874e-16 7.91644e-16
290 1.59054e-15 1.47962e-15
291 -7.02324e-16 -1.20627e-15
292 -1.77065e-15 -1.21785e-15
293 5.70017e-16 1.35246e-15
294 2.26326e-15 1.31512e-15
295 -9.41557e-16 -1.6674e-15
296 -2.44635e-15 -1.62174e-15
297 1.17243e-15 2.03349e-15
298 2.70917e-15 2.09031e-15
299 -1.84936e-15 -2.97513e-15
300 -3.17428e-15 -1.84042e-15
301 2.39324e-15 3.47367e-15
302 3.47094e-15 2.25136e-15
303 -2.72193e-15 -4.25142e-15
304 -4.11271e-15 -2.74003e-15
305 3.68152e-15 4.77243e-15
306 4.79947e-15 2.7081e-15
307 -3.86595e-15 -5.97825e-15
308 -5.76899e-15 -3.4696e-15
309 5.30188e-15 7.50641e-15
310 6.78989e-15 3.73486e-15
311 -6.05235e-15 -8.75482e-15
312 -8.2176e-15 -4.80423e-15
313 7.44953e-15 1.01852e-14
314 9.66634e-15 5.9388e-15
315 -8.84333e-15 -1.251e-14
316 -1.14032e-14 -6.83597e-15
317 9.84017e-15 1.48391e-14
318 1.39098e-14 8.69766e-15
319 -1.14264e-14 -1.7372e-14
320 -1.69157e-14 -1.09297e-14
321 1.29488e-14 2.00351e-14
322 2.06859e-14 1.37611e-14
323 -1.41856e-14 -2.31697e-14
324 -2.55799e-14 -1.78796e-14
325 1.55209e-14 2.64631e-14
326 3.16405e-14 2.31231e-14
327 -1.60925e-14 -2.96423e-14
328 -3.85692e-14 -2.98071e-14
329 1.58051e-14 3.28199e-14
330 4.77217e-14 3.82532e-14
331 -1.46925e-14 -3.50536e-14
332 -5.85258e-14 -4.91839e-14
333 1.1523e-14 3.70346e-14
334 7.05741e-14 6.297e-14
335 -6.18304e-15 -3.71666e-14
336 -8.44011e-14 -7.89796e-14
337 -3.16674e-15 3.45348e-14
338 1.00202e-13 9.8285e-14
339 1.69175e-14 -2.7978e-14
340 -1.17173e-13 -1.21191e-13
341 -3.65728e-14 1.61417e-14
342 1.34222e-13 1.46647e-13
343 6.34183e-14 3.03038e-15
344 -1.5016e-13 -1.73984e-13
345 -1.00028e-13 -3.15705e-14
346 1.62102e-13 2.01698e-13
347 1.46751e-13 7.2614e-14
348 -1.6723e-13 -2.27875e-13
349 -2.04858e-13 -1.2798e-13
350 1.6108e-13 2.46743e-13
351 2.75014e-13 2.0048e-13
352 -1.37744e-13 -2.55005e-13
353 -3.55406e-13 -2.9045e-13
354 9.08827e-14 2.4317e-13
355 4.42985e-13 3.97844e-13
356 -1.21991e-14 -2.03002e-13
357 -5.3018e-13 -5.19243e-13
358 -1.05856e-13 1.22972e-13
359 6.07262e-13 6.47684e-13
360 2.7012e-13 7.99872e-15
361 -6.5803e-13 -7.69822e-13
362 -4.84923e-13 -2.01917e-13
363 6.61443e-13 8.66187e-13
364 7.48872e-13 4.65168e-13
365 -5.91101e-13 -9.08907e-13
366 -1.05133e-12 -7.99899e-13
367 4.16698e-13 8.6288e-13
368 1.36964e-12 1.19587e-12
369 -1.07707e-13 -6.8658e-13
370 -1.66341e-12 -1.62541e-12
371 -3.6236e-13 3.36634e-13
372 1.87438e-12 2.03906e-12
373 1.00445e-12 2.24721e-13
374 -1.92248e-12 -2.36096e-12
375 -1.80467e-12 -1.0174e-12
376 1.71231e-12 2.48623e-12
377 2.71082e-12 2.02885e-12
378 -1.14178e-12 -2.28747e-12
379 -3.61807e-12 -3.19425e-12
380 1.22215e-13 1.62843e-12
381 4.35653e-12 4.37812e-12
382 1.39377e-12 -3.87992e-13
383 -4.6958e-12 -5.36088e-12
384 -3.37146e-12 -1.49743e-12
385 4.35532e-12 5.83841e-12
386 5.6531e-12 3.98325e-12
387 -3.04553e-12 -5.44282e-12
388 -7.91745e-12 -6.85856e-12
389 5.37068e-13 3.79965e-12
390 9.65767e-12 9.69367e-12
391 3.24017e-12 -6.21307e-13
392 -1.02014e-11 -1.18181e-11
393 -8.07673e-12 -4.156e-12
394 8.79308e-12 1.23546e-11
395 1.33621e-11 1.0213e-11
396 -4.7572e-12 -1.03419e-11
397 -1.80113e-11 -1.66979e-11
398 -2.25086e-12 4.96395e-12
399 2.04897e-11 2.21448e-11
400 1.19301e-11 4.10314e-12
401 -1.90039e-11 -2.45461e-11
402 -2.30221e-11 -1.62828e-11
403 1.19126e-11 2.16526e-11
404 3.31157e-11 2.97171e-11
405 1.63875e-12 -1.15648e-11
406 -3.87336e-11 -4.10916e-11
407 -2.09361e-11 -6.39766e-12
408 3.58621e-11 4.58702e-11
409 4.2966e-11 3.0701e-11
410 -2.10385e-11 -3.91504e-11
411 -6.20754e-11 -5.67765e-11
412 -7.03771e-12 1.72369e-11
413 7.04306e-11 7.68424e-11
414 4.56804e-11 2.02164e-11
415 -5.96622e-11 -8.09048e-11
416 -8.68e-11 -6.80094e-11
417 2.38315e-11 5.93486e-11
418 1.1681e-10 1.1407e-10
419 3.66739e-11 -7.08101e-12
420 -1.18848e-10 -1.40231e-10
421 -1.11428e-10 -7.15685e-11
422 7.79131e-11 1.2624e-10
423 1.78319e-10 1.58968e-10
424 1.14592e-11 -5.73436e-11
425 -2.06229e-10 -2.2393e-10
426 -1.36945e-10 -6.57055e-11
427 1.63737e-10 2.27756e-10
428 2.63356e-10 2.17624e-10
429 -3.36697e-11 -1.37913e-10
430 -3.3556e-10 -3.45853e-10
431 -1.70016e-10 -5.24909e-11
432 2.93451e-10 3.79974e-10
433 3.90435e-10 3.05849e-10
434 -9.92382e-11 -2.56585e-10
435 -5.31082e-10 -5.32669e-10
436 -2.29617e-10 -4.35102e-11
437 4.82832e-10 6.07759e-10
438 5.96681e-10 4.58639e-10
439 -1.7539e-10 -4.16864e-10
440 -8.32342e-10 -8.32025e-10
441 -3.60528e-10 -7.30731e-11
442 7.459e-10 9.43993e-10
443 9.50785e-10 7.46773e-10
444 -2.23566e-10 -6.02481e-10
445 -1.29519e-09 -1.32081e-09
446 -6.58285e-10 -2.25806e-10
447 1.07429e-09 1.41616e-09
448 1.56766e-09 1.30131e-09
449 -1.36297e-10 -7.37966e-10
450 -1.97535e-09 -2.10239e-09
451 -1.30761e-09 -6.86246e-10
452 1.38111e-09 1.99814e-09
453 2.60871e-09 2.33572e-09
454 3.37256e-10 -6.04883e-10
455 -2.86115e-09 -3.25967e-09
456 -2.61958e-09 -1.80688e-09
457 1.37772e-09 2.48568e-09
458 4.21759e-09 4.12118e-09
459 1.69521e-09 3.00425e-10
460 -3.69176e-09 -4.68999e-09
461 -4.99975e-09 -4.14248e-09
462 3.62441e-10 2.24484e-09
463 6.27868e-09 6.7948e-09
464 4.73504e-09 2.91916e-09
465 -3.58657e-09 -5.70499e-09
466 -8.6631e-09 -8.26969e-09
467 -2.99876e-09 -1.46765e-10
468 7.8261e-09 9.77269e-09
469 1.02724e-08 8.53802e-09
470 -5.31978e-10 -4.3387e-09
471 -1.27571e-08 -1.39862e-08
472 -1.04939e-08 -7.03381e-09
473 6.05069e-09 1.055e-08
474 1.79177e-08 1.77752e-08
475 8.72346e-09 3.24081e-09
476 -1.36245e-08 -1.83679e-08
477 -2.27569e-08 -2.05107e-08
478 -4.39252e-09 3.29508e-09
479 2.32267e-08 2.75853e-08
480 2.66858e-08 2.15487e-08
481 -3.03185e-09 -1.29845e-08
482 -3.47954e-08 -3.79713e-08
483 -2.91235e-08 -2.02597e-08
484 1.40773e-08 2.6245e-08
485 4.8315e-08 4.93514e-08
486 2.9536e-08 1.60433e-08
487 -2.93267e-08 -4.35822e-08
488 -6.39212e-08 -6.17048e-08
489 -2.7471e-08 -8.33089e-09
490 4.95047e-08 6.57017e-08
491 8.20346e-08 7.52879e-08
492 2.26016e-08 -3.40907e-09
493 -7.5588e-08 -9.36492e-08
494 -1.03539e-07 -9.08026e-08
495 -1.48035e-08 1.96424e-08
496 1.08927e-07 1.2898e-07
497 1.30024e-07 1.09639e-07
498 4.30606e-09 -4.06762e-08
499 -1.51363e-07 -1.73947e-07
500 -1.64127e-07 -1.34235e-07
501 8.01766e-09 6.64361e-08
502 2.05291e-07 2.31683e-07
503 2.09999e-07 1.68608e-07
504 -2.01233e-08 -9.60081e-08
505 -2.7359e-07 -3.06299e-07
506 -2.73914e-07 -2.19104e-07
507 2.7888e-08 1.26781e-07
508 3.59237e-07 4.02761e-07
509 3.64986e-07 2.95384e-07
510 -2.36403e-08 -1.52956e-07
511 -4.64308e-07 -5.26228e-07
512 -4.95816e-07 -4.11559e-07
513 -6.06393e-09 1.63137e-07
514 5.87867e-07 6.80339e-07
515 6.82649e-07 5.87131e-07
516 8.35165e-08 -1.3672e-07
517 -7.21992e-07 -8.63581e-07
518 -9.4413e-07 -8.46942e-07
519 -2.43539e-07 3.90537e-08
520 8.45037e-07 1.06257e-06
521 1.29701e-06 1.21846e-06
522 5.36706e-07 1.83952e-07
523 -9.11314e-07 -1.24085e-06
524 -1.74617e-06 -1.72351e-06
525 -1.02943e-06 -6.09496e-07
526 8.3738e-07 1.3225e-06
527 2.2654e-06 2.36016e-06
528 1.79549e-06 1.3346e-06
529 -4.87794e-07 -1.17202e-06
530 -2.76552e-06 -3.06953e-06
531 -2.88999e-06 -2.45615e-06
532 -3.31042e-07 5.77642e-07
533 3.04993e-06 3.68444e-06
534 4.29341e-06 4.01944e-06
535 1.85076e-06 7.4435e-07
536 -2.76717e-06 -3.86515e-06
537 -5.81488e-06 -5.91826e-06
538 -4.26406e-06 -3.09109e-06
539 1.39147e-06 3.04859e-06
540 6.9577e-06 7.73953e-06
541 7.55233e-06 6.61237e-06
542 1.70534e-06 -4.74256e-07
543 -6.78999e-06 -8.58123e-06
544 -1.11929e-05 -1.1002e-05
545 -6.99157e-06 -4.60128e-06
546 3.93822e-06 6.9523e-06
547 1.37889e-05 1.50512e-05
548 1.42219e-05 1.23629e-05
549 3.07687e-06 -9.85666e-07
550 -1.28224e-05 -1.62313e-05
551 -2.15967e-05 -2.15018e-05
552 -1.48833e-05 -1.06927e-05
553 4.97933e-06 1.07535e-05
554 2.49509e-05 2.81149e-05
555 2.95481e-05 2.71645e-05
556 1.22903e-05 5.12567e-06
557 -1.78538e-05 -2.52832e-05
558 -4.05901e-05 -4.27615e-05
559 -3.74955e-05 -3.1796e-05
560 -5.92097e-06 4.95064e-06
561 3.6414e-05 4.55173e-05
562 6.08082e-05 6.1238e-05
563 4.62835e-05 3.60863e-05
564 -4.25121e-06 -1.98796e-05
565 -6.20445e-05 -7.31927e-05
566 -8.81513e-05 -8.6245e-05
567 -5.84938e-05 -4.23656e-05
568 1.72981e-05 3.94e-05
569 9.67725e-05 0.000111144
570 0.000127468 0.000123102
571 7.97791e-05 5.59988e-05
572 -3.00123e-05 -6.1435e-05
573 -0.000142678 -0.000163009
574 -0.000186679 -0.000180915
575 -0.000121126 -8.7957e-05
576 3.38163e-05 7.89894e-05
577 0.000199393 0.000231148
578 0.000276535 0.000273114
579 0.00020194 0.000158763
580 -8.71729e-06 -7.36243e-05
581 -0.000257264 -0.000310122
582 -0.000406472 -0.00041457
583 -0.000351967 -0.000302294
584 -8.61018e-05 4.31049e-06
585 0.000282508 0.000371237
586 0.000570058 0.000608321
587 0.000604903 0.00056264
588 0.000320753 0.000205357
589 -0.000192174 -0.000333924
590 -0.000709514 -0.000809357
591 -0.000966312 -0.000965641
592 -0.00078369 -0.000664124
593 -0.000170363 3.11952e-05
594 0.000653098 0.000853912
595 0.00132783 0.00143168
596 0.00150495 0.00144497
597 0.00100873 0.000782377
598 -5.76462e-05 -0.00037797
599 -0.00131708 -0.00160522
600 -0.00224451 -0.00236766
601 -0.00237245 -0.00224699
602 -0.00149793 -0.00113153
603 0.00019492 0.00069354
604 0.00215516 0.00260599
605 0.00363445 0.00384765
606 0.00395408 0.00380233
607 0.00277639 0.00225198
608 0.000279278 -0.000486902
609 -0.00283967 -0.00360737
610 -0.00554604 -0.00603698
611 -0.00679034 -0.00678043
612 -0.00586956 -0.00527238
613 -0.00271 -0.00162307
614 0.00202804 0.00333189
615 0.00707081 0.00820837
616 0.0108557 0.0114386
617 0.011975 0.0117261
618 0.00961459 0.00846222
619 0.00386005 0.00198223
620 -0.00422405 -0.00642113
621 -0.0127761 -0.0147423
622 -0.0195455 -0.020715
623 -0.0224318 -0.0223646
624 -0.0200252 -0.0185274
625 -0.0120167 -0.00921004
626 0.00062331 0.00429918
627 0.0157439 0.0196003
628 0.030376 0.0335996
629 0.0412829 0.0430916
630 0.0455883 0.0453865
631 0.0413574 0.0388605
632 0.0280182 0.0233241
633 0.00654916 0.000143572
634 -0.0205964 -0.0278987
635 -0.0498085 -0.0569752
636 -0.076818 -0.0827426
637 -0.0972867 -0.10094
638 -0.107392 -0.107956
639 -0.104321 -0.101292
640 -0.0866033 -0.0798459
641 -0.054258 -0.0440087
642 -0.00874284 0.00442902
643 0.047264 0.0625331
644 0.110205 0.126588
645 0.176048 0.19251
646 0.240709 0.256262
647 0.30042 0.314208
648 0.352032 0.36339
649 0.393215 0.4017
650 0.422547 0.427949
651 0.439517 0.441841
652 0.444432 0.443869
653 0.438281 0.435166
654 0.422555 0.41732
655 0.399063 0.392188
656 0.369751 0.361729
657 0.336554 0.327849
658 0.301267 0.292298
659 0.265464 0.256583
660 0.230445 0.221931
661 0.197217 0.189276
662 0.166497 0.159265
663 0.138738 0.13229
664 0.114162 0.108524
665 0.0928074 0.0879637
666 0.0745682 0.0704746
667 0.0592372 0.0558304
668 0.0465428 0.0437482
669 0.0361794 0.0339182
670 0.0278322 0.0260264
671 0.0211945 0.0197703
672 0.0159809 0.0148709
673 0.0119337 0.0110786
674 0.00882766 0.0081762
675 0.00646987 0.00597886
676 0.00469904 0.00433281
677 0.0033827 0.00311229
678 0.00241398 0.00221628
679 0.001708 0.00156484
680 0.00119837 0.00109568
681 0.000833891 0.000760894
682 0.000575571 0.000524146
683 0.00039411 0.000358198
684 0.000267744 0.000242879
685 0.000180491 0.00016342
686 0.000120747 0.000109123
687 8.01726e-05 7.23218e-05
688 5.28389e-05 4.75785e-05
689 3.45701e-05 3.1073e-05
690 2.24548e-05 2.01478e-05
691 1.44817e-05 1.29713e-05
692 9.2741e-06 8.29256e-06
693 5.89794e-06 5.2648e-06
694 3.72513e-06 3.31969e-06
695 2.33685e-06 2.07907e-06
696 1.45614e-06 1.29339e-06
697 9.01338e-07 7.99308e-07
698 5.54265e-07 4.90739e-07
699 3.38627e-07 2.99343e-07
700 2.05557e-07 1.81426e-07
701 1.23986e-07 1.09262e-07
702 7.43148e-08 6.53897e-08
703 4.42654e-08 3.88902e-08
704 2.62039e-08 2.29875e-08
705 1.54172e-08 1.35048e-08
706 9.01588e-09 7.8859e-09
707 5.24078e-09 4.57728e-09
708 3.02826e-09 2.64106e-09
709 1.73949e-09 1.51491e-09
710 9.93358e-10 8.63885e-10
711 5.6398e-10 4.89784e-10
712 3.18359e-10 2.76092e-10
713 1.78684e-10 1.54748e-10
714 9.97222e-11 8.62456e-11
715 5.53418e-11 4.77978e-11
716 3.05412e-11 2.63424e-11
717 1.67616e-11 1.44382e-11
718 9.14841e-12 7.86984e-12
719 4.96605e-12 4.26645e-12
720 2.6811e-12 2.30032e-12
721 1.43983e-12 1.23383e-12
722 7.68896e-13 6.57932e-13
723 4.08721e-13 3.49361e-13
724 2.15786e-13 1.84263e-13
725 1.13583e-13 9.67946e-14
726 5.92952e-14 5.0485e-14
727 3.0801e-14 2.63154e-14
728 1.60244e-14 1.35243e-14
729 8.46465e-15 7.01714e-15
730 4.49769e-15 3.77332e-15
731 2.11408e-15 1.79666e-15
732 1.14912e-15 8.44318e-16
733 4.3933e-16 3.32129e-16
734 3.75588e-16 1.98863e-16
735 1.17722e-17 -8.67961e-17
736 1.92249e-16 2.94838e-16
737 2.85666e-16 -4.51511e-17
738 -1.15899e-16 7.39456e-17
739 7.72341e-17 -1.63068e-16
740 -1.55285e-16 1.52372e-17
741 4.02565e-18 -1.5967e-16
742 2.14594e-16 2.15103e-16
743 4.5758e-17 9.60471e-17
744 9.54168e-17 1.50728e-18
745 -3.94525e-18 -1.80464e-17
746 6.09774e-18 -1.33475e-16
747 -5.93171e-17 -1.16812e-16
748 -1.21096e-16 5.83039e-17
749 3.18215e-17 1.36034e-16
750 5.65937e-17 -8.29571e-17
751 1.65793e-17 1.41759e-16
752 6.04018e-17 2.71751e-17
753 -3.87154e-17 -1.33129e-16
754 7.111e-17 1.0341e-16
755 -9.54241e-18 -2.42029e-16
756 -8.20525e-17 -5.71931e-17
757 -1.70175e-16 4.97735e-17
758 1.73537e-16 3.60843e-16
759 -1.53358e-16 -1.52092e-16
760 -1.48802e-16 -3.92179e-17
761 1.04789e-17 2.04138e-16
762 -4.96932e-17 -4.58154e-17
763 3.31493e-17 -2.07993e-16
764 -1.193e-17 -9.57732e-17
765 8.6855e-17 -1.95344e-16
766 5.34014e-16 -3.48773e-16
767 5.68216e-16 -9.70096e-16
768 1.01471e-15 -1.71518e-15
769 2.38511e-15 -3.51891e-15
770 4.29145e-15 -6.66156e-15
771 8.21245e-15 -1.35096e-14
772 1.60668e-14 -2.63336e-14
773 3.10978e-14 -5.04905e-14
774 5.93539e-14 -9.67121e-14
775 1.13536e-13 -1.84456e-13
776 2.16071e-13 -3.49e-13
777 4.08532e-13 -6.58242e-13
778 7.69094e-13 -1.23382e-12
779 1.43992e-12 -2.30051e-12
780 2.68119e-12 -4.26632e-12
781 4.96619e-12 -7.86994e-12
782 9.14853e-12 -1.4438e-11
783 1.67615e-11 -2.63425e-11
784 3.05412e-11 -4.77979e-11
785 5.53417e-11 -8.62455e-11
786 9.97223e-11 -1.54748e-10
787 1.78684e-10 -2.76092e-10
788 3.18359e-10 -4.89784e-10
789 5.6398e-10 -8.63885e-10
790 9.93358e-10 -1.51491e-09
791 1.73949e-09 -2.64106e-09
792 3.02826e-09 -4.57728e-09
793 5.24078e-09 -7.8859e-09
794 9.01588e-09 -1.35048e-08
795 1.54172e-08 -2.29875e-08
796 2.62039e-08 -3.88902e-08
797 4.42654e-08 -6.53897e-08
798 7.43148e-08 -1.09262e-07
799 1.23986e-07 -1.81426e-07
800 2.05557e-07 -2.99343e-07
801 3.38627e-07 -4.90739e-07
802 5.54265e-07 -7.99308e-07
803 9.01338e-07 -1.29339e-06
804 1.45614e-06 -2.07907e-06
805 2.33685e-06 -3.31969e-06
806 3.72513e-06 -5.2648e-06
807 5.89794e-06 -8.29256e-06
808 9.2741e-06 -1.29713e-05
809 1.44817e-05 -2.01478e-05
810 2.24548e-05 -3.1073e-05
811 3.45701e-05 -4.75785e-05
812 5.28389e-05 -7.23218e-05
813 8.01726e-05 -0.000109123
814 0.000120747 -0.00016342
815 0.000180491 -0.000242879
816 0.000267744 -0.000358198
817 0.00039411 -0.000524146
818 0.000575571 -0.000760894
819 0.000833891 -0.00109568
820 0.00119837 -0.00156484
821 0.001708 -0.00221628
822 0.00241398 -0.00311229
823 0.0033827 -0.00433281
824 0.00469904 -0.00597886
825 0.00646987 -0.0081762
826 0.00882766 -0.0110786
827 0.0119337 -0.0148709
828 0.0159809 -0.0197703
829 0.0211945 -0.0260264
830 0.0278322 -0.0339182
831 0.0361794 -0.0437482
832 0.0465428 -0.0558304
833 0.0592372 -0.0704746
834 0.0745682 -0.0879637
835 0.0928074 -0.108524
836 0.114162 -0.13229
837 0.138738 -0.159265
838 0.166497 -0.189276
839 0.197217 -0.221931
840 0.230445 -0.256583
841 0.265464 -0.292298
842 0.301267 -0.327849
843 0.336554 -0.361729
844 0.369751 -0.392188
845 0.399063 -0.41732
846 0.422555 -0.435166
847 0.438281 -0.443869
848 0.444432 -0.441841
849 0.439517 -0.427949
850 0.422547 -0.4017
851 0.393215 -0.36339
852 0.352032 -0.314208
853 0.30042 -0.256262
854 0.240709 -0.19251
855 0.176048 -0.126588
856 0.110205 -0.0625331
857 0.047264 -0.00442902
858 -0.00874284 0.0440087
859 -0.054258 0.0798459
860 -0.0866033 0.101292
861 -0.104321 0.107956
862 -0.107392 0.10094
863 -0.0972867 0.0827426
864 -0.076818 0.0569752
865 -0.0498085 0.0278987
866 -0.0205964 -0.000143572
867 0.00654916 -0.0233241
868 0.0280182 -0.0388605
869 0.0413574 -0.0453865
870 0.0455883 -0.0430916
871 0.0412829 -0.0335996
872 0.030376 -0.0196003
873 0.0157439 -0.00429918
874 0.00062331 0.00921004
875 -0.0120167 0.0185274
876 -0.0200252 0.0223646
877 -0.0224318 0.020715
878 -0.0195455 0.0147423
879 -0.0127761 0.00642113
880 -0.00422405 -0.00198223
881 0.00386005 -0.00846222
882 0.00961459 -0.0117261
883 0.011975 -0.0114386
884 0.0108557 -0.00820837
885 0.00707081 -0.00333189
886 0.00202804 0.00162307
887 -0.00271 0.00527238
888 -0.00586956 0.00678043
889 -0.00679034 0.00603698
890 -0.00554604 0.00360737
891 -0.00283967 0.000486902
892 0.000279278 -0.00225198
893 0.00277639 -0.00380233
894 0.00395408 -0.00384765
895 0.00363445 -0.00260599
896 0.00215516 -0.00069354
897 0.00019492 0.00113153
898 -0.00149793 0.00224699
899 -0.00237245 0.00236766
900 -0.00224451 0.00160522
901 -0.00131708 0.00037797
902 -5.76462e-05 -0.000782377
903 0.00100873 -0.00144497
904 0.00150495 -0.00143168
905 0.00132783 -0.000853912
906 0.000653098 -3.11952e-05
907 -0.000170363 0.000664124
908 -0.00078369 0.000965641
909 -0.000966312 0.000809357
910 -0.000709514 0.000333924
911 -0.000192174 -0.000205357
912 0.000320753 -0.00056264
913 0.000604903 -0.000608321
914 0.000570058 -0.000371237
915 0.000282508 -4.31049e-06
916 -8.61018e-05 0.000302294
917 -0.000351967 0.00041457
918 -0.000406472 0.000310122
919 -0.000257264 7.36243e-05
920 -8.71729e-06 -0.000158763
921 0.00020194 -0.000273114
922 0.000276535 -0.000231148
923 0.000199393 -7.89894e-05
924 3.38163e-05 8.7957e-05
925 -0.000121126 0.000180915
926 -0.000186679 0.000163009
927 -0.000142678 6.1435e-05
928 -3.00123e-05 -5.59988e-05
929 7.97791e-05 -0.000123102
930 0.000127468 -0.000111144
931 9.67725e-05 -3.94e-05
932 1.72981e-05 4.23656e-05
933 -5.84938e-05 8.6245e-05
934 -8.81513e-05 7.31927e-05
935 -6.20445e-05 1.98796e-05
936 -4.25121e-06 -3.60863e-05
937 4.62835e-05 -6.1238e-05
938 6.08082e-05 -4.55173e-05
939 3.6414e-05 -4.95064e-06
940 -5.92097e-06 3.1796e-05
941 -3.74955e-05 4.27615e-05
942 -4.05901e-05 2.52832e-05
943 -1.78538e-05 -5.12567e-06
944 1.22903e-05 -2.71645e-05
945 2.95481e-05 -2.81149e-05
946 2.49509e-05 -1.07535e-05
947 4.97933e-06 1.06927e-05
948 -1.48833e-05 2.15018e-05
949 -2.15967e-05 1.62313e-05
950 -1.28224e-05 9.85666e-07
951 3.07687e-06 -1.23629e-05
952 1.42219e-05 -1.50512e-05
953 1.37889e-05 -6.9523e-06
954 3.93822e-06 4.60128e-06
955 -6.99157e-06 1.1002e-05
956 -1.11929e-05 8.58123e-06
957 -6.78999e-06 4.74256e-07
958 1.70534e-06 -6.61237e-06
959 7.55233e-06 -7.73953e-06
960 6.9577e-06 -3.04859e-06
961 1.39147e-06 3.09109e-06
962 -4.26406e-06 5.91826e-06
963 -5.81488e-06 3.86515e-06
964 -2.76717e-06 -7.4435e-07
965 1.85076e-06 -4.01944e-06
966 4.29341e-06 -3.68444e-06
967 3.04993e-06 -5.77642e-07
968 -3.31042e-07 2.45615e-06
969 -2.88999e-06 3.06953e-06
970 -2.76552e-06 1.17202e-06
971 -4.87794e-07 -1.3346e-06
972 1.79549e-06 -2.36016e-06
973 2.2654e-06 -1.3225e-06
974 8.3738e-07 6.09496e-07
975 -1.02943e-06 1.72351e-06
976 -1.74617e-06 1.24085e-06
977 -9.11314e-07 -1.83952e-07
978 5.36706e-07 -1.21846e-06
979 1.29701e-06 -1.06257e-06
980 8.45037e-07 -3.90537e-08
981 -2.43539e-07 8.46942e-07
982 -9.4413e-07 8.63581e-07
983 -7.21992e-07 1.3672e-07
984 8.35165e-08 -5.87131e-07
985 6.82649e-07 -6.80339e-07
986 5.87867e-07 -1.63137e-07
987 -6.06393e-09 4.11559e-07
988 -4.95816e-07 5.26228e-07
989 -4.64308e-07 1.52956e-07
990 -2.36403e-08 -2.95384e-07
991 3.64986e-07 -4.02761e-07
992 3.59237e-07 -1.26781e-07
993 2.7888e-08 2.19104e-07
994 -2.73914e-07 3.06299e-07
995 -2.7359e-07 9.60081e-08
996 -2.01233e-08 -1.68608e-07
997 2.09999e-07 -2.31683e-07
998 2.05291e-07 -6.64361e-08
999 8.01766e-09 1.34235e-07
