0 0.246339 0.242742
1 0.2371 0.235189
2 0.226977 0.226659
3 0.216446 0.217047
4 0.20589 0.206395
5 0.195524 0.194931
6 0.185377 0.183036
7 0.17532 0.171157
8 0.165154 0.159694
9 0.154708 0.1489
10 0.143931 0.138839
11 0.132941 0.129391
12 0.122008 0.120326
13 0.11149 0.111401
14 0.101723 0.102457
15 0.0929216 0.0934762
16 0.0851157 0.0846007
17 0.078147 0.0760842
18 0.0717329 0.0682138
19 0.0655691 0.0612183
20 0.0594363 0.0551929
21 0.0532735 0.0500665
22 0.0471908 0.0456215
23 0.041422 0.0415613
24 0.036235 0.0376042
25 0.031833 0.0335741
26 0.0282819 0.0294553
27 0.0254853 0.0253923
28 0.0232149 0.0216329
29 0.0211821 0.0184324
30 0.0191276 0.0159545
31 0.0168983 0.0142041
32 0.0144896 0.0130177
33 0.0120382 0.0121157
34 0.00976887 0.0111977
35 0.00791278 0.0100444
36 0.00662199 0.00858845
37 0.0059105 0.00692868
38 0.00564186 0.00528428
39 0.00556969 0.00390747
40 0.00541856 0.00298841
41 0.00497774 0.00258647
42 0.00417395 0.00261068
43 0.00309566 0.00285348
44 0.00195836 0.00306308
45 0.00102248 0.00302806
46 0.000494138 0.00264531
47 0.000446219 0.00194975
48 0.000789955 0.00109744
49 0.00130788 0.000308805
50 0.001735 -0.000208731
51 0.00185644 -0.000333265
52 0.00158407 -7.19581e-05
53 0.000983766 0.000439443
54 0.000244878 0.000981989
55 -0.000394201 0.00132939
56 -0.000734758 0.00132859
57 -0.000687867 0.000956149
58 -0.000301844 0.000328744
59 0.000260012 -0.00033817
60 0.000780679 -0.000809941
61 0.00106643 -0.00092156
62 0.00101276 -0.000641657
63 0.000637751 -8.59022e-05
64 7.28582e-05 0.000526597
65 -0.000484479 0.000957603
66 -0.000840264 0.00104169
67 -0.000871968 0.000749253
68 -0.000572147 0.00019581
69 -5.22174e-05 -0.000405575
70 0.000495988 -0.00082867
71 0.00086864 -0.000921161
72 0.000924717 -0.000660309
73 0.000639867 -0.000156819
74 0.000118182 0.000392179
75 -0.000444588 0.00078055
76 -0.000834332 0.000870115
77 -0.000901245 0.000638462
78 -0.000619451 0.000181775
79 -9.89017e-05 -0.000325564
80 0.00045668 -0.000697395
81 0.000830049 -0.000803051
82 0.000876819 -0.000611851
83 0.000582749 -0.0002006
84 6.83495e-05 0.000276732
85 -0.000460901 0.000645314
86 -0.00079787 0.000771853
87 -0.000816099 0.000611761
88 -0.000517731 0.000225054
89 -2.86779e-05 -0.000244763
90 0.000455198 -0.000622173
91 0.000747385 -0.00076409
92 0.000742876 -0.000614303
93 0.000455111 -0.000227151
94 5.22032e-06 0.000250252
95 -0.000429482 0.000632633
96 -0.000685489 0.000768489
97 -0.000673853 0.000601355
98 -0.000409558 0.000194957
99 -7.74741e-07 -0.000289758
100 0.00039537 -0.000658181
101 0.000632344 -0.000761118
102 0.000626968 -0.000556719
103 0.000387235 -0.000128765
104 6.7823e-06 0.000347248
105 -0.000370758 0.000676657
106 -0.000604428 0.00072646
107 -0.000607233 0.000480217
108 -0.000378226 4.37507e-05
109 -3.7565e-06 -0.000400539
110 0.000373427 -0.000670836
111 0.000607171 -0.000661382
112 0.000604164 -0.000384318
113 0.000362021 3.88987e-05
114 -2.67881e-05 0.000431345
115 -0.000408757 0.000635446
116 -0.000629401 0.000576616
117 -0.000596325 0.000289793
118 -0.000319237 -0.000100107
119 9.10813e-05 -0.000433144
120 0.000466314 -0.000580175
121 0.000649929 -0.000492309
122 0.00056357 -0.00021545
123 0.000241802 0.000133263
124 -0.000180799 0.000415078
125 -0.000525906 0.000524238
126 -0.00064753 0.000426401
127 -0.000495017 0.000167696
128 -0.000135124 -0.000146813
129 0.000276937 -0.00039522
130 0.000565028 -0.000484843
131 0.000608437 -0.000385548
132 0.000393371 -0.000139078
133 1.71375e-05 0.00015797
134 -0.000356142 0.00039083
135 -0.000567917 0.000469622
136 -0.000533294 0.000363395
137 -0.000275212 0.000112649
138 8.91116e-05 -0.000184899
139 0.000401833 -0.000411032
140 0.000533426 -0.000473237
141 0.000436505 -0.00034278
142 0.000162081 -6.88783e-05
143 -0.000166838 0.000238403
144 -0.000410754 0.000451487
145 -0.000473018 0.000478294
146 -0.000337653 0.000302864
147 -7.11061e-05 -4.74999e-06
148 0.000210335 -0.000315452
149 0.000391414 -0.000495109
150 0.000404694 -0.000463064
151 0.000254487 -0.000229317
152 1.01532e-05 0.000107223
153 -0.000225912 0.000400198
154 -0.000360789 0.000519798
155 -0.000346604 0.000411102
156 -0.00019614 0.000120166
157 2.57206e-05 -0.000224931
158 0.000229603 -0.000470563
159 0.000336749 -0.00050659
160 0.000308341 -0.00031661
161 0.000158764 1.39362e-05
162 -5.12519e-05 0.000336088
163 -0.000238499 0.000504941
164 -0.00032922 0.000445573
165 -0.000287431 0.00018693
166 -0.000129179 -0.000151969
167 8.29054e-05 -0.000417028
168 0.000263339 -0.00048969
169 0.000337426 -0.000340522
170 0.000272028 -4.12831e-05
171 9.08878e-05 0.000269528
172 -0.000132811 0.00045109
173 -0.000305098 0.0004245
174 -0.000350391 0.000207336
175 -0.00024503 -9.6734e-05
176 -3.00882e-05 -0.000347499
177 0.000203621 -0.000433185
178 0.000353478 -0.000320581
179 0.000350317 -6.76633e-05
180 0.000190929 0.000205953
181 -5.77361e-05 0.000375768
182 -0.000286134 0.000369309
183 -0.000390387 0.000197021
184 -0.000319978 -5.60022e-05
185 -0.000102741 -0.000271997
186 0.000165401 -0.000355477
187 0.000362623 -0.000275436
188 0.000396817 -7.61615e-05
189 0.00024912 0.000146647
190 -1.54525e-05 0.00029181
191 -0.000276312 0.000298597
192 -0.000412361 0.000171833
193 -0.000358629 -2.40292e-05
194 -0.000137767 -0.000197411
195 0.000149062 -0.000272398
196 0.000368485 -0.000221837
197 0.000417223 -7.63612e-05
198 0.000271129 9.31706e-05
199 -2.51896e-06 0.000210088
200 -0.000275863 0.000226483
201 -0.00042034 0.000142381
202 -0.000367478 2.10438e-06
203 -0.000141682 -0.000128733
204 0.000150816 -0.000193777
205 0.000371937 -0.000169872
206 0.000417131 -7.44203e-05
207 0.000265098 4.56054e-05
208 -1.19214e-05 0.000136544
209 -0.000282357 0.000161797
210 -0.000417873 0.000116074
211 -0.000354485 2.48513e-05
212 -0.000123024 -6.93131e-05
213 0.000165678 -0.000126467
214 0.000373841 -0.000125907
215 0.000402619 -7.30068e-05
216 0.000239253 5.62942e-06
217 -3.71367e-05 7.53356e-05
218 -0.000293779 0.000108435
219 -0.000408077 9.47528e-05
220 -0.000326295 4.38808e-05
221 -8.89577e-05 -2.06663e-05
222 0.000189101 -7.2104e-05
223 0.000374248 -9.11291e-05
224 0.000378302 -7.26822e-05
225 0.000200631 -2.66415e-05
226 -7.2056e-05 2.71695e-05
227 -0.000307905 6.72733e-05
228 -0.000393638 7.8803e-05
229 -0.000289004 5.87176e-05
230 -4.57831e-05 1.62828e-05
231 0.000217707 -3.10508e-05
232 0.000374091 -6.46049e-05
233 0.000348511 -7.15999e-05
234 0.000154523 -4.98616e-05
235 -0.000112946 -8.46579e-06
236 -0.000323964 3.58642e-05
237 -0.000376663 6.52886e-05
238 -0.000246401 6.79004e-05
239 2.69414e-06 4.25813e-05
240 0.000249206 -3.56873e-07
241 0.000373514 -4.32012e-05
242 0.000315766 -6.80738e-05
243 0.000104685 -6.44428e-05
244 -0.00015664 -3.36928e-05
245 -0.000340986 1.13123e-05
246 -0.000358834 5.15946e-05
247 -0.000201799 7.01012e-05
248 5.33955e-05 5.89683e-05
249 0.000282322 2.28847e-05
250 0.000373427 -2.28847e-05
251 0.000282322 -5.89683e-05
252 5.33955e-05 -7.01012e-05
253 -0.000201799 -5.15946e-05
254 -0.000358834 -1.13123e-05
255 -0.000340986 3.36928e-05
256 -0.00015664 6.44428e-05
257 0.000104685 6.80738e-05
258 0.000315766 4.32012e-05
259 0.000373514 3.56873e-07
260 0.000249206 -4.25813e-05
261 2.69414e-06 -6.79004e-05
262 -0.000246401 -6.52886e-05
263 -0.000376663 -3.58642e-05
264 -0.000323964 8.46579e-06
265 -0.000112946 4.98616e-05
266 0.000154523 7.15999e-05
267 0.000348511 6.46049e-05
268 0.000374091 3.10508e-05
269 0.000217707 -1.62828e-05
270 -4.57831e-05 -5.87176e-05
271 -0.000289004 -7.8803e-05
272 -0.000393638 -6.72733e-05
273 -0.000307905 -2.71695e-05
274 -7.2056e-05 2.66415e-05
275 0.000200631 7.26822e-05
276 0.000378302 9.11291e-05
277 0.000374248 7.2104e-05
278 0.000189101 2.06663e-05
279 -8.89577e-05 -4.38808e-05
280 -0.000326295 -9.47528e-05
281 -0.000408077 -0.000108435
282 -0.000293779 -7.53356e-05
283 -3.71367e-05 -5.62942e-06
284 0.000239253 7.30068e-05
285 0.000402619 0.000125907
286 0.000373841 0.000126467
287 0.000165678 6.93131e-05
288 -0.000123024 -2.48513e-05
289 -0.000354485 -0.000116074
290 -0.000417873 -0.000161797
291 -0.000282357 -0.000136544
292 -1.19214e-05 -4.56054e-05
293 0.000265098 7.44203e-05
294 0.000417131 0.000169872
295 0.000371937 0.000193777
296 0.000150816 0.000128733
297 -0.000141682 -2.10438e-06
298 -0.000367478 -0.000142381
299 -0.00042034 -0.000226483
300 -0.000275863 -0.000210088
301 -2.51896e-06 -9.31706e-05
302 0.000271129 7.63612e-05
303 0.000417223 0.000221837
304 0.000368485 0.000272398
305 0.000149062 0.000197411
306 -0.000137767 2.40292e-05
307 -0.000358629 -0.000171833
308 -0.000412361 -0.000298597
309 -0.000276312 -0.00029181
310 -1.54525e-05 -0.000146647
311 0.00024912 7.61615e-05
312 0.000396817 0.000275436
313 0.000362623 0.000355477
314 0.000165401 0.000271997
315 -0.000102741 5.60022e-05
316 -0.000319978 -0.000197021
317 -0.000390387 -0.000369309
318 -0.000286134 -0.000375768
319 -5.77361e-05 -0.000205953
320 0.000190929 6.76633e-05
321 0.000350317 0.000320581
322 0.000353478 0.000433185
323 0.000203621 0.000347499
324 -3.00882e-05 9.6734e-05
325 -0.00024503 -0.000207336
326 -0.000350391 -0.0004245
327 -0.000305098 -0.00045109
328 -0.000132811 -0.000269528
329 9.08878e-05 4.12831e-05
330 0.000272028 0.000340522
331 0.000337426 0.00048969
332 0.000263339 0.000417028
333 8.29054e-05 0.000151969
334 -0.000129179 -0.00018693
335 -0.000287431 -0.000445573
336 -0.00032922 -0.000504941
337 -0.000238499 -0.000336088
338 -5.12519e-05 -1.39362e-05
339 0.000158764 0.00031661
340 0.000308341 0.00050659
341 0.000336749 0.000470563
342 0.000229603 0.000224931
343 2.57206e-05 -0.000120166
344 -0.00019614 -0.000411102
345 -0.000346604 -0.000519798
346 -0.000360789 -0.000400198
347 -0.000225912 -0.000107223
348 1.01532e-05 0.000229317
349 0.000254487 0.000463064
350 0.000404694 0.000495109
351 0.000391414 0.000315452
352 0.000210335 4.74999e-06
353 -7.11061e-05 -0.000302864
354 -0.000337653 -0.000478294
355 -0.000473018 -0.000451487
356 -0.000410754 -0.000238403
357 -0.000166838 6.88783e-05
358 0.000162081 0.00034278
359 0.000436505 0.000473237
360 0.000533426 0.000411032
361 0.000401833 0.000184899
362 8.91116e-05 -0.000112649
363 -0.000275212 -0.000363395
364 -0.000533294 -0.000469622
365 -0.000567917 -0.00039083
366 -0.000356142 -0.00015797
367 1.71375e-05 0.000139078
368 0.000393371 0.000385548
369 0.000608437 0.000484843
370 0.000565028 0.00039522
371 0.000276937 0.000146813
372 -0.000135124 -0.000167696
373 -0.000495017 -0.000426401
374 -0.00064753 -0.000524238
375 -0.000525906 -0.000415078
376 -0.000180799 -0.000133263
377 0.000241802 0.00021545
378 0.00056357 0.000492309
379 0.000649929 0.000580175
380 0.000466314 0.000433144
381 9.10813e-05 0.000100107
382 -0.000319237 -0.000289793
383 -0.000596325 -0.000576616
384 -0.000629401 -0.000635446
385 -0.000408757 -0.000431345
386 -2.67881e-05 -3.88987e-05
387 0.000362021 0.000384318
388 0.000604164 0.000661382
389 0.000607171 0.000670836
390 0.000373427 0.000400539
391 -3.7565e-06 -4.37507e-05
392 -0.000378226 -0.000480217
393 -0.000607233 -0.00072646
394 -0.000604428 -0.000676657
395 -0.000370758 -0.000347248
396 6.7823e-06 0.000128765
397 0.000387235 0.000556719
398 0.000626968 0.000761118
399 0.000632344 0.000658181
400 0.00039537 0.000289758
401 -7.74741e-07 -0.000194957
402 -0.000409558 -0.000601355
403 -0.000673853 -0.000768489
404 -0.000685489 -0.000632633
405 -0.000429482 -0.000250252
406 5.22032e-06 0.000227151
407 0.000455111 0.000614303
408 0.000742876 0.00076409
409 0.000747385 0.000622173
410 0.000455198 0.000244763
411 -2.86779e-05 -0.000225054
412 -0.000517731 -0.000611761
413 -0.000816099 -0.000771853
414 -0.00079787 -0.000645314
415 -0.000460901 -0.000276732
416 6.83495e-05 0.0002006
417 0.000582749 0.000611851
418 0.000876819 0.000803051
419 0.000830049 0.000697395
420 0.00045668 0.000325564
421 -9.89017e-05 -0.000181775
422 -0.000619451 -0.000638462
423 -0.000901245 -0.000870115
424 -0.000834332 -0.00078055
425 -0.000444588 -0.000392179
426 0.000118182 0.000156819
427 0.000639867 0.000660309
428 0.000924717 0.000921161
429 0.00086864 0.00082867
430 0.000495988 0.000405575
431 -5.22174e-05 -0.00019581
432 -0.000572147 -0.000749253
433 -0.000871968 -0.00104169
434 -0.000840264 -0.000957603
435 -0.000484479 -0.000526597
436 7.28582e-05 8.59022e-05
437 0.000637751 0.000641657
438 0.00101276 0.00092156
439 0.00106643 0.000809941
440 0.000780679 0.00033817
441 0.000260012 -0.000328744
442 -0.000301844 -0.000956149
443 -0.000687867 -0.00132859
444 -0.000734758 -0.00132939
445 -0.000394201 -0.000981989
446 0.000244878 -0.000439443
447 0.000983766 7.19581e-05
448 0.00158407 0.000333265
449 0.00185644 0.000208731
450 0.001735 -0.000308805
451 0.00130788 -0.00109744
452 0.000789955 -0.00194975
453 0.000446219 -0.00264531
454 0.000494138 -0.00302806
455 0.00102248 -0.00306308
456 0.00195836 -0.00285348
457 0.00309566 -0.00261068
458 0.00417395 -0.00258647
459 0.00497774 -0.00298841
460 0.00541856 -0.00390747
461 0.00556969 -0.00528428
462 0.00564186 -0.00692868
463 0.0059105 -0.00858845
464 0.00662199 -0.0100444
465 0.00791278 -0.0111977
466 0.00976887 -0.0121157
467 0.0120382 -0.0130177
468 0.0144896 -0.0142041
469 0.0168983 -0.0159545
470 0.0191276 -0.0184324
471 0.0211821 -0.0216329
472 0.0232149 -0.0253923
473 0.0254853 -0.0294553
474 0.0282819 -0.0335741
475 0.031833 -0.0376042
476 0.036235 -0.0415613
477 0.041422 -0.0456215
478 0.0471908 -0.0500665
479 0.0532735 -0.0551929
480 0.0594363 -0.0612183
481 0.0655691 -0.0682138
482 0.0717329 -0.0760842
483 0.078147 -0.0846007
484 0.0851157 -0.0934762
485 0.0929216 -0.102457
486 0.101723 -0.111401
487 0.11149 -0.120326
488 0.122008 -0.129391
489 0.132941 -0.138839
490 0.143931 -0.1489
491 0.154708 -0.159694
492 0.165154 -0.171157
493 0.17532 -0.183036
494 0.185377 -0.194931
495 0.195524 -0.206395
496 0.20589 -0.217047
497 0.216446 -0.226659
498 0.226977 -0.235189
499 0.2371 -0.242742
500 0.246339 -0.249484
501 0.254224 -0.255527
502 0.26039 -0.260834
503 0.264639 -0.265177
504 0.266959 -0.268156
505 0.267476 -0.269283
506 0.266363 -0.268091
507 0.263739 -0.264236
508 0.259581 -0.257578
509 0.253691 -0.248188
510 0.245726 -0.236308
511 0.235291 -0.222267
512 0.222062 -0.206376
513 0.205897 -0.188844
514 0.186906 -0.169736
515 0.165442 -0.148988
516 0.142041 -0.126482
517 0.117297 -0.102152
518 0.0917575 -0.0760951
519 0.0658307 -0.0486431
520 0.0397659 -0.0203788
521 0.01369 0.0079224
522 -0.012306 0.0354038
523 -0.0380622 0.061261
524 -0.0632609 0.084856
525 -0.0873823 0.105776
526 -0.109722 0.123823
527 -0.129467 0.138938
528 -0.145815 0.151097
529 -0.158106 0.160203
530 -0.165923 0.166034
531 -0.169142 0.168241
532 -0.167921 0.166417
533 -0.162609 0.160211
534 -0.153643 0.149446
535 -0.141425 0.134224
536 -0.126254 0.114973
537 -0.108317 0.0924325
538 -0.0877511 0.0675662
539 -0.0647475 0.0414412
540 -0.0396693 0.0150886
541 -0.0131353 -0.0106089
542 0.0139599 -0.0349751
543 0.0405006 -0.0575295
544 0.065269 -0.0779167
545 0.0870969 -0.095804
546 0.105013 -0.110787
547 0.118351 -0.122345
548 0.126791 -0.129856
549 0.130334 -0.132694
550 0.129223 -0.130363
551 0.123827 -0.122636
552 0.11454 -0.109666
553 0.101705 -0.0920253
554 0.0856095 -0.070664
555 0.0665337 -0.0468041
556 0.0448477 -0.0217848
557 0.021118 0.0030972
558 -0.00381624 0.0267176
559 -0.0288314 0.0481974
560 -0.0525881 0.0669093
561 -0.0736714 0.0824243
562 -0.090771 0.0944242
563 -0.102858 0.102613
564 -0.109315 0.106666
565 -0.109994 0.10623
566 -0.105186 0.101
567 -0.0955297 0.0908335
568 -0.0818695 0.0758837
569 -0.0651215 0.0567029
570 -0.0461643 0.0342785
571 -0.0257868 0.00998179
572 -0.00469648 -0.0145662
573 0.0164234 -0.0376851
574 0.0368361 -0.0578398
575 0.0556872 -0.0738152
576 0.071988 -0.0848263
577 0.0846664 -0.0905482
578 0.0926852 -0.0910684
579 0.0952064 -0.0867838
580 0.0917624 -0.0782745
581 0.0823899 -0.0661891
582 0.0676866 -0.0511716
583 0.0487733 -0.0338463
584 0.0271637 -0.0148565
585 0.00457104 0.00506182
586 -0.0173079 0.0250083
587 -0.0369859 0.0438847
588 -0.0533198 0.0604286
589 -0.0655678 0.0733231
590 -0.0733702 0.081367
591 -0.0766735 0.0836705
592 -0.0756278 0.0798285
593 -0.0704923 0.0700318
594 -0.0615778 0.055083
595 -0.0492428 0.0363146
596 -0.0339406 0.01542
597 -0.0162981 -0.0057662
598 0.00280879 -0.025499
599 0.0222199 -0.0423199
600 0.0405267 -0.0551873
601 0.0561893 -0.0635238
602 0.0677207 -0.0671814
603 0.0739057 -0.0663468
604 0.0740045 -0.0614214
605 0.0678981 -0.0529135
606 0.0561393 -0.0413733
607 0.0398986 -0.0273833
608 0.0208122 -0.0115979
609 0.000760956 0.00519258
610 -0.0183783 0.0220109
611 -0.0349648 0.0376867
612 -0.0477682 0.0509176
613 -0.0560597 0.0604004
614 -0.0596107 0.0650125
615 -0.058614 0.0640091
616 -0.053558 0.057192
617 -0.0450939 0.0450112
618 -0.0339321 0.0285679
619 -0.0207902 0.00951143
620 -0.00639545 -0.0101615
621 0.00847656 -0.028371
622 0.0229552 -0.0432384
623 0.0360541 -0.0533369
624 0.0466996 -0.0578654
625 0.0538206 -0.0567137
626 0.0564894 -0.050415
627 0.0540915 -0.0400039
628 0.0464861 -0.0268165
629 0.0341195 -0.0122798
630 0.0180546 0.00226836
631 -0.000101611 0.0157005
632 -0.0183756 0.0271525
633 -0.0346842 0.0360159
634 -0.0471304 0.0418933
635 -0.0542838 0.0445422
636 -0.0553926 0.0438343
637 -0.0504877 0.0397493
638 -0.0403601 0.0324078
639 -0.0264191 0.022134
640 -0.0104615 0.0095263
641 0.00560244 -0.00449746
642 0.0200161 -0.0187092
643 0.0313918 -0.0316556
644 0.0388435 -0.0418194
645 0.0420253 -0.0478347
646 0.0410829 -0.0487203
647 0.0365413 -0.0440793
648 0.0291623 -0.0342235
649 0.0198064 -0.0201896
650 0.00932758 -0.00363512
651 -0.00148237 0.0133744
652 -0.0119034 0.0286567
653 -0.0212654 0.0402355
654 -0.0289212 0.0466397
655 -0.0342415 0.0471273
656 -0.0366487 0.0417912
657 -0.0356926 0.0315293
658 -0.0311553 0.0178844
659 -0.0231592 0.00278642
660 -0.0122467 -0.0117538
661 0.000598658 -0.0239426
662 0.0140083 -0.0324435
663 0.0263673 -0.0365239
664 0.0360245 -0.0360938
665 0.0415427 -0.0316425
666 0.0419492 -0.0240965
667 0.036936 -0.0146313
668 0.0269664 -0.00447697
669 0.0132572 0.00524889
670 -0.00237022 0.0136547
671 -0.01775 0.0201255
672 -0.0307021 0.0243151
673 -0.0393745 0.0260995
674 -0.042538 0.0255168
675 -0.0397827 0.0227163
676 -0.031583 0.017934
677 -0.0192197 0.0114967
678 -0.00457311 0.00384454
679 0.0101798 -0.00444345
680 0.0229115 -0.012643
681 0.0318745 -0.0199129
682 0.0359605 -0.0253679
683 0.0348436 -0.0281913
684 0.028989 -0.027774
685 0.0195325 -0.0238537
686 0.00805998 -0.016623
687 -0.003668 -0.00677634
688 -0.0139965 0.00452598
689 -0.0216153 0.0157846
690 -0.0257228 0.0253663
691 -0.0260951 0.0317581
692 -0.0230582 0.0338276
693 -0.0173764 0.031041
694 -0.0100853 0.023595
695 -0.00230239 0.012432
696 0.00494688 -0.00087124
697 0.0108594 -0.0143304
698 0.0149247 -0.0258607
699 0.0169348 -0.0336162
700 0.0169454 -0.0363027
701 0.0152084 -0.033409
702 0.0120953 -0.0253132
703 0.0080301 -0.0132415
704 0.00343986 0.000918051
705 -0.00127263 0.014918
706 -0.00573659 0.0265191
707 -0.00960924 0.033862
708 -0.0125706 0.0357771
709 -0.0143282 0.0319804
710 -0.014639 0.0231212
711 -0.0133503 0.0106734
712 -0.010451 -0.00331063
713 -0.00611898 -0.0165426
714 -0.000745871 -0.0268784
715 0.00507392 -0.032673
716 0.0105981 -0.0330491
717 0.0150309 -0.0280358
718 0.0176443 -0.0185528
719 0.0179056 -0.0062449
720 0.0155893 0.00680289
721 0.0108499 0.018421
722 0.00423768 0.0267185
723 -0.00335193 0.0303934
724 -0.0107966 0.0289383
725 -0.0169168 0.0227102
726 -0.0206717 0.0128548
727 -0.0213457 0.00110044
728 -0.0186902 -0.0105413
729 -0.0129918 -0.0201183
730 -0.00505039 -0.0260652
731 0.00393174 -0.0274597
732 0.0125344 -0.0241668
733 0.0193482 -0.0168461
734 0.0232109 -0.00682531
735 0.023411 0.0041369
736 0.0198239 0.0141558
737 0.0129516 0.0215407
738 0.00385592 0.0250768
739 -0.0060066 0.0242227
740 -0.0150234 0.0191931
741 -0.021696 0.0109127
742 -0.0248944 0.000851676
743 -0.0240522 -0.00923043
744 -0.019268 -0.0175882
745 -0.011296 -0.022789
746 -0.00142625 -0.0239558
747 0.00872515 -0.0209127
748 0.0174842 -0.0142108
749 0.0233992 -0.00502912
750 0.0254868 0.00502912
751 0.0233992 0.0142108
752 0.0174842 0.0209127
753 0.00872515 0.0239558
754 -0.00142625 0.022789
755 -0.011296 0.0175882
756 -0.019268 0.00923043
757 -0.0240522 -0.000851676
758 -0.0248944 -0.0109127
759 -0.021696 -0.0191931
760 -0.0150234 -0.0242227
761 -0.0060066 -0.0250768
762 0.00385592 -0.0215407
763 0.0129516 -0.0141558
764 0.0198239 -0.0041369
765 0.023411 0.00682531
766 0.0232109 0.0168461
767 0.0193482 0.0241668
768 0.0125344 0.0274597
769 0.00393174 0.0260652
770 -0.00505039 0.0201183
771 -0.0129918 0.0105413
772 -0.0186902 -0.00110044
773 -0.0213457 -0.0128548
774 -0.0206717 -0.0227102
775 -0.0169168 -0.0289383
776 -0.0107966 -0.0303934
777 -0.00335193 -0.0267185
778 0.00423768 -0.018421
779 0.0108499 -0.00680289
780 0.0155893 0.0062449
781 0.0179056 0.0185528
782 0.0176443 0.0280358
783 0.0150309 0.0330491
784 0.0105981 0.032673
785 0.00507392 0.0268784
786 -0.000745871 0.0165426
787 -0.00611898 0.00331063
788 -0.010451 -0.0106734
789 -0.0133503 -0.0231212
790 -0.014639 -0.0319804
791 -0.0143282 -0.0357771
792 -0.0125706 -0.033862
793 -0.00960924 -0.0265191
794 -0.00573659 -0.014918
795 -0.00127263 -0.000918051
796 0.00343986 0.0132415
797 0.0080301 0.0253132
798 0.0120953 0.033409
799 0.0152084 0.0363027
800 0.0169454 0.0336162
801 0.0169348 0.0258607
802 0.0149247 0.0143304
803 0.0108594 0.00087124
804 0.00494688 -0.012432
805 -0.00230239 -0.023595
806 -0.0100853 -0.031041
807 -0.0173764 -0.0338276
808 -0.0230582 -0.0317581
809 -0.0260951 -0.0253663
810 -0.0257228 -0.0157846
811 -0.0216153 -0.00452598
812 -0.0139965 0.00677634
813 -0.003668 0.016623
814 0.00805998 0.0238537
815 0.0195325 0.027774
816 0.028989 0.0281913
817 0.0348436 0.0253679
818 0.0359605 0.0199129
819 0.0318745 0.012643
820 0.0229115 0.00444345
821 0.0101798 -0.00384454
822 -0.00457311 -0.0114967
823 -0.0192197 -0.017934
824 -0.031583 -0.0227163
825 -0.0397827 -0.0255168
826 -0.042538 -0.0260995
827 -0.0393745 -0.0243151
828 -0.0307021 -0.0201255
829 -0.01775 -0.0136547
830 -0.00237022 -0.00524889
831 0.0132572 0.00447697
832 0.0269664 0.0146313
833 0.036936 0.0240965
834 0.0419492 0.0316425
835 0.0415427 0.0360938
836 0.0360245 0.0365239
837 0.0263673 0.0324435
838 0.0140083 0.0239426
839 0.000598658 0.0117538
840 -0.0122467 -0.00278642
841 -0.0231592 -0.0178844
842 -0.0311553 -0.0315293
843 -0.0356926 -0.0417912
844 -0.0366487 -0.0471273
845 -0.0342415 -0.0466397
846 -0.0289212 -0.0402355
847 -0.0212654 -0.0286567
848 -0.0119034 -0.0133744
849 -0.00148237 0.00363512
850 0.00932758 0.0201896
851 0.0198064 0.0342235
852 0.0291623 0.0440793
853 0.0365413 0.0487203
854 0.0410829 0.0478347
855 0.0420253 0.0418194
856 0.0388435 0.0316556
857 0.0313918 0.0187092
858 0.0200161 0.00449746
859 0.00560244 -0.0095263
860 -0.0104615 -0.022134
861 -0.0264191 -0.0324078
862 -0.0403601 -0.0397493
863 -0.0504877 -0.0438343
864 -0.0553926 -0.0445422
865 -0.0542838 -0.0418933
866 -0.0471304 -0.0360159
867 -0.0346842 -0.0271525
868 -0.0183756 -0.0157005
869 -0.000101611 -0.00226836
870 0.0180546 0.0122798
871 0.0341195 0.0268165
872 0.0464861 0.0400039
873 0.0540915 0.050415
874 0.0564894 0.0567137
875 0.0538206 0.0578654
876 0.0466996 0.0533369
877 0.0360541 0.0432384
878 0.0229552 0.028371
879 0.00847656 0.0101615
880 -0.00639545 -0.00951143
881 -0.0207902 -0.0285679
882 -0.0339321 -0.0450112
883 -0.0450939 -0.057192
884 -0.053558 -0.0640091
885 -0.058614 -0.0650125
886 -0.0596107 -0.0604004
887 -0.0560597 -0.0509176
888 -0.0477682 -0.0376867
889 -0.0349648 -0.0220109
890 -0.0183783 -0.00519258
891 0.000760956 0.0115979
892 0.0208122 0.0273833
893 0.0398986 0.0413733
894 0.0561393 0.0529135
895 0.0678981 0.0614214
896 0.0740045 0.0663468
897 0.0739057 0.0671814
898 0.0677207 0.0635238
899 0.0561893 0.0551873
900 0.0405267 0.0423199
901 0.0222199 0.025499
902 0.00280879 0.0057662
903 -0.0162981 -0.01542
904 -0.0339406 -0.0363146
905 -0.0492428 -0.055083
906 -0.0615778 -0.0700318
907 -0.0704923 -0.0798285
908 -0.0756278 -0.0836705
909 -0.0766735 -0.081367
910 -0.0733702 -0.0733231
911 -0.0655678 -0.0604286
912 -0.0533198 -0.0438847
913 -0.0369859 -0.0250083
914 -0.0173079 -0.00506182
915 0.00457104 0.0148565
916 0.0271637 0.0338463
917 0.0487733 0.0511716
918 0.0676866 0.0661891
919 0.0823899 0.0782745
920 0.0917624 0.0867838
921 0.0952064 0.0910684
922 0.0926852 0.0905482
923 0.0846664 0.0848263
924 0.071988 0.0738152
925 0.0556872 0.0578398
926 0.0368361 0.0376851
927 0.0164234 0.0145662
928 -0.00469648 -0.00998179
929 -0.0257868 -0.0342785
930 -0.0461643 -0.0567029
931 -0.0651215 -0.0758837
932 -0.0818695 -0.0908335
933 -0.0955297 -0.101
934 -0.105186 -0.10623
935 -0.109994 -0.106666
936 -0.109315 -0.102613
937 -0.102858 -0.0944242
938 -0.090771 -0.0824243
939 -0.0736714 -0.0669093
940 -0.0525881 -0.0481974
941 -0.0288314 -0.0267176
942 -0.00381624 -0.0030972
943 0.021118 0.0217848
944 0.0448477 0.0468041
945 0.0665337 0.070664
946 0.0856095 0.0920253
947 0.101705 0.109666
948 0.11454 0.122636
949 0.123827 0.130363
950 0.129223 0.132694
951 0.130334 0.129856
952 0.126791 0.122345
953 0.118351 0.110787
954 0.105013 0.095804
955 0.0870969 0.0779167
956 0.065269 0.0575295
957 0.0405006 0.0349751
958 0.0139599 0.0106089
959 -0.0131353 -0.0150886
960 -0.0396693 -0.0414412
961 -0.0647475 -0.0675662
962 -0.0877511 -0.0924325
963 -0.108317 -0.114973
964 -0.126254 -0.134224
965 -0.141425 -0.149446
966 -0.153643 -0.160211
967 -0.162609 -0.166417
968 -0.167921 -0.168241
969 -0.169142 -0.166034
970 -0.165923 -0.160203
971 -0.158106 -0.151097
972 -0.145815 -0.138938
973 -0.129467 -0.123823
974 -0.109722 -0.105776
975 -0.0873823 -0.084856
976 -0.0632609 -0.061261
977 -0.0380622 -0.0354038
978 -0.012306 -0.0079224
979 0.01369 0.0203788
980 0.0397659 0.0486431
981 0.0658307 0.0760951
982 0.0917575 0.102152
983 0.117297 0.126482
984 0.142041 0.148988
985 0.165442 0.169736
986 0.186906 0.188844
987 0.205897 0.206376
988 0.222062 0.222267
989 0.235291 0.236308
990 0.245726 0.248188
991 0.253691 0.257578
992 0.259581 0.264236
993 0.263739 0.268091
994 0.266363 0.269283
995 0.267476 0.268156
996 0.266959 0.265177
997 0.264639 0.260834
998 0.26039 0.255527
999 0.254224 0.249484
