0 0.279762 -0.29358
1 0.298015 -0.31065
2 0.314619 -0.325638
3 0.328993 -0.337944
4 0.340533 -0.346959
5 0.348633 -0.352091
6 0.352706 -0.352787
7 0.352213 -0.348563
8 0.346692 -0.339034
9 0.33579 -0.323946
10 0.319288 -0.303204
11 0.29714 -0.276902
12 0.269486 -0.245344
13 0.236686 -0.209056
14 0.199321 -0.168794
15 0.158207 -0.125535
16 0.114374 -0.0804624
17 0.0690543 -0.0349313
18 0.0236378 0.00957586
19 -0.0203718 0.0515101
20 -0.06142 0.0893266
21 -0.0979745 0.121564
22 -0.128606 0.146927
23 -0.152072 0.16437
24 -0.167403 0.173172
25 -0.173973 0.173008
26 -0.171564 0.163992
27 -0.160404 0.146703
28 -0.141192 0.122187
29 -0.115081 0.0919156
30 -0.0836412 0.0577222
31 -0.0487837 0.0217066
32 -0.012659 -0.0138877
33 0.0224734 -0.0468141
34 0.0543913 -0.0749764
35 0.0810623 -0.0965813
36 0.100793 -0.110279
37 0.112365 -0.11528
38 0.115139 -0.111428
39 0.109122 -0.0992334
40 0.094991 -0.0798511
41 0.0740543 -0.0550032
42 0.0481609 -0.0268528
43 0.01956 0.00216797
44 -0.00928171 0.029562
45 -0.0358879 0.052987
46 -0.0579909 0.0704693
47 -0.0737391 0.080591
48 -0.0818751 0.0826294
49 -0.081863 0.0766342
50 -0.0739497 0.0634299
51 -0.0591485 0.0445431
52 -0.0391448 0.0220548
53 -0.0161287 -0.00160904
54 0.00742792 -0.02393
55 0.0290296 -0.0425677
56 0.0464238 -0.0556162
57 0.0578478 -0.0618163
58 0.0622266 -0.0606983
59 0.0592975 -0.0526351
60 0.0496422 -0.0387986
61 0.0346183 -0.0210208
62 0.016196 -0.0015746
63 -0.00328237 0.0171043
64 -0.0213902 0.0327204
65 -0.0359186 0.0434085
66 -0.0451534 0.0479721
67 -0.0480921 0.0460352
68 -0.0445718 0.0380864
69 -0.0352869 0.025406
70 -0.0216919 0.00988533
71 -0.0057969 -0.00623675
72 0.0101153 -0.020688
73 0.023813 -0.0314828
74 0.0334318 -0.0372036
75 0.0377384 -0.0372028
76 0.0363012 -0.0316912
77 0.0295448 -0.021698
78 0.0186768 -0.00890408
79 0.00549791 0.00462411
80 -0.00788046 0.0167612
81 -0.0193674 0.0256565
82 -0.0272227 0.0300213
83 -0.0303305 0.0293266
84 -0.0283714 0.0238769
85 -0.0218613 0.014749
86 -0.0120524 0.00360312
87 -0.000710209 -0.00760393
88 0.0101915 -0.0169572
89 0.0188096 -0.0229139
90 0.0237444 -0.024568
91 0.0242756 -0.0217978
92 0.0204784 -0.0152731
93 0.0131978 -0.00631723
94 0.00388462 0.0033461
95 -0.00567986 0.0119161
96 -0.0137201 0.0178476
97 -0.0187981 0.0201329
98 -0.0200781 0.0184817
99 -0.0174716 0.0133633
100 -0.0116363 0.00590337
101 -0.00383195 -0.00234702
102 0.00433843 -0.00972652
103 0.0112495 -0.0147982
104 0.0155747 -0.0166355
105 0.0165456 -0.0149988
106 0.0140964 -0.0103678
107 0.00886484 -0.00382319
108 0.00204704 0.0031938
109 -0.00486461 0.00919149
110 -0.0104047 0.0129423
111 -0.0134483 0.0137359
112 -0.0134459 0.0115194
113 -0.010527 0.00689465
114 -0.00545254 0.000974002
115 0.000570223 -0.00487614
116 0.00616727 -0.00934663
117 0.0101068 -0.0114817
118 0.0115699 -0.0108904
119 0.0103246 -0.00782319
120 0.00676454 -0.00309672
121 0.00180563 0.00211454
122 -0.00333772 0.00656583
123 -0.0074443 0.00923854
124 -0.00957758 0.00957437
125 -0.00930557 0.00759336
126 -0.00679439 0.00387129
127 -0.00275208 -0.000614705
128 0.00176207 -0.0047336
129 0.00561178 -0.00748094
130 0.00787008 -0.00822463
131 0.00804397 -0.00685574
132 0.00618283 -0.00380576
133 0.00284696 7.51485e-05
134 -0.00105097 0.00374819
135 -0.00448835 0.00626333
136 -0.00659655 0.007009
137 -0.00688008 0.00586564
138 -0.00533636 0.0032223
139 -0.00244583 -0.000145801
140 0.000965562 -0.00330068
141 0.00395566 -0.00540141
142 0.00572568 -0.00592776
143 0.00583796 -0.00480847
144 0.00433003 -0.00242361
145 0.0016918 0.00051491
146 -0.00128641 0.00316881
147 -0.00374906 0.0048079
148 -0.00502258 0.00501006
149 -0.00480157 0.00377274
150 -0.00322141 0.00150526
151 -0.000800569 -0.00109669
152 0.00172461 -0.00325911
153 0.00362047 -0.00436006
154 0.00436645 -0.00411297
155 0.00379641 -0.00264637
156 0.00213395 -0.000454636
157 -8.49324e-05 0.00176428
158 -0.0021774 0.00333134
159 -0.0035192 0.00379694
160 -0.00373036 0.00307201
161 -0.0027862 0.00144048
162 -0.0010194 -0.000546331
163 0.000988952 -0.00225427
164 0.00259674 -0.00316758
165 0.00330732 -0.00304293
166 0.00292755 -0.00197147
167 0.00162433 -0.000334787
168 -0.000139498 0.00132607
169 -0.00176726 0.00248488
170 -0.00273177 0.00279369
171 -0.00274885 0.00218664
172 -0.00186211 0.000893538
173 -0.000413089 -0.000639793
174 0.00108798 -0.00189975
175 0.00214145 -0.00247489
176 0.00242399 -0.00219225
177 0.00188579 -0.0011739
178 0.000751319 0.000207631
179 -0.000570166 0.00146145
180 -0.00162921 0.00215276
181 -0.00208571 0.00205715
182 -0.00181528 0.00123777
183 -0.000941053 1.65333e-05
184 0.000216091 -0.0011501
185 0.00125035 -0.00184288
186 0.0018094 -0.00183339
187 0.00171326 -0.00116128
188 0.00101405 -0.000107823
189 -2.40347e-05 0.000920291
190 -0.00101956 0.00154878
191 -0.00161151 0.00157289
192 -0.00159141 0.0010229
193 -0.000980655 0.000137741
194 -2.22939e-05 -0.00073721
195 0.000912008 -0.00128419
196 0.0014657 -0.001327
197 0.00143602 -0.000884547
198 0.000852212 -0.00014973
199 -3.91962e-05 0.000592419
200 -0.00087641 0.00107299
201 -0.00133012 0.00113374
202 -0.00123574 0.000776213
203 -0.00065544 0.000152069
204 0.000154701 -0.00049832
205 0.000856738 -0.000935163
206 0.00117299 -0.00100496
207 0.000997574 -0.000693468
208 0.00043153 -0.000128132
209 -0.000270074 0.000470598
210 -0.000812556 0.000872216
211 -0.000986061 0.000923648
212 -0.00074689 0.000608712
213 -0.00022404 5.58055e-05
214 0.000346863 -0.000511238
215 0.000729254 -0.00086192
216 0.000783462 -0.000853129
217 0.000516174 -0.000489807
218 6.48549e-05 7.46419e-05
219 -0.00037064 0.000600859
220 -0.000615838 0.00086452
221 -0.000590425 0.000753307
222 -0.000331449 0.000317195
223 3.38591e-05 -0.000251639
224 0.000348994 -0.000702295
225 0.000494153 -0.000836202
226 0.000429922 -0.000596251
227 0.000203736 -9.31637e-05
228 -7.88284e-05 0.000444011
229 -0.000302092 0.000771749
230 -0.000386256 0.000743215
231 -0.000313735 0.000375526
232 -0.00012843 -0.000158418
233 8.8096e-05 -0.000610277
234 0.000251405 -0.000771758
235 0.000305642 -0.000571415
236 0.000240719 -0.000107357
237 9.10359e-05 0.00039964
238 -8.13826e-05 0.000710608
239 -0.000211586 0.000681132
240 -0.000254909 0.000329053
241 -0.000201058 -0.000174964
242 -7.52579e-05 -0.000589377
243 7.28438e-05 -0.000717152
244 0.000187976 -0.000499524
245 0.000229032 -4.34266e-05
246 0.000183137 0.000430412
247 6.94071e-05 0.000693722
248 -6.86582e-05 0.000620322
249 -0.000179298 0.000246535
250 -0.000221376 -0.000246535
251 -0.000179298 -0.000620322
252 -6.86582e-05 -0.000693722
253 6.94071e-05 -0.000430412
254 0.000183137 4.34266e-05
255 0.000229032 0.000499524
256 0.000187976 0.000717152
257 7.28438e-05 0.000589377
258 -7.52579e-05 0.000174964
259 -0.000201058 -0.000329053
260 -0.000254909 -0.000681132
261 -0.000211586 -0.000710608
262 -8.13826e-05 -0.00039964
263 9.10359e-05 0.000107357
264 0.000240719 0.000571415
265 0.000305642 0.000771758
266 0.000251405 0.000610277
267 8.8096e-05 0.000158418
268 -0.00012843 -0.000375526
269 -0.000313735 -0.000743215
270 -0.000386256 -0.000771749
271 -0.000302092 -0.000444011
272 -7.88284e-05 9.31637e-05
273 0.000203736 0.000596251
274 0.000429922 0.000836202
275 0.000494153 0.000702295
276 0.000348994 0.000251639
277 3.38591e-05 -0.000317195
278 -0.000331449 -0.000753307
279 -0.000590425 -0.00086452
280 -0.000615838 -0.000600859
281 -0.00037064 -7.46419e-05
282 6.48549e-05 0.000489807
283 0.000516174 0.000853129
284 0.000783462 0.00086192
285 0.000729254 0.000511238
286 0.000346863 -5.58055e-05
287 -0.00022404 -0.000608712
288 -0.00074689 -0.000923648
289 -0.000986061 -0.000872216
290 -0.000812556 -0.000470598
291 -0.000270074 0.000128132
292 0.00043153 0.000693468
293 0.000997574 0.00100496
294 0.00117299 0.000935163
295 0.000856738 0.00049832
296 0.000154701 -0.000152069
297 -0.00065544 -0.000776213
298 -0.00123574 -0.00113374
299 -0.00133012 -0.00107299
300 -0.00087641 -0.000592419
301 -3.91962e-05 0.00014973
302 0.000852212 0.000884547
303 0.00143602 0.001327
304 0.0014657 0.00128419
305 0.000912008 0.00073721
306 -2.22939e-05 -0.000137741
307 -0.000980655 -0.0010229
308 -0.00159141 -0.00157289
309 -0.00161151 -0.00154878
310 -0.00101956 -0.000920291
311 -2.40347e-05 0.000107823
312 0.00101405 0.00116128
313 0.00171326 0.00183339
314 0.0018094 0.00184288
315 0.00125035 0.0011501
316 0.000216091 -1.65333e-05
317 -0.000941053 -0.00123777
318 -0.00181528 -0.00205715
319 -0.00208571 -0.00215276
320 -0.00162921 -0.00146145
321 -0.000570166 -0.000207631
322 0.000751319 0.0011739
323 0.00188579 0.00219225
324 0.00242399 0.00247489
325 0.00214145 0.00189975
326 0.00108798 0.000639793
327 -0.000413089 -0.000893538
328 -0.00186211 -0.00218664
329 -0.00274885 -0.00279369
330 -0.00273177 -0.00248488
331 -0.00176726 -0.00132607
332 -0.000139498 0.000334787
333 0.00162433 0.00197147
334 0.00292755 0.00304293
335 0.00330732 0.00316758
336 0.00259674 0.00225427
337 0.000988952 0.000546331
338 -0.0010194 -0.00144048
339 -0.0027862 -0.00307201
340 -0.00373036 -0.00379694
341 -0.0035192 -0.00333134
342 -0.0021774 -0.00176428
343 -8.49324e-05 0.000454636
344 0.00213395 0.00264637
345 0.00379641 0.00411297
346 0.00436645 0.00436006
347 0.00362047 0.00325911
348 0.00172461 0.00109669
349 -0.000800569 -0.00150526
350 -0.00322141 -0.00377274
351 -0.00480157 -0.00501006
352 -0.00502258 -0.0048079
353 -0.00374906 -0.00316881
354 -0.00128641 -0.00051491
355 0.0016918 0.00242361
356 0.00433003 0.00480847
357 0.00583796 0.00592776
358 0.00572568 0.00540141
359 0.00395566 0.00330068
360 0.000965562 0.000145801
361 -0.00244583 -0.0032223
362 -0.00533636 -0.00586564
363 -0.00688008 -0.007009
364 -0.00659655 -0.00626333
365 -0.00448835 -0.00374819
366 -0.00105097 -7.51485e-05
367 0.00284696 0.00380576
368 0.00618283 0.00685574
369 0.00804397 0.00822463
370 0.00787008 0.00748094
371 0.00561178 0.0047336
372 0.00176207 0.000614705
373 -0.00275208 -0.00387129
374 -0.00679439 -0.00759336
375 -0.00930557 -0.00957437
376 -0.00957758 -0.00923854
377 -0.0074443 -0.00656583
378 -0.00333772 -0.00211454
379 0.00180563 0.00309672
380 0.00676454 0.00782319
381 0.0103246 0.0108904
382 0.0115699 0.0114817
383 0.0101068 0.00934663
384 0.00616727 0.00487614
385 0.000570223 -0.000974002
386 -0.00545254 -0.00689465
387 -0.010527 -0.0115194
388 -0.0134459 -0.0137359
389 -0.0134483 -0.0129423
390 -0.0104047 -0.00919149
391 -0.00486461 -0.0031938
392 0.00204704 0.00382319
393 0.00886484 0.0103678
394 0.0140964 0.0149988
395 0.0165456 0.0166355
396 0.0155747 0.0147982
397 0.0112495 0.00972652
398 0.00433843 0.00234702
399 -0.00383195 -0.00590337
400 -0.0116363 -0.0133633
401 -0.0174716 -0.0184817
402 -0.0200781 -0.0201329
403 -0.0187981 -0.0178476
404 -0.0137201 -0.0119161
405 -0.00567986 -0.0033461
406 0.00388462 0.00631723
407 0.0131978 0.0152731
408 0.0204784 0.0217978
409 0.0242756 0.024568
410 0.0237444 0.0229139
411 0.0188096 0.0169572
412 0.0101915 0.00760393
413 -0.000710209 -0.00360312
414 -0.0120524 -0.014749
415 -0.0218613 -0.0238769
416 -0.0283714 -0.0293266
417 -0.0303305 -0.0300213
418 -0.0272227 -0.0256565
419 -0.0193674 -0.0167612
420 -0.00788046 -0.00462411
421 0.00549791 0.00890408
422 0.0186768 0.021698
423 0.0295448 0.0316912
424 0.0363012 0.0372028
425 0.0377384 0.0372036
426 0.0334318 0.0314828
427 0.023813 0.020688
428 0.0101153 0.00623675
429 -0.0057969 -0.00988533
430 -0.0216919 -0.025406
431 -0.0352869 -0.0380864
432 -0.0445718 -0.0460352
433 -0.0480921 -0.0479721
434 -0.0451534 -0.0434085
435 -0.0359186 -0.0327204
436 -0.0213902 -0.0171043
437 -0.00328237 0.0015746
438 0.016196 0.0210208
439 0.0346183 0.0387986
440 0.0496422 0.0526351
441 0.0592975 0.0606983
442 0.0622266 0.0618163
443 0.0578478 0.0556162
444 0.0464238 0.0425677
445 0.0290296 0.02393
446 0.00742792 0.00160904
447 -0.0161287 -0.0220548
448 -0.0391448 -0.0445431
449 -0.0591485 -0.0634299
450 -0.0739497 -0.0766342
451 -0.081863 -0.0826294
452 -0.0818751 -0.080591
453 -0.0737391 -0.0704693
454 -0.0579909 -0.052987
455 -0.0358879 -0.029562
456 -0.00928171 -0.00216797
457 0.01956 0.0268528
458 0.0481609 0.0550032
459 0.0740543 0.0798511
460 0.094991 0.0992334
461 0.109122 0.111428
462 0.115139 0.11528
463 0.112365 0.110279
464 0.100793 0.0965813
465 0.0810623 0.0749764
466 0.0543913 0.0468141
467 0.0224734 0.0138877
468 -0.012659 -0.0217066
469 -0.0487837 -0.0577222
470 -0.0836412 -0.0919156
471 -0.115081 -0.122187
472 -0.141192 -0.146703
473 -0.160404 -0.163992
474 -0.171564 -0.173008
475 -0.173973 -0.173172
476 -0.167403 -0.16437
477 -0.152072 -0.146927
478 -0.128606 -0.121564
479 -0.0979745 -0.0893266
480 -0.06142 -0.0515101
481 -0.0203718 -0.00957586
482 0.0236378 0.0349313
483 0.0690543 0.0804624
484 0.114374 0.125535
485 0.158207 0.168794
486 0.199321 0.209056
487 0.236686 0.245344
488 0.269486 0.276902
489 0.29714 0.303204
490 0.319288 0.323946
491 0.33579 0.339034
492 0.346692 0.348563
493 0.352213 0.352787
494 0.352706 0.352091
495 0.348633 0.346959
496 0.340533 0.337944
497 0.328993 0.325638
498 0.314619 0.31065
499 0.298015 0.29358
500 0.279762 0.275001
501 0.260404 0.255447
502 0.240436 0.235399
503 0.220297 0.215279
504 0.200363 0.195449
505 0.180951 0.176209
506 0.162314 0.157797
507 0.144644 0.140394
508 0.128085 0.12413
509 0.112728 0.109085
510 0.0986255 0.095299
511 0.0857913 0.0827798
512 0.07421 0.0715059
513 0.0638425 0.0614336
514 0.0546313 0.0525019
515 0.0465067 0.0446376
516 0.03939 0.0377601
517 0.0331976 0.0317846
518 0.0278434 0.0266258
519 0.0232419 0.0221992
520 0.0193103 0.0184232
521 0.0159703 0.0152202
522 0.0131489 0.0125177
523 0.0107786 0.0102498
524 0.00879763 0.00835648
525 0.00715026 0.00678427
526 0.00578684 0.0054852
527 0.00466387 0.00441682
528 0.00374353 0.00354203
529 0.00299302 0.00282895
530 0.0023838 0.00225044
531 0.00189129 0.00178343
532 0.00149463 0.00140818
533 0.00117647 0.00110785
534 0.000922507 0.00086824
535 0.000720846 0.000677741
536 0.000561443 0.000526984
537 0.000435812 0.000408365
538 0.000336974 0.000315531
539 0.000259433 0.000243088
540 0.000198948 0.000186578
541 0.000152141 0.000142529
542 0.000116144 0.000108375
543 8.8464e-05 8.21696e-05
544 6.70722e-05 6.22644e-05
545 5.05088e-05 4.71586e-05
546 3.7815e-05 3.55713e-05
547 2.82917e-05 2.65891e-05
548 2.12635e-05 1.96851e-05
549 1.6025e-05 1.45492e-05
550 1.19755e-05 1.08619e-05
551 8.76913e-06 8.20383e-06
552 6.30946e-06 6.15751e-06
553 4.57747e-06 4.47482e-06
554 3.45112e-06 3.12853e-06
555 2.67905e-06 2.18933e-06
556 2.01778e-06 1.64589e-06
557 1.38306e-06 1.33854e-06
558 8.60131e-07 1.06126e-06
559 5.63353e-07 7.20171e-07
560 4.85334e-07 3.86644e-07
561 4.81708e-07 1.9399e-07
562 3.98753e-07 1.83853e-07
563 2.10313e-07 2.54618e-07
564 2.67971e-08 2.57674e-07
565 -2.85475e-08 1.39143e-07
566 5.12438e-08 -1.63532e-08
567 1.50368e-07 -8.01144e-08
568 1.47534e-07 -1.26901e-08
569 3.47787e-08 9.83155e-08
570 -8.11819e-08 1.29726e-07
571 -9.19406e-08 4.65579e-08
572 2.93752e-09 -6.75334e-08
573 9.94357e-08 -1.00043e-07
574 9.76826e-08 -2.45227e-08
575 2.0216e-09 7.61631e-08
576 -8.80874e-08 9.79671e-08
577 -8.28085e-08 2.15991e-08
578 7.47089e-09 -7.16996e-08
579 8.69006e-08 -8.69368e-08
580 7.50591e-08 -1.24952e-08
581 -1.20318e-08 7.15803e-08
582 -8.24153e-08 7.90317e-08
583 -6.52238e-08 5.66061e-09
584 1.78895e-08 -6.98992e-08
585 7.88744e-08 -7.02298e-08
586 5.6275e-08 1.53645e-09
587 -2.29204e-08 6.83757e-08
588 -7.48007e-08 6.17545e-08
589 -4.72649e-08 -8.14477e-09
590 2.76827e-08 -6.63156e-08
591 7.05445e-08 -5.32099e-08
592 3.84894e-08 1.43261e-08
593 -3.18922e-08 6.38136e-08
594 -6.58979e-08 4.47454e-08
595 -2.9883e-08 -1.99014e-08
596 3.55097e-08 -6.07667e-08
597 6.08416e-08 -3.63765e-08
598 2.15261e-08 2.48102e-08
599 -3.84131e-08 5.71707e-08
600 -5.53369e-08 2.8174e-08
601 -1.3498e-08 -2.89768e-08
602 4.05114e-08 -5.30181e-08
603 4.94021e-08 -2.01985e-08
604 5.9109e-09 3.23417e-08
605 -4.17324e-08 4.83168e-08
606 -4.30923e-08 1.25219e-08
607 1.11977e-09 -3.48408e-08
608 4.204e-08 -4.30832e-08
609 3.64936e-08 -5.23433e-09
610 -7.48724e-09 3.64056e-08
611 -4.14295e-08 3.73571e-08
612 -2.97066e-08 -1.54649e-09
613 1.30998e-08 -3.69725e-08
614 3.99176e-08 -3.12163e-08
615 2.28366e-08 7.67746e-09
616 -1.78751e-08 3.65024e-08
617 -3.75323e-08 2.47865e-08
618 -1.59962e-08 -1.3006e-08
619 2.1731e-08 -3.50007e-08
620 3.43122e-08 -1.82367e-08
621 9.31475e-09 1.73942e-08
622 -2.45808e-08 3.25284e-08
623 -3.03178e-08 1.17617e-08
624 -2.9498e-09 -2.07402e-08
625 2.63421e-08 -2.91974e-08
626 2.56494e-08 -5.55825e-09
627 -2.91259e-09 2.29893e-08
628 -2.69569e-08 2.51557e-08
629 -2.04611e-08 -1.93372e-10
630 8.07243e-09 -2.41299e-08
631 2.64173e-08 -2.05682e-08
632 1.49608e-08 5.33635e-09
633 -1.23428e-08 2.41823e-08
634 -2.47829e-08 1.56065e-08
635 -9.39352e-09 -9.73243e-09
636 1.55795e-08 -2.31881e-08
637 2.21834e-08 -1.04497e-08
638 4.01321e-09 1.32531e-08
639 -1.7701e-08 2.12104e-08
640 -1.88033e-08 5.29434e-09
641 9.46317e-10 -1.57779e-08
642 1.86934e-08 -1.83468e-08
643 1.48583e-08 -3.63185e-10
644 -5.29034e-09 1.72055e-08
645 -1.85991e-08 1.47471e-08
646 -1.05716e-08 -4.09819e-09
647 8.86737e-09 -1.74794e-08
648 1.75008e-08 -1.06265e-08
649 6.16203e-09 7.84194e-09
650 -1.15621e-08 1.66159e-08
651 -1.55084e-08 6.26116e-09
652 -1.84427e-09 -1.06527e-08
653 1.32868e-08 -1.47241e-08
654 1.27588e-08 -1.96462e-09
655 -2.16384e-09 1.23858e-08
656 -1.39812e-08 1.20062e-08
657 -9.42546e-09 -1.95239e-09
658 5.63834e-09 -1.29943e-08
659 1.3626e-08 -8.73551e-09
660 5.73102e-09 5.22482e-09
661 -8.35949e-09 1.25369e-08
662 -1.22662e-08 5.21882e-09
663 -1.9501e-09 -7.66618e-09
664 1.01387e-08 -1.11627e-08
665 1.00334e-08 -1.75419e-09
666 -1.60656e-09 9.18225e-09
667 -1.08559e-08 9.08087e-09
668 -7.15459e-09 -1.40156e-09
669 4.62806e-09 -9.7646e-09
670 1.04947e-08 -6.52694e-09
671 3.93745e-09 4.04894e-09
672 -6.85182e-09 9.47139e-09
673 -9.16085e-09 3.73693e-09
674 -7.32091e-10 -6.04571e-09
675 8.11031e-09 -8.40634e-09
676 7.07546e-09 -9.35043e-10
677 -2.12249e-09 7.29819e-09
678 -8.36135e-09 6.7055e-09
679 -4.54141e-09 -1.6672e-09
680 4.35244e-09 -7.75434e-09
681 7.69209e-09 -4.53526e-09
682 1.89207e-09 3.86872e-09
683 -5.7885e-09 7.40628e-09
684 -6.29583e-09 2.09725e-09
685 5.63243e-10 -5.48339e-09
686 6.3812e-09 -6.30317e-09
687 4.42967e-09 3.69224e-10
688 -2.58284e-09 6.35764e-09
689 -6.19013e-09 4.56818e-09
690 -2.36617e-09 -2.59747e-09
691 4.01538e-09 -6.39978e-09
692 5.3545e-09 -2.40806e-09
693 3.52609e-10 4.32172e-09
694 -4.80033e-09 5.61264e-09
695 -4.05658e-09 1.04484e-10
696 1.41378e-09 -5.32087e-09
697 4.95204e-09 -4.11614e-09
698 2.48971e-09 2.01829e-09
699 -2.79292e-09 5.4673e-09
700 -4.53735e-09 2.14737e-09
701 -8.38002e-10 -3.64653e-09
702 3.69676e-09 -4.76549e-09
703 3.65652e-09 -3.15691e-11
704 -7.31428e-10 4.53922e-09
705 -4.08031e-09 3.3661e-09
706 -2.43281e-09 -1.87342e-09
707 2.06901e-09 -4.58279e-09
708 3.9367e-09 -1.54706e-09
709 1.00997e-09 3.24765e-09
710 -3.04358e-09 3.82177e-09
711 -3.29965e-09 -3.37425e-10
712 4.4781e-10 -3.87701e-09
713 3.54975e-09 -2.45478e-09
714 2.25109e-09 1.92927e-09
715 -1.76108e-09 3.70041e-09
716 -3.52381e-09 7.94206e-10
717 -9.27257e-10 -2.94296e-09
718 2.75091e-09 -2.82298e-09
719 2.96387e-09 8.01779e-10
720 -4.84827e-10 3.22683e-09
721 -3.26585e-09 1.4907e-09
722 -1.94648e-09 -2.00864e-09
723 1.766e-09 -2.79337e-09
724 3.21485e-09 -3.21762e-11
725 6.30113e-10 2.60671e-09
726 -2.69904e-09 1.81111e-09
727 -2.59644e-09 -1.21818e-09
728 7.60611e-10 -2.52694e-09
729 3.1121e-09 -5.60085e-10
730 1.51337e-09 1.99682e-09
731 -1.97099e-09 1.8602e-09
732 -2.92051e-09 -6.37859e-10
733 -1.64634e-10 -2.16907e-09
734 2.7663e-09 -8.28713e-10
735 2.15458e-09 1.4965e-09
736 -1.18717e-09 1.75477e-09
737 -2.98434e-09 -2.72871e-10
738 -9.6326e-10 -1.83182e-09
739 2.26779e-09 -9.16463e-10
740 2.57646e-09 1.15169e-09
741 -4.10255e-10 1.60213e-09
742 -2.85113e-09 -8.6272e-11
743 -1.62506e-09 -1.58829e-09
744 1.67748e-09 -9.12653e-10
745 2.81188e-09 9.64596e-10
746 3.30942e-10 1.4885e-09
747 -2.56728e-09 -1.54479e-11
748 -2.15714e-09 -1.47364e-09
749 1.0279e-09 -9.03763e-10
750 2.88708e-09 9.03763e-10
751 1.0279e-09 1.47364e-09
752 -2.15714e-09 1.54483e-11
753 -2.56728e-09 -1.4885e-09
754 3.30942e-10 -9.64597e-10
755 2.81188e-09 9.12654e-10
756 1.67748e-09 1.58829e-09
757 -1.62506e-09 8.62725e-11
758 -2.85113e-09 -1.60213e-09
759 -4.10255e-10 -1.15169e-09
760 2.57646e-09 9.16462e-10
761 2.26779e-09 1.83182e-09
762 -9.63259e-10 2.72871e-10
763 -2.98434e-09 -1.75477e-09
764 -1.18717e-09 -1.4965e-09
765 2.15457e-09 8.28713e-10
766 2.7663e-09 2.16907e-09
767 -1.64634e-10 6.3786e-10
768 -2.92051e-09 -1.8602e-09
769 -1.97099e-09 -1.99682e-09
770 1.51337e-09 5.60085e-10
771 3.1121e-09 2.52694e-09
772 7.60612e-10 1.21818e-09
773 -2.59644e-09 -1.81112e-09
774 -2.69904e-09 -2.60671e-09
775 6.30114e-10 3.21759e-11
776 3.21485e-09 2.79337e-09
777 1.766e-09 2.00864e-09
778 -1.94648e-09 -1.4907e-09
779 -3.26585e-09 -3.22683e-09
780 -4.84827e-10 -8.01779e-10
781 2.96387e-09 2.82298e-09
782 2.75092e-09 2.94296e-09
783 -9.27257e-10 -7.94206e-10
784 -3.52381e-09 -3.70041e-09
785 -1.76108e-09 -1.92927e-09
786 2.25109e-09 2.45478e-09
787 3.54975e-09 3.87701e-09
788 4.4781e-10 3.37425e-10
789 -3.29965e-09 -3.82177e-09
790 -3.04357e-09 -3.24765e-09
791 1.00997e-09 1.54706e-09
792 3.9367e-09 4.58279e-09
793 2.06901e-09 1.87342e-09
794 -2.43281e-09 -3.3661e-09
795 -4.08031e-09 -4.53922e-09
796 -7.31427e-10 3.15696e-11
797 3.65652e-09 4.76548e-09
798 3.69676e-09 3.64653e-09
799 -8.38002e-10 -2.14737e-09
800 -4.53735e-09 -5.4673e-09
801 -2.79292e-09 -2.01829e-09
802 2.48971e-09 4.11614e-09
803 4.95204e-09 5.32087e-09
804 1.41377e-09 -1.04484e-10
805 -4.05659e-09 -5.61264e-09
806 -4.80033e-09 -4.32172e-09
807 3.52608e-10 2.40806e-09
808 5.3545e-09 6.39978e-09
809 4.01538e-09 2.59747e-09
810 -2.36617e-09 -4.56818e-09
811 -6.19013e-09 -6.35764e-09
812 -2.58284e-09 -3.69225e-10
813 4.42967e-09 6.30317e-09
814 6.3812e-09 5.48339e-09
815 5.63242e-10 -2.09725e-09
816 -6.29583e-09 -7.40627e-09
817 -5.7885e-09 -3.86872e-09
818 1.89207e-09 4.53526e-09
819 7.69209e-09 7.75434e-09
820 4.35244e-09 1.6672e-09
821 -4.54141e-09 -6.70551e-09
822 -8.36135e-09 -7.29819e-09
823 -2.12249e-09 9.35042e-10
824 7.07546e-09 8.40634e-09
825 8.11031e-09 6.04571e-09
826 -7.32092e-10 -3.73693e-09
827 -9.16085e-09 -9.47139e-09
828 -6.85182e-09 -4.04894e-09
829 3.93745e-09 6.52694e-09
830 1.04947e-08 9.76459e-09
831 4.62806e-09 1.40156e-09
832 -7.15459e-09 -9.08087e-09
833 -1.08559e-08 -9.18225e-09
834 -1.60656e-09 1.75419e-09
835 1.00334e-08 1.11627e-08
836 1.01387e-08 7.66618e-09
837 -1.9501e-09 -5.21882e-09
838 -1.22662e-08 -1.25369e-08
839 -8.35949e-09 -5.22482e-09
840 5.73102e-09 8.73551e-09
841 1.3626e-08 1.29943e-08
842 5.63834e-09 1.95239e-09
843 -9.42546e-09 -1.20061e-08
844 -1.39812e-08 -1.23858e-08
845 -2.16384e-09 1.96462e-09
846 1.27588e-08 1.47241e-08
847 1.32868e-08 1.06527e-08
848 -1.84427e-09 -6.26116e-09
849 -1.55084e-08 -1.66159e-08
850 -1.15621e-08 -7.84194e-09
851 6.16203e-09 1.06265e-08
852 1.75008e-08 1.74794e-08
853 8.86737e-09 4.09819e-09
854 -1.05716e-08 -1.47471e-08
855 -1.85991e-08 -1.72055e-08
856 -5.29034e-09 3.63185e-10
857 1.48583e-08 1.83468e-08
858 1.86934e-08 1.57779e-08
859 9.46316e-10 -5.29434e-09
860 -1.88033e-08 -2.12104e-08
861 -1.7701e-08 -1.32531e-08
862 4.01321e-09 1.04497e-08
863 2.21834e-08 2.31881e-08
864 1.55795e-08 9.73243e-09
865 -9.39352e-09 -1.56065e-08
866 -2.47829e-08 -2.41823e-08
867 -1.23428e-08 -5.33635e-09
868 1.49608e-08 2.05682e-08
869 2.64173e-08 2.41299e-08
870 8.07243e-09 1.93372e-10
871 -2.04611e-08 -2.51557e-08
872 -2.69569e-08 -2.29893e-08
873 -2.91259e-09 5.55824e-09
874 2.56494e-08 2.91974e-08
875 2.63421e-08 2.07402e-08
876 -2.9498e-09 -1.17617e-08
877 -3.03178e-08 -3.25284e-08
878 -2.45808e-08 -1.73942e-08
879 9.31475e-09 1.82367e-08
880 3.43122e-08 3.50007e-08
881 2.1731e-08 1.3006e-08
882 -1.59962e-08 -2.47865e-08
883 -3.75323e-08 -3.65024e-08
884 -1.78751e-08 -7.67746e-09
885 2.28366e-08 3.12163e-08
886 3.99176e-08 3.69725e-08
887 1.30998e-08 1.54649e-09
888 -2.97066e-08 -3.73571e-08
889 -4.14295e-08 -3.64056e-08
890 -7.48724e-09 5.23433e-09
891 3.64936e-08 4.30832e-08
892 4.204e-08 3.48408e-08
893 1.11977e-09 -1.25219e-08
894 -4.30923e-08 -4.83168e-08
895 -4.17324e-08 -3.23417e-08
896 5.9109e-09 2.01985e-08
897 4.94021e-08 5.30181e-08
898 4.05114e-08 2.89768e-08
899 -1.3498e-08 -2.8174e-08
900 -5.53369e-08 -5.71707e-08
901 -3.84131e-08 -2.48102e-08
902 2.15261e-08 3.63765e-08
903 6.08416e-08 6.07667e-08
904 3.55097e-08 1.99014e-08
905 -2.9883e-08 -4.47454e-08
906 -6.58979e-08 -6.38136e-08
907 -3.18922e-08 -1.43261e-08
908 3.84894e-08 5.32099e-08
909 7.05445e-08 6.63156e-08
910 2.76827e-08 8.14477e-09
911 -4.72649e-08 -6.17545e-08
912 -7.48007e-08 -6.83757e-08
913 -2.29204e-08 -1.53645e-09
914 5.6275e-08 7.02298e-08
915 7.88744e-08 6.98992e-08
916 1.78895e-08 -5.66061e-09
917 -6.52238e-08 -7.90317e-08
918 -8.24153e-08 -7.15803e-08
919 -1.20318e-08 1.24952e-08
920 7.50591e-08 8.69368e-08
921 8.69006e-08 7.16996e-08
922 7.47089e-09 -2.15991e-08
923 -8.28085e-08 -9.79671e-08
924 -8.80874e-08 -7.61631e-08
925 2.02161e-09 2.45227e-08
926 9.76826e-08 1.00043e-07
927 9.94357e-08 6.75334e-08
928 2.93752e-09 -4.65579e-08
929 -9.19406e-08 -1.29726e-07
930 -8.11819e-08 -9.83155e-08
931 3.47787e-08 1.26901e-08
932 1.47534e-07 8.01144e-08
933 1.50368e-07 1.63532e-08
934 5.12438e-08 -1.39143e-07
935 -2.85475e-08 -2.57674e-07
936 2.67971e-08 -2.54618e-07
937 2.10313e-07 -1.83853e-07
938 3.98753e-07 -1.9399e-07
939 4.81708e-07 -3.86644e-07
940 4.85334e-07 -7.20171e-07
941 5.63353e-07 -1.06126e-06
942 8.60131e-07 -1.33854e-06
943 1.38306e-06 -1.64589e-06
944 2.01778e-06 -2.18933e-06
945 2.67905e-06 -3.12853e-06
946 3.45112e-06 -4.47482e-06
947 4.57747e-06 -6.15751e-06
948 6.30946e-06 -8.20383e-06
949 8.76913e-06 -1.08619e-05
950 1.19755e-05 -1.45492e-05
951 1.6025e-05 -1.96851e-05
952 2.12635e-05 -2.65891e-05
953 2.82917e-05 -3.55713e-05
954 3.7815e-05 -4.71586e-05
955 5.05088e-05 -6.22644e-05
956 6.70722e-05 -8.21696e-05
957 8.8464e-05 -0.000108375
958 0.000116144 -0.000142529
959 0.000152141 -0.000186578
960 0.000198948 -0.000243088
961 0.000259433 -0.000315531
962 0.000336974 -0.000408365
963 0.000435812 -0.000526984
964 0.000561443 -0.000677741
965 0.000720846 -0.00086824
966 0.000922507 -0.00110785
967 0.00117647 -0.00140818
968 0.00149463 -0.00178343
969 0.00189129 -0.00225044
970 0.0023838 -0.00282895
971 0.00299302 -0.00354203
972 0.00374353 -0.00441682
973 0.00466387 -0.0054852
974 0.00578684 -0.00678427
975 0.00715026 -0.00835648
976 0.00879763 -0.0102498
977 0.0107786 -0.0125177
978 0.0131489 -0.0152202
979 0.0159703 -0.0184232
980 0.0193103 -0.0221992
981 0.0232419 -0.0266258
982 0.0278434 -0.0317846
983 0.0331976 -0.0377601
984 0.03939 -0.0446376
985 0.0465067 -0.0525019
986 0.0546313 -0.0614336
987 0.0638425 -0.0715059
988 0.07421 -0.0827798
989 0.0857913 -0.095299
990 0.0986255 -0.109085
991 0.112728 -0.12413
992 0.128085 -0.140394
993 0.144644 -0.157797
994 0.162314 -0.176209
995 0.180951 -0.195449
996 0.200363 -0.215279
997 0.220297 -0.235399
998 0.240436 -0.255447
999 0.260404 -0.275001
