0 -0.00229208 -0.00264443
1 0.00420999 -0.00827766
2 0.00938643 -0.011714
3 0.0121379 -0.0122833
4 0.0119596 -0.00999822
5 0.00903851 -0.00552974
6 0.00418902 -3.08084e-05
7 -0.00135685 0.00515008
8 -0.00625304 0.0087953
9 -0.00936356 0.0101059
10 -0.0100288 0.00888144
11 -0.00821006 0.00554962
12 -0.00447917 0.00104026
13 0.0001431 -0.0034625
14 0.00445624 -0.00682591
15 0.00738806 -0.00825382
16 0.00826261 -0.00747879
17 0.00695993 -0.00481316
18 0.00392817 -0.00104802
19 4.74025e-05 0.00277072
20 -0.0036166 0.00562784
21 -0.00610133 0.00680858
22 -0.00680132 0.00608042
23 -0.00561884 0.00373917
24 -0.00297261 0.000509381
25 0.000335346 -0.00267074
26 0.00335497 -0.0049178
27 0.00525814 -0.00564882
28 0.00556683 -0.00473506
29 0.0042757 -0.0025221
30 0.00183646 0.000286633
31 -0.00098879 0.00284646
32 -0.00335981 0.00442283
33 -0.00460643 0.00460291
34 -0.00441947 0.00340574
35 -0.00292886 0.00126041
36 -0.000648379 -0.00113824
37 0.00169339 -0.00304993
38 0.00338206 -0.00391626
39 0.00393504 -0.00352527
40 0.00324113 -0.00206369
41 0.00158076 -4.34562e-05
42 -0.00047656 0.00187141
43 -0.00226241 0.00308046
44 -0.00322483 0.00323534
45 -0.0030997 0.00234156
46 -0.00198424 0.000742889
47 -0.000291426 -0.00100361
48 0.00139679 -0.00231814
49 0.00252675 -0.00278995
50 0.00275456 -0.00230675
51 0.00205191 -0.00108027
52 0.000702967 0.000437799
53 -0.000803702 0.00171813
54 -0.00194881 0.00233697
55 -0.00236054 0.00211697
56 -0.00193619 0.00117837
57 -0.000866641 -0.00011483
58 0.000441856 -0.00129178
59 0.00151851 -0.00194459
60 0.00199624 -0.00186993
61 0.00173738 -0.00113295
62 0.000873295 -3.28753e-05
63 -0.000253782 0.00101438
64 -0.00122286 0.00163174
65 -0.00169023 0.00161674
66 -0.00151169 0.00100849
67 -0.000787252 6.31484e-05
68 0.000186082 -0.000850147
69 0.00103291 -0.0013918
70 0.00144304 -0.00137797
71 0.00128535 -0.000843484
72 0.00064981 -1.93475e-05
73 -0.000196105 0.000763786
74 -0.000917189 0.00120689
75 -0.00124234 0.00115674
76 -0.00106673 0.000659212
77 -0.000485503 -6.71684e-05
78 0.000251956 -0.000724477
79 0.000846786 -0.00105646
80 0.00107102 -0.000948492
81 0.000855204 -0.000467284
82 0.000309354 0.000173733
83 -0.000329096 0.000706888
84 -0.000796786 0.000921278
85 -0.000912574 0.000746395
86 -0.000647966 0.000274966
87 -0.000132171 -0.00028242
88 0.000408095 -0.000689796
89 0.000746974 -0.000785282
90 0.000753682 -0.000545628
91 0.000443241 -8.98846e-05
92 -3.62464e-05 0.000377255
93 -0.000472229 0.000656281
94 -0.000681125 0.000637901
95 -0.000585656 0.000346007
96 -0.000243369 -7.85076e-05
97 0.000184255 -0.000444059
98 0.000506612 -0.000594182
99 0.000588485 -0.000474591
100 0.00040688 -0.000152569
101 5.61605e-05 0.000218241
102 -0.000298992 0.000470075
103 -0.000500017 0.000496702
104 -0.000465155 0.000298359
105 -0.000222803 -2.31815e-05
106 0.000106227 -0.000315352
107 0.000367704 -0.000446569
108 0.000445873 -0.000365456
109 0.000314801 -0.000120814
110 4.62551e-05 0.000165437
111 -0.000227964 0.000358103
112 -0.000380025 0.000372319
113 -0.000345547 0.000211033
114 -0.000150857 -4.03174e-05
115 0.000103583 -0.000257917
116 0.00029408 -0.000340135
117 0.000333507 -0.000255042
118 0.000211198 -5.25459e-05
119 -5.42308e-06 0.000163402
120 -0.000206831 0.000287589
121 -0.000296289 0.000264698
122 -0.000236299 0.000113949
123 -6.42459e-05 -8.38083e-05
124 0.000129335 -0.000228722
125 0.000247813 -0.000252092
126 0.000236594 -0.000148943
127 0.000108337 2.2465e-05
128 -6.65013e-05 0.000172665
129 -0.000197707 0.000227304
130 -0.000221643 0.000163939
131 -0.000132122 2.10457e-05
132 1.91975e-05 -0.000124308
133 0.000151858 -0.000197611
134 0.000199053 -0.000165073
135 0.000141224 -4.92118e-05
136 1.38915e-05 8.53991e-05
137 -0.000113261 0.000167689
138 -0.000174131 0.000157544
139 -0.000140486 6.5382e-05
140 -3.50344e-05 -5.57513e-05
141 8.28238e-05 -0.000140271
142 0.00015005 -0.000145422
143 0.000133622 -7.28879e-05
144 4.68049e-05 3.42952e-05
145 -6.00617e-05 0.000116792
146 -0.000128377 0.000131613
147 -0.000123347 7.44715e-05
148 -5.17464e-05 -1.97527e-05
149 4.3769e-05 -9.77929e-05
150 0.000109719 -0.000117879
151 0.000111646 -7.20767e-05
152 5.21058e-05 1.08822e-05
153 -3.26118e-05 8.31095e-05
154 -9.42448e-05 0.000105003
155 -9.99085e-05 6.69846e-05
156 -4.95884e-05 -6.45379e-06
157 2.55002e-05 -7.20568e-05
158 8.19087e-05 -9.31337e-05
159 8.89225e-05 -6.01216e-05
160 4.52447e-05 5.2097e-06
161 -2.16486e-05 6.37101e-05
162 -7.24285e-05 8.2197e-05
163 -7.888e-05 5.22968e-05
164 -3.95898e-05 -5.96542e-06
165 2.03989e-05 -5.7237e-05
166 6.52219e-05 -7.21795e-05
167 6.95352e-05 -4.42262e-05
168 3.29016e-05 7.81212e-06
169 -2.10155e-05 5.21102e-05
170 -5.94785e-05 6.31604e-05
171 -6.0511e-05 3.63932e-05
172 -2.55159e-05 -1.02538e-05
173 2.2643e-05 -4.80842e-05
174 5.43933e-05 -5.51505e-05
175 5.15983e-05 -2.89237e-05
176 1.79362e-05 1.31446e-05
177 -2.44612e-05 4.49814e-05
178 -4.94254e-05 4.79216e-05
179 -4.28774e-05 2.16351e-05
180 -1.07185e-05 -1.6444e-05
181 2.59095e-05 -4.24593e-05
182 4.44082e-05 -4.09996e-05
183 3.46079e-05 -1.42695e-05
184 4.25095e-06 1.99436e-05
185 -2.68004e-05 3.99405e-05
186 -3.94399e-05 3.38587e-05
187 -2.69929e-05 6.77817e-06
188 1.38727e-06 -2.3147e-05
189 2.72281e-05 -3.67608e-05
190 3.46356e-05 -2.62008e-05
191 1.99991e-05 5.2134e-07
192 -6.37121e-06 2.5376e-05
193 -2.73242e-05 3.24408e-05
194 -2.99123e-05 1.81446e-05
195 -1.33643e-05 -7.01158e-06
196 1.09072e-05 -2.60345e-05
197 2.70207e-05 -2.69103e-05
198 2.49507e-05 -1.02078e-05
199 6.79176e-06 1.20229e-05
200 -1.49818e-05 2.4868e-05
201 -2.59699e-05 2.05496e-05
202 -1.93598e-05 3.09168e-06
203 -2.11496e-07 -1.51178e-05
204 1.82417e-05 -2.20696e-05
205 2.36764e-05 -1.40264e-05
206 1.29458e-05 2.60913e-06
207 -6.05449e-06 1.62594e-05
208 -2.00826e-05 1.81857e-05
209 -1.97677e-05 8.02356e-06
210 -5.92801e-06 -6.62148e-06
211 1.13242e-05 -1.57886e-05
212 1.9909e-05 -1.38817e-05
213 1.42602e-05 -2.99876e-06
214 -1.02059e-06 9.03903e-06
215 -1.47814e-05 1.42443e-05
216 -1.74371e-05 9.69866e-06
217 -7.68178e-06 -9.16235e-07
218 6.93916e-06 -1.02011e-05
219 1.57941e-05 -1.21338e-05
220 1.29007e-05 -5.9131e-06
221 9.90611e-07 3.8518e-06
222 -1.08821e-05 1.04907e-05
223 -1.41894e-05 9.76991e-06
224 -7.06953e-06 2.54976e-06
225 4.67888e-06 -6.03305e-06
226 1.22374e-05 -1.01623e-05
227 1.03754e-05 -7.24121e-06
228 1.07613e-06 4.88171e-07
229 -8.34251e-06 7.60871e-06
230 -1.09413e-05 9.27851e-06
231 -5.27253e-06 4.50581e-06
232 3.87935e-06 -3.25617e-06
233 9.44953e-06 -8.56286e-06
234 7.52406e-06 -7.77009e-06
235 8.72386e-08 -1.54152e-06
236 -6.84389e-06 5.6612e-06
237 -8.03589e-06 8.74259e-06
238 -2.98292e-06 5.57012e-06
239 3.99077e-06 -1.53279e-06
240 7.35069e-06 -7.45933e-06
241 4.71399e-06 -7.97443e-06
242 -1.46523e-06 -2.74577e-06
243 -6.077e-06 4.42567e-06
244 -5.52466e-06 8.35084e-06
245 -5.16975e-07 6.20225e-06
246 4.67638e-06 -4.41426e-07
247 5.79453e-06 -6.74263e-06
248 2.04099e-06 -8.1191e-06
249 -3.35098e-06 -3.57502e-06
250 -5.84349e-06 3.57502e-06
251 -3.35098e-06 8.1191e-06
252 2.04099e-06 6.74263e-06
253 5.79453e-06 4.41426e-07
254 4.67638e-06 -6.20225e-06
255 -5.16975e-07 -8.35084e-06
256 -5.52466e-06 -4.42567e-06
257 -6.077e-06 2.74577e-06
258 -1.46523e-06 7.97443e-06
259 4.71399e-06 7.45933e-06
260 7.35069e-06 1.53279e-06
261 3.99077e-06 -5.57012e-06
262 -2.98292e-06 -8.74259e-06
263 -8.03589e-06 -5.6612e-06
264 -6.84389e-06 1.54152e-06
265 8.72386e-08 7.77009e-06
266 7.52406e-06 8.56286e-06
267 9.44953e-06 3.25617e-06
268 3.87935e-06 -4.50581e-06
269 -5.27253e-06 -9.27851e-06
270 -1.09413e-05 -7.60871e-06
271 -8.34251e-06 -4.88171e-07
272 1.07613e-06 7.24121e-06
273 1.03754e-05 1.01623e-05
274 1.22374e-05 6.03305e-06
275 4.67888e-06 -2.54976e-06
276 -7.06953e-06 -9.76991e-06
277 -1.41894e-05 -1.04907e-05
278 -1.08821e-05 -3.8518e-06
279 9.90611e-07 5.9131e-06
280 1.29007e-05 1.21338e-05
281 1.57941e-05 1.02011e-05
282 6.93916e-06 9.16235e-07
283 -7.68178e-06 -9.69866e-06
284 -1.74371e-05 -1.42443e-05
285 -1.47814e-05 -9.03903e-06
286 -1.02059e-06 2.99876e-06
287 1.42602e-05 1.38817e-05
288 1.9909e-05 1.57886e-05
289 1.13242e-05 6.62148e-06
290 -5.92801e-06 -8.02356e-06
291 -1.97677e-05 -1.81857e-05
292 -2.00826e-05 -1.62594e-05
293 -6.05449e-06 -2.60913e-06
294 1.29458e-05 1.40264e-05
295 2.36764e-05 2.20696e-05
296 1.82417e-05 1.51178e-05
297 -2.11496e-07 -3.09168e-06
298 -1.93598e-05 -2.05496e-05
299 -2.59699e-05 -2.4868e-05
300 -1.49818e-05 -1.20229e-05
301 6.79176e-06 1.02078e-05
302 2.49507e-05 2.69103e-05
303 2.70207e-05 2.60345e-05
304 1.09072e-05 7.01158e-06
305 -1.33643e-05 -1.81446e-05
306 -2.99123e-05 -3.24408e-05
307 -2.73242e-05 -2.5376e-05
308 -6.37121e-06 -5.2134e-07
309 1.99991e-05 2.62008e-05
310 3.46356e-05 3.67608e-05
311 2.72281e-05 2.3147e-05
312 1.38727e-06 -6.77817e-06
313 -2.69929e-05 -3.38587e-05
314 -3.94399e-05 -3.99405e-05
315 -2.68004e-05 -1.99436e-05
316 4.25095e-06 1.42695e-05
317 3.46079e-05 4.09996e-05
318 4.44082e-05 4.24593e-05
319 2.59095e-05 1.6444e-05
320 -1.07185e-05 -2.16351e-05
321 -4.28774e-05 -4.79216e-05
322 -4.94254e-05 -4.49814e-05
323 -2.44612e-05 -1.31446e-05
324 1.79362e-05 2.89237e-05
325 5.15983e-05 5.51505e-05
326 5.43933e-05 4.80842e-05
327 2.2643e-05 1.02538e-05
328 -2.55159e-05 -3.63932e-05
329 -6.0511e-05 -6.31604e-05
330 -5.94785e-05 -5.21102e-05
331 -2.10155e-05 -7.81212e-06
332 3.29016e-05 4.42262e-05
333 6.95352e-05 7.21795e-05
334 6.52219e-05 5.7237e-05
335 2.03989e-05 5.96542e-06
336 -3.95898e-05 -5.22968e-05
337 -7.888e-05 -8.2197e-05
338 -7.24285e-05 -6.37101e-05
339 -2.16486e-05 -5.2097e-06
340 4.52447e-05 6.01216e-05
341 8.89225e-05 9.31337e-05
342 8.19087e-05 7.20568e-05
343 2.55002e-05 6.45379e-06
344 -4.95884e-05 -6.69846e-05
345 -9.99085e-05 -0.000105003
346 -9.42448e-05 -8.31095e-05
347 -3.26118e-05 -1.08822e-05
348 5.21058e-05 7.20767e-05
349 0.000111646 0.000117879
350 0.000109719 9.77929e-05
351 4.3769e-05 1.97527e-05
352 -5.17464e-05 -7.44715e-05
353 -0.000123347 -0.000131613
354 -0.000128377 -0.000116792
355 -6.00617e-05 -3.42952e-05
356 4.68049e-05 7.28879e-05
357 0.000133622 0.000145422
358 0.00015005 0.000140271
359 8.28238e-05 5.57513e-05
360 -3.50344e-05 -6.5382e-05
361 -0.000140486 -0.000157544
362 -0.000174131 -0.000167689
363 -0.000113261 -8.53991e-05
364 1.38915e-05 4.92118e-05
365 0.000141224 0.000165073
366 0.000199053 0.000197611
367 0.000151858 0.000124308
368 1.91975e-05 -2.10457e-05
369 -0.000132122 -0.000163939
370 -0.000221643 -0.000227304
371 -0.000197707 -0.000172665
372 -6.65013e-05 -2.2465e-05
373 0.000108337 0.000148943
374 0.000236594 0.000252092
375 0.000247813 0.000228722
376 0.000129335 8.38083e-05
377 -6.42459e-05 -0.000113949
378 -0.000236299 -0.000264698
379 -0.000296289 -0.000287589
380 -0.000206831 -0.000163402
381 -5.42308e-06 5.25459e-05
382 0.000211198 0.000255042
383 0.000333507 0.000340135
384 0.00029408 0.000257917
385 0.000103583 4.03174e-05
386 -0.000150857 -0.000211033
387 -0.000345547 -0.000372319
388 -0.000380025 -0.000358103
389 -0.000227964 -0.000165437
390 4.62551e-05 0.000120814
391 0.000314801 0.000365456
392 0.000445873 0.000446569
393 0.000367704 0.000315352
394 0.000106227 2.31815e-05
395 -0.000222803 -0.000298359
396 -0.000465155 -0.000496702
397 -0.000500017 -0.000470075
398 -0.000298992 -0.000218241
399 5.61605e-05 0.000152569
400 0.00040688 0.000474591
401 0.000588485 0.000594182
402 0.000506612 0.000444059
403 0.000184255 7.85076e-05
404 -0.000243369 -0.000346007
405 -0.000585656 -0.000637901
406 -0.000681125 -0.000656281
407 -0.000472229 -0.000377255
408 -3.62464e-05 8.98846e-05
409 0.000443241 0.000545628
410 0.000753682 0.000785282
411 0.000746974 0.000689796
412 0.000408095 0.00028242
413 -0.000132171 -0.000274966
414 -0.000647966 -0.000746395
415 -0.000912574 -0.000921278
416 -0.000796786 -0.000706888
417 -0.000329096 -0.000173733
418 0.000309354 0.000467284
419 0.000855204 0.000948492
420 0.00107102 0.00105646
421 0.000846786 0.000724477
422 0.000251956 6.71684e-05
423 -0.000485503 -0.000659212
424 -0.00106673 -0.00115674
425 -0.00124234 -0.00120689
426 -0.000917189 -0.000763786
427 -0.000196105 1.93475e-05
428 0.00064981 0.000843484
429 0.00128535 0.00137797
430 0.00144304 0.0013918
431 0.00103291 0.000850147
432 0.000186082 -6.31484e-05
433 -0.000787252 -0.00100849
434 -0.00151169 -0.00161674
435 -0.00169023 -0.00163174
436 -0.00122286 -0.00101438
437 -0.000253782 3.28753e-05
438 0.000873295 0.00113295
439 0.00173738 0.00186993
440 0.00199624 0.00194459
441 0.00151851 0.00129178
442 0.000441856 0.00011483
443 -0.000866641 -0.00117837
444 -0.00193619 -0.00211697
445 -0.00236054 -0.00233697
446 -0.00194881 -0.00171813
447 -0.000803702 -0.000437799
448 0.000702967 0.00108027
449 0.00205191 0.00230675
450 0.00275456 0.00278995
451 0.00252675 0.00231814
452 0.00139679 0.00100361
453 -0.000291426 -0.000742889
454 -0.00198424 -0.00234156
455 -0.0030997 -0.00323534
456 -0.00322483 -0.00308046
457 -0.00226241 -0.00187141
458 -0.00047656 4.34562e-05
459 0.00158076 0.00206369
460 0.00324113 0.00352527
461 0.00393504 0.00391626
462 0.00338206 0.00304993
463 0.00169339 0.00113824
464 -0.000648379 -0.00126041
465 -0.00292886 -0.00340574
466 -0.00441947 -0.00460291
467 -0.00460643 -0.00442283
468 -0.00335981 -0.00284646
469 -0.00098879 -0.000286633
470 0.00183646 0.0025221
471 0.0042757 0.00473506
472 0.00556683 0.00564882
473 0.00525814 0.0049178
474 0.00335497 0.00267074
475 0.000335346 -0.000509381
476 -0.00297261 -0.00373917
477 -0.00561884 -0.00608042
478 -0.00680132 -0.00680858
479 -0.00610133 -0.00562784
480 -0.0036166 -0.00277072
481 4.74025e-05 0.00104802
482 0.00392817 0.00481316
483 0.00695993 0.00747879
484 0.00826261 0.00825382
485 0.00738806 0.00682591
486 0.00445624 0.0034625
487 0.0001431 -0.00104026
488 -0.00447917 -0.00554962
489 -0.00821006 -0.00888144
490 -0.0100288 -0.0101059
491 -0.00936356 -0.0087953
492 -0.00625304 -0.00515008
493 -0.00135685 3.08084e-05
494 0.00418902 0.00552974
495 0.00903851 0.00999822
496 0.0119596 0.0122833
497 0.0121379 0.011714
498 0.00938643 0.00827766
499 0.00420999 0.00264443
500 -0.00229208 -0.00396972
501 -0.00866452 -0.0100693
502 -0.013422 -0.0142161
503 -0.0153881 -0.0153589
504 -0.0139715 -0.0130833
505 -0.00931571 -0.00772272
506 -0.0022888 -0.000306709
507 0.00568569 0.00764387
508 0.0129218 0.0144319
509 0.0178251 0.0185419
510 0.0192335 0.0189656
511 0.016673 0.0154263
512 0.0104737 0.00845627
513 0.00172467 -0.00069106
514 -0.00792725 -0.0102747
515 -0.016592 -0.0184006
516 -0.0225034 -0.0233909
517 -0.024367 -0.0241154
518 -0.0216204 -0.0202216
519 -0.0145584 -0.0122205
520 -0.00429688 -0.00141046
521 0.00741442 0.0103441
522 0.0184983 0.0209403
523 0.0269174 0.0284099
524 0.0310381 0.031271
525 0.0299254 0.0287971
526 0.0235186 0.0211581
527 0.0126592 0.00940819
528 -0.0010339 -0.00467431
529 -0.015419 -0.0188674
530 -0.0281717 -0.0308594
531 -0.0371563 -0.0386179
532 -0.0407669 -0.0407153
533 -0.0381864 -0.0365593
534 -0.0295234 -0.0264962
535 -0.0158085 -0.0117711
536 0.0011464 0.00564457
537 0.019004 0.0233313
538 0.0352311 0.0387628
539 0.0474549 0.0496606
540 0.0537938 0.0543111
541 0.0531185 0.051803
542 0.045209 0.0421552
543 0.0307895 0.0263196
544 0.0114406 0.00606458
545 -0.0105973 -0.0162448
546 -0.0326996 -0.0379369
547 -0.0521766 -0.0563567
548 -0.0665937 -0.0691807
549 -0.0740562 -0.0746867
550 -0.073425 -0.0719488
551 -0.0644419 -0.0609376
552 -0.0477541 -0.0425194
553 -0.0248394 -0.0183579
554 0.00215475 0.0092649
555 0.0306369 0.0376867
556 0.0578349 0.0641332
557 0.0810685 0.0859884
558 0.0980027 0.101039
559 0.106858 0.10767
560 0.10656 0.105002
561 0.0968207 0.0929443
562 0.0781427 0.0721929
563 0.0517585 0.0441457
564 0.0195098 0.0107724
565 -0.0163161 -0.0255568
566 -0.0531756 -0.0622654
567 -0.0884662 -0.0967664
568 -0.119715 -0.126647
569 -0.144747 -0.149828
570 -0.161812 -0.164684
571 -0.169684 -0.170127
572 -0.167702 -0.165642
573 -0.155781 -0.151283
574 -0.134376 -0.127634
575 -0.104421 -0.0957315
576 -0.0672358 -0.0569796
577 -0.0244265 -0.0130373
578 0.022227 0.0342891
579 0.0708793 0.083154
580 0.11972 0.13177
581 0.16706 0.178491
582 0.211404 0.221878
583 0.251498 0.260743
584 0.286364 0.29418
585 0.315312 0.321572
586 0.337937 0.342583
587 0.354102 0.357139
588 0.363911 0.365399
589 0.367673 0.367716
590 0.365861 0.3646
591 0.359074 0.356672
592 0.347991 0.344628
593 0.333337 0.329197
594 0.31585 0.311114
595 0.296246 0.29109
596 0.275203 0.269787
597 0.253339 0.247807
598 0.231204 0.225681
599 0.209267 0.203858
600 0.187919 0.18271
601 0.167472 0.162529
602 0.148163 0.143533
603 0.130158 0.125874
604 0.113564 0.109643
605 0.0984329 0.0948807
606 0.0847727 0.0815852
607 0.0725548 0.0697202
608 0.0617226 0.0592231
609 0.0521985 0.0500121
610 0.0438905 0.0419927
611 0.0366979 0.0350626
612 0.0305158 0.0291167
613 0.0252391 0.0240501
614 0.0207653 0.0197614
615 0.0169965 0.0161544
616 0.0138416 0.0131394
617 0.0112166 0.0106345
618 0.00904515 0.00856551
619 0.00725927 0.00686623
620 0.00579865 0.00547835
621 0.00461053 0.0043509
622 0.0036492 0.00343984
623 0.0028754 0.00270744
624 0.00225569 0.00212163
625 0.00176187 0.00165537
626 0.00137026 0.00128608
627 0.0010612 0.000994968
628 0.000818425 0.000766557
629 0.000628598 0.000588164
630 0.000480842 0.000449462
631 0.000366344 0.000342098
632 0.000278006 0.000259353
633 0.000210145 0.000195856
634 0.000158235 0.000147335
635 0.000118693 0.000110413
636 8.86957e-05 8.24315e-05
637 6.60323e-05 6.13121e-05
638 4.89783e-05 4.54356e-05
639 3.61959e-05 3.35476e-05
640 2.66526e-05 2.46806e-05
641 1.95552e-05 1.80923e-05
642 1.42969e-05 1.32158e-05
643 1.04159e-05 9.61984e-06
644 7.56198e-06 6.97809e-06
645 5.47105e-06 5.04441e-06
646 3.94477e-06 3.63409e-06
647 2.83471e-06 2.6092e-06
648 2.03021e-06 1.86711e-06
649 1.44915e-06 1.3317e-06
650 1.03094e-06 9.46686e-07
651 7.31054e-07 6.70741e-07
652 5.16768e-07 4.73678e-07
653 3.64115e-07 3.33479e-07
654 2.55692e-07 2.34062e-07
655 1.78967e-07 1.63741e-07
656 1.24905e-07 1.14147e-07
657 8.6937e-08 7.93282e-08
658 6.0307e-08 5.50008e-08
659 4.16659e-08 3.80337e-08
660 2.86955e-08 2.61904e-08
661 1.9739e-08 1.79507e-08
662 1.35573e-08 1.22812e-08
663 9.25888e-09 8.41237e-09
664 6.27426e-09 5.74702e-09
665 4.24861e-09 3.88243e-09
666 2.90152e-09 2.59883e-09
667 1.9817e-09 1.75732e-09
668 1.32092e-09 1.21046e-09
669 8.59283e-10 8.20781e-10
670 5.75418e-10 5.26305e-10
671 4.10135e-10 3.32755e-10
672 2.84262e-10 2.34655e-10
673 1.68961e-10 1.78686e-10
674 9.25303e-11 1.15724e-10
675 7.13268e-11 5.35897e-11
676 6.96634e-11 2.76916e-11
677 4.58289e-11 3.62709e-11
678 8.56204e-12 3.86629e-11
679 -3.66386e-12 1.46408e-11
680 1.39462e-11 -9.0663e-12
681 2.47119e-11 -3.90408e-12
682 7.17709e-12 1.58126e-11
683 -1.38435e-11 1.61742e-11
684 -8.30182e-12 -4.31023e-12
685 1.23456e-11 -1.46438e-11
686 1.46443e-11 -5.36749e-13
687 -4.51615e-12 1.45934e-11
688 -1.49054e-11 7.25371e-12
689 -1.34007e-12 -1.03535e-11
690 1.37635e-11 -1.09047e-11
691 6.98449e-12 5.43894e-12
692 -1.00017e-11 1.26812e-11
693 -1.04753e-11 1.37439e-13
694 5.25127e-12 -1.19314e-11
695 1.19279e-11 -4.98571e-12
696 -1.77134e-13 9.32209e-12
697 -1.12192e-11 8.53536e-12
698 -4.24083e-12 -5.41582e-12
699 8.82355e-12 -1.03071e-11
700 7.41702e-12 1.03691e-12
701 -5.33682e-12 1.02502e-11
702 -8.99815e-12 3.07687e-12
703 1.47698e-12 -8.58029e-12
704 8.9591e-12 -6.31146e-12
705 2.09714e-12 5.74739e-12
706 -7.52978e-12 8.27623e-12
707 -4.86343e-12 -2.31158e-12
708 5.12869e-12 -8.82287e-12
709 6.50399e-12 -1.14834e-12
710 -2.26221e-12 8.03282e-12
711 -6.92128e-12 4.12995e-12
712 -5.62545e-13 -6.17089e-12
713 6.22032e-12 -6.26604e-12
714 2.92094e-12 3.61725e-12
715 -4.66227e-12 7.35555e-12
716 -4.51551e-12 -7.96103e-13
717 2.59788e-12 -7.3697e-12
718 5.20962e-12 -1.88791e-12
719 -4.07032e-13 6.42485e-12
720 -5.01582e-12 4.10201e-12
721 -1.56378e-12 -4.74686e-12
722 4.07959e-12 -5.62046e-12
723 3.04697e-12 2.62303e-12
724 -2.63244e-12 6.33283e-12
725 -3.88253e-12 -3.56462e-13
726 9.52741e-13 -6.24183e-12
727 4.0222e-12 -1.77235e-12
728 6.82046e-13 5.44132e-12
729 -3.52437e-12 3.53823e-12
730 -2.03371e-12 -4.09473e-12
731 2.53208e-12 -4.78487e-12
732 2.93158e-12 2.40169e-12
733 -1.24266e-12 5.4326e-12
734 -3.28626e-12 -5.70067e-13
735 -1.25133e-13 -5.47276e-12
736 3.0958e-12 -1.20217e-12
737 1.35998e-12 4.95566e-12
738 -2.431e-12 2.75205e-12
739 -2.29126e-12 -3.97798e-12
740 1.42651e-12 -3.95254e-12
741 2.79954e-12 2.6642e-12
742 -2.52664e-13 4.72136e-12
743 -2.83496e-12 -1.15051e-12
744 -9.06546e-13 -5.01752e-12
745 2.41259e-12 -4.20854e-13
746 1.87803e-12 4.84063e-12
747 -1.6129e-12 1.91818e-12
748 -2.52233e-12 -4.22123e-12
749 5.66317e-13 -3.21926e-12
750 2.74788e-12 3.21945e-12
751 5.66301e-13 4.22099e-12
752 -2.52235e-12 -1.91827e-12
753 -1.61293e-12 -4.84035e-12
754 1.8786e-12 4.21099e-13
755 2.41232e-12 5.01712e-12
756 -9.06639e-13 1.15105e-12
757 -2.83416e-12 -4.72133e-12
758 -2.52688e-13 -2.66385e-12
759 2.79965e-12 3.95264e-12
760 1.42604e-12 3.97865e-12
761 -2.29084e-12 -2.75224e-12
762 -2.43107e-12 -4.95575e-12
763 1.36015e-12 1.20267e-12
764 3.09505e-12 5.47308e-12
765 -1.24784e-13 5.70337e-13
766 -3.28651e-12 -5.43278e-12
767 -1.24241e-12 -2.40117e-12
768 2.93113e-12 4.78447e-12
769 2.53245e-12 4.09545e-12
770 -2.03312e-12 -3.53837e-12
771 -3.52433e-12 -5.44148e-12
772 6.81665e-13 1.77252e-12
773 4.02245e-12 6.24208e-12
774 9.52578e-13 3.56235e-13
775 -3.88279e-12 -6.33322e-12
776 -2.63239e-12 -2.62243e-12
777 3.04749e-12 5.62029e-12
778 4.07916e-12 4.7469e-12
779 -1.56386e-12 -4.10178e-12
780 -5.01622e-12 -6.42542e-12
781 -4.07392e-13 1.88741e-12
782 5.20966e-12 7.37064e-12
783 2.5985e-12 7.96235e-13
784 -4.51642e-12 -7.35588e-12
785 -4.66209e-12 -3.61663e-12
786 2.92092e-12 6.26606e-12
787 6.22073e-12 6.17035e-12
788 -5.63442e-13 -4.1299e-12
789 -6.9213e-12 -8.03257e-12
790 -2.2627e-12 1.1484e-12
791 6.50394e-12 8.82208e-12
792 5.1284e-12 2.31191e-12
793 -4.86361e-12 -8.27597e-12
794 -7.52972e-12 -5.7471e-12
795 2.09782e-12 6.3115e-12
796 8.95896e-12 8.58103e-12
797 1.47685e-12 -3.07748e-12
798 -8.99764e-12 -1.02501e-11
799 -5.33644e-12 -1.03684e-12
800 7.41646e-12 1.03071e-11
801 8.82328e-12 5.41588e-12
802 -4.24067e-12 -8.53599e-12
803 -1.12187e-11 -9.32194e-12
804 -1.77736e-13 4.98509e-12
805 1.19281e-11 1.19314e-11
806 5.25131e-12 -1.37217e-13
807 -1.04753e-11 -1.26816e-11
808 -1.00017e-11 -5.43918e-12
809 6.98464e-12 1.09053e-11
810 1.3763e-11 1.03531e-11
811 -1.33944e-12 -7.25371e-12
812 -1.49052e-11 -1.45932e-11
813 -4.51644e-12 5.36622e-13
814 1.46437e-11 1.46436e-11
815 1.23453e-11 4.30999e-12
816 -8.30148e-12 -1.61742e-11
817 -1.38435e-11 -1.58118e-11
818 7.17653e-12 3.90353e-12
819 2.47131e-11 9.06639e-12
820 1.39463e-11 -1.46404e-11
821 -3.66411e-12 -3.86621e-11
822 8.56183e-12 -3.62711e-11
823 4.5829e-11 -2.76912e-11
824 6.9663e-11 -5.35901e-11
825 7.13268e-11 -1.15723e-10
826 9.25303e-11 -1.78686e-10
827 1.68961e-10 -2.34654e-10
828 2.84262e-10 -3.32755e-10
829 4.10135e-10 -5.26304e-10
830 5.75418e-10 -8.2078e-10
831 8.59284e-10 -1.21046e-09
832 1.32092e-09 -1.75732e-09
833 1.9817e-09 -2.59883e-09
834 2.90152e-09 -3.88243e-09
835 4.24861e-09 -5.74702e-09
836 6.27426e-09 -8.41237e-09
837 9.25888e-09 -1.22812e-08
838 1.35573e-08 -1.79507e-08
839 1.9739e-08 -2.61904e-08
840 2.86955e-08 -3.80337e-08
841 4.16659e-08 -5.50008e-08
842 6.0307e-08 -7.93282e-08
843 8.6937e-08 -1.14147e-07
844 1.24905e-07 -1.63741e-07
845 1.78967e-07 -2.34062e-07
846 2.55692e-07 -3.33479e-07
847 3.64115e-07 -4.73678e-07
848 5.16768e-07 -6.70741e-07
849 7.31054e-07 -9.46686e-07
850 1.03094e-06 -1.3317e-06
851 1.44915e-06 -1.86711e-06
852 2.03021e-06 -2.6092e-06
853 2.83471e-06 -3.63409e-06
854 3.94477e-06 -5.04441e-06
855 5.47105e-06 -6.97809e-06
856 7.56198e-06 -9.61984e-06
857 1.04159e-05 -1.32158e-05
858 1.42969e-05 -1.80923e-05
859 1.95552e-05 -2.46806e-05
860 2.66526e-05 -3.35476e-05
861 3.61959e-05 -4.54356e-05
862 4.89783e-05 -6.13121e-05
863 6.60323e-05 -8.24315e-05
864 8.86957e-05 -0.000110413
865 0.000118693 -0.000147335
866 0.000158235 -0.000195856
867 0.000210145 -0.000259353
868 0.000278006 -0.000342098
869 0.000366344 -0.000449462
870 0.000480842 -0.000588164
871 0.000628598 -0.000766557
872 0.000818425 -0.000994968
873 0.0010612 -0.00128608
874 0.00137026 -0.00165537
875 0.00176187 -0.00212163
876 0.00225569 -0.00270744
877 0.0028754 -0.00343984
878 0.0036492 -0.0043509
879 0.00461053 -0.00547835
880 0.00579865 -0.00686623
881 0.00725927 -0.00856551
882 0.00904515 -0.0106345
883 0.0112166 -0.0131394
884 0.0138416 -0.0161544
885 0.0169965 -0.0197614
886 0.0207653 -0.0240501
887 0.0252391 -0.0291167
888 0.0305158 -0.0350626
889 0.0366979 -0.0419927
890 0.0438905 -0.0500121
891 0.0521985 -0.0592231
892 0.0617226 -0.0697202
893 0.0725548 -0.0815852
894 0.0847727 -0.0948807
895 0.0984329 -0.109643
896 0.113564 -0.125874
897 0.130158 -0.143533
898 0.148163 -0.162529
899 0.167472 -0.18271
900 0.187919 -0.203858
901 0.209267 -0.225681
902 0.231204 -0.247807
903 0.253339 -0.269787
904 0.275203 -0.29109
905 0.296246 -0.311114
906 0.31585 -0.329197
907 0.333337 -0.344628
908 0.347991 -0.356672
909 0.359074 -0.3646
910 0.365861 -0.367716
911 0.367673 -0.365399
912 0.363911 -0.357139
913 0.354102 -0.342583
914 0.337937 -0.321572
915 0.315312 -0.29418
916 0.286364 -0.260743
917 0.251498 -0.221878
918 0.211404 -0.178491
919 0.16706 -0.13177
920 0.11972 -0.083154
921 0.0708793 -0.0342891
922 0.022227 0.0130373
923 -0.0244265 0.0569796
924 -0.0672358 0.0957315
925 -0.104421 0.127634
926 -0.134376 0.151283
927 -0.155781 0.165642
928 -0.167702 0.170127
929 -0.169684 0.164684
930 -0.161812 0.149828
931 -0.144747 0.126647
932 -0.119715 0.0967664
933 -0.0884662 0.0622654
934 -0.0531756 0.0255568
935 -0.0163161 -0.0107724
936 0.0195098 -0.0441457
937 0.0517585 -0.0721929
938 0.0781427 -0.0929443
939 0.0968207 -0.105002
940 0.10656 -0.10767
941 0.106858 -0.101039
942 0.0980027 -0.0859884
943 0.0810685 -0.0641332
944 0.0578349 -0.0376867
945 0.0306369 -0.0092649
946 0.00215475 0.0183579
947 -0.0248394 0.0425194
948 -0.0477541 0.0609376
949 -0.0644419 0.0719488
950 -0.073425 0.0746867
951 -0.0740562 0.0691807
952 -0.0665937 0.0563567
953 -0.0521766 0.0379369
954 -0.0326996 0.0162448
955 -0.0105973 -0.00606458
956 0.0114406 -0.0263196
957 0.0307895 -0.0421552
958 0.045209 -0.051803
959 0.0531185 -0.0543111
960 0.0537938 -0.0496606
961 0.0474549 -0.0387628
962 0.0352311 -0.0233313
963 0.019004 -0.00564457
964 0.0011464 0.0117711
965 -0.0158085 0.0264962
966 -0.0295234 0.0365593
967 -0.0381864 0.0407153
968 -0.0407669 0.0386179
969 -0.0371563 0.0308594
970 -0.0281717 0.0188674
971 -0.015419 0.00467431
972 -0.0010339 -0.00940819
973 0.0126592 -0.0211581
974 0.0235186 -0.0287971
975 0.0299254 -0.031271
976 0.0310381 -0.0284099
977 0.0269174 -0.0209403
978 0.0184983 -0.0103441
979 0.00741442 0.00141046
980 -0.00429688 0.0122205
981 -0.0145584 0.0202216
982 -0.0216204 0.0241154
983 -0.024367 0.0233909
984 -0.0225034 0.0184006
985 -0.016592 0.0102747
986 -0.00792725 0.00069106
987 0.00172467 -0.00845627
988 0.0104737 -0.0154263
989 0.016673 -0.0189656
990 0.0192335 -0.0185419
991 0.0178251 -0.0144319
992 0.0129218 -0.00764387
993 0.00568569 0.000306709
994 -0.0022888 0.00772272
995 -0.00931571 0.0130833
996 -0.0139715 0.0153589
997 -0.0153881 0.0142161
998 -0.013422 0.0100693
999 -0.00866452 0.00396972
