0 -0.000609421 0.00363912
1 -0.00440169 0.0064481
2 -0.00722674 0.00788203
3 -0.00846165 0.00768851
4 -0.00784073 0.0059396
5 -0.005521 0.00300864
6 -0.00204389 -0.000505303
7 0.00179756 -0.0038913
8 0.00514992 -0.00646057
9 0.00729791 -0.00767976
10 0.00781966 -0.00728116
11 0.00666412 -0.00532791
12 0.00413945 -0.00221638
13 0.000824962 0.00139285
14 -0.0025651 0.0047088
15 -0.00533231 0.0069849
16 -0.00692917 0.00769564
17 -0.00705695 0.00666987
18 -0.00571416 0.00414197
19 -0.0031913 0.00070218
20 -1.42541e-05 -0.00284501
21 0.00315558 -0.0056784
22 0.00564966 -0.00716069
23 0.00692826 -0.00698833
24 0.00669837 -0.0052527
25 0.0049876 -0.0024009
26 0.00215309 0.000886969
27 -0.00118334 0.00386665
28 -0.00426641 0.00589959
29 -0.00637963 0.0065845
30 -0.00701899 0.00582635
31 -0.00602349 0.00383646
32 -0.00362472 0.00107225
33 -0.000397322 -0.00186515
34 0.00288122 -0.00435388
35 0.00542589 -0.00587333
36 0.00664212 -0.00610573
37 0.00627196 -0.00500056
38 0.00444935 -0.00278982
39 0.00165254 5.20453e-05
40 -0.00142878 0.00290028
41 -0.00407106 0.00511024
42 -0.00568994 0.00616177
43 -0.00596583 0.0057861
44 -0.00489707 0.00404298
45 -0.00277702 0.00132339
46 -0.000110376 -0.00173072
47 0.00250586 -0.00437682
48 0.00450903 -0.00595783
49 0.00548165 -0.00607512
50 0.00522959 -0.00469895
51 0.00381726 -0.00218178
52 0.00155498 0.000832864
53 -0.00106068 0.00358166
54 -0.00344606 0.00538421
55 -0.00505369 0.00581898
56 -0.00549641 0.0048238
57 -0.00464482 0.0026963
58 -0.002672 2.91573e-07
59 -2.85058e-05 -0.00259015
60 0.00265361 -0.00446286
61 0.00471021 -0.00521053
62 0.00561353 -0.00471231
63 0.00511558 -0.0031411
64 0.00332492 -0.000903568
65 0.00069019 0.00146593
66 -0.00211105 0.00342948
67 -0.00435127 0.00456046
68 -0.00545065 0.00462767
69 -0.00513596 0.00363606
70 -0.00351354 0.00181994
71 -0.00103466 -0.000407873
72 0.00163532 -0.00254162
73 0.00380336 -0.00408863
74 0.00493488 -0.00467748
75 0.00478698 -0.00414722
76 0.00345529 -0.0025966
77 0.00132827 -0.000376694
78 -0.00103047 0.00197888
79 -0.00303439 0.00387708
80 -0.00421858 0.00481583
81 -0.00434198 0.00452333
82 -0.00342734 0.0030452
83 -0.00173687 0.000748671
84 0.000303825 -0.00176476
85 0.00221077 -0.00381925
86 0.00355066 -0.00485327
87 0.0040313 -0.00458157
88 0.00355823 -0.00308028
89 0.00224973 -0.000767572
90 0.00040991 0.00171558
91 -0.00153462 0.00368903
92 -0.00312458 0.00462623
93 -0.00396953 0.00429904
94 -0.00384206 0.00283339
95 -0.00274298 0.000662559
96 -0.000917553 -0.00160444
97 0.00118899 -0.00335812
98 0.00303386 -0.00415532
99 0.00411627 -0.00383107
100 0.00411845 -0.00252725
101 0.00300626 -0.000635397
102 0.00105508 0.00132403
103 -0.00121361 0.00284746
104 -0.00317225 0.00357687
105 -0.00426565 0.00337823
106 -0.00417514 0.00235514
107 -0.0029174 0.000802461
108 -0.000845402 -0.000880015
109 0.00145121 -0.00228753
110 0.00331766 -0.00310019
111 0.00422616 -0.00314634
112 0.00393018 -0.00243175
113 0.00253422 -0.00113346
114 0.000458453 0.000439076
115 -0.00169012 0.00190945
116 -0.00329939 0.00291667
117 -0.003931 0.00319986
118 -0.00344229 0.00266691
119 -0.00201637 0.00142821
120 -9.48485e-05 -0.000217864
121 0.0017624 -0.00185015
122 0.00304421 -0.00302897
123 0.00343044 -0.00341485
124 0.00286914 -0.00286962
125 0.00157106 -0.00150896
126 -6.9158e-05 0.00031405
127 -0.00159538 0.00209609
128 -0.00261663 0.00332217
129 -0.00290304 0.00361781
130 -0.0024296 0.00286879
131 -0.00136349 0.00126839
132 -5.90874e-06 -0.000728183
133 0.00129162 -0.00253333
134 0.00221385 -0.00360382
135 0.00255216 -0.00360972
136 0.00224548 -0.00254102
137 0.00138658 -0.000715634
138 0.000195188 0.00131574
139 -0.00103445 0.00293884
140 -0.00200053 0.00366584
141 -0.00246202 0.0032857
142 -0.00229533 0.00192751
143 -0.00152776 1.72312e-05
144 -0.000338766 -0.00185744
145 0.000974735 -0.00313076
146 0.00206585 -0.00343269
147 0.00262594 -0.00269849
148 0.00247292 -0.00118095
149 0.00161397 0.00063648
150 0.000260029 0.00219571
151 -0.00121962 0.00303816
152 -0.00239588 0.00294152
153 -0.00290599 0.00197755
154 -0.00256924 0.000476203
155 -0.0014538 -0.00108824
156 0.000130849 -0.00224903
157 0.00171812 -0.00268741
158 0.00282267 -0.00231882
159 0.00309121 -0.00130212
160 0.00241835 2.50278e-05
161 0.000988788 0.00125913
162 -0.000770767 0.00205386
163 -0.00231854 0.0022155
164 -0.00316608 0.00174547
165 -0.00303544 0.000822605
166 -0.0019537 -0.000263191
167 -0.000251302 -0.00120176
168 0.00153826 -0.00174966
169 0.00284751 -0.00178961
170 0.00325822 -0.00134935
171 0.00263836 -0.000580082
172 0.00118645 0.000294794
173 -0.000631952 0.00104332
174 -0.00223517 0.00148325
175 -0.00311376 0.00152155
176 -0.00299443 0.00116871
177 -0.00192625 0.000528361
178 -0.000261881 -0.00023202
179 0.00145912 -0.000921418
180 0.00268604 -0.00136833
181 0.00303458 -0.00145921
182 0.00240866 -0.00116573
183 0.00102745 -0.000555038
184 -0.000650379 0.000221118
185 -0.00207932 0.000959241
186 -0.0028059 0.00145412
187 -0.00261424 0.0015552
188 -0.00159097 0.00121386
189 -8.95058e-05 0.000506161
190 0.00139233 -0.000379475
191 0.00237841 -0.00118972
192 0.00256833 -0.00167807
193 0.0019289 -0.00168056
194 0.000695623 -0.00117199
195 -0.000713196 -0.000283112
196 -0.00183831 0.000729719
197 -0.00232932 0.00155693
198 -0.00205359 0.00193028
199 -0.00113083 0.00171102
200 0.000115316 0.000942374
201 0.00126988 -0.000153707
202 0.00196462 -0.00123876
203 0.0019957 -0.00196246
204 0.00138316 -0.00207732
205 0.000354863 -0.00152508
206 -0.000736956 -0.000464027
207 -0.0015362 0.000775146
208 -0.0017992 0.00179286
209 -0.00146856 0.00225073
210 -0.000682382 0.00198527
211 0.00028085 0.00106659
212 0.00110019 -0.000218746
213 0.00151868 -0.00145691
214 0.00142325 -0.00224027
215 0.000873499 -0.00230205
216 7.30578e-05 -0.00160789
217 -0.000704328 -0.000372778
218 -0.00120753 0.0010045
219 -0.00128858 0.00206992
220 -0.000945508 0.0024647
221 -0.000315077 0.00204746
222 0.000379506 0.000945823
223 0.000906732 -0.000481744
224 0.00110354 -0.00176302
225 0.000925299 -0.00246933
226 0.000453818 -0.00236006
227 -0.000137049 -0.00146511
228 -0.00064437 -7.69963e-05
229 -0.000905109 0.00134522
230 -0.000847873 0.00232814
231 -0.000511293 0.00254171
232 -2.48881e-05 0.0019101
233 0.000439163 0.000638638
234 0.000725834 -0.000852472
235 0.000748299 -0.00206667
236 0.000513704 -0.00259637
237 0.000116223 -0.00226035
238 -0.000298929 -0.00116654
239 -0.000587301 0.000321884
240 -0.000654731 0.00170711
241 -0.0004878 0.00252382
242 -0.000155414 0.00249646
243 0.000218129 0.00163276
244 0.000498417 0.000221573
245 0.000588341 -0.00126438
246 0.000461158 -0.00232751
247 0.000168135 -0.00261227
248 -0.00018123 -0.00202382
249 -0.000458967 -0.00075914
250 -0.000564238 0.00075914
251 -0.000458967 0.00202382
252 -0.00018123 0.00261227
253 0.000168135 0.00232751
254 0.000461158 0.00126438
255 0.000588341 -0.000221573
256 0.000498417 -0.00163276
257 0.000218129 -0.00249646
258 -0.000155414 -0.00252382
259 -0.0004878 -0.00170711
260 -0.000654731 -0.000321884
261 -0.000587301 0.00116654
262 -0.000298929 0.00226035
263 0.000116223 0.00259637
264 0.000513704 0.00206667
265 0.000748299 0.000852472
266 0.000725834 -0.000638638
267 0.000439163 -0.0019101
268 -2.48881e-05 -0.00254171
269 -0.000511293 -0.00232814
270 -0.000847873 -0.00134522
271 -0.000905109 7.69963e-05
272 -0.00064437 0.00146511
273 -0.000137049 0.00236006
274 0.000453818 0.00246933
275 0.000925299 0.00176302
276 0.00110354 0.000481744
277 0.000906732 -0.000945823
278 0.000379506 -0.00204746
279 -0.000315077 -0.0024647
280 -0.000945508 -0.00206992
281 -0.00128858 -0.0010045
282 -0.00120753 0.000372778
283 -0.000704328 0.00160789
284 7.30578e-05 0.00230205
285 0.000873499 0.00224027
286 0.00142325 0.00145691
287 0.00151868 0.000218746
288 0.00110019 -0.00106659
289 0.00028085 -0.00198527
290 -0.000682382 -0.00225073
291 -0.00146856 -0.00179286
292 -0.0017992 -0.000775146
293 -0.0015362 0.000464027
294 -0.000736956 0.00152508
295 0.000354863 0.00207732
296 0.00138316 0.00196246
297 0.0019957 0.00123876
298 0.00196462 0.000153707
299 0.00126988 -0.000942374
300 0.000115316 -0.00171102
301 -0.00113083 -0.00193028
302 -0.00205359 -0.00155693
303 -0.00232932 -0.000729719
304 -0.00183831 0.000283112
305 -0.000713196 0.00117199
306 0.000695623 0.00168056
307 0.0019289 0.00167807
308 0.00256833 0.00118972
309 0.00237841 0.000379475
310 0.00139233 -0.000506161
311 -8.95058e-05 -0.00121386
312 -0.00159097 -0.0015552
313 -0.00261424 -0.00145412
314 -0.0028059 -0.000959241
315 -0.00207932 -0.000221118
316 -0.000650379 0.000555038
317 0.00102745 0.00116573
318 0.00240866 0.00145921
319 0.00303458 0.00136833
320 0.00268604 0.000921418
321 0.00145912 0.00023202
322 -0.000261881 -0.000528361
323 -0.00192625 -0.00116871
324 -0.00299443 -0.00152155
325 -0.00311376 -0.00148325
326 -0.00223517 -0.00104332
327 -0.000631952 -0.000294794
328 0.00118645 0.000580082
329 0.00263836 0.00134935
330 0.00325822 0.00178961
331 0.00284751 0.00174966
332 0.00153826 0.00120176
333 -0.000251302 0.000263191
334 -0.0019537 -0.000822605
335 -0.00303544 -0.00174547
336 -0.00316608 -0.0022155
337 -0.00231854 -0.00205386
338 -0.000770767 -0.00125913
339 0.000988788 -2.50278e-05
340 0.00241835 0.00130212
341 0.00309121 0.00231882
342 0.00282267 0.00268741
343 0.00171812 0.00224903
344 0.000130849 0.00108824
345 -0.0014538 -0.000476203
346 -0.00256924 -0.00197755
347 -0.00290599 -0.00294152
348 -0.00239588 -0.00303816
349 -0.00121962 -0.00219571
350 0.000260029 -0.00063648
351 0.00161397 0.00118095
352 0.00247292 0.00269849
353 0.00262594 0.00343269
354 0.00206585 0.00313076
355 0.000974735 0.00185744
356 -0.000338766 -1.72312e-05
357 -0.00152776 -0.00192751
358 -0.00229533 -0.0032857
359 -0.00246202 -0.00366584
360 -0.00200053 -0.00293884
361 -0.00103445 -0.00131574
362 0.000195188 0.000715634
363 0.00138658 0.00254102
364 0.00224548 0.00360972
365 0.00255216 0.00360382
366 0.00221385 0.00253333
367 0.00129162 0.000728183
368 -5.90874e-06 -0.00126839
369 -0.00136349 -0.00286879
370 -0.0024296 -0.00361781
371 -0.00290304 -0.00332217
372 -0.00261663 -0.00209609
373 -0.00159538 -0.00031405
374 -6.9158e-05 0.00150896
375 0.00157106 0.00286962
376 0.00286914 0.00341485
377 0.00343044 0.00302897
378 0.00304421 0.00185015
379 0.0017624 0.000217864
380 -9.48485e-05 -0.00142821
381 -0.00201637 -0.00266691
382 -0.00344229 -0.00319986
383 -0.003931 -0.00291667
384 -0.00329939 -0.00190945
385 -0.00169012 -0.000439076
386 0.000458453 0.00113346
387 0.00253422 0.00243175
388 0.00393018 0.00314634
389 0.00422616 0.00310019
390 0.00331766 0.00228753
391 0.00145121 0.000880015
392 -0.000845402 -0.000802461
393 -0.0029174 -0.00235514
394 -0.00417514 -0.00337823
395 -0.00426565 -0.00357687
396 -0.00317225 -0.00284746
397 -0.00121361 -0.00132403
398 0.00105508 0.000635397
399 0.00300626 0.00252725
400 0.00411845 0.00383107
401 0.00411627 0.00415532
402 0.00303386 0.00335812
403 0.00118899 0.00160444
404 -0.000917553 -0.000662559
405 -0.00274298 -0.00283339
406 -0.00384206 -0.00429904
407 -0.00396953 -0.00462623
408 -0.00312458 -0.00368903
409 -0.00153462 -0.00171558
410 0.00040991 0.000767572
411 0.00224973 0.00308028
412 0.00355823 0.00458157
413 0.0040313 0.00485327
414 0.00355066 0.00381925
415 0.00221077 0.00176476
416 0.000303825 -0.000748671
417 -0.00173687 -0.0030452
418 -0.00342734 -0.00452333
419 -0.00434198 -0.00481583
420 -0.00421858 -0.00387708
421 -0.00303439 -0.00197888
422 -0.00103047 0.000376694
423 0.00132827 0.0025966
424 0.00345529 0.00414722
425 0.00478698 0.00467748
426 0.00493488 0.00408863
427 0.00380336 0.00254162
428 0.00163532 0.000407873
429 -0.00103466 -0.00181994
430 -0.00351354 -0.00363606
431 -0.00513596 -0.00462767
432 -0.00545065 -0.00456046
433 -0.00435127 -0.00342948
434 -0.00211105 -0.00146593
435 0.00069019 0.000903568
436 0.00332492 0.0031411
437 0.00511558 0.00471231
438 0.00561353 0.00521053
439 0.00471021 0.00446286
440 0.00265361 0.00259015
441 -2.85058e-05 -2.91573e-07
442 -0.002672 -0.0026963
443 -0.00464482 -0.0048238
444 -0.00549641 -0.00581898
445 -0.00505369 -0.00538421
446 -0.00344606 -0.00358166
447 -0.00106068 -0.000832864
448 0.00155498 0.00218178
449 0.00381726 0.00469895
450 0.00522959 0.00607512
451 0.00548165 0.00595783
452 0.00450903 0.00437682
453 0.00250586 0.00173072
454 -0.000110376 -0.00132339
455 -0.00277702 -0.00404298
456 -0.00489707 -0.0057861
457 -0.00596583 -0.00616177
458 -0.00568994 -0.00511024
459 -0.00407106 -0.00290028
460 -0.00142878 -5.20453e-05
461 0.00165254 0.00278982
462 0.00444935 0.00500056
463 0.00627196 0.00610573
464 0.00664212 0.00587333
465 0.00542589 0.00435388
466 0.00288122 0.00186515
467 -0.000397322 -0.00107225
468 -0.00362472 -0.00383646
469 -0.00602349 -0.00582635
470 -0.00701899 -0.0065845
471 -0.00637963 -0.00589959
472 -0.00426641 -0.00386665
473 -0.00118334 -0.000886969
474 0.00215309 0.0024009
475 0.0049876 0.0052527
476 0.00669837 0.00698833
477 0.00692826 0.00716069
478 0.00564966 0.0056784
479 0.00315558 0.00284501
480 -1.42541e-05 -0.00070218
481 -0.0031913 -0.00414197
482 -0.00571416 -0.00666987
483 -0.00705695 -0.00769564
484 -0.00692917 -0.0069849
485 -0.00533231 -0.0047088
486 -0.0025651 -0.00139285
487 0.000824962 0.00221638
488 0.00413945 0.00532791
489 0.00666412 0.00728116
490 0.00781966 0.00767976
491 0.00729791 0.00646057
492 0.00514992 0.0038913
493 0.00179756 0.000505303
494 -0.00204389 -0.00300864
495 -0.005521 -0.0059396
496 -0.00784073 -0.00768851
497 -0.00846165 -0.00788203
498 -0.00722674 -0.0064481
499 -0.00440169 -0.00363912
500 -0.000609421 4.86141e-06
501 0.00331954 0.00375129
502 0.00653972 0.006816
503 0.00837685 0.00852553
504 0.00846491 0.00846839
505 0.00680814 0.00659966
506 0.00376291 0.00326989
507 -4.76851e-05 -0.000835947
508 -0.00386325 -0.00484184
509 -0.00693213 -0.00787585
510 -0.00864923 -0.00927006
511 -0.00866515 -0.00871468
512 -0.00695125 -0.00632671
513 -0.00381083 -0.00261719
514 0.000167861 0.00163118
515 0.00421303 0.00554132
516 0.00751193 0.0083282
517 0.00937151 0.00945224
518 0.00936628 0.00871157
519 0.00744062 0.00626352
520 0.00393844 0.00258135
521 -0.000452913 -0.00163842
522 -0.00483853 -0.00560008
523 -0.0083046 -0.00854637
524 -0.0101179 -0.00989248
525 -0.00988821 -0.00933771
526 -0.00765424 -0.00693504
527 -0.0038716 -0.00310019
528 0.000691579 0.00145009
529 0.00512343 0.00582696
530 0.00855859 0.00914483
531 0.0103462 0.0107072
532 0.010163 0.0101607
533 0.00805713 0.00757863
534 0.00442366 0.00345312
535 -7.34387e-05 -0.00140509
536 -0.00461692 -0.00603552
537 -0.00837206 -0.00952675
538 -0.0106273 -0.0112003
539 -0.0109221 -0.0107409
540 -0.00914278 -0.00824792
541 -0.00556289 -0.0042039
542 -0.000813827 0.000628269
543 0.0042206 0.0053536
544 0.00857059 0.00910784
545 0.0113757 0.0112062
546 0.0120656 0.011256
547 0.0104832 0.00922008
548 0.00692005 0.00542477
549 0.00205613 0.000512134
550 -0.0031798 -0.00465956
551 -0.00779644 -0.00915736
552 -0.0109304 -0.0121395
553 -0.0120026 -0.0130183
554 -0.0108137 -0.0115877
555 -0.00756651 -0.00808184
556 -0.0028197 -0.00314558
557 0.00261565 0.00228381
558 0.00781512 0.00716086
559 0.0118946 0.0105401
560 0.0141567 0.0117604
561 0.0142093 0.0105646
562 0.0120399 0.00713348
563 0.00802968 0.00203411
564 0.00290374 -0.00389663
565 -0.0023831 -0.00970491
566 -0.00680885 -0.0144794
567 -0.00946953 -0.0174946
568 -0.00975189 -0.0183221
569 -0.00745683 -0.0169011
570 -0.00284397 -0.0135572
571 0.00341523 -0.00896605
572 0.0103674 -0.00405693
573 0.016961 0.000133972
574 0.0222435 0.00264164
575 0.02553 0.00274892
576 0.0265126 0.000124933
577 0.0252988 -0.00510672
578 0.0223802 -0.0123873
579 0.0185471 -0.020827
580 0.0147676 -0.0293709
581 0.0120453 -0.0369927
582 0.0112725 -0.0428765
583 0.0130921 -0.046554
584 0.0177856 -0.0479768
585 0.0252112 -0.0475157
586 0.034808 -0.0458945
587 0.0456781 -0.0440724
588 0.0567378 -0.0430951
589 0.0669127 -0.0439368
590 0.075336 -0.0473533
591 0.0815064 -0.0537643
592 0.0853743 -0.063182
593 0.0873396 -0.075197
594 0.0881701 -0.0890291
595 0.0888623 -0.103641
596 0.0904763 -0.117898
597 0.0939716 -0.13076
598 0.100066 -0.141451
599 0.109132 -0.149598
600 0.121136 -0.155286
601 0.135629 -0.159038
602 0.151797 -0.161706
603 0.168563 -0.164315
604 0.184736 -0.167882
605 0.199188 -0.173244
606 0.211024 -0.180931
607 0.219724 -0.19108
608 0.225216 -0.203413
609 0.227878 -0.217261
610 0.228454 -0.231631
611 0.227913 -0.245328
612 0.227276 -0.257094
613 0.227431 -0.265782
614 0.228987 -0.270523
615 0.232166 -0.270856
616 0.236767 -0.266801
617 0.24218 -0.258844
618 0.247468 -0.247848
619 0.25148 -0.234889
620 0.253006 -0.221072
621 0.250931 -0.207356
622 0.244392 -0.194409
623 0.232904 -0.182535
624 0.216444 -0.171645
625 0.195472 -0.161289
626 0.170885 -0.150729
627 0.1439 -0.139044
628 0.115891 -0.125265
629 0.0881978 -0.108534
630 0.0619543 -0.0882562
631 0.0379508 -0.0642352
632 0.0165643 -0.0367566
633 -0.00224233 -0.00660109
634 -0.0188612 0.0250212
635 -0.033935 0.0566069
636 -0.048228 0.0865388
637 -0.0624891 0.113277
638 -0.0773177 0.135529
639 -0.0930448 0.152377
640 -0.10964 0.163351
641 -0.126663 0.168447
642 -0.143269 0.168097
643 -0.158284 0.16309
644 -0.170348 0.154467
645 -0.178094 0.143377
646 -0.180343 0.13093
647 -0.176281 0.118048
648 -0.165572 0.105352
649 -0.148412 0.0930907
650 -0.125512 0.0811394
651 -0.0980257 0.0690571
652 -0.0674444 0.0562022
653 -0.0354637 0.0418796
654 -0.003839 0.0254979
655 0.025767 0.00671017
656 0.0519341 -0.0144813
657 0.0736155 -0.0376686
658 0.0902276 -0.0620344
659 0.101679 -0.0864004
660 0.10833 -0.109321
661 0.110886 -0.129217
662 0.110243 -0.144527
663 0.107335 -0.153878
664 0.10298 -0.156239
665 0.0977869 -0.151056
666 0.0920889 -0.138338
667 0.0859378 -0.118682
668 0.0791241 -0.0932403
669 0.0712315 -0.0636162
670 0.0617166 -0.0317178
671 0.0500147 0.000422984
672 0.0356637 0.0308339
673 0.0184338 0.0577699
674 -0.00156142 0.0798455
675 -0.0237952 0.0961243
676 -0.0473185 0.106162
677 -0.0708186 0.110005
678 -0.0927351 0.108146
679 -0.111415 0.101443
680 -0.125282 0.0910095
681 -0.132994 0.0780712
682 -0.133581 0.0638279
683 -0.126553 0.0493208
684 -0.111969 0.035334
685 -0.09047 0.0223457
686 -0.0632583 0.0105321
687 -0.0320325 -0.000181536
688 0.0011407 -0.0100376
689 0.0339962 -0.0193509
690 0.0642694 -0.0284159
691 0.0898966 -0.0374292
692 0.109191 -0.0464278
693 0.120977 -0.0552485
694 0.124667 -0.0635083
695 0.120288 -0.0706134
696 0.108455 -0.0758043
697 0.0903034 -0.0782379
698 0.067385 -0.077104
699 0.0415339 -0.0717564
700 0.0147128 -0.0618382
701 -0.0111518 -0.0473744
702 -0.0343276 -0.0288184
703 -0.053412 -0.00704447
704 -0.0674272 0.0167049
705 -0.0758673 0.0409061
706 -0.0786958 0.0638632
707 -0.0762993 0.0838325
708 -0.0694102 0.0991589
709 -0.0590098 0.108421
710 -0.0462239 0.110574
711 -0.0322174 0.105083
712 -0.0180966 0.0920087
713 -0.00482293 0.0720413
714 0.00685177 0.0464658
715 0.0164258 0.0170609
716 0.0236575 -0.0140494
717 0.0285459 -0.0445702
718 0.0312859 -0.0722152
719 0.0322072 -0.0948776
720 0.0317077 -0.110786
721 0.0301901 -0.118642
722 0.028011 -0.117736
723 0.0254456 -0.108027
724 0.022669 -0.0901746
725 0.0197547 -0.0655011
726 0.0166862 -0.0358939
727 0.0133818 -0.00364231
728 0.0097279 0.0287604
729 0.00561825 0.0588254
730 0.000992745 0.0842629
731 -0.00412921 0.103148
732 -0.00962716 0.114055
733 -0.0152736 0.116154
734 -0.0207452 0.109281
735 -0.0256495 0.0939622
736 -0.0295637 0.071393
737 -0.0320815 0.0433552
738 -0.0328597 0.0120764
739 -0.0316626 -0.0199597
740 -0.0283963 -0.0502267
741 -0.0231309 -0.0763664
742 -0.0161072 -0.0963715
743 -0.00772682 -0.108727
744 0.00147308 -0.112509
745 0.0108604 -0.10744
746 0.0197593 -0.0939128
747 0.0275076 -0.0729692
748 0.0335157 -0.046241
749 0.037319 -0.0158344
750 0.0386208 0.0158344
751 0.037319 0.046241
752 0.0335157 0.0729692
753 0.0275076 0.0939128
754 0.0197593 0.10744
755 0.0108604 0.112509
756 0.00147308 0.108727
757 -0.00772682 0.0963715
758 -0.0161072 0.0763664
759 -0.0231309 0.0502267
760 -0.0283963 0.0199597
761 -0.0316626 -0.0120764
762 -0.0328597 -0.0433552
763 -0.0320815 -0.071393
764 -0.0295637 -0.0939622
765 -0.0256495 -0.109281
766 -0.0207452 -0.116154
767 -0.0152736 -0.114055
768 -0.00962716 -0.103148
769 -0.00412921 -0.0842629
770 0.000992745 -0.0588254
771 0.00561825 -0.0287604
772 0.0097279 0.00364231
773 0.0133818 0.0358939
774 0.0166862 0.0655011
775 0.0197547 0.0901746
776 0.022669 0.108027
777 0.0254456 0.117736
778 0.028011 0.118642
779 0.0301901 0.110786
780 0.0317077 0.0948776
781 0.0322072 0.0722152
782 0.0312859 0.0445702
783 0.0285459 0.0140494
784 0.0236575 -0.0170609
785 0.0164258 -0.0464658
786 0.00685177 -0.0720413
787 -0.00482293 -0.0920087
788 -0.0180966 -0.105083
789 -0.0322174 -0.110574
790 -0.0462239 -0.108421
791 -0.0590098 -0.0991589
792 -0.0694102 -0.0838325
793 -0.0762993 -0.0638632
794 -0.0786958 -0.0409061
795 -0.0758673 -0.0167049
796 -0.0674272 0.00704447
797 -0.053412 0.0288184
798 -0.0343276 0.0473744
799 -0.0111518 0.0618382
800 0.0147128 0.0717564
801 0.0415339 0.077104
802 0.067385 0.0782379
803 0.0903034 0.0758043
804 0.108455 0.0706134
805 0.120288 0.0635083
806 0.124667 0.0552485
807 0.120977 0.0464278
808 0.109191 0.0374292
809 0.0898966 0.0284159
810 0.0642694 0.0193509
811 0.0339962 0.0100376
812 0.0011407 0.000181536
813 -0.0320325 -0.0105321
814 -0.0632583 -0.0223457
815 -0.09047 -0.035334
816 -0.111969 -0.0493208
817 -0.126553 -0.0638279
818 -0.133581 -0.0780712
819 -0.132994 -0.0910095
820 -0.125282 -0.101443
821 -0.111415 -0.108146
822 -0.0927351 -0.110005
823 -0.0708186 -0.106162
824 -0.0473185 -0.0961243
825 -0.0237952 -0.0798455
826 -0.00156142 -0.0577699
827 0.0184338 -0.0308339
828 0.0356637 -0.000422984
829 0.0500147 0.0317178
830 0.0617166 0.0636162
831 0.0712315 0.0932403
832 0.0791241 0.118682
833 0.0859378 0.138338
834 0.0920889 0.151056
835 0.0977869 0.156239
836 0.10298 0.153878
837 0.107335 0.144527
838 0.110243 0.129217
839 0.110886 0.109321
840 0.10833 0.0864004
841 0.101679 0.0620344
842 0.0902276 0.0376686
843 0.0736155 0.0144813
844 0.0519341 -0.00671017
845 0.025767 -0.0254979
846 -0.003839 -0.0418796
847 -0.0354637 -0.0562022
848 -0.0674444 -0.0690571
849 -0.0980257 -0.0811394
850 -0.125512 -0.0930907
851 -0.148412 -0.105352
852 -0.165572 -0.118048
853 -0.176281 -0.13093
854 -0.180343 -0.143377
855 -0.178094 -0.154467
856 -0.170348 -0.16309
857 -0.158284 -0.168097
858 -0.143269 -0.168447
859 -0.126663 -0.163351
860 -0.10964 -0.152377
861 -0.0930448 -0.135529
862 -0.0773177 -0.113277
863 -0.0624891 -0.0865388
864 -0.048228 -0.0566069
865 -0.033935 -0.0250212
866 -0.0188612 0.00660109
867 -0.00224233 0.0367566
868 0.0165643 0.0642352
869 0.0379508 0.0882562
870 0.0619543 0.108534
871 0.0881978 0.125265
872 0.115891 0.139044
873 0.1439 0.150729
874 0.170885 0.161289
875 0.195472 0.171645
876 0.216444 0.182535
877 0.232904 0.194409
878 0.244392 0.207356
879 0.250931 0.221072
880 0.253006 0.234889
881 0.25148 0.247848
882 0.247468 0.258844
883 0.24218 0.266801
884 0.236767 0.270856
885 0.232166 0.270523
886 0.228987 0.265782
887 0.227431 0.257094
888 0.227276 0.245328
889 0.227913 0.231631
890 0.228454 0.217261
891 0.227878 0.203413
892 0.225216 0.19108
893 0.219724 0.180931
894 0.211024 0.173244
895 0.199188 0.167882
896 0.184736 0.164315
897 0.168563 0.161706
898 0.151797 0.159038
899 0.135629 0.155286
900 0.121136 0.149598
901 0.109132 0.141451
902 0.100066 0.13076
903 0.0939716 0.117898
904 0.0904763 0.103641
905 0.0888623 0.0890291
906 0.0881701 0.075197
907 0.0873396 0.063182
908 0.0853743 0.0537643
909 0.0815064 0.0473533
910 0.075336 0.0439368
911 0.0669127 0.0430951
912 0.0567378 0.0440724
913 0.0456781 0.0458945
914 0.034808 0.0475157
915 0.0252112 0.0479768
916 0.0177856 0.046554
917 0.0130921 0.0428765
918 0.0112725 0.0369927
919 0.0120453 0.0293709
920 0.0147676 0.020827
921 0.0185471 0.0123873
922 0.0223802 0.00510672
923 0.0252988 -0.000124933
924 0.0265126 -0.00274892
925 0.02553 -0.00264164
926 0.0222435 -0.000133972
927 0.016961 0.00405693
928 0.0103674 0.00896605
929 0.00341523 0.0135572
930 -0.00284397 0.0169011
931 -0.00745683 0.0183221
932 -0.00975189 0.0174946
933 -0.00946953 0.0144794
934 -0.00680885 0.00970491
935 -0.0023831 0.00389663
936 0.00290374 -0.00203411
937 0.00802968 -0.00713348
938 0.0120399 -0.0105646
939 0.0142093 -0.0117604
940 0.0141567 -0.0105401
941 0.0118946 -0.00716086
942 0.00781512 -0.00228381
943 0.00261565 0.00314558
944 -0.0028197 0.00808184
945 -0.00756651 0.0115877
946 -0.0108137 0.0130183
947 -0.0120026 0.0121395
948 -0.0109304 0.00915736
949 -0.00779644 0.00465956
950 -0.0031798 -0.000512134
951 0.00205613 -0.00542477
952 0.00692005 -0.00922008
953 0.0104832 -0.011256
954 0.0120656 -0.0112062
955 0.0113757 -0.00910784
956 0.00857059 -0.0053536
957 0.0042206 -0.000628269
958 -0.000813827 0.0042039
959 -0.00556289 0.00824792
960 -0.00914278 0.0107409
961 -0.0109221 0.0112003
962 -0.0106273 0.00952675
963 -0.00837206 0.00603552
964 -0.00461692 0.00140509
965 -7.34387e-05 -0.00345312
966 0.00442366 -0.00757863
967 0.00805713 -0.0101607
968 0.010163 -0.0107072
969 0.0103462 -0.00914483
970 0.00855859 -0.00582696
971 0.00512343 -0.00145009
972 0.000691579 0.00310019
973 -0.0038716 0.00693504
974 -0.00765424 0.00933771
975 -0.00988821 0.00989248
976 -0.0101179 0.00854637
977 -0.0083046 0.00560008
978 -0.00483853 0.00163842
979 -0.000452913 -0.00258135
980 0.00393844 -0.00626352
981 0.00744062 -0.00871157
982 0.00936628 -0.00945224
983 0.00937151 -0.0083282
984 0.00751193 -0.00554132
985 0.00421303 -0.00163118
986 0.000167861 0.00261719
987 -0.00381083 0.00632671
988 -0.00695125 0.00871468
989 -0.00866515 0.00927006
990 -0.00864923 0.00787585
991 -0.00693213 0.00484184
992 -0.00386325 0.000835947
993 -4.76851e-05 -0.00326989
994 0.00376291 -0.00659966
995 0.00680814 -0.00846839
996 0.00846491 -0.00852553
997 0.00837685 -0.006816
998 0.00653972 -0.00375129
999 0.00331954 -4.86141e-06
