0 0.0031352 0.00527349
1 -0.00755065 0.0157006
2 -0.0172117 0.0239022
3 -0.0246912 0.028841
4 -0.0290579 0.0299529
5 -0.0297316 0.0272093
6 -0.0265842 0.0210896
7 -0.0199912 0.0124818
8 -0.0108113 0.00253842
9 -0.000285154 -0.00748101
10 0.0101392 -0.0163554
11 0.0190239 -0.0230259
12 0.0251642 -0.0266968
13 0.0277707 -0.0269166
14 0.0265791 -0.0236386
15 0.0218678 -0.0172516
16 0.0143878 -0.00856502
17 0.005227 0.00126759
18 -0.00436068 0.0108888
19 -0.0131266 0.0189306
20 -0.0199758 0.024229
21 -0.0240805 0.0260189
22 -0.0249569 0.0240673
23 -0.0225108 0.0187149
24 -0.0170537 0.0108154
25 -0.00928602 0.00158602
26 -0.000237488 -0.00759933
27 0.00884343 -0.0154309
28 0.0166517 -0.0208559
29 0.022022 -0.0232127
30 0.0241268 -0.0222913
31 0.0226324 -0.0183254
32 0.0177753 -0.0119301
33 0.0103336 -0.00400812
34 0.00149514 0.00436265
35 -0.00735042 0.0120498
36 -0.0148516 0.0179939
37 -0.0199175 0.0213401
38 -0.0218799 0.0215651
39 -0.020571 0.0185785
40 -0.0163126 0.0127743
41 -0.00983089 0.00500709
42 -0.00212404 -0.00352009
43 0.00569023 -0.0114447
44 0.0125225 -0.0174806
45 0.0174406 -0.0206522
46 0.0197747 -0.0204744
47 0.0191956 -0.0170391
48 0.0157651 -0.0109875
49 0.00994948 -0.00337959
50 0.00258512 0.0045096
51 -0.00521584 0.0114195
52 -0.0122198 0.0163124
53 -0.0172706 0.0185233
54 -0.0195002 0.0178332
55 -0.0185042 0.0144634
56 -0.0144393 0.00900833
57 -0.00801136 0.00232785
58 -0.000350516 -0.00457837
59 0.00720294 -0.0106992
60 0.0133542 -0.0151351
61 0.0170949 -0.0172119
62 0.0178771 -0.0165796
63 0.0156888 -0.013285
64 0.0110222 -0.00779791
65 0.00475244 -0.000972909
66 -0.00203889 0.00606416
67 -0.00825507 0.0120983
68 -0.0129542 0.0160476
69 -0.0154744 0.0171794
70 -0.0155036 0.0152706
71 -0.0130988 0.0106681
72 -0.0086622 0.004231
73 -0.00288327 -0.00283725
74 0.00334652 -0.00923031
75 0.00904584 -0.0137993
76 0.0132786 -0.0157739
77 0.0153023 -0.0148971
78 0.0147088 -0.0114479
79 0.0115277 -0.00615517
80 0.00625996 -3.0746e-05
81 -0.000179852 0.00583575
82 -0.00661601 0.0104729
83 -0.0118344 0.0131783
84 -0.0148304 0.0136039
85 -0.0150242 0.0117752
86 -0.0123904 0.00805757
87 -0.00746844 0.00308362
88 -0.00124924 -0.00234011
89 0.00503692 -0.0073414
90 0.0101803 -0.0110994
91 0.0132396 -0.0129653
92 0.0137216 -0.0125744
93 0.0116565 -0.00993081
94 0.00755752 -0.00544076
95 0.00228493 0.00012544
96 -0.0031462 0.00574989
97 -0.00776718 0.0103504
98 -0.0108225 0.0129985
99 -0.0118759 0.0131243
100 -0.0108481 0.0106584
101 -0.00799536 0.00607065
102 -0.00384585 0.000286992
103 0.000890119 -0.00550176
104 0.00542279 -0.0100987
105 0.00899239 -0.0125665
106 0.0109792 -0.0124344
107 0.0110055 -0.00979626
108 0.00901417 -0.00527597
109 0.0053063 0.000128235
110 0.000519162 0.00527836
111 -0.00446438 0.00914948
112 -0.00866948 0.0110398
113 -0.0112227 0.0106929
114 -0.011546 0.00831287
115 -0.00950493 0.00448209
116 -0.00546814 1.21968e-05
117 -0.000253843 -0.00423146
118 0.00503451 -0.00749224
119 0.0092508 -0.0092433
120 0.0114705 -0.00925333
121 0.0112106 -0.00759675
122 0.00854724 -0.00461799
123 0.00409886 -0.00086339
124 -0.00112184 0.0030063
125 -0.00595003 0.00631325
126 -0.00934232 0.00846286
127 -0.0106132 0.00903985
128 -0.00957722 0.00788954
129 -0.00656656 0.00516851
130 -0.00232721 0.00134671
131 0.00217378 -0.0028529
132 0.00597704 -0.00657854
133 0.0083391 -0.00902128
134 0.00887349 -0.00959962
135 0.00759954 -0.00811178
136 0.00489855 -0.00481188
137 0.00139946 -0.000381472
138 -0.00217097 0.00420649
139 -0.00513599 0.0079053
140 -0.00698531 0.0098436
141 -0.00744463 0.00954367
142 -0.00649661 0.00705094
143 -0.00436157 0.00293669
144 -0.00144935 -0.00183199
145 0.00170792 -0.00612573
146 0.00453577 -0.00893136
147 0.00650534 -0.00960328
148 0.00722261 -0.00802112
149 0.00650735 -0.0046125
150 0.00444562 -0.000236227
151 0.00139902 0.00404114
152 -0.00204157 0.00721434
153 -0.00515864 0.00858325
154 -0.00725351 0.00791003
155 -0.00780678 0.00545395
156 -0.00661584 0.00188166
157 -0.00387137 -0.00191725
158 -0.000144241 -0.00505698
159 0.00372494 -0.0068654
160 0.00681566 -0.007026
161 0.00835378 -0.00562278
162 0.00791616 -0.00308554
163 0.00555642 -5.93112e-05
164 0.00181198 0.00276234
165 -0.00241601 0.00479563
166 -0.00608338 0.00568047
167 -0.00826833 0.0053301
168 -0.00841193 0.00391589
169 -0.00646856 0.00180177
170 -0.00292438 -0.000548554
171 0.00132351 -0.00266802
172 0.00519731 -0.00416825
173 0.00771826 -0.00479697
174 0.00826158 -0.00446795
175 0.00671788 -0.00326517
176 0.00351734 -0.00142461
177 -0.000489808 0.000703494
178 -0.00426287 0.00270903
179 -0.0068469 0.00418958
180 -0.0076199 0.00482433
181 -0.00644547 0.00444321
182 -0.00369258 0.00307669
183 -0.000122096 0.000970796
184 0.00332533 -0.0014439
185 0.00577993 -0.00363128
186 0.00666477 -0.00506548
187 0.00583182 -0.00535987
188 0.00357997 -0.00437656
189 0.000555459 -0.0022842
190 -0.00243361 0.000458569
191 -0.00463524 0.00319819
192 -0.00554433 0.00524181
193 -0.00501701 0.00603621
194 -0.00328312 0.00532261
195 -0.000860613 0.00322283
196 0.00159809 0.000228023
197 0.00348204 -0.00291314
198 0.00437241 -0.0053823
199 0.00413131 -0.00650792
200 0.00291178 -0.0059524
201 0.00109364 -0.0038166
202 -0.000831411 -0.000628784
203 -0.0023917 0.00278428
204 -0.00324937 0.00551315
205 -0.00326906 0.00681163
206 -0.00252889 0.00630512
207 -0.00127749 0.00410189
208 0.000145389 0.000773431
209 0.00139987 -0.00279354
210 0.0022243 -0.00563495
211 0.00248377 -0.00697251
212 0.00218237 -0.0064297
213 0.00144269 -0.00414002
214 0.000463508 -0.000716187
215 -0.000531202 0.00291322
216 -0.00133971 0.00575631
217 -0.00181783 0.00703088
218 -0.00189804 0.00638223
219 -0.00159233 0.00398424
220 -0.000981733 0.000494353
221 -0.000196812 -0.00312663
222 0.000606675 -0.00588017
223 0.00127353 -0.00700704
224 0.00167406 -0.00619827
225 0.00172631 -0.003681
226 0.00141288 -0.000155201
227 0.000788927 0.00340065
228 -2.25983e-05 0.00600119
229 -0.00085064 0.00692752
230 -0.00150946 0.00592679
231 -0.00184007 0.00328233
232 -0.00175028 -0.000265263
233 -0.00124248 -0.00372477
234 -0.000420301 -0.00613135
235 0.000529898 -0.00681628
236 0.00138018 -0.00559377
237 0.00191606 -0.00281201
238 0.00199198 0.000745608
239 0.00157257 0.00408107
240 0.000747665 0.00626158
241 -0.000285096 0.00668014
242 -0.00126732 0.00522425
243 -0.00194568 0.00230613
244 -0.00213915 -0.00125333
245 -0.00178915 -0.00445458
246 -0.000977935 -0.00639925
247 9.05252e-05 -0.00654187
248 0.00114282 -0.0048432
249 0.00190751 -0.00178152
250 0.00218653 0.00178152
251 0.00190751 0.0048432
252 0.00114282 0.00654187
253 9.05252e-05 0.00639925
254 -0.000977935 0.00445458
255 -0.00178915 0.00125333
256 -0.00213915 -0.00230613
257 -0.00194568 -0.00522425
258 -0.00126732 -0.00668014
259 -0.000285096 -0.00626158
260 0.000747665 -0.00408107
261 0.00157257 -0.000745608
262 0.00199198 0.00281201
263 0.00191606 0.00559377
264 0.00138018 0.00681628
265 0.000529898 0.00613135
266 -0.000420301 0.00372477
267 -0.00124248 0.000265263
268 -0.00175028 -0.00328233
269 -0.00184007 -0.00592679
270 -0.00150946 -0.00692752
271 -0.00085064 -0.00600119
272 -2.25983e-05 -0.00340065
273 0.000788927 0.000155201
274 0.00141288 0.003681
275 0.00172631 0.00619827
276 0.00167406 0.00700704
277 0.00127353 0.00588017
278 0.000606675 0.00312663
279 -0.000196812 -0.000494353
280 -0.000981733 -0.00398424
281 -0.00159233 -0.00638223
282 -0.00189804 -0.00703088
283 -0.00181783 -0.00575631
284 -0.00133971 -0.00291322
285 -0.000531202 0.000716187
286 0.000463508 0.00414002
287 0.00144269 0.0064297
288 0.00218237 0.00697251
289 0.00248377 0.00563495
290 0.0022243 0.00279354
291 0.00139987 -0.000773431
292 0.000145389 -0.00410189
293 -0.00127749 -0.00630512
294 -0.00252889 -0.00681163
295 -0.00326906 -0.00551315
296 -0.00324937 -0.00278428
297 -0.0023917 0.000628784
298 -0.000831411 0.0038166
299 0.00109364 0.0059524
300 0.00291178 0.00650792
301 0.00413131 0.0053823
302 0.00437241 0.00291314
303 0.00348204 -0.000228023
304 0.00159809 -0.00322283
305 -0.000860613 -0.00532261
306 -0.00328312 -0.00603621
307 -0.00501701 -0.00524181
308 -0.00554433 -0.00319819
309 -0.00463524 -0.000458569
310 -0.00243361 0.0022842
311 0.000555459 0.00437656
312 0.00357997 0.00535987
313 0.00583182 0.00506548
314 0.00666477 0.00363128
315 0.00577993 0.0014439
316 0.00332533 -0.000970796
317 -0.000122096 -0.00307669
318 -0.00369258 -0.00444321
319 -0.00644547 -0.00482433
320 -0.0076199 -0.00418958
321 -0.0068469 -0.00270903
322 -0.00426287 -0.000703494
323 -0.000489808 0.00142461
324 0.00351734 0.00326517
325 0.00671788 0.00446795
326 0.00826158 0.00479697
327 0.00771826 0.00416825
328 0.00519731 0.00266802
329 0.00132351 0.000548554
330 -0.00292438 -0.00180177
331 -0.00646856 -0.00391589
332 -0.00841193 -0.0053301
333 -0.00826833 -0.00568047
334 -0.00608338 -0.00479563
335 -0.00241601 -0.00276234
336 0.00181198 5.93112e-05
337 0.00555642 0.00308554
338 0.00791616 0.00562278
339 0.00835378 0.007026
340 0.00681566 0.0068654
341 0.00372494 0.00505698
342 -0.000144241 0.00191725
343 -0.00387137 -0.00188166
344 -0.00661584 -0.00545395
345 -0.00780678 -0.00791003
346 -0.00725351 -0.00858325
347 -0.00515864 -0.00721434
348 -0.00204157 -0.00404114
349 0.00139902 0.000236227
350 0.00444562 0.0046125
351 0.00650735 0.00802112
352 0.00722261 0.00960328
353 0.00650534 0.00893136
354 0.00453577 0.00612573
355 0.00170792 0.00183199
356 -0.00144935 -0.00293669
357 -0.00436157 -0.00705094
358 -0.00649661 -0.00954367
359 -0.00744463 -0.0098436
360 -0.00698531 -0.0079053
361 -0.00513599 -0.00420649
362 -0.00217097 0.000381472
363 0.00139946 0.00481188
364 0.00489855 0.00811178
365 0.00759954 0.00959962
366 0.00887349 0.00902128
367 0.0083391 0.00657854
368 0.00597704 0.0028529
369 0.00217378 -0.00134671
370 -0.00232721 -0.00516851
371 -0.00656656 -0.00788954
372 -0.00957722 -0.00903985
373 -0.0106132 -0.00846286
374 -0.00934232 -0.00631325
375 -0.00595003 -0.0030063
376 -0.00112184 0.00086339
377 0.00409886 0.00461799
378 0.00854724 0.00759675
379 0.0112106 0.00925333
380 0.0114705 0.0092433
381 0.0092508 0.00749224
382 0.00503451 0.00423146
383 -0.000253843 -1.21968e-05
384 -0.00546814 -0.00448209
385 -0.00950493 -0.00831287
386 -0.011546 -0.0106929
387 -0.0112227 -0.0110398
388 -0.00866948 -0.00914948
389 -0.00446438 -0.00527836
390 0.000519162 -0.000128235
391 0.0053063 0.00527597
392 0.00901417 0.00979626
393 0.0110055 0.0124344
394 0.0109792 0.0125665
395 0.00899239 0.0100987
396 0.00542279 0.00550176
397 0.000890119 -0.000286992
398 -0.00384585 -0.00607065
399 -0.00799536 -0.0106584
400 -0.0108481 -0.0131243
401 -0.0118759 -0.0129985
402 -0.0108225 -0.0103504
403 -0.00776718 -0.00574989
404 -0.0031462 -0.00012544
405 0.00228493 0.00544076
406 0.00755752 0.00993081
407 0.0116565 0.0125744
408 0.0137216 0.0129653
409 0.0132396 0.0110994
410 0.0101803 0.0073414
411 0.00503692 0.00234011
412 -0.00124924 -0.00308362
413 -0.00746844 -0.00805757
414 -0.0123904 -0.0117752
415 -0.0150242 -0.0136039
416 -0.0148304 -0.0131783
417 -0.0118344 -0.0104729
418 -0.00661601 -0.00583575
419 -0.000179852 3.0746e-05
420 0.00625996 0.00615517
421 0.0115277 0.0114479
422 0.0147088 0.0148971
423 0.0153023 0.0157739
424 0.0132786 0.0137993
425 0.00904584 0.00923031
426 0.00334652 0.00283725
427 -0.00288327 -0.004231
428 -0.0086622 -0.0106681
429 -0.0130988 -0.0152706
430 -0.0155036 -0.0171794
431 -0.0154744 -0.0160476
432 -0.0129542 -0.0120983
433 -0.00825507 -0.00606416
434 -0.00203889 0.000972909
435 0.00475244 0.00779791
436 0.0110222 0.013285
437 0.0156888 0.0165796
438 0.0178771 0.0172119
439 0.0170949 0.0151351
440 0.0133542 0.0106992
441 0.00720294 0.00457837
442 -0.000350516 -0.00232785
443 -0.00801136 -0.00900833
444 -0.0144393 -0.0144634
445 -0.0185042 -0.0178332
446 -0.0195002 -0.0185233
447 -0.0172706 -0.0163124
448 -0.0122198 -0.0114195
449 -0.00521584 -0.0045096
450 0.00258512 0.00337959
451 0.00994948 0.0109875
452 0.0157651 0.0170391
453 0.0191956 0.0204744
454 0.0197747 0.0206522
455 0.0174406 0.0174806
456 0.0125225 0.0114447
457 0.00569023 0.00352009
458 -0.00212404 -0.00500709
459 -0.00983089 -0.0127743
460 -0.0163126 -0.0185785
461 -0.020571 -0.0215651
462 -0.0218799 -0.0213401
463 -0.0199175 -0.0179939
464 -0.0148516 -0.0120498
465 -0.00735042 -0.00436265
466 0.00149514 0.00400812
467 0.0103336 0.0119301
468 0.0177753 0.0183254
469 0.0226324 0.0222913
470 0.0241268 0.0232127
471 0.022022 0.0208559
472 0.0166517 0.0154309
473 0.00884343 0.00759933
474 -0.000237488 -0.00158602
475 -0.00928602 -0.0108154
476 -0.0170537 -0.0187149
477 -0.0225108 -0.0240673
478 -0.0249569 -0.0260189
479 -0.0240805 -0.024229
480 -0.0199758 -0.0189306
481 -0.0131266 -0.0108888
482 -0.00436068 -0.00126759
483 0.005227 0.00856502
484 0.0143878 0.0172516
485 0.0218678 0.0236386
486 0.0265791 0.0269166
487 0.0277707 0.0266968
488 0.0251642 0.0230259
489 0.0190239 0.0163554
490 0.0101392 0.00748101
491 -0.000285154 -0.00253842
492 -0.0108113 -0.0124818
493 -0.0199912 -0.0210896
494 -0.0265842 -0.0272093
495 -0.0297316 -0.0299529
496 -0.0290579 -0.028841
497 -0.0246912 -0.0239022
498 -0.0172117 -0.0157006
499 -0.00755065 -0.00527349
500 0.0031352 0.00601374
501 0.013592 0.0166702
502 0.022592 0.0253007
503 0.0290494 0.0308019
504 0.0321319 0.032502
505 0.0313645 0.0302248
506 0.026713 0.0242797
507 0.0186266 0.0153939
508 0.00801652 0.00460539
509 -0.00383928 -0.00685875
510 -0.015461 -0.0177082
511 -0.0253745 -0.0267104
512 -0.0323231 -0.0328079
513 -0.0354417 -0.0352285
514 -0.0343626 -0.0335839
515 -0.0292401 -0.0279422
516 -0.0207006 -0.0188544
517 -0.00973807 -0.00731832
518 0.00241799 0.00532837
519 0.0144408 0.0175776
520 0.0250354 0.0279556
521 0.0330533 0.0352246
522 0.0375947 0.0385432
523 0.0380957 0.0375568
524 0.0343987 0.0324105
525 0.0267944 0.023696
526 0.0160211 0.0123553
527 0.00320816 -0.000432389
528 -0.0102396 -0.0133648
529 -0.0228079 -0.0251251
530 -0.0330654 -0.0344893
531 -0.0398492 -0.040435
532 -0.0424084 -0.0422504
533 -0.0404819 -0.0396301
534 -0.0343024 -0.0327388
535 -0.0245366 -0.0222207
536 -0.012184 -0.00914433
537 0.00153852 0.00511721
538 0.0153098 0.0190515
539 0.0278079 0.0311905
540 0.0378076 0.0402808
541 0.0442807 0.0454136
542 0.0464976 0.0461006
543 0.0441224 0.0422947
544 0.037279 0.0343647
545 0.0265675 0.0230404
546 0.0130151 0.00934153
547 -0.00203669 -0.00550259
548 -0.0170903 -0.0201419
549 -0.0306673 -0.0332074
550 -0.0414676 -0.0434282
551 -0.0484917 -0.0497595
552 -0.0511131 -0.0515053
553 -0.049106 -0.0484142
554 -0.0426388 -0.0407226
555 -0.0322452 -0.0291339
556 -0.0187814 -0.0147321
557 -0.00336946 0.00115099
558 0.012677 0.017086
559 0.02795 0.0316864
560 0.0410669 0.0437184
561 0.0508038 0.0521788
562 0.0562262 0.0563467
563 0.0567943 0.0558226
564 0.0524231 0.0505625
565 0.0434849 0.040902
566 0.030756 0.0275588
567 0.0153206 0.0115966
568 -0.00154668 -0.00565735
569 -0.0184962 -0.0227372
570 -0.0342032 -0.0381873
571 -0.0474483 -0.0507086
572 -0.0571833 -0.0592782
573 -0.0625956 -0.0632244
574 -0.063172 -0.062257
575 -0.0587601 -0.0564593
576 -0.0496101 -0.0462572
577 -0.036378 -0.0323778
578 -0.0200789 -0.0158021
579 -0.00199016 0.00228875
580 0.0164787 0.0205803
581 0.0339231 0.0377097
582 0.0490623 0.0523682
583 0.0608232 0.0634121
584 0.0683906 0.0699679
585 0.0712309 0.0715134
586 0.0691073 0.0679203
587 0.0620935 0.0594518
588 0.0505856 0.0467188
589 0.0353002 0.0306092
590 0.0172457 0.0122055
591 -0.00234277 -0.00729307
592 -0.0221017 -0.0266367
593 -0.0406575 -0.0445832
594 -0.056743 -0.0599556
595 -0.0692931 -0.0717085
596 -0.0775081 -0.0790041
597 -0.0808835 -0.0812884
598 -0.0792141 -0.0783522
599 -0.0725852 -0.0703565
600 -0.0613585 -0.0578148
601 -0.0461557 -0.0415335
602 -0.0278368 -0.022528
603 -0.00746456 -0.00193391
604 0.0137502 0.0190667
605 0.0345251 0.0392985
606 0.0535969 0.0576316
607 0.0698163 0.0730185
608 0.0822297 0.0845427
609 0.090137 0.0914807
610 0.0931178 0.0933666
611 0.0910308 0.0900429
612 0.0839934 0.0816786
613 0.072357 0.0687481
614 0.0566847 0.0519754
615 0.037734 0.0322629
616 0.0164378 0.010621
617 -0.0061271 -0.0118855
618 -0.0287931 -0.0341752
619 -0.0503751 -0.0551785
620 -0.0697553 -0.0738691
621 -0.0859617 -0.0893092
622 -0.0982245 -0.100704
623 -0.106 -0.107461
624 -0.108968 -0.10923
625 -0.10701 -0.10593
626 -0.100197 -0.0977341
627 -0.0887804 -0.085041
628 -0.0731989 -0.06843
629 -0.0540838 -0.0486176
630 -0.032248 -0.0264217
631 -0.0086475 -0.00273533
632 0.0156812 0.0214949
633 0.0396968 0.0452951
634 0.0624207 0.0676983
635 0.0829815 0.0877893
636 0.100632 0.104753
637 0.114746 0.117922
638 0.124815 0.126805
639 0.130449 0.131101
640 0.131401 0.130698
641 0.127594 0.125648
642 0.119145 0.116148
643 0.106365 0.102519
644 0.0897396 0.0851961
645 0.0698773 0.0647242
646 0.0474638 0.0417529
647 0.023218 0.0170227
648 -0.00213161 -0.0086635
649 -0.0278528 -0.0344827
650 -0.0532102 -0.0596385
651 -0.0774718 -0.0834016
652 -0.0999285 -0.105133
653 -0.119928 -0.124286
654 -0.136909 -0.140402
655 -0.150434 -0.153091
656 -0.160197 -0.162036
657 -0.166018 -0.167005
658 -0.167824 -0.167871
659 -0.165628 -0.164634
660 -0.159519 -0.157428
661 -0.149654 -0.146501
662 -0.136263 -0.132186
663 -0.119658 -0.114856
664 -0.100222 -0.0949011
665 -0.0784039 -0.0727153
666 -0.0546867 -0.0487076
667 -0.0295664 -0.0233173
668 -0.00352589 0.00297918
669 0.0229784 0.02968
670 0.0495214 0.056289
671 0.0757056 0.0823527
672 0.101157 0.107489
673 0.125523 0.131392
674 0.14848 0.153821
675 0.169741 0.17457
676 0.189076 0.193448
677 0.206317 0.210273
678 0.221359 0.224889
679 0.234157 0.237191
680 0.244707 0.247149
681 0.25303 0.254808
682 0.259165 0.260269
683 0.263163 0.263661
684 0.265099 0.265108
685 0.265078 0.264718
686 0.263245 0.262589
687 0.259776 0.258834
688 0.254865 0.253599
689 0.248704 0.247072
690 0.241468 0.239465
691 0.233307 0.230992
692 0.224352 0.221837
693 0.214735 0.212144
694 0.204598 0.202019
695 0.194096 0.19156
696 0.183395 0.18087
697 0.172645 0.170075
698 0.161965 0.159316
699 0.151436 0.148723
700 0.141107 0.1384
701 0.13101 0.128406
702 0.121188 0.118764
703 0.111699 0.109479
704 0.102613 0.100564
705 0.0939981 0.0920501
706 0.0858952 0.0839841
707 0.0783088 0.0764133
708 0.0712108 0.0693646
709 0.0645601 0.0628329
710 0.0583259 0.0567847
711 0.0525029 0.0511746
712 0.0471095 0.0459655
713 0.0421713 0.0411415
714 0.0376973 0.0367071
715 0.0336652 0.0326732
716 0.0300222 0.0290399
717 0.0267029 0.0257847
718 0.0236538 0.0228634
719 0.0208515 0.0202241
720 0.0183035 0.0178233
721 0.0160318 0.0156388
722 0.0140483 0.0136688
723 0.012336 0.0119208
724 0.0108473 0.0103955
725 0.00951992 0.00907643
726 0.0083018 0.00792938
727 0.00717145 0.00691334
728 0.00614109 0.00599516
729 0.00524142 0.00515994
730 0.00449644 0.0044113
731 0.0039026 0.00376162
732 0.00342414 0.00321822
733 0.00300739 0.00277342
734 0.00260587 0.00240405
735 0.00220194 0.0020804
736 0.00181251 0.00177917
737 0.00147551 0.0014928
738 0.00122474 0.0012299
739 0.00106739 0.00100664
740 0.000977086 0.000834247
741 0.000906444 0.000709968
742 0.000812021 0.000616662
743 0.0006773 0.000531039
744 0.000520563 0.00043559
745 0.000383094 0.000327106
746 0.000304436 0.000216843
747 0.000298842 0.000122311
748 0.00034638 5.55806e-05
749 0.000403764 1.49849e-05
750 0.000428687 -1.49849e-05
751 0.000403764 -5.55806e-05
752 0.00034638 -0.000122311
753 0.000298842 -0.000216843
754 0.000304436 -0.000327106
755 0.000383094 -0.00043559
756 0.000520563 -0.000531039
757 0.0006773 -0.000616662
758 0.000812021 -0.000709968
759 0.000906444 -0.000834247
760 0.000977086 -0.00100664
761 0.00106739 -0.0012299
762 0.00122474 -0.0014928
763 0.00147551 -0.00177917
764 0.00181251 -0.0020804
765 0.00220194 -0.00240405
766 0.00260587 -0.00277342
767 0.00300739 -0.00321822
768 0.00342414 -0.00376162
769 0.0039026 -0.0044113
770 0.00449644 -0.00515994
771 0.00524142 -0.00599516
772 0.00614109 -0.00691334
773 0.00717145 -0.00792938
774 0.0083018 -0.00907643
775 0.00951992 -0.0103955
776 0.0108473 -0.0119208
777 0.012336 -0.0136688
778 0.0140483 -0.0156388
779 0.0160318 -0.0178233
780 0.0183035 -0.0202241
781 0.0208515 -0.0228634
782 0.0236538 -0.0257847
783 0.0267029 -0.0290399
784 0.0300222 -0.0326732
785 0.0336652 -0.0367071
786 0.0376973 -0.0411415
787 0.0421713 -0.0459655
788 0.0471095 -0.0511746
789 0.0525029 -0.0567847
790 0.0583259 -0.0628329
791 0.0645601 -0.0693646
792 0.0712108 -0.0764133
793 0.0783088 -0.0839841
794 0.0858952 -0.0920501
795 0.0939981 -0.100564
796 0.102613 -0.109479
797 0.111699 -0.118764
798 0.121188 -0.128406
799 0.13101 -0.1384
800 0.141107 -0.148723
801 0.151436 -0.159316
802 0.161965 -0.170075
803 0.172645 -0.18087
804 0.183395 -0.19156
805 0.194096 -0.202019
806 0.204598 -0.212144
807 0.214735 -0.221837
808 0.224352 -0.230992
809 0.233307 -0.239465
810 0.241468 -0.247072
811 0.248704 -0.253599
812 0.254865 -0.258834
813 0.259776 -0.262589
814 0.263245 -0.264718
815 0.265078 -0.265108
816 0.265099 -0.263661
817 0.263163 -0.260269
818 0.259165 -0.254808
819 0.25303 -0.247149
820 0.244707 -0.237191
821 0.234157 -0.224889
822 0.221359 -0.210273
823 0.206317 -0.193448
824 0.189076 -0.17457
825 0.169741 -0.153821
826 0.14848 -0.131392
827 0.125523 -0.107489
828 0.101157 -0.0823527
829 0.0757056 -0.056289
830 0.0495214 -0.02968
831 0.0229784 -0.00297918
832 -0.00352589 0.0233173
833 -0.0295664 0.0487076
834 -0.0546867 0.0727153
835 -0.0784039 0.0949011
836 -0.100222 0.114856
837 -0.119658 0.132186
838 -0.136263 0.146501
839 -0.149654 0.157428
840 -0.159519 0.164634
841 -0.165628 0.167871
842 -0.167824 0.167005
843 -0.166018 0.162036
844 -0.160197 0.153091
845 -0.150434 0.140402
846 -0.136909 0.124286
847 -0.119928 0.105133
848 -0.0999285 0.0834016
849 -0.0774718 0.0596385
850 -0.0532102 0.0344827
851 -0.0278528 0.0086635
852 -0.00213161 -0.0170227
853 0.023218 -0.0417529
854 0.0474638 -0.0647242
855 0.0698773 -0.0851961
856 0.0897396 -0.102519
857 0.106365 -0.116148
858 0.119145 -0.125648
859 0.127594 -0.130698
860 0.131401 -0.131101
861 0.130449 -0.126805
862 0.124815 -0.117922
863 0.114746 -0.104753
864 0.100632 -0.0877893
865 0.0829815 -0.0676983
866 0.0624207 -0.0452951
867 0.0396968 -0.0214949
868 0.0156812 0.00273533
869 -0.0086475 0.0264217
870 -0.032248 0.0486176
871 -0.0540838 0.06843
872 -0.0731989 0.085041
873 -0.0887804 0.0977341
874 -0.100197 0.10593
875 -0.10701 0.10923
876 -0.108968 0.107461
877 -0.106 0.100704
878 -0.0982245 0.0893092
879 -0.0859617 0.0738691
880 -0.0697553 0.0551785
881 -0.0503751 0.0341752
882 -0.0287931 0.0118855
883 -0.0061271 -0.010621
884 0.0164378 -0.0322629
885 0.037734 -0.0519754
886 0.0566847 -0.0687481
887 0.072357 -0.0816786
888 0.0839934 -0.0900429
889 0.0910308 -0.0933666
890 0.0931178 -0.0914807
891 0.090137 -0.0845427
892 0.0822297 -0.0730185
893 0.0698163 -0.0576316
894 0.0535969 -0.0392985
895 0.0345251 -0.0190667
896 0.0137502 0.00193391
897 -0.00746456 0.022528
898 -0.0278368 0.0415335
899 -0.0461557 0.0578148
900 -0.0613585 0.0703565
901 -0.0725852 0.0783522
902 -0.0792141 0.0812884
903 -0.0808835 0.0790041
904 -0.0775081 0.0717085
905 -0.0692931 0.0599556
906 -0.056743 0.0445832
907 -0.0406575 0.0266367
908 -0.0221017 0.00729307
909 -0.00234277 -0.0122055
910 0.0172457 -0.0306092
911 0.0353002 -0.0467188
912 0.0505856 -0.0594518
913 0.0620935 -0.0679203
914 0.0691073 -0.0715134
915 0.0712309 -0.0699679
916 0.0683906 -0.0634121
917 0.0608232 -0.0523682
918 0.0490623 -0.0377097
919 0.0339231 -0.0205803
920 0.0164787 -0.00228875
921 -0.00199016 0.0158021
922 -0.0200789 0.0323778
923 -0.036378 0.0462572
924 -0.0496101 0.0564593
925 -0.0587601 0.062257
926 -0.063172 0.0632244
927 -0.0625956 0.0592782
928 -0.0571833 0.0507086
929 -0.0474483 0.0381873
930 -0.0342032 0.0227372
931 -0.0184962 0.00565735
932 -0.00154668 -0.0115966
933 0.0153206 -0.0275588
934 0.030756 -0.040902
935 0.0434849 -0.0505625
936 0.0524231 -0.0558226
937 0.0567943 -0.0563467
938 0.0562262 -0.0521788
939 0.0508038 -0.0437184
940 0.0410669 -0.0316864
941 0.02795 -0.017086
942 0.012677 -0.00115099
943 -0.00336946 0.0147321
944 -0.0187814 0.0291339
945 -0.0322452 0.0407226
946 -0.0426388 0.0484142
947 -0.049106 0.0515053
948 -0.0511131 0.0497595
949 -0.0484917 0.0434282
950 -0.0414676 0.0332074
951 -0.0306673 0.0201419
952 -0.0170903 0.00550259
953 -0.00203669 -0.00934153
954 0.0130151 -0.0230404
955 0.0265675 -0.0343647
956 0.037279 -0.0422947
957 0.0441224 -0.0461006
958 0.0464976 -0.0454136
959 0.0442807 -0.0402808
960 0.0378076 -0.0311905
961 0.0278079 -0.0190515
962 0.0153098 -0.00511721
963 0.00153852 0.00914433
964 -0.012184 0.0222207
965 -0.0245366 0.0327388
966 -0.0343024 0.0396301
967 -0.0404819 0.0422504
968 -0.0424084 0.040435
969 -0.0398492 0.0344893
970 -0.0330654 0.0251251
971 -0.0228079 0.0133648
972 -0.0102396 0.000432389
973 0.00320816 -0.0123553
974 0.0160211 -0.023696
975 0.0267944 -0.0324105
976 0.0343987 -0.0375568
977 0.0380957 -0.0385432
978 0.0375947 -0.0352246
979 0.0330533 -0.0279556
980 0.0250354 -0.0175776
981 0.0144408 -0.00532837
982 0.00241799 0.00731832
983 -0.00973807 0.0188544
984 -0.0207006 0.0279422
985 -0.0292401 0.0335839
986 -0.0343626 0.0352285
987 -0.0354417 0.0328079
988 -0.0323231 0.0267104
989 -0.0253745 0.0177082
990 -0.015461 0.00685875
991 -0.00383928 -0.00460539
992 0.00801652 -0.0153939
993 0.0186266 -0.0242797
994 0.026713 -0.0302248
995 0.0313645 -0.032502
996 0.0321319 -0.0308019
997 0.0290494 -0.0253007
998 0.022592 -0.0166702
999 0.013592 -0.00601374
