0 0.119839 0.116138
1 0.106574 0.101307
2 0.0887614 0.0825634
3 0.0670442 0.0605544
4 0.0422846 0.0359547
5 0.0154993 0.00949128
6 -0.0122344 -0.0180257
7 -0.0398771 -0.0456901
8 -0.0665025 -0.0725236
9 -0.0913323 -0.0975368
10 -0.113726 -0.119814
11 -0.133142 -0.138596
12 -0.149093 -0.153332
13 -0.161122 -0.163697
14 -0.168819 -0.169557
15 -0.171865 -0.170913
16 -0.170091 -0.167845
17 -0.163531 -0.160469
18 -0.152432 -0.148928
19 -0.137224 -0.133421
20 -0.118451 -0.11424
21 -0.0966973 -0.0918094
22 -0.072521 -0.0666889
23 -0.046424 -0.0395492
24 -0.018861 -0.0111076
25 0.00972515 0.0179467
26 0.0388633 0.0470164
27 0.06803 0.0756252
28 0.0966569 0.103406
29 0.12417 0.130056
30 0.150049 0.155287
31 0.173881 0.178786
32 0.195396 0.200215
33 0.214462 0.219248
34 0.23105 0.235622
35 0.24518 0.249189
36 0.256863 0.259941
37 0.266079 0.26799
38 0.272784 0.273527
39 0.276944 0.27676
40 0.278591 0.277863
41 0.277856 0.276959
42 0.274975 0.274132
43 0.270257 0.269462
44 0.264026 0.263073
45 0.256563 0.255156
46 0.24807 0.245979
47 0.238673 0.23585
48 0.228451 0.225074
49 0.217491 0.2139
50 0.205929 0.202496
51 0.193962 0.190945
52 0.181835 0.179282
53 0.169789 0.167539
54 0.15802 0.155785
55 0.146643 0.144154
56 0.135688 0.132821
57 0.125127 0.121965
58 0.114919 0.111717
59 0.105052 0.102129
60 0.0955683 0.0931672
61 0.0865583 0.0847433
62 0.0781335 0.076766
63 0.0703825 0.0691878
64 0.0633354 0.0620271
65 0.0569494 0.0553569
66 0.0511244 0.0492657
67 0.0457413 0.0438101
68 0.040708 0.0389817
69 0.0359916 0.034703
70 0.0316235 0.0308542
71 0.0276735 0.0273166
72 0.024206 0.024014
73 0.0212368 0.0209327
74 0.0187139 0.0181137
75 0.0165286 0.0156204
76 0.014555 0.0134989
77 0.0126968 0.0117472
78 0.0109212 0.0103064
79 0.00926223 0.00907811
80 0.00779353 0.00795875
81 0.00658307 0.00687686
82 0.00565269 0.00581613
83 0.00496088 0.00481489
84 0.00441666 0.00394174
85 0.00391673 0.00325803
86 0.00338769 0.00278382
87 0.00281314 0.00248279
88 0.00223407 0.00227352
89 0.00172324 0.00206255
90 0.00134686 0.0017842
91 0.00113129 0.00142838
92 0.00104956 0.00104279
93 0.00103277 0.000707695
94 0.00100003 0.000494912
95 0.00089299 0.000430814
96 0.000699525 0.00048149
97 0.000456515 0.000567648
98 0.000231001 0.000602041
99 8.83484e-05 0.0005309
100 6.15968e-05 0.000358747
101 0.000135596 0.000144366
102 0.000253089 -2.97585e-05
103 0.000340238 -9.89476e-05
104 0.000340249 -4.80327e-05
105 0.000239709 8.21619e-05
106 7.51024e-05 0.00021599
107 -8.41886e-05 0.000280478
108 -0.00016903 0.000240169
109 -0.000144301 0.000112456
110 -2.68066e-05 -4.31819e-05
111 0.000121999 -0.000155595
112 0.000225594 -0.000176461
113 0.000230043 -0.000102214
114 0.000130977 2.62711e-05
115 -2.40021e-05 0.000144832
116 -0.000159081 0.000196941
117 -0.000208415 0.000159553
118 -0.000149336 5.2276e-05
119 -1.36109e-05 -7.33972e-05
120 0.000129039 -0.00015895
121 0.000206596 -0.000165958
122 0.000181177 -9.32146e-05
123 6.75417e-05 2.34957e-05
124 -7.55022e-05 0.000128466
125 -0.000175888 0.000172063
126 -0.00018501 0.000133811
127 -0.000101486 3.20282e-05
128 2.97477e-05 -8.45998e-05
129 0.000141665 -0.000159904
130 0.000179531 -0.000157121
131 0.000127652 -7.7056e-05
132 1.5403e-05 4.15655e-05
133 -9.94392e-05 0.000140362
134 -0.000160564 0.000169857
135 -0.000140659 0.000114457
136 -5.32193e-05 1.10278e-06
137 5.61952e-05 -0.000113421
138 0.000133699 -0.00017083
139 0.000143435 -0.000141246
140 8.37583e-05 -3.91743e-05
141 -1.3766e-05 8.32342e-05
142 -0.000100998 0.000162758
143 -0.000136735 0.000158003
144 -0.000105786 7.13401e-05
145 -2.50324e-05 -5.19685e-05
146 6.56423e-05 -0.000147379
147 0.000122744 -0.000165084
148 0.000119646 -9.63586e-05
149 5.87665e-05 2.19038e-05
150 -2.99536e-05 0.00012697
151 -0.000103423 0.000163745
152 -0.000125955 0.000113952
153 -8.64488e-05 5.38911e-06
154 -4.02924e-06 -0.000103538
155 8.08191e-05 -0.000155402
156 0.000125785 -0.000124269
157 0.000107737 -2.87787e-05
158 3.48351e-05 7.8876e-05
159 -5.67221e-05 0.000141609
160 -0.000120349 0.000127898
161 -0.00012273 4.76718e-05
162 -6.1488e-05 -5.4409e-05
163 3.26372e-05 -0.000123897
164 0.000110933 -0.000125727
165 0.000131904 -6.18958e-05
166 8.34817e-05 3.12472e-05
167 -9.75326e-06 0.000103722
168 -9.87982e-05 0.000118805
169 -0.000135974 7.15784e-05
170 -0.000100666 -1.02008e-05
171 -1.10375e-05 -8.23598e-05
172 8.50928e-05 -0.000108198
173 0.000135764 -7.70531e-05
174 0.00011316 -8.22376e-06
175 2.91451e-05 6.08434e-05
176 -7.07768e-05 9.49164e-05
177 -0.000132118 7.88207e-05
178 -0.000121301 2.38025e-05
179 -4.42726e-05 -3.99699e-05
180 5.66089e-05 -7.99068e-05
181 0.000125875 -7.74898e-05
182 0.000125597 -3.6514e-05
183 5.63532e-05 2.03461e-05
184 -4.31832e-05 6.40112e-05
185 -0.000117837 7.36862e-05
186 -0.000126635 4.64621e-05
187 -6.54636e-05 -2.39693e-06
188 3.09453e-05 -4.79183e-05
189 0.000108708 -6.79931e-05
190 0.000125001 -5.3849e-05
191 7.1787e-05 -1.36384e-05
192 -2.01716e-05 3.21533e-05
193 -9.90553e-05 6.09463e-05
194 -0.00012126 5.89619e-05
195 -7.56126e-05 2.76733e-05
196 1.09816e-05 -1.71125e-05
197 8.93377e-05 -5.30353e-05
198 0.000115968 -6.21283e-05
199 7.73004e-05 -3.97159e-05
200 -3.40234e-06 3.08793e-06
201 -7.99426e-05 4.4677e-05
202 -0.000109646 6.36665e-05
203 -7.72101e-05 4.98369e-05
204 -2.58531e-06 9.73621e-06
205 7.11696e-05 -3.61936e-05
206 0.000102723 -6.38699e-05
207 7.56708e-05 -5.81661e-05
208 7.05923e-06 -2.12783e-05
209 -6.32055e-05 2.78263e-05
210 -9.55406e-05 6.30149e-05
211 -7.30074e-05 6.48781e-05
212 -1.01654e-05 3.15275e-05
213 5.6157e-05 -1.97578e-05
214 8.84009e-05 -6.13536e-05
215 6.95471e-05 -7.01594e-05
216 1.2072e-05 -4.05134e-05
217 -5.01039e-05 1.21176e-05
218 -8.15696e-05 5.90947e-05
219 -6.55753e-05 7.41871e-05
220 -1.29241e-05 4.82985e-05
221 4.51002e-05 -4.97707e-06
222 7.52424e-05 -5.63984e-05
223 6.13117e-05 -7.71281e-05
224 1.28595e-05 -5.49758e-05
225 -4.11428e-05 -1.64053e-06
226 -6.95425e-05 5.33884e-05
227 -5.69456e-05 7.91401e-05
228 -1.20396e-05 6.06545e-05
229 3.81858e-05 7.74146e-06
230 6.45699e-05 -5.0159e-05
231 5.26657e-05 -8.0362e-05
232 1.06271e-05 -6.54428e-05
233 -3.61903e-05 -1.33509e-05
234 -6.04226e-05 4.67723e-05
235 -4.86334e-05 8.09038e-05
236 -8.74545e-06 6.94406e-05
237 3.51303e-05 1.85118e-05
238 5.71656e-05 -4.32577e-05
239 4.49566e-05 -8.08474e-05
240 6.49291e-06 -7.27394e-05
241 -3.49553e-05 -2.32808e-05
242 -5.4817e-05 3.96184e-05
243 -4.17195e-05 8.02503e-05
244 -3.98318e-06 7.54189e-05
245 3.55861e-05 2.77196e-05
246 5.33867e-05 -3.58389e-05
247 3.90205e-05 -7.91457e-05
248 1.34011e-06 -7.7541e-05
249 -3.69558e-05 -3.18876e-05
250 -5.29036e-05 3.18876e-05
251 -3.69558e-05 7.7541e-05
252 1.34011e-06 7.91457e-05
253 3.90205e-05 3.58389e-05
254 5.33867e-05 -2.77196e-05
255 3.55861e-05 -7.54189e-05
256 -3.98318e-06 -8.02503e-05
257 -4.17195e-05 -3.96184e-05
258 -5.4817e-05 2.32808e-05
259 -3.49553e-05 7.27394e-05
260 6.49291e-06 8.08474e-05
261 4.49566e-05 4.32577e-05
262 5.71656e-05 -1.85118e-05
263 3.51303e-05 -6.94406e-05
264 -8.74545e-06 -8.09038e-05
265 -4.86334e-05 -4.67723e-05
266 -6.04226e-05 1.33509e-05
267 -3.61903e-05 6.54428e-05
268 1.06271e-05 8.0362e-05
269 5.26657e-05 5.0159e-05
270 6.45699e-05 -7.74146e-06
271 3.81858e-05 -6.06545e-05
272 -1.20396e-05 -7.91401e-05
273 -5.69456e-05 -5.33884e-05
274 -6.95425e-05 1.64053e-06
275 -4.11428e-05 5.49758e-05
276 1.28595e-05 7.71281e-05
277 6.13117e-05 5.63984e-05
278 7.52424e-05 4.97707e-06
279 4.51002e-05 -4.82985e-05
280 -1.29241e-05 -7.41871e-05
281 -6.55753e-05 -5.90947e-05
282 -8.15696e-05 -1.21176e-05
283 -5.01039e-05 4.05134e-05
284 1.2072e-05 7.01594e-05
285 6.95471e-05 6.13536e-05
286 8.84009e-05 1.97578e-05
287 5.6157e-05 -3.15275e-05
288 -1.01654e-05 -6.48781e-05
289 -7.30074e-05 -6.30149e-05
290 -9.55406e-05 -2.78263e-05
291 -6.32055e-05 2.12783e-05
292 7.05923e-06 5.81661e-05
293 7.56708e-05 6.38699e-05
294 0.000102723 3.61936e-05
295 7.11696e-05 -9.73621e-06
296 -2.58531e-06 -4.98369e-05
297 -7.72101e-05 -6.36665e-05
298 -0.000109646 -4.4677e-05
299 -7.99426e-05 -3.08793e-06
300 -3.40234e-06 3.97159e-05
301 7.73004e-05 6.21283e-05
302 0.000115968 5.30353e-05
303 8.93377e-05 1.71125e-05
304 1.09816e-05 -2.76733e-05
305 -7.56126e-05 -5.89619e-05
306 -0.00012126 -6.09463e-05
307 -9.90553e-05 -3.21533e-05
308 -2.01716e-05 1.36384e-05
309 7.1787e-05 5.3849e-05
310 0.000125001 6.79931e-05
311 0.000108708 4.79183e-05
312 3.09453e-05 2.39693e-06
313 -6.54636e-05 -4.64621e-05
314 -0.000126635 -7.36862e-05
315 -0.000117837 -6.40112e-05
316 -4.31832e-05 -2.03461e-05
317 5.63532e-05 3.6514e-05
318 0.000125597 7.74898e-05
319 0.000125875 7.99068e-05
320 5.66089e-05 3.99699e-05
321 -4.42726e-05 -2.38025e-05
322 -0.000121301 -7.88207e-05
323 -0.000132118 -9.49164e-05
324 -7.07768e-05 -6.08434e-05
325 2.91451e-05 8.22376e-06
326 0.00011316 7.70531e-05
327 0.000135764 0.000108198
328 8.50928e-05 8.23598e-05
329 -1.10375e-05 1.02008e-05
330 -0.000100666 -7.15784e-05
331 -0.000135974 -0.000118805
332 -9.87982e-05 -0.000103722
333 -9.75326e-06 -3.12472e-05
334 8.34817e-05 6.18958e-05
335 0.000131904 0.000125727
336 0.000110933 0.000123897
337 3.26372e-05 5.4409e-05
338 -6.1488e-05 -4.76718e-05
339 -0.00012273 -0.000127898
340 -0.000120349 -0.000141609
341 -5.67221e-05 -7.8876e-05
342 3.48351e-05 2.87787e-05
343 0.000107737 0.000124269
344 0.000125785 0.000155402
345 8.08191e-05 0.000103538
346 -4.02924e-06 -5.38911e-06
347 -8.64488e-05 -0.000113952
348 -0.000125955 -0.000163745
349 -0.000103423 -0.00012697
350 -2.99536e-05 -2.19038e-05
351 5.87665e-05 9.63586e-05
352 0.000119646 0.000165084
353 0.000122744 0.000147379
354 6.56423e-05 5.19685e-05
355 -2.50324e-05 -7.13401e-05
356 -0.000105786 -0.000158003
357 -0.000136735 -0.000162758
358 -0.000100998 -8.32342e-05
359 -1.3766e-05 3.91743e-05
360 8.37583e-05 0.000141246
361 0.000143435 0.00017083
362 0.000133699 0.000113421
363 5.61952e-05 -1.10278e-06
364 -5.32193e-05 -0.000114457
365 -0.000140659 -0.000169857
366 -0.000160564 -0.000140362
367 -9.94392e-05 -4.15655e-05
368 1.5403e-05 7.7056e-05
369 0.000127652 0.000157121
370 0.000179531 0.000159904
371 0.000141665 8.45998e-05
372 2.97477e-05 -3.20282e-05
373 -0.000101486 -0.000133811
374 -0.00018501 -0.000172063
375 -0.000175888 -0.000128466
376 -7.55022e-05 -2.34957e-05
377 6.75417e-05 9.32146e-05
378 0.000181177 0.000165958
379 0.000206596 0.00015895
380 0.000129039 7.33972e-05
381 -1.36109e-05 -5.2276e-05
382 -0.000149336 -0.000159553
383 -0.000208415 -0.000196941
384 -0.000159081 -0.000144832
385 -2.40021e-05 -2.62711e-05
386 0.000130977 0.000102214
387 0.000230043 0.000176461
388 0.000225594 0.000155595
389 0.000121999 4.31819e-05
390 -2.68066e-05 -0.000112456
391 -0.000144301 -0.000240169
392 -0.00016903 -0.000280478
393 -8.41886e-05 -0.00021599
394 7.51024e-05 -8.21619e-05
395 0.000239709 4.80327e-05
396 0.000340249 9.89476e-05
397 0.000340238 2.97585e-05
398 0.000253089 -0.000144366
399 0.000135596 -0.000358747
400 6.15968e-05 -0.0005309
401 8.83484e-05 -0.000602041
402 0.000231001 -0.000567648
403 0.000456515 -0.00048149
404 0.000699525 -0.000430814
405 0.00089299 -0.000494912
406 0.00100003 -0.000707695
407 0.00103277 -0.00104279
408 0.00104956 -0.00142838
409 0.00113129 -0.0017842
410 0.00134686 -0.00206255
411 0.00172324 -0.00227352
412 0.00223407 -0.00248279
413 0.00281314 -0.00278382
414 0.00338769 -0.00325803
415 0.00391673 -0.00394174
416 0.00441666 -0.00481489
417 0.00496088 -0.00581613
418 0.00565269 -0.00687686
419 0.00658307 -0.00795875
420 0.00779353 -0.00907811
421 0.00926223 -0.0103064
422 0.0109212 -0.0117472
423 0.0126968 -0.0134989
424 0.014555 -0.0156204
425 0.0165286 -0.0181137
426 0.0187139 -0.0209327
427 0.0212368 -0.024014
428 0.024206 -0.0273166
429 0.0276735 -0.0308542
430 0.0316235 -0.034703
431 0.0359916 -0.0389817
432 0.040708 -0.0438101
433 0.0457413 -0.0492657
434 0.0511244 -0.0553569
435 0.0569494 -0.0620271
436 0.0633354 -0.0691878
437 0.0703825 -0.076766
438 0.0781335 -0.0847433
439 0.0865583 -0.0931672
440 0.0955683 -0.102129
441 0.105052 -0.111717
442 0.114919 -0.121965
443 0.125127 -0.132821
444 0.135688 -0.144154
445 0.146643 -0.155785
446 0.15802 -0.167539
447 0.169789 -0.179282
448 0.181835 -0.190945
449 0.193962 -0.202496
450 0.205929 -0.2139
451 0.217491 -0.225074
452 0.228451 -0.23585
453 0.238673 -0.245979
454 0.24807 -0.255156
455 0.256563 -0.263073
456 0.264026 -0.269462
457 0.270257 -0.274132
458 0.274975 -0.276959
459 0.277856 -0.277863
460 0.278591 -0.27676
461 0.276944 -0.273527
462 0.272784 -0.26799
463 0.266079 -0.259941
464 0.256863 -0.249189
465 0.24518 -0.235622
466 0.23105 -0.219248
467 0.214462 -0.200215
468 0.195396 -0.178786
469 0.173881 -0.155287
470 0.150049 -0.130056
471 0.12417 -0.103406
472 0.0966569 -0.0756252
473 0.06803 -0.0470164
474 0.0388633 -0.0179467
475 0.00972515 0.0111076
476 -0.018861 0.0395492
477 -0.046424 0.0666889
478 -0.072521 0.0918094
479 -0.0966973 0.11424
480 -0.118451 0.133421
481 -0.137224 0.148928
482 -0.152432 0.160469
483 -0.163531 0.167845
484 -0.170091 0.170913
485 -0.171865 0.169557
486 -0.168819 0.163697
487 -0.161122 0.153332
488 -0.149093 0.138596
489 -0.133142 0.119814
490 -0.113726 0.0975368
491 -0.0913323 0.0725236
492 -0.0665025 0.0456901
493 -0.0398771 0.0180257
494 -0.0122344 -0.00949128
495 0.0154993 -0.0359547
496 0.0422846 -0.0605544
497 0.0670442 -0.0825634
498 0.0887614 -0.101307
499 0.106574 -0.116138
500 0.119839 -0.126449
501 0.128156 -0.131715
502 0.131347 -0.13158
503 0.129415 -0.125933
504 0.122501 -0.114976
505 0.110857 -0.0992331
506 0.0948608 -0.0795113
507 0.0750462 -0.0568185
508 0.0521501 -0.0322638
509 0.0271359 -0.0069687
510 0.00117721 0.0179902
511 -0.024412 0.0416018
512 -0.0482881 0.0629141
513 -0.0692074 0.0810227
514 -0.0861391 0.0950773
515 -0.0983371 0.104322
516 -0.105358 0.108168
517 -0.107033 0.106291
518 -0.103421 0.0987109
519 -0.0947616 0.0858435
520 -0.0814623 0.0684885
521 -0.0641089 0.0477579
522 -0.0434976 0.0249594
523 -0.0206591 0.00146417
524 0.00315121 -0.0214077
525 0.0265122 -0.0424624
526 0.0479472 -0.0606618
527 0.0660674 -0.075123
528 0.0797182 -0.085111
529 0.088097 -0.0900509
530 0.0908161 -0.0895717
531 0.0879026 -0.0835759
532 0.0797444 -0.0723159
533 0.0670072 -0.0564441
534 0.0505505 -0.0370126
535 0.0313679 -0.0154064
536 0.0105588 0.00678428
537 -0.0106794 0.0279295
538 -0.0310618 0.04653
539 -0.0492544 0.0613572
540 -0.0639577 0.0715387
541 -0.0740326 0.0765822
542 -0.0786447 0.0763501
543 -0.0773947 0.0710092
544 -0.0703976 0.0609833
545 -0.0582882 0.046927
546 -0.0421472 0.029723
547 -0.0233664 0.0104872
548 -0.00348278 -0.00944539
549 0.0159816 -0.0285772
550 0.0336457 -0.045361
551 0.0483462 -0.0583595
552 0.0591692 -0.0664251
553 0.0654551 -0.0688585
554 0.0668008 -0.0655113
555 0.0630783 -0.0568045
556 0.0544738 -0.0436628
557 0.0415363 -0.0273798
558 0.0252071 -0.00944776
559 0.00680214 0.00861017
560 -0.0120743 0.0253757
561 -0.0296851 0.0396233
562 -0.0443653 0.050364
563 -0.0547362 0.0568614
564 -0.0598839 0.0586442
565 -0.0594662 0.0555339
566 -0.0537268 0.0476896
567 -0.0434232 0.0356576
568 -0.0296921 0.0203978
569 -0.0138886 0.00325709
570 0.00256578 -0.0141294
571 0.0183011 -0.0300097
572 0.0320772 -0.042734
573 0.0428289 -0.0509814
574 0.0497006 -0.0539458
575 0.0520877 -0.0514429
576 0.0496966 -0.043916
577 0.0426169 -0.032345
578 0.0313837 -0.018083
579 0.0169986 -0.00266138
580 0.00088133 0.0123984
581 -0.0152621 0.0257317
582 -0.0296439 0.0362242
583 -0.0406393 0.0430559
584 -0.0470242 0.0457149
585 -0.0481534 0.0440027
586 -0.0440455 0.0380486
587 -0.0353556 0.0283324
588 -0.0232505 0.0157014
589 -0.00921497 0.00135593
590 0.00516413 -0.0132218
591 0.0183948 -0.0264069
592 0.0292265 -0.0366315
593 0.0367338 -0.0426138
594 0.0403459 -0.0435713
595 0.0398401 -0.039369
596 0.0353257 -0.0305653
597 0.0272319 -0.0183389
598 0.0163023 -0.00430818
599 0.0035812 0.00972072
600 -0.00963112 0.0220274
601 -0.0218735 0.0312167
602 -0.0316777 0.0363835
603 -0.0377663 0.0371797
604 -0.0392624 0.0337879
605 -0.0358655 0.0268267
606 -0.027947 0.0172219
607 -0.0165348 0.00607727
608 -0.00317863 -0.00543241
609 0.0102862 -0.0161436
610 0.0220302 -0.0249703
611 0.0305195 -0.0309719
612 0.0347472 -0.0334343
613 0.0343602 -0.031965
614 0.0296662 -0.026587
615 0.0215286 -0.017804
616 0.0111846 -0.00660695
617 3.20862e-05 0.00560209
618 -0.010569 0.0171763
619 -0.019449 0.0264625
620 -0.0257219 0.0320745
621 -0.0288255 0.0331439
622 -0.0285272 0.0294948
623 -0.0249148 0.0216958
624 -0.0183846 0.0109735
625 -0.00962871 -0.000999673
626 0.000391943 -0.0123985
627 0.0105042 -0.021559
628 0.0194254 -0.0272472
629 0.0259146 -0.0288347
630 0.0289595 -0.0263517
631 0.0279674 -0.0204207
632 0.0229164 -0.0120985
633 0.0144241 -0.00266838
634 0.00370031 0.00656925
635 -0.00762035 0.0144706
636 -0.0177458 0.0201636
637 -0.0250431 0.0231018
638 -0.0283388 0.0230716
639 -0.0271396 0.0201707
640 -0.021724 0.0147784
641 -0.0130835 0.00752537
642 -0.00272904 -0.000742679
643 0.00759759 -0.00901769
644 0.0162444 -0.0162146
645 0.0219351 -0.0212946
646 0.023965 -0.0234197
647 0.0222746 -0.0221128
648 0.0173976 -0.0173898
649 0.010309 -0.0098233
650 0.0022161 -0.000507908
651 -0.0056569 0.00908329
652 -0.0122496 0.0173374
653 -0.0167856 0.0227948
654 -0.0188274 0.024438
655 -0.0182742 0.0219117
656 -0.0153257 0.0156202
657 -0.0104282 0.00667309
658 -0.00421856 -0.00331573
659 0.00252958 -0.0125376
660 0.00896463 -0.0193416
661 0.0142284 -0.0225553
662 0.0175481 -0.0217044
663 0.0183473 -0.0170875
664 0.0163602 -0.00969235
665 0.0117253 -0.000976442
666 0.00502532 0.00743563
667 -0.00275122 0.0140721
668 -0.0103375 0.0178826
669 -0.0163949 0.0184044
670 -0.0197634 0.0157986
671 -0.0197061 0.0107623
672 -0.0160915 0.00434667
673 -0.00946463 -0.00226972
674 -0.000981797 -0.00800203
675 0.00778999 -0.0120306
676 0.0151731 -0.0138982
677 0.019719 -0.0135288
678 0.0205143 -0.0111798
679 0.0173833 -0.00735254
680 0.0109381 -0.00268754
681 0.00246149 0.00213406
682 -0.00635488 0.00646929
683 -0.0137617 0.00977019
684 -0.0183153 0.0116239
685 -0.019174 0.0117843
686 -0.0162634 0.0102
687 -0.0102763 0.00703757
688 -0.00250953 0.00269119
689 0.00542242 -0.00223639
690 0.0119332 -0.0069916
691 0.015792 -0.0107711
692 0.0163631 -0.0128559
693 0.0137086 -0.0127576
694 0.00853932 -0.0103427
695 0.00203132 -0.00590429
696 -0.0044442 -0.000153378
697 -0.00961479 0.00588075
698 -0.0125598 0.0110315
699 -0.0128716 0.0142268
700 -0.0106979 0.0147236
701 -0.00666531 0.0122919
702 -0.00171124 0.00730066
703 0.00313303 0.000675916
704 0.00695711 -0.00626686
705 0.00913955 -0.012088
706 0.00943864 -0.0155304
707 0.00799603 -0.0158016
708 0.00526294 -0.0127643
709 0.0018745 -0.0069902
710 -0.00149446 0.000341877
711 -0.00425994 0.007687
712 -0.00602121 0.0134644
713 -0.00660345 0.0164054
714 -0.00605134 0.0158406
715 -0.00458481 0.0118594
716 -0.00253347 0.00530164
717 -0.000267245 -0.00241819
718 0.00186337 -0.00961817
719 0.00356962 -0.0147195
720 0.00464823 -0.0165981
721 0.00499013 -0.0148369
722 0.00458008 -0.00982354
723 0.00349176 -0.00266782
724 0.00188056 0.00504317
725 -2.78501e-05 0.0115982
726 -0.00195645 0.0155449
727 -0.00360673 0.0160151
728 -0.00469952 0.0129194
729 -0.00502256 0.00696639
730 -0.00447628 -0.000498546
731 -0.00310663 -0.0077964
732 -0.00111457 -0.0132925
733 0.00116495 -0.0157636
734 0.00331503 -0.0146714
735 0.00491302 -0.010282
736 0.00561697 -0.00360368
737 0.0052437 0.00384297
738 0.00381946 0.0103702
739 0.00158872 0.0145054
740 -0.00102471 0.0153241
741 -0.00349866 0.0126565
742 -0.00531987 0.00712413
743 -0.00609459 -4.75958e-06
744 -0.00563741 -0.00710377
745 -0.00401773 -0.0125579
746 -0.00155194 -0.0151296
747 0.00125879 -0.0142384
748 0.0038327 -0.0100927
749 0.0056314 -0.00364142
750 0.00627635 0.00364142
751 0.0056314 0.0100927
752 0.0038327 0.0142384
753 0.00125879 0.0151296
754 -0.00155194 0.0125579
755 -0.00401773 0.00710377
756 -0.00563741 4.75958e-06
757 -0.00609459 -0.00712413
758 -0.00531987 -0.0126565
759 -0.00349866 -0.0153241
760 -0.00102471 -0.0145054
761 0.00158872 -0.0103702
762 0.00381946 -0.00384297
763 0.0052437 0.00360368
764 0.00561697 0.010282
765 0.00491302 0.0146714
766 0.00331503 0.0157636
767 0.00116495 0.0132925
768 -0.00111457 0.0077964
769 -0.00310663 0.000498546
770 -0.00447628 -0.00696639
771 -0.00502256 -0.0129194
772 -0.00469952 -0.0160151
773 -0.00360673 -0.0155449
774 -0.00195645 -0.0115982
775 -2.78501e-05 -0.00504317
776 0.00188056 0.00266782
777 0.00349176 0.00982354
778 0.00458008 0.0148369
779 0.00499013 0.0165981
780 0.00464823 0.0147195
781 0.00356962 0.00961817
782 0.00186337 0.00241819
783 -0.000267245 -0.00530164
784 -0.00253347 -0.0118594
785 -0.00458481 -0.0158406
786 -0.00605134 -0.0164054
787 -0.00660345 -0.0134644
788 -0.00602121 -0.007687
789 -0.00425994 -0.000341877
790 -0.00149446 0.0069902
791 0.0018745 0.0127643
792 0.00526294 0.0158016
793 0.00799603 0.0155304
794 0.00943864 0.012088
795 0.00913955 0.00626686
796 0.00695711 -0.000675916
797 0.00313303 -0.00730066
798 -0.00171124 -0.0122919
799 -0.00666531 -0.0147236
800 -0.0106979 -0.0142268
801 -0.0128716 -0.0110315
802 -0.0125598 -0.00588075
803 -0.00961479 0.000153378
804 -0.0044442 0.00590429
805 0.00203132 0.0103427
806 0.00853932 0.0127576
807 0.0137086 0.0128559
808 0.0163631 0.0107711
809 0.015792 0.0069916
810 0.0119332 0.00223639
811 0.00542242 -0.00269119
812 -0.00250953 -0.00703757
813 -0.0102763 -0.0102
814 -0.0162634 -0.0117843
815 -0.019174 -0.0116239
816 -0.0183153 -0.00977019
817 -0.0137617 -0.00646929
818 -0.00635488 -0.00213406
819 0.00246149 0.00268754
820 0.0109381 0.00735254
821 0.0173833 0.0111798
822 0.0205143 0.0135288
823 0.019719 0.0138982
824 0.0151731 0.0120306
825 0.00778999 0.00800203
826 -0.000981797 0.00226972
827 -0.00946463 -0.00434667
828 -0.0160915 -0.0107623
829 -0.0197061 -0.0157986
830 -0.0197634 -0.0184044
831 -0.0163949 -0.0178826
832 -0.0103375 -0.0140721
833 -0.00275122 -0.00743563
834 0.00502532 0.000976442
835 0.0117253 0.00969235
836 0.0163602 0.0170875
837 0.0183473 0.0217044
838 0.0175481 0.0225553
839 0.0142284 0.0193416
840 0.00896463 0.0125376
841 0.00252958 0.00331573
842 -0.00421856 -0.00667309
843 -0.0104282 -0.0156202
844 -0.0153257 -0.0219117
845 -0.0182742 -0.024438
846 -0.0188274 -0.0227948
847 -0.0167856 -0.0173374
848 -0.0122496 -0.00908329
849 -0.0056569 0.000507908
850 0.0022161 0.0098233
851 0.010309 0.0173898
852 0.0173976 0.0221128
853 0.0222746 0.0234197
854 0.023965 0.0212946
855 0.0219351 0.0162146
856 0.0162444 0.00901769
857 0.00759759 0.000742679
858 -0.00272904 -0.00752537
859 -0.0130835 -0.0147784
860 -0.021724 -0.0201707
861 -0.0271396 -0.0230716
862 -0.0283388 -0.0231018
863 -0.0250431 -0.0201636
864 -0.0177458 -0.0144706
865 -0.00762035 -0.00656925
866 0.00370031 0.00266838
867 0.0144241 0.0120985
868 0.0229164 0.0204207
869 0.0279674 0.0263517
870 0.0289595 0.0288347
871 0.0259146 0.0272472
872 0.0194254 0.021559
873 0.0105042 0.0123985
874 0.000391943 0.000999673
875 -0.00962871 -0.0109735
876 -0.0183846 -0.0216958
877 -0.0249148 -0.0294948
878 -0.0285272 -0.0331439
879 -0.0288255 -0.0320745
880 -0.0257219 -0.0264625
881 -0.019449 -0.0171763
882 -0.010569 -0.00560209
883 3.20862e-05 0.00660695
884 0.0111846 0.017804
885 0.0215286 0.026587
886 0.0296662 0.031965
887 0.0343602 0.0334343
888 0.0347472 0.0309719
889 0.0305195 0.0249703
890 0.0220302 0.0161436
891 0.0102862 0.00543241
892 -0.00317863 -0.00607727
893 -0.0165348 -0.0172219
894 -0.027947 -0.0268267
895 -0.0358655 -0.0337879
896 -0.0392624 -0.0371797
897 -0.0377663 -0.0363835
898 -0.0316777 -0.0312167
899 -0.0218735 -0.0220274
900 -0.00963112 -0.00972072
901 0.0035812 0.00430818
902 0.0163023 0.0183389
903 0.0272319 0.0305653
904 0.0353257 0.039369
905 0.0398401 0.0435713
906 0.0403459 0.0426138
907 0.0367338 0.0366315
908 0.0292265 0.0264069
909 0.0183948 0.0132218
910 0.00516413 -0.00135593
911 -0.00921497 -0.0157014
912 -0.0232505 -0.0283324
913 -0.0353556 -0.0380486
914 -0.0440455 -0.0440027
915 -0.0481534 -0.0457149
916 -0.0470242 -0.0430559
917 -0.0406393 -0.0362242
918 -0.0296439 -0.0257317
919 -0.0152621 -0.0123984
920 0.00088133 0.00266138
921 0.0169986 0.018083
922 0.0313837 0.032345
923 0.0426169 0.043916
924 0.0496966 0.0514429
925 0.0520877 0.0539458
926 0.0497006 0.0509814
927 0.0428289 0.042734
928 0.0320772 0.0300097
929 0.0183011 0.0141294
930 0.00256578 -0.00325709
931 -0.0138886 -0.0203978
932 -0.0296921 -0.0356576
933 -0.0434232 -0.0476896
934 -0.0537268 -0.0555339
935 -0.0594662 -0.0586442
936 -0.0598839 -0.0568614
937 -0.0547362 -0.050364
938 -0.0443653 -0.0396233
939 -0.0296851 -0.0253757
940 -0.0120743 -0.00861017
941 0.00680214 0.00944776
942 0.0252071 0.0273798
943 0.0415363 0.0436628
944 0.0544738 0.0568045
945 0.0630783 0.0655113
946 0.0668008 0.0688585
947 0.0654551 0.0664251
948 0.0591692 0.0583595
949 0.0483462 0.045361
950 0.0336457 0.0285772
951 0.0159816 0.00944539
952 -0.00348278 -0.0104872
953 -0.0233664 -0.029723
954 -0.0421472 -0.046927
955 -0.0582882 -0.0609833
956 -0.0703976 -0.0710092
957 -0.0773947 -0.0763501
958 -0.0786447 -0.0765822
959 -0.0740326 -0.0715387
960 -0.0639577 -0.0613572
961 -0.0492544 -0.04653
962 -0.0310618 -0.0279295
963 -0.0106794 -0.00678428
964 0.0105588 0.0154064
965 0.0313679 0.0370126
966 0.0505505 0.0564441
967 0.0670072 0.0723159
968 0.0797444 0.0835759
969 0.0879026 0.0895717
970 0.0908161 0.0900509
971 0.088097 0.085111
972 0.0797182 0.075123
973 0.0660674 0.0606618
974 0.0479472 0.0424624
975 0.0265122 0.0214077
976 0.00315121 -0.00146417
977 -0.0206591 -0.0249594
978 -0.0434976 -0.0477579
979 -0.0641089 -0.0684885
980 -0.0814623 -0.0858435
981 -0.0947616 -0.0987109
982 -0.103421 -0.106291
983 -0.107033 -0.108168
984 -0.105358 -0.104322
985 -0.0983371 -0.0950773
986 -0.0861391 -0.0810227
987 -0.0692074 -0.0629141
988 -0.0482881 -0.0416018
989 -0.024412 -0.0179902
990 0.00117721 0.0069687
991 0.0271359 0.0322638
992 0.0521501 0.0568185
993 0.0750462 0.0795113
994 0.0948608 0.0992331
995 0.110857 0.114976
996 0.122501 0.125933
997 0.129415 0.13158
998 0.131347 0.131715
999 0.128156 0.126449
