0 -0.149599 -0.142239
1 -0.157723 -0.149258
2 -0.16158 -0.154343
3 -0.161337 -0.157183
4 -0.157487 -0.157353
5 -0.150709 -0.154404
6 -0.141705 -0.14797
7 -0.131054 -0.137875
8 -0.119117 -0.124221
9 -0.106012 -0.107421
10 -0.0916466 -0.0881708
11 -0.075813 -0.0673514
12 -0.0582949 -0.0458733
13 -0.0389771 -0.0245108
14 -0.0179271 -0.00376257
15 0.00456543 0.0162144
16 0.0279969 0.0355771
17 0.0517026 0.0546804
18 0.0749439 0.0739061
19 0.0970136 0.0934904
20 0.11734 0.113401
21 0.135572 0.133298
22 0.151621 0.152592
23 0.165658 0.170566
24 0.178049 0.186543
25 0.189251 0.200023
26 0.199678 0.210786
27 0.209572 0.218914
28 0.218924 0.224748
29 0.227453 0.228786
30 0.234672 0.231563
31 0.240017 0.233529
32 0.243015 0.234964
33 0.243435 0.235936
34 0.241376 0.236311
35 0.237267 0.235814
36 0.23177 0.234111
37 0.225621 0.230905
38 0.219447 0.226023
39 0.21362 0.219475
40 0.208198 0.211476
41 0.202945 0.202426
42 0.19744 0.192851
43 0.19123 0.183308
44 0.183972 0.174274
45 0.175537 0.166045
46 0.16605 0.158664
47 0.155856 0.151916
48 0.145441 0.145388
49 0.135316 0.138589
50 0.125917 0.131101
51 0.117513 0.122716
52 0.110168 0.113523
53 0.103744 0.103899
54 0.0979453 0.0944194
55 0.0923999 0.0856982
56 0.0867466 0.0782171
57 0.080721 0.0721884
58 0.0742184 0.0674986
59 0.0673205 0.063748
60 0.0602831 0.0603731
61 0.0534828 0.0568131
62 0.0473327 0.0526691
63 0.0421824 0.0478087
64 0.0382231 0.0423897
65 0.0354244 0.036799
66 0.0335228 0.0315312
67 0.0320736 0.0270443
68 0.0305602 0.023635
69 0.0285339 0.0213663
70 0.0257457 0.0200623
71 0.0222261 0.0193663
72 0.0182858 0.0188423
73 0.0144282 0.018088
74 0.0112001 0.0168303
75 0.00902338 0.0149804
76 0.00806225 0.0126387
77 0.00816826 0.0100544
78 0.00892122 0.00755417
79 0.00975313 0.00546107
80 0.0101161 0.00402035
81 0.00964147 0.00334684
82 0.00824239 0.00340036
83 0.00612892 0.0039918
84 0.00373508 0.00481899
85 0.001582 0.00552879
86 0.000121023 0.00579666
87 -0.000395809 0.00540898
88 1.91846e-05 0.00432745
89 0.00110458 0.00271407
90 0.00243634 0.000902185
91 0.00355594 -0.000686471
92 0.00410003 -0.00166005
93 0.0038942 -0.00177667
94 0.00298663 -0.00102758
95 0.0016173 0.000346494
96 0.00013745 0.00191587
97 -0.00109339 0.00318418
98 -0.00180194 0.00373633
99 -0.00186331 0.00336664
100 -0.00131883 0.00214618
101 -0.000351727 0.000407118
102 0.000767168 -0.00135359
103 0.00174686 -0.00262314
104 0.00234133 -0.00302991
105 0.00240089 -0.00246011
106 0.00190294 -0.00109625
107 0.000957932 0.000636446
108 -0.000211264 0.00220082
109 -0.00131603 0.00311538
110 -0.00206886 0.00310478
111 -0.00225779 0.00218437
112 -0.00180996 0.000650947
113 -0.000823821 -0.00101619
114 0.000444507 -0.00231015
115 0.00164297 -0.00285542
116 0.0024201 -0.00251932
117 0.00252945 -0.00144213
118 0.00191001 1.92867e-05
119 0.000715306 0.00141173
120 -0.000721473 0.00232785
121 -0.00197941 0.00252503
122 -0.00267392 0.00198647
123 -0.00257635 0.00091065
124 -0.00169175 -0.000361701
125 -0.000267997 -0.00145638
126 0.00127063 -0.00207542
127 0.00244932 -0.002076
128 0.00289124 -0.00149861
129 0.00244163 -0.000541136
130 0.00122541 0.000508744
131 -0.00038466 0.00135986
132 -0.00188282 0.00179656
133 -0.00279248 0.0017295
134 -0.00282235 0.00120782
135 -0.00196322 0.000394084
136 -0.000491845 -0.00048643
137 0.00111983 -0.00120629
138 0.00235918 -0.00159045
139 0.00283896 -0.00155363
140 0.00241989 -0.00111501
141 0.00125072 -0.000390135
142 -0.000285116 0.00043694
143 -0.00169651 0.00115543
144 -0.00254275 0.00157655
145 -0.00257185 0.00158026
146 -0.00179586 0.00114976
147 -0.000480721 0.000383843
148 0.000944255 -0.000519917
149 0.0020271 -0.0013114
150 0.00243797 -0.0017551
151 0.00207112 -0.00170103
152 0.00107175 -0.00113763
153 -0.00021951 -0.000207158
154 -0.00138377 0.000826027
155 -0.00206191 0.00164925
156 -0.00206679 0.00199708
157 -0.00143374 0.0017389
158 -0.000396038 0.000928846
159 0.000701607 -0.000201127
160 0.00151888 -0.00130639
161 0.00182537 -0.00203499
162 0.00156305 -0.00214079
163 0.000850317 -0.00156784
164 -6.80972e-05 -0.000476864
165 -0.000904783 0.000797664
166 -0.00141854 0.00184931
167 -0.0014818 0.00232982
168 -0.00110881 0.00206596
169 -0.000439966 0.00112355
170 0.000309416 -0.000205547
171 0.000917862 -0.00149285
172 0.00122233 -0.00231233
173 0.00116002 -0.00238358
174 0.00077708 -0.00167014
175 0.000205095 -0.000397341
176 -0.000384189 0.00101867
177 -0.000830056 0.0021085
178 -0.00102453 0.00250724
179 -0.000934573 0.00207829
180 -0.000602216 0.000960674
181 -0.000126514 -0.000476431
182 0.000365018 -0.00175668
183 0.000747639 -0.00245529
184 0.000927099 -0.00234041
185 0.000859745 -0.00145022
186 0.000562331 -8.05247e-05
187 0.000109592 0.00131319
188 -0.000381266 0.00226684
189 -0.00077775 0.00246258
190 -0.000966129 0.00183567
191 -0.00088418 0.000597378
192 -0.000542931 -0.000835095
193 -2.92903e-05 -0.00197911
194 0.000513685 -0.00245031
195 0.000925331 -0.00209357
196 0.0010747 -0.0010355
197 0.000902743 0.000360003
198 0.000445661 0.00161776
199 -0.000169653 0.00231455
200 -0.000759115 0.00222267
201 -0.00113578 0.00138447
202 -0.00116935 9.35908e-05
203 -0.000831917 -0.00120861
204 -0.000213703 -0.0020843
205 0.000498874 -0.00224605
206 0.0010786 -0.00165043
207 0.00133017 -0.000508577
208 0.0011569 0.000788042
209 0.000598287 0.00180084
210 -0.000176349 0.00219163
211 -0.000918474 0.00183553
212 -0.00138045 0.000861642
213 -0.00139905 -0.00039221
214 -0.000953914 -0.0014957
215 -0.000179637 -0.0020738
216 0.000674362 -0.00193532
217 0.00132448 -0.0011373
218 0.00154776 3.71548e-05
219 0.001259 0.00117942
220 0.000543198 0.00189846
221 -0.00036877 0.00195537
222 -0.0011747 0.00134277
223 -0.00160154 0.000282472
224 -0.00149847 -0.000855334
225 -0.000890485 -0.00168141
226 2.64245e-05 -0.0019199
227 0.00094832 -0.00149929
228 0.00156432 -0.000572685
229 0.00166187 0.000537404
230 0.00120061 0.00145008
231 0.00032879 0.00185537
232 -0.000664074 0.0016188
233 -0.00144354 0.000826473
234 -0.00174332 -0.000244893
235 -0.0014568 -0.00122331
236 -0.000675268 -0.0017702
237 0.000340883 -0.00169806
238 0.00124914 -0.00103575
239 0.00174081 -1.79067e-05
240 0.00164647 0.000998129
241 0.000994711 0.00165831
242 3.58376e-06 0.00173581
243 -0.000992594 0.00120889
244 -0.00165646 0.000266035
245 -0.00176225 -0.000762252
246 -0.00127277 -0.00151945
247 -0.000352453 -0.0017459
248 0.000688083 -0.00136656
249 0.00149714 -0.000514745
250 0.00180111 0.000514745
251 0.00149714 0.00136656
252 0.000688083 0.0017459
253 -0.000352453 0.00151945
254 -0.00127277 0.000762252
255 -0.00176225 -0.000266035
256 -0.00165646 -0.00120889
257 -0.000992594 -0.00173581
258 3.58376e-06 -0.00165831
259 0.000994711 -0.000998129
260 0.00164647 1.79067e-05
261 0.00174081 0.00103575
262 0.00124914 0.00169806
263 0.000340883 0.0017702
264 -0.000675268 0.00122331
265 -0.0014568 0.000244893
266 -0.00174332 -0.000826473
267 -0.00144354 -0.0016188
268 -0.000664074 -0.00185537
269 0.00032879 -0.00145008
270 0.00120061 -0.000537404
271 0.00166187 0.000572685
272 0.00156432 0.00149929
273 0.00094832 0.0019199
274 2.64245e-05 0.00168141
275 -0.000890485 0.000855334
276 -0.00149847 -0.000282472
277 -0.00160154 -0.00134277
278 -0.0011747 -0.00195537
279 -0.00036877 -0.00189846
280 0.000543198 -0.00117942
281 0.001259 -3.71548e-05
282 0.00154776 0.0011373
283 0.00132448 0.00193532
284 0.000674362 0.0020738
285 -0.000179637 0.0014957
286 -0.000953914 0.00039221
287 -0.00139905 -0.000861642
288 -0.00138045 -0.00183553
289 -0.000918474 -0.00219163
290 -0.000176349 -0.00180084
291 0.000598287 -0.000788042
292 0.0011569 0.000508577
293 0.00133017 0.00165043
294 0.0010786 0.00224605
295 0.000498874 0.0020843
296 -0.000213703 0.00120861
297 -0.000831917 -9.35908e-05
298 -0.00116935 -0.00138447
299 -0.00113578 -0.00222267
300 -0.000759115 -0.00231455
301 -0.000169653 -0.00161776
302 0.000445661 -0.000360003
303 0.000902743 0.0010355
304 0.0010747 0.00209357
305 0.000925331 0.00245031
306 0.000513685 0.00197911
307 -2.92903e-05 0.000835095
308 -0.000542931 -0.000597378
309 -0.00088418 -0.00183567
310 -0.000966129 -0.00246258
311 -0.00077775 -0.00226684
312 -0.000381266 -0.00131319
313 0.000109592 8.05247e-05
314 0.000562331 0.00145022
315 0.000859745 0.00234041
316 0.000927099 0.00245529
317 0.000747639 0.00175668
318 0.000365018 0.000476431
319 -0.000126514 -0.000960674
320 -0.000602216 -0.00207829
321 -0.000934573 -0.00250724
322 -0.00102453 -0.0021085
323 -0.000830056 -0.00101867
324 -0.000384189 0.000397341
325 0.000205095 0.00167014
326 0.00077708 0.00238358
327 0.00116002 0.00231233
328 0.00122233 0.00149285
329 0.000917862 0.000205547
330 0.000309416 -0.00112355
331 -0.000439966 -0.00206596
332 -0.00110881 -0.00232982
333 -0.0014818 -0.00184931
334 -0.00141854 -0.000797664
335 -0.000904783 0.000476864
336 -6.80972e-05 0.00156784
337 0.000850317 0.00214079
338 0.00156305 0.00203499
339 0.00182537 0.00130639
340 0.00151888 0.000201127
341 0.000701607 -0.000928846
342 -0.000396038 -0.0017389
343 -0.00143374 -0.00199708
344 -0.00206679 -0.00164925
345 -0.00206191 -0.000826027
346 -0.00138377 0.000207158
347 -0.00021951 0.00113763
348 0.00107175 0.00170103
349 0.00207112 0.0017551
350 0.00243797 0.0013114
351 0.0020271 0.000519917
352 0.000944255 -0.000383843
353 -0.000480721 -0.00114976
354 -0.00179586 -0.00158026
355 -0.00257185 -0.00157655
356 -0.00254275 -0.00115543
357 -0.00169651 -0.00043694
358 -0.000285116 0.000390135
359 0.00125072 0.00111501
360 0.00241989 0.00155363
361 0.00283896 0.00159045
362 0.00235918 0.00120629
363 0.00111983 0.00048643
364 -0.000491845 -0.000394084
365 -0.00196322 -0.00120782
366 -0.00282235 -0.0017295
367 -0.00279248 -0.00179656
368 -0.00188282 -0.00135986
369 -0.00038466 -0.000508744
370 0.00122541 0.000541136
371 0.00244163 0.00149861
372 0.00289124 0.002076
373 0.00244932 0.00207542
374 0.00127063 0.00145638
375 -0.000267997 0.000361701
376 -0.00169175 -0.00091065
377 -0.00257635 -0.00198647
378 -0.00267392 -0.00252503
379 -0.00197941 -0.00232785
380 -0.000721473 -0.00141173
381 0.000715306 -1.92867e-05
382 0.00191001 0.00144213
383 0.00252945 0.00251932
384 0.0024201 0.00285542
385 0.00164297 0.00231015
386 0.000444507 0.00101619
387 -0.000823821 -0.000650947
388 -0.00180996 -0.00218437
389 -0.00225779 -0.00310478
390 -0.00206886 -0.00311538
391 -0.00131603 -0.00220082
392 -0.000211264 -0.000636446
393 0.000957932 0.00109625
394 0.00190294 0.00246011
395 0.00240089 0.00302991
396 0.00234133 0.00262314
397 0.00174686 0.00135359
398 0.000767168 -0.000407118
399 -0.000351727 -0.00214618
400 -0.00131883 -0.00336664
401 -0.00186331 -0.00373633
402 -0.00180194 -0.00318418
403 -0.00109339 -0.00191587
404 0.00013745 -0.000346494
405 0.0016173 0.00102758
406 0.00298663 0.00177667
407 0.0038942 0.00166005
408 0.00410003 0.000686471
409 0.00355594 -0.000902185
410 0.00243634 -0.00271407
411 0.00110458 -0.00432745
412 1.91846e-05 -0.00540898
413 -0.000395809 -0.00579666
414 0.000121023 -0.00552879
415 0.001582 -0.00481899
416 0.00373508 -0.0039918
417 0.00612892 -0.00340036
418 0.00824239 -0.00334684
419 0.00964147 -0.00402035
420 0.0101161 -0.00546107
421 0.00975313 -0.00755417
422 0.00892122 -0.0100544
423 0.00816826 -0.0126387
424 0.00806225 -0.0149804
425 0.00902338 -0.0168303
426 0.0112001 -0.018088
427 0.0144282 -0.0188423
428 0.0182858 -0.0193663
429 0.0222261 -0.0200623
430 0.0257457 -0.0213663
431 0.0285339 -0.023635
432 0.0305602 -0.0270443
433 0.0320736 -0.0315312
434 0.0335228 -0.036799
435 0.0354244 -0.0423897
436 0.0382231 -0.0478087
437 0.0421824 -0.0526691
438 0.0473327 -0.0568131
439 0.0534828 -0.0603731
440 0.0602831 -0.063748
441 0.0673205 -0.0674986
442 0.0742184 -0.0721884
443 0.080721 -0.0782171
444 0.0867466 -0.0856982
445 0.0923999 -0.0944194
446 0.0979453 -0.103899
447 0.103744 -0.113523
448 0.110168 -0.122716
449 0.117513 -0.131101
450 0.125917 -0.138589
451 0.135316 -0.145388
452 0.145441 -0.151916
453 0.155856 -0.158664
454 0.16605 -0.166045
455 0.175537 -0.174274
456 0.183972 -0.183308
457 0.19123 -0.192851
458 0.19744 -0.202426
459 0.202945 -0.211476
460 0.208198 -0.219475
461 0.21362 -0.226023
462 0.219447 -0.230905
463 0.225621 -0.234111
464 0.23177 -0.235814
465 0.237267 -0.236311
466 0.241376 -0.235936
467 0.243435 -0.234964
468 0.243015 -0.233529
469 0.240017 -0.231563
470 0.234672 -0.228786
471 0.227453 -0.224748
472 0.218924 -0.218914
473 0.209572 -0.210786
474 0.199678 -0.200023
475 0.189251 -0.186543
476 0.178049 -0.170566
477 0.165658 -0.152592
478 0.151621 -0.133298
479 0.135572 -0.113401
480 0.11734 -0.0934904
481 0.0970136 -0.0739061
482 0.0749439 -0.0546804
483 0.0517026 -0.0355771
484 0.0279969 -0.0162144
485 0.00456543 0.00376257
486 -0.0179271 0.0245108
487 -0.0389771 0.0458733
488 -0.0582949 0.0673514
489 -0.075813 0.0881708
490 -0.0916466 0.107421
491 -0.106012 0.124221
492 -0.119117 0.137875
493 -0.131054 0.14797
494 -0.141705 0.154404
495 -0.150709 0.157353
496 -0.157487 0.157183
497 -0.161337 0.154343
498 -0.16158 0.149258
499 -0.157723 0.142239
500 -0.149599 0.13344
501 -0.13744 0.122841
502 -0.121858 0.110286
503 -0.103738 0.0955573
504 -0.0840668 0.0784749
505 -0.0637457 0.0590075
506 -0.0434431 0.0373685
507 -0.0235239 0.0140726
508 -0.00407382 -0.0100675
509 0.0149976 -0.0340106
510 0.0338108 -0.0566158
511 0.052373 -0.0768033
512 0.0704769 -0.0937138
513 0.0876629 -0.106826
514 0.103249 -0.116001
515 0.116411 -0.121448
516 0.126299 -0.123605
517 0.132165 -0.122985
518 0.133469 -0.120015
519 0.129978 -0.114912
520 0.121808 -0.107649
521 0.10943 -0.0979971
522 0.0936108 -0.0856488
523 0.0753195 -0.0703771
524 0.0555888 -0.0521897
525 0.0353753 -0.031432
526 0.0154405 -0.00881433
527 -0.00371768 0.0146409
528 -0.021864 0.0377145
529 -0.0389554 0.059138
530 -0.0550174 0.0777429
531 -0.0700025 0.0925861
532 -0.0836704 0.103037
533 -0.0955263 0.108821
534 -0.104841 0.110019
535 -0.110754 0.107017
536 -0.112434 0.100426
537 -0.109262 0.0909554
538 -0.100991 0.0792904
539 -0.0878437 0.0659798
540 -0.0705136 0.0513729
541 -0.0500902 0.0356252
542 -0.0279083 0.0187766
543 -0.00536871 0.000882218
544 0.0162334 -0.0178417
545 0.0358395 -0.0369025
546 0.0526999 -0.0554852
547 0.0663856 -0.0724982
548 0.0767496 -0.0867021
549 0.0838537 -0.0968958
550 0.0878799 -0.102115
551 0.0890389 -0.101796
552 0.0874915 -0.0958769
553 0.0832953 -0.0848053
554 0.0763927 -0.0694741
555 0.0666491 -0.0510901
556 0.0539425 -0.0310107
557 0.0382909 -0.0105788
558 0.0199845 0.00901834
559 -0.00031633 0.0268486
560 -0.0215554 0.0422798
561 -0.0423488 0.0549723
562 -0.0611418 0.0648233
563 -0.0764237 0.0718798
564 -0.0869507 0.076239
565 -0.0919278 0.077958
566 -0.091109 0.0769955
567 -0.0848027 0.073199
568 -0.073789 0.0663484
569 -0.0591776 0.056248
570 -0.0422392 0.0428529
571 -0.0242433 0.026398
572 -0.00632725 0.00749661
573 0.0105918 -0.0128268
574 0.025856 -0.0331901
575 0.0390593 -0.0519942
576 0.0499999 -0.0676288
577 0.0586034 -0.0787023
578 0.0648332 -0.0842445
579 0.0686081 -0.0838414
580 0.0697511 -0.0776762
581 0.0679854 -0.066476
582 0.0629891 -0.051385
583 0.0544999 -0.0337963
584 0.042449 -0.0151755
585 0.0270891 0.0030962
586 0.00908217 0.0198462
587 -0.0104845 0.0341917
588 -0.0301674 0.0455776
589 -0.0483155 0.0537678
590 -0.0632766 0.0587935
591 -0.0736219 0.0608635
592 -0.0783489 0.060255
593 -0.0770232 0.0572101
594 -0.0698353 0.0518671
595 -0.0575647 0.0442524
596 -0.0414621 0.0343395
597 -0.0230759 0.0221632
598 -0.00405539 0.00795359
599 0.0140381 -0.00775402
600 0.0298867 -0.0240716
601 0.0425233 -0.0397978
602 0.0513846 -0.0535411
603 0.0563092 -0.0639021
604 0.0574845 -0.0696775
605 0.0553533 -0.0700438
606 0.050494 -0.0646924
607 0.0434985 -0.0538952
608 0.0348736 -0.0384986
609 0.02499 -0.019847
610 0.0140945 0.000352066
611 0.00237974 0.0202116
612 -0.00990866 0.0378766
613 -0.0223649 0.0517401
614 -0.034355 0.060634
615 -0.0450163 0.0639631
616 -0.0533358 0.0617564
617 -0.0582921 0.054628
618 -0.0590291 0.0436514
619 -0.0550234 0.0301766
620 -0.046209 0.0156233
621 -0.0330375 0.00129308
622 -0.0164697 -0.0117689
623 0.00209989 -0.0228431
624 0.0209707 -0.0315347
625 0.0383068 -0.0377166
626 0.0523362 -0.0414398
627 0.0615627 -0.0428386
628 0.0649647 -0.0420536
629 0.0621514 -0.0391884
630 0.0534399 -0.0343061
631 0.0398325 -0.0274615
632 0.0228864 -0.018759
633 0.00449536 -0.0084204
634 -0.0133747 0.00315259
635 -0.0289473 0.0153392
636 -0.0408451 0.0272964
637 -0.0482174 0.0380018
638 -0.0507777 0.0463433
639 -0.04876 0.0512515
640 -0.0428194 0.0518579
641 -0.0339021 0.0476557
642 -0.023105 0.0386348
643 -0.0115415 0.0253589
644 -0.00022368 0.00896334
645 0.0100294 -0.00894045
646 0.0186468 -0.0264452
647 0.0253163 -0.0415896
648 0.0299488 -0.0526203
649 0.032606 -0.0582322
650 0.0334107 -0.0577441
651 0.0324672 -0.0511878
652 0.0298179 -0.0393003
653 0.025449 -0.0234282
654 0.0193453 -0.00536175
655 0.0115763 0.012878
656 0.00238304 0.0292763
657 -0.0077602 0.042061
658 -0.0181339 0.0499132
659 -0.0278169 0.0521258
660 -0.0357808 0.048684
661 -0.0410193 0.0402527
662 -0.0426913 0.0280649
663 -0.0402582 0.0137309
664 -0.0335945 -0.00100194
665 -0.0230564 -0.0144915
666 -0.00949537 -0.0254044
667 0.00579457 -0.0328478
668 0.0211953 -0.0364191
669 0.0349432 -0.0361808
670 0.0453485 -0.0325812
671 0.0510253 -0.0263478
672 0.0510989 -0.0183716
673 0.0453537 -0.00959571
674 0.0342966 -0.000912781
675 0.0191188 0.00692341
676 0.00156057 0.0133646
677 -0.0163042 0.0181022
678 -0.0323333 0.0210591
679 -0.0445922 0.0223394
680 -0.0516033 0.0221484
681 -0.0525343 0.0207069
682 -0.0473021 0.0181867
683 -0.0365803 0.0146898
684 -0.0217114 0.0102746
685 -0.00453532 0.00501682
686 0.012844 -0.000920532
687 0.0283235 -0.00723658
688 0.0400649 -0.0134812
689 0.0467242 -0.0190875
690 0.0476159 -0.0234396
691 0.0427898 -0.0259563
692 0.0330116 -0.0261748
693 0.0196462 -0.0238215
694 0.00446426 -0.0188668
695 -0.0106017 -0.0115621
696 -0.0237149 -0.00245671
697 -0.033367 0.00761407
698 -0.0385542 0.0175821
699 -0.0388766 0.0262499
700 -0.0345517 0.0324411
701 -0.026351 0.0351801
702 -0.0154731 0.0338651
703 -0.0033758 0.028398
704 0.00841301 0.0192377
705 0.0184829 0.00736271
706 0.0257087 -0.00584851
707 0.029378 -0.0187969
708 0.0292646 -0.0298682
709 0.0256338 -0.0376357
710 0.0191817 -0.0410357
711 0.0109154 -0.0395042
712 0.00199543 -0.0330631
713 -0.00643168 -0.0223462
714 -0.0133836 -0.00855738
715 -0.0181527 0.00664961
716 -0.0203655 0.0213637
717 -0.0199907 0.0336652
718 -0.0173048 0.0418952
719 -0.0128287 0.0449008
720 -0.00724682 0.0422101
721 -0.00131803 0.0341063
722 0.00421508 0.021589
723 0.00871338 0.00623439
724 0.0117161 -0.0100169
725 0.0129927 -0.0251088
726 0.0125609 -0.0371237
727 0.010665 -0.0445139
728 0.00771826 -0.0462925
729 0.00422139 -0.0421648
730 0.000677111 -0.0325859
731 -0.0024811 -0.0187275
732 -0.00493404 -0.00234758
733 -0.00649355 0.0144295
734 -0.00709768 0.0293983
735 -0.00679447 0.0405786
736 -0.00572272 0.0464932
737 -0.00409279 0.0463703
738 -0.00216509 0.0402404
739 -0.000222195 0.0289173
740 0.00146714 0.0138763
741 0.00268793 -0.00294531
742 0.00331396 -0.019395
743 0.00332681 -0.0333687
744 0.00281193 -0.0430665
745 0.00193192 -0.0472173
746 0.000885679 -0.0452482
747 -0.000133282 -0.0373758
748 -0.000967261 -0.0245979
749 -0.0015077 -0.00857715
750 -0.00169417 0.00857715
751 -0.0015077 0.0245979
752 -0.000967261 0.0373758
753 -0.000133282 0.0452482
754 0.000885679 0.0472173
755 0.00193192 0.0430665
756 0.00281193 0.0333687
757 0.00332681 0.019395
758 0.00331396 0.00294531
759 0.00268793 -0.0138763
760 0.00146714 -0.0289173
761 -0.000222195 -0.0402404
762 -0.00216509 -0.0463703
763 -0.00409279 -0.0464932
764 -0.00572272 -0.0405786
765 -0.00679447 -0.0293983
766 -0.00709768 -0.0144295
767 -0.00649355 0.00234758
768 -0.00493404 0.0187275
769 -0.0024811 0.0325859
770 0.000677111 0.0421648
771 0.00422139 0.0462925
772 0.00771826 0.0445139
773 0.010665 0.0371237
774 0.0125609 0.0251088
775 0.0129927 0.0100169
776 0.0117161 -0.00623439
777 0.00871338 -0.021589
778 0.00421508 -0.0341063
779 -0.00131803 -0.0422101
780 -0.00724682 -0.0449008
781 -0.0128287 -0.0418952
782 -0.0173048 -0.0336652
783 -0.0199907 -0.0213637
784 -0.0203655 -0.00664961
785 -0.0181527 0.00855738
786 -0.0133836 0.0223462
787 -0.00643168 0.0330631
788 0.00199543 0.0395042
789 0.0109154 0.0410357
790 0.0191817 0.0376357
791 0.0256338 0.0298682
792 0.0292646 0.0187969
793 0.029378 0.00584851
794 0.0257087 -0.00736271
795 0.0184829 -0.0192377
796 0.00841301 -0.028398
797 -0.0033758 -0.0338651
798 -0.0154731 -0.0351801
799 -0.026351 -0.0324411
800 -0.0345517 -0.0262499
801 -0.0388766 -0.0175821
802 -0.0385542 -0.00761407
803 -0.033367 0.00245671
804 -0.0237149 0.0115621
805 -0.0106017 0.0188668
806 0.00446426 0.0238215
807 0.0196462 0.0261748
808 0.0330116 0.0259563
809 0.0427898 0.0234396
810 0.0476159 0.0190875
811 0.0467242 0.0134812
812 0.0400649 0.00723658
813 0.0283235 0.000920532
814 0.012844 -0.00501682
815 -0.00453532 -0.0102746
816 -0.0217114 -0.0146898
817 -0.0365803 -0.0181867
818 -0.0473021 -0.0207069
819 -0.0525343 -0.0221484
820 -0.0516033 -0.0223394
821 -0.0445922 -0.0210591
822 -0.0323333 -0.0181022
823 -0.0163042 -0.0133646
824 0.00156057 -0.00692341
825 0.0191188 0.000912781
826 0.0342966 0.00959571
827 0.0453537 0.0183716
828 0.0510989 0.0263478
829 0.0510253 0.0325812
830 0.0453485 0.0361808
831 0.0349432 0.0364191
832 0.0211953 0.0328478
833 0.00579457 0.0254044
834 -0.00949537 0.0144915
835 -0.0230564 0.00100194
836 -0.0335945 -0.0137309
837 -0.0402582 -0.0280649
838 -0.0426913 -0.0402527
839 -0.0410193 -0.048684
840 -0.0357808 -0.0521258
841 -0.0278169 -0.0499132
842 -0.0181339 -0.042061
843 -0.0077602 -0.0292763
844 0.00238304 -0.012878
845 0.0115763 0.00536175
846 0.0193453 0.0234282
847 0.025449 0.0393003
848 0.0298179 0.0511878
849 0.0324672 0.0577441
850 0.0334107 0.0582322
851 0.032606 0.0526203
852 0.0299488 0.0415896
853 0.0253163 0.0264452
854 0.0186468 0.00894045
855 0.0100294 -0.00896334
856 -0.00022368 -0.0253589
857 -0.0115415 -0.0386348
858 -0.023105 -0.0476557
859 -0.0339021 -0.0518579
860 -0.0428194 -0.0512515
861 -0.04876 -0.0463433
862 -0.0507777 -0.0380018
863 -0.0482174 -0.0272964
864 -0.0408451 -0.0153392
865 -0.0289473 -0.00315259
866 -0.0133747 0.0084204
867 0.00449536 0.018759
868 0.0228864 0.0274615
869 0.0398325 0.0343061
870 0.0534399 0.0391884
871 0.0621514 0.0420536
872 0.0649647 0.0428386
873 0.0615627 0.0414398
874 0.0523362 0.0377166
875 0.0383068 0.0315347
876 0.0209707 0.0228431
877 0.00209989 0.0117689
878 -0.0164697 -0.00129308
879 -0.0330375 -0.0156233
880 -0.046209 -0.0301766
881 -0.0550234 -0.0436514
882 -0.0590291 -0.054628
883 -0.0582921 -0.0617564
884 -0.0533358 -0.0639631
885 -0.0450163 -0.060634
886 -0.034355 -0.0517401
887 -0.0223649 -0.0378766
888 -0.00990866 -0.0202116
889 0.00237974 -0.000352066
890 0.0140945 0.019847
891 0.02499 0.0384986
892 0.0348736 0.0538952
893 0.0434985 0.0646924
894 0.050494 0.0700438
895 0.0553533 0.0696775
896 0.0574845 0.0639021
897 0.0563092 0.0535411
898 0.0513846 0.0397978
899 0.0425233 0.0240716
900 0.0298867 0.00775402
901 0.0140381 -0.00795359
902 -0.00405539 -0.0221632
903 -0.0230759 -0.0343395
904 -0.0414621 -0.0442524
905 -0.0575647 -0.0518671
906 -0.0698353 -0.0572101
907 -0.0770232 -0.060255
908 -0.0783489 -0.0608635
909 -0.0736219 -0.0587935
910 -0.0632766 -0.0537678
911 -0.0483155 -0.0455776
912 -0.0301674 -0.0341917
913 -0.0104845 -0.0198462
914 0.00908217 -0.0030962
915 0.0270891 0.0151755
916 0.042449 0.0337963
917 0.0544999 0.051385
918 0.0629891 0.066476
919 0.0679854 0.0776762
920 0.0697511 0.0838414
921 0.0686081 0.0842445
922 0.0648332 0.0787023
923 0.0586034 0.0676288
924 0.0499999 0.0519942
925 0.0390593 0.0331901
926 0.025856 0.0128268
927 0.0105918 -0.00749661
928 -0.00632725 -0.026398
929 -0.0242433 -0.0428529
930 -0.0422392 -0.056248
931 -0.0591776 -0.0663484
932 -0.073789 -0.073199
933 -0.0848027 -0.0769955
934 -0.091109 -0.077958
935 -0.0919278 -0.076239
936 -0.0869507 -0.0718798
937 -0.0764237 -0.0648233
938 -0.0611418 -0.0549723
939 -0.0423488 -0.0422798
940 -0.0215554 -0.0268486
941 -0.00031633 -0.00901834
942 0.0199845 0.0105788
943 0.0382909 0.0310107
944 0.0539425 0.0510901
945 0.0666491 0.0694741
946 0.0763927 0.0848053
947 0.0832953 0.0958769
948 0.0874915 0.101796
949 0.0890389 0.102115
950 0.0878799 0.0968958
951 0.0838537 0.0867021
952 0.0767496 0.0724982
953 0.0663856 0.0554852
954 0.0526999 0.0369025
955 0.0358395 0.0178417
956 0.0162334 -0.000882218
957 -0.00536871 -0.0187766
958 -0.0279083 -0.0356252
959 -0.0500902 -0.0513729
960 -0.0705136 -0.0659798
961 -0.0878437 -0.0792904
962 -0.100991 -0.0909554
963 -0.109262 -0.100426
964 -0.112434 -0.107017
965 -0.110754 -0.110019
966 -0.104841 -0.108821
967 -0.0955263 -0.103037
968 -0.0836704 -0.0925861
969 -0.0700025 -0.0777429
970 -0.0550174 -0.059138
971 -0.0389554 -0.0377145
972 -0.021864 -0.0146409
973 -0.00371768 0.00881433
974 0.0154405 0.031432
975 0.0353753 0.0521897
976 0.0555888 0.0703771
977 0.0753195 0.0856488
978 0.0936108 0.0979971
979 0.10943 0.107649
980 0.121808 0.114912
981 0.129978 0.120015
982 0.133469 0.122985
983 0.132165 0.123605
984 0.126299 0.121448
985 0.116411 0.116001
986 0.103249 0.106826
987 0.0876629 0.0937138
988 0.0704769 0.0768033
989 0.052373 0.0566158
990 0.0338108 0.0340106
991 0.0149976 0.0100675
992 -0.00407382 -0.0140726
993 -0.0235239 -0.0373685
994 -0.0434431 -0.0590075
995 -0.0637457 -0.0784749
996 -0.0840668 -0.0955573
997 -0.103738 -0.110286
998 -0.121858 -0.122841
999 -0.13744 -0.13344
