0 7.62189e-05 -8.03492e-05
1 7.54546e-05 -4.5753e-05
2 3.16849e-05 1.34183e-05
3 -2.82127e-05 6.2197e-05
4 -6.91921e-05 7.29928e-05
5 -6.84942e-05 4.12138e-05
6 -2.83096e-05 -1.29429e-05
7 2.64217e-05 -5.71243e-05
8 6.33259e-05 -6.60774e-05
9 6.16999e-05 -3.60964e-05
10 2.4147e-05 1.36216e-05
11 -2.58215e-05 5.30862e-05
12 -5.836e-05 5.95407e-05
13 -5.50776e-05 3.05979e-05
14 -1.945e-05 -1.51151e-05
15 2.60595e-05 -4.97841e-05
16 5.40347e-05 -5.32786e-05
17 4.85917e-05 -2.48556e-05
18 1.44124e-05 1.7128e-05
19 -2.68299e-05 4.69324e-05
20 -5.01022e-05 4.71747e-05
21 -4.21842e-05 1.89807e-05
22 -9.18961e-06 -1.93955e-05
23 2.78582e-05 -4.42732e-05
24 4.63291e-05 -4.11259e-05
25 3.57965e-05 -1.30753e-05
26 3.92674e-06 2.16823e-05
27 -2.88902e-05 4.15822e-05
28 -4.25105e-05 3.50492e-05
29 -2.93956e-05 7.23988e-06
30 1.227e-06 -2.3772e-05
31 2.96972e-05 -3.86631e-05
32 3.84841e-05 -2.88903e-05
33 2.29814e-05 -1.59277e-06
34 -6.11934e-06 2.5455e-05
35 -3.00779e-05 3.53561e-05
36 -3.41289e-05 2.26447e-05
37 -1.65879e-05 -3.71783e-06
38 1.05873e-05 -2.65374e-05
39 2.9851e-05 -3.15567e-05
40 2.93691e-05 -1.63653e-05
41 1.02975e-05 8.52418e-06
42 -1.44479e-05 2.68568e-05
43 -2.88645e-05 2.72198e-05
44 -2.41947e-05 1.01542e-05
45 -4.25075e-06 -1.26483e-05
46 1.75128e-05 -2.62831e-05
47 2.70202e-05 -2.23578e-05
48 1.86704e-05 -4.164e-06
49 -1.37011e-06 1.59002e-05
50 -1.96121e-05 2.47268e-05
51 -2.42833e-05 1.70558e-05
52 -1.29255e-05 -1.39568e-06
53 6.35692e-06 -1.80942e-05
54 2.06032e-05 -2.21681e-05
55 2.06829e-05 -1.1486e-05
56 7.15315e-06 6.27758e-06
57 -1.0479e-05 1.90873e-05
58 -2.03829e-05 1.86782e-05
59 -1.63306e-05 5.89198e-06
60 -1.61641e-06 -1.02339e-05
61 1.3504e-05 -1.88038e-05
62 1.89246e-05 -1.44149e-05
63 1.14402e-05 -5.64763e-07
64 -3.37344e-06 1.30375e-05
65 -1.52463e-05 1.72443e-05
66 -1.63096e-05 9.62055e-06
67 -6.31232e-06 -4.1666e-06
68 7.50388e-06 -1.45021e-05
69 1.56033e-05 -1.451e-05
70 1.27249e-05 -4.63168e-06
71 1.3021e-06 7.95967e-06
72 -1.0494e-05 1.45298e-05
73 -1.45686e-05 1.08339e-05
74 -8.45634e-06 -1.41839e-07
75 3.19878e-06 -1.05203e-05
76 1.21191e-05 -1.31613e-05
77 1.22559e-05 -6.57234e-06
78 3.89413e-06 4.27762e-06
79 -6.79145e-06 1.16617e-05
80 -1.22634e-05 1.05835e-05
81 -8.93204e-06 2.15968e-06
82 4.91233e-07 -7.3967e-06
83 9.14069e-06 -1.13302e-05
84 1.09785e-05 -7.11437e-06
85 5.00776e-06 1.92869e-06
86 -4.22311e-06 9.20025e-06
87 -1.00505e-05 9.62506e-06
88 -8.4945e-06 3.19643e-06
89 -9.77459e-07 -5.21504e-06
90 6.89642e-06 -9.52502e-06
91 9.49658e-06 -6.83172e-06
92 5.18984e-06 6.3103e-07
93 -2.64284e-06 7.29995e-06
94 -8.2252e-06 8.41469e-06
95 -7.63461e-06 3.41515e-06
96 -1.56145e-06 -3.82193e-06
97 5.3669e-06 -7.96351e-06
98 8.09201e-06 -6.14224e-06
99 4.81617e-06 5.97113e-08
100 -1.81593e-06 5.93755e-06
101 -6.82107e-06 7.21654e-06
102 -6.61274e-06 3.15879e-06
103 -1.57212e-06 -3.0332e-06
104 4.3906e-06 -6.71913e-06
105 6.85232e-06 -5.29093e-06
106 4.15435e-06 -1.98167e-08
107 -1.48587e-06 5.03089e-06
108 -5.76969e-06 6.12444e-06
109 -5.58315e-06 2.6161e-06
110 -1.25926e-06 -2.68392e-06
111 3.80646e-06 -5.74139e-06
112 5.80553e-06 -4.3651e-06
113 3.37545e-06 2.20992e-07
114 -1.47531e-06 4.43177e-06
115 -5.00271e-06 5.11452e-06
116 -4.60811e-06 1.91001e-06
117 -7.54087e-07 -2.5891e-06
118 3.49985e-06 -4.92115e-06
119 4.9126e-06 -3.41528e-06
120 2.53045e-06 6.14009e-07
121 -1.67238e-06 3.98996e-06
122 -4.41122e-06 4.1697e-06
123 -3.65413e-06 1.15762e-06
124 -1.31817e-07 -2.60247e-06
125 3.3313e-06 -4.19695e-06
126 4.07408e-06 -2.49554e-06
127 1.64433e-06 1.05096e-06
128 -1.94149e-06 3.62902e-06
129 -3.85969e-06 3.28671e-06
130 -2.70036e-06 4.11417e-07
131 4.98299e-07 -2.65828e-06
132 3.1599e-06 -3.52395e-06
133 3.23888e-06 -1.6003e-06
134 7.90727e-07 1.49283e-06
135 -2.16056e-06 3.28066e-06
136 -3.28606e-06 2.41069e-06
137 -1.78588e-06 -3.21516e-07
138 1.04762e-06 -2.67968e-06
139 2.92946e-06 -2.81218e-06
140 2.41844e-06 -7.083e-07
141 1.9511e-08 1.86338e-06
142 -2.29014e-06 2.83438e-06
143 -2.68221e-06 1.50068e-06
144 -9.23195e-07 -9.69155e-07
145 1.4976e-06 -2.54756e-06
146 2.61845e-06 -2.01082e-06
147 1.59258e-06 1.12528e-07
148 -6.70536e-07 2.04306e-06
149 -2.29824e-06 2.23771e-06
150 -2.00065e-06 6.21964e-07
151 -9.54907e-08 -1.41636e-06
152 1.80585e-06 -2.21294e-06
153 2.15626e-06 -1.18315e-06
154 7.33782e-07 7.54405e-07
155 -1.22504e-06 1.98844e-06
156 -2.09367e-06 1.55058e-06
157 -1.20689e-06 -1.27593e-07
158 6.29416e-07 -1.6251e-06
159 1.86198e-06 -1.72884e-06
160 1.50324e-06 -4.13792e-07
161 -7.67149e-08 1.18361e-06
162 -1.51569e-06 1.74036e-06
163 -1.63156e-06 8.39767e-07
164 -3.93257e-07 -7.1796e-07
165 1.1074e-06 -1.61832e-06
166 1.61458e-06 -1.13839e-06
167 7.58061e-07 2.71568e-07
168 -6.82871e-07 1.4003e-06
169 -1.48294e-06 1.31215e-06
170 -1.01025e-06 1.24251e-07
171 2.78241e-07 -1.12335e-06
172 1.27005e-06 -1.37381e-06
173 1.15406e-06 -4.5007e-07
174 8.08601e-08 8.20565e-07
175 -1.00809e-06 1.34238e-06
176 -1.20182e-06 6.96954e-07
177 -3.78852e-07 -5.19061e-07
178 7.25436e-07 -1.23972e-06
179 1.17063e-06 -8.64408e-07
180 6.08865e-07 2.39181e-07
181 -4.45089e-07 1.08777e-06
182 -1.07952e-06 9.5811e-07
183 -7.70942e-07 5.4182e-09
184 1.8421e-07 -9.06642e-07
185 9.47302e-07 -9.87727e-07
186 8.70118e-07 -2.07065e-07
187 4.57153e-08 7.13495e-07
188 -7.91037e-07 9.65019e-07
189 -9.14621e-07 3.63032e-07
190 -2.3823e-07 -5.21955e-07
191 6.2518e-07 -9.02331e-07
192 9.1433e-07 -4.74368e-07
193 3.91008e-07 3.42065e-07
194 -4.61179e-07 8.1148e-07
195 -8.79554e-07 5.44759e-07
196 -5.04875e-07 -1.80538e-07
197 3.07458e-07 -7.03031e-07
198 8.20153e-07 -5.79507e-07
199 5.82864e-07 4.12196e-08
200 -1.69661e-07 5.85898e-07
201 -7.44957e-07 5.84695e-07
202 -6.29385e-07 7.43647e-08
203 5.10392e-08 -4.67192e-07
204 6.61457e-07 -5.66539e-07
205 6.49536e-07 -1.66443e-07
206 4.70903e-08 3.52262e-07
207 -5.75683e-07 5.30933e-07
208 -6.48575e-07 2.36474e-07
209 -1.2488e-07 -2.44847e-07
210 4.92241e-07 -4.83151e-07
211 6.31551e-07 -2.86691e-07
212 1.83527e-07 1.4731e-07
213 -4.14435e-07 4.27692e-07
214 -6.03052e-07 3.19734e-07
215 -2.24898e-07 -6.08893e-08
216 3.44449e-07 -3.68221e-07
217 5.67078e-07 -3.3836e-07
218 2.51232e-07 -1.40467e-08
219 -2.83548e-07 3.0759e-07
220 -5.26988e-07 3.45239e-07
221 -2.6491e-07 7.77635e-08
222 2.32278e-07 -2.47899e-07
223 4.85505e-07 -3.42817e-07
224 2.68282e-07 -1.30956e-07
225 -1.90649e-07 1.90596e-07
226 -4.44768e-07 3.33229e-07
227 -2.63566e-07 1.74577e-07
228 1.58296e-07 -1.36578e-07
229 4.06404e-07 -3.18264e-07
230 2.52773e-07 -2.09704e-07
231 -1.34613e-07 8.63035e-08
232 -3.71609e-07 2.9935e-07
233 -2.37684e-07 2.37431e-07
234 1.18849e-07 -3.98876e-08
235 3.41227e-07 -2.77576e-07
236 2.19849e-07 -2.58793e-07
237 -1.10188e-07 -2.80135e-09
238 -3.15835e-07 2.53707e-07
239 -2.00598e-07 2.74709e-07
240 1.07801e-07 4.20637e-08
241 2.95808e-07 -2.28225e-07
242 1.81076e-07 -2.8595e-07
243 -1.10871e-07 -7.82993e-08
244 -2.81376e-07 2.01366e-07
245 -1.62274e-07 2.93108e-07
246 1.18612e-07 1.11948e-07
247 2.72673e-07 -1.73153e-07
248 1.45068e-07 -2.96586e-07
249 -1.30261e-07 -1.43441e-07
250 -2.69765e-07 1.43441e-07
251 -1.30261e-07 2.96586e-07
252 1.45068e-07 1.73153e-07
253 2.72673e-07 -1.11948e-07
254 1.18612e-07 -2.93108e-07
255 -1.62274e-07 -2.01366e-07
256 -2.81376e-07 7.82993e-08
257 -1.10871e-07 2.8595e-07
258 1.81076e-07 2.28225e-07
259 2.95808e-07 -4.20637e-08
260 1.07801e-07 -2.74709e-07
261 -2.00598e-07 -2.53707e-07
262 -3.15835e-07 2.80135e-09
263 -1.10188e-07 2.58793e-07
264 2.19849e-07 2.77576e-07
265 3.41227e-07 3.98876e-08
266 1.18849e-07 -2.37431e-07
267 -2.37684e-07 -2.9935e-07
268 -3.71609e-07 -8.63035e-08
269 -1.34613e-07 2.09704e-07
270 2.52773e-07 3.18264e-07
271 4.06404e-07 1.36578e-07
272 1.58296e-07 -1.74577e-07
273 -2.63566e-07 -3.33229e-07
274 -4.44768e-07 -1.90596e-07
275 -1.90649e-07 1.30956e-07
276 2.68282e-07 3.42817e-07
277 4.85505e-07 2.47899e-07
278 2.32278e-07 -7.77635e-08
279 -2.6491e-07 -3.45239e-07
280 -5.26988e-07 -3.0759e-07
281 -2.83548e-07 1.40467e-08
282 2.51232e-07 3.3836e-07
283 5.67078e-07 3.68221e-07
284 3.44449e-07 6.08893e-08
285 -2.24898e-07 -3.19734e-07
286 -6.03052e-07 -4.27692e-07
287 -4.14435e-07 -1.4731e-07
288 1.83527e-07 2.86691e-07
289 6.31551e-07 4.83151e-07
290 4.92241e-07 2.44847e-07
291 -1.2488e-07 -2.36474e-07
292 -6.48575e-07 -5.30933e-07
293 -5.75683e-07 -3.52262e-07
294 4.70903e-08 1.66443e-07
295 6.49536e-07 5.66539e-07
296 6.61457e-07 4.67192e-07
297 5.10392e-08 -7.43647e-08
298 -6.29385e-07 -5.84695e-07
299 -7.44957e-07 -5.85898e-07
300 -1.69661e-07 -4.12196e-08
301 5.82864e-07 5.79507e-07
302 8.20153e-07 7.03031e-07
303 3.07458e-07 1.80538e-07
304 -5.04875e-07 -5.44759e-07
305 -8.79554e-07 -8.1148e-07
306 -4.61179e-07 -3.42065e-07
307 3.91008e-07 4.74368e-07
308 9.1433e-07 9.02331e-07
309 6.2518e-07 5.21955e-07
310 -2.3823e-07 -3.63032e-07
311 -9.14621e-07 -9.65019e-07
312 -7.91037e-07 -7.13495e-07
313 4.57153e-08 2.07065e-07
314 8.70118e-07 9.87727e-07
315 9.47302e-07 9.06642e-07
316 1.8421e-07 -5.4182e-09
317 -7.70942e-07 -9.5811e-07
318 -1.07952e-06 -1.08777e-06
319 -4.45089e-07 -2.39181e-07
320 6.08865e-07 8.64408e-07
321 1.17063e-06 1.23972e-06
322 7.25436e-07 5.19061e-07
323 -3.78852e-07 -6.96954e-07
324 -1.20182e-06 -1.34238e-06
325 -1.00809e-06 -8.20565e-07
326 8.08601e-08 4.5007e-07
327 1.15406e-06 1.37381e-06
328 1.27005e-06 1.12335e-06
329 2.78241e-07 -1.24251e-07
330 -1.01025e-06 -1.31215e-06
331 -1.48294e-06 -1.4003e-06
332 -6.82871e-07 -2.71568e-07
333 7.58061e-07 1.13839e-06
334 1.61458e-06 1.61832e-06
335 1.1074e-06 7.1796e-07
336 -3.93257e-07 -8.39767e-07
337 -1.63156e-06 -1.74036e-06
338 -1.51569e-06 -1.18361e-06
339 -7.67149e-08 4.13792e-07
340 1.50324e-06 1.72884e-06
341 1.86198e-06 1.6251e-06
342 6.29416e-07 1.27593e-07
343 -1.20689e-06 -1.55058e-06
344 -2.09367e-06 -1.98844e-06
345 -1.22504e-06 -7.54405e-07
346 7.33782e-07 1.18315e-06
347 2.15626e-06 2.21294e-06
348 1.80585e-06 1.41636e-06
349 -9.54907e-08 -6.21964e-07
350 -2.00065e-06 -2.23771e-06
351 -2.29824e-06 -2.04306e-06
352 -6.70536e-07 -1.12528e-07
353 1.59258e-06 2.01082e-06
354 2.61845e-06 2.54756e-06
355 1.4976e-06 9.69155e-07
356 -9.23195e-07 -1.50068e-06
357 -2.68221e-06 -2.83438e-06
358 -2.29014e-06 -1.86338e-06
359 1.9511e-08 7.083e-07
360 2.41844e-06 2.81218e-06
361 2.92946e-06 2.67968e-06
362 1.04762e-06 3.21516e-07
363 -1.78588e-06 -2.41069e-06
364 -3.28606e-06 -3.28066e-06
365 -2.16056e-06 -1.49283e-06
366 7.90727e-07 1.6003e-06
367 3.23888e-06 3.52395e-06
368 3.1599e-06 2.65828e-06
369 4.98299e-07 -4.11417e-07
370 -2.70036e-06 -3.28671e-06
371 -3.85969e-06 -3.62902e-06
372 -1.94149e-06 -1.05096e-06
373 1.64433e-06 2.49554e-06
374 4.07408e-06 4.19695e-06
375 3.3313e-06 2.60247e-06
376 -1.31817e-07 -1.15762e-06
377 -3.65413e-06 -4.1697e-06
378 -4.41122e-06 -3.98996e-06
379 -1.67238e-06 -6.14009e-07
380 2.53045e-06 3.41528e-06
381 4.9126e-06 4.92115e-06
382 3.49985e-06 2.5891e-06
383 -7.54087e-07 -1.91001e-06
384 -4.60811e-06 -5.11452e-06
385 -5.00271e-06 -4.43177e-06
386 -1.47531e-06 -2.20992e-07
387 3.37545e-06 4.3651e-06
388 5.80553e-06 5.74139e-06
389 3.80646e-06 2.68392e-06
390 -1.25926e-06 -2.6161e-06
391 -5.58315e-06 -6.12444e-06
392 -5.76969e-06 -5.03089e-06
393 -1.48587e-06 1.98167e-08
394 4.15435e-06 5.29093e-06
395 6.85232e-06 6.71913e-06
396 4.3906e-06 3.0332e-06
397 -1.57212e-06 -3.15879e-06
398 -6.61274e-06 -7.21654e-06
399 -6.82107e-06 -5.93755e-06
400 -1.81593e-06 -5.97113e-08
401 4.81617e-06 6.14224e-06
402 8.09201e-06 7.96351e-06
403 5.3669e-06 3.82193e-06
404 -1.56145e-06 -3.41515e-06
405 -7.63461e-06 -8.41469e-06
406 -8.2252e-06 -7.29995e-06
407 -2.64284e-06 -6.3103e-07
408 5.18984e-06 6.83172e-06
409 9.49658e-06 9.52502e-06
410 6.89642e-06 5.21504e-06
411 -9.77459e-07 -3.19643e-06
412 -8.4945e-06 -9.62506e-06
413 -1.00505e-05 -9.20025e-06
414 -4.22311e-06 -1.92869e-06
415 5.00776e-06 7.11437e-06
416 1.09785e-05 1.13302e-05
417 9.14069e-06 7.3967e-06
418 4.91233e-07 -2.15968e-06
419 -8.93204e-06 -1.05835e-05
420 -1.22634e-05 -1.16617e-05
421 -6.79145e-06 -4.27762e-06
422 3.89413e-06 6.57234e-06
423 1.22559e-05 1.31613e-05
424 1.21191e-05 1.05203e-05
425 3.19878e-06 1.41839e-07
426 -8.45634e-06 -1.08339e-05
427 -1.45686e-05 -1.45298e-05
428 -1.0494e-05 -7.95967e-06
429 1.3021e-06 4.63168e-06
430 1.27249e-05 1.451e-05
431 1.56033e-05 1.45021e-05
432 7.50388e-06 4.1666e-06
433 -6.31232e-06 -9.62055e-06
434 -1.63096e-05 -1.72443e-05
435 -1.52463e-05 -1.30375e-05
436 -3.37344e-06 5.64763e-07
437 1.14402e-05 1.44149e-05
438 1.89246e-05 1.88038e-05
439 1.3504e-05 1.02339e-05
440 -1.61641e-06 -5.89198e-06
441 -1.63306e-05 -1.86782e-05
442 -2.03829e-05 -1.90873e-05
443 -1.0479e-05 -6.27758e-06
444 7.15315e-06 1.1486e-05
445 2.06829e-05 2.21681e-05
446 2.06032e-05 1.80942e-05
447 6.35692e-06 1.39568e-06
448 -1.29255e-05 -1.70558e-05
449 -2.42833e-05 -2.47268e-05
450 -1.96121e-05 -1.59002e-05
451 -1.37011e-06 4.164e-06
452 1.86704e-05 2.23578e-05
453 2.70202e-05 2.62831e-05
454 1.75128e-05 1.26483e-05
455 -4.25075e-06 -1.01542e-05
456 -2.41947e-05 -2.72198e-05
457 -2.88645e-05 -2.68568e-05
458 -1.44479e-05 -8.52418e-06
459 1.02975e-05 1.63653e-05
460 2.93691e-05 3.15567e-05
461 2.9851e-05 2.65374e-05
462 1.05873e-05 3.71783e-06
463 -1.65879e-05 -2.26447e-05
464 -3.41289e-05 -3.53561e-05
465 -3.00779e-05 -2.5455e-05
466 -6.11934e-06 1.59277e-06
467 2.29814e-05 2.88903e-05
468 3.84841e-05 3.86631e-05
469 2.96972e-05 2.3772e-05
470 1.227e-06 -7.23988e-06
471 -2.93956e-05 -3.50492e-05
472 -4.25105e-05 -4.15822e-05
473 -2.88902e-05 -2.16823e-05
474 3.92674e-06 1.30753e-05
475 3.57965e-05 4.11259e-05
476 4.63291e-05 4.42732e-05
477 2.78582e-05 1.93955e-05
478 -9.18961e-06 -1.89807e-05
479 -4.21842e-05 -4.71747e-05
480 -5.01022e-05 -4.69324e-05
481 -2.68299e-05 -1.7128e-05
482 1.44124e-05 2.48556e-05
483 4.85917e-05 5.32786e-05
484 5.40347e-05 4.97841e-05
485 2.60595e-05 1.51151e-05
486 -1.945e-05 -3.05979e-05
487 -5.50776e-05 -5.95407e-05
488 -5.836e-05 -5.30862e-05
489 -2.58215e-05 -1.36216e-05
490 2.4147e-05 3.60964e-05
491 6.16999e-05 6.60774e-05
492 6.33259e-05 5.71243e-05
493 2.64217e-05 1.29429e-05
494 -2.83096e-05 -4.12138e-05
495 -6.84942e-05 -7.29928e-05
496 -6.91921e-05 -6.2197e-05
497 -2.82127e-05 -1.34183e-05
498 3.16849e-05 4.5753e-05
499 7.54546e-05 8.03492e-05
500 7.62189e-05 6.86111e-05
501 3.15943e-05 1.54512e-05
502 -3.3941e-05 -4.94262e-05
503 -8.24996e-05 -8.81411e-05
504 -8.46363e-05 -7.667e-05
505 -3.70122e-05 -1.95161e-05
506 3.4633e-05 5.1828e-05
507 8.94217e-05 9.62541e-05
508 9.46103e-05 8.66386e-05
509 4.49579e-05 2.61543e-05
510 -3.31716e-05 -5.23978e-05
511 -9.58398e-05 -0.000104404
512 -0.000106197 -9.86932e-05
513 -5.59449e-05 -3.59653e-05
514 2.88081e-05 5.03822e-05
515 0.000101143 0.00011207
516 0.000119267 0.000112857
517 7.04533e-05 4.9572e-05
518 -2.06312e-05 -4.48187e-05
519 -0.000104421 -0.000118426
520 -0.0001334 -0.000128899
521 -8.88467e-05 -6.75406e-05
522 7.58598e-06 3.45431e-05
523 0.000104405 0.000122254
524 0.000147769 0.000146197
525 0.000111243 9.02563e-05
526 1.14501e-05 -1.82345e-05
527 -9.94381e-05 -0.000121882
528 -0.000160999 -0.000163577
529 -0.000137318 -0.00011774
530 -3.75172e-05 -5.46556e-06
531 8.74916e-05 0.000115165
532 0.000171023 0.000179146
533 0.000166061 0.000149384
534 7.13327e-05 3.77262e-05
535 -6.62731e-05 -9.95448e-05
536 -0.000174981 -0.000190125
537 -0.000195479 -0.000183627
538 -0.000112931 -7.91775e-05
539 3.34822e-05 7.22466e-05
540 0.00016922 0.000192774
541 0.000222299 0.000217589
542 0.00016117 0.000129412
543 1.27358e-05 -3.06835e-05
544 -0.000149469 -0.00018247
545 -0.000241738 -0.000246743
546 -0.000213155 -0.00018634
547 -7.31023e-05 -2.68743e-05
548 0.000111307 0.000154072
549 0.000247471 0.000264737
550 0.000263649 0.000245485
551 0.000146268 0.000100339
552 -5.10254e-05 -0.000102684
553 -0.000231978 -0.000263547
554 -0.000304642 -0.000299358
555 -0.000227705 -0.000186589
556 -3.30386e-05 2.49542e-05
557 0.000187471 0.000234224
558 0.000325355 0.000337185
559 0.000308643 0.000278165
560 0.000138728 7.90843e-05
561 -0.000107614 -0.000168443
562 -0.000313042 -0.000345368
563 -0.000375425 -0.000362243
564 -0.000258067 -0.000203773
565 -9.90177e-06 6.10554e-05
566 0.000254986 0.000309146
567 0.000409844 0.000420465
568 0.000375541 0.000335626
569 0.000160092 8.64424e-05
570 -0.000141961 -0.000215856
571 -0.000391197 -0.00043039
572 -0.000467518 -0.00045201
573 -0.000327349 -0.00026202
574 -2.68562e-05 5.9923e-05
575 0.000300656 0.000369384
576 0.000503943 0.00052192
577 0.000483259 0.000439944
578 0.000238269 0.000150928
579 -0.000128202 -0.000221413
580 -0.000453535 -0.000510258
581 -0.000587367 -0.00058017
582 -0.000460383 -0.000389729
583 -0.000118612 -1.36484e-05
584 0.000293177 0.000386707
585 0.000592963 0.000632626
586 0.000641586 0.000607312
587 0.0004063 0.000310099
588 -2.08823e-05 -0.0001391
589 -0.000459412 -0.000548448
590 -0.000716555 -0.000736004
591 -0.00067148 -0.00060979
592 -0.000330603 -0.00021112
593 0.000170693 0.000298621
594 0.000622128 0.000703559
595 0.000826605 0.000824447
596 0.000685361 0.000596892
597 0.000243699 0.000102933
598 -0.000323232 -0.000458721
599 -0.000780196 -0.000852807
600 -0.000929145 -0.000905527
601 -0.000693864 -0.000579747
602 -0.000156162 4.67337e-06
603 0.000472724 0.000615343
604 0.00093536 0.000999837
605 0.00103298 0.000989287
606 0.000709393 0.00057075
607 7.89575e-05 -0.000102073
608 -0.000614168 -0.000765739
609 -0.00109078 -0.00115022
610 -0.00114839 -0.00108782
611 -0.00074547 -0.00058418
612 -2.36088e-05 0.000177998
613 0.000742693 0.000905745
614 0.00125059 0.00130834
615 0.00128777 0.00121229
616 0.000819146 0.000633581
617 6.71679e-06 -0.000222149
618 -0.000846974 -0.00103331
619 -0.00141157 -0.00148322
620 -0.00145568 -0.00138266
621 -0.000939295 -0.000746883
622 -3.54955e-05 0.000203207
623 0.000928359 0.00111824
624 0.00158975 0.00164841
625 0.0016868 0.00157529
626 0.0011602 0.000898151
627 0.000182257 -0.000158655
628 -0.000899336 -0.0012218
629 -0.00168429 -0.00190241
630 -0.00186528 -0.00193901
631 -0.00134345 -0.00129795
632 -0.000270958 -0.000193694
633 0.000996489 0.000980234
634 0.00202218 0.00178661
635 0.00244355 0.00189919
636 0.00210537 0.00122174
637 0.00112293 -7.16111e-05
638 -0.000148442 -0.00159097
639 -0.00122898 -0.00286293
640 -0.00167643 -0.00349615
641 -0.00123882 -0.00332339
642 5.52017e-05 -0.0024703
643 0.00190104 -0.00132593
644 0.00381841 -0.000422956
645 0.0053151 -0.000266669
646 0.00606004 -0.00116984
647 0.00600763 -0.00314931
648 0.00543059 -0.00592038
649 0.00484868 -0.0089932
650 0.0048749 -0.0118411
651 0.00602839 -0.0140871
652 0.00857508 -0.0156477
653 0.0124485 -0.0167864
654 0.0172786 -0.0180575
655 0.0225204 -0.020156
656 0.0276447 -0.0237208
657 0.0323286 -0.0291508
658 0.0365875 -0.0364947
659 0.0408032 -0.0454475
660 0.0456391 -0.055459
661 0.0518632 -0.0659194
662 0.0601353 -0.076366
663 0.0708186 -0.0866477
664 0.0838751 -0.0969928
665 0.0988771 -0.107959
666 0.115131 -0.120273
667 0.131876 -0.134613
668 0.148502 -0.151385
669 0.164714 -0.170566
670 0.180601 -0.19166
671 0.196573 -0.213775
672 0.213202 -0.235809
673 0.230982 -0.256674
674 0.250107 -0.275525
675 0.270306 -0.291893
676 0.290796 -0.305712
677 0.310366 -0.317219
678 0.327578 -0.326763
679 0.34102 -0.334565
680 0.349561 -0.340522
681 0.352536 -0.344088
682 0.349811 -0.344296
683 0.341715 -0.339907
684 0.328874 -0.329653
685 0.311978 -0.312534
686 0.291558 -0.288074
687 0.26784 -0.25649
688 0.240715 -0.218721
689 0.209838 -0.176322
690 0.174837 -0.131231
691 0.135574 -0.0854861
692 0.0923999 -0.0409469
693 0.0463196 0.000914923
694 -0.000969995 0.0391055
695 -0.047195 0.0730719
696 -0.0897573 0.102556
697 -0.126075 0.127388
698 -0.153943 0.147288
699 -0.171847 0.161726
700 -0.179151 0.169905
701 -0.176151 0.170862
702 -0.163968 0.163693
703 -0.144318 0.147838
704 -0.119223 0.123365
705 -0.090712 0.0911859
706 -0.0605897 0.0531398
707 -0.0303011 0.0119151
708 -0.000921566 -0.0291973
709 0.0267523 -0.0666789
710 0.0520454 -0.0972304
711 0.0742384 -0.11821
712 0.0924481 -0.127991
713 0.1056 -0.12617
714 0.112514 -0.113605
715 0.11209 -0.0922583
716 0.103573 -0.064902
717 0.0868173 -0.034717
718 0.0625118 -0.00486872
719 0.0322863 0.0218768
720 -0.0013317 0.0434395
721 -0.035126 0.0585786
722 -0.065548 0.0669057
723 -0.0891716 0.0687739
724 -0.103177 0.0650812
725 -0.105784 0.0570366
726 -0.0965593 0.0459354
727 -0.0765447 0.0329859
728 -0.0481702 0.0192079
729 -0.014966 0.00540847
730 0.0188946 -0.00777942
731 0.0491533 -0.0198229
732 0.0720459 -0.0302115
733 0.084816 -0.0384065
734 0.0860879 -0.0438381
735 0.0760457 -0.0459572
736 0.0563912 -0.0443326
737 0.0300911 -0.0387725
738 0.000948493 -0.0294398
739 -0.0269358 -0.0169288
740 -0.0497365 -0.00227903
741 -0.0644298 0.0130899
742 -0.0691993 0.0275207
743 -0.0636677 0.0393211
744 -0.0489238 0.0469974
745 -0.0273454 0.0494798
746 -0.00224501 0.0463013
747 0.0226103 0.0376969
748 0.0435375 0.0246017
749 0.0574592 0.00854513
750 0.0623373 -0.00854513
751 0.0574592 -0.0246017
752 0.0435375 -0.0376969
753 0.0226103 -0.0463013
754 -0.00224501 -0.0494798
755 -0.0273454 -0.0469974
756 -0.0489238 -0.0393211
757 -0.0636677 -0.0275207
758 -0.0691993 -0.0130899
759 -0.0644298 0.00227903
760 -0.0497365 0.0169288
761 -0.0269358 0.0294398
762 0.000948493 0.0387725
763 0.0300911 0.0443326
764 0.0563912 0.0459572
765 0.0760457 0.0438381
766 0.0860879 0.0384065
767 0.084816 0.0302115
768 0.0720459 0.0198229
769 0.0491533 0.00777942
770 0.0188946 -0.00540847
771 -0.014966 -0.0192079
772 -0.0481702 -0.0329859
773 -0.0765447 -0.0459354
774 -0.0965593 -0.0570366
775 -0.105784 -0.0650812
776 -0.103177 -0.0687739
777 -0.0891716 -0.0669057
778 -0.065548 -0.0585786
779 -0.035126 -0.0434395
780 -0.0013317 -0.0218768
781 0.0322863 0.00486872
782 0.0625118 0.034717
783 0.0868173 0.064902
784 0.103573 0.0922583
785 0.11209 0.113605
786 0.112514 0.12617
787 0.1056 0.127991
788 0.0924481 0.11821
789 0.0742384 0.0972304
790 0.0520454 0.0666789
791 0.0267523 0.0291973
792 -0.000921566 -0.0119151
793 -0.0303011 -0.0531398
794 -0.0605897 -0.0911859
795 -0.090712 -0.123365
796 -0.119223 -0.147838
797 -0.144318 -0.163693
798 -0.163968 -0.170862
799 -0.176151 -0.169905
800 -0.179151 -0.161726
801 -0.171847 -0.147288
802 -0.153943 -0.127388
803 -0.126075 -0.102556
804 -0.0897573 -0.0730719
805 -0.047195 -0.0391055
806 -0.000969995 -0.000914923
807 0.0463196 0.0409469
808 0.0923999 0.0854861
809 0.135574 0.131231
810 0.174837 0.176322
811 0.209838 0.218721
812 0.240715 0.25649
813 0.26784 0.288074
814 0.291558 0.312534
815 0.311978 0.329653
816 0.328874 0.339907
817 0.341715 0.344296
818 0.349811 0.344088
819 0.352536 0.340522
820 0.349561 0.334565
821 0.34102 0.326763
822 0.327578 0.317219
823 0.310366 0.305712
824 0.290796 0.291893
825 0.270306 0.275525
826 0.250107 0.256674
827 0.230982 0.235809
828 0.213202 0.213775
829 0.196573 0.19166
830 0.180601 0.170566
831 0.164714 0.151385
832 0.148502 0.134613
833 0.131876 0.120273
834 0.115131 0.107959
835 0.0988771 0.0969928
836 0.0838751 0.0866477
837 0.0708186 0.076366
838 0.0601353 0.0659194
839 0.0518632 0.055459
840 0.0456391 0.0454475
841 0.0408032 0.0364947
842 0.0365875 0.0291508
843 0.0323286 0.0237208
844 0.0276447 0.020156
845 0.0225204 0.0180575
846 0.0172786 0.0167864
847 0.0124485 0.0156477
848 0.00857508 0.0140871
849 0.00602839 0.0118411
850 0.0048749 0.0089932
851 0.00484868 0.00592038
852 0.00543059 0.00314931
853 0.00600763 0.00116984
854 0.00606004 0.000266669
855 0.0053151 0.000422956
856 0.00381841 0.00132593
857 0.00190104 0.0024703
858 5.52017e-05 0.00332339
859 -0.00123882 0.00349615
860 -0.00167643 0.00286293
861 -0.00122898 0.00159097
862 -0.000148442 7.16111e-05
863 0.00112293 -0.00122174
864 0.00210537 -0.00189919
865 0.00244355 -0.00178661
866 0.00202218 -0.000980234
867 0.000996489 0.000193694
868 -0.000270958 0.00129795
869 -0.00134345 0.00193901
870 -0.00186528 0.00190241
871 -0.00168429 0.0012218
872 -0.000899336 0.000158655
873 0.000182257 -0.000898151
874 0.0011602 -0.00157529
875 0.0016868 -0.00164841
876 0.00158975 -0.00111824
877 0.000928359 -0.000203207
878 -3.54955e-05 0.000746883
879 -0.000939295 0.00138266
880 -0.00145568 0.00148322
881 -0.00141157 0.00103331
882 -0.000846974 0.000222149
883 6.71679e-06 -0.000633581
884 0.000819146 -0.00121229
885 0.00128777 -0.00130834
886 0.00125059 -0.000905745
887 0.000742693 -0.000177998
888 -2.36088e-05 0.00058418
889 -0.00074547 0.00108782
890 -0.00114839 0.00115022
891 -0.00109078 0.000765739
892 -0.000614168 0.000102073
893 7.89575e-05 -0.00057075
894 0.000709393 -0.000989287
895 0.00103298 -0.000999837
896 0.00093536 -0.000615343
897 0.000472724 -4.67337e-06
898 -0.000156162 0.000579747
899 -0.000693864 0.000905527
900 -0.000929145 0.000852807
901 -0.000780196 0.000458721
902 -0.000323232 -0.000102933
903 0.000243699 -0.000596892
904 0.000685361 -0.000824447
905 0.000826605 -0.000703559
906 0.000622128 -0.000298621
907 0.000170693 0.00021112
908 -0.000330603 0.00060979
909 -0.00067148 0.000736004
910 -0.000716555 0.000548448
911 -0.000459412 0.0001391
912 -2.08823e-05 -0.000310099
913 0.0004063 -0.000607312
914 0.000641586 -0.000632626
915 0.000592963 -0.000386707
916 0.000293177 1.36484e-05
917 -0.000118612 0.000389729
918 -0.000460383 0.00058017
919 -0.000587367 0.000510258
920 -0.000453535 0.000221413
921 -0.000128202 -0.000150928
922 0.000238269 -0.000439944
923 0.000483259 -0.00052192
924 0.000503943 -0.000369384
925 0.000300656 -5.9923e-05
926 -2.68562e-05 0.00026202
927 -0.000327349 0.00045201
928 -0.000467518 0.00043039
929 -0.000391197 0.000215856
930 -0.000141961 -8.64424e-05
931 0.000160092 -0.000335626
932 0.000375541 -0.000420465
933 0.000409844 -0.000309146
934 0.000254986 -6.10554e-05
935 -9.90177e-06 0.000203773
936 -0.000258067 0.000362243
937 -0.000375425 0.000345368
938 -0.000313042 0.000168443
939 -0.000107614 -7.90843e-05
940 0.000138728 -0.000278165
941 0.000308643 -0.000337185
942 0.000325355 -0.000234224
943 0.000187471 -2.49542e-05
944 -3.30386e-05 0.000186589
945 -0.000227705 0.000299358
946 -0.000304642 0.000263547
947 -0.000231978 0.000102684
948 -5.10254e-05 -0.000100339
949 0.000146268 -0.000245485
950 0.000263649 -0.000264737
951 0.000247471 -0.000154072
952 0.000111307 2.68743e-05
953 -7.31023e-05 0.00018634
954 -0.000213155 0.000246743
955 -0.000241738 0.00018247
956 -0.000149469 3.06835e-05
957 1.27358e-05 -0.000129412
958 0.00016117 -0.000217589
959 0.000222299 -0.000192774
960 0.00016922 -7.22466e-05
961 3.34822e-05 7.91775e-05
962 -0.000112931 0.000183627
963 -0.000195479 0.000190125
964 -0.000174981 9.95448e-05
965 -6.62731e-05 -3.77262e-05
966 7.13327e-05 -0.000149384
967 0.000166061 -0.000179146
968 0.000171023 -0.000115165
969 8.74916e-05 5.46556e-06
970 -3.75172e-05 0.00011774
971 -0.000137318 0.000163577
972 -0.000160999 0.000121882
973 -9.94381e-05 1.82345e-05
974 1.14501e-05 -9.02563e-05
975 0.000111243 -0.000146197
976 0.000147769 -0.000122254
977 0.000104405 -3.45431e-05
978 7.58598e-06 6.75406e-05
979 -8.88467e-05 0.000128899
980 -0.0001334 0.000118426
981 -0.000104421 4.48187e-05
982 -2.06312e-05 -4.9572e-05
983 7.04533e-05 -0.000112857
984 0.000119267 -0.00011207
985 0.000101143 -5.03822e-05
986 2.88081e-05 3.59653e-05
987 -5.59449e-05 9.86932e-05
988 -0.000106197 0.000104404
989 -9.58398e-05 5.23978e-05
990 -3.31716e-05 -2.61543e-05
991 4.49579e-05 -8.66386e-05
992 9.46103e-05 -9.62541e-05
993 8.94217e-05 -5.1828e-05
994 3.4633e-05 1.95161e-05
995 -3.70122e-05 7.667e-05
996 -8.46363e-05 8.81411e-05
997 -8.24996e-05 4.94262e-05
998 -3.3941e-05 -1.54512e-05
999 3.15943e-05 -6.86111e-05
