0 0.0110546 -0.00997336
1 0.00931708 -0.00666193
2 0.00556978 -0.00197821
3 0.000708873 0.00298573
4 -0.00414084 0.00709995
5 -0.00788345 0.00945437
6 -0.00969999 0.00956306
7 -0.00923081 0.00746799
8 -0.00665062 0.0037192
9 -0.002619 -0.000762739
10 0.00188168 -0.00490859
11 0.00578257 -0.00775385
12 0.00818213 -0.00866415
13 0.0085568 -0.00747978
14 0.00687826 -0.00454546
15 0.00361025 -0.000618771
16 -0.000412785 0.00332038
17 -0.0041945 0.00631249
18 -0.0068216 0.00765327
19 -0.00768507 0.00706241
20 -0.00662419 0.00474454
21 -0.00395828 0.00132839
22 -0.000398713 -0.00229914
23 0.00313626 -0.00522086
24 0.00575689 -0.00672074
25 0.00682703 -0.00646094
26 0.00612136 -0.00456012
27 0.00387456 -0.00155446
28 0.000711192 0.00174811
29 -0.00252398 0.00448204
30 -0.00498961 0.00595094
31 -0.00606642 0.00580722
32 -0.00551417 0.00413731
33 -0.00352706 0.00143003
34 -0.000673888 -0.00156212
35 0.00225999 -0.00403024
36 0.00448657 -0.00532773
37 0.00542733 -0.0051409
38 0.00486596 -0.00356624
39 0.00300046 -0.00107493
40 0.000380548 0.00162373
41 -0.00225107 0.00378158
42 -0.00416824 0.00481836
43 -0.00486233 0.00447914
44 -0.00417864 0.00289935
45 -0.00235116 0.000559488
46 7.20991e-05 -0.00185706
47 0.0023901 -0.0036622
48 0.00394982 -0.00435992
49 0.00433022 -0.00378468
50 0.00345753 -0.00214176
51 0.00161971 6.0853e-05
52 -0.000623439 0.00216714
53 -0.00260794 0.00356752
54 -0.00376178 0.00387537
55 -0.00377143 0.00303458
56 -0.00266919 0.00132819
57 -0.000816122 -0.000712623
58 0.00121327 -0.00247102
59 0.00280798 -0.00342981
60 0.00350464 -0.00332441
61 0.0031228 -0.00221789
62 0.00181204 -0.000475769
63 -1.59357e-06 0.00135135
64 -0.00175128 0.00270067
65 -0.00290484 0.00317141
66 -0.00312636 0.00264557
67 -0.00237513 0.00131814
68 -0.000912479 -0.000371708
69 0.0007851 -0.00188438
70 0.002179 -0.0027518
71 0.00283934 -0.00272241
72 0.00257917 -0.00183444
73 0.00150924 -0.000396252
74 -3.88268e-06 0.00111797
75 -0.00146162 0.00222259
76 -0.00239754 0.00257558
77 -0.00252729 0.0020852
78 -0.00183575 0.000934774
79 -0.000574305 -0.0004819
80 0.000828295 -0.00169314
81 0.00191029 -0.00230619
82 0.00232814 -0.00213597
83 0.00196552 -0.00126278
84 0.000965901 2.96127e-07
85 -0.000320542 0.00121804
86 -0.00145712 0.00198312
87 -0.00206767 0.0020531
88 -0.00196161 0.00142794
89 -0.00119512 0.000342865
90 -4.77371e-05 -0.000818546
91 0.00107725 -0.00165898
92 0.00179419 -0.00190273
93 0.00186836 -0.00148593
94 0.00129437 -0.000572555
95 0.000292568 0.000507427
96 -0.000774078 0.00137522
97 -0.00153127 0.00173502
98 -0.00172514 0.00147524
99 -0.00130756 0.000704345
100 -0.000446556 -0.000290997
101 0.000539726 -0.00115062
102 0.0012994 -0.00157098
103 0.00157155 -0.00141364
104 0.00127541 -0.00075244
105 0.000534082 0.000157679
106 -0.000374057 0.000978041
107 -0.00111788 0.00141268
108 -0.00143321 0.00131608
109 -0.00121703 0.000742351
110 -0.000562392 -8.10607e-05
111 0.000278532 -0.00084289
112 0.000989979 -0.00126553
113 0.0013111 -0.00120595
114 0.00113289 -0.000703502
115 0.000536718 4.06769e-05
116 -0.000240307 0.000742894
117 -0.000898993 0.00114378
118 -0.0011939 0.00110331
119 -0.00102579 0.000649698
120 -0.000475248 -3.47823e-05
121 0.000234087 -0.000684995
122 0.000826118 -0.00105437
123 0.00107981 -0.00100843
124 0.000911511 -0.000575004
125 0.000401638 6.84721e-05
126 -0.000242163 0.000665941
127 -0.000768658 0.000984369
128 -0.000980103 0.000905719
129 -0.000805768 0.000472194
130 -0.000325158 -0.000133542
131 0.000266357 -0.000664751
132 0.000735321 -0.00091171
133 0.000901278 -0.000785529
134 0.000706272 -0.000350499
135 0.00023602 0.000207029
136 -0.000315645 0.000658464
137 -0.000725328 0.000826991
138 -0.000830509 0.000656793
139 -0.000595196 0.000230406
140 -0.000123532 -0.000270373
141 0.000384761 -0.000641568
142 0.000718712 -0.000739457
143 0.000744581 -0.000535405
144 0.000460715 -0.000122784
145 -4.54954e-06 0.000324654
146 -0.000450388 0.000624733
147 -0.000690667 0.000660019
148 -0.000632468 0.000423445
149 -0.000312247 1.89661e-05
150 0.000124563 -0.00038254
151 0.000489623 -0.000614233
152 0.000633127 -0.000582399
153 0.000505142 -0.000305211
154 0.000171805 9.53958e-05
155 -0.000218027 0.00044602
156 -0.000498948 0.000596548
157 -0.000558588 0.000485277
158 -0.000381682 0.000165591
159 -5.19557e-05 -0.000218198
160 0.000286703 -0.000495604
161 0.00049204 -0.00054637
162 0.000482215 -0.00035379
163 0.000267913 -1.05682e-05
164 -5.4448e-05 0.000325257
165 -0.000344825 0.000503495
166 -0.000479293 0.000449829
167 -0.0004026 0.000197312
168 -0.000151472 -0.000132368
169 0.000161544 -0.000387631
170 0.000397344 -0.000457191
171 0.00045177 -0.000318788
172 0.000302319 -4.49942e-05
173 1.86806e-05 0.000234478
174 -0.000268575 0.000394354
175 -0.000427755 0.000369854
176 -0.000387041 0.000182175
177 -0.000168064 -7.61206e-05
178 0.000124325 -0.000286548
179 0.000351855 -0.000358672
180 0.000408697 -0.000268198
181 0.000271668 -6.36486e-05
182 1.03744e-05 0.00015906
183 -0.000247626 0.000300988
184 -0.000379382 0.00030328
185 -0.000325888 0.000170759
186 -0.000119098 -3.28965e-05
187 0.000136127 -0.000215002
188 0.000315264 -0.000295132
189 0.000335382 -0.000239999
190 0.000193932 -7.72323e-05
191 -3.33212e-05 0.000117634
192 -0.000232674 0.000255265
193 -0.000309635 0.000272902
194 -0.000233918 0.000163112
195 -5.07064e-05 -2.23443e-05
196 0.00014557 -0.000195972
197 0.000259945 -0.000275268
198 0.000242891 -0.000222075
199 0.000111264 -6.16877e-05
200 -6.43246e-05 0.000128274
201 -0.00019721 0.000254894
202 -0.000227331 0.000255516
203 -0.000147893 0.000129413
204 -4.49296e-06 -6.08259e-05
205 0.00013059 -0.000219838
206 0.000194604 -0.000267336
207 0.000162984 -0.000179198
208 5.76715e-05 -4.40674e-07
209 -6.69179e-05 0.000177268
210 -0.000151712 0.000262589
211 -0.000160494 0.000211881
212 -9.45982e-05 5.21425e-05
213 1.06648e-05 -0.000132874
214 0.000104566 -0.000246471
215 0.00014492 -0.000229835
216 0.000116418 -9.29944e-05
217 3.57582e-05 9.06876e-05
218 -5.76761e-05 0.000223664
219 -0.000120581 0.000236182
220 -0.000125276 0.000123252
221 -7.15349e-05 -5.31818e-05
222 1.41503e-05 -0.000197987
223 9.12003e-05 -0.000234191
224 0.000123711 -0.000144171
225 9.69486e-05 2.15234e-05
226 2.41295e-05 0.000172271
227 -5.97251e-05 0.000226897
228 -0.000114237 0.000157552
229 -0.000112936 4.12115e-06
230 -5.62394e-05 -0.0001484
231 2.83086e-05 -0.000216869
232 9.90829e-05 -0.000165389
233 0.000120727 -2.42875e-05
234 8.19266e-05 0.000127424
235 1.59475e-06 0.000206119
236 -8.00704e-05 0.000169632
237 -0.000121585 3.9957e-05
238 -0.000101345 -0.000109712
239 -2.90814e-05 -0.000196085
240 5.85911e-05 -0.000172036
241 0.000116643 -5.23552e-05
242 0.000114835 9.51e-05
243 5.36298e-05 0.000187667
244 -3.56515e-05 0.000174072
245 -0.000106813 6.2804e-05
246 -0.000122754 -8.30228e-05
247 -7.49351e-05 -0.000181277
248 1.19603e-05 -0.000176887
249 9.27608e-05 -7.26171e-05
250 0.000125363 7.26171e-05
251 9.27608e-05 0.000176887
252 1.19603e-05 0.000181277
253 -7.49351e-05 8.30228e-05
254 -0.000122754 -6.2804e-05
255 -0.000106813 -0.000174072
256 -3.56515e-05 -0.000187667
257 5.36298e-05 -9.51e-05
258 0.000114835 5.23552e-05
259 0.000116643 0.000172036
260 5.85911e-05 0.000196085
261 -2.90814e-05 0.000109712
262 -0.000101345 -3.9957e-05
263 -0.000121585 -0.000169632
264 -8.00704e-05 -0.000206119
265 1.59475e-06 -0.000127424
266 8.19266e-05 2.42875e-05
267 0.000120727 0.000165389
268 9.90829e-05 0.000216869
269 2.83086e-05 0.0001484
270 -5.62394e-05 -4.12115e-06
271 -0.000112936 -0.000157552
272 -0.000114237 -0.000226897
273 -5.97251e-05 -0.000172271
274 2.41295e-05 -2.15234e-05
275 9.69486e-05 0.000144171
276 0.000123711 0.000234191
277 9.12003e-05 0.000197987
278 1.41503e-05 5.31818e-05
279 -7.15349e-05 -0.000123252
280 -0.000125276 -0.000236182
281 -0.000120581 -0.000223664
282 -5.76761e-05 -9.06876e-05
283 3.57582e-05 9.29944e-05
284 0.000116418 0.000229835
285 0.00014492 0.000246471
286 0.000104566 0.000132874
287 1.06648e-05 -5.21425e-05
288 -9.45982e-05 -0.000211881
289 -0.000160494 -0.000262589
290 -0.000151712 -0.000177268
291 -6.69179e-05 4.40674e-07
292 5.76715e-05 0.000179198
293 0.000162984 0.000267336
294 0.000194604 0.000219838
295 0.00013059 6.08259e-05
296 -4.49296e-06 -0.000129413
297 -0.000147893 -0.000255516
298 -0.000227331 -0.000254894
299 -0.00019721 -0.000128274
300 -6.43246e-05 6.16877e-05
301 0.000111264 0.000222075
302 0.000242891 0.000275268
303 0.000259945 0.000195972
304 0.00014557 2.23443e-05
305 -5.07064e-05 -0.000163112
306 -0.000233918 -0.000272902
307 -0.000309635 -0.000255265
308 -0.000232674 -0.000117634
309 -3.33212e-05 7.72323e-05
310 0.000193932 0.000239999
311 0.000335382 0.000295132
312 0.000315264 0.000215002
313 0.000136127 3.28965e-05
314 -0.000119098 -0.000170759
315 -0.000325888 -0.00030328
316 -0.000379382 -0.000300988
317 -0.000247626 -0.00015906
318 1.03744e-05 6.36486e-05
319 0.000271668 0.000268198
320 0.000408697 0.000358672
321 0.000351855 0.000286548
322 0.000124325 7.61206e-05
323 -0.000168064 -0.000182175
324 -0.000387041 -0.000369854
325 -0.000427755 -0.000394354
326 -0.000268575 -0.000234478
327 1.86806e-05 4.49942e-05
328 0.000302319 0.000318788
329 0.00045177 0.000457191
330 0.000397344 0.000387631
331 0.000161544 0.000132368
332 -0.000151472 -0.000197312
333 -0.0004026 -0.000449829
334 -0.000479293 -0.000503495
335 -0.000344825 -0.000325257
336 -5.4448e-05 1.05682e-05
337 0.000267913 0.00035379
338 0.000482215 0.00054637
339 0.00049204 0.000495604
340 0.000286703 0.000218198
341 -5.19557e-05 -0.000165591
342 -0.000381682 -0.000485277
343 -0.000558588 -0.000596548
344 -0.000498948 -0.00044602
345 -0.000218027 -9.53958e-05
346 0.000171805 0.000305211
347 0.000505142 0.000582399
348 0.000633127 0.000614233
349 0.000489623 0.00038254
350 0.000124563 -1.89661e-05
351 -0.000312247 -0.000423445
352 -0.000632468 -0.000660019
353 -0.000690667 -0.000624733
354 -0.000450388 -0.000324654
355 -4.54954e-06 0.000122784
356 0.000460715 0.000535405
357 0.000744581 0.000739457
358 0.000718712 0.000641568
359 0.000384761 0.000270373
360 -0.000123532 -0.000230406
361 -0.000595196 -0.000656793
362 -0.000830509 -0.000826991
363 -0.000725328 -0.000658464
364 -0.000315645 -0.000207029
365 0.00023602 0.000350499
366 0.000706272 0.000785529
367 0.000901278 0.00091171
368 0.000735321 0.000664751
369 0.000266357 0.000133542
370 -0.000325158 -0.000472194
371 -0.000805768 -0.000905719
372 -0.000980103 -0.000984369
373 -0.000768658 -0.000665941
374 -0.000242163 -6.84721e-05
375 0.000401638 0.000575004
376 0.000911511 0.00100843
377 0.00107981 0.00105437
378 0.000826118 0.000684995
379 0.000234087 3.47823e-05
380 -0.000475248 -0.000649698
381 -0.00102579 -0.00110331
382 -0.0011939 -0.00114378
383 -0.000898993 -0.000742894
384 -0.000240307 -4.06769e-05
385 0.000536718 0.000703502
386 0.00113289 0.00120595
387 0.0013111 0.00126553
388 0.000989979 0.00084289
389 0.000278532 8.10607e-05
390 -0.000562392 -0.000742351
391 -0.00121703 -0.00131608
392 -0.00143321 -0.00141268
393 -0.00111788 -0.000978041
394 -0.000374057 -0.000157679
395 0.000534082 0.00075244
396 0.00127541 0.00141364
397 0.00157155 0.00157098
398 0.0012994 0.00115062
399 0.000539726 0.000290997
400 -0.000446556 -0.000704345
401 -0.00130756 -0.00147524
402 -0.00172514 -0.00173502
403 -0.00153127 -0.00137522
404 -0.000774078 -0.000507427
405 0.000292568 0.000572555
406 0.00129437 0.00148593
407 0.00186836 0.00190273
408 0.00179419 0.00165898
409 0.00107725 0.000818546
410 -4.77371e-05 -0.000342865
411 -0.00119512 -0.00142794
412 -0.00196161 -0.0020531
413 -0.00206767 -0.00198312
414 -0.00145712 -0.00121804
415 -0.000320542 -2.96127e-07
416 0.000965901 0.00126278
417 0.00196552 0.00213597
418 0.00232814 0.00230619
419 0.00191029 0.00169314
420 0.000828295 0.0004819
421 -0.000574305 -0.000934774
422 -0.00183575 -0.0020852
423 -0.00252729 -0.00257558
424 -0.00239754 -0.00222259
425 -0.00146162 -0.00111797
426 -3.88268e-06 0.000396252
427 0.00150924 0.00183444
428 0.00257917 0.00272241
429 0.00283934 0.0027518
430 0.002179 0.00188438
431 0.0007851 0.000371708
432 -0.000912479 -0.00131814
433 -0.00237513 -0.00264557
434 -0.00312636 -0.00317141
435 -0.00290484 -0.00270067
436 -0.00175128 -0.00135135
437 -1.59357e-06 0.000475769
438 0.00181204 0.00221789
439 0.0031228 0.00332441
440 0.00350464 0.00342981
441 0.00280798 0.00247102
442 0.00121327 0.000712623
443 -0.000816122 -0.00132819
444 -0.00266919 -0.00303458
445 -0.00377143 -0.00387537
446 -0.00376178 -0.00356752
447 -0.00260794 -0.00216714
448 -0.000623439 -6.0853e-05
449 0.00161971 0.00214176
450 0.00345753 0.00378468
451 0.00433022 0.00435992
452 0.00394982 0.0036622
453 0.0023901 0.00185706
454 7.20991e-05 -0.000559488
455 -0.00235116 -0.00289935
456 -0.00417864 -0.00447914
457 -0.00486233 -0.00481836
458 -0.00416824 -0.00378158
459 -0.00225107 -0.00162373
460 0.000380548 0.00107493
461 0.00300046 0.00356624
462 0.00486596 0.0051409
463 0.00542733 0.00532773
464 0.00448657 0.00403024
465 0.00225999 0.00156212
466 -0.000673888 -0.00143003
467 -0.00352706 -0.00413731
468 -0.00551417 -0.00580722
469 -0.00606642 -0.00595094
470 -0.00498961 -0.00448204
471 -0.00252398 -0.00174811
472 0.000711192 0.00155446
473 0.00387456 0.00456012
474 0.00612136 0.00646094
475 0.00682703 0.00672074
476 0.00575689 0.00522086
477 0.00313626 0.00229914
478 -0.000398713 -0.00132839
479 -0.00395828 -0.00474454
480 -0.00662419 -0.00706241
481 -0.00768507 -0.00765327
482 -0.0068216 -0.00631249
483 -0.0041945 -0.00332038
484 -0.000412785 0.000618771
485 0.00361025 0.00454546
486 0.00687826 0.00747978
487 0.0085568 0.00866415
488 0.00818213 0.00775385
489 0.00578257 0.00490859
490 0.00188168 0.000762739
491 -0.002619 -0.0037192
492 -0.00665062 -0.00746799
493 -0.00923081 -0.00956306
494 -0.00969999 -0.00945437
495 -0.00788345 -0.00709995
496 -0.00414084 -0.00298573
497 0.000708873 0.00197821
498 0.00556978 0.00666193
499 0.00931708 0.00997336
500 0.0110546 0.0111101
501 0.0103238 0.00974769
502 0.00721558 0.00612062
503 0.00236067 0.000979289
504 -0.00320255 -0.00456932
505 -0.00825269 -0.0093013
506 -0.0116535 -0.0121442
507 -0.0126059 -0.0124151
508 -0.0108287 -0.00997743
509 -0.00662783 -0.00527969
510 -0.000839551 0.00073082
511 0.00534025 0.00680325
512 0.0106047 0.0116451
513 0.0138105 0.0141949
514 0.0142209 0.0138493
515 0.0116666 0.0105952
516 0.00659059 0.00502186
517 -3.32631e-05 -0.00179114
518 -0.00689178 -0.00848619
519 -0.0125947 -0.0136988
520 -0.0159549 -0.0163326
521 -0.0162293 -0.0157836
522 -0.0132734 -0.0120677
523 -0.00757813 -0.00582733
524 -0.000182999 0.0017857
525 0.00751831 0.00932763
526 0.0140422 0.0153377
527 0.0180989 0.0186177
528 0.0188416 0.0184637
529 0.0160336 0.0148054
530 0.0101011 0.00822864
531 0.00206282 -0.000125072
532 -0.0066515 -0.00876114
533 -0.0144583 -0.0161017
534 -0.0199071 -0.0207718
535 -0.0219439 -0.0218512
536 -0.0201054 -0.0190442
537 -0.0146087 -0.0127406
538 -0.00632222 -0.00395418
539 0.00337882 0.00584686
540 0.0128452 0.0149889
541 0.0204355 0.0218785
542 0.0247972 0.0252747
543 0.0250992 0.0245037
544 0.0211777 0.0195784
545 0.01357 0.0112042
546 0.00343304 0.000669242
547 -0.00763949 -0.0103604
548 -0.0178715 -0.0201072
549 -0.0255889 -0.0269674
550 -0.0294879 -0.0297671
551 -0.0288457 -0.0279525
552 -0.0236391 -0.0216815
553 -0.0145546 -0.0118064
554 -0.00288832 0.000251083
555 0.00964687 0.0127113
556 0.0211769 0.0237029
557 0.0299458 0.0315417
558 0.0345767 0.0349819
559 0.0342775 0.0334014
560 0.0289602 0.0268966
561 0.0192589 0.0162729
562 0.00644408 0.00293532
563 -0.0077534 -0.011306
564 -0.0213819 -0.0244858
565 -0.0325379 -0.0347541
566 -0.0396274 -0.0406304
567 -0.0415827 -0.0412057
568 -0.0380087 -0.0362669
569 -0.029238 -0.0263272
570 -0.0162909 -0.0125619
571 -0.000744643 0.00334149
572 0.015467 0.0193979
573 0.030299 0.033575
574 0.0418521 0.0440482
575 0.0486087 0.0494268
576 0.0496199 0.0489261
577 0.0446213 0.0424621
578 0.034065 0.0306627
579 0.0190675 0.0147928
580 0.00127801 -0.00339282
581 -0.0173119 -0.0218524
582 -0.0345969 -0.0384897
583 -0.0485957 -0.0513901
584 -0.0576715 -0.0590329
585 -0.0607113 -0.0604578
586 -0.057245 -0.0553665
587 -0.0474935 -0.0441528
588 -0.032343 -0.0278576
589 -0.0132502 -0.0080579
590 0.00791143 0.0132975
591 0.0290434 0.034087
592 0.0480341 0.0522289
593 0.0629675 0.0658858
594 0.0723071 0.0736409
595 0.0750406 0.07463
596 0.0707704 0.0686175
597 0.0597452 0.0560119
598 0.0428308 0.0378224
599 0.0214254 0.0155613
600 -0.00267077 -0.00889527
601 -0.0274176 -0.0334747
602 -0.0507138 -0.0560882
603 -0.0705748 -0.0748066
604 -0.0852956 -0.0880179
605 -0.0935861 -0.0945529
606 -0.0946671 -0.093771
607 -0.0883234 -0.0856009
608 -0.07491 -0.0705358
609 -0.0553136 -0.0495846
610 -0.0308754 -0.0241865
611 -0.00328314 0.00390324
612 0.0255582 0.0327466
613 0.0536654 0.060363
614 0.0791159 0.0848662
615 0.100177 0.104589
616 0.115414 0.118186
617 0.123776 0.124713
618 0.124652 0.123672
619 0.117892 0.115029
620 0.1038 0.0992001
621 0.0831044 0.0770089
622 0.0568957 0.0496265
623 0.0265522 0.0184893
624 -0.00634835 -0.01479
625 -0.0401233 -0.0485171
626 -0.0730786 -0.081009
627 -0.103597 -0.11068
628 -0.130214 -0.136116
629 -0.151686 -0.156135
630 -0.167034 -0.16983
631 -0.175574 -0.176596
632 -0.176934 -0.176137
633 -0.17105 -0.168464
634 -0.158145 -0.153869
635 -0.138706 -0.132896
636 -0.113436 -0.106301
637 -0.0832197 -0.0750003
638 -0.0490646 -0.0400282
639 -0.0120574 -0.00248209
640 0.0266866 0.0365225
641 0.0660674 0.0758957
642 0.105039 0.114611
643 0.142645 0.151736
644 0.178037 0.186457
645 0.210503 0.218095
646 0.239469 0.246113
647 0.26451 0.270123
648 0.285347 0.28988
649 0.301836 0.305274
650 0.313963 0.316321
651 0.321827 0.323145
652 0.325622 0.325963
653 0.325622 0.325065
654 0.322166 0.320802
655 0.315632 0.313562
656 0.30643 0.303758
657 0.294979 0.291811
658 0.281701 0.278141
659 0.267004 0.263151
660 0.251274 0.247221
661 0.234872 0.230703
662 0.218123 0.213914
663 0.201315 0.197132
664 0.184698 0.180598
665 0.168484 0.164513
666 0.152845 0.149041
667 0.137918 0.134309
668 0.123806 0.120414
669 0.110581 0.107419
670 0.0982881 0.0953635
671 0.0869482 0.0842628
672 0.0765621 0.0741133
673 0.0671136 0.064895
674 0.0585731 0.0565755
675 0.0509002 0.0491124
676 0.0440469 0.0424561
677 0.0379601 0.0365521
678 0.032583 0.0313432
679 0.0278574 0.0267713
680 0.0237251 0.0227784
681 0.0201292 0.0193079
682 0.0170146 0.0163055
683 0.0143293 0.0137197
684 0.0120245 0.0115026
685 0.0100546 0.00960979
686 0.0083782 0.00800063
687 0.00695728 0.00663819
688 0.0057578 0.00548919
689 0.00474928 0.00452397
690 0.0039046 0.00371627
691 0.00319976 0.00304294
692 0.00261375 0.00248372
693 0.00212829 0.0020209
694 0.0017276 0.0016392
695 0.00139807 0.00132549
696 0.001128 0.00106857
697 0.000907372 0.000858901
698 0.000727693 0.000688356
699 0.000581852 0.000550064
700 0.000463899 0.000438261
701 0.000368837 0.000348161
702 0.000292451 0.000275803
703 0.000231219 0.000217896
704 0.000182262 0.000171689
705 0.000143255 0.000134907
706 0.000112309 0.000105695
707 8.78482e-05 8.25685e-05
708 6.85445e-05 6.43358e-05
709 5.33173e-05 5.00183e-05
710 4.13305e-05 3.87999e-05
711 3.19491e-05 3.00127e-05
712 2.46606e-05 2.31357e-05
713 1.90156e-05 1.77768e-05
714 1.46252e-05 1.3633e-05
715 1.11915e-05 1.04484e-05
716 8.51835e-06 7.99792e-06
717 6.47438e-06 6.09751e-06
718 4.93789e-06 4.61868e-06
719 3.77531e-06 3.48194e-06
720 2.86714e-06 2.62932e-06
721 2.14412e-06 1.99861e-06
722 1.58724e-06 1.52157e-06
723 1.18843e-06 1.14356e-06
724 9.135e-07 8.40404e-07
725 7.06057e-07 6.11944e-07
726 5.24195e-07 4.57414e-07
727 3.65965e-07 3.57261e-07
728 2.5392e-07 2.7963e-07
729 1.96427e-07 2.03482e-07
730 1.69266e-07 1.3267e-07
731 1.3693e-07 8.519e-08
732 8.77026e-08 6.87209e-08
733 4.19405e-08 6.85392e-08
734 2.47102e-08 6.06721e-08
735 3.4736e-08 3.58322e-08
736 4.49161e-08 7.93603e-09
737 3.27355e-08 -2.27306e-09
738 4.8791e-09 9.20603e-09
739 -1.20325e-08 2.45518e-08
740 -3.13745e-09 2.31056e-08
741 1.74462e-08 3.64774e-09
742 2.3302e-08 -1.4509e-08
743 6.29995e-09 -1.29077e-08
744 -1.45309e-08 5.61054e-09
745 -1.57167e-08 1.98899e-08
746 3.1953e-09 1.36354e-08
747 1.93663e-08 -6.70469e-09
748 1.35544e-08 -1.90666e-08
749 -7.44431e-09 -1.00985e-08
750 -1.89501e-08 1.00985e-08
751 -7.44431e-09 1.90666e-08
752 1.35544e-08 6.70469e-09
753 1.93663e-08 -1.36354e-08
754 3.1953e-09 -1.98899e-08
755 -1.57167e-08 -5.61053e-09
756 -1.45309e-08 1.29077e-08
757 6.29995e-09 1.4509e-08
758 2.3302e-08 -3.64774e-09
759 1.74462e-08 -2.31056e-08
760 -3.13745e-09 -2.45518e-08
761 -1.20325e-08 -9.20603e-09
762 4.8791e-09 2.27306e-09
763 3.27355e-08 -7.93603e-09
764 4.49161e-08 -3.58322e-08
765 3.4736e-08 -6.06721e-08
766 2.47102e-08 -6.85392e-08
767 4.19405e-08 -6.87209e-08
768 8.77026e-08 -8.519e-08
769 1.3693e-07 -1.3267e-07
770 1.69266e-07 -2.03482e-07
771 1.96427e-07 -2.7963e-07
772 2.5392e-07 -3.57261e-07
773 3.65965e-07 -4.57414e-07
774 5.24195e-07 -6.11944e-07
775 7.06057e-07 -8.40404e-07
776 9.135e-07 -1.14356e-06
777 1.18843e-06 -1.52157e-06
778 1.58724e-06 -1.99861e-06
779 2.14412e-06 -2.62932e-06
780 2.86714e-06 -3.48194e-06
781 3.77531e-06 -4.61868e-06
782 4.93789e-06 -6.09751e-06
783 6.47438e-06 -7.99792e-06
784 8.51835e-06 -1.04484e-05
785 1.11915e-05 -1.3633e-05
786 1.46252e-05 -1.77768e-05
787 1.90156e-05 -2.31357e-05
788 2.46606e-05 -3.00127e-05
789 3.19491e-05 -3.87999e-05
790 4.13305e-05 -5.00183e-05
791 5.33173e-05 -6.43358e-05
792 6.85445e-05 -8.25685e-05
793 8.78482e-05 -0.000105695
794 0.000112309 -0.000134907
795 0.000143255 -0.000171689
796 0.000182262 -0.000217896
797 0.000231219 -0.000275803
798 0.000292451 -0.000348161
799 0.000368837 -0.000438261
800 0.000463899 -0.000550064
801 0.000581852 -0.000688356
802 0.000727693 -0.000858901
803 0.000907372 -0.00106857
804 0.001128 -0.00132549
805 0.00139807 -0.0016392
806 0.0017276 -0.0020209
807 0.00212829 -0.00248372
808 0.00261375 -0.00304294
809 0.00319976 -0.00371627
810 0.0039046 -0.00452397
811 0.00474928 -0.00548919
812 0.0057578 -0.00663819
813 0.00695728 -0.00800063
814 0.0083782 -0.00960979
815 0.0100546 -0.0115026
816 0.0120245 -0.0137197
817 0.0143293 -0.0163055
818 0.0170146 -0.0193079
819 0.0201292 -0.0227784
820 0.0237251 -0.0267713
821 0.0278574 -0.0313432
822 0.032583 -0.0365521
823 0.0379601 -0.0424561
824 0.0440469 -0.0491124
825 0.0509002 -0.0565755
826 0.0585731 -0.064895
827 0.0671136 -0.0741133
828 0.0765621 -0.0842628
829 0.0869482 -0.0953635
830 0.0982881 -0.107419
831 0.110581 -0.120414
832 0.123806 -0.134309
833 0.137918 -0.149041
834 0.152845 -0.164513
835 0.168484 -0.180598
836 0.184698 -0.197132
837 0.201315 -0.213914
838 0.218123 -0.230703
839 0.234872 -0.247221
840 0.251274 -0.263151
841 0.267004 -0.278141
842 0.281701 -0.291811
843 0.294979 -0.303758
844 0.30643 -0.313562
845 0.315632 -0.320802
846 0.322166 -0.325065
847 0.325622 -0.325963
848 0.325622 -0.323145
849 0.321827 -0.316321
850 0.313963 -0.305274
851 0.301836 -0.28988
852 0.285347 -0.270123
853 0.26451 -0.246113
854 0.239469 -0.218095
855 0.210503 -0.186457
856 0.178037 -0.151736
857 0.142645 -0.114611
858 0.105039 -0.0758957
859 0.0660674 -0.0365225
860 0.0266866 0.00248209
861 -0.0120574 0.0400282
862 -0.0490646 0.0750003
863 -0.0832197 0.106301
864 -0.113436 0.132896
865 -0.138706 0.153869
866 -0.158145 0.168464
867 -0.17105 0.176137
868 -0.176934 0.176596
869 -0.175574 0.16983
870 -0.167034 0.156135
871 -0.151686 0.136116
872 -0.130214 0.11068
873 -0.103597 0.081009
874 -0.0730786 0.0485171
875 -0.0401233 0.01479
876 -0.00634835 -0.0184893
877 0.0265522 -0.0496265
878 0.0568957 -0.0770089
879 0.0831044 -0.0992001
880 0.1038 -0.115029
881 0.117892 -0.123672
882 0.124652 -0.124713
883 0.123776 -0.118186
884 0.115414 -0.104589
885 0.100177 -0.0848662
886 0.0791159 -0.060363
887 0.0536654 -0.0327466
888 0.0255582 -0.00390324
889 -0.00328314 0.0241865
890 -0.0308754 0.0495846
891 -0.0553136 0.0705358
892 -0.07491 0.0856009
893 -0.0883234 0.093771
894 -0.0946671 0.0945529
895 -0.0935861 0.0880179
896 -0.0852956 0.0748066
897 -0.0705748 0.0560882
898 -0.0507138 0.0334747
899 -0.0274176 0.00889527
900 -0.00267077 -0.0155613
901 0.0214254 -0.0378224
902 0.0428308 -0.0560119
903 0.0597452 -0.0686175
904 0.0707704 -0.07463
905 0.0750406 -0.0736409
906 0.0723071 -0.0658858
907 0.0629675 -0.0522289
908 0.0480341 -0.034087
909 0.0290434 -0.0132975
910 0.00791143 0.0080579
911 -0.0132502 0.0278576
912 -0.032343 0.0441528
913 -0.0474935 0.0553665
914 -0.057245 0.0604578
915 -0.0607113 0.0590329
916 -0.0576715 0.0513901
917 -0.0485957 0.0384897
918 -0.0345969 0.0218524
919 -0.0173119 0.00339282
920 0.00127801 -0.0147928
921 0.0190675 -0.0306627
922 0.034065 -0.0424621
923 0.0446213 -0.0489261
924 0.0496199 -0.0494268
925 0.0486087 -0.0440482
926 0.0418521 -0.033575
927 0.030299 -0.0193979
928 0.015467 -0.00334149
929 -0.000744643 0.0125619
930 -0.0162909 0.0263272
931 -0.029238 0.0362669
932 -0.0380087 0.0412057
933 -0.0415827 0.0406304
934 -0.0396274 0.0347541
935 -0.0325379 0.0244858
936 -0.0213819 0.011306
937 -0.0077534 -0.00293532
938 0.00644408 -0.0162729
939 0.0192589 -0.0268966
940 0.0289602 -0.0334014
941 0.0342775 -0.0349819
942 0.0345767 -0.0315417
943 0.0299458 -0.0237029
944 0.0211769 -0.0127113
945 0.00964687 -0.000251083
946 -0.00288832 0.0118064
947 -0.0145546 0.0216815
948 -0.0236391 0.0279525
949 -0.0288457 0.0297671
950 -0.0294879 0.0269674
951 -0.0255889 0.0201072
952 -0.0178715 0.0103604
953 -0.00763949 -0.000669242
954 0.00343304 -0.0112042
955 0.01357 -0.0195784
956 0.0211777 -0.0245037
957 0.0250992 -0.0252747
958 0.0247972 -0.0218785
959 0.0204355 -0.0149889
960 0.0128452 -0.00584686
961 0.00337882 0.00395418
962 -0.00632222 0.0127406
963 -0.0146087 0.0190442
964 -0.0201054 0.0218512
965 -0.0219439 0.0207718
966 -0.0199071 0.0161017
967 -0.0144583 0.00876114
968 -0.0066515 0.000125072
969 0.00206282 -0.00822864
970 0.0101011 -0.0148054
971 0.0160336 -0.0184637
972 0.0188416 -0.0186177
973 0.0180989 -0.0153377
974 0.0140422 -0.00932763
975 0.00751831 -0.0017857
976 -0.000182999 0.00582733
977 -0.00757813 0.0120677
978 -0.0132734 0.0157836
979 -0.0162293 0.0163326
980 -0.0159549 0.0136988
981 -0.0125947 0.00848619
982 -0.00689178 0.00179114
983 -3.32631e-05 -0.00502186
984 0.00659059 -0.0105952
985 0.0116666 -0.0138493
986 0.0142209 -0.0141949
987 0.0138105 -0.0116451
988 0.0106047 -0.00680325
989 0.00534025 -0.00073082
990 -0.000839551 0.00527969
991 -0.00662783 0.00997743
992 -0.0108287 0.0124151
993 -0.0126059 0.0121442
994 -0.0116535 0.0093013
995 -0.00825269 0.00456932
996 -0.00320255 -0.000979289
997 0.00236067 -0.00612062
998 0.00721558 -0.00974769
999 0.0103238 -0.0111101
