0 0.00385152 -0.00658512
1 0.00719696 -0.00872478
2 0.00895018 -0.00893623
3 0.00874506 -0.00722003
4 0.00664201 -0.00399171
5 0.00311977 1.98947e-05
6 -0.00102825 0.00393645
7 -0.0048729 0.00691896
8 -0.00756236 0.00834254
9 -0.00851737 0.0079238
10 -0.00756055 0.00577733
11 -0.00494889 0.00239075
12 -0.0013042 -0.00147825
13 0.00253785 -0.00496475
14 0.00572086 -0.00728776
15 0.00755711 -0.00792859
16 0.00767223 -0.00675428
17 0.00607726 -0.00405294
18 0.00315733 -0.000468273
19 -0.00041752 0.00315402
20 -0.00383973 0.00597022
21 -0.00634055 0.00734108
22 -0.00735989 0.00698087
23 -0.00667405 0.00501644
24 -0.00445142 0.00194499
25 -0.00121944 -0.00149448
26 0.00225474 -0.00450022
27 0.00514537 -0.00639298
28 0.00676867 -0.00676521
29 0.00675168 -0.00556437
30 0.0051243 -0.00309615
31 0.00230875 4.9819e-05
32 -0.000991053 0.00313462
33 -0.00396966 0.00543732
34 -0.00592098 0.0064202
35 -0.00640715 0.00585607
36 -0.00535433 0.00388704
37 -0.00305638 0.00099677
38 -9.15256e-05 -0.00210233
39 0.00282251 -0.00464346
40 0.00499842 -0.00599913
41 0.00593598 -0.00584319
42 0.00543284 -0.00423579
43 0.00362771 -0.00160626
44 0.000967101 0.00136257
45 -0.00189799 0.00391599
46 -0.00426514 0.00542412
47 -0.00555044 0.00553951
48 -0.00543533 0.00427535
49 -0.00395242 0.00198795
50 -0.00148396 -0.000725877
51 0.0013317 -0.00318507
52 0.00376506 -0.00479262
53 0.00518896 -0.00517557
54 0.00524686 -0.00426684
55 0.00394759 -0.00231375
56 0.00165871 0.000185734
57 -0.000999014 0.00260386
58 -0.00332425 0.00433461
59 -0.00472425 0.00494253
60 -0.00486711 0.00427405
61 -0.00375759 0.0025023
62 -0.00172098 8.98216e-05
63 0.000694113 -0.00232673
64 0.00286349 -0.00410371
65 0.00424544 -0.00476599
66 0.00451069 -0.00414091
67 0.00361633 -0.00240977
68 0.00180957 -5.84778e-05
69 -0.000436725 0.00226015
70 -0.00254161 0.00391238
71 -0.00396049 0.00446214
72 -0.00432346 0.00378925
73 -0.00353399 0.00211365
74 -0.00180069 -7.76782e-05
75 0.000410621 -0.00217573
76 0.00249718 -0.00362082
77 0.00388329 -0.00405107
78 0.00418346 -0.00338883
79 0.00331647 -0.00184719
80 0.00153349 0.000139214
81 -0.000652045 0.00203533
82 -0.00261396 0.00334561
83 -0.00379774 0.00373802
84 -0.00388276 0.00312421
85 -0.00287218 0.00167876
86 -0.00108408 -0.000206108
87 0.000950905 -0.00202056
88 0.00265085 -0.00326957
89 0.00355158 -0.00360627
90 0.00343294 -0.00293124
91 0.00236838 -0.00142813
92 0.000689089 0.000479529
93 -0.00112061 0.00224381
94 -0.00256239 0.00335032
95 -0.00325765 0.00347289
96 -0.00304166 0.00257607
97 -0.00199774 0.00093053
98 -0.000427166 -0.000966843
99 0.00123425 -0.00254515
100 0.00253144 -0.003336
101 0.00310949 -0.00311749
102 0.00280872 -0.0019791
103 0.00171117 -0.000287384
104 0.000123947 0.00143451
105 -0.00150036 0.00267244
106 -0.00268883 0.00307755
107 -0.00308626 0.00256431
108 -0.00256561 0.00132304
109 -0.0012747 -0.000251655
110 0.000400404 -0.00168835
111 0.00194884 -0.00257994
112 0.00289275 -0.00269595
113 0.00293958 -0.00203664
114 0.00207828 -0.000819397
115 0.000585242 0.000592677
116 -0.00106391 0.00179638
117 -0.00234861 0.00245868
118 -0.00287217 0.00240397
119 -0.00248826 0.00165812
120 -0.00134286 0.000439651
121 0.000180712 -0.000899747
122 0.00159287 -0.00197121
123 0.00245838 -0.00245789
124 0.00253233 -0.00220848
125 0.00182791 -0.00128777
126 0.000598266 3.42178e-05
127 -0.000756072 0.00135616
128 -0.00181917 0.00226507
129 -0.00228678 0.00246684
130 -0.00205001 0.00188591
131 -0.00121433 0.000698239
132 -5.44626e-05 -0.000718063
133 0.0010756 -0.00190248
134 0.00184808 -0.00246449
135 0.00205195 -0.00221688
136 0.00164598 -0.00124248
137 0.000763359 0.000131201
138 -0.000330123 0.00144254
139 -0.00131197 0.00225385
140 -0.00189317 0.00230138
141 -0.0019001 0.00158417
142 -0.00132654 0.000360469
143 -0.000340209 -0.000946016
144 0.000761047 -0.00189549
145 0.00163485 -0.00218306
146 0.00199918 -0.00173815
147 0.0017251 -0.000739281
148 0.000886219 0.000457526
149 -0.000255635 0.00144763
150 -0.00132886 0.00191626
151 -0.00197273 0.00173833
152 -0.00196111 0.00100816
153 -0.00128581 -6.03185e-06
154 -0.000167309 -0.000961602
155 0.0010151 -0.00155753
156 0.00185251 -0.00162748
157 0.00205064 -0.00118198
158 0.00153702 -0.000391349
159 0.000490457 0.000479278
160 -0.000720093 0.00115795
161 -0.00166678 0.00144796
162 -0.00201684 0.00128069
163 -0.00165272 0.000727096
164 -0.000713531 -3.10253e-05
165 0.000457381 -0.000758775
166 0.00143919 -0.00123728
167 0.00188714 -0.00132572
168 0.00165588 -0.00100067
169 0.000847504 -0.000362796
170 -0.000231966 0.000391282
171 -0.00118933 0.00102564
172 -0.00168924 0.00133594
173 -0.00157304 0.00121463
174 -0.000908908 0.000690002
175 4.27086e-05 -7.59126e-05
176 0.000931674 -0.000833665
177 0.00144816 -0.00132563
178 0.00143114 -0.00137384
179 0.000917208 -0.000946432
180 0.000115586 -0.000176999
181 -0.000676892 0.000673891
182 -0.00118617 0.00130568
183 -0.00125545 0.00148479
184 -0.000891276 0.00113313
185 -0.000248861 0.000363866
186 0.000433224 -0.000552552
187 0.000921587 -0.00128285
188 0.00106693 -0.00155331
189 0.000847043 -0.00125442
190 0.000362879 -0.00048711
191 -0.000206149 0.0004697
192 -0.000668153 0.0012603
193 -0.000881975 0.00158559
194 -0.000797474 0.00131805
195 -0.000462835 0.000553426
196 -6.58942e-07 -0.00042233
197 0.000436088 -0.00124004
198 0.000712789 -0.00158803
199 0.000751949 -0.00133253
200 0.000552237 -0.000570629
201 0.000184517 0.000405842
202 -0.000232164 0.00122221
203 -0.000566983 0.00156568
204 -0.000716068 0.00130646
205 -0.000633202 0.000547941
206 -0.000344169 -0.000413915
207 5.97715e-05 -0.00120611
208 0.000448458 -0.00152391
209 0.000692849 -0.00124905
210 0.000707107 -0.000494535
211 0.000479358 0.000441068
212 7.98265e-05 0.00119174
213 -0.000358595 0.00146768
214 -0.000683139 0.00116793
215 -0.000774186 0.000417878
216 -0.000590171 -0.000482478
217 -0.000187155 -0.00117845
218 0.000296271 -0.00140065
219 0.000685719 -0.00106975
220 0.000834013 -0.000325043
221 0.000677623 0.000533545
222 0.000264558 0.00116596
223 -0.000258709 0.00132675
224 -0.000698598 0.000960606
225 -0.000886289 0.000221449
226 -0.000743306 -0.000591594
227 -0.000315003 -0.00115487
228 0.00024256 -0.00124898
229 0.000719198 -0.00084444
230 0.000930225 -0.000110641
231 0.000788753 0.000654495
232 0.000342047 0.00114506
233 -0.00024347 0.00116929
234 -0.000744166 0.00072453
235 -0.000965025 -4.20193e-06
236 -0.00081621 -0.000720619
237 -0.000350074 -0.00113711
238 0.000256785 -0.00108988
239 0.000770492 -0.000603339
240 0.000990425 0.000121557
241 0.000828111 0.000789763
242 0.000343221 0.0011317
243 -0.000278158 0.00101169
244 -0.000795126 0.000481728
245 -0.00100581 -0.000240693
246 -0.000826663 -0.000861383
247 -0.000325843 -0.00112873
248 0.000302724 -0.000935269
249 0.000814738 -0.000360712
250 0.00101088 0.000360712
251 0.000814738 0.000935269
252 0.000302724 0.00112873
253 -0.000325843 0.000861383
254 -0.000826663 0.000240693
255 -0.00100581 -0.000481728
256 -0.000795126 -0.00101169
257 -0.000278158 -0.0011317
258 0.000343221 -0.000789763
259 0.000828111 -0.000121557
260 0.000990425 0.000603339
261 0.000770492 0.00108988
262 0.000256785 0.00113711
263 -0.000350074 0.000720619
264 -0.00081621 4.20193e-06
265 -0.000965025 -0.00072453
266 -0.000744166 -0.00116929
267 -0.00024347 -0.00114506
268 0.000342047 -0.000654495
269 0.000788753 0.000110641
270 0.000930225 0.00084444
271 0.000719198 0.00124898
272 0.00024256 0.00115487
273 -0.000315003 0.000591594
274 -0.000743306 -0.000221449
275 -0.000886289 -0.000960606
276 -0.000698598 -0.00132675
277 -0.000258709 -0.00116596
278 0.000264558 -0.000533545
279 0.000677623 0.000325043
280 0.000834013 0.00106975
281 0.000685719 0.00140065
282 0.000296271 0.00117845
283 -0.000187155 0.000482478
284 -0.000590171 -0.000417878
285 -0.000774186 -0.00116793
286 -0.000683139 -0.00146768
287 -0.000358595 -0.00119174
288 7.98265e-05 -0.000441068
289 0.000479358 0.000494535
290 0.000707107 0.00124905
291 0.000692849 0.00152391
292 0.000448458 0.00120611
293 5.97715e-05 0.000413915
294 -0.000344169 -0.000547941
295 -0.000633202 -0.00130646
296 -0.000716068 -0.00156568
297 -0.000566983 -0.00122221
298 -0.000232164 -0.000405842
299 0.000184517 0.000570629
300 0.000552237 0.00133253
301 0.000751949 0.00158803
302 0.000712789 0.00124004
303 0.000436088 0.00042233
304 -6.58942e-07 -0.000553426
305 -0.000462835 -0.00131805
306 -0.000797474 -0.00158559
307 -0.000881975 -0.0012603
308 -0.000668153 -0.0004697
309 -0.000206149 0.00048711
310 0.000362879 0.00125442
311 0.000847043 0.00155331
312 0.00106693 0.00128285
313 0.000921587 0.000552552
314 0.000433224 -0.000363866
315 -0.000248861 -0.00113313
316 -0.000891276 -0.00148479
317 -0.00125545 -0.00130568
318 -0.00118617 -0.000673891
319 -0.000676892 0.000176999
320 0.000115586 0.000946432
321 0.000917208 0.00137384
322 0.00143114 0.00132563
323 0.00144816 0.000833665
324 0.000931674 7.59126e-05
325 4.27086e-05 -0.000690002
326 -0.000908908 -0.00121463
327 -0.00157304 -0.00133594
328 -0.00168924 -0.00102564
329 -0.00118933 -0.000391282
330 -0.000231966 0.000362796
331 0.000847504 0.00100067
332 0.00165588 0.00132572
333 0.00188714 0.00123728
334 0.00143919 0.000758775
335 0.000457381 3.10253e-05
336 -0.000713531 -0.000727096
337 -0.00165272 -0.00128069
338 -0.00201684 -0.00144796
339 -0.00166678 -0.00115795
340 -0.000720093 -0.000479278
341 0.000490457 0.000391349
342 0.00153702 0.00118198
343 0.00205064 0.00162748
344 0.00185251 0.00155753
345 0.0010151 0.000961602
346 -0.000167309 6.03185e-06
347 -0.00128581 -0.00100816
348 -0.00196111 -0.00173833
349 -0.00197273 -0.00191626
350 -0.00132886 -0.00144763
351 -0.000255635 -0.000457526
352 0.000886219 0.000739281
353 0.0017251 0.00173815
354 0.00199918 0.00218306
355 0.00163485 0.00189549
356 0.000761047 0.000946016
357 -0.000340209 -0.000360469
358 -0.00132654 -0.00158417
359 -0.0019001 -0.00230138
360 -0.00189317 -0.00225385
361 -0.00131197 -0.00144254
362 -0.000330123 -0.000131201
363 0.000763359 0.00124248
364 0.00164598 0.00221688
365 0.00205195 0.00246449
366 0.00184808 0.00190248
367 0.0010756 0.000718063
368 -5.44626e-05 -0.000698239
369 -0.00121433 -0.00188591
370 -0.00205001 -0.00246684
371 -0.00228678 -0.00226507
372 -0.00181917 -0.00135616
373 -0.000756072 -3.42178e-05
374 0.000598266 0.00128777
375 0.00182791 0.00220848
376 0.00253233 0.00245789
377 0.00245838 0.00197121
378 0.00159287 0.000899747
379 0.000180712 -0.000439651
380 -0.00134286 -0.00165812
381 -0.00248826 -0.00240397
382 -0.00287217 -0.00245868
383 -0.00234861 -0.00179638
384 -0.00106391 -0.000592677
385 0.000585242 0.000819397
386 0.00207828 0.00203664
387 0.00293958 0.00269595
388 0.00289275 0.00257994
389 0.00194884 0.00168835
390 0.000400404 0.000251655
391 -0.0012747 -0.00132304
392 -0.00256561 -0.00256431
393 -0.00308626 -0.00307755
394 -0.00268883 -0.00267244
395 -0.00150036 -0.00143451
396 0.000123947 0.000287384
397 0.00171117 0.0019791
398 0.00280872 0.00311749
399 0.00310949 0.003336
400 0.00253144 0.00254515
401 0.00123425 0.000966843
402 -0.000427166 -0.00093053
403 -0.00199774 -0.00257607
404 -0.00304166 -0.00347289
405 -0.00325765 -0.00335032
406 -0.00256239 -0.00224381
407 -0.00112061 -0.000479529
408 0.000689089 0.00142813
409 0.00236838 0.00293124
410 0.00343294 0.00360627
411 0.00355158 0.00326957
412 0.00265085 0.00202056
413 0.000950905 0.000206108
414 -0.00108408 -0.00167876
415 -0.00287218 -0.00312421
416 -0.00388276 -0.00373802
417 -0.00379774 -0.00334561
418 -0.00261396 -0.00203533
419 -0.000652045 -0.000139214
420 0.00153349 0.00184719
421 0.00331647 0.00338883
422 0.00418346 0.00405107
423 0.00388329 0.00362082
424 0.00249718 0.00217573
425 0.000410621 7.76782e-05
426 -0.00180069 -0.00211365
427 -0.00353399 -0.00378925
428 -0.00432346 -0.00446214
429 -0.00396049 -0.00391238
430 -0.00254161 -0.00226015
431 -0.000436725 5.84778e-05
432 0.00180957 0.00240977
433 0.00361633 0.00414091
434 0.00451069 0.00476599
435 0.00424544 0.00410371
436 0.00286349 0.00232673
437 0.000694113 -8.98216e-05
438 -0.00172098 -0.0025023
439 -0.00375759 -0.00427405
440 -0.00486711 -0.00494253
441 -0.00472425 -0.00433461
442 -0.00332425 -0.00260386
443 -0.000999014 -0.000185734
444 0.00165871 0.00231375
445 0.00394759 0.00426684
446 0.00524686 0.00517557
447 0.00518896 0.00479262
448 0.00376506 0.00318507
449 0.0013317 0.000725877
450 -0.00148396 -0.00198795
451 -0.00395242 -0.00427535
452 -0.00543533 -0.00553951
453 -0.00555044 -0.00542412
454 -0.00426514 -0.00391599
455 -0.00189799 -0.00136257
456 0.000967101 0.00160626
457 0.00362771 0.00423579
458 0.00543284 0.00584319
459 0.00593598 0.00599913
460 0.00499842 0.00464346
461 0.00282251 0.00210233
462 -9.15256e-05 -0.00099677
463 -0.00305638 -0.00388704
464 -0.00535433 -0.00585607
465 -0.00640715 -0.0064202
466 -0.00592098 -0.00543732
467 -0.00396966 -0.00313462
468 -0.000991053 -4.9819e-05
469 0.00230875 0.00309615
470 0.0051243 0.00556437
471 0.00675168 0.00676521
472 0.00676867 0.00639298
473 0.00514537 0.00450022
474 0.00225474 0.00149448
475 -0.00121944 -0.00194499
476 -0.00445142 -0.00501644
477 -0.00667405 -0.00698087
478 -0.00735989 -0.00734108
479 -0.00634055 -0.00597022
480 -0.00383973 -0.00315402
481 -0.00041752 0.000468273
482 0.00315733 0.00405294
483 0.00607726 0.00675428
484 0.00767223 0.00792859
485 0.00755711 0.00728776
486 0.00572086 0.00496475
487 0.00253785 0.00147825
488 -0.0013042 -0.00239075
489 -0.00494889 -0.00577733
490 -0.00756055 -0.0079238
491 -0.00851737 -0.00834254
492 -0.00756236 -0.00691896
493 -0.0048729 -0.00393645
494 -0.00102825 -1.98947e-05
495 0.00311977 0.00399171
496 0.00664201 0.00722003
497 0.00874506 0.00893623
498 0.00895018 0.00872478
499 0.00719696 0.00658512
500 0.00385152 0.00294435
501 -0.000377868 -0.00142673
502 -0.00459439 -0.0055793
503 -0.00790092 -0.00859721
504 -0.00958467 -0.00980324
505 -0.00926356 -0.00891184
506 -0.00696778 -0.00609225
507 -0.00314064 -0.00192929
508 0.0014437 0.00270596
509 0.00583301 0.00684315
510 0.00909288 0.00961488
511 0.0105064 0.0104324
512 0.00973379 0.00910228
513 0.0068949 0.00586476
514 0.00255155 0.00134918
515 -0.00240762 -0.00354552
516 -0.00695527 -0.00782499
517 -0.0101434 -0.0105977
518 -0.0113019 -0.0112601
519 -0.0101749 -0.00962867
520 -0.00696872 -0.00599004
521 -0.00230583 -0.00105105
522 0.002901 0.00420166
523 0.00762685 0.00870437
524 0.0109312 0.0115365
525 0.012138 0.0121095
526 0.0109687 0.0102849
527 0.00760394 0.0063988
528 0.00265919 0.00119151
529 -0.00292445 -0.00433854
530 -0.00805876 -0.00912633
531 -0.0117227 -0.0122407
532 -0.0131692 -0.0130582
533 -0.0120786 -0.0113819
534 -0.00862717 -0.00748401
535 -0.0034524 -0.00206383
536 0.00247215 0.00387478
537 0.00802669 0.00920768
538 0.0121584 0.0129041
539 0.0140771 0.0142283
540 0.013398 0.0128878
541 0.0102109 0.00909535
542 0.00506482 0.00353069
543 -0.00112689 -0.00278887
544 -0.00724552 -0.00870157
545 -0.0121655 -0.0131174
546 -0.0149591 -0.0152154
547 -0.0150709 -0.0145883
548 -0.0124289 -0.0113123
549 -0.0074663 -0.00593371
550 -0.00104919 0.000622743
551 0.00568042 0.00720963
552 0.0115138 0.0126538
553 0.0153963 0.0159627
554 0.0166164 0.0165057
555 0.0149296 0.0141342
556 0.0105967 0.00921753
557 0.00433636 0.00258283
558 -0.00279823 -0.00463012
559 -0.00959445 -0.011171
560 -0.0148814 -0.0158996
561 -0.0177262 -0.0179824
562 -0.0175954 -0.0170337
563 -0.0144541 -0.0131766
564 -0.0087821 -0.0070213
565 -0.00150083 0.000435857
566 0.00618037 0.00797267
567 0.0129707 0.0143378
568 0.0177195 0.0184541
569 0.0196113 0.0195981
570 0.0183003 0.017526
571 0.0139638 0.0125221
572 0.00726967 0.0053606
573 -0.00073205 -0.00281871
574 -0.00877447 -0.0106973
575 -0.0155707 -0.0169957
576 -0.0200146 -0.0206827
577 -0.0213564 -0.02114
578 -0.019327 -0.0182568
579 -0.0141887 -0.0124439
580 -0.00670176 -0.00456796
581 0.00199081 0.00417929
582 0.010543 0.012459
583 0.0176188 0.0189853
584 0.0221034 0.0227217
585 0.0232756 0.0230439
586 0.0209166 0.0198436
587 0.0153398 0.0135528
588 0.00734163 0.00508243
589 -0.00191661 -0.00431666
590 -0.0110767 -0.0132455
591 -0.0187791 -0.0203692
592 -0.0238609 -0.0246146
593 -0.0255277 -0.0253246
594 -0.0234761 -0.0223498
595 -0.0179462 -0.0160684
596 -0.00969175 -0.00733465
597 0.000127366 0.00263722
598 0.0101156 0.0124401
599 0.0188456 0.0206715
600 0.0250635 0.0261337
601 0.0278643 0.0280091
602 0.0268142 0.0259806
603 0.022007 0.020279
604 0.0140516 0.0116507
605 0.0039925 0.00125073
606 -0.0068258 -0.00951812
607 -0.016937 -0.019197
608 -0.0249514 -0.0264656
609 -0.0297483 -0.0303161
610 -0.0306327 -0.0301848
611 -0.0274336 -0.0260285
612 -0.0205258 -0.0183342
613 -0.0107775 -0.0080609
614 0.000568781 0.00348162
615 0.0120594 0.0148028
616 0.0222152 0.0244272
617 0.0297166 0.031089
618 0.0335684 0.0338973
619 0.0332255 0.0324485
620 0.028666 0.0268748
621 0.0203997 0.0178228
622 0.00940892 0.00637156
623 -0.00297321 -0.00609888
624 -0.0152303 -0.0180729
625 -0.0258534 -0.0280799
626 -0.0335274 -0.0348717
627 -0.0372894 -0.0375765
628 -0.036641 -0.0358088
629 -0.0316039 -0.0297195
630 -0.0227155 -0.019979
631 -0.0109676 -0.00769393
632 0.0023068 0.0057272
633 0.0155843 0.0187414
634 0.0273266 0.0298481
635 0.0361592 0.0377564
636 0.0410315 0.0415271
637 0.0413391 0.0406762
638 0.0369922 0.0352317
639 0.0284223 0.0257354
640 0.0165308 0.0131867
641 0.0025854 -0.00106778
642 -0.0119187 -0.015485
643 -0.0254188 -0.0284992
644 -0.0364499 -0.038693
645 -0.0437986 -0.0449482
646 -0.0466323 -0.0465591
647 -0.0445898 -0.0433006
648 -0.0378217 -0.0354498
649 -0.0269759 -0.0237575
650 -0.013127 -0.00937514
651 0.00233796 0.00626049
652 0.0178661 0.0215738
653 0.0318965 0.0350128
654 0.043014 0.0452088
655 0.0500849 0.0511139
656 0.0523641 0.0521017
657 0.049567 0.0480227
658 0.0418986 0.0392134
659 0.0300363 0.0264601
660 0.0150658 0.0109242
661 -0.00162544 -0.00596538
662 -0.0184844 -0.0226445
663 -0.0339421 -0.0375599
664 -0.0465596 -0.049315
665 -0.0551558 -0.0568003
666 -0.0589085 -0.0592938
667 -0.0574227 -0.0565232
668 -0.0507637 -0.0486844
669 -0.0394525 -0.0364184
670 -0.0244215 -0.0207515
671 -0.00693285 -0.00300493
672 0.0115352 0.0153178
673 0.0294212 0.0326578
674 0.0452169 0.0475321
675 0.0575941 0.0586584
676 0.0655102 0.0650622
677 0.0682865 0.0661551
678 0.0656585 0.0617791
679 0.0577954 0.0522129
680 0.045287 0.038143
681 0.0290982 0.0206036
682 0.010491 0.000892365
683 -0.00907851 -0.0195314
684 -0.0280783 -0.0391587
685 -0.0450195 -0.0565458
686 -0.0585667 -0.0704236
687 -0.0676306 -0.0797927
688 -0.0714406 -0.0839975
689 -0.0695944 -0.0827709
690 -0.0620835 -0.0762484
691 -0.0492923 -0.0649526
692 -0.0319669 -0.0497506
693 -0.0111573 -0.0317907
694 0.0118644 -0.0124224
695 0.0356993 0.006894
696 0.0589211 0.0246844
697 0.0801716 0.0395582
698 0.0982472 0.0502991
699 0.112173 0.055943
700 0.121265 0.0558342
701 0.125169 0.0496597
702 0.123887 0.0374588
703 0.117769 0.0196107
704 0.107489 -0.0031953
705 0.0939939 -0.0300056
706 0.0784392 -0.0596613
707 0.0621177 -0.0908689
708 0.0463829 -0.122279
709 0.032572 -0.152565
710 0.0219317 -0.180503
711 0.0155477 -0.205031
712 0.0142843 -0.225305
713 0.0187371 -0.240727
714 0.0292034 -0.250972
715 0.0456718 -0.255989
716 0.0678284 -0.255999
717 0.0950772 -0.251471
718 0.126572 -0.243093
719 0.161257 -0.231718
720 0.197916 -0.218307
721 0.235229 -0.203878
722 0.27183 -0.189438
723 0.30637 -0.175943
724 0.337573 -0.164243
725 0.364281 -0.155049
726 0.385498 -0.148894
727 0.400418 -0.14611
728 0.40845 -0.146807
729 0.409228 -0.150881
730 0.402621 -0.158019
731 0.388725 -0.167727
732 0.367853 -0.179357
733 0.340511 -0.192142
734 0.307376 -0.205226
735 0.269259 -0.217707
736 0.227085 -0.228674
737 0.181855 -0.237257
738 0.134619 -0.242666
739 0.0864478 -0.244229
740 0.0384033 -0.241422
741 -0.00848693 -0.233882
742 -0.0532501 -0.221424
743 -0.0949842 -0.204049
744 -0.132871 -0.18194
745 -0.166185 -0.155468
746 -0.194304 -0.125173
747 -0.216711 -0.0917468
748 -0.233003 -0.0559997
749 -0.242893 -0.0188268
750 -0.246209 0.0188268
751 -0.242893 0.0559997
752 -0.233003 0.0917468
753 -0.216711 0.125173
754 -0.194304 0.155468
755 -0.166185 0.18194
756 -0.132871 0.204049
757 -0.0949842 0.221424
758 -0.0532501 0.233882
759 -0.00848693 0.241422
760 0.0384033 0.244229
761 0.0864478 0.242666
762 0.134619 0.237257
763 0.181855 0.228674
764 0.227085 0.217707
765 0.269259 0.205226
766 0.307376 0.192142
767 0.340511 0.179357
768 0.367853 0.167727
769 0.388725 0.158019
770 0.402621 0.150881
771 0.409228 0.146807
772 0.40845 0.14611
773 0.400418 0.148894
774 0.385498 0.155049
775 0.364281 0.164243
776 0.337573 0.175943
777 0.30637 0.189438
778 0.27183 0.203878
779 0.235229 0.218307
780 0.197916 0.231718
781 0.161257 0.243093
782 0.126572 0.251471
783 0.0950772 0.255999
784 0.0678284 0.255989
785 0.0456718 0.250972
786 0.0292034 0.240727
787 0.0187371 0.225305
788 0.0142843 0.205031
789 0.0155477 0.180503
790 0.0219317 0.152565
791 0.032572 0.122279
792 0.0463829 0.0908689
793 0.0621177 0.0596613
794 0.0784392 0.0300056
795 0.0939939 0.0031953
796 0.107489 -0.0196107
797 0.117769 -0.0374588
798 0.123887 -0.0496597
799 0.125169 -0.0558342
800 0.121265 -0.055943
801 0.112173 -0.0502991
802 0.0982472 -0.0395582
803 0.0801716 -0.0246844
804 0.0589211 -0.006894
805 0.0356993 0.0124224
806 0.0118644 0.0317907
807 -0.0111573 0.0497506
808 -0.0319669 0.0649526
809 -0.0492923 0.0762484
810 -0.0620835 0.0827709
811 -0.0695944 0.0839975
812 -0.0714406 0.0797927
813 -0.0676306 0.0704236
814 -0.0585667 0.0565458
815 -0.0450195 0.0391587
816 -0.0280783 0.0195314
817 -0.00907851 -0.000892365
818 0.010491 -0.0206036
819 0.0290982 -0.038143
820 0.045287 -0.0522129
821 0.0577954 -0.0617791
822 0.0656585 -0.0661551
823 0.0682865 -0.0650622
824 0.0655102 -0.0586584
825 0.0575941 -0.0475321
826 0.0452169 -0.0326578
827 0.0294212 -0.0153178
828 0.0115352 0.00300493
829 -0.00693285 0.0207515
830 -0.0244215 0.0364184
831 -0.0394525 0.0486844
832 -0.0507637 0.0565232
833 -0.0574227 0.0592938
834 -0.0589085 0.0568003
835 -0.0551558 0.049315
836 -0.0465596 0.0375599
837 -0.0339421 0.0226445
838 -0.0184844 0.00596538
839 -0.00162544 -0.0109242
840 0.0150658 -0.0264601
841 0.0300363 -0.0392134
842 0.0418986 -0.0480227
843 0.049567 -0.0521017
844 0.0523641 -0.0511139
845 0.0500849 -0.0452088
846 0.043014 -0.0350128
847 0.0318965 -0.0215738
848 0.0178661 -0.00626049
849 0.00233796 0.00937514
850 -0.013127 0.0237575
851 -0.0269759 0.0354498
852 -0.0378217 0.0433006
853 -0.0445898 0.0465591
854 -0.0466323 0.0449482
855 -0.0437986 0.038693
856 -0.0364499 0.0284992
857 -0.0254188 0.015485
858 -0.0119187 0.00106778
859 0.0025854 -0.0131867
860 0.0165308 -0.0257354
861 0.0284223 -0.0352317
862 0.0369922 -0.0406762
863 0.0413391 -0.0415271
864 0.0410315 -0.0377564
865 0.0361592 -0.0298481
866 0.0273266 -0.0187414
867 0.0155843 -0.0057272
868 0.0023068 0.00769393
869 -0.0109676 0.019979
870 -0.0227155 0.0297195
871 -0.0316039 0.0358088
872 -0.036641 0.0375765
873 -0.0372894 0.0348717
874 -0.0335274 0.0280799
875 -0.0258534 0.0180729
876 -0.0152303 0.00609888
877 -0.00297321 -0.00637156
878 0.00940892 -0.0178228
879 0.0203997 -0.0268748
880 0.028666 -0.0324485
881 0.0332255 -0.0338973
882 0.0335684 -0.031089
883 0.0297166 -0.0244272
884 0.0222152 -0.0148028
885 0.0120594 -0.00348162
886 0.000568781 0.0080609
887 -0.0107775 0.0183342
888 -0.0205258 0.0260285
889 -0.0274336 0.0301848
890 -0.0306327 0.0303161
891 -0.0297483 0.0264656
892 -0.0249514 0.019197
893 -0.016937 0.00951812
894 -0.0068258 -0.00125073
895 0.0039925 -0.0116507
896 0.0140516 -0.020279
897 0.022007 -0.0259806
898 0.0268142 -0.0280091
899 0.0278643 -0.0261337
900 0.0250635 -0.0206715
901 0.0188456 -0.0124401
902 0.0101156 -0.00263722
903 0.000127366 0.00733465
904 -0.00969175 0.0160684
905 -0.0179462 0.0223498
906 -0.0234761 0.0253246
907 -0.0255277 0.0246146
908 -0.0238609 0.0203692
909 -0.0187791 0.0132455
910 -0.0110767 0.00431666
911 -0.00191661 -0.00508243
912 0.00734163 -0.0135528
913 0.0153398 -0.0198436
914 0.0209166 -0.0230439
915 0.0232756 -0.0227217
916 0.0221034 -0.0189853
917 0.0176188 -0.012459
918 0.010543 -0.00417929
919 0.00199081 0.00456796
920 -0.00670176 0.0124439
921 -0.0141887 0.0182568
922 -0.019327 0.02114
923 -0.0213564 0.0206827
924 -0.0200146 0.0169957
925 -0.0155707 0.0106973
926 -0.00877447 0.00281871
927 -0.00073205 -0.0053606
928 0.00726967 -0.0125221
929 0.0139638 -0.017526
930 0.0183003 -0.0195981
931 0.0196113 -0.0184541
932 0.0177195 -0.0143378
933 0.0129707 -0.00797267
934 0.00618037 -0.000435857
935 -0.00150083 0.0070213
936 -0.0087821 0.0131766
937 -0.0144541 0.0170337
938 -0.0175954 0.0179824
939 -0.0177262 0.0158996
940 -0.0148814 0.011171
941 -0.00959445 0.00463012
942 -0.00279823 -0.00258283
943 0.00433636 -0.00921753
944 0.0105967 -0.0141342
945 0.0149296 -0.0165057
946 0.0166164 -0.0159627
947 0.0153963 -0.0126538
948 0.0115138 -0.00720963
949 0.00568042 -0.000622743
950 -0.00104919 0.00593371
951 -0.0074663 0.0113123
952 -0.0124289 0.0145883
953 -0.0150709 0.0152154
954 -0.0149591 0.0131174
955 -0.0121655 0.00870157
956 -0.00724552 0.00278887
957 -0.00112689 -0.00353069
958 0.00506482 -0.00909535
959 0.0102109 -0.0128878
960 0.013398 -0.0142283
961 0.0140771 -0.0129041
962 0.0121584 -0.00920768
963 0.00802669 -0.00387478
964 0.00247215 0.00206383
965 -0.0034524 0.00748401
966 -0.00862717 0.0113819
967 -0.0120786 0.0130582
968 -0.0131692 0.0122407
969 -0.0117227 0.00912633
970 -0.00805876 0.00433854
971 -0.00292445 -0.00119151
972 0.00265919 -0.0063988
973 0.00760394 -0.0102849
974 0.0109687 -0.0121095
975 0.012138 -0.0115365
976 0.0109312 -0.00870437
977 0.00762685 -0.00420166
978 0.002901 0.00105105
979 -0.00230583 0.00599004
980 -0.00696872 0.00962867
981 -0.0101749 0.0112601
982 -0.0113019 0.0105977
983 -0.0101434 0.00782499
984 -0.00695527 0.00354552
985 -0.00240762 -0.00134918
986 0.00255155 -0.00586476
987 0.0068949 -0.00910228
988 0.00973379 -0.0104324
989 0.0105064 -0.00961488
990 0.00909288 -0.00684315
991 0.00583301 -0.00270596
992 0.0014437 0.00192929
993 -0.00314064 0.00609225
994 -0.00696778 0.00891184
995 -0.00926356 0.00980324
996 -0.00958467 0.00859721
997 -0.00790092 0.0055793
998 -0.00459439 0.00142673
999 -0.000377868 -0.00294435
