0 1.61288e-05 -3.46013e-06
1 -1.10604e-06 1.21355e-05
2 -1.45959e-05 1.68397e-05
3 -1.58804e-05 9.28053e-06
4 -6.12352e-06 -3.32498e-06
5 6.14214e-06 -1.14357e-05
6 1.20136e-05 -1.01558e-05
7 8.4615e-06 -1.95169e-06
8 -4.40626e-07 6.21038e-06
9 -7.48046e-06 8.5078e-06
10 -7.92962e-06 4.26528e-06
11 -2.56474e-06 -2.34381e-06
12 3.73812e-06 -6.08478e-06
13 6.19696e-06 -4.6751e-06
14 3.63493e-06 -2.43085e-08
15 -1.19828e-06 3.83732e-06
16 -4.28978e-06 4.12185e-06
17 -3.5882e-06 1.21018e-06
18 -2.63216e-07 -2.1275e-06
19 2.68789e-06 -3.23698e-06
20 3.03904e-06 -1.62545e-06
21 9.50435e-07 9.86129e-07
22 -1.52573e-06 2.36327e-06
23 -2.36058e-06 1.61404e-06
24 -1.16137e-06 -3.04251e-07
25 7.66539e-07 -1.64385e-06
26 1.73815e-06 -1.40961e-06
27 1.11985e-06 -5.68858e-08
28 -3.13995e-07 1.10897e-06
29 -1.23932e-06 1.14851e-06
30 -9.69257e-07 2.16853e-07
31 6.94918e-08 -7.37133e-07
32 8.69848e-07 -8.98819e-07
33 7.90092e-07 -2.62269e-07
34 4.57442e-08 4.9065e-07
35 -6.09603e-07 6.87442e-07
36 -6.21384e-07 2.49241e-07
37 -8.68812e-08 -3.32701e-07
38 4.31991e-07 -5.19571e-07
39 4.78038e-07 -2.11024e-07
40 8.92291e-08 2.33667e-07
41 -3.12746e-07 3.9074e-07
42 -3.62569e-07 1.65721e-07
43 -7.38102e-08 -1.72057e-07
44 2.32806e-07 -2.93385e-07
45 2.72083e-07 -1.22258e-07
46 5.23256e-08 1.33276e-07
47 -1.7842e-07 2.19972e-07
48 -2.02015e-07 8.44131e-08
49 -3.08222e-08 -1.07876e-07
50 1.40203e-07 -1.64212e-07
51 1.47876e-07 -5.33118e-08
52 1.21225e-08 8.99816e-08
53 -1.12021e-07 1.2132e-07
54 -1.05932e-07 2.88397e-08
55 2.68876e-09 -7.60781e-08
56 9.00147e-08 -8.78698e-08
57 7.33337e-08 -1.03887e-08
58 -1.3413e-08 6.41736e-08
59 -7.18637e-08 6.15159e-08
60 -4.80256e-08 -2.79021e-09
61 2.02831e-08 -5.32411e-08
62 5.62616e-08 -4.07083e-08
63 2.85674e-08 1.14483e-08
64 -2.37384e-08 4.28615e-08
65 -4.25597e-08 2.44443e-08
66 -1.39548e-08 -1.63049e-08
67 2.43228e-08 -3.29919e-08
68 3.05205e-08 -1.20666e-08
69 3.4579e-09 1.80572e-08
70 -2.26419e-08 2.38093e-08
71 -2.01436e-08 3.10594e-09
72 3.50838e-09 -1.73984e-08
73 1.93394e-08 -1.55968e-08
74 1.1536e-08 2.83655e-09
75 -7.48066e-09 1.50255e-08
76 -1.50727e-08 8.6519e-09
77 -4.81261e-09 -6.17032e-09
78 9.00784e-09 -1.16284e-08
79 1.04784e-08 -3.21269e-09
80 1.97682e-11 7.36039e-09
81 -8.67677e-09 7.85938e-09
82 -6.12687e-09 -6.00372e-10
83 2.91496e-09 -6.93707e-09
84 7.10438e-09 -4.28767e-09
85 2.47227e-09 2.81983e-09
86 -4.20508e-09 5.47299e-09
87 -4.90149e-09 1.34962e-09
88 1.92289e-10 -3.63857e-09
89 4.19528e-09 -3.53446e-09
90 2.61813e-09 6.9245e-10
91 -1.76157e-09 3.38545e-09
92 -3.32061e-09 1.61886e-09
93 -6.84627e-10 -1.76931e-09
94 2.31692e-09 -2.47165e-09
95 2.04188e-09 -9.43122e-11
96 -6.35001e-10 1.99253e-09
97 -2.0922e-09 1.31762e-09
98 -7.7108e-10 -8.41402e-10
99 1.26237e-09 -1.60855e-09
100 1.41041e-09 -2.77041e-10
101 -1.94712e-10 1.16896e-09
102 -1.28783e-09 9.27018e-10
103 -6.04282e-10 -4.22683e-10
104 7.13042e-10 -1.0175e-09
105 9.18582e-10 -2.40047e-10
106 -5.98865e-11 7.06801e-10
107 -7.9725e-10 6.02743e-10
108 -4.04086e-10 -2.46119e-10
109 4.3419e-10 -6.38604e-10
110 5.78375e-10 -1.50296e-10
111 -4.02229e-11 4.47751e-10
112 -5.02518e-10 3.69047e-10
113 -2.3991e-10 -1.72568e-10
114 2.88185e-10 -3.98979e-10
115 3.53156e-10 -6.81909e-11
116 -5.26792e-11 2.95686e-10
117 -3.21016e-10 2.10489e-10
118 -1.22766e-10 -1.3725e-10
119 2.0367e-10 -2.44946e-10
120 2.0564e-10 -9.70136e-12
121 -6.56505e-11 1.98713e-10
122 -2.03645e-10 1.06487e-10
123 -4.60098e-11 -1.12944e-10
124 1.46762e-10 -1.43332e-10
125 1.09265e-10 2.50189e-11
126 -6.96508e-11 1.31043e-10
127 -1.23845e-10 4.08668e-11
128 -1.99182e-13 -8.99105e-11
129 1.02861e-10 -7.53997e-11
130 4.74083e-11 4.03828e-11
131 -6.39758e-11 8.09004e-11
132 -6.81726e-11 2.50647e-12
133 2.28841e-11 -6.61642e-11
134 6.67483e-11 -3.09495e-11
135 9.99503e-12 4.16698e-11
136 -5.12081e-11 4.3512e-11
137 -3.0081e-11 -1.63067e-11
138 2.99453e-11 -4.29861e-11
139 3.74574e-11 -4.14775e-12
140 -9.52716e-12 3.40657e-11
141 -3.50207e-11 1.71566e-11
142 -6.11624e-12 -2.15173e-11
143 2.67082e-11 -2.27223e-11
144 1.5539e-11 9.08595e-12
145 -1.62129e-11 2.23848e-11
146 -1.91157e-11 9.10093e-13
147 6.28311e-12 -1.82846e-11
148 1.82426e-11 -7.50068e-12
149 1.47456e-12 1.24837e-11
150 -1.46445e-11 1.07267e-11
151 -6.46768e-12 -6.58547e-12
152 9.90238e-12 -1.12304e-11
153 8.83201e-12 1.60546e-12
154 -5.2054e-12 9.89284e-12
155 -9.11483e-12 1.98416e-12
156 1.28619e-12 -7.57772e-12
157 8.01008e-12 -4.12344e-12
158 1.53158e-12 4.98186e-12
159 -6.17732e-12 5.01074e-12
160 -3.22339e-12 -2.58299e-12
161 4.1404e-12 -4.96565e-12
162 3.95049e-12 6.46233e-13
163 -2.25589e-12 4.32701e-12
164 -3.95868e-12 7.32048e-13
165 7.21806e-13 -3.39153e-12
166 3.50349e-12 -1.5736e-12
167 3.90121e-13 2.38382e-12
168 -2.8091e-12 1.96594e-12
169 -1.09337e-12 -1.45425e-12
170 2.04521e-12 -2.0234e-12
171 1.45089e-12 6.82411e-13
172 -1.32613e-12 1.86022e-12
173 -1.54678e-12 -9.9406e-14
174 7.16715e-13 -1.57433e-12
175 1.46483e-12 -2.99731e-13
176 -2.43078e-13 1.23996e-12
177 -1.27778e-12 5.39022e-13
178 -9.42077e-14 -9.09244e-13
179 1.04271e-12 -6.53336e-13
180 3.11351e-13 6.13398e-13
181 -8.00748e-13 6.76953e-13
182 -4.31211e-13 -3.68613e-13
183 5.7685e-13 -6.39803e-13
184 4.7751e-13 1.77497e-13
185 -3.8499e-13 5.6859e-13
186 -4.73345e-13 -3.83954e-14
187 2.29996e-13 -4.80742e-13
188 4.37254e-13 -5.72235e-14
189 -1.11091e-13 3.90627e-13
190 -3.84581e-13 1.15499e-13
191 2.6022e-14 -3.0612e-13
192 3.25214e-13 -1.47046e-13
193 3.16189e-14 2.3078e-13
194 -2.65678e-13 1.59333e-13
195 -6.80782e-14 -1.68296e-13
196 2.11405e-13 -1.57837e-13
197 8.77968e-14 1.17561e-13
198 -1.63541e-13 1.47899e-13
199 -9.57632e-14 -7.83004e-14
200 1.23499e-13 -1.33269e-13
201 9.57511e-14 4.82269e-14
202 -9.09552e-14 1.17206e-13
203 -9.07006e-14 -2.63994e-14
204 6.53553e-14 -1.00466e-13
205 8.31749e-14 1.09054e-14
206 -4.52682e-14 8.53708e-14
207 -7.42391e-14 -6.02463e-16
208 3.06674e-14 -7.11635e-14
209 6.465e-14 -6.13341e-15
210 -1.96277e-14 5.86017e-14
211 -5.56753e-14 9.75177e-15
212 1.18935e-14 -4.80013e-14
213 4.73214e-14 -1.17916e-14
214 -6.39906e-15 3.9234e-14
215 -3.98374e-14 1.22539e-14
216 2.64505e-15 -3.18865e-14
217 3.32432e-14 -1.21893e-14
218 -5.11177e-16 2.58534e-14
219 -2.78168e-14 1.1695e-14
220 -8.11014e-16 -2.12205e-14
221 2.32546e-14 -1.02857e-14
222 1.64232e-15 1.69982e-14
223 -1.94632e-14 9.38497e-15
224 -1.55657e-15 -1.40411e-14
225 1.58821e-14 -8.20284e-15
226 2.41452e-15 1.13139e-14
227 -1.33498e-14 6.94914e-15
228 -1.65512e-15 -9.1812e-15
229 1.08489e-14 -5.97887e-15
230 1.10863e-15 7.90235e-15
231 -9.25517e-15 4.82693e-15
232 -9.5418e-16 -6.26751e-15
233 7.66505e-15 -4.51944e-15
234 5.97906e-16 5.34529e-15
235 -6.14171e-15 3.45068e-15
236 -2.72288e-16 -4.57586e-15
237 5.14204e-15 -3.05697e-15
238 3.50086e-17 3.59986e-15
239 -3.98082e-15 2.85636e-15
240 8.61984e-17 -3.12747e-15
241 3.13936e-15 -2.67046e-15
242 -2.03526e-16 2.76643e-15
243 -2.51363e-15 2.28342e-15
244 4.14977e-16 -2.55592e-15
245 1.73788e-15 -1.96609e-15
246 -7.41394e-16 2.4653e-15
247 -1.3154e-15 1.8937e-15
248 9.2039e-16 -1.65992e-15
249 3.01647e-16 -2.12954e-15
250 -8.27987e-16 1.70302e-15
251 2.17563e-16 2.33826e-15
252 7.59825e-16 -2.01314e-15
253 -1.03903e-15 -2.30309e-15
254 -6.04288e-16 2.29486e-15
255 1.54977e-15 2.36183e-15
256 7.63344e-16 -2.0603e-15
257 -2.44951e-15 -2.78555e-15
258 -4.4064e-16 2.23774e-15
259 2.97102e-15 3.04998e-15
260 3.473e-16 -2.55082e-15
261 -4.15155e-15 -3.79945e-15
262 1.26624e-16 3.08235e-15
263 5.08541e-15 4.5893e-15
264 -4.08588e-16 -3.39943e-15
265 -6.36191e-15 -5.36568e-15
266 6.03276e-16 4.17157e-15
267 7.63846e-15 6.38574e-15
268 -1.0318e-15 -5.06713e-15
269 -9.21264e-15 -7.51864e-15
270 1.28773e-15 5.63037e-15
271 1.11779e-14 9.58601e-15
272 -1.52177e-15 -6.71743e-15
273 -1.33577e-14 -1.13698e-14
274 1.72341e-15 8.00159e-15
275 1.62779e-14 1.40472e-14
276 -1.92721e-15 -9.48977e-15
277 -1.94735e-14 -1.69561e-14
278 1.52141e-15 1.05361e-14
279 2.33822e-14 2.09404e-14
280 -9.30918e-16 -1.1336e-14
281 -2.80813e-14 -2.59864e-14
282 -3.28389e-16 1.22712e-14
283 3.36799e-14 3.19455e-14
284 2.58247e-15 -1.25882e-14
285 -4.00812e-14 -3.94048e-14
286 -6.21802e-15 1.17658e-14
287 4.73558e-14 4.8267e-14
288 1.16048e-14 -1.02776e-14
289 -5.53917e-14 -5.8581e-14
290 -1.97562e-14 5.79461e-15
291 6.46931e-14 7.09882e-14
292 3.06048e-14 6.64061e-16
293 -7.41044e-14 -8.50786e-14
294 -4.52376e-14 -1.10451e-14
295 8.28634e-14 1.0052e-13
296 6.53502e-14 2.64352e-14
297 -9.10308e-14 -1.17251e-13
298 -9.06568e-14 -4.811e-14
299 9.57343e-14 1.33369e-13
300 1.23518e-13 7.81119e-14
301 -9.58269e-14 -1.47749e-13
302 -1.63419e-13 -1.17406e-13
303 8.78118e-14 1.57409e-13
304 2.11133e-13 1.6829e-13
305 -6.79334e-14 -1.59211e-13
306 -2.65747e-13 -2.31047e-13
307 3.17815e-14 1.47212e-13
308 3.24816e-13 3.05754e-13
309 2.59985e-14 -1.15699e-13
310 -3.84289e-13 -3.9039e-13
311 -1.11681e-13 5.65704e-14
312 4.37461e-13 4.80764e-13
313 2.29918e-13 3.86065e-14
314 -4.7327e-13 -5.6836e-13
315 -3.8482e-13 -1.78011e-13
316 4.77537e-13 6.40234e-13
317 5.76753e-13 3.68332e-13
318 -4.30872e-13 -6.76823e-13
319 -8.00808e-13 -6.13828e-13
320 3.1165e-13 6.53604e-13
321 1.043e-12 9.09552e-13
322 -9.45256e-14 -5.39341e-13
323 -1.27779e-12 -1.23995e-12
324 -2.43395e-13 2.99177e-13
325 1.46494e-12 1.57424e-12
326 7.16985e-13 9.9386e-14
327 -1.54687e-12 -1.86046e-12
328 -1.32619e-12 -6.82411e-13
329 1.45149e-12 2.0237e-12
330 2.04488e-12 1.45388e-12
331 -1.09328e-12 -1.96591e-12
332 -2.80895e-12 -2.38419e-12
333 3.89816e-13 1.57356e-12
334 3.50352e-12 3.39168e-12
335 7.21689e-13 -7.31712e-13
336 -3.95864e-12 -4.32729e-12
337 -2.25593e-12 -6.46414e-13
338 3.95054e-12 4.96582e-12
339 4.14044e-12 2.58239e-12
340 -3.22346e-12 -5.011e-12
341 -6.17692e-12 -4.98172e-12
342 1.5315e-12 4.12348e-12
343 8.01002e-12 7.57762e-12
344 1.28575e-12 -1.98428e-12
345 -9.1148e-12 -9.89283e-12
346 -5.20558e-12 -1.60538e-12
347 8.83224e-12 1.12302e-11
348 9.90219e-12 6.5852e-12
349 -6.46762e-12 -1.07264e-11
350 -1.46446e-11 -1.24836e-11
351 1.47474e-12 7.50037e-12
352 1.82425e-11 1.82846e-11
353 6.28283e-12 -9.09959e-13
354 -1.91159e-11 -2.23846e-11
355 -1.62126e-11 -9.0858e-12
356 1.55387e-11 2.27222e-11
357 2.67087e-11 2.15173e-11
358 -6.11642e-12 -1.71566e-11
359 -3.50204e-11 -3.40661e-11
360 -9.52681e-12 4.14781e-12
361 3.74574e-11 4.2986e-11
362 2.99454e-11 1.63064e-11
363 -3.0081e-11 -4.35119e-11
364 -5.12082e-11 -4.16698e-11
365 9.9953e-12 3.09492e-11
366 6.67482e-11 6.61642e-11
367 2.28845e-11 -2.50632e-12
368 -6.8173e-11 -8.09004e-11
369 -6.39756e-11 -4.03825e-11
370 4.74086e-11 7.53999e-11
371 1.02861e-10 8.99102e-11
372 -1.99348e-13 -4.08668e-11
373 -1.23844e-10 -1.31042e-10
374 -6.9651e-11 -2.50187e-11
375 1.09265e-10 1.43332e-10
376 1.46761e-10 1.12944e-10
377 -4.60098e-11 -1.06487e-10
378 -2.03645e-10 -1.98713e-10
379 -6.56505e-11 9.70154e-12
380 2.0564e-10 2.44945e-10
381 2.0367e-10 1.37249e-10
382 -1.22766e-10 -2.10489e-10
383 -3.21016e-10 -2.95686e-10
384 -5.26795e-11 6.81907e-11
385 3.53156e-10 3.9898e-10
386 2.88185e-10 1.72568e-10
387 -2.3991e-10 -3.69047e-10
388 -5.02518e-10 -4.47752e-10
389 -4.02227e-11 1.50296e-10
390 5.78375e-10 6.38604e-10
391 4.3419e-10 2.46119e-10
392 -4.04085e-10 -6.02742e-10
393 -7.97249e-10 -7.06802e-10
394 -5.98862e-11 2.40047e-10
395 9.18582e-10 1.0175e-09
396 7.13042e-10 4.22683e-10
397 -6.04282e-10 -9.27018e-10
398 -1.28783e-09 -1.16896e-09
399 -1.94712e-10 2.77041e-10
400 1.41041e-09 1.60855e-09
401 1.26237e-09 8.41402e-10
402 -7.71079e-10 -1.31762e-09
403 -2.0922e-09 -1.99253e-09
404 -6.35001e-10 9.43123e-11
405 2.04188e-09 2.47165e-09
406 2.31692e-09 1.76931e-09
407 -6.84626e-10 -1.61886e-09
408 -3.32061e-09 -3.38545e-09
409 -1.76157e-09 -6.9245e-10
410 2.61813e-09 3.53446e-09
411 4.19528e-09 3.63857e-09
412 1.92289e-10 -1.34962e-09
413 -4.90149e-09 -5.47299e-09
414 -4.20508e-09 -2.81983e-09
415 2.47227e-09 4.28767e-09
416 7.10438e-09 6.93707e-09
417 2.91496e-09 6.00372e-10
418 -6.12687e-09 -7.85938e-09
419 -8.67677e-09 -7.36039e-09
420 1.97685e-11 3.21269e-09
421 1.04784e-08 1.16284e-08
422 9.00784e-09 6.17032e-09
423 -4.81261e-09 -8.6519e-09
424 -1.50727e-08 -1.50255e-08
425 -7.48067e-09 -2.83655e-09
426 1.1536e-08 1.55968e-08
427 1.93394e-08 1.73984e-08
428 3.50838e-09 -3.10594e-09
429 -2.01436e-08 -2.38093e-08
430 -2.26419e-08 -1.80572e-08
431 3.4579e-09 1.20666e-08
432 3.05205e-08 3.29919e-08
433 2.43228e-08 1.63049e-08
434 -1.39548e-08 -2.44443e-08
435 -4.25597e-08 -4.28615e-08
436 -2.37384e-08 -1.14483e-08
437 2.85674e-08 4.07083e-08
438 5.62616e-08 5.32411e-08
439 2.02831e-08 2.79021e-09
440 -4.80256e-08 -6.15159e-08
441 -7.18637e-08 -6.41736e-08
442 -1.3413e-08 1.03887e-08
443 7.33337e-08 8.78698e-08
444 9.00147e-08 7.60781e-08
445 2.68876e-09 -2.88397e-08
446 -1.05932e-07 -1.2132e-07
447 -1.12021e-07 -8.99816e-08
448 1.21225e-08 5.33118e-08
449 1.47876e-07 1.64212e-07
450 1.40203e-07 1.07876e-07
451 -3.08222e-08 -8.44131e-08
452 -2.02015e-07 -2.19972e-07
453 -1.7842e-07 -1.33276e-07
454 5.23256e-08 1.22258e-07
455 2.72083e-07 2.93385e-07
456 2.32806e-07 1.72057e-07
457 -7.38102e-08 -1.65721e-07
458 -3.62569e-07 -3.9074e-07
459 -3.12746e-07 -2.33667e-07
460 8.92291e-08 2.11024e-07
461 4.78038e-07 5.19571e-07
462 4.31991e-07 3.32701e-07
463 -8.68812e-08 -2.49241e-07
464 -6.21384e-07 -6.87442e-07
465 -6.09603e-07 -4.9065e-07
466 4.57442e-08 2.62269e-07
467 7.90092e-07 8.98819e-07
468 8.69848e-07 7.37133e-07
469 6.94918e-08 -2.16853e-07
470 -9.69257e-07 -1.14851e-06
471 -1.23932e-06 -1.10897e-06
472 -3.13995e-07 5.68858e-08
473 1.11985e-06 1.40961e-06
474 1.73815e-06 1.64385e-06
475 7.66539e-07 3.04251e-07
476 -1.16137e-06 -1.61404e-06
477 -2.36058e-06 -2.36327e-06
478 -1.52573e-06 -9.86129e-07
479 9.50435e-07 1.62545e-06
480 3.03904e-06 3.23698e-06
481 2.68789e-06 2.1275e-06
482 -2.63216e-07 -1.21018e-06
483 -3.5882e-06 -4.12185e-06
484 -4.28978e-06 -3.83732e-06
485 -1.19828e-06 2.43085e-08
486 3.63493e-06 4.6751e-06
487 6.19696e-06 6.08478e-06
488 3.73812e-06 2.34381e-06
489 -2.56474e-06 -4.26528e-06
490 -7.92962e-06 -8.5078e-06
491 -7.48046e-06 -6.21038e-06
492 -4.40626e-07 1.95169e-06
493 8.4615e-06 1.01558e-05
494 1.20136e-05 1.14357e-05
495 6.14214e-06 3.32498e-06
496 -6.12352e-06 -9.28053e-06
497 -1.58804e-05 -1.68397e-05
498 -1.45959e-05 -1.21355e-05
499 -1.10604e-06 3.46013e-06
500 1.61288e-05 1.95517e-05
501 2.40526e-05 2.33805e-05
502 1.45124e-05 9.46095e-06
503 -8.48552e-06 -1.48407e-05
504 -2.97199e-05 -3.27201e-05
505 -3.24542e-05 -2.91333e-05
506 -1.08991e-05 -2.52202e-06
507 2.34904e-05 3.16315e-05
508 4.75114e-05 4.93112e-05
509 4.12716e-05 3.41454e-05
510 3.30823e-06 -9.31786e-06
511 -4.51167e-05 -5.52201e-05
512 -7.12521e-05 -7.11157e-05
513 -5.20425e-05 -3.97331e-05
514 8.02587e-06 2.63121e-05
515 7.52376e-05 8.80345e-05
516 0.000104682 0.000102147
517 6.87577e-05 4.95723e-05
518 -2.13311e-05 -4.7623e-05
519 -0.000116306 -0.000133717
520 -0.000154542 -0.000149931
521 -9.98453e-05 -7.18447e-05
522 3.1038e-05 6.91621e-05
523 0.000169972 0.000196159
524 0.000231225 0.000226797
525 0.000161351 0.000123002
526 -2.28027e-05 -7.84333e-05
527 -0.000232372 -0.000275288
528 -0.000347103 -0.000349372
529 -0.000280526 -0.000232835
530 -3.55615e-05 4.43741e-05
531 0.00028228 0.00035527
532 0.000507219 0.000530909
533 0.000495176 0.00044679
534 0.000206081 9.79389e-05
535 -0.00025751 -0.000378885
536 -0.000681612 -0.000754428
537 -0.000834632 -0.000811367
538 -0.000583792 -0.000457698
539 2.16631e-05 0.000206697
540 0.000745947 0.000909065
541 0.00125288 0.00130973
542 0.00125243 0.00115495
543 0.000645805 0.000410419
544 -0.000398528 -0.000688522
545 -0.00148068 -0.00170266
546 -0.00211399 -0.00215469
547 -0.00192736 -0.00173384
548 -0.00084418 -0.000455653
549 0.000840491 0.00129547
550 0.00252778 0.00287126
551 0.00351575 0.00358524
552 0.00326662 0.00298189
553 0.00164276 0.00104883
554 -0.000982427 -0.00171459
555 -0.00379245 -0.00441186
556 -0.00576677 -0.00602273
557 -0.00602099 -0.00575232
558 -0.0041378 -0.00334108
559 -0.000374568 0.00077362
560 0.00433251 0.00551024
561 0.00858556 0.00941055
562 0.0109117 0.0110537
563 0.0102118 0.0095004
564 0.00614074 0.00463542
565 -0.000698064 -0.00269712
566 -0.00881037 -0.0108182
567 -0.0161206 -0.0175782
568 -0.0204634 -0.0208768
569 -0.0201376 -0.019211
570 -0.0143858 -0.0121154
571 -0.00367822 -0.000383138
572 0.0102731 0.0139929
573 0.0247807 0.0281502
574 0.0366758 0.0388944
575 0.0429288 0.0433309
576 0.0412682 0.0394638
577 0.0306755 0.0266432
578 0.0116615 0.00577703
579 -0.0137224 -0.0207268
580 -0.0421367 -0.0492706
581 -0.0694144 -0.0755695
582 -0.0911483 -0.0952532
583 -0.103302 -0.104468
584 -0.10275 -0.100387
585 -0.0876717 -0.0815549
586 -0.0577509 -0.0480419
587 -0.0141726 -0.00138609
588 0.0405655 0.055633
589 0.102982 0.11935
590 0.169022 0.185637
591 0.234497 0.250334
592 0.29548 0.309638
593 0.348637 0.360402
594 0.39145 0.400338
595 0.422337 0.4281
596 0.440656 0.443275
597 0.446633 0.446285
598 0.441216 0.438233
599 0.425896 0.420714
600 0.402511 0.395622
601 0.373059 0.364969
602 0.339535 0.330727
603 0.3038 0.294707
604 0.267487 0.258475
605 0.231947 0.223306
606 0.198226 0.19017
607 0.167069 0.159738
608 0.138943 0.132416
609 0.114079 0.108381
610 0.092513 0.0876277
611 0.0741318 0.0700126
612 0.0587186 0.0552993
613 0.0459903 0.0431935
614 0.0356299 0.033374
615 0.0273116 0.025516
616 0.0207196 0.0193085
617 0.0155607 0.0144652
618 0.0115716 0.010731
619 0.00852244 0.00788472
620 0.00621779 0.00573926
621 0.00449461 0.00413933
622 0.00321967 0.00295861
623 0.00228597 0.00209606
624 0.00160893 0.00147212
625 0.00112275 0.00102513
626 0.000776905 0.000707898
627 0.000533156 0.000484818
628 0.000362911 0.000329351
629 0.000245053 0.000221957
630 0.000164167 0.000148408
631 0.000109126 9.84634e-05
632 7.19842e-05 6.48291e-05
633 4.71256e-05 4.23631e-05
634 3.06219e-05 2.74772e-05
635 1.97518e-05 1.76916e-05
636 1.26479e-05 1.13086e-05
637 8.04099e-06 7.17698e-06
638 5.07595e-06 4.52272e-06
639 3.18184e-06 2.83021e-06
640 1.98074e-06 1.75888e-06
641 1.22461e-06 1.08563e-06
642 7.52011e-07 6.65572e-07
643 4.58709e-07 4.05323e-07
644 2.77951e-07 2.45207e-07
645 1.6732e-07 1.47374e-07
646 1.0007e-07 8.8002e-08
647 5.94652e-08 5.22126e-08
648 3.5112e-08 3.0782e-08
649 2.06018e-08 1.80337e-08
650 1.20127e-08 1.04993e-08
651 6.96117e-09 6.0751e-09
652 4.0092e-09 3.4937e-09
653 2.29504e-09 1.997e-09
654 1.30588e-09 1.13464e-09
655 7.3861e-10 6.40833e-10
656 4.1529e-10 3.598e-10
657 2.32131e-10 2.00829e-10
658 1.28997e-10 1.11446e-10
659 7.1271e-11 6.14881e-11
660 3.91517e-11 3.37311e-11
661 2.13852e-11 1.83989e-11
662 1.16146e-11 9.97946e-12
663 6.27321e-12 5.38264e-12
664 3.36914e-12 2.88702e-12
665 1.79968e-12 1.53995e-12
666 9.55869e-13 8.17074e-13
667 5.04948e-13 4.30956e-13
668 2.65407e-13 2.26106e-13
669 1.38609e-13 1.18134e-13
670 7.20417e-14 6.13768e-14
671 3.72103e-14 3.16413e-14
672 1.9166e-14 1.62145e-14
673 9.87369e-15 8.19257e-15
674 5.06319e-15 4.40799e-15
675 2.52154e-15 2.10421e-15
676 1.44613e-15 1.1308e-15
677 8.67508e-16 6.13645e-16
678 2.79507e-16 1.99531e-16
679 7.58372e-17 2.23909e-16
680 -1.0676e-16 -7.71401e-17
681 -1.52379e-17 -1.28162e-16
682 1.2818e-16 6.34322e-17
683 1.82073e-16 1.19791e-16
684 6.84954e-17 2.8236e-17
685 -1.41486e-16 -2.96774e-17
686 1.14785e-16 -1.5927e-16
687 -2.4659e-17 1.33084e-16
688 -2.18677e-16 -1.01929e-16
689 3.2579e-16 3.11842e-16
690 -1.3664e-16 -1.31811e-18
691 1.51003e-16 1.07501e-16
692 -2.14536e-17 -9.23096e-17
693 -3.30493e-16 -1.47927e-16
694 2.99914e-17 9.4574e-17
695 -9.61557e-17 4.66917e-17
696 9.68835e-17 2.6121e-17
697 1.18657e-16 3.34293e-17
698 1.59125e-17 1.47304e-16
699 -6.17042e-17 -9.42289e-17
700 3.52292e-17 -9.5954e-17
701 -1.93857e-16 -2.09043e-17
702 1.58271e-16 -1.52535e-16
703 -8.6474e-17 -1.04695e-16
704 1.83714e-16 -4.77136e-17
705 -1.29601e-17 6.02885e-18
706 1.26408e-16 -1.37585e-16
707 5.44607e-17 1.52884e-16
708 -4.67283e-17 3.40796e-19
709 -2.04645e-16 -2.49975e-16
710 1.44987e-16 1.56555e-16
711 2.62857e-17 1.70991e-16
712 -7.04272e-17 1.20438e-16
713 1.75574e-17 -4.70147e-17
714 2.06199e-16 -1.89357e-17
715 1.88443e-16 5.18331e-17
716 2.2771e-16 1.76517e-16
717 8.15747e-17 -1.4888e-16
718 6.8736e-18 6.90594e-17
719 2.42288e-16 5.02251e-17
720 6.81067e-17 2.00063e-16
721 -4.10643e-17 -3.65927e-16
722 -7.24772e-17 -1.68772e-17
723 2.79235e-16 3.86569e-16
724 -1.27344e-16 -2.52822e-16
725 3.6814e-17 7.23312e-17
726 -9.66357e-17 9.45273e-17
727 1.78932e-17 1.10146e-16
728 -7.93813e-17 2.22181e-17
729 -1.33687e-17 -3.08177e-17
730 1.32598e-17 8.25772e-17
731 -1.40524e-16 -1.19682e-16
732 1.72542e-16 -9.1186e-17
733 -1.5193e-16 -3.92934e-17
734 1.41128e-16 1.03261e-16
735 -1.62458e-16 4.12439e-17
736 -8.23777e-17 6.23963e-17
737 -1.67998e-16 3.21587e-18
738 2.50554e-16 1.94773e-18
739 6.74303e-17 -3.68446e-17
740 9.11109e-17 1.39124e-16
741 -6.65897e-18 -1.11251e-16
742 1.16607e-16 9.01935e-17
743 3.21184e-17 1.91568e-16
744 -9.95527e-17 1.50148e-16
745 6.55701e-17 6.34534e-17
746 5.97888e-17 -1.10174e-16
747 -1.34675e-16 1.15666e-16
748 1.76032e-17 1.57835e-17
749 -1.01056e-16 7.74031e-17
750 6.93691e-17 -1.5544e-16
751 7.41672e-17 -2.54246e-17
752 -5.58008e-17 -3.78887e-17
753 -8.41735e-18 1.54876e-16
754 -2.51164e-17 -4.89715e-17
755 2.94322e-16 1.10375e-16
756 -5.49213e-17 -2.98345e-18
757 -1.06573e-16 -1.32925e-16
758 2.41064e-17 7.2116e-17
759 -2.4033e-16 7.62865e-17
760 1.68972e-16 1.19705e-16
761 -3.26098e-17 -3.63424e-17
762 1.33996e-17 -1.66415e-16
763 -7.6436e-17 -7.28254e-17
764 2.96499e-17 2.49728e-17
765 4.07262e-17 1.72925e-16
766 -1.72226e-16 -1.24864e-16
767 -2.28697e-18 1.25529e-17
768 2.60299e-16 2.47971e-17
769 -1.06417e-16 -4.14917e-17
770 4.66434e-17 1.24254e-17
771 3.9292e-17 -2.51658e-17
772 4.23804e-17 1.0768e-16
773 -9.3042e-17 -5.1001e-17
774 1.11453e-16 1.88716e-16
775 -4.69201e-17 -5.04375e-17
776 3.06817e-16 1.57244e-16
777 8.27059e-17 1.7011e-16
778 -1.32936e-16 -9.4854e-17
779 1.73947e-17 1.36557e-16
780 6.95357e-17 2.95086e-17
781 -6.61805e-17 -8.20708e-17
782 9.0229e-17 -3.37681e-18
783 -2.23975e-17 -1.22135e-17
784 1.0665e-16 -3.56731e-17
785 9.20493e-17 6.83829e-17
786 5.83203e-19 -7.25994e-17
787 -5.92835e-17 -6.63447e-17
788 1.64286e-16 2.03364e-17
789 1.22549e-16 -4.24675e-17
790 1.81549e-17 9.16217e-17
791 -4.98385e-17 -1.53121e-16
792 -7.20959e-17 -1.27294e-16
793 1.00521e-16 1.28048e-17
794 -6.73035e-17 -5.67749e-17
795 5.68935e-17 -1.05428e-17
796 -2.60664e-17 5.38156e-17
797 -1.35314e-16 -1.47385e-16
798 2.6358e-16 1.60898e-17
799 -8.82848e-17 -8.59575e-17
800 -1.02867e-16 1.06257e-16
801 1.98702e-16 -1.2491e-16
802 3.65405e-17 1.67692e-16
803 -3.02176e-17 1.35921e-17
804 -1.21466e-16 -4.78949e-17
805 5.56086e-17 2.29333e-17
806 -1.33531e-16 -7.42627e-18
807 -2.33182e-17 -2.87489e-16
808 1.1926e-16 1.20232e-16
809 -4.95269e-17 -4.6979e-17
810 6.49991e-17 3.36506e-17
811 1.02063e-16 2.80111e-17
812 -2.84862e-16 -4.30124e-17
813 -2.38264e-16 -7.85756e-17
814 2.92156e-17 7.36417e-17
815 -1.39235e-16 1.34607e-17
816 -4.26696e-17 -1.75886e-17
817 -5.82784e-17 3.37677e-18
818 -1.00454e-16 -9.09481e-17
819 -9.85191e-18 -1.44833e-16
820 1.99196e-16 -1.4495e-16
821 6.78895e-17 -4.07007e-16
822 3.42726e-16 -4.20311e-16
823 4.91314e-16 -9.99477e-16
824 1.26053e-15 -2.29239e-15
825 2.50792e-15 -4.11917e-15
826 5.2211e-15 -8.1776e-15
827 9.63725e-15 -1.63651e-14
828 1.93233e-14 -3.1612e-14
829 3.7266e-14 -6.12545e-14
830 7.18898e-14 -1.18168e-13
831 1.38819e-13 -2.26263e-13
832 2.65511e-13 -4.31026e-13
833 5.0502e-13 -8.1704e-13
834 9.5598e-13 -1.54002e-12
835 1.79955e-12 -2.88721e-12
836 3.36931e-12 -5.3825e-12
837 6.2731e-12 -9.97957e-12
838 1.1615e-11 -1.8399e-11
839 2.1385e-11 -3.37308e-11
840 3.91516e-11 -6.14882e-11
841 7.12709e-11 -1.11446e-10
842 1.28997e-10 -2.00829e-10
843 2.32131e-10 -3.598e-10
844 4.1529e-10 -6.40833e-10
845 7.3861e-10 -1.13464e-09
846 1.30588e-09 -1.997e-09
847 2.29504e-09 -3.4937e-09
848 4.0092e-09 -6.0751e-09
849 6.96117e-09 -1.04993e-08
850 1.20127e-08 -1.80337e-08
851 2.06018e-08 -3.0782e-08
852 3.5112e-08 -5.22126e-08
853 5.94652e-08 -8.8002e-08
854 1.0007e-07 -1.47374e-07
855 1.6732e-07 -2.45207e-07
856 2.77951e-07 -4.05323e-07
857 4.58709e-07 -6.65572e-07
858 7.52011e-07 -1.08563e-06
859 1.22461e-06 -1.75888e-06
860 1.98074e-06 -2.83021e-06
861 3.18184e-06 -4.52272e-06
862 5.07595e-06 -7.17698e-06
863 8.04099e-06 -1.13086e-05
864 1.26479e-05 -1.76916e-05
865 1.97518e-05 -2.74772e-05
866 3.06219e-05 -4.23631e-05
867 4.71256e-05 -6.48291e-05
868 7.19842e-05 -9.84634e-05
869 0.000109126 -0.000148408
870 0.000164167 -0.000221957
871 0.000245053 -0.000329351
872 0.000362911 -0.000484818
873 0.000533156 -0.000707898
874 0.000776905 -0.00102513
875 0.00112275 -0.00147212
876 0.00160893 -0.00209606
877 0.00228597 -0.00295861
878 0.00321967 -0.00413933
879 0.00449461 -0.00573926
880 0.00621779 -0.00788472
881 0.00852244 -0.010731
882 0.0115716 -0.0144652
883 0.0155607 -0.0193085
884 0.0207196 -0.025516
885 0.0273116 -0.033374
886 0.0356299 -0.0431935
887 0.0459903 -0.0552993
888 0.0587186 -0.0700126
889 0.0741318 -0.0876277
890 0.092513 -0.108381
891 0.114079 -0.132416
892 0.138943 -0.159738
893 0.167069 -0.19017
894 0.198226 -0.223306
895 0.231947 -0.258475
896 0.267487 -0.294707
897 0.3038 -0.330727
898 0.339535 -0.364969
899 0.373059 -0.395622
900 0.402511 -0.420714
901 0.425896 -0.438233
902 0.441216 -0.446285
903 0.446633 -0.443275
904 0.440656 -0.4281
905 0.422337 -0.400338
906 0.39145 -0.360402
907 0.348637 -0.309638
908 0.29548 -0.250334
909 0.234497 -0.185637
910 0.169022 -0.11935
911 0.102982 -0.055633
912 0.0405655 0.00138609
913 -0.0141726 0.0480419
914 -0.0577509 0.0815549
915 -0.0876717 0.100387
916 -0.10275 0.104468
917 -0.103302 0.0952532
918 -0.0911483 0.0755695
919 -0.0694144 0.0492706
920 -0.0421367 0.0207268
921 -0.0137224 -0.00577703
922 0.0116615 -0.0266432
923 0.0306755 -0.0394638
924 0.0412682 -0.0433309
925 0.0429288 -0.0388944
926 0.0366758 -0.0281502
927 0.0247807 -0.0139929
928 0.0102731 0.000383138
929 -0.00367822 0.0121154
930 -0.0143858 0.019211
931 -0.0201376 0.0208768
932 -0.0204634 0.0175782
933 -0.0161206 0.0108182
934 -0.00881037 0.00269712
935 -0.000698064 -0.00463542
936 0.00614074 -0.0095004
937 0.0102118 -0.0110537
938 0.0109117 -0.00941055
939 0.00858556 -0.00551024
940 0.00433251 -0.00077362
941 -0.000374568 0.00334108
942 -0.0041378 0.00575232
943 -0.00602099 0.00602273
944 -0.00576677 0.00441186
945 -0.00379245 0.00171459
946 -0.000982427 -0.00104883
947 0.00164276 -0.00298189
948 0.00326662 -0.00358524
949 0.00351575 -0.00287126
950 0.00252778 -0.00129547
951 0.000840491 0.000455653
952 -0.00084418 0.00173384
953 -0.00192736 0.00215469
954 -0.00211399 0.00170266
955 -0.00148068 0.000688522
956 -0.000398528 -0.000410419
957 0.000645805 -0.00115495
958 0.00125243 -0.00130973
959 0.00125288 -0.000909065
960 0.000745947 -0.000206697
961 2.16631e-05 0.000457698
962 -0.000583792 0.000811367
963 -0.000834632 0.000754428
964 -0.000681612 0.000378885
965 -0.00025751 -9.79389e-05
966 0.000206081 -0.00044679
967 0.000495176 -0.000530909
968 0.000507219 -0.00035527
969 0.00028228 -4.43741e-05
970 -3.55615e-05 0.000232835
971 -0.000280526 0.000349372
972 -0.000347103 0.000275288
973 -0.000232372 7.84333e-05
974 -2.28027e-05 -0.000123002
975 0.000161351 -0.000226797
976 0.000231225 -0.000196159
977 0.000169972 -6.91621e-05
978 3.1038e-05 7.18447e-05
979 -9.98453e-05 0.000149931
980 -0.000154542 0.000133717
981 -0.000116306 4.7623e-05
982 -2.13311e-05 -4.95723e-05
983 6.87577e-05 -0.000102147
984 0.000104682 -8.80345e-05
985 7.52376e-05 -2.63121e-05
986 8.02587e-06 3.97331e-05
987 -5.20425e-05 7.11157e-05
988 -7.12521e-05 5.52201e-05
989 -4.51167e-05 9.31786e-06
990 3.30823e-06 -3.41454e-05
991 4.12716e-05 -4.93112e-05
992 4.75114e-05 -3.16315e-05
993 2.34904e-05 2.52202e-06
994 -1.08991e-05 2.91333e-05
995 -3.24542e-05 3.27201e-05
996 -2.97199e-05 1.48407e-05
997 -8.48552e-06 -9.46095e-06
998 1.45124e-05 -2.33805e-05
999 2.40526e-05 -1.95517e-05
