0 0.0528187 -0.0478689
1 0.0454179 -0.0361089
2 0.032415 -0.0201847
3 0.0158015 -0.0024467
4 -0.00199239 0.0145685
5 -0.0184396 0.0284965
6 -0.0312735 0.0374806
7 -0.0388104 0.0404348
8 -0.0401865 0.0371941
9 -0.0354756 0.0285259
10 -0.0256643 0.0159995
11 -0.0124873 0.00173145
12 0.00185253 -0.0119552
13 0.0150389 -0.0229038
14 0.0250135 -0.0294689
15 0.030305 -0.0307766
16 0.0302596 -0.026855
17 0.0251346 -0.0186114
18 0.016037 -0.00766053
19 0.0047166 0.00396977
20 -0.00675075 0.0142026
21 -0.0163352 0.0212816
22 -0.0224135 0.0240801
23 -0.0240529 0.0222916
24 -0.0211657 0.0164677
25 -0.0145055 0.00789402
26 -0.00550639 -0.00166992
27 0.0040061 -0.0103398
28 0.012175 -0.0164743
29 0.0174735 -0.018991
30 0.0189966 -0.017566
31 0.0166253 -0.0126791
32 0.0110289 -0.0054951
33 0.00350841 0.00239425
34 -0.00428903 0.00931204
35 -0.0107223 0.0138506
36 -0.0145013 0.0151623
37 -0.0149516 0.0131256
38 -0.0121416 0.00834974
39 -0.00684604 0.00202023
40 -0.000355048 -0.00438076
41 0.00582737 -0.00941458
42 0.010327 -0.0120098
43 0.0122067 -0.0116952
44 0.0111671 -0.00869014
45 0.00759619 -0.00383155
46 0.00245702 0.00164202
47 -0.00295719 0.00639726
48 -0.00734126 0.00932848
49 -0.00969189 0.00981766
50 -0.0095411 0.00786933
51 -0.00705324 0.00408895
52 -0.00296352 -0.000487567
53 0.00162435 -0.00466821
54 0.00552809 -0.00741198
55 0.00778957 -0.0080898
56 0.00791249 -0.00663259
57 0.0059748 -0.00352998
58 0.00258863 0.000317594
59 -0.00127916 0.00385142
60 -0.00457577 0.00614261
61 -0.00644706 0.00663743
62 -0.00646091 0.00529419
63 -0.00470973 0.00257643
64 -0.00176626 -0.000693139
65 0.00149211 -0.00357441
66 0.00413888 -0.00527784
67 0.00546056 -0.00538216
68 0.00515094 -0.00394094
69 0.00338354 -0.00144957
70 0.00074404 0.00131454
71 -0.00195492 0.00352929
72 -0.00391976 0.00457115
73 -0.00460901 0.00419232
74 -0.00388458 0.00258048
75 -0.00203768 0.000285884
76 0.000315269 -0.00195916
77 0.00243222 -0.00347075
78 0.00367713 -0.00382181
79 0.00371173 -0.00296456
80 0.00258895 -0.00123062
81 0.000721242 0.000788002
82 -0.00126321 0.00243646
83 -0.00272802 0.00320819
84 -0.00323217 0.00290155
85 -0.00266413 0.00167283
86 -0.0012649 -2.87888e-05
87 0.000464589 -0.00161993
88 0.00193834 -0.00258077
89 0.00268229 -0.0026251
90 0.00248737 -0.00178671
91 0.00146885 -0.000395126
92 1.43021e-05 0.001048
93 -0.00135883 0.00204704
94 -0.00218516 0.00228229
95 -0.00220921 0.0017132
96 -0.00146535 0.000580847
97 -0.000253973 -0.000687982
98 0.000974724 -0.00163872
99 0.00178578 -0.00195109
100 0.0019133 -0.00154765
101 0.00134835 -0.000611525
102 0.000331351 0.000490469
103 -0.000745309 0.00134862
104 -0.00148638 0.0016619
105 -0.00163839 0.00134413
106 -0.00117687 0.000546898
107 -0.000305795 -0.000406938
108 0.000627969 -0.00115147
109 0.0012706 -0.00141736
110 0.00139503 -0.0011297
111 0.000981771 -0.000428042
112 0.000217592 0.000396261
113 -0.000584948 0.0010188
114 -0.00111363 0.00120905
115 -0.00117783 0.000916037
116 -0.00077766 0.000280633
117 -9.55335e-05 -0.000428123
118 0.000583827 -0.000925051
119 0.000990819 -0.0010232
120 0.00097773 -0.000704613
121 0.000572535 -0.000120349
122 -4.00745e-05 0.000478141
123 -0.0006003 0.000845953
124 -0.000882297 0.00084485
125 -0.000785238 0.000495445
126 -0.000369513 -3.84881e-05
127 0.000175214 -0.000524619
128 0.000614658 -0.000762233
129 0.000770121 -0.000665017
130 0.000591439 -0.000292271
131 0.000172568 0.000182761
132 -0.000294908 0.000551748
133 -0.000608229 0.000662013
134 -0.000641156 0.00047984
135 -0.000394944 9.9928e-05
136 8.14527e-06 -0.000301389
137 0.000383709 -0.000546925
138 0.000568724 -0.000536778
139 0.000492148 -0.000289254
140 0.000202068 7.24939e-05
141 -0.000160992 0.000380312
142 -0.000430813 0.000498773
143 -0.000491112 0.000384875
144 -0.0003258 0.000103221
145 -2.19792e-05 -0.000208545
146 0.000274211 -0.000406178
147 0.00042719 -0.000405326
148 0.000374059 -0.000217462
149 0.00015061 6.00405e-05
150 -0.000129756 0.000293177
151 -0.000332708 0.000375441
152 -0.000367183 0.00027638
153 -0.000226369 5.24616e-05
154 1.31363e-05 -0.000183472
155 0.000231879 -0.000318284
156 0.000326688 -0.000292648
157 0.000259233 -0.000127315
158 7.11518e-05 9.02798e-05
159 -0.000140014 0.000251386
160 -0.000270701 0.000280106
161 -0.000261809 0.000169378
162 -0.000125315 -1.85245e-05
163 6.49053e-05 -0.000186088
164 0.000212164 -0.000250922
165 0.000245696 -0.000186386
166 0.000154674 -3.22852e-05
167 -8.8831e-06 0.000128575
168 -0.000158831 0.000214536
169 -0.000219852 0.000186472
170 -0.000165373 6.54021e-05
171 -2.92283e-05 -8.14749e-05
172 0.000114234 -0.000177595
173 0.000190378 -0.000176691
174 0.000163202 -8.48673e-05
175 5.25153e-05 4.53048e-05
176 -7.90284e-05 0.000144274
177 -0.000161047 0.000162307
178 -0.000153124 9.43391e-05
179 -6.47646e-05 -1.94533e-05
180 5.23054e-05 -0.000116706
181 0.000134066 -0.000146664
182 0.00013913 -9.66315e-05
183 6.95965e-05 2.71903e-06
184 -3.26308e-05 9.54302e-05
185 -0.000110695 0.000131457
186 -0.000124198 9.37438e-05
187 -6.99165e-05 6.44629e-06
188 1.86862e-05 -7.98516e-05
189 9.16244e-05 -0.000117219
190 0.000110288 -8.71288e-05
191 6.76707e-05 -9.80796e-06
192 -9.52387e-06 6.87181e-05
193 -7.71103e-05 0.000103875
194 -9.83755e-05 7.7982e-05
195 -6.38712e-05 9.20976e-06
196 4.52672e-06 -6.05756e-05
197 6.69791e-05 -9.12044e-05
198 8.85804e-05 -6.74199e-05
199 5.88217e-05 -6.39223e-06
200 -3.21755e-06 5.414e-05
201 -6.06268e-05 7.91248e-05
202 -8.03933e-05 5.651e-05
203 -5.24438e-05 2.79884e-06
204 5.05119e-06 -4.85287e-05
205 5.70784e-05 -6.7789e-05
206 7.29667e-05 -4.61892e-05
207 4.45983e-05 5.72549e-07
208 -9.28473e-06 4.33312e-05
209 -5.51308e-05 5.75209e-05
210 -6.54147e-05 3.71403e-05
211 -3.53231e-05 -3.22612e-06
212 1.49625e-05 -3.8536e-05
213 5.35484e-05 -4.86698e-05
214 5.70582e-05 -2.9701e-05
215 2.49455e-05 5.11834e-06
216 -2.1002e-05 3.43678e-05
217 -5.12604e-05 4.14585e-05
218 -4.75724e-05 2.38449e-05
219 -1.40732e-05 -6.52255e-06
220 2.63356e-05 -3.10977e-05
221 4.75118e-05 -3.58835e-05
222 3.70261e-05 -1.92458e-05
223 3.49858e-06 7.85114e-06
224 -3.00572e-05 2.88869e-05
225 -4.19394e-05 3.16941e-05
226 -2.58291e-05 1.54024e-05
227 5.93701e-06 -9.48449e-06
228 3.15316e-05 -2.76975e-05
229 3.4571e-05 -2.84467e-05
230 1.46231e-05 -1.1786e-05
231 -1.34751e-05 1.16461e-05
232 -3.04485e-05 2.72833e-05
233 -2.57621e-05 2.56098e-05
234 -4.15262e-06 7.97344e-06
235 1.8538e-05 -1.43455e-05
236 2.68197e-05 -2.72467e-05
237 1.61e-05 -2.26849e-05
238 -4.85159e-06 -3.73377e-06
239 -2.0782e-05 1.73901e-05
240 -2.09356e-05 2.71366e-05
241 -6.29969e-06 1.931e-05
242 1.17601e-05 -9.42995e-07
243 2.01099e-05 -2.04531e-05
244 1.32996e-05 -2.65565e-05
245 -2.88794e-06 -1.53231e-05
246 -1.60993e-05 5.87659e-06
247 -1.66545e-05 2.31724e-05
248 -4.55879e-06 2.5254e-05
249 1.07481e-05 1.07725e-05
250 1.75783e-05 -1.07725e-05
251 1.07481e-05 -2.5254e-05
252 -4.55879e-06 -2.31724e-05
253 -1.66545e-05 -5.87659e-06
254 -1.60993e-05 1.53231e-05
255 -2.88794e-06 2.65565e-05
256 1.32996e-05 2.04531e-05
257 2.01099e-05 9.42995e-07
258 1.17601e-05 -1.931e-05
259 -6.29969e-06 -2.71366e-05
260 -2.09356e-05 -1.73901e-05
261 -2.0782e-05 3.73377e-06
262 -4.85159e-06 2.26849e-05
263 1.61e-05 2.72467e-05
264 2.68197e-05 1.43455e-05
265 1.8538e-05 -7.97344e-06
266 -4.15262e-06 -2.56098e-05
267 -2.57621e-05 -2.72833e-05
268 -3.04485e-05 -1.16461e-05
269 -1.34751e-05 1.1786e-05
270 1.46231e-05 2.84467e-05
271 3.4571e-05 2.76975e-05
272 3.15316e-05 9.48449e-06
273 5.93701e-06 -1.54024e-05
274 -2.58291e-05 -3.16941e-05
275 -4.19394e-05 -2.88869e-05
276 -3.00572e-05 -7.85114e-06
277 3.49858e-06 1.92458e-05
278 3.70261e-05 3.58835e-05
279 4.75118e-05 3.10977e-05
280 2.63356e-05 6.52255e-06
281 -1.40732e-05 -2.38449e-05
282 -4.75724e-05 -4.14585e-05
283 -5.12604e-05 -3.43678e-05
284 -2.1002e-05 -5.11834e-06
285 2.49455e-05 2.9701e-05
286 5.70582e-05 4.86698e-05
287 5.35484e-05 3.8536e-05
288 1.49625e-05 3.22612e-06
289 -3.53231e-05 -3.71403e-05
290 -6.54147e-05 -5.75209e-05
291 -5.51308e-05 -4.33312e-05
292 -9.28473e-06 -5.72549e-07
293 4.45983e-05 4.61892e-05
294 7.29667e-05 6.7789e-05
295 5.70784e-05 4.85287e-05
296 5.05119e-06 -2.79884e-06
297 -5.24438e-05 -5.651e-05
298 -8.03933e-05 -7.91248e-05
299 -6.06268e-05 -5.414e-05
300 -3.21755e-06 6.39223e-06
301 5.88217e-05 6.74199e-05
302 8.85804e-05 9.12044e-05
303 6.69791e-05 6.05756e-05
304 4.52672e-06 -9.20976e-06
305 -6.38712e-05 -7.7982e-05
306 -9.83755e-05 -0.000103875
307 -7.71103e-05 -6.87181e-05
308 -9.52387e-06 9.80796e-06
309 6.76707e-05 8.71288e-05
310 0.000110288 0.000117219
311 9.16244e-05 7.98516e-05
312 1.86862e-05 -6.44629e-06
313 -6.99165e-05 -9.37438e-05
314 -0.000124198 -0.000131457
315 -0.000110695 -9.54302e-05
316 -3.26308e-05 -2.71903e-06
317 6.95965e-05 9.66315e-05
318 0.00013913 0.000146664
319 0.000134066 0.000116706
320 5.23054e-05 1.94533e-05
321 -6.47646e-05 -9.43391e-05
322 -0.000153124 -0.000162307
323 -0.000161047 -0.000144274
324 -7.90284e-05 -4.53048e-05
325 5.25153e-05 8.48673e-05
326 0.000163202 0.000176691
327 0.000190378 0.000177595
328 0.000114234 8.14749e-05
329 -2.92283e-05 -6.54021e-05
330 -0.000165373 -0.000186472
331 -0.000219852 -0.000214536
332 -0.000158831 -0.000128575
333 -8.8831e-06 3.22852e-05
334 0.000154674 0.000186386
335 0.000245696 0.000250922
336 0.000212164 0.000186088
337 6.49053e-05 1.85245e-05
338 -0.000125315 -0.000169378
339 -0.000261809 -0.000280106
340 -0.000270701 -0.000251386
341 -0.000140014 -9.02798e-05
342 7.11518e-05 0.000127315
343 0.000259233 0.000292648
344 0.000326688 0.000318284
345 0.000231879 0.000183472
346 1.31363e-05 -5.24616e-05
347 -0.000226369 -0.00027638
348 -0.000367183 -0.000375441
349 -0.000332708 -0.000293177
350 -0.000129756 -6.00405e-05
351 0.00015061 0.000217462
352 0.000374059 0.000405326
353 0.00042719 0.000406178
354 0.000274211 0.000208545
355 -2.19792e-05 -0.000103221
356 -0.0003258 -0.000384875
357 -0.000491112 -0.000498773
358 -0.000430813 -0.000380312
359 -0.000160992 -7.24939e-05
360 0.000202068 0.000289254
361 0.000492148 0.000536778
362 0.000568724 0.000546925
363 0.000383709 0.000301389
364 8.14527e-06 -9.9928e-05
365 -0.000394944 -0.00047984
366 -0.000641156 -0.000662013
367 -0.000608229 -0.000551748
368 -0.000294908 -0.000182761
369 0.000172568 0.000292271
370 0.000591439 0.000665017
371 0.000770121 0.000762233
372 0.000614658 0.000524619
373 0.000175214 3.84881e-05
374 -0.000369513 -0.000495445
375 -0.000785238 -0.00084485
376 -0.000882297 -0.000845953
377 -0.0006003 -0.000478141
378 -4.00745e-05 0.000120349
379 0.000572535 0.000704613
380 0.00097773 0.0010232
381 0.000990819 0.000925051
382 0.000583827 0.000428123
383 -9.55335e-05 -0.000280633
384 -0.00077766 -0.000916037
385 -0.00117783 -0.00120905
386 -0.00111363 -0.0010188
387 -0.000584948 -0.000396261
388 0.000217592 0.000428042
389 0.000981771 0.0011297
390 0.00139503 0.00141736
391 0.0012706 0.00115147
392 0.000627969 0.000406938
393 -0.000305795 -0.000546898
394 -0.00117687 -0.00134413
395 -0.00163839 -0.0016619
396 -0.00148638 -0.00134862
397 -0.000745309 -0.000490469
398 0.000331351 0.000611525
399 0.00134835 0.00154765
400 0.0019133 0.00195109
401 0.00178578 0.00163872
402 0.000974724 0.000687982
403 -0.000253973 -0.000580847
404 -0.00146535 -0.0017132
405 -0.00220921 -0.00228229
406 -0.00218516 -0.00204704
407 -0.00135883 -0.001048
408 1.43021e-05 0.000395126
409 0.00146885 0.00178671
410 0.00248737 0.0026251
411 0.00268229 0.00258077
412 0.00193834 0.00161993
413 0.000464589 2.87888e-05
414 -0.0012649 -0.00167283
415 -0.00266413 -0.00290155
416 -0.00323217 -0.00320819
417 -0.00272802 -0.00243646
418 -0.00126321 -0.000788002
419 0.000721242 0.00123062
420 0.00258895 0.00296456
421 0.00371173 0.00382181
422 0.00367713 0.00347075
423 0.00243222 0.00195916
424 0.000315269 -0.000285884
425 -0.00203768 -0.00258048
426 -0.00388458 -0.00419232
427 -0.00460901 -0.00457115
428 -0.00391976 -0.00352929
429 -0.00195492 -0.00131454
430 0.00074404 0.00144957
431 0.00338354 0.00394094
432 0.00515094 0.00538216
433 0.00546056 0.00527784
434 0.00413888 0.00357441
435 0.00149211 0.000693139
436 -0.00176626 -0.00257643
437 -0.00470973 -0.00529419
438 -0.00646091 -0.00663743
439 -0.00644706 -0.00614261
440 -0.00457577 -0.00385142
441 -0.00127916 -0.000317594
442 0.00258863 0.00352998
443 0.0059748 0.00663259
444 0.00791249 0.0080898
445 0.00778957 0.00741198
446 0.00552809 0.00466821
447 0.00162435 0.000487567
448 -0.00296352 -0.00408895
449 -0.00705324 -0.00786933
450 -0.0095411 -0.00981766
451 -0.00969189 -0.00932848
452 -0.00734126 -0.00639726
453 -0.00295719 -0.00164202
454 0.00245702 0.00383155
455 0.00759619 0.00869014
456 0.0111671 0.0116952
457 0.0122067 0.0120098
458 0.010327 0.00941458
459 0.00582737 0.00438076
460 -0.000355048 -0.00202023
461 -0.00684604 -0.00834974
462 -0.0121416 -0.0131256
463 -0.0149516 -0.0151623
464 -0.0145013 -0.0138506
465 -0.0107223 -0.00931204
466 -0.00428903 -0.00239425
467 0.00350841 0.0054951
468 0.0110289 0.0126791
469 0.0166253 0.017566
470 0.0189966 0.018991
471 0.0174735 0.0164743
472 0.012175 0.0103398
473 0.0040061 0.00166992
474 -0.00550639 -0.00789402
475 -0.0145055 -0.0164677
476 -0.0211657 -0.0222916
477 -0.0240529 -0.0240801
478 -0.0224135 -0.0212816
479 -0.0163352 -0.0142026
480 -0.00675075 -0.00396977
481 0.0047166 0.00766053
482 0.016037 0.0186114
483 0.0251346 0.026855
484 0.0302596 0.0307766
485 0.030305 0.0294689
486 0.0250135 0.0229038
487 0.0150389 0.0119552
488 0.00185253 -0.00173145
489 -0.0124873 -0.0159995
490 -0.0256643 -0.0285259
491 -0.0354756 -0.0371941
492 -0.0401865 -0.0404348
493 -0.0388104 -0.0374806
494 -0.0312735 -0.0284965
495 -0.0184396 -0.0145685
496 -0.00199239 0.0024467
497 0.0158015 0.0201847
498 0.032415 0.0361089
499 0.0454179 0.0478689
500 0.0528187 0.0536303
501 0.0533425 0.0523308
502 0.0466097 0.0438294
503 0.0331927 0.0289314
504 0.0145471 0.00928973
505 -0.00716943 -0.0128013
506 -0.029365 -0.0346897
507 -0.0493307 -0.0536888
508 -0.0645665 -0.0673994
509 -0.073076 -0.0739907
510 -0.0735965 -0.0724104
511 -0.0657402 -0.0624999
512 -0.0500331 -0.045009
513 -0.0278536 -0.0215091
514 -0.00128108 0.00577719
515 0.0271249 0.0342101
516 0.0545873 0.0610016
517 0.0783873 0.0834892
518 0.0961238 0.0993884
519 0.105933 0.106998
520 0.106649 0.105342
521 0.0978897 0.094244
522 0.0800774 0.0743184
523 0.0543781 0.0469027
524 0.0225882 0.0139271
525 -0.0130275 -0.0222551
526 -0.0499255 -0.0590621
527 -0.0854833 -0.0938825
528 -0.117192 -0.124264
529 -0.142829 -0.148078
530 -0.16059 -0.163643
531 -0.169192 -0.169818
532 -0.167925 -0.166035
533 -0.156656 -0.152307
534 -0.135805 -0.129183
535 -0.106281 -0.0976784
536 -0.0693899 -0.0591851
537 -0.0267343 -0.015362
538 0.0198996 0.0319765
539 0.0686524 0.080969
540 0.117694 0.129808
541 0.165313 0.176822
542 0.209987 0.220549
543 0.250441 0.259777
544 0.285672 0.293579
545 0.314973 0.321317
546 0.337921 0.342642
547 0.354369 0.357469
548 0.364412 0.365951
549 0.368357 0.368438
550 0.366675 0.365439
551 0.359967 0.357578
552 0.348919 0.345557
553 0.334259 0.330112
554 0.316733 0.311984
555 0.297065 0.291889
556 0.275939 0.2705
557 0.253981 0.248424
558 0.231745 0.226197
559 0.209707 0.204274
560 0.188261 0.183029
561 0.167723 0.162759
562 0.148331 0.143683
563 0.130254 0.125954
564 0.113599 0.109664
565 0.0984168 0.0948536
566 0.0847163 0.0815203
567 0.0724679 0.0696271
568 0.0616139 0.0591102
569 0.0520756 0.0498868
570 0.0437599 0.041861
571 0.0365649 0.0349297
572 0.0303846 0.0289864
573 0.0251129 0.0239254
574 0.0206463 0.0196445
575 0.0168864 0.0160465
576 0.0137412 0.0130414
577 0.0111262 0.0105467
578 0.00896481 0.00848764
579 0.00718866 0.00679798
580 0.00573722 0.00541911
581 0.00455759 0.00429996
582 0.00360398 0.00339642
583 0.00283709 0.00267073
584 0.0022235 0.00209083
585 0.00173501 0.00162974
586 0.00134802 0.00126488
587 0.0010429 0.00097756
588 0.000803474 0.000752355
589 0.000616457 0.00057665
590 0.000471043 0.000440183
591 0.000358482 0.000334664
592 0.000271735 0.00025343
593 0.000205171 0.000191164
594 0.00015431 0.000143639
595 0.000115612 0.000107516
596 8.62899e-05 8.0172e-05
597 6.41637e-05 5.95584e-05
598 4.75341e-05 4.40815e-05
599 3.50845e-05 3.25074e-05
600 2.58011e-05 2.38853e-05
601 1.8906e-05 1.74865e-05
602 1.38047e-05 1.27562e-05
603 1.00444e-05 9.27301e-06
604 7.28241e-06 6.7179e-06
605 5.26126e-06 4.84999e-06
606 3.78819e-06 3.48902e-06
607 2.71874e-06 2.50121e-06
608 1.94474e-06 1.7873e-06
609 1.38608e-06 1.2733e-06
610 9.84313e-07 9.04096e-07
611 6.96857e-07 6.39462e-07
612 4.9213e-07 4.50611e-07
613 3.46518e-07 3.16742e-07
614 2.42898e-07 2.22267e-07
615 1.69449e-07 1.55454e-07
616 1.17968e-07 1.08054e-07
617 8.22054e-08 7.46988e-08
618 5.71793e-08 5.16856e-08
619 3.93765e-08 3.59374e-08
620 2.68045e-08 2.48819e-08
621 1.83114e-08 1.68893e-08
622 1.27585e-08 1.12886e-08
623 8.91134e-09 7.70631e-09
624 5.96142e-09 5.48549e-09
625 3.78756e-09 3.84701e-09
626 2.50747e-09 2.43834e-09
627 1.89952e-09 1.42767e-09
628 1.44564e-09 9.88125e-10
629 8.67232e-10 8.80842e-10
630 3.62654e-10 6.84237e-10
631 2.1504e-10 3.02872e-10
632 3.32392e-10 2.47649e-11
633 3.51632e-10 6.19088e-11
634 1.27084e-10 2.32638e-10
635 -9.89105e-11 2.16782e-10
636 -6.72619e-11 -3.35626e-12
637 1.26995e-10 -1.42642e-10
638 1.79684e-10 -3.29919e-11
639 8.92772e-12 1.43985e-10
640 -1.44884e-10 1.27267e-10
641 -7.43012e-11 -5.5203e-11
642 1.04933e-10 -1.42285e-10
643 1.32343e-10 -1.96786e-11
644 -2.42626e-11 1.26758e-10
645 -1.35731e-10 8.84574e-11
646 -4.82625e-11 -7.09727e-11
647 1.03368e-10 -1.20334e-10
648 1.01112e-10 3.56975e-12
649 -4.36527e-11 1.15676e-10
650 -1.18252e-10 5.79086e-11
651 -2.08523e-11 -7.84482e-11
652 1.00763e-10 -9.56935e-11
653 7.23879e-11 2.39523e-11
654 -5.73177e-11 1.02799e-10
655 -9.80023e-11 3.09213e-11
656 3.35797e-12 -8.09453e-11
657 9.41343e-11 -7.10536e-11
658 4.52383e-11 3.97759e-11
659 -6.55179e-11 8.75546e-11
660 -7.61033e-11 7.30568e-12
661 2.29457e-11 -7.89918e-11
662 8.33411e-11 -4.71231e-11
663 2.06145e-11 5.07619e-11
664 -6.80706e-11 7.02222e-11
665 -5.37124e-11 -1.26296e-11
666 3.71106e-11 -7.27615e-11
667 6.91869e-11 -2.44314e-11
668 -3.65147e-13 5.66721e-11
669 -6.53579e-11 5.12295e-11
670 -3.21613e-11 -2.83105e-11
671 4.56434e-11 -6.23992e-11
672 5.29007e-11 -3.79366e-12
673 -1.69417e-11 5.71738e-11
674 -5.82444e-11 3.13703e-11
675 -1.25922e-11 -3.88805e-11
676 4.88368e-11 -4.83863e-11
677 3.57211e-11 1.3524e-11
678 -2.87873e-11 5.21654e-11
679 -4.77364e-11 1.20516e-11
680 4.17198e-12 -4.35203e-11
681 4.72e-11 -3.19056e-11
682 1.86963e-11 2.60325e-11
683 -3.57936e-11 4.22514e-11
684 -3.47702e-11 -4.80999e-12
685 1.74633e-11 -4.19983e-11
686 4.1243e-11 -1.49189e-11
687 2.81649e-12 3.25948e-11
688 -3.785e-11 2.89981e-11
689 -2.03149e-11 -1.73115e-11
690 2.65432e-11 -3.51125e-11
691 3.15609e-11 2.43601e-13
692 -1.07335e-11 3.3011e-11
693 -3.49094e-11 1.47172e-11
694 -5.66867e-12 -2.42495e-11
695 3.06233e-11 -2.46887e-11
696 1.91679e-11 1.15766e-11
697 -2.05279e-11 2.82616e-11
698 -2.73525e-11 1.83226e-12
699 7.39403e-12 -2.55688e-11
700 2.92341e-11 -1.31095e-11
701 5.77908e-12 1.8022e-11
702 -2.52299e-11 2.024e-11
703 -1.64041e-11 -7.82417e-12
704 1.68611e-11 -2.23455e-11
705 2.27639e-11 -2.6007e-12
706 -6.28314e-12 1.96891e-11
707 -2.42071e-11 1.11337e-11
708 -4.23994e-12 -1.34482e-11
709 2.11121e-11 -1.63307e-11
710 1.2784e-11 5.34376e-12
711 -1.46461e-11 1.76133e-11
712 -1.80785e-11 2.77955e-12
713 6.42173e-12 -1.52459e-11
714 1.96351e-11 -9.33039e-12
715 1.87925e-12 1.01651e-11
716 -1.771e-11 1.32361e-11
717 -8.8221e-12 -3.69977e-12
718 1.31312e-11 -1.40745e-11
719 1.34395e-11 -2.73213e-12
720 -7.05405e-12 1.20574e-11
721 -1.532e-11 7.90419e-12
722 6.95562e-13 -7.9065e-12
723 1.45841e-11 -1.09761e-11
724 4.88595e-12 2.65036e-12
725 -1.17642e-11 1.16005e-11
726 -8.95011e-12 2.59954e-12
727 7.64147e-12 -9.91578e-12
728 1.11344e-11 -6.86144e-12
729 -3.0557e-12 6.46668e-12
730 -1.14473e-11 9.43615e-12
731 -1.2422e-12 -2.05614e-12
732 1.01877e-11 -9.99735e-12
733 4.7037e-12 -2.41831e-12
734 -7.83231e-12 8.6073e-12
735 -7.02567e-12 6.13157e-12
736 4.91374e-12 -5.66627e-12
737 8.14719e-12 -8.45947e-12
738 -1.91652e-12 1.81243e-12
739 -8.19778e-12 9.06597e-12
740 -7.93668e-13 2.20115e-12
741 7.41961e-12 -7.93327e-12
742 3.00069e-12 -5.64279e-12
743 -6.09047e-12 5.34568e-12
744 -4.6293e-12 7.9147e-12
745 4.4588e-12 -1.82015e-12
746 5.70441e-12 -8.64468e-12
747 -2.69677e-12 -1.98097e-12
748 -6.30258e-12 7.73432e-12
749 9.00095e-13 5.36867e-12
750 6.49278e-12 -5.36913e-12
751 9.00374e-13 -7.73433e-12
752 -6.30289e-12 1.98046e-12
753 -2.69699e-12 8.64432e-12
754 5.70572e-12 1.82122e-12
755 4.45771e-12 -7.91467e-12
756 -4.62922e-12 -5.34556e-12
757 -6.08997e-12 5.64304e-12
758 3.00181e-12 7.93352e-12
759 7.41855e-12 -2.20233e-12
760 -7.93393e-13 -9.06539e-12
761 -8.19728e-12 -1.81276e-12
762 -1.91693e-12 8.4596e-12
763 8.14684e-12 5.66587e-12
764 4.91385e-12 -6.13145e-12
765 -7.02592e-12 -8.60779e-12
766 -7.83191e-12 2.41816e-12
767 4.70364e-12 9.99755e-12
768 1.01872e-11 2.05634e-12
769 -1.24219e-12 -9.43612e-12
770 -1.1447e-11 -6.46655e-12
771 -3.05595e-12 6.86181e-12
772 1.11338e-11 9.91565e-12
773 7.64174e-12 -2.59969e-12
774 -8.94982e-12 -1.16e-11
775 -1.17651e-11 -2.65086e-12
776 4.88586e-12 1.0976e-11
777 1.4584e-11 7.9064e-12
778 6.95981e-13 -7.90347e-12
779 -1.53203e-11 -1.20573e-11
780 -7.05353e-12 2.73286e-12
781 1.3439e-11 1.40743e-11
782 1.31314e-11 3.70028e-12
783 -8.82251e-12 -1.3236e-11
784 -1.77097e-11 -1.01647e-11
785 1.87869e-12 9.33014e-12
786 1.96349e-11 1.52458e-11
787 6.42188e-12 -2.77949e-12
788 -1.80784e-11 -1.76129e-11
789 -1.46468e-11 -5.34417e-12
790 1.27847e-11 1.63309e-11
791 2.11119e-11 1.3448e-11
792 -4.2394e-12 -1.11327e-11
793 -2.42074e-11 -1.96892e-11
794 -6.28226e-12 2.60089e-12
795 2.27636e-11 2.2345e-11
796 1.68613e-11 7.8245e-12
797 -1.64044e-11 -2.02395e-11
798 -2.52295e-11 -1.80218e-11
799 5.77874e-12 1.3109e-11
800 2.92341e-11 2.55688e-11
801 7.3934e-12 -1.83219e-12
802 -2.73527e-11 -2.82617e-11
803 -2.0528e-11 -1.15767e-11
804 1.91672e-11 2.46888e-11
805 3.0623e-11 2.42495e-11
806 -5.66862e-12 -1.47169e-11
807 -3.49093e-11 -3.30106e-11
808 -1.07337e-11 -2.43935e-13
809 3.1561e-11 3.51121e-11
810 2.65434e-11 1.73123e-11
811 -2.0315e-11 -2.89984e-11
812 -3.78502e-11 -3.25947e-11
813 2.81642e-12 1.49188e-11
814 4.12434e-11 4.19984e-11
815 1.74627e-11 4.8096e-12
816 -3.47695e-11 -4.22507e-11
817 -3.57933e-11 -2.60324e-11
818 1.86954e-11 3.19055e-11
819 4.72005e-11 4.35199e-11
820 4.17209e-12 -1.20516e-11
821 -4.77366e-11 -5.2165e-11
822 -2.87878e-11 -1.35236e-11
823 3.5721e-11 4.83858e-11
824 4.88367e-11 3.88803e-11
825 -1.25917e-11 -3.13695e-11
826 -5.82448e-11 -5.7174e-11
827 -1.69415e-11 3.79341e-12
828 5.29007e-11 6.23998e-11
829 4.56429e-11 2.83106e-11
830 -3.21608e-11 -5.12294e-11
831 -6.53576e-11 -5.66718e-11
832 -3.65942e-13 2.44308e-11
833 6.91863e-11 7.27615e-11
834 3.71109e-11 1.26306e-11
835 -5.37124e-11 -7.0223e-11
836 -6.80705e-11 -5.07619e-11
837 2.06144e-11 4.7123e-11
838 8.3341e-11 7.89918e-11
839 2.29456e-11 -7.30549e-12
840 -7.61031e-11 -8.75551e-11
841 -6.55182e-11 -3.97765e-11
842 4.52384e-11 7.10544e-11
843 9.41345e-11 8.09454e-11
844 3.35889e-12 -3.09216e-11
845 -9.8002e-11 -1.02798e-10
846 -5.7318e-11 -2.39523e-11
847 7.23881e-11 9.56936e-11
848 1.00763e-10 7.84479e-11
849 -2.08523e-11 -5.7908e-11
850 -1.18252e-10 -1.15676e-10
851 -4.36527e-11 -3.56997e-12
852 1.01112e-10 1.20334e-10
853 1.03367e-10 7.09731e-11
854 -4.82628e-11 -8.84572e-11
855 -1.3573e-10 -1.26758e-10
856 -2.4262e-11 1.96787e-11
857 1.32343e-10 1.42285e-10
858 1.04933e-10 5.52027e-11
859 -7.43011e-11 -1.27267e-10
860 -1.44884e-10 -1.43984e-10
861 8.92781e-12 3.29919e-11
862 1.79684e-10 1.42642e-10
863 1.26995e-10 3.3568e-12
864 -6.72622e-11 -2.16783e-10
865 -9.89098e-11 -2.32637e-10
866 1.27083e-10 -6.19085e-11
867 3.51631e-10 -2.47655e-11
868 3.32393e-10 -3.02871e-10
869 2.1504e-10 -6.84237e-10
870 3.62654e-10 -8.80842e-10
871 8.67231e-10 -9.88125e-10
872 1.44564e-09 -1.42767e-09
873 1.89952e-09 -2.43834e-09
874 2.50747e-09 -3.84701e-09
875 3.78756e-09 -5.48549e-09
876 5.96142e-09 -7.70631e-09
877 8.91134e-09 -1.12886e-08
878 1.27585e-08 -1.68893e-08
879 1.83114e-08 -2.48819e-08
880 2.68045e-08 -3.59374e-08
881 3.93765e-08 -5.16856e-08
882 5.71793e-08 -7.46988e-08
883 8.22054e-08 -1.08054e-07
884 1.17968e-07 -1.55454e-07
885 1.69449e-07 -2.22267e-07
886 2.42898e-07 -3.16742e-07
887 3.46518e-07 -4.50611e-07
888 4.9213e-07 -6.39462e-07
889 6.96857e-07 -9.04096e-07
890 9.84313e-07 -1.2733e-06
891 1.38608e-06 -1.7873e-06
892 1.94474e-06 -2.50121e-06
893 2.71874e-06 -3.48902e-06
894 3.78819e-06 -4.84999e-06
895 5.26126e-06 -6.7179e-06
896 7.28241e-06 -9.27301e-06
897 1.00444e-05 -1.27562e-05
898 1.38047e-05 -1.74865e-05
899 1.8906e-05 -2.38853e-05
900 2.58011e-05 -3.25074e-05
901 3.50845e-05 -4.40815e-05
902 4.75341e-05 -5.95584e-05
903 6.41637e-05 -8.0172e-05
904 8.62899e-05 -0.000107516
905 0.000115612 -0.000143639
906 0.00015431 -0.000191164
907 0.000205171 -0.00025343
908 0.000271735 -0.000334664
909 0.000358482 -0.000440183
910 0.000471043 -0.00057665
911 0.000616457 -0.000752355
912 0.000803474 -0.00097756
913 0.0010429 -0.00126488
914 0.00134802 -0.00162974
915 0.00173501 -0.00209083
916 0.0022235 -0.00267073
917 0.00283709 -0.00339642
918 0.00360398 -0.00429996
919 0.00455759 -0.00541911
920 0.00573722 -0.00679798
921 0.00718866 -0.00848764
922 0.00896481 -0.0105467
923 0.0111262 -0.0130414
924 0.0137412 -0.0160465
925 0.0168864 -0.0196445
926 0.0206463 -0.0239254
927 0.0251129 -0.0289864
928 0.0303846 -0.0349297
929 0.0365649 -0.041861
930 0.0437599 -0.0498868
931 0.0520756 -0.0591102
932 0.0616139 -0.0696271
933 0.0724679 -0.0815203
934 0.0847163 -0.0948536
935 0.0984168 -0.109664
936 0.113599 -0.125954
937 0.130254 -0.143683
938 0.148331 -0.162759
939 0.167723 -0.183029
940 0.188261 -0.204274
941 0.209707 -0.226197
942 0.231745 -0.248424
943 0.253981 -0.2705
944 0.275939 -0.291889
945 0.297065 -0.311984
946 0.316733 -0.330112
947 0.334259 -0.345557
948 0.348919 -0.357578
949 0.359967 -0.365439
950 0.366675 -0.368438
951 0.368357 -0.365951
952 0.364412 -0.357469
953 0.354369 -0.342642
954 0.337921 -0.321317
955 0.314973 -0.293579
956 0.285672 -0.259777
957 0.250441 -0.220549
958 0.209987 -0.176822
959 0.165313 -0.129808
960 0.117694 -0.080969
961 0.0686524 -0.0319765
962 0.0198996 0.015362
963 -0.0267343 0.0591851
964 -0.0693899 0.0976784
965 -0.106281 0.129183
966 -0.135805 0.152307
967 -0.156656 0.166035
968 -0.167925 0.169818
969 -0.169192 0.163643
970 -0.16059 0.148078
971 -0.142829 0.124264
972 -0.117192 0.0938825
973 -0.0854833 0.0590621
974 -0.0499255 0.0222551
975 -0.0130275 -0.0139271
976 0.0225882 -0.0469027
977 0.0543781 -0.0743184
978 0.0800774 -0.094244
979 0.0978897 -0.105342
980 0.106649 -0.106998
981 0.105933 -0.0993884
982 0.0961238 -0.0834892
983 0.0783873 -0.0610016
984 0.0545873 -0.0342101
985 0.0271249 -0.00577719
986 -0.00128108 0.0215091
987 -0.0278536 0.045009
988 -0.0500331 0.0624999
989 -0.0657402 0.0724104
990 -0.0735965 0.0739907
991 -0.073076 0.0673994
992 -0.0645665 0.0536888
993 -0.0493307 0.0346897
994 -0.029365 0.0128013
995 -0.00716943 -0.00928973
996 0.0145471 -0.0289314
997 0.0331927 -0.0438294
998 0.0466097 -0.0523308
999 0.0533425 -0.0536303
