0 7.01441e-17 -8.5946e-17
1 -1.08435e-16 -3.07496e-18
2 1.29456e-16 1.68789e-16
3 -1.00359e-16 -1.74233e-16
4 5.36589e-19 5.01091e-18
5 -3.57022e-17 6.88544e-17
6 -2.34637e-16 -2.27731e-16
7 -1.00783e-16 -4.33828e-17
8 2.05097e-17 7.02908e-17
9 1.35516e-16 9.31512e-18
10 -6.69025e-17 1.13509e-16
11 8.41308e-17 -1.31395e-16
12 -1.65591e-16 -1.39198e-16
13 -1.18654e-18 -4.20924e-17
14 5.20001e-18 -8.32578e-17
15 6.84872e-18 5.42591e-17
16 2.22836e-16 9.47843e-17
17 -8.60733e-17 -2.54779e-16
18 2.03266e-16 1.12573e-16
19 -1.30793e-16 -1.87019e-16
20 3.77309e-17 3.91151e-19
21 -2.79407e-17 7.0712e-17
22 -1.7767e-17 -8.85743e-17
23 -6.70237e-18 4.74011e-17
24 9.92549e-17 -2.14e-16
25 -4.29821e-17 -7.7485e-17
26 1.80453e-17 -3.66047e-17
27 3.22945e-17 4.24309e-17
28 3.04849e-17 8.11502e-17
29 -1.20787e-16 -1.6001e-16
30 2.03521e-16 1.44841e-16
31 1.77011e-18 6.74513e-17
32 -1.35137e-16 1.3199e-17
33 -2.70799e-17 -2.53125e-17
34 1.63821e-16 6.83858e-17
35 -7.95954e-18 -2.73717e-16
36 7.42916e-17 1.04881e-16
37 1.30935e-16 1.3359e-16
38 -9.83114e-17 -1.02285e-16
39 1.68539e-16 9.04769e-17
40 -7.11477e-17 1.98158e-16
41 -1.67557e-16 -1.20511e-16
42 -1.56341e-17 7.16582e-17
43 -1.24764e-16 -5.40712e-17
44 -5.15059e-17 1.48038e-16
45 1.10442e-16 9.60699e-17
46 1.64742e-16 -3.41846e-17
47 -1.45893e-16 8.4029e-17
48 -8.55184e-17 4.78257e-18
49 3.28285e-17 4.09287e-17
50 -3.25808e-17 -1.51439e-16
51 -4.02979e-18 -1.37007e-16
52 -2.59373e-17 1.1171e-16
53 3.28063e-16 1.22181e-16
54 -2.74488e-16 -4.1788e-16
55 8.86029e-17 -2.82559e-16
56 5.94246e-16 -7.34103e-16
57 1.0499e-15 -1.49303e-15
58 1.63838e-15 -3.58271e-15
59 3.87789e-15 -6.72146e-15
60 8.36033e-15 -1.3469e-14
61 1.60635e-14 -2.78266e-14
62 3.25519e-14 -5.58396e-14
63 6.60182e-14 -1.10772e-13
64 1.31792e-13 -2.20399e-13
65 2.61173e-13 -4.36305e-13
66 5.14662e-13 -8.56698e-13
67 1.01054e-12 -1.6705e-12
68 1.96941e-12 -3.24119e-12
69 3.8132e-12 -6.2495e-12
70 7.34047e-12 -1.19719e-11
71 1.40431e-11 -2.27906e-11
72 2.66939e-11 -4.31143e-11
73 5.0418e-11 -8.10414e-11
74 9.46224e-11 -1.51348e-10
75 1.76439e-10 -2.80818e-10
76 3.26857e-10 -5.17639e-10
77 6.01542e-10 -9.47887e-10
78 1.09976e-09 -1.7242e-09
79 1.99721e-09 -3.11526e-09
80 3.60264e-09 -5.59053e-09
81 6.45448e-09 -9.96404e-09
82 1.14847e-08 -1.76365e-08
83 2.02938e-08 -3.09998e-08
84 3.56097e-08 -5.41056e-08
85 6.20446e-08 -9.37633e-08
86 1.07334e-07 -1.61324e-07
87 1.84349e-07 -2.75557e-07
88 3.14324e-07 -4.67231e-07
89 5.32007e-07 -7.86374e-07
90 8.93765e-07 -1.31361e-06
91 1.49025e-06 -2.17775e-06
92 2.46599e-06 -3.58273e-06
93 4.04926e-06 -5.84852e-06
94 6.59746e-06 -9.47245e-06
95 1.06648e-05 -1.52202e-05
96 1.71024e-05 -2.42592e-05
97 2.72049e-05 -3.83516e-05
98 4.29217e-05 -6.01305e-05
99 6.71581e-05 -9.34888e-05
100 0.000104198 -0.000144121
101 0.000160291 -0.000220262
102 0.00024445 -0.00033369
103 0.000369528 -0.000501045
104 0.00055363 -0.000745553
105 0.000821945 -0.00109922
106 0.00120907 -0.00160554
107 0.00176187 -0.00232284
108 0.00254296 -0.00332814
109 0.00363469 -0.00472159
110 0.00514373 -0.00663118
111 0.00720581 -0.00921765
112 0.00999056 -0.0126788
113 0.0137057 -0.0172529
114 0.0185998 -0.02322
115 0.0249634 -0.0309001
116 0.0331257 -0.0406469
117 0.0434473 -0.0528357
118 0.0563061 -0.067844
119 0.0720764 -0.0860235
120 0.0910981 -0.107664
121 0.113638 -0.132945
122 0.139842 -0.161888
123 0.169682 -0.194294
124 0.202894 -0.229689
125 0.238928 -0.267277
126 0.2769 -0.305902
127 0.315564 -0.344046
128 0.353312 -0.379853
129 0.388213 -0.4112
130 0.418093 -0.435815
131 0.440666 -0.451441
132 0.453711 -0.456048
133 0.455288 -0.448057
134 0.443971 -0.426583
135 0.41908 -0.391637
136 0.38088 -0.344277
137 0.330703 -0.286657
138 0.270972 -0.221962
139 0.205104 -0.154199
140 0.137264 -0.0878622
141 0.0720051 -0.0274894
142 0.0137962 0.0228428
143 -0.0334808 0.0600145
144 -0.0670158 0.0822759
145 -0.0854506 0.0895032
146 -0.0890858 0.0832401
147 -0.0798617 0.0664969
148 -0.0610977 0.0433206
149 -0.0370118 0.0181931
150 -0.012089 -0.0046484
151 0.0096003 -0.0218518
152 0.0250107 -0.0314307
153 0.0325465 -0.0329924
154 0.0322164 -0.027665
155 0.0254845 -0.0177378
156 0.0148479 -0.00609119
157 0.00323241 0.00445867
158 -0.00666177 0.0117555
159 -0.0129182 0.0147052
160 -0.0147422 0.0134011
161 -0.0125101 0.00895379
162 -0.00753172 0.00308721
163 -0.00160457 -0.00238221
164 0.00351413 -0.00603764
165 0.00656962 -0.0071934
166 0.00708551 -0.00598647
167 0.00539049 -0.00322142
168 0.00240927 -3.64631e-05
169 -0.000699165 0.00249199
170 -0.0029315 0.00367744
171 -0.00373359 0.00338613
172 -0.00311298 0.00199843
173 -0.00155207 0.000202679
174 0.000227654 -0.00128956
175 0.00155293 -0.00199862
176 0.00203065 -0.00181404
177 0.00164709 -0.000977534
178 0.000713472 6.3773e-05
179 -0.000303502 0.00086225
180 -0.000987151 0.0011458
181 -0.00112744 0.000898719
182 -0.000772309 0.000326535
183 -0.000166074 -0.000265635
184 0.000384883 -0.000618927
185 0.000652981 -0.000625004
186 0.000575269 -0.000348806
187 0.000253964 2.9335e-05
188 -0.000117023 0.000315108
189 -0.000356138 0.000392567
190 -0.000376562 0.000265529
191 -0.000211291 3.54927e-05
192 2.30035e-05 -0.000164286
193 0.000197154 -0.000240007
194 0.000235669 -0.000177619
195 0.000145552 -3.62913e-05
196 -1.43861e-06 9.4746e-05
197 -0.000117155 0.000148162
198 -0.000146271 0.000110535
199 -9.01198e-05 2.02357e-05
200 3.86893e-06 -6.25669e-05
201 7.62221e-05 -9.30568e-05
202 9.06055e-05 -6.42587e-05
203 5.02544e-05 -4.37177e-06
204 -1.08169e-05 4.56731e-05
205 -5.29088e-05 5.83595e-05
206 -5.49034e-05 3.34897e-05
207 -2.35144e-05 -6.53006e-06
208 1.56756e-05 -3.42767e-05
209 3.71221e-05 -3.50251e-05
210 3.10346e-05 -1.36322e-05
211 6.66637e-06 1.20021e-05
212 -1.69156e-05 2.46388e-05
213 -2.47374e-05 1.86659e-05
214 -1.48365e-05 1.66696e-06
215 2.79278e-06 -1.29328e-05
216 1.49318e-05 -1.5843e-05
217 1.45245e-05 -7.40921e-06
218 4.32212e-06 4.3617e-06
219 -6.75385e-06 1.06851e-05
220 -1.0862e-05 8.2331e-06
221 -6.50168e-06 4.73499e-07
222 1.57376e-06 -6.02354e-06
223 6.86209e-06 -6.84571e-06
224 6.09716e-06 -2.52432e-06
225 1.03393e-06 2.7599e-06
226 -3.74809e-06 4.91671e-06
227 -4.75003e-06 2.95891e-06
228 -1.97362e-06 -8.30441e-07
229 1.72231e-06 -3.21816e-06
230 3.3291e-06 -2.65163e-06
231 2.03137e-06 -1.42797e-07
232 -5.71252e-07 1.97814e-06
233 -2.17396e-06 2.11642e-06
234 -1.72074e-06 5.36952e-07
235 -1.45683e-09 -1.17189e-06
236 1.34435e-06 -1.59978e-06
237 1.31847e-06 -6.26216e-07
238 2.41048e-07 6.93967e-07
239 -7.86089e-07 1.19163e-06
240 -9.4653e-07 5.7903e-07
241 -3.12909e-07 -4.38009e-07
242 4.17639e-07 -9.06429e-07
243 6.42005e-07 -4.87035e-07
244 3.15237e-07 3.2329e-07
245 -1.6521e-07 7.30992e-07
246 -4.01877e-07 3.95661e-07
247 -3.00541e-07 -2.96903e-07
248 -2.84962e-08 -6.48398e-07
249 2.06407e-07 -3.27275e-07
250 2.93304e-07 3.27275e-07
251 2.06407e-07 6.48398e-07
252 -2.84962e-08 2.96903e-07
253 -3.00541e-07 -3.95661e-07
254 -4.01877e-07 -7.30992e-07
255 -1.6521e-07 -3.2329e-07
256 3.15237e-07 4.87035e-07
257 6.42005e-07 9.06429e-07
258 4.17639e-07 4.38009e-07
259 -3.12909e-07 -5.7903e-07
260 -9.4653e-07 -1.19163e-06
261 -7.86089e-07 -6.93967e-07
262 2.41048e-07 6.26216e-07
263 1.31847e-06 1.59978e-06
264 1.34435e-06 1.17189e-06
265 -1.45683e-09 -5.36952e-07
266 -1.72074e-06 -2.11642e-06
267 -2.17396e-06 -1.97814e-06
268 -5.71252e-07 1.42797e-07
269 2.03137e-06 2.65163e-06
270 3.3291e-06 3.21816e-06
271 1.72231e-06 8.30441e-07
272 -1.97362e-06 -2.95891e-06
273 -4.75003e-06 -4.91671e-06
274 -3.74809e-06 -2.7599e-06
275 1.03393e-06 2.52432e-06
276 6.09716e-06 6.84571e-06
277 6.86209e-06 6.02354e-06
278 1.57376e-06 -4.73499e-07
279 -6.50168e-06 -8.2331e-06
280 -1.0862e-05 -1.06851e-05
281 -6.75385e-06 -4.3617e-06
282 4.32212e-06 7.40921e-06
283 1.45245e-05 1.5843e-05
284 1.49318e-05 1.29328e-05
285 2.79278e-06 -1.66696e-06
286 -1.48365e-05 -1.86659e-05
287 -2.47374e-05 -2.46388e-05
288 -1.69156e-05 -1.20021e-05
289 6.66637e-06 1.36322e-05
290 3.10346e-05 3.50251e-05
291 3.71221e-05 3.42767e-05
292 1.56756e-05 6.53006e-06
293 -2.35144e-05 -3.34897e-05
294 -5.49034e-05 -5.83595e-05
295 -5.29088e-05 -4.56731e-05
296 -1.08169e-05 4.37177e-06
297 5.02544e-05 6.42587e-05
298 9.06055e-05 9.30568e-05
299 7.62221e-05 6.25669e-05
300 3.86893e-06 -2.02357e-05
301 -9.01198e-05 -0.000110535
302 -0.000146271 -0.000148162
303 -0.000117155 -9.4746e-05
304 -1.43861e-06 3.62913e-05
305 0.000145552 0.000177619
306 0.000235669 0.000240007
307 0.000197154 0.000164286
308 2.30035e-05 -3.54927e-05
309 -0.000211291 -0.000265529
310 -0.000376562 -0.000392567
311 -0.000356138 -0.000315108
312 -0.000117023 -2.9335e-05
313 0.000253964 0.000348806
314 0.000575269 0.000625004
315 0.000652981 0.000618927
316 0.000384883 0.000265635
317 -0.000166074 -0.000326535
318 -0.000772309 -0.000898719
319 -0.00112744 -0.0011458
320 -0.000987151 -0.00086225
321 -0.000303502 -6.3773e-05
322 0.000713472 0.000977534
323 0.00164709 0.00181404
324 0.00203065 0.00199862
325 0.00155293 0.00128956
326 0.000227654 -0.000202679
327 -0.00155207 -0.00199843
328 -0.00311298 -0.00338613
329 -0.00373359 -0.00367744
330 -0.0029315 -0.00249199
331 -0.000699165 3.64631e-05
332 0.00240927 0.00322142
333 0.00539049 0.00598647
334 0.00708551 0.0071934
335 0.00656962 0.00603764
336 0.00351413 0.00238221
337 -0.00160457 -0.00308721
338 -0.00753172 -0.00895379
339 -0.0125101 -0.0134011
340 -0.0147422 -0.0147052
341 -0.0129182 -0.0117555
342 -0.00666177 -0.00445867
343 0.00323241 0.00609119
344 0.0148479 0.0177378
345 0.0254845 0.027665
346 0.0322164 0.0329924
347 0.0325465 0.0314307
348 0.0250107 0.0218518
349 0.0096003 0.0046484
350 -0.012089 -0.0181931
351 -0.0370118 -0.0433206
352 -0.0610977 -0.0664969
353 -0.0798617 -0.0832401
354 -0.0890858 -0.0895032
355 -0.0854506 -0.0822759
356 -0.0670158 -0.0600145
357 -0.0334808 -0.0228428
358 0.0137962 0.0274894
359 0.0720051 0.0878622
360 0.137264 0.154199
361 0.205104 0.221962
362 0.270972 0.286657
363 0.330703 0.344277
364 0.38088 0.391637
365 0.41908 0.426583
366 0.443971 0.448057
367 0.455288 0.456048
368 0.453711 0.451441
369 0.440666 0.435815
370 0.418093 0.4112
371 0.388213 0.379853
372 0.353312 0.344046
373 0.315564 0.305902
374 0.2769 0.267277
375 0.238928 0.229689
376 0.202894 0.194294
377 0.169682 0.161888
378 0.139842 0.132945
379 0.113638 0.107664
380 0.0910981 0.0860235
381 0.0720764 0.067844
382 0.0563061 0.0528357
383 0.0434473 0.0406469
384 0.0331257 0.0309001
385 0.0249634 0.02322
386 0.0185998 0.0172529
387 0.0137057 0.0126788
388 0.00999056 0.00921765
389 0.00720581 0.00663118
390 0.00514373 0.00472159
391 0.00363469 0.00332814
392 0.00254296 0.00232284
393 0.00176187 0.00160554
394 0.00120907 0.00109922
395 0.000821945 0.000745553
396 0.00055363 0.000501045
397 0.000369528 0.00033369
398 0.00024445 0.000220262
399 0.000160291 0.000144121
400 0.000104198 9.34888e-05
401 6.71581e-05 6.01305e-05
402 4.29217e-05 3.83516e-05
403 2.72049e-05 2.42592e-05
404 1.71024e-05 1.52202e-05
405 1.06648e-05 9.47245e-06
406 6.59746e-06 5.84852e-06
407 4.04926e-06 3.58273e-06
408 2.46599e-06 2.17775e-06
409 1.49025e-06 1.31361e-06
410 8.93765e-07 7.86374e-07
411 5.32007e-07 4.67231e-07
412 3.14324e-07 2.75557e-07
413 1.84349e-07 1.61324e-07
414 1.07334e-07 9.37633e-08
415 6.20446e-08 5.41056e-08
416 3.56097e-08 3.09998e-08
417 2.02938e-08 1.76365e-08
418 1.14847e-08 9.96404e-09
419 6.45448e-09 5.59053e-09
420 3.60264e-09 3.11526e-09
421 1.99721e-09 1.7242e-09
422 1.09976e-09 9.47887e-10
423 6.01542e-10 5.17639e-10
424 3.26857e-10 2.80818e-10
425 1.76439e-10 1.51348e-10
426 9.46223e-11 8.10416e-11
427 5.04179e-11 4.31143e-11
428 2.66941e-11 2.27906e-11
429 1.40433e-11 1.19719e-11
430 7.34038e-12 6.24935e-12
431 3.81347e-12 3.24133e-12
432 1.96915e-12 1.67042e-12
433 1.01057e-12 8.56541e-13
434 5.14693e-13 4.36235e-13
435 2.61151e-13 2.20174e-13
436 1.31948e-13 1.10825e-13
437 6.58491e-14 5.58684e-14
438 3.23936e-14 2.74707e-14
439 1.61961e-14 1.35386e-14
440 8.24155e-15 6.76343e-15
441 3.86851e-15 3.35468e-15
442 1.75985e-15 1.58764e-15
443 1.04572e-15 5.5607e-16
444 5.10378e-16 5.87202e-16
445 6.42779e-17 1.67366e-16
446 4.45596e-17 2.2965e-16
447 1.72981e-16 5.17117e-17
448 -1.42077e-17 8.0085e-17
449 -5.12278e-17 1.58177e-16
450 1.41871e-16 4.06009e-18
451 7.90914e-17 -1.03786e-16
452 -1.17163e-17 -1.44528e-16
453 -8.85945e-17 -5.42405e-17
454 7.70177e-17 -7.63671e-17
455 7.31688e-17 -8.37168e-17
456 -1.35466e-17 3.13598e-16
457 -3.45289e-16 -1.16666e-17
458 2.37462e-16 2.77579e-17
459 4.23905e-17 -7.14141e-17
460 1.11525e-16 2.11233e-16
461 -4.47496e-17 -6.20932e-17
462 -6.75555e-17 1.27896e-16
463 -1.08805e-16 -2.91733e-17
464 -3.86563e-17 -9.3365e-17
465 8.51475e-18 -1.56301e-17
466 4.85669e-19 -1.02293e-17
467 2.85693e-16 -6.14981e-17
468 -8.62395e-19 5.7749e-18
469 -6.30772e-18 -2.98897e-16
470 8.29682e-17 3.14967e-17
471 -3.03676e-16 1.23646e-16
472 2.14199e-16 6.46963e-17
473 3.03907e-17 1.03762e-16
474 -9.26434e-17 7.03671e-17
475 -5.05036e-18 -1.99608e-16
476 -1.05523e-16 -6.33429e-17
477 -1.70761e-16 -7.62891e-17
478 -2.3079e-17 1.2815e-16
479 5.28442e-17 -4.13831e-17
480 3.06987e-17 4.52968e-16
481 9.6312e-17 1.32624e-16
482 -1.81356e-16 -1.01023e-16
483 -4.24141e-17 -6.16525e-17
484 8.34612e-17 1.27656e-17
485 1.15643e-16 2.32872e-17
486 8.57549e-17 1.0228e-16
487 3.17061e-16 2.47182e-16
488 -8.9846e-17 6.11364e-17
489 1.8119e-16 1.67911e-16
490 -4.26215e-17 2.83188e-18
491 -5.97608e-17 1.55513e-16
492 -4.08932e-17 -1.05492e-16
493 1.24023e-16 2.25309e-16
494 -2.72927e-16 -1.11673e-16
495 1.14031e-16 4.16007e-17
496 -6.83051e-17 4.40314e-17
497 -3.01549e-18 3.21457e-17
498 5.28204e-17 -6.06294e-17
499 -1.94014e-17 5.57448e-17
500 -2.6201e-17 3.09719e-17
501 -8.92247e-17 -1.23578e-17
502 7.74966e-17 2.24733e-17
503 -6.78718e-17 -5.6116e-18
504 4.76621e-17 -1.23577e-16
505 6.36475e-18 1.45649e-16
506 -3.21842e-16 -7.49061e-17
507 1.24243e-16 7.03872e-17
508 1.53913e-16 -4.65451e-17
509 -3.8874e-17 7.01818e-18
510 -3.12419e-17 2.20755e-16
511 4.56827e-17 -6.05679e-17
512 9.97955e-17 -3.19686e-18
513 8.55558e-17 1.63714e-16
514 1.20778e-17 7.73602e-18
515 1.55085e-16 -1.61155e-16
516 1.90083e-16 8.00191e-17
517 -1.33999e-16 4.18582e-17
518 5.62988e-17 -1.16948e-16
519 1.92541e-16 -1.76618e-17
520 -1.12013e-16 3.90179e-17
521 5.55028e-17 -1.06065e-16
522 1.42249e-17 -2.90263e-18
523 -5.15374e-17 -5.60959e-17
524 1.96755e-16 4.19073e-17
525 -1.407e-16 -1.25979e-16
526 5.70856e-17 1.9294e-16
527 -1.18792e-17 3.95423e-17
528 2.14008e-16 -1.42038e-16
529 -1.63923e-16 -4.61142e-17
530 1.97867e-16 1.2628e-16
531 -1.02511e-16 1.64386e-18
532 -8.97157e-17 -6.73576e-17
533 3.93226e-17 -3.28277e-17
534 -1.83738e-16 -1.28583e-16
535 1.97688e-16 3.97813e-17
536 1.23979e-17 1.03547e-16
537 1.03828e-16 -1.1055e-16
538 -3.01837e-16 7.49001e-17
539 8.9094e-17 1.50932e-16
540 1.20048e-17 -8.17384e-17
541 9.80875e-17 4.10837e-17
542 2.53776e-17 -1.73865e-16
543 1.5733e-17 6.16557e-17
544 1.79881e-16 2.33819e-17
545 1.96652e-16 6.2442e-17
546 -4.32408e-17 -1.25548e-17
547 9.94489e-17 8.49482e-17
548 -4.55492e-18 2.02814e-17
549 1.41502e-17 3.29771e-17
550 1.47487e-16 -4.84144e-17
551 6.53003e-17 3.5324e-16
552 6.70389e-18 1.04428e-16
553 -5.8928e-17 -2.09678e-16
554 -9.59755e-17 -2.28655e-16
555 1.53936e-17 4.20744e-17
556 2.91137e-16 -1.35871e-17
557 -3.60249e-17 -2.06475e-16
558 1.68974e-16 2.20822e-16
559 -6.11151e-17 -1.22047e-16
560 3.54615e-17 1.01183e-16
561 -7.32212e-17 2.52811e-16
562 -2.55065e-16 -2.59963e-17
563 8.64098e-17 -3.1055e-17
564 -3.5016e-17 -7.21419e-17
565 -1.72605e-16 -1.13713e-16
566 9.80742e-17 -9.99587e-17
567 1.71753e-16 1.8047e-16
568 -7.89561e-17 -2.36753e-16
569 -1.19346e-17 -1.79012e-16
570 7.77598e-17 2.94573e-16
571 -1.13682e-16 5.33555e-17
572 -7.45212e-17 4.03499e-17
573 3.8503e-17 9.71662e-17
574 -2.50778e-17 1.61238e-17
575 -3.69698e-17 -2.11669e-16
576 8.00039e-18 9.89447e-17
577 3.21428e-17 -1.03336e-16
578 8.72548e-17 -1.34864e-16
579 -7.60214e-17 1.15026e-16
580 -1.73392e-16 7.5535e-17
581 2.16569e-17 1.55324e-17
582 -2.54198e-16 -7.25873e-17
583 -2.7561e-17 -5.02898e-17
584 7.99976e-17 -8.30337e-17
585 -1.00667e-17 -8.58756e-17
586 7.3051e-17 -2.42035e-18
587 -6.65982e-17 -2.06873e-16
588 4.87195e-17 -1.69162e-16
589 -9.82171e-17 1.42287e-16
590 -6.09898e-17 -3.62573e-16
591 7.33776e-17 3.61959e-17
592 1.79524e-16 -1.84222e-17
593 1.44302e-16 4.60897e-17
594 -2.11163e-16 1.83402e-17
595 -8.50551e-17 -3.26714e-17
596 1.24913e-16 -1.44321e-16
597 -9.97312e-18 2.6279e-16
598 -9.73216e-17 -1.21769e-16
599 6.94546e-17 1.07483e-17
600 2.64321e-17 1.13799e-16
601 1.51297e-16 1.35932e-16
602 -1.86597e-16 -4.29371e-17
603 -8.43016e-17 -1.38293e-16
604 -8.6644e-18 -4.03801e-17
605 1.4863e-16 -3.66573e-18
606 -6.20969e-18 -1.44178e-17
607 -7.96687e-17 -7.17305e-17
608 9.33438e-17 1.17515e-16
609 -6.50926e-17 -2.09512e-16
610 4.53913e-17 1.20843e-17
611 1.13473e-16 -9.21714e-17
612 -1.47944e-16 2.91885e-17
613 6.24344e-17 1.05046e-16
614 -3.43953e-16 -1.45673e-17
615 -3.56046e-17 -2.32107e-17
616 -1.06835e-17 5.38103e-17
617 -1.08043e-16 5.96059e-17
618 1.97193e-16 -1.61452e-16
619 7.65668e-17 1.07105e-16
620 -2.02759e-16 -2.13935e-16
621 3.47442e-16 5.87771e-17
622 9.54098e-18 3.82487e-16
623 -1.57772e-16 -1.53259e-16
624 1.0608e-16 7.1067e-17
625 -1.85301e-16 1.41664e-17
626 -2.08423e-16 -2.04398e-16
627 2.16658e-16 1.71027e-17
628 -2.83769e-16 -4.02108e-17
629 -8.71286e-17 -7.68084e-17
630 -6.3029e-17 -3.55916e-17
631 3.84016e-17 -9.17508e-17
632 -7.17389e-17 -7.18333e-17
633 1.11766e-16 -7.71424e-17
634 -4.37287e-17 1.52963e-16
635 2.21617e-16 -1.73328e-16
636 3.4742e-17 3.42676e-17
637 1.51927e-16 7.13039e-17
638 9.23208e-17 -6.46578e-17
639 1.10477e-16 1.68936e-16
640 -6.53935e-17 -5.2424e-17
641 5.65783e-17 -1.19346e-16
642 1.37556e-17 4.43852e-17
643 3.71445e-17 -1.07815e-16
644 3.01519e-16 -3.56577e-17
645 9.14624e-18 -6.12782e-18
646 1.57801e-16 -2.78366e-17
647 8.49633e-17 1.59555e-16
648 -1.4928e-16 2.88456e-17
649 8.88497e-17 4.59999e-17
650 -1.29447e-16 -5.31907e-18
651 -1.72933e-16 -1.30426e-17
652 1.87047e-16 -1.7375e-16
653 9.0775e-17 -2.36251e-17
654 -3.34905e-17 -2.43539e-17
655 3.42081e-18 -8.00584e-18
656 -7.55974e-17 -6.60289e-17
657 1.30086e-16 -1.22888e-17
658 2.26837e-16 2.10628e-16
659 -3.5641e-17 1.49817e-18
660 4.69074e-17 -1.57256e-16
661 -1.86646e-17 1.81889e-16
662 -9.09918e-17 -9.03636e-17
663 -2.26185e-16 2.28741e-16
664 8.2695e-17 -1.26056e-16
665 4.08401e-17 1.27635e-16
666 4.08193e-17 2.73921e-17
667 7.34486e-17 1.03125e-17
668 -1.32026e-18 -9.85015e-17
669 7.9238e-17 1.12472e-16
670 -1.81475e-16 -1.6331e-16
671 -2.06492e-17 7.35341e-17
672 -1.20356e-16 -7.22963e-17
673 1.26216e-17 1.0852e-16
674 -2.47945e-17 1.31052e-16
675 -6.09968e-17 6.15837e-18
676 -5.1505e-17 3.38183e-17
677 -1.09139e-16 -1.00448e-16
678 -3.64272e-17 -2.02911e-16
679 -1.18393e-16 -1.03139e-16
680 2.67583e-17 -1.15414e-16
681 3.20658e-17 5.42495e-17
682 1.39207e-16 1.03828e-16
683 -7.85073e-17 3.02732e-17
684 -5.40493e-17 -8.70715e-17
685 -1.71132e-16 -5.07096e-17
686 1.69181e-16 2.67336e-16
687 -3.57801e-17 -2.92432e-16
688 3.26738e-17 1.41461e-16
689 3.00585e-18 -4.99029e-17
690 -1.24754e-16 2.25832e-16
691 -3.23235e-17 -9.12496e-17
692 -4.6961e-17 1.81387e-16
693 8.56897e-17 -1.31698e-16
694 1.21348e-17 -5.2689e-17
695 6.75804e-17 1.01023e-16
696 5.68608e-17 5.47449e-17
697 3.0317e-17 -6.87293e-17
698 -1.72973e-16 -1.20181e-16
699 1.59054e-16 -4.12231e-17
700 -2.38166e-16 1.69046e-18
701 2.95937e-17 -1.04144e-17
702 -1.51841e-16 1.23894e-17
703 -3.33017e-16 -9.28381e-18
704 1.7535e-16 -1.85164e-16
705 -1.6355e-16 1.89315e-17
706 -9.7537e-17 -3.39153e-17
707 8.22146e-17 6.67343e-17
708 -1.89359e-16 -8.91793e-17
709 -3.94162e-17 8.36183e-17
710 1.06287e-16 9.58174e-17
711 -3.53623e-17 5.22052e-17
712 3.05893e-17 5.36858e-17
713 9.37398e-17 -6.15376e-17
714 -1.24073e-16 1.5717e-16
715 -5.80447e-17 -1.95133e-16
716 6.21954e-17 -2.48922e-17
717 -1.22765e-16 8.17096e-17
718 -4.13636e-17 -7.6171e-17
719 1.69099e-16 5.49127e-17
720 -2.91621e-17 1.88545e-17
721 -5.47442e-17 1.23032e-17
722 1.30907e-17 4.33043e-17
723 -1.46524e-17 -3.08483e-18
724 1.95848e-16 1.17489e-16
725 -7.42003e-17 -2.30731e-16
726 -9.75165e-17 -1.6275e-17
727 2.21461e-16 -1.10955e-16
728 7.11514e-17 -5.23371e-17
729 -2.82535e-18 -7.97226e-17
730 3.13271e-17 -7.91775e-17
731 -6.50214e-17 1.33018e-16
732 1.50151e-16 -1.45872e-16
733 -5.14931e-17 3.94337e-17
734 2.31164e-17 -5.28744e-17
735 1.60958e-16 1.25795e-16
736 -1.27835e-16 -4.48696e-17
737 3.85441e-17 3.44053e-17
738 -2.27113e-18 5.22191e-17
739 1.90234e-17 -4.1255e-17
740 6.13537e-17 -3.8367e-17
741 1.2879e-16 1.58781e-18
742 -9.28599e-17 -3.77423e-17
743 9.6024e-17 -6.14509e-17
744 1.26706e-17 2.03465e-16
745 3.62326e-17 -6.98766e-17
746 7.47185e-17 2.23591e-16
747 -6.45129e-17 6.69566e-17
748 -1.45299e-16 -2.44237e-17
749 -2.73608e-17 -1.44657e-16
750 4.28755e-17 3.8894e-17
751 -3.16644e-16 -1.97418e-16
752 6.45279e-17 9.27005e-17
753 6.4485e-17 -1.67043e-16
754 -1.02765e-16 -1.95311e-16
755 5.28452e-17 -6.29062e-17
756 -1.16131e-16 2.35792e-16
757 -4.11183e-17 -7.47034e-18
758 6.13883e-17 1.34903e-16
759 -1.2722e-16 8.67687e-17
760 -5.00433e-18 1.06735e-16
761 4.21875e-17 -2.7591e-16
762 1.57309e-16 1.26891e-16
763 -3.88486e-17 7.44541e-17
764 -1.62173e-17 -1.4933e-16
765 6.77822e-17 3.36033e-17
766 -2.63266e-17 9.06292e-17
767 -1.47433e-16 -1.81191e-16
768 2.39565e-17 6.16138e-18
769 -1.28822e-16 -6.00064e-17
770 4.72883e-17 1.10217e-16
771 -1.14793e-17 -6.75936e-17
772 -1.60518e-17 -1.03492e-16
773 1.22943e-16 1.76305e-16
774 -1.54998e-16 -1.96321e-17
775 1.70162e-16 -3.68785e-17
776 3.63335e-19 1.01211e-16
777 -1.10892e-16 -1.86042e-16
778 4.74947e-17 8.62555e-18
779 1.68075e-17 1.04609e-16
780 5.52736e-17 1.00086e-16
781 3.55435e-17 -6.66761e-17
782 6.24505e-17 1.58607e-16
783 3.31488e-16 1.3829e-16
784 -2.88104e-16 -1.0701e-16
785 1.21191e-16 -9.31951e-17
786 1.71069e-16 5.27706e-17
787 -6.93247e-18 5.92133e-17
788 2.28951e-18 -2.15167e-16
789 9.45036e-17 3.48871e-17
790 -8.18e-17 1.06626e-16
791 5.23609e-17 2.22849e-16
792 -1.43986e-16 -2.12228e-18
793 3.49093e-17 5.41967e-17
794 6.92889e-17 1.39867e-16
795 -1.93173e-16 -1.41889e-16
796 2.16181e-16 6.60951e-17
797 2.15415e-17 1.01551e-16
798 2.95001e-17 -1.45309e-16
799 7.51488e-17 1.61821e-16
800 2.29583e-18 -9.73149e-17
801 1.98145e-16 -2.26591e-17
802 3.07149e-17 -5.47122e-17
803 5.27972e-17 8.67656e-17
804 6.90184e-17 4.65056e-17
805 3.40535e-17 -9.73801e-17
806 9.7922e-17 1.04112e-16
807 1.82824e-17 -1.02277e-16
808 6.40459e-19 3.26095e-17
809 -1.00695e-16 2.44356e-16
810 -3.51424e-17 -4.49389e-17
811 -6.56859e-17 5.55019e-17
812 -1.23357e-16 -3.0329e-16
813 1.25595e-16 -7.84261e-18
814 1.21647e-16 -1.29433e-17
815 8.90005e-17 -4.648e-17
816 -7.91769e-17 -7.04675e-17
817 2.98712e-17 3.58569e-17
818 4.291e-17 1.22152e-16
819 1.47794e-16 -3.38921e-17
820 -1.66559e-16 7.5089e-17
821 2.42292e-16 7.14884e-17
822 4.57387e-17 1.47303e-16
823 -1.32579e-18 3.6481e-17
824 -4.0166e-17 1.02092e-16
825 2.63174e-17 9.15154e-17
826 -1.25916e-16 -7.39074e-17
827 -2.3134e-17 1.58411e-16
828 -8.78175e-17 -3.79324e-17
829 -2.27968e-17 -1.24502e-16
830 7.82444e-17 1.60272e-16
831 1.49933e-16 -1.59119e-16
832 2.04015e-17 1.65504e-16
833 2.12243e-16 3.0139e-17
834 -1.47106e-16 -1.47405e-16
835 1.83841e-16 1.13774e-16
836 6.09533e-17 -7.29903e-17
837 -2.10741e-17 1.39454e-16
838 6.98469e-17 2.0453e-16
839 -1.93838e-16 -1.76406e-16
840 7.85274e-17 1.90356e-16
841 3.74784e-17 -5.25672e-17
842 -9.33079e-17 -2.33603e-16
843 1.49262e-16 -2.08845e-16
844 1.66304e-16 2.53211e-17
845 -8.64574e-17 -1.08838e-16
846 -5.25861e-17 -6.02071e-17
847 1.30077e-16 2.5853e-17
848 1.12767e-17 -2.21184e-16
849 2.08288e-16 4.257e-17
850 3.17016e-17 5.14971e-17
851 -1.69195e-16 2.46306e-19
852 1.76095e-16 3.72735e-17
853 7.55091e-17 -9.85563e-17
854 -1.22108e-16 7.18938e-18
855 6.4701e-17 2.61753e-17
856 -9.68535e-17 -2.38331e-16
857 3.24292e-17 9.50997e-17
858 9.83478e-17 2.01878e-16
859 -1.8094e-16 -1.99572e-16
860 1.20413e-16 2.19291e-16
861 2.90858e-17 -6.24866e-17
862 -1.56142e-16 -5.68509e-17
863 5.73198e-17 1.76234e-16
864 -3.32157e-17 -1.0375e-16
865 -1.3295e-17 -1.85829e-16
866 1.09079e-16 1.55769e-16
867 1.06344e-16 -1.05126e-16
868 -2.29891e-16 -8.48987e-17
869 -4.90589e-17 -3.04468e-17
870 2.00608e-16 -1.08648e-17
871 -3.9885e-17 -3.97609e-17
872 6.06624e-17 9.53912e-17
873 -1.37318e-16 -1.72609e-16
874 5.11966e-17 -7.56589e-17
875 -8.44711e-18 -2.39149e-16
876 1.20572e-16 1.82902e-16
877 -8.70959e-17 -1.60341e-16
878 3.64778e-17 5.25004e-17
879 7.95267e-17 -1.30274e-17
880 -3.29622e-16 -1.98683e-16
881 4.57578e-17 -4.85335e-17
882 4.67056e-17 7.73275e-17
883 -2.4208e-16 4.10229e-17
884 1.11212e-16 1.49285e-17
885 -3.67282e-17 -7.34239e-17
886 1.79943e-16 1.42234e-16
887 -4.22989e-16 -2.45542e-18
888 7.17285e-17 -6.41046e-17
889 -1.58873e-16 -1.32386e-16
890 4.12682e-17 1.19936e-16
891 -9.57614e-17 -1.53894e-16
892 5.21444e-18 5.22718e-17
893 1.9527e-16 1.12313e-16
894 -1.62192e-16 -1.30492e-16
895 1.13336e-16 6.38579e-17
896 -1.69108e-16 1.93401e-16
897 7.07772e-17 -7.11419e-17
898 -8.14431e-17 -9.13562e-18
899 -9.69662e-17 -4.38936e-17
900 6.12585e-17 3.92895e-17
901 1.25632e-16 6.07091e-17
902 4.65354e-17 -1.02457e-16
903 -8.85776e-17 -3.54829e-17
904 -1.06526e-16 -1.18464e-16
905 -2.55758e-17 9.00659e-17
906 -6.49006e-17 -1.61552e-16
907 1.04331e-16 8.58426e-17
908 3.85334e-17 -2.19433e-17
909 6.11796e-17 9.4297e-18
910 -1.17436e-16 -6.70884e-17
911 9.74473e-17 4.11818e-17
912 -1.73016e-16 -2.16343e-16
913 -4.60192e-17 -2.21569e-16
914 3.8922e-17 3.41571e-17
915 -1.3737e-17 6.88082e-17
916 -1.48604e-16 2.69876e-17
917 2.50107e-16 1.45365e-16
918 -7.48001e-17 -1.87507e-16
919 -1.12368e-16 1.29766e-16
920 -7.22029e-17 -1.29058e-16
921 -4.45885e-17 6.83503e-17
922 1.68386e-16 1.64573e-16
923 -6.03666e-17 -3.83384e-17
924 -1.92096e-16 4.04459e-17
925 2.01059e-17 -8.55604e-17
926 1.12166e-16 5.25578e-17
927 -1.82822e-16 5.96127e-17
928 5.00904e-18 5.1216e-17
929 1.85044e-17 -3.94231e-17
930 1.0535e-16 -1.03171e-16
931 -1.72915e-16 -3.42876e-16
932 2.77634e-16 1.30828e-16
933 -4.39292e-17 -1.29535e-16
934 -1.71904e-16 -2.33635e-16
935 1.74145e-16 -4.43139e-17
936 -1.03955e-16 1.27251e-16
937 -1.7477e-16 -5.23191e-17
938 9.093e-17 -4.47908e-17
939 -7.63681e-17 3.59967e-17
940 -1.18264e-16 -6.8047e-17
941 6.49548e-17 -9.61766e-17
942 -1.16743e-16 -2.32339e-17
943 7.79247e-17 -1.25134e-16
944 5.93343e-17 -3.45348e-17
945 4.57007e-17 7.60829e-17
946 -1.59764e-16 -6.15514e-17
947 2.50808e-16 3.49935e-17
948 8.97357e-17 -2.49982e-16
949 1.08841e-16 9.92871e-17
950 9.11945e-17 -1.70742e-16
951 -4.42096e-17 2.32815e-17
952 -9.84561e-17 1.12795e-16
953 -9.02658e-17 1.25103e-16
954 -5.32263e-17 -1.54808e-16
955 -1.44901e-17 7.22781e-18
956 4.98627e-18 -4.00714e-17
957 -3.4836e-17 -3.75479e-17
958 -6.17615e-17 3.94976e-17
959 -4.99274e-17 -7.85524e-17
960 7.63764e-17 1.01648e-18
961 -1.16671e-16 1.78867e-17
962 -1.4998e-16 2.23704e-17
963 -1.16471e-17 1.14432e-16
964 -1.49565e-16 -1.23918e-16
965 1.06138e-16 -1.51909e-16
966 -7.73936e-17 -7.92415e-18
967 -1.80537e-17 3.28684e-17
968 1.67452e-16 -1.44641e-16
969 -3.33979e-16 4.96575e-18
970 1.69327e-17 3.59227e-17
971 2.08665e-16 1.19074e-16
972 -1.77383e-16 -1.28907e-16
973 4.87633e-17 1.13203e-16
974 1.74417e-17 1.73626e-17
975 -8.52418e-17 1.4274e-16
976 -7.27207e-17 1.85087e-16
977 1.20717e-16 -1.87872e-16
978 -1.53718e-17 1.4698e-16
979 1.0604e-16 -1.56529e-17
980 6.51362e-17 -5.08984e-17
981 -1.44622e-16 -1.61078e-16
982 1.16089e-16 1.0255e-16
983 -2.70089e-16 -1.81397e-17
984 -4.01084e-17 -1.43664e-16
985 2.11693e-17 8.78475e-17
986 -3.40389e-17 -2.10691e-16
987 8.10001e-17 2.08463e-16
988 -3.20047e-17 7.8573e-17
989 1.89309e-16 1.39946e-16
990 -2.50706e-16 -5.11899e-17
991 1.40901e-16 -6.63908e-17
992 -3.35744e-17 -3.13125e-17
993 -2.31963e-17 1.36384e-16
994 2.13166e-17 -8.88898e-17
995 1.43138e-16 1.72758e-16
996 1.12607e-16 3.72724e-17
997 -9.39061e-17 -3.63854e-18
998 1.62704e-16 4.57959e-17
999 -1.26169e-16 -9.04426e-17
