0 0.00904877 -0.012423
1 0.0128401 -0.0136676
2 0.0144454 -0.0126441
3 0.0135211 -0.00963349
4 0.010194 -0.00521023
5 0.00505351 -0.000122223
6 -0.000957537 0.00483593
7 -0.00673023 0.00893416
8 -0.0112115 0.0115918
9 -0.0136104 0.0124355
10 -0.0135447 0.0113371
11 -0.0110996 0.00843295
12 -0.00679182 0.00412471
13 -0.00145204 -0.000948879
14 0.00394491 -0.00598059
15 0.00846548 -0.0101079
16 0.0113808 -0.0125622
17 0.012279 -0.0128276
18 0.0111101 -0.0107712
19 0.00816347 -0.00670546
20 0.00399178 -0.00135454
21 -0.000697634 0.00427628
22 -0.0051589 0.00910405
23 -0.00871309 0.0121963
24 -0.0108324 0.0129684
25 -0.0112004 0.0113034
26 -0.00974926 0.00756705
27 -0.00667588 0.0025205
28 -0.00243161 -0.00284652
29 0.00232015 -0.00752035
30 0.00678591 -0.0106616
31 0.0101629 -0.0117573
32 0.0117856 -0.0106997
33 0.011271 -0.00778177
34 0.00862672 -0.00361589
35 0.00428686 0.00100184
36 -0.000945963 0.00524956
37 -0.0060501 0.0084262
38 -0.00999785 0.0100589
39 -0.0119823 0.00995678
40 -0.0116012 0.00821117
41 -0.00894907 0.0051548
42 -0.0045942 0.00129692
43 0.000553507 -0.00275085
44 0.00544822 -0.00635071
45 0.00913501 -0.0089162
46 0.0109438 -0.00999256
47 0.0106092 -0.00933604
48 0.00829739 -0.00697958
49 0.00454293 -0.0032643
50 0.000119388 0.00118409
51 -0.00412488 0.00554551
52 -0.00742983 0.00895548
53 -0.00925538 0.0106874
54 -0.0093603 0.0103247
55 -0.00781914 0.00787567
56 -0.00498139 0.00379668
57 -0.00138797 -0.0010902
58 0.00233292 -0.0057699
59 0.00556864 -0.00925822
60 0.00780794 -0.0108228
61 0.00870278 -0.0101478
62 0.00810732 -0.00740214
63 0.0060975 -0.00319645
64 0.00297191 0.00155963
65 -0.000771303 0.00586394
66 -0.00449005 0.00884226
67 -0.00749166 0.0099319
68 -0.00915817 0.0089884
69 -0.00908275 0.00629544
70 -0.00718366 0.00248111
71 -0.00375953 -0.00163486
72 0.000540552 -0.00522432
73 0.00483663 -0.00762134
74 0.00820568 -0.00844349
75 0.00989378 -0.00764165
76 0.00949881 -0.0054754
77 0.00707547 -0.00242954
78 0.00313344 0.000900654
79 -0.0014727 0.00392528
80 -0.00573628 0.00615312
81 -0.00872795 0.00725147
82 -0.00980712 0.00707428
83 -0.00876561 0.00566709
84 -0.00586991 0.00325727
85 -0.00179308 0.000231519
86 0.00254656 -0.0029041
87 0.00620012 -0.00558853
88 0.00840412 -0.00729563
89 0.00874574 -0.00763927
90 0.00723964 -0.00647119
91 0.00430158 -0.00394267
92 0.000630981 -0.000505154
93 -0.00296348 0.00316114
94 -0.00574899 0.00628169
95 -0.00721944 0.00815718
96 -0.00717996 0.00832831
97 -0.00575362 0.00669481
98 -0.00331969 0.00355744
99 -0.000408439 -0.000431212
100 0.00241641 -0.00440054
101 0.00466033 -0.00745356
102 0.00596943 -0.00887515
103 0.00616663 -0.00830798
104 0.00525835 -0.00585135
105 0.00342056 -0.00205293
106 0.000970674 0.00221149
107 -0.00167276 0.00594546
108 -0.00404454 0.00827593
109 -0.00570173 0.00867015
110 -0.00630188 0.00706656
111 -0.00567762 0.00388403
112 -0.00388922 -9.20266e-05
113 -0.00123718 -0.00391314
114 0.00177635 -0.00670436
115 0.00453613 -0.00787083
116 0.00643814 -0.00722406
117 0.00702418 -0.00500215
118 0.00609643 -0.00178765
119 0.00378319 0.00164888
120 0.000535302 0.00453654
121 -0.00295321 0.00627716
122 -0.00588978 0.00656577
123 -0.00756532 0.00543595
124 -0.00753223 0.00322602
125 -0.00573247 0.000480389
126 -0.00253645 -0.00218621
127 0.00132618 -0.00422738
128 0.00493448 -0.00527473
129 0.00740409 -0.00519647
130 0.00811536 -0.00409785
131 0.00687862 -0.00227166
132 0.00398899 -0.000118119
133 0.00015396 0.00194258
134 -0.00368665 0.00354533
135 -0.00659926 0.00443179
136 -0.00788966 0.00447673
137 -0.00727088 0.00369392
138 -0.00492588 0.00222735
139 -0.00145313 0.000331317
140 0.0022877 -0.00166074
141 0.00538989 -0.00338092
142 0.00712123 -0.004485
143 0.0070994 -0.00471853
144 0.00537906 -0.00397907
145 0.00242929 -0.00235786
146 -0.000992682 -0.000144942
147 -0.00403879 0.00221198
148 -0.00598619 0.00419324
149 -0.0064147 0.00532244
150 -0.00529897 0.00528514
151 -0.00299384 0.00402007
152 -0.000122148 0.00175576
153 0.00259866 -0.00102288
154 0.00454024 -0.00367556
155 0.00530832 -0.00555494
156 0.00481564 -0.00616736
157 0.00327304 -0.00530586
158 0.0011113 -0.003119
159 -0.00113858 -9.35516e-05
160 -0.00297365 0.0030504
161 -0.00402653 0.00553081
162 -0.00413203 0.00670115
163 -0.00334359 0.00622367
164 -0.0019015 0.00417088
165 -0.000163981 0.00102362
166 0.00148092 -0.00243965
167 0.00270111 -0.00533779
168 0.00328464 -0.00691639
169 0.00316954 -0.00675021
170 0.00243704 -0.0048619
171 0.00127597 -0.00172272
172 -6.7318e-05 0.00186688
173 -0.00133896 0.00498528
174 -0.00231743 0.00683037
175 -0.00284051 0.0069286
176 -0.0028218 0.00525734
177 -0.00226047 0.00224963
178 -0.00124551 -0.00131876
179 4.88483e-05 -0.00452982
180 0.0013818 -0.00655971
181 0.0024825 -0.00689097
182 0.00310225 -0.00544638
183 0.00307287 -0.00260963
184 0.00235601 0.000874025
185 0.00106763 0.00409286
186 -0.000533247 0.0062093
187 -0.00209332 0.00668197
188 -0.00324238 0.00540852
189 -0.00368195 0.0027495
190 -0.00326388 -0.000573619
191 -0.00203821 -0.00367699
192 -0.000256259 -0.00575334
193 0.00167624 -0.00628463
194 0.00328871 -0.00517119
195 0.00415986 -0.0027456
196 0.00402932 0.000327521
197 0.00287699 0.00323437
198 0.000945364 0.00522667
199 -0.00130665 0.00581217
200 -0.00331185 0.0048743
201 -0.00453954 0.00269327
202 -0.0046391 -0.000134185
203 -0.00354244 -0.00285487
204 -0.00149439 -0.00475797
205 0.00100028 -0.00536136
206 0.0033022 -0.00453633
207 0.00480315 -0.00253686
208 0.00508861 7.49654e-05
209 0.0040532 0.00258691
210 0.00193687 0.00433314
211 -0.000729662 0.00487351
212 -0.00325809 0.00410552
213 -0.00498067 0.00227967
214 -0.00542745 -8.1866e-05
215 -0.0044555 -0.00233589
216 -0.00229448 -0.00389334
217 0.000505919 -0.00437094
218 0.00321532 -0.00368176
219 0.00511384 -0.00204557
220 0.00568488 7.874e-05
221 0.00475746 0.00211847
222 0.00255801 0.00353752
223 -0.000343999 0.00397486
224 -0.00318403 0.00333651
225 -0.00520514 0.00181748
226 -0.00586106 -0.000153177
227 -0.00496482 -0.00203103
228 -0.00274226 -0.00330675
229 0.000224776 -0.00364648
230 0.00315112 -0.00298156
231 0.00525671 -0.00152182
232 0.00597517 0.000310216
233 0.00510678 0.00200308
234 0.0028743 0.00310025
235 -0.000133946 0.00332252
236 -0.00311923 0.00263617
237 -0.00528487 0.00125204
238 -0.00604941 -0.000439546
239 -0.00520319 -0.0019771
240 -0.00296636 -0.00295009
241 6.82372e-05 -0.00310448
242 0.00309221 -0.00240699
243 0.00529743 -0.00105288
244 0.00609256 0.000585007
245 0.00526225 0.00205492
246 0.00302578 0.00294854
247 -2.09252e-05 0.00301486
248 -0.00306437 0.0022331
249 -0.00529123 0.000821699
250 -0.00610616 -0.000821699
251 -0.00529123 -0.0022331
252 -0.00306437 -0.00301486
253 -2.09252e-05 -0.00294854
254 0.00302578 -0.00205492
255 0.00526225 -0.000585007
256 0.00609256 0.00105288
257 0.00529743 0.00240699
258 0.00309221 0.00310448
259 6.82372e-05 0.00295009
260 -0.00296636 0.0019771
261 -0.00520319 0.000439546
262 -0.00604941 -0.00125204
263 -0.00528487 -0.00263617
264 -0.00311923 -0.00332252
265 -0.000133946 -0.00310025
266 0.0028743 -0.00200308
267 0.00510678 -0.000310216
268 0.00597517 0.00152182
269 0.00525671 0.00298156
270 0.00315112 0.00364648
271 0.000224776 0.00330675
272 -0.00274226 0.00203103
273 -0.00496482 0.000153177
274 -0.00586106 -0.00181748
275 -0.00520514 -0.00333651
276 -0.00318403 -0.00397486
277 -0.000343999 -0.00353752
278 0.00255801 -0.00211847
279 0.00475746 -7.874e-05
280 0.00568488 0.00204557
281 0.00511384 0.00368176
282 0.00321532 0.00437094
283 0.000505919 0.00389334
284 -0.00229448 0.00233589
285 -0.0044555 8.1866e-05
286 -0.00542745 -0.00227967
287 -0.00498067 -0.00410552
288 -0.00325809 -0.00487351
289 -0.000729662 -0.00433314
290 0.00193687 -0.00258691
291 0.0040532 -7.49654e-05
292 0.00508861 0.00253686
293 0.00480315 0.00453633
294 0.0033022 0.00536136
295 0.00100028 0.00475797
296 -0.00149439 0.00285487
297 -0.00354244 0.000134185
298 -0.0046391 -0.00269327
299 -0.00453954 -0.0048743
300 -0.00331185 -0.00581217
301 -0.00130665 -0.00522667
302 0.000945364 -0.00323437
303 0.00287699 -0.000327521
304 0.00402932 0.0027456
305 0.00415986 0.00517119
306 0.00328871 0.00628463
307 0.00167624 0.00575334
308 -0.000256259 0.00367699
309 -0.00203821 0.000573619
310 -0.00326388 -0.0027495
311 -0.00368195 -0.00540852
312 -0.00324238 -0.00668197
313 -0.00209332 -0.0062093
314 -0.000533247 -0.00409286
315 0.00106763 -0.000874025
316 0.00235601 0.00260963
317 0.00307287 0.00544638
318 0.00310225 0.00689097
319 0.0024825 0.00655971
320 0.0013818 0.00452982
321 4.88483e-05 0.00131876
322 -0.00124551 -0.00224963
323 -0.00226047 -0.00525734
324 -0.0028218 -0.0069286
325 -0.00284051 -0.00683037
326 -0.00231743 -0.00498528
327 -0.00133896 -0.00186688
328 -6.7318e-05 0.00172272
329 0.00127597 0.0048619
330 0.00243704 0.00675021
331 0.00316954 0.00691639
332 0.00328464 0.00533779
333 0.00270111 0.00243965
334 0.00148092 -0.00102362
335 -0.000163981 -0.00417088
336 -0.0019015 -0.00622367
337 -0.00334359 -0.00670115
338 -0.00413203 -0.00553081
339 -0.00402653 -0.0030504
340 -0.00297365 9.35516e-05
341 -0.00113858 0.003119
342 0.0011113 0.00530586
343 0.00327304 0.00616736
344 0.00481564 0.00555494
345 0.00530832 0.00367556
346 0.00454024 0.00102288
347 0.00259866 -0.00175576
348 -0.000122148 -0.00402007
349 -0.00299384 -0.00528514
350 -0.00529897 -0.00532244
351 -0.0064147 -0.00419324
352 -0.00598619 -0.00221198
353 -0.00403879 0.000144942
354 -0.000992682 0.00235786
355 0.00242929 0.00397907
356 0.00537906 0.00471853
357 0.0070994 0.004485
358 0.00712123 0.00338092
359 0.00538989 0.00166074
360 0.0022877 -0.000331317
361 -0.00145313 -0.00222735
362 -0.00492588 -0.00369392
363 -0.00727088 -0.00447673
364 -0.00788966 -0.00443179
365 -0.00659926 -0.00354533
366 -0.00368665 -0.00194258
367 0.00015396 0.000118119
368 0.00398899 0.00227166
369 0.00687862 0.00409785
370 0.00811536 0.00519647
371 0.00740409 0.00527473
372 0.00493448 0.00422738
373 0.00132618 0.00218621
374 -0.00253645 -0.000480389
375 -0.00573247 -0.00322602
376 -0.00753223 -0.00543595
377 -0.00756532 -0.00656577
378 -0.00588978 -0.00627716
379 -0.00295321 -0.00453654
380 0.000535302 -0.00164888
381 0.00378319 0.00178765
382 0.00609643 0.00500215
383 0.00702418 0.00722406
384 0.00643814 0.00787083
385 0.00453613 0.00670436
386 0.00177635 0.00391314
387 -0.00123718 9.20266e-05
388 -0.00388922 -0.00388403
389 -0.00567762 -0.00706656
390 -0.00630188 -0.00867015
391 -0.00570173 -0.00827593
392 -0.00404454 -0.00594546
393 -0.00167276 -0.00221149
394 0.000970674 0.00205293
395 0.00342056 0.00585135
396 0.00525835 0.00830798
397 0.00616663 0.00887515
398 0.00596943 0.00745356
399 0.00466033 0.00440054
400 0.00241641 0.000431212
401 -0.000408439 -0.00355744
402 -0.00331969 -0.00669481
403 -0.00575362 -0.00832831
404 -0.00717996 -0.00815718
405 -0.00721944 -0.00628169
406 -0.00574899 -0.00316114
407 -0.00296348 0.000505154
408 0.000630981 0.00394267
409 0.00430158 0.00647119
410 0.00723964 0.00763927
411 0.00874574 0.00729563
412 0.00840412 0.00558853
413 0.00620012 0.0029041
414 0.00254656 -0.000231519
415 -0.00179308 -0.00325727
416 -0.00586991 -0.00566709
417 -0.00876561 -0.00707428
418 -0.00980712 -0.00725147
419 -0.00872795 -0.00615312
420 -0.00573628 -0.00392528
421 -0.0014727 -0.000900654
422 0.00313344 0.00242954
423 0.00707547 0.0054754
424 0.00949881 0.00764165
425 0.00989378 0.00844349
426 0.00820568 0.00762134
427 0.00483663 0.00522432
428 0.000540552 0.00163486
429 -0.00375953 -0.00248111
430 -0.00718366 -0.00629544
431 -0.00908275 -0.0089884
432 -0.00915817 -0.0099319
433 -0.00749166 -0.00884226
434 -0.00449005 -0.00586394
435 -0.000771303 -0.00155963
436 0.00297191 0.00319645
437 0.0060975 0.00740214
438 0.00810732 0.0101478
439 0.00870278 0.0108228
440 0.00780794 0.00925822
441 0.00556864 0.0057699
442 0.00233292 0.0010902
443 -0.00138797 -0.00379668
444 -0.00498139 -0.00787567
445 -0.00781914 -0.0103247
446 -0.0093603 -0.0106874
447 -0.00925538 -0.00895548
448 -0.00742983 -0.00554551
449 -0.00412488 -0.00118409
450 0.000119388 0.0032643
451 0.00454293 0.00697958
452 0.00829739 0.00933604
453 0.0106092 0.00999256
454 0.0109438 0.0089162
455 0.00913501 0.00635071
456 0.00544822 0.00275085
457 0.000553507 -0.00129692
458 -0.0045942 -0.0051548
459 -0.00894907 -0.00821117
460 -0.0116012 -0.00995678
461 -0.0119823 -0.0100589
462 -0.00999785 -0.0084262
463 -0.0060501 -0.00524956
464 -0.000945963 -0.00100184
465 0.00428686 0.00361589
466 0.00862672 0.00778177
467 0.011271 0.0106997
468 0.0117856 0.0117573
469 0.0101629 0.0106616
470 0.00678591 0.00752035
471 0.00232015 0.00284652
472 -0.00243161 -0.0025205
473 -0.00667588 -0.00756705
474 -0.00974926 -0.0113034
475 -0.0112004 -0.0129684
476 -0.0108324 -0.0121963
477 -0.00871309 -0.00910405
478 -0.0051589 -0.00427628
479 -0.000697634 0.00135454
480 0.00399178 0.00670546
481 0.00816347 0.0107712
482 0.0111101 0.0128276
483 0.012279 0.0125622
484 0.0113808 0.0101079
485 0.00846548 0.00598059
486 0.00394491 0.000948879
487 -0.00145204 -0.00412471
488 -0.00679182 -0.00843295
489 -0.0110996 -0.0113371
490 -0.0135447 -0.0124355
491 -0.0136104 -0.0115918
492 -0.0112115 -0.00893416
493 -0.00673023 -0.00483593
494 -0.000957537 0.000122223
495 0.00505351 0.00521023
496 0.010194 0.00963349
497 0.0135211 0.0126441
498 0.0144454 0.0136676
499 0.0128401 0.012423
500 0.00904877 0.00900573
501 0.00379408 0.00390707
502 -0.00198424 -0.00204597
503 -0.00731706 -0.00782657
504 -0.0113741 -0.012396
505 -0.0135807 -0.0149048
506 -0.0136711 -0.0148625
507 -0.0116878 -0.0122394
508 -0.00794536 -0.00747666
509 -0.00297776 -0.00140381
510 0.00252196 0.00491903
511 0.00777098 0.0103999
512 0.0119816 0.0141149
513 0.0144647 0.0154682
514 0.0147432 0.0142851
515 0.0126558 0.0108205
516 0.00842213 0.00569026
517 0.00264446 -0.000255861
518 -0.00376755 -0.0060875
519 -0.00974336 -0.0109409
520 -0.0142434 -0.0141344
521 -0.0164566 -0.0152412
522 -0.0159603 -0.0141203
523 -0.012806 -0.0109167
524 -0.00751249 -0.00604123
525 -0.000968232 -0.000135404
526 0.0057344 0.00598543
527 0.0114967 0.0114174
528 0.0154033 0.0152874
529 0.016868 0.0168966
530 0.0157129 0.0158641
531 0.0121739 0.012233
532 0.00683756 0.00650356
533 0.000530775 -0.000428065
534 -0.0058145 -0.00742095
535 -0.011296 -0.0133009
536 -0.0151566 -0.0170832
537 -0.0168695 -0.0181545
538 -0.0161907 -0.0163744
539 -0.0131817 -0.012079
540 -0.00820508 -0.00599456
541 -0.00189573 0.000909349
542 0.00489766 0.00759069
543 0.0112045 0.013094
544 0.0160585 0.0166737
545 0.0186485 0.0178714
546 0.0184699 0.0165501
547 0.0154428 0.0128927
548 0.00996206 0.00737378
549 0.0028553 0.000708161
550 -0.00475176 -0.00622395
551 -0.0116378 -0.0124757
552 -0.01671 -0.0171523
553 -0.0191968 -0.0195389
554 -0.0187668 -0.0192179
555 -0.0155538 -0.0161526
556 -0.0100943 -0.0107187
557 -0.00320701 -0.00366962
558 0.00415124 0.00396414
559 0.0110191 0.0110277
560 0.0165387 0.016424
561 0.0200345 0.0192932
562 0.0210707 0.0191568
563 0.0194947 0.0159977
564 0.0154675 0.0102603
565 0.00947176 0.0027689
566 0.00228433 -0.00541704
567 -0.00509854 -0.01318
568 -0.0115858 -0.0195163
569 -0.0161516 -0.0236709
570 -0.0180047 -0.0252166
571 -0.01673 -0.0240762
572 -0.0123718 -0.0205005
573 -0.00543562 -0.0150203
574 0.00319189 -0.00838743
575 0.012389 -0.001508
576 0.0209801 0.00463525
577 0.0279155 0.00908054
578 0.0324208 0.0110057
579 0.0340919 0.00985712
580 0.032932 0.00546289
581 0.029329 -0.00190046
582 0.023989 -0.0115169
583 0.0178355 -0.0223261
584 0.0118947 -0.0330923
585 0.00717644 -0.0426132
586 0.00456529 -0.0499211
587 0.00472812 -0.0544323
588 0.00804272 -0.0560166
589 0.0145509 -0.0549806
590 0.0239396 -0.0519843
591 0.0355565 -0.0479211
592 0.0484671 -0.0437928
593 0.0615565 -0.0406002
594 0.0736729 -0.0392561
595 0.0837948 -0.040513
596 0.0911941 -0.0448967
597 0.0955613 -0.052641
598 0.097062 -0.0636335
599 0.0963104 -0.0773888
600 0.094264 -0.0930712
601 0.0920642 -0.109579
602 0.09086 -0.125684
603 0.0916501 -0.140212
604 0.0951706 -0.152214
605 0.101836 -0.16111
606 0.111729 -0.166762
607 0.124611 -0.169476
608 0.139958 -0.169932
609 0.156988 -0.169074
610 0.174712 -0.16796
611 0.191997 -0.16763
612 0.207672 -0.168977
613 0.220659 -0.172653
614 0.230132 -0.179003
615 0.235646 -0.188029
616 0.237225 -0.199386
617 0.235358 -0.212407
618 0.230921 -0.226148
619 0.225014 -0.239473
620 0.21878 -0.25116
621 0.213229 -0.26002
622 0.209107 -0.265033
623 0.20683 -0.265473
624 0.206474 -0.261
625 0.207799 -0.251709
626 0.210288 -0.238124
627 0.213193 -0.221128
628 0.215581 -0.201849
629 0.216389 -0.181509
630 0.214517 -0.161266
631 0.208943 -0.142081
632 0.198859 -0.124619
633 0.183808 -0.109203
634 0.163777 -0.0958128
635 0.139232 -0.0841283
636 0.111078 -0.0735907
637 0.0805527 -0.0634732
638 0.0490721 -0.0529547
639 0.01807 -0.0411961
640 -0.011148 -0.0274286
641 -0.037512 -0.0110545
642 -0.0602515 0.00824552
643 -0.0789215 0.0304173
644 -0.0934011 0.0549761
645 -0.103875 0.0810107
646 -0.110804 0.107259
647 -0.11487 0.132246
648 -0.116912 0.154456
649 -0.11783 0.172508
650 -0.118468 0.185293
651 -0.1195 0.192062
652 -0.12133 0.192453
653 -0.124019 0.186484
654 -0.127272 0.174515
655 -0.130469 0.157219
656 -0.132748 0.13554
657 -0.133115 0.110662
658 -0.130572 0.083944
659 -0.124245 0.0568307
660 -0.113488 0.0307221
661 -0.0979678 0.00682756
662 -0.077715 -0.013969
663 -0.0531376 -0.0311972
664 -0.0250082 -0.0448166
665 0.00557759 -0.0551581
666 0.0372648 -0.0628079
667 0.0685212 -0.0684696
668 0.0977355 -0.0728385
669 0.123329 -0.0765146
670 0.143877 -0.0799568
671 0.158225 -0.0834682
672 0.165595 -0.0871889
673 0.16566 -0.0910824
674 0.158573 -0.0949117
675 0.144951 -0.0982195
676 0.125806 -0.100334
677 0.102444 -0.100421
678 0.0763408 -0.0975857
679 0.0490163 -0.091014
680 0.0219266 -0.080124
681 -0.0036223 -0.0646888
682 -0.0265342 -0.0449035
683 -0.0459633 -0.0213851
684 -0.0613419 0.00488789
685 -0.0724009 0.0326718
686 -0.0791787 0.0605605
687 -0.0820108 0.0870758
688 -0.0814904 0.110739
689 -0.0783921 0.130131
690 -0.0735671 0.143966
691 -0.0678242 0.151177
692 -0.061824 0.151021
693 -0.0560075 0.143186
694 -0.0505732 0.127869
695 -0.0455005 0.105798
696 -0.0406059 0.0781914
697 -0.0356078 0.0466501
698 -0.0301837 0.0130141
699 -0.0240108 -0.0207928
700 -0.0167922 -0.052899
701 -0.00828142 -0.0815904
702 0.00168335 -0.105382
703 0.0131308 -0.123072
704 0.0258998 -0.133788
705 0.0395928 -0.137035
706 0.0535588 -0.132749
707 0.0669244 -0.121322
708 0.0786733 -0.103602
709 0.0877636 -0.0808408
710 0.0932551 -0.0545898
711 0.094419 -0.0265646
712 0.0908077 0.00150323
713 0.0822799 0.0279969
714 0.0689913 0.0515104
715 0.0513713 0.0709045
716 0.0301033 0.0853312
717 0.0061158 0.094242
718 -0.0194245 0.0973947
719 -0.0451367 0.0948626
720 -0.0694852 0.0870411
721 -0.0908842 0.0746387
722 -0.107836 0.058638
723 -0.119083 0.0402224
724 -0.123732 0.0206754
725 -0.12134 0.00126757
726 -0.111937 -0.0168444
727 -0.0959933 -0.0326912
728 -0.0743593 -0.0455283
729 -0.0481909 -0.0548421
730 -0.0188866 -0.0603377
731 0.0119649 -0.0619246
732 0.0426342 -0.0597086
733 0.0713176 -0.0539918
734 0.0962333 -0.0452703
735 0.115752 -0.0342184
736 0.12854 -0.0216492
737 0.1337 -0.00845181
738 0.130856 0.00448701
739 0.120182 0.0163586
740 0.102366 0.02649
741 0.0785207 0.0343743
742 0.0500736 0.0396723
743 0.0186698 0.0421982
744 -0.0139119 0.0419018
745 -0.0458234 0.0388595
746 -0.0752129 0.0332779
747 -0.100309 0.0255035
748 -0.119528 0.0160263
749 -0.131609 0.00546613
750 -0.135731 -0.00546613
751 -0.131609 -0.0160263
752 -0.119528 -0.0255035
753 -0.100309 -0.0332779
754 -0.0752129 -0.0388595
755 -0.0458234 -0.0419018
756 -0.0139119 -0.0421982
757 0.0186698 -0.0396723
758 0.0500736 -0.0343743
759 0.0785207 -0.02649
760 0.102366 -0.0163586
761 0.120182 -0.00448701
762 0.130856 0.00845181
763 0.1337 0.0216492
764 0.12854 0.0342184
765 0.115752 0.0452703
766 0.0962333 0.0539918
767 0.0713176 0.0597086
768 0.0426342 0.0619246
769 0.0119649 0.0603377
770 -0.0188866 0.0548421
771 -0.0481909 0.0455283
772 -0.0743593 0.0326912
773 -0.0959933 0.0168444
774 -0.111937 -0.00126757
775 -0.12134 -0.0206754
776 -0.123732 -0.0402224
777 -0.119083 -0.058638
778 -0.107836 -0.0746387
779 -0.0908842 -0.0870411
780 -0.0694852 -0.0948626
781 -0.0451367 -0.0973947
782 -0.0194245 -0.094242
783 0.0061158 -0.0853312
784 0.0301033 -0.0709045
785 0.0513713 -0.0515104
786 0.0689913 -0.0279969
787 0.0822799 -0.00150323
788 0.0908077 0.0265646
789 0.094419 0.0545898
790 0.0932551 0.0808408
791 0.0877636 0.103602
792 0.0786733 0.121322
793 0.0669244 0.132749
794 0.0535588 0.137035
795 0.0395928 0.133788
796 0.0258998 0.123072
797 0.0131308 0.105382
798 0.00168335 0.0815904
799 -0.00828142 0.052899
800 -0.0167922 0.0207928
801 -0.0240108 -0.0130141
802 -0.0301837 -0.0466501
803 -0.0356078 -0.0781914
804 -0.0406059 -0.105798
805 -0.0455005 -0.127869
806 -0.0505732 -0.143186
807 -0.0560075 -0.151021
808 -0.061824 -0.151177
809 -0.0678242 -0.143966
810 -0.0735671 -0.130131
811 -0.0783921 -0.110739
812 -0.0814904 -0.0870758
813 -0.0820108 -0.0605605
814 -0.0791787 -0.0326718
815 -0.0724009 -0.00488789
816 -0.0613419 0.0213851
817 -0.0459633 0.0449035
818 -0.0265342 0.0646888
819 -0.0036223 0.080124
820 0.0219266 0.091014
821 0.0490163 0.0975857
822 0.0763408 0.100421
823 0.102444 0.100334
824 0.125806 0.0982195
825 0.144951 0.0949117
826 0.158573 0.0910824
827 0.16566 0.0871889
828 0.165595 0.0834682
829 0.158225 0.0799568
830 0.143877 0.0765146
831 0.123329 0.0728385
832 0.0977355 0.0684696
833 0.0685212 0.0628079
834 0.0372648 0.0551581
835 0.00557759 0.0448166
836 -0.0250082 0.0311972
837 -0.0531376 0.013969
838 -0.077715 -0.00682756
839 -0.0979678 -0.0307221
840 -0.113488 -0.0568307
841 -0.124245 -0.083944
842 -0.130572 -0.110662
843 -0.133115 -0.13554
844 -0.132748 -0.157219
845 -0.130469 -0.174515
846 -0.127272 -0.186484
847 -0.124019 -0.192453
848 -0.12133 -0.192062
849 -0.1195 -0.185293
850 -0.118468 -0.172508
851 -0.11783 -0.154456
852 -0.116912 -0.132246
853 -0.11487 -0.107259
854 -0.110804 -0.0810107
855 -0.103875 -0.0549761
856 -0.0934011 -0.0304173
857 -0.0789215 -0.00824552
858 -0.0602515 0.0110545
859 -0.037512 0.0274286
860 -0.011148 0.0411961
861 0.01807 0.0529547
862 0.0490721 0.0634732
863 0.0805527 0.0735907
864 0.111078 0.0841283
865 0.139232 0.0958128
866 0.163777 0.109203
867 0.183808 0.124619
868 0.198859 0.142081
869 0.208943 0.161266
870 0.214517 0.181509
871 0.216389 0.201849
872 0.215581 0.221128
873 0.213193 0.238124
874 0.210288 0.251709
875 0.207799 0.261
876 0.206474 0.265473
877 0.20683 0.265033
878 0.209107 0.26002
879 0.213229 0.25116
880 0.21878 0.239473
881 0.225014 0.226148
882 0.230921 0.212407
883 0.235358 0.199386
884 0.237225 0.188029
885 0.235646 0.179003
886 0.230132 0.172653
887 0.220659 0.168977
888 0.207672 0.16763
889 0.191997 0.16796
890 0.174712 0.169074
891 0.156988 0.169932
892 0.139958 0.169476
893 0.124611 0.166762
894 0.111729 0.16111
895 0.101836 0.152214
896 0.0951706 0.140212
897 0.0916501 0.125684
898 0.09086 0.109579
899 0.0920642 0.0930712
900 0.094264 0.0773888
901 0.0963104 0.0636335
902 0.097062 0.052641
903 0.0955613 0.0448967
904 0.0911941 0.040513
905 0.0837948 0.0392561
906 0.0736729 0.0406002
907 0.0615565 0.0437928
908 0.0484671 0.0479211
909 0.0355565 0.0519843
910 0.0239396 0.0549806
911 0.0145509 0.0560166
912 0.00804272 0.0544323
913 0.00472812 0.0499211
914 0.00456529 0.0426132
915 0.00717644 0.0330923
916 0.0118947 0.0223261
917 0.0178355 0.0115169
918 0.023989 0.00190046
919 0.029329 -0.00546289
920 0.032932 -0.00985712
921 0.0340919 -0.0110057
922 0.0324208 -0.00908054
923 0.0279155 -0.00463525
924 0.0209801 0.001508
925 0.012389 0.00838743
926 0.00319189 0.0150203
927 -0.00543562 0.0205005
928 -0.0123718 0.0240762
929 -0.01673 0.0252166
930 -0.0180047 0.0236709
931 -0.0161516 0.0195163
932 -0.0115858 0.01318
933 -0.00509854 0.00541704
934 0.00228433 -0.0027689
935 0.00947176 -0.0102603
936 0.0154675 -0.0159977
937 0.0194947 -0.0191568
938 0.0210707 -0.0192932
939 0.0200345 -0.016424
940 0.0165387 -0.0110277
941 0.0110191 -0.00396414
942 0.00415124 0.00366962
943 -0.00320701 0.0107187
944 -0.0100943 0.0161526
945 -0.0155538 0.0192179
946 -0.0187668 0.0195389
947 -0.0191968 0.0171523
948 -0.01671 0.0124757
949 -0.0116378 0.00622395
950 -0.00475176 -0.000708161
951 0.0028553 -0.00737378
952 0.00996206 -0.0128927
953 0.0154428 -0.0165501
954 0.0184699 -0.0178714
955 0.0186485 -0.0166737
956 0.0160585 -0.013094
957 0.0112045 -0.00759069
958 0.00489766 -0.000909349
959 -0.00189573 0.00599456
960 -0.00820508 0.012079
961 -0.0131817 0.0163744
962 -0.0161907 0.0181545
963 -0.0168695 0.0170832
964 -0.0151566 0.0133009
965 -0.011296 0.00742095
966 -0.0058145 0.000428065
967 0.000530775 -0.00650356
968 0.00683756 -0.012233
969 0.0121739 -0.0158641
970 0.0157129 -0.0168966
971 0.016868 -0.0152874
972 0.0154033 -0.0114174
973 0.0114967 -0.00598543
974 0.0057344 0.000135404
975 -0.000968232 0.00604123
976 -0.00751249 0.0109167
977 -0.012806 0.0141203
978 -0.0159603 0.0152412
979 -0.0164566 0.0141344
980 -0.0142434 0.0109409
981 -0.00974336 0.0060875
982 -0.00376755 0.000255861
983 0.00264446 -0.00569026
984 0.00842213 -0.0108205
985 0.0126558 -0.0142851
986 0.0147432 -0.0154682
987 0.0144647 -0.0141149
988 0.0119816 -0.0103999
989 0.00777098 -0.00491903
990 0.00252196 0.00140381
991 -0.00297776 0.00747666
992 -0.00794536 0.0122394
993 -0.0116878 0.0148625
994 -0.0136711 0.0149048
995 -0.0135807 0.012396
996 -0.0113741 0.00782657
997 -0.00731706 0.00204597
998 -0.00198424 -0.00390707
999 0.00379408 -0.00900573
