0 0.19611 0.194181
1 0.186207 0.182236
2 0.176124 0.170572
3 0.165679 0.159508
4 0.1548 0.149165
5 0.143582 0.139455
6 0.132284 0.130148
7 0.121272 0.120976
8 0.110919 0.111738
9 0.101498 0.102382
10 0.0931039 0.0930331
11 0.08563 0.0839498
12 0.0788122 0.0754487
13 0.0723252 0.0678026
14 0.065897 0.0611573
15 0.0594028 0.0554866
16 0.0529038 0.0506017
17 0.0466197 0.04621
18 0.0408452 0.0420053
19 0.0358424 0.0377622
20 0.0317462 0.0334055
21 0.028516 0.0290294
22 0.0259481 0.0248608
23 0.0237411 0.021176
24 0.0215917 0.0181976
25 0.0192868 0.016009
26 0.0167636 0.0145153
27 0.0141186 0.0134686
28 0.0115658 0.0125481
29 0.00935827 0.0114668
30 0.00769823 0.0100667
31 0.00666498 0.00836714
32 0.00618262 0.00654856
33 0.00603906 0.00487975
34 0.00595125 0.00361534
35 0.0056563 0.00290169
36 0.00499844 0.00272466
37 0.0039812 0.00291601
38 0.00276488 0.00321361
39 0.00160787 0.00335186
40 0.000771451 0.00314963
41 0.000422132 0.00256602
42 0.000568056 0.00170702
43 0.00105388 0.000783214
44 0.00161655 3.47504e-05
45 0.00198095 -0.000351104
46 0.0019592 -0.000303107
47 0.00151612 0.000109887
48 0.000777144 0.000701444
49 -2.27496e-05 0.00122964
50 -0.000628253 0.001479
51 -0.000856888 0.00133516
52 -0.000662101 0.000826334
53 -0.000145047 0.000115313
54 0.000486436 -0.000557245
55 0.000994348 -0.000959756
56 0.00119394 -0.000955713
57 0.00101509 -0.00055622
58 0.000522008 8.21351e-05
59 -0.000113044 0.000714779
60 -0.000671472 0.00110099
61 -0.000963877 0.00109491
62 -0.000894475 0.000700353
63 -0.00049351 6.78653e-05
64 9.3016e-05 -0.000564484
65 0.000653408 -0.00096308
66 0.00098414 -0.000987201
67 0.000962741 -0.000639777
68 0.000593788 -6.19535e-05
69 1.00662e-05 0.000524494
70 -0.000573807 0.000902802
71 -0.000940127 0.000941207
72 -0.000950604 0.000637614
73 -0.000600744 0.000114405
74 -2.37142e-05 -0.000431639
75 0.000559505 -0.000803364
76 0.00092529 -0.000873379
77 0.000934595 -0.000626055
78 0.000587321 -0.000158684
79 2.17603e-05 0.000356305
80 -0.000540795 0.000733518
81 -0.000883853 0.000839559
82 -0.000880425 0.000639067
83 -0.000540739 0.000206649
84 -4.69167e-06 -0.000299421
85 0.000516492 -0.000693304
86 0.000824542 -0.000828686
87 0.000810094 -0.000653316
88 0.000490867 -0.000230565
89 -8.60337e-07 0.000281543
90 -0.000473783 0.000688047
91 -0.000752277 0.00083117
92 -0.000740884 0.000652706
93 -0.000455343 0.000219422
94 -1.11794e-05 -0.000300415
95 0.000423031 -0.000701979
96 0.000688729 -0.000825442
97 0.000693703 -0.000621204
98 0.000442629 -0.000171331
99 3.26307e-05 0.000342781
100 -0.000383316 0.000714094
101 -0.000651864 0.000794673
102 -0.000674463 0.000556047
103 -0.000443164 9.97826e-05
104 -4.42804e-05 -0.000385956
105 0.000372194 -0.00070506
106 0.000647491 -0.000733826
107 0.000674046 -0.000469427
108 0.000438223 -2.72419e-05
109 2.84735e-05 0.000410078
110 -0.000396177 0.000668915
111 -0.000667047 0.000653982
112 -0.000673248 0.000382763
113 -0.000408462 -2.69367e-05
114 2.33692e-05 -0.000408643
115 0.000447855 -0.0006151
116 0.000690761 -0.00057456
117 0.000650706 -0.000314246
118 0.000342979 5.57838e-05
119 -0.000105213 0.000389306
120 -0.000507264 0.000561206
121 -0.000695749 0.000513152
122 -0.000593462 0.000271743
123 -0.000246074 -6.54699e-05
124 0.000197901 -0.000368857
125 0.000551134 -0.000525249
126 0.000667555 -0.000478709
127 0.000503684 -0.000249738
128 0.000135003 7.31636e-05
129 -0.000278851 0.000366374
130 -0.000563919 0.000517026
131 -0.000605826 0.000465718
132 -0.000395948 0.000230327
133 -3.10563e-05 -9.88515e-05
134 0.000331579 -0.000392273
135 0.000542594 -0.000531274
136 0.000522326 -0.000456229
137 0.000290268 -0.000193086
138 -4.83599e-05 0.000153963
139 -0.000350675 0.000442712
140 -0.000496624 0.000551081
141 -0.000436148 0.000429481
142 -0.000204774 0.000124573
143 9.61878e-05 -0.000237396
144 0.000344074 -0.000502481
145 0.000444372 -0.000555016
146 0.000365587 -0.000369166
147 0.00014732 -2.25172e-05
148 -0.000119279 0.000335745
149 -0.000329134 0.00054932
150 -0.00040365 0.000523881
151 -0.000318928 0.00026976
152 -0.000112368 -0.000101595
153 0.000133483 -0.000426532
154 0.000323016 -0.000561956
155 0.000383579 -0.00044922
156 0.000292526 -0.000140202
157 8.5689e-05 0.000226347
158 -0.00015588 0.000487438
159 -0.000336456 0.000529004
160 -0.000382677 0.000336392
161 -0.000273264 -4.75714e-07
162 -4.94563e-05 -0.000329107
163 0.000199232 -0.000503942
164 0.000369824 -0.000451417
165 0.000388301 -0.0002012
166 0.000242265 0.000129809
167 -1.08644e-05 0.000392317
168 -0.000265369 0.000472439
169 -0.000411003 0.000341405
170 -0.000381073 6.53306e-05
171 -0.000183677 -0.000227938
172 9.88443e-05 -0.000408297
173 0.000343681 -0.000401356
174 0.000441004 -0.000218933
175 0.000343779 5.03002e-05
176 9.11165e-05 0.0002839
177 -0.000206681 0.000381492
178 -0.000416109 0.000307823
179 -0.000440693 0.000104608
180 -0.000266111 -0.000132275
181 3.12434e-05 -0.000298035
182 0.000317373 -0.000325295
183 0.000461284 -0.000211016
184 0.000395529 -1.35185e-05
185 0.000148399 0.000176994
186 -0.000167846 0.000279597
187 -0.000408023 0.000256714
188 -0.000461055 0.000126905
189 -0.000301844 -4.73895e-05
190 -3.5425e-06 -0.000189753
191 0.000295928 -0.000243062
192 0.000457811 -0.000191755
193 0.000407191 -6.47834e-05
194 0.000168086 8.00918e-05
195 -0.000147673 0.000182371
196 -0.000392737 0.000203578
197 -0.000453274 0.00014087
198 -0.000302228 2.51943e-05
199 -1.17234e-05 -9.37129e-05
200 0.000281263 -0.000168337
201 0.000439624 -0.000171728
202 0.000390585 -0.000106461
203 0.000159419 -1.68039e-06
204 -0.000143308 9.96437e-05
205 -0.000374626 0.000157821
206 -0.000426829 0.000151368
207 -0.000277833 8.44985e-05
208 -5.84291e-07 -1.51783e-05
209 0.000272501 -0.000107611
210 0.000412789 -0.000155822
211 0.000356151 -0.000140309
212 0.000132432 -6.69431e-05
213 -0.000149943 3.48444e-05
214 -0.00035642 0.000123324
215 -0.000390488 0.000161196
216 -0.000238927 0.00013128
217 2.31519e-05 4.45745e-05
218 0.000269365 -6.32461e-05
219 0.000382971 -0.000146138
220 0.000312289 -0.000167253
221 9.42556e-05 -0.000115481
222 -0.000164608 -1.1451e-05
223 -0.000340119 0.000100291
224 -0.000349965 0.000170181
225 -0.000192328 0.000165678
226 5.45191e-05 8.66216e-05
227 0.000270879 -3.34324e-05
228 0.000353552 -0.000141211
229 0.000265032 -0.000187353
230 5.05472e-05 -0.000149195
231 -0.000184811 -4.21039e-05
232 -0.00032742 8.64104e-05
233 -0.000309899 0.000177737
234 -0.000142959 0.000189041
235 9.07512e-05 0.000113567
236 0.000277393 -1.53798e-05
237 0.000327256 -0.000139076
238 0.000217812 -0.000200222
239 3.87571e-06 -0.000169642
240 -0.000209698 -6.03293e-05
241 -0.000319228 7.79824e-05
242 -0.000272399 0.000181481
243 -9.32076e-05 0.000201831
244 0.000130214 0.000128878
245 0.000288762 -4.21415e-06
246 0.00030546 -0.000136039
247 0.000172742 -0.000205378
248 -4.41104e-05 -0.000179786
249 -0.000238941 -7.08884e-05
250 -0.000316518 7.08884e-05
251 -0.000238941 0.000179786
252 -4.41104e-05 0.000205378
253 0.000172742 0.000136039
254 0.00030546 4.21415e-06
255 0.000288762 -0.000128878
256 0.000130214 -0.000201831
257 -9.32076e-05 -0.000181481
258 -0.000272399 -7.79824e-05
259 -0.000319228 6.03293e-05
260 -0.000209698 0.000169642
261 3.87571e-06 0.000200222
262 0.000217812 0.000139076
263 0.000327256 1.53798e-05
264 0.000277393 -0.000113567
265 9.07512e-05 -0.000189041
266 -0.000142959 -0.000177737
267 -0.000309899 -8.64104e-05
268 -0.00032742 4.21039e-05
269 -0.000184811 0.000149195
270 5.05472e-05 0.000187353
271 0.000265032 0.000141211
272 0.000353552 3.34324e-05
273 0.000270879 -8.66216e-05
274 5.45191e-05 -0.000165678
275 -0.000192328 -0.000170181
276 -0.000349965 -0.000100291
277 -0.000340119 1.1451e-05
278 -0.000164608 0.000115481
279 9.42556e-05 0.000167253
280 0.000312289 0.000146138
281 0.000382971 6.32461e-05
282 0.000269365 -4.45745e-05
283 2.31519e-05 -0.00013128
284 -0.000238927 -0.000161196
285 -0.000390488 -0.000123324
286 -0.00035642 -3.48444e-05
287 -0.000149943 6.69431e-05
288 0.000132432 0.000140309
289 0.000356151 0.000155822
290 0.000412789 0.000107611
291 0.000272501 1.51783e-05
292 -5.84291e-07 -8.44985e-05
293 -0.000277833 -0.000151368
294 -0.000426829 -0.000157821
295 -0.000374626 -9.96437e-05
296 -0.000143308 1.68039e-06
297 0.000159419 0.000106461
298 0.000390585 0.000171728
299 0.000439624 0.000168337
300 0.000281263 9.37129e-05
301 -1.17234e-05 -2.51943e-05
302 -0.000302228 -0.00014087
303 -0.000453274 -0.000203578
304 -0.000392737 -0.000182371
305 -0.000147673 -8.00918e-05
306 0.000168086 6.47834e-05
307 0.000407191 0.000191755
308 0.000457811 0.000243062
309 0.000295928 0.000189753
310 -3.5425e-06 4.73895e-05
311 -0.000301844 -0.000126905
312 -0.000461055 -0.000256714
313 -0.000408023 -0.000279597
314 -0.000167846 -0.000176994
315 0.000148399 1.35185e-05
316 0.000395529 0.000211016
317 0.000461284 0.000325295
318 0.000317373 0.000298035
319 3.12434e-05 0.000132275
320 -0.000266111 -0.000104608
321 -0.000440693 -0.000307823
322 -0.000416109 -0.000381492
323 -0.000206681 -0.0002839
324 9.11165e-05 -5.03002e-05
325 0.000343779 0.000218933
326 0.000441004 0.000401356
327 0.000343681 0.000408297
328 9.88443e-05 0.000227938
329 -0.000183677 -6.53306e-05
330 -0.000381073 -0.000341405
331 -0.000411003 -0.000472439
332 -0.000265369 -0.000392317
333 -1.08644e-05 -0.000129809
334 0.000242265 0.0002012
335 0.000388301 0.000451417
336 0.000369824 0.000503942
337 0.000199232 0.000329107
338 -4.94563e-05 4.75714e-07
339 -0.000273264 -0.000336392
340 -0.000382677 -0.000529004
341 -0.000336456 -0.000487438
342 -0.00015588 -0.000226347
343 8.5689e-05 0.000140202
344 0.000292526 0.00044922
345 0.000383579 0.000561956
346 0.000323016 0.000426532
347 0.000133483 0.000101595
348 -0.000112368 -0.00026976
349 -0.000318928 -0.000523881
350 -0.00040365 -0.00054932
351 -0.000329134 -0.000335745
352 -0.000119279 2.25172e-05
353 0.00014732 0.000369166
354 0.000365587 0.000555016
355 0.000444372 0.000502481
356 0.000344074 0.000237396
357 9.61878e-05 -0.000124573
358 -0.000204774 -0.000429481
359 -0.000436148 -0.000551081
360 -0.000496624 -0.000442712
361 -0.000350675 -0.000153963
362 -4.83599e-05 0.000193086
363 0.000290268 0.000456229
364 0.000522326 0.000531274
365 0.000542594 0.000392273
366 0.000331579 9.88515e-05
367 -3.10563e-05 -0.000230327
368 -0.000395948 -0.000465718
369 -0.000605826 -0.000517026
370 -0.000563919 -0.000366374
371 -0.000278851 -7.31636e-05
372 0.000135003 0.000249738
373 0.000503684 0.000478709
374 0.000667555 0.000525249
375 0.000551134 0.000368857
376 0.000197901 6.54699e-05
377 -0.000246074 -0.000271743
378 -0.000593462 -0.000513152
379 -0.000695749 -0.000561206
380 -0.000507264 -0.000389306
381 -0.000105213 -5.57838e-05
382 0.000342979 0.000314246
383 0.000650706 0.00057456
384 0.000690761 0.0006151
385 0.000447855 0.000408643
386 2.33692e-05 2.69367e-05
387 -0.000408462 -0.000382763
388 -0.000673248 -0.000653982
389 -0.000667047 -0.000668915
390 -0.000396177 -0.000410078
391 2.84735e-05 2.72419e-05
392 0.000438223 0.000469427
393 0.000674046 0.000733826
394 0.000647491 0.00070506
395 0.000372194 0.000385956
396 -4.42804e-05 -9.97826e-05
397 -0.000443164 -0.000556047
398 -0.000674463 -0.000794673
399 -0.000651864 -0.000714094
400 -0.000383316 -0.000342781
401 3.26307e-05 0.000171331
402 0.000442629 0.000621204
403 0.000693703 0.000825442
404 0.000688729 0.000701979
405 0.000423031 0.000300415
406 -1.11794e-05 -0.000219422
407 -0.000455343 -0.000652706
408 -0.000740884 -0.00083117
409 -0.000752277 -0.000688047
410 -0.000473783 -0.000281543
411 -8.60337e-07 0.000230565
412 0.000490867 0.000653316
413 0.000810094 0.000828686
414 0.000824542 0.000693304
415 0.000516492 0.000299421
416 -4.69167e-06 -0.000206649
417 -0.000540739 -0.000639067
418 -0.000880425 -0.000839559
419 -0.000883853 -0.000733518
420 -0.000540795 -0.000356305
421 2.17603e-05 0.000158684
422 0.000587321 0.000626055
423 0.000934595 0.000873379
424 0.00092529 0.000803364
425 0.000559505 0.000431639
426 -2.37142e-05 -0.000114405
427 -0.000600744 -0.000637614
428 -0.000950604 -0.000941207
429 -0.000940127 -0.000902802
430 -0.000573807 -0.000524494
431 1.00662e-05 6.19535e-05
432 0.000593788 0.000639777
433 0.000962741 0.000987201
434 0.00098414 0.00096308
435 0.000653408 0.000564484
436 9.3016e-05 -6.78653e-05
437 -0.00049351 -0.000700353
438 -0.000894475 -0.00109491
439 -0.000963877 -0.00110099
440 -0.000671472 -0.000714779
441 -0.000113044 -8.21351e-05
442 0.000522008 0.00055622
443 0.00101509 0.000955713
444 0.00119394 0.000959756
445 0.000994348 0.000557245
446 0.000486436 -0.000115313
447 -0.000145047 -0.000826334
448 -0.000662101 -0.00133516
449 -0.000856888 -0.001479
450 -0.000628253 -0.00122964
451 -2.27496e-05 -0.000701444
452 0.000777144 -0.000109887
453 0.00151612 0.000303107
454 0.0019592 0.000351104
455 0.00198095 -3.47504e-05
456 0.00161655 -0.000783214
457 0.00105388 -0.00170702
458 0.000568056 -0.00256602
459 0.000422132 -0.00314963
460 0.000771451 -0.00335186
461 0.00160787 -0.00321361
462 0.00276488 -0.00291601
463 0.0039812 -0.00272466
464 0.00499844 -0.00290169
465 0.0056563 -0.00361534
466 0.00595125 -0.00487975
467 0.00603906 -0.00654856
468 0.00618262 -0.00836714
469 0.00666498 -0.0100667
470 0.00769823 -0.0114668
471 0.00935827 -0.0125481
472 0.0115658 -0.0134686
473 0.0141186 -0.0145153
474 0.0167636 -0.016009
475 0.0192868 -0.0181976
476 0.0215917 -0.021176
477 0.0237411 -0.0248608
478 0.0259481 -0.0290294
479 0.028516 -0.0334055
480 0.0317462 -0.0377622
481 0.0358424 -0.0420053
482 0.0408452 -0.04621
483 0.0466197 -0.0506017
484 0.0529038 -0.0554866
485 0.0594028 -0.0611573
486 0.065897 -0.0678026
487 0.0723252 -0.0754487
488 0.0788122 -0.0839498
489 0.08563 -0.0930331
490 0.0931039 -0.102382
491 0.101498 -0.111738
492 0.110919 -0.120976
493 0.121272 -0.130148
494 0.132284 -0.139455
495 0.143582 -0.149165
496 0.1548 -0.159508
497 0.165679 -0.170572
498 0.176124 -0.182236
499 0.186207 -0.194181
500 0.19611 -0.205954
501 0.206031 -0.217082
502 0.216084 -0.227185
503 0.226221 -0.236058
504 0.236195 -0.243688
505 0.245589 -0.250205
506 0.253893 -0.255784
507 0.260611 -0.260533
508 0.265368 -0.264404
509 0.267983 -0.267156
510 0.268477 -0.268384
511 0.26702 -0.267597
512 0.263832 -0.264331
513 0.259065 -0.258256
514 0.252715 -0.249252
515 0.244592 -0.237428
516 0.234362 -0.22308
517 0.221645 -0.206603
518 0.206142 -0.188386
519 0.187752 -0.168709
520 0.166632 -0.147694
521 0.143192 -0.125315
522 0.118026 -0.101476
523 0.091801 -0.0761258
524 0.0651337 -0.0493759
525 0.0385059 -0.0215843
526 0.012228 0.00663211
527 -0.0135344 0.0344566
528 -0.038682 0.060991
529 -0.0630777 0.0853947
530 -0.0864487 0.107004
531 -0.108328 0.125398
532 -0.128056 0.140397
533 -0.144849 0.151992
534 -0.157916 0.160248
535 -0.166606 0.165194
536 -0.170522 0.166755
537 -0.169594 0.164726
538 -0.164066 0.158829
539 -0.154419 0.148802
540 -0.141248 0.134526
541 -0.125133 0.116139
542 -0.106545 0.0941077
543 -0.0858254 0.0692254
544 -0.0632248 0.042545
545 -0.0389976 0.0152489
546 -0.0135146 -0.0115059
547 0.012645 -0.0367248
548 0.0386545 -0.0596612
549 0.0634691 -0.0798277
550 0.0859218 -0.0969377
551 0.104866 -0.110801
552 0.11933 -0.121218
553 0.128654 -0.127905
554 0.132559 -0.130484
555 0.131159 -0.128544
556 0.124885 -0.121755
557 0.114365 -0.109999
558 0.100295 -0.0934876
559 0.0833193 -0.0728281
560 0.0639839 -0.0490165
561 0.0427485 -0.0233546
562 0.020064 0.00269354
563 -0.00352299 0.0276751
564 -0.0272763 0.0503152
565 -0.0502278 0.0696374
566 -0.0712075 0.0850152
567 -0.0889497 0.0961443
568 -0.102252 0.102956
569 -0.110154 0.105501
570 -0.112084 0.103851
571 -0.10796 0.0980496
572 -0.0981962 0.0881266
573 -0.0836392 0.0741802
574 -0.0654319 0.0564893
575 -0.0448489 0.0356228
576 -0.0231349 0.0125049
577 -0.0013837 -0.0115925
578 0.0195159 -0.0351369
579 0.0388652 -0.0564932
580 0.056086 -0.074121
581 0.0706304 -0.0867726
582 0.0819108 -0.0936515
583 0.089283 -0.094498
584 0.0920996 -0.0895861
585 0.0898247 -0.0796368
586 0.0821818 -0.0656694
587 0.0692929 -0.0488315
588 0.0517685 -0.0302472
589 0.0307193 -0.010919
590 0.00767639 0.00830163
591 -0.0155679 0.0266793
592 -0.0371728 0.0435221
593 -0.0554753 0.0581094
594 -0.0691877 0.0696554
595 -0.0775286 0.077334
596 -0.080265 0.0803689
597 -0.0776638 0.0781727
598 -0.0703713 0.0705015
599 -0.0592567 0.0575855
600 -0.0452612 0.0401976
601 -0.0292908 0.0196373
602 -0.0121715 -0.0023811
603 0.00533294 -0.0239197
604 0.0224632 -0.0430591
605 0.0383996 -0.0581463
606 0.0522261 -0.0680021
607 0.0629502 -0.0720476
608 0.0695865 -0.0703283
609 0.0712959 -0.063438
610 0.0675505 -0.0523661
611 0.0582891 -0.0383125
612 0.0440206 -0.0225113
613 0.0258456 -0.00610178
614 0.00537715 0.009937
615 -0.015433 0.0247887
616 -0.0345394 0.0377594
617 -0.0500756 0.0482226
618 -0.0606044 0.0555805
619 -0.0652986 0.0592645
620 -0.0640194 0.0587869
621 -0.0572819 0.0538384
622 -0.046124 0.0444117
623 -0.0319107 0.0309169
624 -0.0161213 0.0142513
625 -0.000159451 -0.00421001
626 0.0147793 -0.0227201
627 0.0277715 -0.0393553
628 0.0381644 -0.0522723
629 0.0455283 -0.0599789
630 0.0495914 -0.0615682
631 0.0501854 -0.0568672
632 0.0472261 -0.0464739
633 0.040738 -0.0316724
634 0.0309204 -0.0142444
635 0.0182313 0.00379049
636 0.00345841 0.0204585
637 -0.0122585 0.0340909
638 -0.0274801 0.0435158
639 -0.0406024 0.0481554
640 -0.0500614 0.04802
641 -0.0545712 0.0436137
642 -0.0533525 0.0357815
643 -0.0463007 0.0255391
644 -0.0340595 0.0139221
645 -0.0179769 0.00188307
646 5.34985e-05 -0.0097543
647 0.0178473 -0.0202906
648 0.0332382 -0.0291176
649 0.0443911 -0.0356835
650 0.050065 -0.0394813
651 0.0497792 -0.0400758
652 0.0438542 -0.0371708
653 0.0333248 -0.0307039
654 0.0197445 -0.020945
655 0.0049266 -0.00856591
656 -0.00933117 0.00534543
657 -0.0214873 0.0193498
658 -0.0304278 0.0318037
659 -0.0355495 0.0410748
660 -0.0367541 0.045795
661 -0.0343693 0.0451029
662 -0.0290239 0.0388286
663 -0.0215076 0.027579
664 -0.0126474 0.0126965
665 -0.0032219 -0.00390617
666 0.00607679 -0.0200151
667 0.0146399 -0.033443
668 0.0219158 -0.0423621
669 0.0273854 -0.0455857
670 0.030562 -0.0427507
671 0.0310282 -0.03437
672 0.0285067 -0.0217444
673 0.0229523 -0.0067506
674 0.0146378 0.00845965
675 0.00420773 0.0217956
676 -0.00732541 0.0315405
677 -0.0186551 0.036589
678 -0.0283267 0.0365731
679 -0.034939 0.0318628
680 -0.0373721 0.0234516
681 -0.0350011 0.0127559
682 -0.0278517 0.00136954
683 -0.0166618 -0.00918378
684 -0.00282566 -0.0176595
685 0.0117797 -0.0232345
686 0.0250631 -0.0255658
687 0.0350415 -0.0247679
688 0.0401617 -0.0213208
689 0.0395646 -0.0159392
690 0.0332461 -0.00943124
691 0.022081 -0.00257771
692 0.00770476 0.00395049
693 -0.00773301 0.00963045
694 -0.0219039 0.014088
695 -0.0326699 0.0170759
696 -0.0384256 0.0184454
697 -0.038354 0.0181273
698 -0.0325542 0.0161273
699 -0.0220168 0.012541
700 -0.00845567 0.00757961
701 0.00597811 0.00159884
702 0.019047 -0.00488575
703 0.0287853 -0.0112103
704 0.0338047 -0.0166126
705 0.0334983 -0.0203226
706 0.0281134 -0.0216828
707 0.0186838 -0.0202775
708 0.00683788 -0.0160429
709 -0.00548289 -0.0093314
710 -0.0163458 -0.000908278
711 -0.0241351 0.0081239
712 -0.027796 0.0164689
713 -0.0269768 0.0228284
714 -0.0220506 0.0261128
715 -0.0140182 0.0256372
716 -0.00431443 0.0212668
717 0.00544437 0.0134806
718 0.0137282 0.00333509
719 0.0193319 -0.00767567
720 0.0215476 -0.0178449
721 0.0202485 -0.0255274
722 0.0158735 -0.0294162
723 0.00932294 -0.0287729
724 0.001785 -0.0235702
725 -0.00547351 -0.0145197
726 -0.0113168 -0.00297959
727 -0.0149146 0.00924945
728 -0.0158556 0.0202069
729 -0.0141851 0.0280923
730 -0.0103655 0.0315683
731 -0.00517373 0.0299953
732 0.00044591 0.0235536
733 0.00554462 0.0132292
734 0.00932309 0.000661878
735 0.0112519 -0.012119
736 0.0111417 -0.0230264
737 0.00915408 -0.0302602
738 0.00575401 -0.0326068
739 0.00161529 -0.0296446
740 -0.00250411 -0.0218217
741 -0.00589334 -0.0103914
742 -0.00800499 0.00278792
743 -0.00853811 0.0155555
744 -0.00747698 0.0258067
745 -0.00508192 0.0318445
746 -0.00183592 0.0326645
747 0.00164315 0.0281234
748 0.00471059 0.0189631
749 0.00680595 0.00668729
750 0.00754919 -0.00668729
751 0.00680595 -0.0189631
752 0.00471059 -0.0281234
753 0.00164315 -0.0326645
754 -0.00183592 -0.0318445
755 -0.00508192 -0.0258067
756 -0.00747698 -0.0155555
757 -0.00853811 -0.00278792
758 -0.00800499 0.0103914
759 -0.00589334 0.0218217
760 -0.00250411 0.0296446
761 0.00161529 0.0326068
762 0.00575401 0.0302602
763 0.00915408 0.0230264
764 0.0111417 0.012119
765 0.0112519 -0.000661878
766 0.00932309 -0.0132292
767 0.00554462 -0.0235536
768 0.00044591 -0.0299953
769 -0.00517373 -0.0315683
770 -0.0103655 -0.0280923
771 -0.0141851 -0.0202069
772 -0.0158556 -0.00924945
773 -0.0149146 0.00297959
774 -0.0113168 0.0145197
775 -0.00547351 0.0235702
776 0.001785 0.0287729
777 0.00932294 0.0294162
778 0.0158735 0.0255274
779 0.0202485 0.0178449
780 0.0215476 0.00767567
781 0.0193319 -0.00333509
782 0.0137282 -0.0134806
783 0.00544437 -0.0212668
784 -0.00431443 -0.0256372
785 -0.0140182 -0.0261128
786 -0.0220506 -0.0228284
787 -0.0269768 -0.0164689
788 -0.027796 -0.0081239
789 -0.0241351 0.000908278
790 -0.0163458 0.0093314
791 -0.00548289 0.0160429
792 0.00683788 0.0202775
793 0.0186838 0.0216828
794 0.0281134 0.0203226
795 0.0334983 0.0166126
796 0.0338047 0.0112103
797 0.0287853 0.00488575
798 0.019047 -0.00159884
799 0.00597811 -0.00757961
800 -0.00845567 -0.012541
801 -0.0220168 -0.0161273
802 -0.0325542 -0.0181273
803 -0.038354 -0.0184454
804 -0.0384256 -0.0170759
805 -0.0326699 -0.014088
806 -0.0219039 -0.00963045
807 -0.00773301 -0.00395049
808 0.00770476 0.00257771
809 0.022081 0.00943124
810 0.0332461 0.0159392
811 0.0395646 0.0213208
812 0.0401617 0.0247679
813 0.0350415 0.0255658
814 0.0250631 0.0232345
815 0.0117797 0.0176595
816 -0.00282566 0.00918378
817 -0.0166618 -0.00136954
818 -0.0278517 -0.0127559
819 -0.0350011 -0.0234516
820 -0.0373721 -0.0318628
821 -0.034939 -0.0365731
822 -0.0283267 -0.036589
823 -0.0186551 -0.0315405
824 -0.00732541 -0.0217956
825 0.00420773 -0.00845965
826 0.0146378 0.0067506
827 0.0229523 0.0217444
828 0.0285067 0.03437
829 0.0310282 0.0427507
830 0.030562 0.0455857
831 0.0273854 0.0423621
832 0.0219158 0.033443
833 0.0146399 0.0200151
834 0.00607679 0.00390617
835 -0.0032219 -0.0126965
836 -0.0126474 -0.027579
837 -0.0215076 -0.0388286
838 -0.0290239 -0.0451029
839 -0.0343693 -0.045795
840 -0.0367541 -0.0410748
841 -0.0355495 -0.0318037
842 -0.0304278 -0.0193498
843 -0.0214873 -0.00534543
844 -0.00933117 0.00856591
845 0.0049266 0.020945
846 0.0197445 0.0307039
847 0.0333248 0.0371708
848 0.0438542 0.0400758
849 0.0497792 0.0394813
850 0.050065 0.0356835
851 0.0443911 0.0291176
852 0.0332382 0.0202906
853 0.0178473 0.0097543
854 5.34985e-05 -0.00188307
855 -0.0179769 -0.0139221
856 -0.0340595 -0.0255391
857 -0.0463007 -0.0357815
858 -0.0533525 -0.0436137
859 -0.0545712 -0.04802
860 -0.0500614 -0.0481554
861 -0.0406024 -0.0435158
862 -0.0274801 -0.0340909
863 -0.0122585 -0.0204585
864 0.00345841 -0.00379049
865 0.0182313 0.0142444
866 0.0309204 0.0316724
867 0.040738 0.0464739
868 0.0472261 0.0568672
869 0.0501854 0.0615682
870 0.0495914 0.0599789
871 0.0455283 0.0522723
872 0.0381644 0.0393553
873 0.0277715 0.0227201
874 0.0147793 0.00421001
875 -0.000159451 -0.0142513
876 -0.0161213 -0.0309169
877 -0.0319107 -0.0444117
878 -0.046124 -0.0538384
879 -0.0572819 -0.0587869
880 -0.0640194 -0.0592645
881 -0.0652986 -0.0555805
882 -0.0606044 -0.0482226
883 -0.0500756 -0.0377594
884 -0.0345394 -0.0247887
885 -0.015433 -0.009937
886 0.00537715 0.00610178
887 0.0258456 0.0225113
888 0.0440206 0.0383125
889 0.0582891 0.0523661
890 0.0675505 0.063438
891 0.0712959 0.0703283
892 0.0695865 0.0720476
893 0.0629502 0.0680021
894 0.0522261 0.0581463
895 0.0383996 0.0430591
896 0.0224632 0.0239197
897 0.00533294 0.0023811
898 -0.0121715 -0.0196373
899 -0.0292908 -0.0401976
900 -0.0452612 -0.0575855
901 -0.0592567 -0.0705015
902 -0.0703713 -0.0781727
903 -0.0776638 -0.0803689
904 -0.080265 -0.077334
905 -0.0775286 -0.0696554
906 -0.0691877 -0.0581094
907 -0.0554753 -0.0435221
908 -0.0371728 -0.0266793
909 -0.0155679 -0.00830163
910 0.00767639 0.010919
911 0.0307193 0.0302472
912 0.0517685 0.0488315
913 0.0692929 0.0656694
914 0.0821818 0.0796368
915 0.0898247 0.0895861
916 0.0920996 0.094498
917 0.089283 0.0936515
918 0.0819108 0.0867726
919 0.0706304 0.074121
920 0.056086 0.0564932
921 0.0388652 0.0351369
922 0.0195159 0.0115925
923 -0.0013837 -0.0125049
924 -0.0231349 -0.0356228
925 -0.0448489 -0.0564893
926 -0.0654319 -0.0741802
927 -0.0836392 -0.0881266
928 -0.0981962 -0.0980496
929 -0.10796 -0.103851
930 -0.112084 -0.105501
931 -0.110154 -0.102956
932 -0.102252 -0.0961443
933 -0.0889497 -0.0850152
934 -0.0712075 -0.0696374
935 -0.0502278 -0.0503152
936 -0.0272763 -0.0276751
937 -0.00352299 -0.00269354
938 0.020064 0.0233546
939 0.0427485 0.0490165
940 0.0639839 0.0728281
941 0.0833193 0.0934876
942 0.100295 0.109999
943 0.114365 0.121755
944 0.124885 0.128544
945 0.131159 0.130484
946 0.132559 0.127905
947 0.128654 0.121218
948 0.11933 0.110801
949 0.104866 0.0969377
950 0.0859218 0.0798277
951 0.0634691 0.0596612
952 0.0386545 0.0367248
953 0.012645 0.0115059
954 -0.0135146 -0.0152489
955 -0.0389976 -0.042545
956 -0.0632248 -0.0692254
957 -0.0858254 -0.0941077
958 -0.106545 -0.116139
959 -0.125133 -0.134526
960 -0.141248 -0.148802
961 -0.154419 -0.158829
962 -0.164066 -0.164726
963 -0.169594 -0.166755
964 -0.170522 -0.165194
965 -0.166606 -0.160248
966 -0.157916 -0.151992
967 -0.144849 -0.140397
968 -0.128056 -0.125398
969 -0.108328 -0.107004
970 -0.0864487 -0.0853947
971 -0.0630777 -0.060991
972 -0.038682 -0.0344566
973 -0.0135344 -0.00663211
974 0.012228 0.0215843
975 0.0385059 0.0493759
976 0.0651337 0.0761258
977 0.091801 0.101476
978 0.118026 0.125315
979 0.143192 0.147694
980 0.166632 0.168709
981 0.187752 0.188386
982 0.206142 0.206603
983 0.221645 0.22308
984 0.234362 0.237428
985 0.244592 0.249252
986 0.252715 0.258256
987 0.259065 0.264331
988 0.263832 0.267597
989 0.26702 0.268384
990 0.268477 0.267156
991 0.267983 0.264404
992 0.265368 0.260533
993 0.260611 0.255784
994 0.253893 0.250205
995 0.245589 0.243688
996 0.236195 0.236058
997 0.226221 0.227185
998 0.216084 0.217082
999 0.206031 0.205954
