0 7.38098e-09 -8.05317e-10
1 5.59981e-09 -7.60404e-09
2 3.61922e-09 -1.50122e-08
3 7.79359e-09 -1.86525e-08
4 1.89423e-08 -2.13006e-08
5 3.18261e-08 -3.11249e-08
6 4.28506e-08 -5.34489e-08
7 5.68831e-08 -8.64387e-08
8 8.46632e-08 -1.26919e-07
9 1.33875e-07 -1.80147e-07
10 2.05447e-07 -2.62123e-07
11 3.01035e-07 -3.92048e-07
12 4.34144e-07 -5.85379e-07
13 6.32703e-07 -8.58495e-07
14 9.31538e-07 -1.24288e-06
15 1.36678e-06 -1.79565e-06
16 1.9839e-06 -2.59858e-06
17 2.85622e-06 -3.75363e-06
18 4.09981e-06 -5.3909e-06
19 5.8769e-06 -7.69395e-06
20 8.39796e-06 -1.09308e-05
21 1.194e-05 -1.54778e-05
22 1.68862e-05 -2.18384e-05
23 2.3775e-05 -3.06783e-05
24 3.33446e-05 -4.289e-05
25 4.65786e-05 -5.96842e-05
26 6.47751e-05 -8.26914e-05
27 8.9657e-05 -0.000114071
28 0.00012352 -0.00015665
29 0.0001694 -0.000214112
30 0.000231268 -0.00029126
31 0.000314258 -0.000394322
32 0.000424982 -0.000531307
33 0.000571924 -0.000712417
34 0.000765905 -0.000950546
35 0.00102062 -0.0012619
36 0.00135324 -0.0016667
37 0.00178511 -0.00219003
38 0.0023426 -0.00286264
39 0.00305802 -0.00372195
40 0.00397062 -0.00481305
41 0.00512762 -0.00618976
42 0.00658524 -0.00791577
43 0.00840971 -0.0100655
44 0.0106782 -0.0127248
45 0.0134796 -0.0159917
46 0.016915 -0.0199761
47 0.0210973 -0.0247997
48 0.0261509 -0.0305945
49 0.0322102 -0.0375007
50 0.0394168 -0.0456635
51 0.0479164 -0.0552281
52 0.0578538 -0.0663342
53 0.0693659 -0.0791079
54 0.082574 -0.0936523
55 0.097574 -0.110037
56 0.114425 -0.128286
57 0.133137 -0.148361
58 0.153656 -0.170155
59 0.175853 -0.193469
60 0.199506 -0.218008
61 0.224293 -0.243364
62 0.249777 -0.269014
63 0.275406 -0.294316
64 0.300508 -0.318515
65 0.324301 -0.340753
66 0.345905 -0.360095
67 0.364371 -0.375558
68 0.378708 -0.386151
69 0.387933 -0.390929
70 0.391119 -0.389048
71 0.387458 -0.379832
72 0.376326 -0.362835
73 0.357344 -0.337908
74 0.330448 -0.305249
75 0.29593 -0.265452
76 0.254485 -0.219518
77 0.207219 -0.16886
78 0.155644 -0.115266
79 0.101631 -0.0608338
80 0.0473434 -0.00787248
81 -0.00487598 0.0412234
82 -0.0526339 0.0841256
83 -0.0936444 0.118738
84 -0.125896 0.143363
85 -0.147816 0.15686
86 -0.158424 0.158766
87 -0.157443 0.149386
88 -0.145375 0.129813
89 -0.12351 0.101893
90 -0.0938649 0.0681085
91 -0.0590596 0.0314061
92 -0.0221204 -0.00504168
93 0.0137651 -0.0381089
94 0.0455277 -0.0650033
95 0.0705022 -0.0835377
96 0.0866906 -0.0923551
97 0.092971 -0.0910781
98 0.0892246 -0.080362
99 0.0763613 -0.0618356
100 0.0562319 -0.0379317
101 0.0314316 -0.0116175
102 0.00500991 0.0139458
103 -0.0198815 0.0357769
104 -0.0403641 0.0514354
105 -0.0541833 0.059322
106 -0.059987 0.0588765
107 -0.057492 0.0506416
108 -0.0475112 0.0361789
109 -0.0318314 0.0178425
110 -0.0129555 -0.00156099
111 0.00625969 -0.0191813
112 0.0230193 -0.0325408
113 0.0349993 -0.0398975
114 0.0406864 -0.0404938
115 0.0395924 -0.034654
116 0.0323087 -0.0237074
117 0.0203861 -0.00975034
118 0.00606055 0.00471774
119 -0.0081346 0.0172242
120 -0.0198026 0.025745
121 -0.0270906 0.0290438
122 -0.0289971 0.0268679
123 -0.0255256 0.0199635
124 -0.0176535 0.00990741
125 -0.00712148 -0.00121307
126 0.00391644 -0.0112117
127 0.0133168 -0.0182269
128 0.0193606 -0.0210746
129 0.0210753 -0.0194595
130 0.0184021 -0.0140032
131 0.0121744 -0.00608326
132 0.00391382 0.00248151
133 -0.00451252 0.00983219
134 -0.0113002 0.0144691
135 -0.0150928 0.0155627
136 -0.0152601 0.013109
137 -0.0120083 0.00789676
138 -0.00630018 0.00129631
139 0.000395738 -0.00507797
140 0.00646448 -0.00975284
141 0.0105274 -0.0117371
142 0.0117572 -0.0107379
143 0.0100512 -0.00720116
144 0.00602441 -0.00216992
145 0.00082734 0.0030012
146 -0.00416332 0.00700043
147 -0.00770069 0.00888976
148 -0.00897961 0.00832806
149 -0.00782433 0.00563127
150 -0.00470549 0.0016582
151 -0.000585432 -0.00244302
152 0.00336257 -0.00555663
153 0.00608144 -0.00690067
154 0.00691299 -0.00622613
155 0.00575927 -0.00386102
156 0.00308165 -0.000590614
157 -0.000256857 0.00258835
158 -0.0032567 0.00476517
159 -0.00507535 0.00537598
160 -0.005264 0.00435177
161 -0.00388009 0.00211303
162 -0.00144559 -0.000582186
163 0.00123262 -0.00288514
164 0.00332198 -0.00411968
165 0.0042214 -0.00398051
166 0.00373593 -0.00260793
167 0.00211648 -0.000520449
168 -4.34793e-05 0.00156851
169 -0.00201605 0.00298822
170 -0.00318023 0.00332484
171 -0.00321677 0.00254346
172 -0.00219505 0.000980614
173 -0.000528154 -0.000786805
174 0.00118302 -0.00214842
175 0.0023606 -0.00266995
176 0.00264289 -0.00223296
177 0.00199575 -0.00105828
178 0.000707323 0.000390596
179 -0.000728401 0.00158474
180 -0.00179526 0.00212084
181 -0.00213919 0.00185691
182 -0.00168706 0.000946939
183 -0.000658755 -0.000232824
184 0.000528785 -0.00123351
185 0.0014264 -0.00170132
186 0.00172196 -0.00150148
187 0.00134961 -0.000755481
188 0.000499742 0.00021829
189 -0.000469432 0.00103474
190 -0.00117951 0.00139174
191 -0.00137838 0.00118207
192 -0.00102885 0.000525534
193 -0.000308494 -0.000288985
194 0.000473736 -0.000926524
195 0.00100653 -0.00114293
196 0.00109817 -0.000879548
197 0.000744305 -0.00027775
198 0.000118253 0.000390308
199 -0.00050843 0.000842661
200 -0.000880535 0.000906704
201 -0.00086193 0.000585483
202 -0.000485515 4.49977e-05
203 6.83317e-05 -0.000467856
204 0.000554051 -0.000736968
205 0.000768063 -0.000667733
206 0.000634581 -0.00031856
207 0.000233298 0.000136384
208 -0.000242237 0.000491782
209 -0.000575731 0.000602538
210 -0.000626588 0.000441632
211 -0.000390413 0.000102124
212 5.5147e-06 -0.000252945
213 0.000367907 -0.000466852
214 0.0005313 -0.000456785
215 0.00043435 -0.000244398
216 0.000142642 6.10497e-05
217 -0.000190633 0.000316474
218 -0.000403996 0.000410235
219 -0.000406066 0.000310003
220 -0.000214573 7.31932e-05
221 6.07854e-05 -0.00018318
222 0.000279374 -0.000338507
223 0.000341084 -0.000324555
224 0.000231832 -0.000155767
225 2.24623e-05 7.99143e-05
226 -0.000174417 0.000265111
227 -0.00026425 0.000310732
228 -0.000215404 0.000199255
229 -6.79759e-05 -7.83774e-06
230 9.41615e-05 -0.000202328
231 0.000190061 -0.000285068
232 0.00018147 -0.000216824
233 8.6412e-05 -3.77781e-05
234 -3.71042e-05 0.000154632
235 -0.000125224 0.000257983
236 -0.000140628 0.000219491
237 -8.70096e-05 6.36786e-05
238 -9.16286e-07 -0.000121905
239 7.15113e-05 -0.000235135
240 9.87191e-05 -0.000215418
241 7.64237e-05 -7.65576e-05
242 2.43891e-05 0.000101749
243 -2.80667e-05 0.000218986
244 -5.81547e-05 0.000210222
245 -5.86653e-05 8.22442e-05
246 -3.69486e-05 -9.08551e-05
247 -6.98406e-06 -0.000210037
248 1.91692e-05 -0.000207621
249 3.55039e-05 -8.56177e-05
250 4.0878e-05 8.56177e-05
251 3.55039e-05 0.000207621
252 1.91692e-05 0.000210037
253 -6.98406e-06 9.08551e-05
254 -3.69486e-05 -8.22442e-05
255 -5.86653e-05 -0.000210222
256 -5.81547e-05 -0.000218986
257 -2.80667e-05 -0.000101749
258 2.43891e-05 7.65576e-05
259 7.64237e-05 0.000215418
260 9.87191e-05 0.000235135
261 7.15113e-05 0.000121905
262 -9.16286e-07 -6.36786e-05
263 -8.70096e-05 -0.000219491
264 -0.000140628 -0.000257983
265 -0.000125224 -0.000154632
266 -3.71042e-05 3.77781e-05
267 8.6412e-05 0.000216824
268 0.00018147 0.000285068
269 0.000190061 0.000202328
270 9.41615e-05 7.83774e-06
271 -6.79759e-05 -0.000199255
272 -0.000215404 -0.000310732
273 -0.00026425 -0.000265111
274 -0.000174417 -7.99143e-05
275 2.24623e-05 0.000155767
276 0.000231832 0.000324555
277 0.000341084 0.000338507
278 0.000279374 0.00018318
279 6.07854e-05 -7.31932e-05
280 -0.000214573 -0.000310003
281 -0.000406066 -0.000410235
282 -0.000403996 -0.000316474
283 -0.000190633 -6.10497e-05
284 0.000142642 0.000244398
285 0.00043435 0.000456785
286 0.0005313 0.000466852
287 0.000367907 0.000252945
288 5.5147e-06 -0.000102124
289 -0.000390413 -0.000441632
290 -0.000626588 -0.000602538
291 -0.000575731 -0.000491782
292 -0.000242237 -0.000136384
293 0.000233298 0.00031856
294 0.000634581 0.000667733
295 0.000768063 0.000736968
296 0.000554051 0.000467856
297 6.83317e-05 -4.49977e-05
298 -0.000485515 -0.000585483
299 -0.00086193 -0.000906704
300 -0.000880535 -0.000842661
301 -0.00050843 -0.000390308
302 0.000118253 0.00027775
303 0.000744305 0.000879548
304 0.00109817 0.00114293
305 0.00100653 0.000926524
306 0.000473736 0.000288985
307 -0.000308494 -0.000525534
308 -0.00102885 -0.00118207
309 -0.00137838 -0.00139174
310 -0.00117951 -0.00103474
311 -0.000469432 -0.00021829
312 0.000499742 0.000755481
313 0.00134961 0.00150148
314 0.00172196 0.00170132
315 0.0014264 0.00123351
316 0.000528785 0.000232824
317 -0.000658755 -0.000946939
318 -0.00168706 -0.00185691
319 -0.00213919 -0.00212084
320 -0.00179526 -0.00158474
321 -0.000728401 -0.000390596
322 0.000707323 0.00105828
323 0.00199575 0.00223296
324 0.00264289 0.00266995
325 0.0023606 0.00214842
326 0.00118302 0.000786805
327 -0.000528154 -0.000980614
328 -0.00219505 -0.00254346
329 -0.00321677 -0.00332484
330 -0.00318023 -0.00298822
331 -0.00201605 -0.00156851
332 -4.34793e-05 0.000520449
333 0.00211648 0.00260793
334 0.00373593 0.00398051
335 0.0042214 0.00411968
336 0.00332198 0.00288514
337 0.00123262 0.000582186
338 -0.00144559 -0.00211303
339 -0.00388009 -0.00435177
340 -0.005264 -0.00537598
341 -0.00507535 -0.00476517
342 -0.0032567 -0.00258835
343 -0.000256857 0.000590614
344 0.00308165 0.00386102
345 0.00575927 0.00622613
346 0.00691299 0.00690067
347 0.00608144 0.00555663
348 0.00336257 0.00244302
349 -0.000585432 -0.0016582
350 -0.00470549 -0.00563127
351 -0.00782433 -0.00832806
352 -0.00897961 -0.00888976
353 -0.00770069 -0.00700043
354 -0.00416332 -0.0030012
355 0.00082734 0.00216992
356 0.00602441 0.00720116
357 0.0100512 0.0107379
358 0.0117572 0.0117371
359 0.0105274 0.00975284
360 0.00646448 0.00507797
361 0.000395738 -0.00129631
362 -0.00630018 -0.00789676
363 -0.0120083 -0.013109
364 -0.0152601 -0.0155627
365 -0.0150928 -0.0144691
366 -0.0113002 -0.00983219
367 -0.00451252 -0.00248151
368 0.00391382 0.00608326
369 0.0121744 0.0140032
370 0.0184021 0.0194595
371 0.0210753 0.0210746
372 0.0193606 0.0182269
373 0.0133168 0.0112117
374 0.00391644 0.00121307
375 -0.00712148 -0.00990741
376 -0.0176535 -0.0199635
377 -0.0255256 -0.0268679
378 -0.0289971 -0.0290438
379 -0.0270906 -0.025745
380 -0.0198026 -0.0172242
381 -0.0081346 -0.00471774
382 0.00606055 0.00975034
383 0.0203861 0.0237074
384 0.0323087 0.034654
385 0.0395924 0.0404938
386 0.0406864 0.0398975
387 0.0349993 0.0325408
388 0.0230193 0.0191813
389 0.00625969 0.00156099
390 -0.0129555 -0.0178425
391 -0.0318314 -0.0361789
392 -0.0475112 -0.0506416
393 -0.057492 -0.0588765
394 -0.059987 -0.059322
395 -0.0541833 -0.0514354
396 -0.0403641 -0.0357769
397 -0.0198815 -0.0139458
398 0.00500991 0.0116175
399 0.0314316 0.0379317
400 0.0562319 0.0618356
401 0.0763613 0.080362
402 0.0892246 0.0910781
403 0.092971 0.0923551
404 0.0866906 0.0835377
405 0.0705022 0.0650033
406 0.0455277 0.0381089
407 0.0137651 0.00504168
408 -0.0221204 -0.0314061
409 -0.0590596 -0.0681085
410 -0.0938649 -0.101893
411 -0.12351 -0.129813
412 -0.145375 -0.149386
413 -0.157443 -0.158766
414 -0.158424 -0.15686
415 -0.147816 -0.143363
416 -0.125896 -0.118738
417 -0.0936444 -0.0841256
418 -0.0526339 -0.0412234
419 -0.00487598 0.00787248
420 0.0473434 0.0608338
421 0.101631 0.115266
422 0.155644 0.16886
423 0.207219 0.219518
424 0.254485 0.265452
425 0.29593 0.305249
426 0.330448 0.337908
427 0.357344 0.362835
428 0.376326 0.379832
429 0.387458 0.389048
430 0.391119 0.390929
431 0.387933 0.386151
432 0.378708 0.375558
433 0.364371 0.360095
434 0.345905 0.340753
435 0.324301 0.318515
436 0.300508 0.294316
437 0.275406 0.269014
438 0.249777 0.243364
439 0.224293 0.218008
440 0.199506 0.193469
441 0.175853 0.170155
442 0.153656 0.148361
443 0.133137 0.128286
444 0.114425 0.110037
445 0.097574 0.0936523
446 0.082574 0.0791079
447 0.0693659 0.0663342
448 0.0578538 0.0552281
449 0.0479164 0.0456635
450 0.0394168 0.0375007
451 0.0322102 0.0305945
452 0.0261509 0.0247997
453 0.0210973 0.0199761
454 0.016915 0.0159917
455 0.0134796 0.0127248
456 0.0106782 0.0100655
457 0.00840971 0.00791577
458 0.00658524 0.00618976
459 0.00512762 0.00481305
460 0.00397062 0.00372195
461 0.00305802 0.00286264
462 0.0023426 0.00219003
463 0.00178511 0.0016667
464 0.00135324 0.0012619
465 0.00102062 0.000950546
466 0.000765905 0.000712417
467 0.000571924 0.000531307
468 0.000424982 0.000394322
469 0.000314258 0.00029126
470 0.000231268 0.000214112
471 0.0001694 0.00015665
472 0.00012352 0.000114071
473 8.9657e-05 8.26914e-05
474 6.47751e-05 5.96842e-05
475 4.65786e-05 4.289e-05
476 3.33446e-05 3.06783e-05
477 2.3775e-05 2.18384e-05
478 1.68862e-05 1.54778e-05
479 1.194e-05 1.09308e-05
480 8.39796e-06 7.69395e-06
481 5.8769e-06 5.3909e-06
482 4.09981e-06 3.75363e-06
483 2.85622e-06 2.59858e-06
484 1.9839e-06 1.79565e-06
485 1.36678e-06 1.24288e-06
486 9.31538e-07 8.58495e-07
487 6.32703e-07 5.85379e-07
488 4.34144e-07 3.92048e-07
489 3.01035e-07 2.62123e-07
490 2.05447e-07 1.80147e-07
491 1.33875e-07 1.26919e-07
492 8.46632e-08 8.64387e-08
493 5.68831e-08 5.34489e-08
494 4.28506e-08 3.11249e-08
495 3.18261e-08 2.13006e-08
496 1.89423e-08 1.86525e-08
497 7.79359e-09 1.50122e-08
498 3.61922e-09 7.60404e-09
499 5.59981e-09 8.05317e-10
500 7.38098e-09 -4.29076e-10
501 4.50951e-09 2.8778e-09
502 -7.36518e-10 5.01614e-09
503 -2.84599e-09 2.5818e-09
504 -1.54025e-10 -1.72459e-09
505 3.29062e-09 -2.91725e-09
506 2.96885e-09 -2.48154e-11
507 -6.26839e-10 2.96179e-09
508 -2.9819e-09 2.28346e-09
509 -1.38382e-09 -1.02367e-09
510 1.86928e-09 -2.75096e-09
511 2.63257e-09 -9.20333e-10
512 1.33364e-10 1.93322e-09
513 -2.31981e-09 2.20323e-09
514 -1.71056e-09 -2.58991e-10
515 9.75599e-10 -2.20636e-09
516 2.25386e-09 -1.26413e-09
517 6.40369e-10 1.1805e-09
518 -1.64504e-09 1.97103e-09
519 -1.70602e-09 2.43416e-10
520 3.67974e-10 -1.65663e-09
521 1.82468e-09 -1.3374e-09
522 8.84759e-10 6.35788e-10
523 -1.09428e-09 1.66014e-09
524 -1.54676e-09 5.16202e-10
525 -1.59697e-11 -1.19212e-09
526 1.41882e-09 -1.26397e-09
527 9.50464e-10 2.70192e-10
528 -6.86517e-10 1.34518e-09
529 -1.3279e-09 6.28992e-10
530 -2.32073e-10 -8.33726e-10
531 1.07626e-09 -1.12202e-09
532 9.11797e-10 4.53646e-11
533 -4.05961e-10 1.06614e-09
534 -1.1038e-09 6.42173e-10
535 -3.32356e-10 -5.74724e-10
536 8.0783e-10 -9.59617e-10
537 8.21252e-10 -7.79621e-11
538 -2.2584e-10 8.37572e-10
539 -9.01684e-10 5.99854e-10
540 -3.58882e-10 -3.97475e-10
541 6.08259e-10 -8.03046e-10
542 7.1179e-10 -1.33157e-10
543 -1.19003e-10 6.59521e-10
544 -7.31683e-10 5.3111e-10
545 -3.42215e-10 -2.8219e-10
546 4.65545e-10 -6.64184e-10
547 6.01888e-10 -1.45547e-10
548 -6.24326e-11 5.25175e-10
549 -5.94326e-10 4.53448e-10
550 -3.02816e-10 -2.11088e-10
551 3.66331e-10 -5.46348e-10
552 5.00443e-10 -1.32932e-10
553 -3.84522e-11 4.25487e-10
554 -4.85543e-10 3.76412e-10
555 -2.53463e-10 -1.69852e-10
556 2.98512e-10 -4.48374e-10
557 4.10611e-10 -1.07119e-10
558 -3.43209e-11 3.51602e-10
559 -3.99668e-10 3.04539e-10
560 -2.01631e-10 -1.47688e-10
561 2.5217e-10 -3.67171e-10
562 3.32479e-10 -7.5608e-11
563 -4.12344e-11 2.95901e-10
564 -3.31044e-10 2.3951e-10
565 -1.51429e-10 -1.36783e-10
566 2.19659e-10 -2.99198e-10
567 2.64763e-10 -4.30372e-11
568 -5.32547e-11 2.52308e-10
569 -2.74768e-10 1.81571e-10
570 -1.04996e-10 -1.3162e-10
571 1.9531e-10 -2.41228e-10
572 2.05814e-10 -1.22535e-11
573 -6.64211e-11 2.16233e-10
574 -2.26955e-10 1.30413e-10
575 -6.34358e-11 -1.28377e-10
576 1.75064e-10 -1.90692e-10
577 1.5416e-10 1.49484e-11
578 -7.8084e-11 1.84395e-10
579 -1.84775e-10 8.56667e-11
580 -2.73815e-11 -1.24451e-10
581 1.56135e-10 -1.45791e-10
582 1.08756e-10 3.73783e-11
583 -8.64756e-11 1.54623e-10
584 -1.46377e-10 4.71415e-11
585 2.7038e-12 -1.18156e-10
586 1.36756e-10 -1.05491e-10
587 6.90619e-11 5.42099e-11
588 -9.04574e-11 1.25697e-10
589 -1.10785e-10 1.4896e-11
590 2.6403e-11 -1.08548e-10
591 1.16014e-10 -6.94393e-11
592 3.5007e-11 6.49102e-11
593 -8.94151e-11 9.72056e-11
594 -7.77686e-11 -1.08151e-11
595 4.33612e-11 -9.53301e-11
596 9.37328e-11 -3.78332e-11
597 6.87789e-12 6.92487e-11
598 -8.32396e-11 6.94224e-11
599 -4.77049e-11 -2.96582e-11
600 5.33795e-11 -7.88127e-11
601 7.039e-11 -1.12522e-11
602 -1.48617e-11 6.73806e-11
603 -7.23402e-11 4.31744e-11
604 -2.13919e-11 -4.14044e-11
605 5.65501e-11 -5.98783e-11
606 4.69984e-11 9.56042e-12
607 -2.97758e-11 5.99373e-11
608 -5.76608e-11 1.96519e-11
609 1.61655e-13 -4.61283e-11
610 5.33974e-11 -3.98993e-11
611 2.49657e-11 2.3953e-11
612 -3.76911e-11 4.80746e-11
613 -4.06499e-11 1.76055e-13
614 1.6002e-11 -4.43773e-11
615 4.49786e-11 -2.05796e-11
616 5.86724e-12 3.16184e-11
617 -3.8914e-11 3.34399e-11
618 -2.31346e-11 -1.40754e-11
619 2.55106e-11 -3.72782e-11
620 3.28943e-11 -3.72698e-12
621 -8.838e-12 3.28094e-11
622 -3.43681e-11 1.80409e-11
623 -7.09129e-12 -2.23568e-11
624 2.86509e-11 -2.6533e-11
625 1.91605e-11 9.04596e-12
626 -1.81125e-11 2.84843e-11
627 -2.56085e-11 3.99764e-12
628 5.65409e-12 -2.46182e-11
629 2.61223e-11 -1.42762e-11
630 5.97756e-12 1.66655e-11
631 -2.16081e-11 2.02939e-11
632 -1.47052e-11 -6.82443e-12
633 1.37707e-11 -2.16451e-11
634 1.93897e-11 -2.75521e-12
635 -4.62562e-12 1.8873e-11
636 -1.98581e-11 1.03742e-11
637 -3.94347e-12 -1.31789e-11
638 1.67424e-11 -1.50033e-11
639 1.05071e-11 6.06732e-12
640 -1.12025e-11 1.63416e-11
641 -1.42617e-11 9.86066e-13
642 4.60946e-12 -1.47197e-11
643 1.50427e-11 -6.79263e-12
644 1.73831e-12 1.09166e-11
645 -1.32259e-11 1.05971e-11
646 -6.82867e-12 -5.93127e-12
647 9.55436e-12 -1.21197e-11
648 1.00479e-11 7.73245e-13
649 -4.93801e-12 1.15084e-11
650 -1.12032e-11 3.71111e-12
651 2.66836e-13 -9.22439e-12
652 1.04662e-11 -6.94137e-12
653 3.72607e-12 5.90454e-12
654 -8.27679e-12 8.64172e-12
655 -6.55239e-12 -2.22709e-12
656 5.21083e-12 -8.82269e-12
657 7.99457e-12 -1.20458e-12
658 -1.87076e-12 7.71854e-12
659 -8.07981e-12 3.93867e-12
660 -1.21669e-12 -5.7083e-12
661 7.0307e-12 -5.70922e-12
662 3.65997e-12 3.22933e-12
663 -5.1895e-12 6.43816e-12
664 -5.2338e-12 -7.01848e-13
665 2.94322e-12 -6.20677e-12
666 5.87747e-12 -1.52911e-12
667 -6.62704e-13 5.21239e-12
668 -5.66554e-12 3.2221e-12
669 -1.34961e-12 -3.71562e-12
670 4.77504e-12 -4.25415e-12
671 2.88392e-12 1.99409e-12
672 -3.43605e-12 4.6113e-12
673 -3.83033e-12 -2.98658e-13
674 1.89151e-12 -4.36744e-12
675 4.17707e-12 -1.16961e-12
676 -3.62468e-13 3.65676e-12
677 -3.9871e-12 2.27623e-12
678 -9.71848e-13 -2.64432e-12
679 3.37562e-12 -2.95776e-12
680 1.99362e-12 1.49862e-12
681 -2.48637e-12 3.211e-12
682 -2.64156e-12 -3.70851e-13
683 1.46729e-12 -3.08317e-12
684 2.91e-12 -6.19387e-13
685 -4.50857e-13 2.65554e-12
686 -2.83814e-12 1.38999e-12
687 -4.5572e-13 -2.02627e-12
688 2.49182e-12 -1.89961e-12
689 1.1772e-12 1.29532e-12
690 -1.95586e-12 2.14223e-12
691 -1.67439e-12 -5.55032e-13
692 1.31721e-12 -2.1415e-12
693 1.93812e-12 -1.20765e-13
694 -6.56472e-13 1.94014e-12
695 -1.98376e-12 6.79155e-13
696 3.99822e-14 -1.59256e-12
697 1.84737e-12 -1.08746e-12
698 4.82354e-13 1.15727e-12
699 -1.5727e-12 1.33557e-12
700 -8.81549e-13 -6.89323e-13
701 1.21101e-12 -1.42963e-12
702 1.14297e-12 2.35167e-13
703 -8.08792e-13 1.38832e-12
704 -1.26953e-12 1.68877e-13
705 4.07588e-13 -1.23884e-12
706 1.27576e-12 -4.98022e-13
707 -4.08464e-14 1.01342e-12
708 -1.18351e-12 7.38049e-13
709 -2.66834e-13 -7.42469e-13
710 1.01695e-12 -8.8621e-13
711 5.03024e-13 4.55324e-13
712 -8.04722e-13 9.46818e-13
713 -6.61798e-13 -1.75753e-13
714 5.70101e-13 -9.30271e-13
715 7.44989e-13 -7.64798e-14
716 -3.36686e-13 8.5192e-13
717 -7.61096e-13 2.87895e-13
718 1.21364e-13 -7.27249e-13
719 7.20951e-13 -4.5264e-13
720 6.34443e-14 5.72226e-13
721 -6.37588e-13 5.66923e-13
722 -2.09842e-13 -4.01702e-13
723 5.26159e-13 -6.32588e-13
724 3.14648e-13 2.29874e-13
725 -3.98816e-13 6.53464e-13
726 -3.7756e-13 -6.54689e-14
727 2.68958e-13 -6.36572e-13
728 4.0204e-13 -8.23425e-14
729 -1.44611e-13 5.88094e-13
730 -3.93099e-13 2.09722e-13
731 3.4902e-14 -5.15888e-13
732 3.57732e-13 -3.13407e-13
733 5.55727e-14 4.27281e-13
734 -3.01498e-13 3.92337e-13
735 -1.23453e-13 -3.28392e-13
736 2.32741e-13 -4.46995e-13
737 1.67906e-13 2.25229e-13
738 -1.59589e-13 4.79029e-13
739 -1.88237e-13 -1.22063e-13
740 8.60052e-14 -4.90331e-13
741 1.8686e-13 2.10547e-14
742 -1.89257e-14 4.83668e-13
743 -1.66267e-13 7.40492e-14
744 -3.80003e-14 -4.60739e-13
745 1.30328e-13 -1.62472e-13
746 8.12478e-14 4.23643e-13
747 -8.27412e-14 2.4247e-13
748 -1.08415e-13 -3.73854e-13
749 2.88277e-14 -3.12888e-13
750 1.17274e-13 3.13244e-13
751 2.86588e-14 3.73733e-13
752 -1.08318e-13 -2.42452e-13
753 -8.29529e-14 -4.23879e-13
754 8.12819e-14 1.62545e-13
755 1.29923e-13 4.60427e-13
756 -3.81514e-14 -7.46209e-14
757 -1.66385e-13 -4.83268e-13
758 -1.88068e-14 -2.07191e-14
759 1.8633e-13 4.90314e-13
760 8.66449e-14 1.2172e-13
761 -1.88151e-13 -4.78774e-13
762 -1.59968e-13 -2.25723e-13
763 1.67718e-13 4.46716e-13
764 2.33857e-13 3.28618e-13
765 -1.24286e-13 -3.92261e-13
766 -3.01668e-13 -4.27338e-13
767 5.59204e-14 3.1319e-13
768 3.57243e-13 5.15626e-13
769 3.46671e-14 -2.09272e-13
770 -3.93247e-13 -5.87389e-13
771 -1.44745e-13 8.21534e-14
772 4.02058e-13 6.36227e-13
773 2.68781e-13 6.56081e-14
774 -3.77512e-13 -6.53899e-13
775 -3.99223e-13 -2.29574e-13
776 3.14487e-13 6.32301e-13
777 5.26041e-13 4.01943e-13
778 -2.10128e-13 -5.67172e-13
779 -6.37605e-13 -5.72107e-13
780 6.37109e-14 4.52726e-13
781 7.20633e-13 7.27041e-13
782 1.2135e-13 -2.87807e-13
783 -7.6089e-13 -8.51731e-13
784 -3.36277e-13 7.62485e-14
785 7.44523e-13 9.30357e-13
786 5.69968e-13 1.75789e-13
787 -6.61679e-13 -9.46719e-13
788 -8.04394e-13 -4.55227e-13
789 5.02348e-13 8.86198e-13
790 1.01697e-12 7.41911e-13
791 -2.66978e-13 -7.37758e-13
792 -1.18322e-12 -1.0134e-12
793 -4.09209e-14 4.97731e-13
794 1.2757e-12 1.23931e-12
795 4.07707e-13 -1.69079e-13
796 -1.26968e-12 -1.38794e-12
797 -8.0892e-13 -2.34917e-13
798 1.1429e-12 1.4293e-12
799 1.21107e-12 6.89244e-13
800 -8.80943e-13 -1.33536e-12
801 -1.5733e-12 -1.15765e-12
802 4.82818e-13 1.08791e-12
803 1.84707e-12 1.59298e-12
804 4.00273e-14 -6.79148e-13
805 -1.98414e-12 -1.93976e-12
806 -6.56436e-13 1.20666e-13
807 1.93787e-12 2.14138e-12
808 1.3176e-12 5.54747e-13
809 -1.67442e-12 -2.14225e-12
810 -1.9563e-12 -1.29602e-12
811 1.17771e-12 1.8996e-12
812 2.49157e-12 2.0264e-12
813 -4.55837e-13 -1.39006e-12
814 -2.83756e-12 -2.65564e-12
815 -4.50702e-13 6.19202e-13
816 2.91072e-12 3.08355e-12
817 1.46685e-12 3.70238e-13
818 -2.64195e-12 -3.21062e-12
819 -2.48658e-12 -1.49833e-12
820 1.99386e-12 2.95774e-12
821 3.37605e-12 2.64468e-12
822 -9.72599e-13 -2.27659e-12
823 -3.98679e-12 -3.65687e-12
824 -3.62603e-13 1.16927e-12
825 4.17721e-12 4.36755e-12
826 1.89076e-12 2.98429e-13
827 -3.83047e-12 -4.61125e-12
828 -3.43558e-12 -1.99328e-12
829 2.88351e-12 4.25408e-12
830 4.77518e-12 3.7159e-12
831 -1.3501e-12 -3.2219e-12
832 -5.66568e-12 -5.21266e-12
833 -6.62647e-13 1.52912e-12
834 5.8767e-12 6.20603e-12
835 2.94413e-12 7.02031e-13
836 -5.23402e-12 -6.4379e-12
837 -5.18974e-12 -3.22974e-12
838 3.65955e-12 5.70932e-12
839 7.03081e-12 5.70823e-12
840 -1.21656e-12 -3.93845e-12
841 -8.08009e-12 -7.71835e-12
842 -1.87042e-12 1.20457e-12
843 7.99417e-12 8.82227e-12
844 5.21108e-12 2.22771e-12
845 -6.55237e-12 -8.64205e-12
846 -8.27653e-12 -5.90456e-12
847 3.72594e-12 6.94145e-12
848 1.04663e-11 9.22415e-12
849 2.67745e-13 -3.71092e-12
850 -1.12035e-11 -1.15088e-11
851 -4.93797e-12 -7.73429e-13
852 1.00483e-11 1.21201e-11
853 9.55453e-12 5.93173e-12
854 -6.82877e-12 -1.05971e-11
855 -1.32255e-11 -1.09162e-11
856 1.73851e-12 6.79288e-12
857 1.50423e-11 1.47198e-11
858 4.6099e-12 -9.86213e-13
859 -1.42615e-11 -1.63414e-11
860 -1.12027e-11 -6.0673e-12
861 1.05079e-11 1.50034e-11
862 1.67424e-11 1.31786e-11
863 -3.94354e-12 -1.03738e-11
864 -1.98582e-11 -1.88728e-11
865 -4.62528e-12 2.75537e-12
866 1.93896e-11 2.16447e-11
867 1.37704e-11 6.82462e-12
868 -1.47052e-11 -2.02938e-11
869 -2.16079e-11 -1.66652e-11
870 5.97781e-12 1.4276e-11
871 2.61225e-11 2.4618e-11
872 5.65394e-12 -3.99731e-12
873 -2.56087e-11 -2.84848e-11
874 -1.81116e-11 -9.04537e-12
875 1.91605e-11 2.65332e-11
876 2.86506e-11 2.23567e-11
877 -7.09112e-12 -1.80409e-11
878 -3.43675e-11 -3.28097e-11
879 -8.83853e-12 3.7265e-12
880 3.28939e-11 3.72781e-11
881 2.55103e-11 1.40754e-11
882 -2.31346e-11 -3.34395e-11
883 -3.89139e-11 -3.16179e-11
884 5.86667e-12 2.05783e-11
885 4.49785e-11 4.43777e-11
886 1.60023e-11 -1.75591e-13
887 -4.06499e-11 -4.80745e-11
888 -3.76917e-11 -2.39532e-11
889 2.49658e-11 3.98991e-11
890 5.33973e-11 4.6128e-11
891 1.61923e-13 -1.96515e-11
892 -5.76605e-11 -5.99373e-11
893 -2.97761e-11 -9.56039e-12
894 4.69986e-11 5.98781e-11
895 5.65505e-11 4.14048e-11
896 -2.13923e-11 -4.31741e-11
897 -7.23396e-11 -6.73799e-11
898 -1.48622e-11 1.12524e-11
899 7.03898e-11 7.88125e-11
900 5.3379e-11 2.96583e-11
901 -4.7705e-11 -6.94224e-11
902 -8.32397e-11 -6.92487e-11
903 6.87826e-12 3.78333e-11
904 9.37325e-11 9.53301e-11
905 4.33609e-11 1.08148e-11
906 -7.77686e-11 -9.72051e-11
907 -8.9415e-11 -6.49101e-11
908 3.50072e-11 6.94388e-11
909 1.16013e-10 1.08549e-10
910 2.64035e-11 -1.4896e-11
911 -1.10785e-10 -1.25697e-10
912 -9.04574e-11 -5.42099e-11
913 6.90608e-11 1.05491e-10
914 1.36757e-10 1.18157e-10
915 2.70386e-12 -4.71414e-11
916 -1.46378e-10 -1.54624e-10
917 -8.64752e-11 -3.73776e-11
918 1.08756e-10 1.45791e-10
919 1.56135e-10 1.24451e-10
920 -2.73818e-11 -8.56667e-11
921 -1.84775e-10 -1.84395e-10
922 -7.80841e-11 -1.49489e-11
923 1.5416e-10 1.90691e-10
924 1.75064e-10 1.28378e-10
925 -6.34361e-11 -1.30413e-10
926 -2.26954e-10 -2.16234e-10
927 -6.64219e-11 1.22533e-11
928 2.05814e-10 2.41228e-10
929 1.9531e-10 1.3162e-10
930 -1.04996e-10 -1.81571e-10
931 -2.74767e-10 -2.52308e-10
932 -5.32548e-11 4.30372e-11
933 2.64762e-10 2.99198e-10
934 2.19659e-10 1.36782e-10
935 -1.51429e-10 -2.3951e-10
936 -3.31044e-10 -2.95901e-10
937 -4.12342e-11 7.56083e-11
938 3.32478e-10 3.67171e-10
939 2.52171e-10 1.47689e-10
940 -2.01632e-10 -3.0454e-10
941 -3.99668e-10 -3.51602e-10
942 -3.43213e-11 1.07119e-10
943 4.10611e-10 4.48373e-10
944 2.98512e-10 1.69852e-10
945 -2.53464e-10 -3.76411e-10
946 -4.85543e-10 -4.25487e-10
947 -3.84523e-11 1.32932e-10
948 5.00443e-10 5.46348e-10
949 3.66332e-10 2.11088e-10
950 -3.02817e-10 -4.53448e-10
951 -5.94326e-10 -5.25175e-10
952 -6.24321e-11 1.45547e-10
953 6.01888e-10 6.64184e-10
954 4.65545e-10 2.8219e-10
955 -3.42214e-10 -5.31109e-10
956 -7.31683e-10 -6.59521e-10
957 -1.19003e-10 1.33156e-10
958 7.1179e-10 8.03047e-10
959 6.08259e-10 3.97475e-10
960 -3.58882e-10 -5.99854e-10
961 -9.01684e-10 -8.37572e-10
962 -2.2584e-10 7.79621e-11
963 8.21253e-10 9.59616e-10
964 8.0783e-10 5.74724e-10
965 -3.32356e-10 -6.42173e-10
966 -1.1038e-09 -1.06614e-09
967 -4.05961e-10 -4.53646e-11
968 9.11797e-10 1.12202e-09
969 1.07626e-09 8.33726e-10
970 -2.32073e-10 -6.28992e-10
971 -1.3279e-09 -1.34518e-09
972 -6.86517e-10 -2.70192e-10
973 9.50464e-10 1.26397e-09
974 1.41882e-09 1.19212e-09
975 -1.59695e-11 -5.16201e-10
976 -1.54676e-09 -1.66014e-09
977 -1.09428e-09 -6.35788e-10
978 8.84759e-10 1.3374e-09
979 1.82468e-09 1.65663e-09
980 3.67974e-10 -2.43416e-10
981 -1.70602e-09 -1.97103e-09
982 -1.64504e-09 -1.1805e-09
983 6.4037e-10 1.26413e-09
984 2.25386e-09 2.20636e-09
985 9.75599e-10 2.58992e-10
986 -1.71056e-09 -2.20323e-09
987 -2.31981e-09 -1.93322e-09
988 1.33364e-10 9.20334e-10
989 2.63257e-09 2.75096e-09
990 1.86928e-09 1.02367e-09
991 -1.38382e-09 -2.28346e-09
992 -2.9819e-09 -2.96179e-09
993 -6.26839e-10 2.48151e-11
994 2.96885e-09 2.91725e-09
995 3.29062e-09 1.72459e-09
996 -1.54024e-10 -2.5818e-09
997 -2.84599e-09 -5.01614e-09
998 -7.36518e-10 -2.8778e-09
999 4.50951e-09 4.29076e-10
