0 0.0176246 0.019464
1 -0.00158361 -0.00439905
2 -0.0206612 -0.0285525
3 -0.0396411 -0.0518481
4 -0.0585262 -0.0732624
5 -0.077208 -0.0920564
6 -0.0954123 -0.107872
7 -0.112681 -0.120739
8 -0.128395 -0.130981
9 -0.141837 -0.139059
10 -0.152289 -0.145382
11 -0.159146 -0.150157
12 -0.162028 -0.153312
13 -0.160854 -0.154508
14 -0.155871 -0.153245
15 -0.147613 -0.149011
16 -0.1368 -0.141429
17 -0.124192 -0.130374
18 -0.110437 -0.116019
19 -0.0959483 -0.0988199
20 -0.0808403 -0.079443
21 -0.0649547 -0.0586581
22 -0.0479597 -0.0372272
23 -0.0295051 -0.0158034
24 -0.00938946 0.00514312
25 0.0123107 0.0253618
26 0.0351869 0.0448178
27 0.0585392 0.0636472
28 0.0815014 0.0820795
29 0.103217 0.100341
30 0.12301 0.118556
31 0.140514 0.136673
32 0.155705 0.154428
33 0.168855 0.171361
34 0.180411 0.186888
35 0.190845 0.200415
36 0.200521 0.211468
37 0.209607 0.219809
38 0.218048 0.225501
39 0.225605 0.228911
40 0.231918 0.230625
41 0.236604 0.231309
42 0.239344 0.231543
43 0.239953 0.231669
44 0.238429 0.231714
45 0.234972 0.231395
46 0.229958 0.230223
47 0.223889 0.227665
48 0.217303 0.223321
49 0.210675 0.217065
50 0.204323 0.209104
51 0.198347 0.199932
52 0.192614 0.190216
53 0.186804 0.180622
54 0.180503 0.171664
55 0.173327 0.163593
56 0.165049 0.15637
57 0.155688 0.149721
58 0.145532 0.143236
59 0.135095 0.136503
60 0.125 0.129217
61 0.115823 0.121258
62 0.10794 0.112708
63 0.101426 0.103828
64 0.0960328 0.0949932
65 0.091261 0.0866112
66 0.0865085 0.0790355
67 0.0812498 0.0724952
68 0.0751936 0.0670498
69 0.0683676 0.0625787
70 0.0611082 0.0588091
71 0.0539553 0.055375
72 0.0474912 0.0518991
73 0.0421704 0.0480785
74 0.0381948 0.0437579
75 0.0354679 0.0389716
76 0.0336358 0.0339438
77 0.0321982 0.0290427
78 0.0306515 0.024693
79 0.0286206 0.0212661
80 0.0259442 0.0189722
81 0.0226963 0.0177855
82 0.0191442 0.0174298
83 0.0156622 0.0174351
84 0.0126275 0.0172583
85 0.0103268 0.0164363
86 0.0088922 0.014725
87 0.0082793 0.0121795
88 0.00828603 0.00914516
89 0.00860493 0.00615722
90 0.00889479 0.0037792
91 0.00885581 0.00242918
92 0.00829308 0.00225013
93 0.00715617 0.00306479
94 0.00554787 0.00442885
95 0.00370057 0.00576429
96 0.00192466 0.00653076
97 0.00053824 0.00638209
98 -0.000209025 0.00526167
99 -0.000202084 0.0034102
100 0.000499294 0.00128589
101 0.00165997 -0.000576794
102 0.00291509 -0.00172652
103 0.0038573 -0.00192499
104 0.00414695 -0.00120947
105 0.00361571 0.000128477
106 0.00233005 0.00163862
107 0.00058897 0.00285012
108 -0.00115114 0.00340825
109 -0.00240731 0.00316848
110 -0.00281817 0.00222269
111 -0.00226189 0.000854931
112 -0.000903407 -0.000553951
113 0.000847462 -0.00163989
114 0.00245636 -0.00215263
115 0.00342621 -0.00201111
116 0.00344985 -0.0013073
117 0.0025053 -0.000265277
118 0.000864215 0.000827317
119 -0.00098941 0.00169399
120 -0.00250551 0.00213202
121 -0.0032348 0.00205145
122 -0.00296576 0.00148666
123 -0.00178957 0.00058208
124 -7.25574e-05 -0.000442552
125 0.00165661 -0.00134074
126 0.00287067 -0.00189339
127 0.00320727 -0.00195923
128 0.00258003 -0.00151143
129 0.00120137 -0.000650486
130 -0.00048999 0.000412571
131 -0.00197202 0.00140268
132 -0.00280488 0.00204877
133 -0.00276444 0.00215738
134 -0.00190205 0.00167204
135 -0.000515041 0.000699429
136 0.000957539 -0.000508734
137 0.00207601 -0.00161767
138 0.00253179 -0.00230121
139 0.00223025 -0.00233857
140 0.00130385 -0.00168746
141 5.76247e-05 -0.00050899
142 -0.00113133 0.000867532
143 -0.00192743 0.00203439
144 -0.00212978 0.00262648
145 -0.00171981 0.00243772
146 -0.000853425 0.00149529
147 0.000195973 6.39473e-05
148 0.00112368 -0.00142611
149 0.00168195 -0.0025094
150 0.00174465 -0.00283364
151 0.00133169 -0.00227786
152 0.000589903 -0.000999068
153 -0.000259193 0.000611035
154 -0.000985983 0.00204761
155 -0.00141305 0.00285376
156 -0.00145388 0.00276845
157 -0.00112365 0.00181231
158 -0.00052482 0.000283045
159 0.000184372 -0.00133822
160 0.000828667 -0.00253952
161 0.00125389 -0.0029406
162 0.00135875 -0.00241402
163 0.00111637 -0.00112632
164 0.000582101 0.000513893
165 -0.00011528 0.00198517
166 -0.000799859 0.00281931
167 -0.00128933 0.0027518
168 -0.00144226 0.00180785
169 -0.00119981 0.00029506
170 -0.000609296 -0.00129612
171 0.000180244 -0.00245261
172 0.000952527 -0.00280668
173 0.00148189 -0.00225543
174 0.00159941 -0.000991663
175 0.00124786 0.000563709
176 0.000507317 0.00190373
177 -0.000419298 0.00260283
178 -0.00125986 0.00245306
179 -0.0017525 0.00152524
180 -0.00172782 0.000137506
181 -0.00116801 -0.00125453
182 -0.000222062 -0.00220764
183 0.000831268 -0.00243142
184 0.00166469 -0.00187569
185 0.00200457 -0.000739319
186 0.00172205 0.00059949
187 0.000882403 0.00170784
188 -0.000266533 0.00223741
189 -0.00136652 0.00203427
190 -0.00206114 0.00118445
191 -0.0021127 -1.8947e-05
192 -0.00148487 -0.00117588
193 -0.000361892 -0.00191295
194 0.000904576 -0.00200553
195 0.00190609 -0.00144734
196 0.00231032 -0.000445113
197 0.00197256 0.000657726
198 0.000987993 0.00149992
199 -0.000334325 0.00182167
200 -0.00156876 0.00154426
201 -0.00231087 0.000786018
202 -0.00231071 -0.000186652
203 -0.00155741 -0.00105277
204 -0.000286552 -0.00154179
205 0.00109335 -0.00151633
206 0.00213218 -0.00100859
207 0.00248526 -0.000202062
208 0.0020282 0.0006328
209 0.000901187 0.00122749
210 -0.000533091 0.00140072
211 -0.00180573 0.0011137
212 -0.00249521 0.000478382
213 -0.00236789 -0.00028359
214 -0.00145829 -0.000917233
215 -6.0947e-05 -0.00122004
216 0.00136484 -0.00110783
217 0.00234666 -0.000638271
218 0.00255663 1.48885e-05
219 0.00192168 0.000626139
220 0.000649265 0.000996762
221 -0.000840816 0.00101955
222 -0.00205559 0.000708395
223 -0.00259257 0.000185394
224 -0.00227326 -0.00036652
225 -0.00120228 -0.00076686
226 0.000267242 -0.00089506
227 0.00165019 -0.000724788
228 0.00248936 -0.000326678
229 0.00250628 0.000158967
230 0.00169345 0.000569587
231 0.000317808 0.000773002
232 -0.00116627 0.000709266
233 -0.00226649 0.000408857
234 -0.00261583 -1.88884e-05
235 -0.00209557 -0.000423822
236 -0.000876478 -0.000667133
237 0.000636552 -0.000669562
238 0.00193899 -0.000438291
239 0.00259553 -6.2556e-05
240 0.00238648 0.000320316
241 0.00138172 0.000575392
242 -8.27891e-05 0.00061801
243 -0.001518 0.000441566
244 -0.00244576 0.000116192
245 -0.00255831 -0.00023934
246 -0.00181997 -0.000500722
247 -0.000477807 -0.000580391
248 0.00102153 -0.000455148
249 0.00218035 -0.000171483
250 0.00261456 0.000171483
251 0.00218035 0.000455148
252 0.00102153 0.000580391
253 -0.000477807 0.000500722
254 -0.00181997 0.00023934
255 -0.00255831 -0.000116192
256 -0.00244576 -0.000441566
257 -0.001518 -0.00061801
258 -8.27891e-05 -0.000575392
259 0.00138172 -0.000320316
260 0.00238648 6.2556e-05
261 0.00259553 0.000438291
262 0.00193899 0.000669562
263 0.000636552 0.000667133
264 -0.000876478 0.000423822
265 -0.00209557 1.88884e-05
266 -0.00261583 -0.000408857
267 -0.00226649 -0.000709266
268 -0.00116627 -0.000773002
269 0.000317808 -0.000569587
270 0.00169345 -0.000158967
271 0.00250628 0.000326678
272 0.00248936 0.000724788
273 0.00165019 0.00089506
274 0.000267242 0.00076686
275 -0.00120228 0.00036652
276 -0.00227326 -0.000185394
277 -0.00259257 -0.000708395
278 -0.00205559 -0.00101955
279 -0.000840816 -0.000996762
280 0.000649265 -0.000626139
281 0.00192168 -1.48885e-05
282 0.00255663 0.000638271
283 0.00234666 0.00110783
284 0.00136484 0.00122004
285 -6.0947e-05 0.000917233
286 -0.00145829 0.00028359
287 -0.00236789 -0.000478382
288 -0.00249521 -0.0011137
289 -0.00180573 -0.00140072
290 -0.000533091 -0.00122749
291 0.000901187 -0.0006328
292 0.0020282 0.000202062
293 0.00248526 0.00100859
294 0.00213218 0.00151633
295 0.00109335 0.00154179
296 -0.000286552 0.00105277
297 -0.00155741 0.000186652
298 -0.00231071 -0.000786018
299 -0.00231087 -0.00154426
300 -0.00156876 -0.00182167
301 -0.000334325 -0.00149992
302 0.000987993 -0.000657726
303 0.00197256 0.000445113
304 0.00231032 0.00144734
305 0.00190609 0.00200553
306 0.000904576 0.00191295
307 -0.000361892 0.00117588
308 -0.00148487 1.8947e-05
309 -0.0021127 -0.00118445
310 -0.00206114 -0.00203427
311 -0.00136652 -0.00223741
312 -0.000266533 -0.00170784
313 0.000882403 -0.00059949
314 0.00172205 0.000739319
315 0.00200457 0.00187569
316 0.00166469 0.00243142
317 0.000831268 0.00220764
318 -0.000222062 0.00125453
319 -0.00116801 -0.000137506
320 -0.00172782 -0.00152524
321 -0.0017525 -0.00245306
322 -0.00125986 -0.00260283
323 -0.000419298 -0.00190373
324 0.000507317 -0.000563709
325 0.00124786 0.000991663
326 0.00159941 0.00225543
327 0.00148189 0.00280668
328 0.000952527 0.00245261
329 0.000180244 0.00129612
330 -0.000609296 -0.00029506
331 -0.00119981 -0.00180785
332 -0.00144226 -0.0027518
333 -0.00128933 -0.00281931
334 -0.000799859 -0.00198517
335 -0.00011528 -0.000513893
336 0.000582101 0.00112632
337 0.00111637 0.00241402
338 0.00135875 0.0029406
339 0.00125389 0.00253952
340 0.000828667 0.00133822
341 0.000184372 -0.000283045
342 -0.00052482 -0.00181231
343 -0.00112365 -0.00276845
344 -0.00145388 -0.00285376
345 -0.00141305 -0.00204761
346 -0.000985983 -0.000611035
347 -0.000259193 0.000999068
348 0.000589903 0.00227786
349 0.00133169 0.00283364
350 0.00174465 0.0025094
351 0.00168195 0.00142611
352 0.00112368 -6.39473e-05
353 0.000195973 -0.00149529
354 -0.000853425 -0.00243772
355 -0.00171981 -0.00262648
356 -0.00212978 -0.00203439
357 -0.00192743 -0.000867532
358 -0.00113133 0.00050899
359 5.76247e-05 0.00168746
360 0.00130385 0.00233857
361 0.00223025 0.00230121
362 0.00253179 0.00161767
363 0.00207601 0.000508734
364 0.000957539 -0.000699429
365 -0.000515041 -0.00167204
366 -0.00190205 -0.00215738
367 -0.00276444 -0.00204877
368 -0.00280488 -0.00140268
369 -0.00197202 -0.000412571
370 -0.00048999 0.000650486
371 0.00120137 0.00151143
372 0.00258003 0.00195923
373 0.00320727 0.00189339
374 0.00287067 0.00134074
375 0.00165661 0.000442552
376 -7.25574e-05 -0.00058208
377 -0.00178957 -0.00148666
378 -0.00296576 -0.00205145
379 -0.0032348 -0.00213202
380 -0.00250551 -0.00169399
381 -0.00098941 -0.000827317
382 0.000864215 0.000265277
383 0.0025053 0.0013073
384 0.00344985 0.00201111
385 0.00342621 0.00215263
386 0.00245636 0.00163989
387 0.000847462 0.000553951
388 -0.000903407 -0.000854931
389 -0.00226189 -0.00222269
390 -0.00281817 -0.00316848
391 -0.00240731 -0.00340825
392 -0.00115114 -0.00285012
393 0.00058897 -0.00163862
394 0.00233005 -0.000128477
395 0.00361571 0.00120947
396 0.00414695 0.00192499
397 0.0038573 0.00172652
398 0.00291509 0.000576794
399 0.00165997 -0.00128589
400 0.000499294 -0.0034102
401 -0.000202084 -0.00526167
402 -0.000209025 -0.00638209
403 0.00053824 -0.00653076
404 0.00192466 -0.00576429
405 0.00370057 -0.00442885
406 0.00554787 -0.00306479
407 0.00715617 -0.00225013
408 0.00829308 -0.00242918
409 0.00885581 -0.0037792
410 0.00889479 -0.00615722
411 0.00860493 -0.00914516
412 0.00828603 -0.0121795
413 0.0082793 -0.014725
414 0.0088922 -0.0164363
415 0.0103268 -0.0172583
416 0.0126275 -0.0174351
417 0.0156622 -0.0174298
418 0.0191442 -0.0177855
419 0.0226963 -0.0189722
420 0.0259442 -0.0212661
421 0.0286206 -0.024693
422 0.0306515 -0.0290427
423 0.0321982 -0.0339438
424 0.0336358 -0.0389716
425 0.0354679 -0.0437579
426 0.0381948 -0.0480785
427 0.0421704 -0.0518991
428 0.0474912 -0.055375
429 0.0539553 -0.0588091
430 0.0611082 -0.0625787
431 0.0683676 -0.0670498
432 0.0751936 -0.0724952
433 0.0812498 -0.0790355
434 0.0865085 -0.0866112
435 0.091261 -0.0949932
436 0.0960328 -0.103828
437 0.101426 -0.112708
438 0.10794 -0.121258
439 0.115823 -0.129217
440 0.125 -0.136503
441 0.135095 -0.143236
442 0.145532 -0.149721
443 0.155688 -0.15637
444 0.165049 -0.163593
445 0.173327 -0.171664
446 0.180503 -0.180622
447 0.186804 -0.190216
448 0.192614 -0.199932
449 0.198347 -0.209104
450 0.204323 -0.217065
451 0.210675 -0.223321
452 0.217303 -0.227665
453 0.223889 -0.230223
454 0.229958 -0.231395
455 0.234972 -0.231714
456 0.238429 -0.231669
457 0.239953 -0.231543
458 0.239344 -0.231309
459 0.236604 -0.230625
460 0.231918 -0.228911
461 0.225605 -0.225501
462 0.218048 -0.219809
463 0.209607 -0.211468
464 0.200521 -0.200415
465 0.190845 -0.186888
466 0.180411 -0.171361
467 0.168855 -0.154428
468 0.155705 -0.136673
469 0.140514 -0.118556
470 0.12301 -0.100341
471 0.103217 -0.0820795
472 0.0815014 -0.0636472
473 0.0585392 -0.0448178
474 0.0351869 -0.0253618
475 0.0123107 -0.00514312
476 -0.00938946 0.0158034
477 -0.0295051 0.0372272
478 -0.0479597 0.0586581
479 -0.0649547 0.079443
480 -0.0808403 0.0988199
481 -0.0959483 0.116019
482 -0.110437 0.130374
483 -0.124192 0.141429
484 -0.1368 0.149011
485 -0.147613 0.153245
486 -0.155871 0.154508
487 -0.160854 0.153312
488 -0.162028 0.150157
489 -0.159146 0.145382
490 -0.152289 0.139059
491 -0.141837 0.130981
492 -0.128395 0.120739
493 -0.112681 0.107872
494 -0.0954123 0.0920564
495 -0.077208 0.0732624
496 -0.0585262 0.0518481
497 -0.0396411 0.0285525
498 -0.0206612 0.00439905
499 -0.00158361 -0.019464
500 0.0176246 -0.0419414
501 0.0369312 -0.0621435
502 0.0561475 -0.079481
503 0.0748615 -0.0936879
504 0.0924162 -0.104777
505 0.10795 -0.112946
506 0.120502 -0.118465
507 0.129163 -0.12157
508 0.133253 -0.122376
509 0.132457 -0.120848
510 0.126905 -0.116802
511 0.117153 -0.109959
512 0.104065 -0.100035
513 0.0886369 -0.0868369
514 0.0718043 -0.0703718
515 0.0542898 -0.0509268
516 0.0365287 -0.0291121
517 0.0186888 -0.00584912
518 0.000768235 0.0176999
519 -0.0172648 0.0402564
520 -0.0353325 0.0605841
521 -0.053147 0.0776525
522 -0.0701706 0.0907696
523 -0.0856411 0.0996532
524 -0.0986537 0.10442
525 -0.10828 0.105493
526 -0.113699 0.103447
527 -0.114326 0.0988407
528 -0.109908 0.0920693
529 -0.100583 0.0832941
530 -0.0868795 0.0724592
531 -0.0696712 0.0593934
532 -0.0500738 0.0439631
533 -0.0293124 0.0262293
534 -0.00857261 0.00656234
535 0.011135 -0.0143178
536 0.0290724 -0.0353818
537 0.0448124 -0.0553988
538 0.0582105 -0.0730823
539 0.0693139 -0.0872441
540 0.0782333 -0.0969302
541 0.0850085 -0.101525
542 0.0895088 -0.100814
543 0.0913974 -0.0950041
544 0.0901783 -0.0846951
545 0.0853158 -0.0708014
546 0.0764014 -0.0544321
547 0.0633218 -0.0367415
548 0.0463843 -0.0187787
549 0.0263617 -0.00136839
550 0.00444335 0.0149487
551 -0.0178979 0.0299004
552 -0.039091 0.0433976
553 -0.0576639 0.0554049
554 -0.0724123 0.0658056
555 -0.0825146 0.0743044
556 -0.0875835 0.0803984
557 -0.0876581 0.0834295
558 -0.0831507 0.0827071
559 -0.0747595 0.0776731
560 -0.063361 0.068067
561 -0.0498906 0.054051
562 -0.0352269 0.0362667
563 -0.0200957 0.0158068
564 -0.00501697 -0.00588885
565 0.00969045 -0.0271963
566 0.0238428 -0.0464973
567 0.0372792 -0.0623658
568 0.0497375 -0.0737212
569 0.0607601 -0.0799307
570 0.0696673 -0.0808476
571 0.0756155 -0.0767883
572 0.0777345 -0.0684532
573 0.075309 -0.0568087
574 0.0679607 -0.0429464
575 0.0557838 -0.0279416
576 0.0394015 -0.0127322
577 0.0199315 0.00196323
578 -0.00112943 0.0156719
579 -0.0220784 0.0281338
580 -0.0412048 0.0392159
581 -0.0569829 0.0487965
582 -0.0682336 0.0566559
583 -0.0742386 0.0624084
584 -0.0747943 0.0655059
585 -0.0702042 0.0653214
586 -0.0612103 0.0612939
587 -0.0488741 0.0531005
588 -0.0344231 0.0408052
589 -0.0190875 0.024946
590 -0.0039538 0.00653453
591 0.0101384 -0.0130301
592 0.0226381 -0.0321148
593 0.0332599 -0.0490411
594 0.0419055 -0.0622779
595 0.0485556 -0.0706131
596 0.0531627 -0.0732876
597 0.0555779 -0.0700826
598 0.0555317 -0.0613523
599 0.0526803 -0.0479944
600 0.0467064 -0.0313547
601 0.0374519 -0.0130682
602 0.0250474 0.00514567
603 0.0100039 0.021703
604 -0.00676164 0.0353499
605 -0.0239784 0.0452908
606 -0.0401473 0.0512272
607 -0.0537159 0.0533017
608 -0.0632744 0.0519715
609 -0.0677378 0.0478504
610 -0.0664929 0.0415628
611 -0.0594896 0.0336451
612 -0.0472712 0.0245094
613 -0.0309373 0.0144638
614 -0.0120418 0.0037712
615 0.00757077 -0.00728118
616 0.0259765 -0.018321
617 0.0414063 -0.0288543
618 0.0524684 -0.0382601
619 0.0583188 -0.0458156
620 0.0587473 -0.0507541
621 0.0541603 -0.0523529
622 0.0454664 -0.0500443
623 0.0338928 -0.0435382
624 0.0207769 -0.0329354
625 0.00737726 -0.0188036
626 -0.0052602 -0.00219267
627 -0.0163675 0.0154295
628 -0.0254561 0.032321
629 -0.032276 0.0466745
630 -0.0367557 0.0568578
631 -0.0389423 0.0616454
632 -0.0389512 0.0604013
633 -0.0369262 0.0531811
634 -0.0330115 0.0407352
635 -0.0273373 0.0244157
636 -0.0200271 0.00600303
637 -0.0112325 -0.0125202
638 -0.00119507 -0.0292126
639 0.00968148 -0.0424024
640 0.0207724 -0.0508715
641 0.0312184 -0.0539759
642 0.0399792 -0.0516907
643 0.0459577 -0.0445787
644 0.0481759 -0.0336896
645 0.0459639 -0.0204056
646 0.0391192 -0.0062543
647 0.027996 0.00728519
648 0.0135073 0.0189559
649 -0.00296293 0.0278524
650 -0.0197161 0.0334891
651 -0.0349385 0.0357988
652 -0.046914 0.0350685
653 -0.0542274 0.0318278
654 -0.0559391 0.026719
655 -0.0517146 0.020377
656 -0.0418947 0.0133451
657 -0.0274888 0.00604013
658 -0.0100821 -0.00123449
659 0.008343 -0.00824307
660 0.025654 -0.0147615
661 0.0398493 -0.0205322
662 0.0493274 -0.0252446
663 0.0530968 -0.0285437
664 0.0508928 -0.0300637
665 0.0431842 -0.0294765
666 0.0310779 -0.0265489
667 0.0161445 -0.0212027
668 0.000198756 -0.013572
669 -0.01493 -0.00405083
670 -0.0276107 0.00668281
671 -0.036585 0.0176811
672 -0.0410896 0.0277929
673 -0.0409168 0.035787
674 -0.0364092 0.0405213
675 -0.0283875 0.0411304
676 -0.0180204 0.0371955
677 -0.00665406 0.0288571
678 0.00437383 0.0168428
679 0.013905 0.00239991
680 0.0210905 -0.0128539
681 0.0254605 -0.027135
682 0.0269296 -0.0387181
683 0.0257451 -0.0461489
684 0.0223968 -0.0484221
685 0.0175095 -0.0451107
686 0.0117405 -0.036438
687 0.00569736 -0.0232833
688 -0.000116884 -0.00711269
689 -0.00532902 0.0101704
690 -0.00969554 0.0264494
691 -0.0130838 0.0396701
692 -0.0154416 0.0481275
693 -0.0167637 0.0507154
694 -0.0170612 0.0470901
695 -0.0163421 0.0377195
696 -0.0146066 0.0238094
697 -0.0118597 0.00712729
698 -0.00813957 -0.0102418
699 -0.00355341 -0.0261651
700 0.00168743 -0.0387202
701 0.00724599 -0.0464155
702 0.012661 -0.0483562
703 0.0173776 -0.0443463
704 0.0208062 -0.0349179
705 0.0224046 -0.0212792
706 0.0217691 -0.00517757
707 0.01872 0.0113176
708 0.0133627 0.0260888
709 0.00611228 0.0372632
710 -0.00232912 0.0434733
711 -0.0110404 0.0440399
712 -0.0189884 0.0390452
713 -0.0251578 0.0292894
714 -0.0286862 0.0161482
715 -0.0289868 0.00136645
716 -0.0258401 -0.0131748
717 -0.0194454 -0.025686
718 -0.0104215 -0.0346695
719 0.00024545 -0.0390834
720 0.0113052 -0.0384569
721 0.0213896 -0.0329495
722 0.0291859 -0.0233406
723 0.0336149 -0.0109383
724 0.0339898 0.00258777
725 0.0301272 0.0154362
726 0.022393 0.0259283
727 0.0116714 0.0327446
728 -0.000740877 0.0351008
729 -0.0132995 0.0328341
730 -0.0244127 0.0263912
731 -0.0326485 0.0167336
732 -0.0369197 0.00518477
733 -0.0366249 -0.00674807
734 -0.0317293 -0.0175551
735 -0.0227771 -0.0258923
736 -0.0108351 -0.0307306
737 0.00262983 -0.0314771
738 0.0159261 -0.0280573
739 0.0273503 -0.020942
740 0.0354102 -0.0111011
741 0.0390288 0.000118991
742 0.0376974 0.0111839
743 0.0315525 0.0205946
744 0.0213624 0.0271048
745 0.00842509 0.0298919
746 -0.0056061 0.0286542
747 -0.0189415 0.0236247
748 -0.0298872 0.0155144
749 -0.0370594 0.00540251
750 -0.0395547 -0.00540251
751 -0.0370594 -0.0155144
752 -0.0298872 -0.0236247
753 -0.0189415 -0.0286542
754 -0.0056061 -0.0298919
755 0.00842509 -0.0271048
756 0.0213624 -0.0205946
757 0.0315525 -0.0111839
758 0.0376974 -0.000118991
759 0.0390288 0.0111011
760 0.0354102 0.020942
761 0.0273503 0.0280573
762 0.0159261 0.0314771
763 0.00262983 0.0307306
764 -0.0108351 0.0258923
765 -0.0227771 0.0175551
766 -0.0317293 0.00674807
767 -0.0366249 -0.00518477
768 -0.0369197 -0.0167336
769 -0.0326485 -0.0263912
770 -0.0244127 -0.0328341
771 -0.0132995 -0.0351008
772 -0.000740877 -0.0327446
773 0.0116714 -0.0259283
774 0.022393 -0.0154362
775 0.0301272 -0.00258777
776 0.0339898 0.0109383
777 0.0336149 0.0233406
778 0.0291859 0.0329495
779 0.0213896 0.0384569
780 0.0113052 0.0390834
781 0.00024545 0.0346695
782 -0.0104215 0.025686
783 -0.0194454 0.0131748
784 -0.0258401 -0.00136645
785 -0.0289868 -0.0161482
786 -0.0286862 -0.0292894
787 -0.0251578 -0.0390452
788 -0.0189884 -0.0440399
789 -0.0110404 -0.0434733
790 -0.00232912 -0.0372632
791 0.00611228 -0.0260888
792 0.0133627 -0.0113176
793 0.01872 0.00517757
794 0.0217691 0.0212792
795 0.0224046 0.0349179
796 0.0208062 0.0443463
797 0.0173776 0.0483562
798 0.012661 0.0464155
799 0.00724599 0.0387202
800 0.00168743 0.0261651
801 -0.00355341 0.0102418
802 -0.00813957 -0.00712729
803 -0.0118597 -0.0238094
804 -0.0146066 -0.0377195
805 -0.0163421 -0.0470901
806 -0.0170612 -0.0507154
807 -0.0167637 -0.0481275
808 -0.0154416 -0.0396701
809 -0.0130838 -0.0264494
810 -0.00969554 -0.0101704
811 -0.00532902 0.00711269
812 -0.000116884 0.0232833
813 0.00569736 0.036438
814 0.0117405 0.0451107
815 0.0175095 0.0484221
816 0.0223968 0.0461489
817 0.0257451 0.0387181
818 0.0269296 0.027135
819 0.0254605 0.0128539
820 0.0210905 -0.00239991
821 0.013905 -0.0168428
822 0.00437383 -0.0288571
823 -0.00665406 -0.0371955
824 -0.0180204 -0.0411304
825 -0.0283875 -0.0405213
826 -0.0364092 -0.035787
827 -0.0409168 -0.0277929
828 -0.0410896 -0.0176811
829 -0.036585 -0.00668281
830 -0.0276107 0.00405083
831 -0.01493 0.013572
832 0.000198756 0.0212027
833 0.0161445 0.0265489
834 0.0310779 0.0294765
835 0.0431842 0.0300637
836 0.0508928 0.0285437
837 0.0530968 0.0252446
838 0.0493274 0.0205322
839 0.0398493 0.0147615
840 0.025654 0.00824307
841 0.008343 0.00123449
842 -0.0100821 -0.00604013
843 -0.0274888 -0.0133451
844 -0.0418947 -0.020377
845 -0.0517146 -0.026719
846 -0.0559391 -0.0318278
847 -0.0542274 -0.0350685
848 -0.046914 -0.0357988
849 -0.0349385 -0.0334891
850 -0.0197161 -0.0278524
851 -0.00296293 -0.0189559
852 0.0135073 -0.00728519
853 0.027996 0.0062543
854 0.0391192 0.0204056
855 0.0459639 0.0336896
856 0.0481759 0.0445787
857 0.0459577 0.0516907
858 0.0399792 0.0539759
859 0.0312184 0.0508715
860 0.0207724 0.0424024
861 0.00968148 0.0292126
862 -0.00119507 0.0125202
863 -0.0112325 -0.00600303
864 -0.0200271 -0.0244157
865 -0.0273373 -0.0407352
866 -0.0330115 -0.0531811
867 -0.0369262 -0.0604013
868 -0.0389512 -0.0616454
869 -0.0389423 -0.0568578
870 -0.0367557 -0.0466745
871 -0.032276 -0.032321
872 -0.0254561 -0.0154295
873 -0.0163675 0.00219267
874 -0.0052602 0.0188036
875 0.00737726 0.0329354
876 0.0207769 0.0435382
877 0.0338928 0.0500443
878 0.0454664 0.0523529
879 0.0541603 0.0507541
880 0.0587473 0.0458156
881 0.0583188 0.0382601
882 0.0524684 0.0288543
883 0.0414063 0.018321
884 0.0259765 0.00728118
885 0.00757077 -0.0037712
886 -0.0120418 -0.0144638
887 -0.0309373 -0.0245094
888 -0.0472712 -0.0336451
889 -0.0594896 -0.0415628
890 -0.0664929 -0.0478504
891 -0.0677378 -0.0519715
892 -0.0632744 -0.0533017
893 -0.0537159 -0.0512272
894 -0.0401473 -0.0452908
895 -0.0239784 -0.0353499
896 -0.00676164 -0.021703
897 0.0100039 -0.00514567
898 0.0250474 0.0130682
899 0.0374519 0.0313547
900 0.0467064 0.0479944
901 0.0526803 0.0613523
902 0.0555317 0.0700826
903 0.0555779 0.0732876
904 0.0531627 0.0706131
905 0.0485556 0.0622779
906 0.0419055 0.0490411
907 0.0332599 0.0321148
908 0.0226381 0.0130301
909 0.0101384 -0.00653453
910 -0.0039538 -0.024946
911 -0.0190875 -0.0408052
912 -0.0344231 -0.0531005
913 -0.0488741 -0.0612939
914 -0.0612103 -0.0653214
915 -0.0702042 -0.0655059
916 -0.0747943 -0.0624084
917 -0.0742386 -0.0566559
918 -0.0682336 -0.0487965
919 -0.0569829 -0.0392159
920 -0.0412048 -0.0281338
921 -0.0220784 -0.0156719
922 -0.00112943 -0.00196323
923 0.0199315 0.0127322
924 0.0394015 0.0279416
925 0.0557838 0.0429464
926 0.0679607 0.0568087
927 0.075309 0.0684532
928 0.0777345 0.0767883
929 0.0756155 0.0808476
930 0.0696673 0.0799307
931 0.0607601 0.0737212
932 0.0497375 0.0623658
933 0.0372792 0.0464973
934 0.0238428 0.0271963
935 0.00969045 0.00588885
936 -0.00501697 -0.0158068
937 -0.0200957 -0.0362667
938 -0.0352269 -0.054051
939 -0.0498906 -0.068067
940 -0.063361 -0.0776731
941 -0.0747595 -0.0827071
942 -0.0831507 -0.0834295
943 -0.0876581 -0.0803984
944 -0.0875835 -0.0743044
945 -0.0825146 -0.0658056
946 -0.0724123 -0.0554049
947 -0.0576639 -0.0433976
948 -0.039091 -0.0299004
949 -0.0178979 -0.0149487
950 0.00444335 0.00136839
951 0.0263617 0.0187787
952 0.0463843 0.0367415
953 0.0633218 0.0544321
954 0.0764014 0.0708014
955 0.0853158 0.0846951
956 0.0901783 0.0950041
957 0.0913974 0.100814
958 0.0895088 0.101525
959 0.0850085 0.0969302
960 0.0782333 0.0872441
961 0.0693139 0.0730823
962 0.0582105 0.0553988
963 0.0448124 0.0353818
964 0.0290724 0.0143178
965 0.011135 -0.00656234
966 -0.00857261 -0.0262293
967 -0.0293124 -0.0439631
968 -0.0500738 -0.0593934
969 -0.0696712 -0.0724592
970 -0.0868795 -0.0832941
971 -0.100583 -0.0920693
972 -0.109908 -0.0988407
973 -0.114326 -0.103447
974 -0.113699 -0.105493
975 -0.10828 -0.10442
976 -0.0986537 -0.0996532
977 -0.0856411 -0.0907696
978 -0.0701706 -0.0776525
979 -0.053147 -0.0605841
980 -0.0353325 -0.0402564
981 -0.0172648 -0.0176999
982 0.000768235 0.00584912
983 0.0186888 0.0291121
984 0.0365287 0.0509268
985 0.0542898 0.0703718
986 0.0718043 0.0868369
987 0.0886369 0.100035
988 0.104065 0.109959
989 0.117153 0.116802
990 0.126905 0.120848
991 0.132457 0.122376
992 0.133253 0.12157
993 0.129163 0.118465
994 0.120502 0.112946
995 0.10795 0.104777
996 0.0924162 0.0936879
997 0.0748615 0.079481
998 0.0561475 0.0621435
999 0.0369312 0.0419414
