0 -0.0656591 0.0836101
1 -0.0796382 0.0968478
2 -0.0915411 0.105677
3 -0.100987 0.109916
4 -0.107447 0.109719
5 -0.110304 0.105493
6 -0.108973 0.0977828
7 -0.103052 0.0871748
8 -0.0924635 0.0742112
9 -0.077544 0.0593462
10 -0.0590619 0.0429383
11 -0.0381392 0.0252807
12 -0.0161016 0.00666234
13 0.00571275 -0.0125533
14 0.0261342 -0.0318509
15 0.0442902 -0.0505132
16 0.0596516 -0.0676205
17 0.0719922 -0.0821151
18 0.0812869 -0.0929274
19 0.0875853 -0.0991417
20 0.0909036 -0.100162
21 0.0911674 -0.0958388
22 0.0882159 -0.0865129
23 0.0818617 -0.0729727
24 0.071984 -0.0563249
25 0.0586297 -0.0378161
26 0.0420983 -0.0186489
27 0.0229921 0.000164305
28 0.00222332 0.0178778
29 -0.019029 0.0340099
30 -0.0394121 0.0482723
31 -0.0575344 0.0604628
32 -0.0721274 0.0703572
33 -0.0822072 0.0776382
34 -0.0872041 0.0818825
35 -0.0870291 0.0826119
36 -0.0820578 0.0793937
37 -0.0730332 0.0719641
38 -0.0609097 0.0603435
39 -0.0466777 0.0449159
40 -0.0312173 0.0264549
41 -0.0152148 0.00608891
42 0.000840278 -0.0147893
43 0.0165868 -0.0346598
44 0.0316838 -0.0520406
45 0.0457032 -0.0656598
46 0.0580632 -0.0746068
47 0.0680256 -0.0784368
48 0.0747648 -0.0772046
49 0.0774914 -0.0714162
50 0.0756031 -0.0619085
51 0.0688284 -0.0496806
52 0.0573309 -0.0357217
53 0.0417496 -0.0208781
54 0.0231668 -0.00579186
55 0.00300589 0.00907776
56 -0.0171241 0.0233692
57 -0.0356123 0.0367058
58 -0.0510307 0.0486015
59 -0.0622911 0.0584219
60 -0.0687523 0.0654179
61 -0.0702619 0.0688253
62 -0.0671269 0.0680052
63 -0.0600197 0.0625889
64 -0.0498373 0.0525951
65 -0.0375433 0.038495
66 -0.0240282 0.0212139
67 -0.01002 0.00206761
68 0.00393579 -0.0173604
69 0.0174277 -0.0353865
70 0.0300835 -0.0504215
71 0.0414684 -0.0611647
72 0.0510181 -0.0667676
73 0.0580366 -0.0669367
74 0.0617703 -0.0619524
75 0.0615414 -0.052599
76 0.056907 -0.0400192
77 0.0478022 -0.025523
78 0.0346288 -0.010395
79 0.0182706 0.0042614
80 2.91875e-05 0.0176128
81 -0.0185055 0.0291088
82 -0.0356301 0.0384295
83 -0.0497243 0.0453945
84 -0.0594437 0.049868
85 -0.0638878 0.0516935
86 -0.0627173 0.0506789
87 -0.0562018 0.0466366
88 -0.0451815 0.039468
89 -0.0309435 0.0292665
90 -0.0150296 0.0164091
91 0.000988644 0.0016089
92 0.0157212 -0.0140895
93 0.0281141 -0.0293791
94 0.0375194 -0.0428167
95 0.0436768 -0.0529913
96 0.0466269 -0.0587098
97 0.0465929 -0.0591751
98 0.043869 -0.0541265
99 0.0387467 -0.0439185
100 0.0314919 -0.0295167
101 0.0223688 -0.0124042
102 0.0116943 0.00559748
103 -9.93331e-05 0.0225679
104 -0.0124157 0.0367497
105 -0.0244772 0.0467856
106 -0.035349 0.0518845
107 -0.0440085 0.0518871
108 -0.0494566 0.0472246
109 -0.0508573 0.0387867
110 -0.0476881 0.0277389
111 -0.0398719 0.0153309
112 -0.0278644 0.00273594
113 -0.0126686 -0.00905841
114 0.00423639 -0.0193029
115 0.0210545 -0.027492
116 0.0358989 -0.0333369
117 0.0470516 -0.0367203
118 0.0532119 -0.0376455
119 0.0536883 -0.0361876
120 0.0484985 -0.0324581
121 0.0383606 -0.0265935
122 0.0245776 -0.0187738
123 0.00883951 -0.00927215
124 -0.00702064 0.00147939
125 -0.0212746 0.0128316
126 -0.0325106 0.0238985
127 -0.0397806 0.0336015
128 -0.0426689 0.0407851
129 -0.0412828 0.0443901
130 -0.0361763 0.0436503
131 -0.0282266 0.0382668
132 -0.0184871 0.0285169
133 -0.00803649 0.0152703
134 0.00215111 -9.25018e-05
135 0.0113006 -0.0158459
136 0.0188802 -0.030139
137 0.0245932 -0.041237
138 0.0283255 -0.047751
139 0.0300691 -0.0488284
140 0.0298485 -0.0442809
141 0.0276782 -0.0346294
142 0.0235664 -0.0210545
143 0.0175652 -0.00525079
144 0.009849 0.0108013
145 0.000790789 0.0251137
146 -0.00899442 0.0359731
147 -0.0186613 0.042179
148 -0.0272066 0.0431942
149 -0.0335913 0.0391851
150 -0.0368894 0.0309514
151 -0.0364372 0.0197668
152 -0.0319579 0.00716567
153 -0.0236448 -0.00528298
154 -0.0121882 -0.0161796
155 0.00125859 -0.0244506
156 0.0151817 -0.0294435
157 0.0278739 -0.0309564
158 0.0376549 -0.0292069
159 0.0431185 -0.0247495
160 0.0433658 -0.0183596
161 0.0381793 -0.010902
162 0.0280959 -0.00320655
163 0.0143562 0.00402745
164 -0.00126439 0.0102859
165 -0.0167139 0.0152477
166 -0.0299629 0.0187534
167 -0.0392917 0.0207514
168 -0.043522 0.0212423
169 -0.0421655 0.0202406
170 -0.0354748 0.0177667
171 -0.0244007 0.0138685
172 -0.0104601 0.00866592
173 0.00446686 0.00240057
174 0.0183924 -0.00452722
175 0.0294964 -0.0115506
176 0.0363843 -0.0179669
177 0.0382843 -0.0230078
178 0.0351474 -0.0259405
179 0.027631 -0.0261849
180 0.0169692 -0.0234266
181 0.00475686 -0.0177048
182 -0.00730651 -0.00945666
183 -0.0176659 0.000493337
184 -0.0251118 0.0110055
185 -0.0289092 0.0207527
186 -0.028849 0.0283927
187 -0.0252282 0.0327612
188 -0.0187721 0.0330599
189 -0.0105126 0.0290075
190 -0.00163615 0.0209234
191 0.00668287 0.00972426
192 0.0134416 -0.00317505
193 0.0179381 -0.0160465
194 0.0198477 -0.0270935
195 0.0192312 -0.0347172
196 0.0164782 -0.0377595
197 0.0121996 -0.0356853
198 0.00710031 -0.0286737
199 0.00186079 -0.0176066
200 -0.00294941 -0.00395558
201 -0.00691661 0.0104156
202 -0.00979078 0.0235059
203 -0.0114688 0.0334574
204 -0.0119671 0.0388226
205 -0.0113925 0.0387826
206 -0.00991554 0.0332818
207 -0.0077443 0.0230547
208 -0.00509943 0.00953356
209 -0.00219211 -0.00535414
210 0.000789071 -0.019469
211 0.00367791 -0.0307798
212 0.00631714 -0.0376669
213 0.00853926 -0.0391598
214 0.0101541 -0.0350725
215 0.0109551 -0.026021
216 0.0107503 -0.0133244
217 0.00941203 0.0011884
218 0.00693119 0.0154394
219 0.00345699 0.0273928
220 -0.000693258 0.0353417
221 -0.00506062 0.0381523
222 -0.00910264 0.0354322
223 -0.0122704 0.0275951
224 -0.0140894 0.0158068
225 -0.0142303 0.00181561
226 -0.0125625 -0.0123109
227 -0.00918448 -0.0244994
228 -0.00442976 -0.0329838
229 0.00115599 -0.0365658
230 0.00686827 -0.0347816
231 0.0119282 -0.0279544
232 0.0155913 -0.0171301
233 0.0172657 -0.00391451
234 0.0166184 0.00976123
235 0.0136456 0.0219137
236 0.00869096 0.0307846
237 0.00240335 0.0350901
238 -0.00435683 0.034208
239 -0.0106454 0.0282761
240 -0.0155728 0.0181814
241 -0.0184305 0.00543364
242 -0.0187898 -0.00806014
243 -0.0165613 -0.0202869
244 -0.0120128 -0.0294355
245 -0.00573987 -0.0341696
246 0.00140577 -0.0338203
247 0.00842879 -0.0284733
248 0.0143302 -0.0189417
249 0.0182563 -0.0066371
250 0.0196325 0.0066371
251 0.0182563 0.0189417
252 0.0143302 0.0284733
253 0.00842879 0.0338203
254 0.00140577 0.0341696
255 -0.00573987 0.0294355
256 -0.0120128 0.0202869
257 -0.0165613 0.00806014
258 -0.0187898 -0.00543364
259 -0.0184305 -0.0181814
260 -0.0155728 -0.0282761
261 -0.0106454 -0.034208
262 -0.00435683 -0.0350901
263 0.00240335 -0.0307846
264 0.00869096 -0.0219137
265 0.0136456 -0.00976123
266 0.0166184 0.00391451
267 0.0172657 0.0171301
268 0.0155913 0.0279544
269 0.0119282 0.0347816
270 0.00686827 0.0365658
271 0.00115599 0.0329838
272 -0.00442976 0.0244994
273 -0.00918448 0.0123109
274 -0.0125625 -0.00181561
275 -0.0142303 -0.0158068
276 -0.0140894 -0.0275951
277 -0.0122704 -0.0354322
278 -0.00910264 -0.0381523
279 -0.00506062 -0.0353417
280 -0.000693258 -0.0273928
281 0.00345699 -0.0154394
282 0.00693119 -0.0011884
283 0.00941203 0.0133244
284 0.0107503 0.026021
285 0.0109551 0.0350725
286 0.0101541 0.0391598
287 0.00853926 0.0376669
288 0.00631714 0.0307798
289 0.00367791 0.019469
290 0.000789071 0.00535414
291 -0.00219211 -0.00953356
292 -0.00509943 -0.0230547
293 -0.0077443 -0.0332818
294 -0.00991554 -0.0387826
295 -0.0113925 -0.0388226
296 -0.0119671 -0.0334574
297 -0.0114688 -0.0235059
298 -0.00979078 -0.0104156
299 -0.00691661 0.00395558
300 -0.00294941 0.0176066
301 0.00186079 0.0286737
302 0.00710031 0.0356853
303 0.0121996 0.0377595
304 0.0164782 0.0347172
305 0.0192312 0.0270935
306 0.0198477 0.0160465
307 0.0179381 0.00317505
308 0.0134416 -0.00972426
309 0.00668287 -0.0209234
310 -0.00163615 -0.0290075
311 -0.0105126 -0.0330599
312 -0.0187721 -0.0327612
313 -0.0252282 -0.0283927
314 -0.028849 -0.0207527
315 -0.0289092 -0.0110055
316 -0.0251118 -0.000493337
317 -0.0176659 0.00945666
318 -0.00730651 0.0177048
319 0.00475686 0.0234266
320 0.0169692 0.0261849
321 0.027631 0.0259405
322 0.0351474 0.0230078
323 0.0382843 0.0179669
324 0.0363843 0.0115506
325 0.0294964 0.00452722
326 0.0183924 -0.00240057
327 0.00446686 -0.00866592
328 -0.0104601 -0.0138685
329 -0.0244007 -0.0177667
330 -0.0354748 -0.0202406
331 -0.0421655 -0.0212423
332 -0.043522 -0.0207514
333 -0.0392917 -0.0187534
334 -0.0299629 -0.0152477
335 -0.0167139 -0.0102859
336 -0.00126439 -0.00402745
337 0.0143562 0.00320655
338 0.0280959 0.010902
339 0.0381793 0.0183596
340 0.0433658 0.0247495
341 0.0431185 0.0292069
342 0.0376549 0.0309564
343 0.0278739 0.0294435
344 0.0151817 0.0244506
345 0.00125859 0.0161796
346 -0.0121882 0.00528298
347 -0.0236448 -0.00716567
348 -0.0319579 -0.0197668
349 -0.0364372 -0.0309514
350 -0.0368894 -0.0391851
351 -0.0335913 -0.0431942
352 -0.0272066 -0.042179
353 -0.0186613 -0.0359731
354 -0.00899442 -0.0251137
355 0.000790789 -0.0108013
356 0.009849 0.00525079
357 0.0175652 0.0210545
358 0.0235664 0.0346294
359 0.0276782 0.0442809
360 0.0298485 0.0488284
361 0.0300691 0.047751
362 0.0283255 0.041237
363 0.0245932 0.030139
364 0.0188802 0.0158459
365 0.0113006 9.25018e-05
366 0.00215111 -0.0152703
367 -0.00803649 -0.0285169
368 -0.0184871 -0.0382668
369 -0.0282266 -0.0436503
370 -0.0361763 -0.0443901
371 -0.0412828 -0.0407851
372 -0.0426689 -0.0336015
373 -0.0397806 -0.0238985
374 -0.0325106 -0.0128316
375 -0.0212746 -0.00147939
376 -0.00702064 0.00927215
377 0.00883951 0.0187738
378 0.0245776 0.0265935
379 0.0383606 0.0324581
380 0.0484985 0.0361876
381 0.0536883 0.0376455
382 0.0532119 0.0367203
383 0.0470516 0.0333369
384 0.0358989 0.027492
385 0.0210545 0.0193029
386 0.00423639 0.00905841
387 -0.0126686 -0.00273594
388 -0.0278644 -0.0153309
389 -0.0398719 -0.0277389
390 -0.0476881 -0.0387867
391 -0.0508573 -0.0472246
392 -0.0494566 -0.0518871
393 -0.0440085 -0.0518845
394 -0.035349 -0.0467856
395 -0.0244772 -0.0367497
396 -0.0124157 -0.0225679
397 -9.93331e-05 -0.00559748
398 0.0116943 0.0124042
399 0.0223688 0.0295167
400 0.0314919 0.0439185
401 0.0387467 0.0541265
402 0.043869 0.0591751
403 0.0465929 0.0587098
404 0.0466269 0.0529913
405 0.0436768 0.0428167
406 0.0375194 0.0293791
407 0.0281141 0.0140895
408 0.0157212 -0.0016089
409 0.000988644 -0.0164091
410 -0.0150296 -0.0292665
411 -0.0309435 -0.039468
412 -0.0451815 -0.0466366
413 -0.0562018 -0.0506789
414 -0.0627173 -0.0516935
415 -0.0638878 -0.049868
416 -0.0594437 -0.0453945
417 -0.0497243 -0.0384295
418 -0.0356301 -0.0291088
419 -0.0185055 -0.0176128
420 2.91875e-05 -0.0042614
421 0.0182706 0.010395
422 0.0346288 0.025523
423 0.0478022 0.0400192
424 0.056907 0.052599
425 0.0615414 0.0619524
426 0.0617703 0.0669367
427 0.0580366 0.0667676
428 0.0510181 0.0611647
429 0.0414684 0.0504215
430 0.0300835 0.0353865
431 0.0174277 0.0173604
432 0.00393579 -0.00206761
433 -0.01002 -0.0212139
434 -0.0240282 -0.038495
435 -0.0375433 -0.0525951
436 -0.0498373 -0.0625889
437 -0.0600197 -0.0680052
438 -0.0671269 -0.0688253
439 -0.0702619 -0.0654179
440 -0.0687523 -0.0584219
441 -0.0622911 -0.0486015
442 -0.0510307 -0.0367058
443 -0.0356123 -0.0233692
444 -0.0171241 -0.00907776
445 0.00300589 0.00579186
446 0.0231668 0.0208781
447 0.0417496 0.0357217
448 0.0573309 0.0496806
449 0.0688284 0.0619085
450 0.0756031 0.0714162
451 0.0774914 0.0772046
452 0.0747648 0.0784368
453 0.0680256 0.0746068
454 0.0580632 0.0656598
455 0.0457032 0.0520406
456 0.0316838 0.0346598
457 0.0165868 0.0147893
458 0.000840278 -0.00608891
459 -0.0152148 -0.0264549
460 -0.0312173 -0.0449159
461 -0.0466777 -0.0603435
462 -0.0609097 -0.0719641
463 -0.0730332 -0.0793937
464 -0.0820578 -0.0826119
465 -0.0870291 -0.0818825
466 -0.0872041 -0.0776382
467 -0.0822072 -0.0703572
468 -0.0721274 -0.0604628
469 -0.0575344 -0.0482723
470 -0.0394121 -0.0340099
471 -0.019029 -0.0178778
472 0.00222332 -0.000164305
473 0.0229921 0.0186489
474 0.0420983 0.0378161
475 0.0586297 0.0563249
476 0.071984 0.0729727
477 0.0818617 0.0865129
478 0.0882159 0.0958388
479 0.0911674 0.100162
480 0.0909036 0.0991417
481 0.0875853 0.0929274
482 0.0812869 0.0821151
483 0.0719922 0.0676205
484 0.0596516 0.0505132
485 0.0442902 0.0318509
486 0.0261342 0.0125533
487 0.00571275 -0.00666234
488 -0.0161016 -0.0252807
489 -0.0381392 -0.0429383
490 -0.0590619 -0.0593462
491 -0.077544 -0.0742112
492 -0.0924635 -0.0871748
493 -0.103052 -0.0977828
494 -0.108973 -0.105493
495 -0.110304 -0.109719
496 -0.107447 -0.109916
497 -0.100987 -0.105677
498 -0.0915411 -0.0968478
499 -0.0796382 -0.0836101
500 -0.0656591 -0.0665175
501 -0.0498398 -0.0464644
502 -0.0323342 -0.0245823
503 -0.0133089 -0.00208142
504 0.00696076 0.0199243
505 0.0280199 0.0405643
506 0.0492095 0.0592895
507 0.0696926 0.0758629
508 0.0885248 0.0902676
509 0.104755 0.102565
510 0.117537 0.112752
511 0.126238 0.120659
512 0.130512 0.125924
513 0.130343 0.12805
514 0.126026 0.126517
515 0.118098 0.120935
516 0.107222 0.111164
517 0.0940556 0.0973929
518 0.0791247 0.0801453
519 0.0627542 0.0602115
520 0.0450644 0.0385308
521 0.0260461 0.0160531
522 0.00568897 -0.00638573
523 -0.0158769 -0.0281469
524 -0.0382736 -0.0488172
525 -0.060842 -0.0681837
526 -0.0826976 -0.0861673
527 -0.102862 -0.102739
528 -0.120433 -0.117835
529 -0.134737 -0.131296
530 -0.145432 -0.142833
531 -0.152518 -0.152037
532 -0.156267 -0.158426
533 -0.157101 -0.161522
534 -0.155446 -0.160957
535 -0.151617 -0.156568
536 -0.145746 -0.148465
537 -0.137791 -0.137041
538 -0.127588 -0.122918
539 -0.114951 -0.106829
540 -0.0997749 -0.0894692
541 -0.0821203 -0.0713628
542 -0.0622544 -0.0527768
543 -0.0406449 -0.0337212
544 -0.0179082 -0.0140291
545 0.00527489 0.0065042
546 0.0282542 0.0279708
547 0.0504967 0.050236
548 0.0716472 0.0728987
549 0.0915528 0.0953381
550 0.110245 0.116833
551 0.127883 0.136715
552 0.14467 0.15451
553 0.160755 0.170022
554 0.176148 0.18334
555 0.190671 0.194771
556 0.203972 0.204717
557 0.215589 0.213539
558 0.225072 0.221449
559 0.23211 0.228456
560 0.236637 0.234383
561 0.238867 0.238934
562 0.239255 0.241796
563 0.238371 0.242745
564 0.236754 0.241712
565 0.234766 0.238818
566 0.232505 0.234349
567 0.229808 0.228704
568 0.226335 0.222315
569 0.221709 0.215567
570 0.215664 0.208735
571 0.208158 0.201946
572 0.199412 0.19517
573 0.189867 0.188248
574 0.180071 0.18095
575 0.170538 0.173054
576 0.16162 0.164432
577 0.153432 0.155112
578 0.145853 0.145309
579 0.138594 0.13539
580 0.131309 0.125796
581 0.123715 0.116929
582 0.115685 0.109037
583 0.107282 0.10214
584 0.0987364 0.0960305
585 0.0903766 0.0903304
586 0.0825382 0.0846177
587 0.0754787 0.0785618
588 0.0693207 0.0720346
589 0.0640327 0.0651583
590 0.0594487 0.058272
591 0.0553157 0.0518277
592 0.0513576 0.0462471
593 0.0473397 0.0417844
594 0.0431241 0.0384412
595 0.0387024 0.0359616
596 0.0342007 0.0339109
597 0.0298501 0.0318134
598 0.0259284 0.0293031
599 0.0226823 0.0262368
600 0.0202504 0.0227322
601 0.0186107 0.0191178
602 0.0175709 0.0158156
603 0.0168109 0.0131967
604 0.0159693 0.01146
605 0.0147494 0.010574
606 0.0130126 0.010295
607 0.0108257 0.0102529
608 0.0084465 0.0100701
609 0.00624532 0.0094739
610 0.00458746 0.00836798
611 0.00371165 0.00684455
612 0.00364469 0.00514003
613 0.00418217 0.00355241
614 0.00494476 0.00234823
615 0.00549488 0.00168688
616 0.0054775 0.00158186
617 0.00473829 0.00190629
618 0.00337774 0.00243683
619 0.00172026 0.00292016
620 0.000206106 0.00314197
621 -0.000758112 0.00297987
622 -0.000938737 0.00242836
623 -0.0003552 0.0015925
624 0.000727292 0.000655121
625 0.00188945 -0.000172677
626 0.00270088 -0.000705472
627 0.00286371 -0.000830434
628 0.00230757 -0.000537382
629 0.0012052 7.49748e-05
630 -9.34779e-05 0.000819696
631 -0.00118332 0.00146696
632 -0.00173908 0.00180541
633 -0.00161862 0.00170449
634 -0.000902065 0.00115973
635 0.000143149 0.000304216
636 0.0011567 -0.000621797
637 0.0018061 -0.00133892
638 0.00189313 -0.00161599
639 0.00141168 -0.00134944
640 0.000539756 -0.000606506
641 -0.000428507 0.000385918
642 -0.00118523 0.00130765
643 -0.00150922 0.00184778
644 -0.00133094 0.00181024
645 -0.000743073 0.00118562
646 4.22922e-05 0.00016235
647 0.000770326 -0.0009297
648 0.00122565 -0.00172668
649 0.00129326 -0.00195394
650 0.000982114 -0.00152284
651 0.00040968 -0.000566532
652 -0.000242426 0.000599643
653 -0.000785038 0.0015819
654 -0.00107344 0.0020417
655 -0.00104213 0.00181385
656 -0.000716121 0.00096725
657 -0.000198492 -0.00021452
658 0.000360646 -0.00132807
659 0.000805294 -0.00198905
660 0.00101453 -0.00196687
661 0.000933424 -0.00126717
662 0.000586646 -0.000131853
663 7.15475e-05 0.0010447
664 -0.000467415 0.00185403
665 -0.000876804 0.00201739
666 -0.0010357 0.00148326
667 -0.00089036 0.000443893
668 -0.000472736 -0.00073448
669 0.000103395 -0.00164194
670 0.000670057 -0.00196862
671 0.00105147 -0.00161112
672 0.00111776 -0.00070487
673 0.000830086 0.000427061
674 0.000261172 0.00138933
675 -0.000419087 0.0018526
676 -0.000992381 0.00166646
677 -0.00126209 0.000908558
678 -0.00112211 -0.000146359
679 -0.000599572 -0.0011255
680 0.000146049 -0.00168999
681 0.000870495 -0.00165305
682 0.00132509 -0.00104272
683 0.00134316 -8.7507e-05
684 0.00090196 0.000868939
685 0.000137067 0.00149227
686 -0.000698341 0.00157549
687 -0.00131722 0.00110818
688 -0.00149783 0.0002734
689 -0.00116387 -0.000624039
690 -0.000416593 -0.00126959
691 0.000494575 -0.00144947
692 0.00125494 -0.00112081
693 0.00159359 -0.000418835
694 0.00138081 0.000398028
695 0.000678385 0.00104284
696 -0.000276726 0.00130023
697 -0.00115206 0.00109747
698 -0.00163585 0.000523719
699 -0.00154904 -0.000206949
700 -0.000912418 -0.00083435
701 5.66458e-05 -0.00114431
702 0.0010183 -0.00104196
703 0.00162997 -0.000580806
704 0.0016692 6.15194e-05
705 0.00111524 0.000651071
706 0.000159222 0.000983143
707 -0.000861767 0.000953968
708 -0.00158389 0.000592873
709 -0.00174673 4.48938e-05
710 -0.00128769 -0.00048728
711 -0.000366256 -0.000818534
712 0.000691274 -0.000845459
713 0.00150745 -0.000577252
714 0.00178871 -0.000125034
715 0.00143137 0.000343386
716 0.000560154 0.000664973
717 -0.00051509 0.000737051
718 -0.00140955 0.000548833
719 -0.00180138 0.000180021
720 -0.00154783 -0.000231176
721 -0.000737653 -0.000538512
722 0.000339614 -0.000639015
723 0.00129705 -0.000507515
724 0.00178951 -0.000202656
725 0.00163841 0.000157323
726 0.000896941 0.000439802
727 -0.000168427 0.000546864
728 -0.00117373 0.00044976
729 -0.00175613 0.000196079
730 -0.00170518 -0.000112037
731 -0.00103911 -0.000358915
732 1.66536e-06 -0.000458851
733 0.0010414 -0.000385462
734 0.00170479 -0.000177029
735 0.0017525 8.20575e-05
736 0.00116755 0.000294864
737 0.00016134 0.000387206
738 -0.000902707 0.000332342
739 -0.00164034 0.000157639
740 -0.00178513 -6.76632e-05
741 -0.0012847 -0.000258508
742 -0.000319754 -0.000344814
743 0.000760982 -0.000296619
744 0.00156662 -0.000134851
745 0.00180543 7.64691e-05
746 0.00139057 0.00025439
747 0.000471902 0.00032904
748 -0.000617982 0.000271224
749 -0.00148415 0.000104392
750 -0.00181258 -0.000104392
751 -0.00148415 -0.000271224
752 -0.000617982 -0.00032904
753 0.000471902 -0.00025439
754 0.00139057 -7.64691e-05
755 0.00180543 0.000134851
756 0.00156662 0.000296619
757 0.000760982 0.000344814
758 -0.000319754 0.000258508
759 -0.0012847 6.76632e-05
760 -0.00178513 -0.000157639
761 -0.00164034 -0.000332342
762 -0.000902707 -0.000387206
763 0.00016134 -0.000294864
764 0.00116755 -8.20575e-05
765 0.0017525 0.000177029
766 0.00170479 0.000385462
767 0.0010414 0.000458851
768 1.66536e-06 0.000358915
769 -0.00103911 0.000112037
770 -0.00170518 -0.000196079
771 -0.00175613 -0.00044976
772 -0.00117373 -0.000546864
773 -0.000168427 -0.000439802
774 0.000896941 -0.000157323
775 0.00163841 0.000202656
776 0.00178951 0.000507515
777 0.00129705 0.000639015
778 0.000339614 0.000538512
779 -0.000737653 0.000231176
780 -0.00154783 -0.000180021
781 -0.00180138 -0.000548833
782 -0.00140955 -0.000737051
783 -0.00051509 -0.000664973
784 0.000560154 -0.000343386
785 0.00143137 0.000125034
786 0.00178871 0.000577252
787 0.00150745 0.000845459
788 0.000691274 0.000818534
789 -0.000366256 0.00048728
790 -0.00128769 -4.48938e-05
791 -0.00174673 -0.000592873
792 -0.00158389 -0.000953968
793 -0.000861767 -0.000983143
794 0.000159222 -0.000651071
795 0.00111524 -6.15194e-05
796 0.0016692 0.000580806
797 0.00162997 0.00104196
798 0.0010183 0.00114431
799 5.66458e-05 0.00083435
800 -0.000912418 0.000206949
801 -0.00154904 -0.000523719
802 -0.00163585 -0.00109747
803 -0.00115206 -0.00130023
804 -0.000276726 -0.00104284
805 0.000678385 -0.000398028
806 0.00138081 0.000418835
807 0.00159359 0.00112081
808 0.00125494 0.00144947
809 0.000494575 0.00126959
810 -0.000416593 0.000624039
811 -0.00116387 -0.0002734
812 -0.00149783 -0.00110818
813 -0.00131722 -0.00157549
814 -0.000698341 -0.00149227
815 0.000137067 -0.000868939
816 0.00090196 8.7507e-05
817 0.00134316 0.00104272
818 0.00132509 0.00165305
819 0.000870495 0.00168999
820 0.000146049 0.0011255
821 -0.000599572 0.000146359
822 -0.00112211 -0.000908558
823 -0.00126209 -0.00166646
824 -0.000992381 -0.0018526
825 -0.000419087 -0.00138933
826 0.000261172 -0.000427061
827 0.000830086 0.00070487
828 0.00111776 0.00161112
829 0.00105147 0.00196862
830 0.000670057 0.00164194
831 0.000103395 0.00073448
832 -0.000472736 -0.000443893
833 -0.00089036 -0.00148326
834 -0.0010357 -0.00201739
835 -0.000876804 -0.00185403
836 -0.000467415 -0.0010447
837 7.15475e-05 0.000131853
838 0.000586646 0.00126717
839 0.000933424 0.00196687
840 0.00101453 0.00198905
841 0.000805294 0.00132807
842 0.000360646 0.00021452
843 -0.000198492 -0.00096725
844 -0.000716121 -0.00181385
845 -0.00104213 -0.0020417
846 -0.00107344 -0.0015819
847 -0.000785038 -0.000599643
848 -0.000242426 0.000566532
849 0.00040968 0.00152284
850 0.000982114 0.00195394
851 0.00129326 0.00172668
852 0.00122565 0.0009297
853 0.000770326 -0.00016235
854 4.22922e-05 -0.00118562
855 -0.000743073 -0.00181024
856 -0.00133094 -0.00184778
857 -0.00150922 -0.00130765
858 -0.00118523 -0.000385918
859 -0.000428507 0.000606506
860 0.000539756 0.00134944
861 0.00141168 0.00161599
862 0.00189313 0.00133892
863 0.0018061 0.000621797
864 0.0011567 -0.000304216
865 0.000143149 -0.00115973
866 -0.000902065 -0.00170449
867 -0.00161862 -0.00180541
868 -0.00173908 -0.00146696
869 -0.00118332 -0.000819696
870 -9.34779e-05 -7.49748e-05
871 0.0012052 0.000537382
872 0.00230757 0.000830434
873 0.00286371 0.000705472
874 0.00270088 0.000172677
875 0.00188945 -0.000655121
876 0.000727292 -0.0015925
877 -0.0003552 -0.00242836
878 -0.000938737 -0.00297987
879 -0.000758112 -0.00314197
880 0.000206106 -0.00292016
881 0.00172026 -0.00243683
882 0.00337774 -0.00190629
883 0.00473829 -0.00158186
884 0.0054775 -0.00168688
885 0.00549488 -0.00234823
886 0.00494476 -0.00355241
887 0.00418217 -0.00514003
888 0.00364469 -0.00684455
889 0.00371165 -0.00836798
890 0.00458746 -0.0094739
891 0.00624532 -0.0100701
892 0.0084465 -0.0102529
893 0.0108257 -0.010295
894 0.0130126 -0.010574
895 0.0147494 -0.01146
896 0.0159693 -0.0131967
897 0.0168109 -0.0158156
898 0.0175709 -0.0191178
899 0.0186107 -0.0227322
900 0.0202504 -0.0262368
901 0.0226823 -0.0293031
902 0.0259284 -0.0318134
903 0.0298501 -0.0339109
904 0.0342007 -0.0359616
905 0.0387024 -0.0384412
906 0.0431241 -0.0417844
907 0.0473397 -0.0462471
908 0.0513576 -0.0518277
909 0.0553157 -0.058272
910 0.0594487 -0.0651583
911 0.0640327 -0.0720346
912 0.0693207 -0.0785618
913 0.0754787 -0.0846177
914 0.0825382 -0.0903304
915 0.0903766 -0.0960305
916 0.0987364 -0.10214
917 0.107282 -0.109037
918 0.115685 -0.116929
919 0.123715 -0.125796
920 0.131309 -0.13539
921 0.138594 -0.145309
922 0.145853 -0.155112
923 0.153432 -0.164432
924 0.16162 -0.173054
925 0.170538 -0.18095
926 0.180071 -0.188248
927 0.189867 -0.19517
928 0.199412 -0.201946
929 0.208158 -0.208735
930 0.215664 -0.215567
931 0.221709 -0.222315
932 0.226335 -0.228704
933 0.229808 -0.234349
934 0.232505 -0.238818
935 0.234766 -0.241712
936 0.236754 -0.242745
937 0.238371 -0.241796
938 0.239255 -0.238934
939 0.238867 -0.234383
940 0.236637 -0.228456
941 0.23211 -0.221449
942 0.225072 -0.213539
943 0.215589 -0.204717
944 0.203972 -0.194771
945 0.190671 -0.18334
946 0.176148 -0.170022
947 0.160755 -0.15451
948 0.14467 -0.136715
949 0.127883 -0.116833
950 0.110245 -0.0953381
951 0.0915528 -0.0728987
952 0.0716472 -0.050236
953 0.0504967 -0.0279708
954 0.0282542 -0.0065042
955 0.00527489 0.0140291
956 -0.0179082 0.0337212
957 -0.0406449 0.0527768
958 -0.0622544 0.0713628
959 -0.0821203 0.0894692
960 -0.0997749 0.106829
961 -0.114951 0.122918
962 -0.127588 0.137041
963 -0.137791 0.148465
964 -0.145746 0.156568
965 -0.151617 0.160957
966 -0.155446 0.161522
967 -0.157101 0.158426
968 -0.156267 0.152037
969 -0.152518 0.142833
970 -0.145432 0.131296
971 -0.134737 0.117835
972 -0.120433 0.102739
973 -0.102862 0.0861673
974 -0.0826976 0.0681837
975 -0.060842 0.0488172
976 -0.0382736 0.0281469
977 -0.0158769 0.00638573
978 0.00568897 -0.0160531
979 0.0260461 -0.0385308
980 0.0450644 -0.0602115
981 0.0627542 -0.0801453
982 0.0791247 -0.0973929
983 0.0940556 -0.111164
984 0.107222 -0.120935
985 0.118098 -0.126517
986 0.126026 -0.12805
987 0.130343 -0.125924
988 0.130512 -0.120659
989 0.126238 -0.112752
990 0.117537 -0.102565
991 0.104755 -0.0902676
992 0.0885248 -0.0758629
993 0.0696926 -0.0592895
994 0.0492095 -0.0405643
995 0.0280199 -0.0199243
996 0.00696076 0.00208142
997 -0.0133089 0.0245823
998 -0.0323342 0.0464644
999 -0.0498398 0.0665175
