0 0.0507719 -0.0294832
1 0.0238397 -0.0107206
2 0.00754095 -0.000818955
3 -0.000572462 0.00298267
4 -0.00328032 0.00330817
5 -0.00309068 0.0021993
6 -0.00185902 0.000934753
7 -0.000673351 8.94941e-05
8 3.83827e-05 -0.000255195
9 0.000278303 -0.000262083
10 0.000234909 -0.000137605
11 0.000103988 -2.26087e-05
12 3.10221e-06 3.12509e-05
13 -3.53002e-05 3.37025e-05
14 -2.96683e-05 1.53008e-05
15 -1.04506e-05 -5.37848e-07
16 2.86113e-06 -6.02487e-06
17 5.97108e-06 -4.20671e-06
18 3.27822e-06 -7.67772e-07
19 1.09932e-07 1.02419e-06
20 -1.13537e-06 9.70702e-07
21 -7.95231e-07 2.51451e-07
22 -9.18055e-08 -2.02096e-07
23 2.37938e-07 -2.17037e-07
24 1.78162e-07 -5.2988e-08
25 1.56871e-08 5.07567e-08
26 -5.76256e-08 4.78796e-08
27 -3.73999e-08 6.52827e-09
28 1.83281e-09 -1.46139e-08
29 1.49663e-08 -9.70195e-09
30 6.65196e-09 8.73724e-10
31 -2.49508e-09 4.06068e-09
32 -3.63926e-09 1.45808e-09
33 -6.4099e-10 -9.21093e-10
34 1.10924e-09 -9.24751e-10
35 6.85125e-10 -7.42052e-12
36 -1.59878e-10 3.48783e-10
37 -3.18335e-10 1.25098e-10
38 -4.91189e-11 -9.13029e-11
39 1.05187e-10 -7.65726e-11
40 5.13997e-11 1.20612e-11
41 -2.51188e-11 3.27045e-11
42 -2.66014e-11 4.01512e-12
43 2.73115e-12 -1.15604e-11
44 1.08667e-11 -4.2079e-12
45 1.40159e-12 3.54874e-12
46 -3.88664e-12 2.3219e-12
47 -1.2879e-12 -9.48951e-13
48 1.27188e-12 -1.05351e-12
49 7.00492e-13 2.10306e-13
50 -3.90821e-13 4.35974e-13
51 -3.2122e-13 -3.08295e-14
52 1.15577e-13 -1.72402e-13
53 1.35651e-13 -2.66183e-15
54 -3.40129e-14 6.66903e-14
55 -5.48851e-14 4.72483e-15
56 1.0437e-14 -2.5746e-14
57 2.1567e-14 -2.51761e-15
58 -3.67298e-15 1.00476e-14
59 -8.49406e-15 1.04992e-15
60 1.40553e-15 -4.08218e-15
61 3.25635e-15 -2.37143e-16
62 -8.04258e-16 1.70349e-15
63 -1.37657e-15 -1.80013e-16
64 5.00096e-16 -5.45109e-16
65 4.19078e-16 2.69903e-18
66 -1.30074e-16 2.82051e-16
67 -2.33754e-16 -7.04491e-17
68 2.51248e-16 -1.43347e-16
69 7.38957e-17 1.51187e-16
70 -1.52917e-16 -1.25778e-16
71 -3.60187e-17 -4.26641e-17
72 1.36139e-16 1.08494e-16
73 -1.71427e-16 -1.37696e-17
74 2.4826e-16 1.89067e-17
75 -9.30998e-17 8.86136e-17
76 -1.49516e-16 -6.38954e-17
77 2.61854e-17 -1.25833e-16
78 8.93719e-17 9.457e-17
79 -2.46787e-16 -7.04573e-17
80 -1.4809e-17 -2.10902e-16
81 1.08868e-16 6.20383e-17
82 -4.94481e-18 2.09017e-17
83 -7.53828e-17 -1.14209e-16
84 -4.29667e-18 1.30335e-16
85 -2.18863e-16 -1.0563e-16
86 6.51046e-17 -8.31837e-17
87 -1.04034e-16 9.76234e-17
88 2.11456e-17 -1.52357e-17
89 1.82172e-16 -4.33369e-17
90 4.5101e-17 2.41059e-16
91 -3.67623e-17 -8.45128e-17
92 -6.00432e-17 -2.06409e-17
93 -1.38171e-17 2.87366e-17
94 -1.87531e-16 3.67225e-18
95 4.99468e-17 3.91456e-17
96 -8.94228e-17 -2.09654e-17
97 3.82385e-17 1.45103e-17
98 -4.2318e-17 -1.30712e-17
99 2.95105e-18 -2.63028e-17
100 2.92214e-17 -2.81788e-17
101 -1.49896e-16 -2.35913e-16
102 1.39126e-16 6.28577e-17
103 -1.34605e-16 -3.38523e-17
104 -3.6163e-17 -1.81661e-17
105 2.40283e-17 9.61778e-18
106 -3.26027e-17 -1.28632e-16
107 1.4196e-16 5.97286e-17
108 -1.22297e-16 -7.12509e-17
109 4.8076e-17 -8.67884e-18
110 9.86986e-18 2.09598e-17
111 -7.72038e-17 7.26251e-17
112 4.07754e-17 -5.44432e-17
113 7.89896e-17 -1.43436e-16
114 1.49447e-16 1.67951e-16
115 -1.12589e-16 -2.27686e-17
116 6.14831e-17 2.11748e-18
117 -8.85365e-17 8.56484e-19
118 -4.02366e-17 -1.58857e-16
119 1.35336e-16 1.69952e-16
120 -1.52399e-17 -3.80281e-17
121 6.21969e-17 -3.31003e-19
122 -5.01401e-17 -2.38766e-17
123 -7.79563e-17 -1.72078e-16
124 1.30207e-16 6.96727e-17
125 -5.15262e-17 2.03513e-16
126 -8.77836e-17 -6.85465e-18
127 6.22998e-17 -1.1839e-17
128 -1.13909e-16 -8.04962e-17
129 -1.48707e-17 -7.41474e-17
130 5.35079e-17 6.25392e-17
131 -1.70049e-16 -1.74837e-16
132 8.14193e-17 1.60874e-19
133 2.38268e-17 2.13916e-16
134 -7.27572e-17 -1.43228e-17
135 7.26056e-17 4.40985e-17
136 2.73333e-17 7.34988e-17
137 7.79759e-17 -5.44839e-17
138 -3.43029e-17 -4.01276e-18
139 2.47991e-16 7.15772e-17
140 -3.99898e-17 -3.35345e-17
141 -4.19877e-17 2.22264e-18
142 -1.26916e-16 -1.28852e-16
143 -1.89927e-17 -2.40884e-17
144 2.84004e-18 -4.86402e-17
145 -1.21055e-16 7.95602e-17
146 -5.90078e-17 -4.1372e-17
147 9.46204e-18 -9.35456e-17
148 1.14045e-16 -2.25665e-17
149 -2.15964e-16 -1.01395e-17
150 7.82796e-17 5.27793e-17
151 2.73533e-17 8.5948e-17
152 -1.03131e-16 -2.06147e-16
153 -7.84736e-18 1.07615e-16
154 3.47778e-17 -1.49083e-16
155 1.26827e-16 -3.68523e-17
156 -1.0816e-16 1.57682e-16
157 -8.69581e-17 -4.24478e-17
158 -6.25125e-17 1.29044e-16
159 7.97888e-17 1.20887e-16
160 -5.2234e-17 -4.58116e-17
161 1.1235e-16 4.51865e-17
162 -3.58024e-17 8.20965e-17
163 5.18212e-17 -3.05294e-17
164 -1.07113e-16 4.01655e-17
165 -6.7599e-17 -7.67344e-17
166 1.52414e-16 -3.88745e-18
167 -4.32482e-17 -7.3527e-17
168 6.03744e-17 -5.49394e-17
169 2.07736e-17 1.01034e-16
170 1.06168e-17 -1.03641e-16
171 -7.73308e-18 -2.94874e-20
172 1.36793e-16 -6.71092e-17
173 1.92867e-17 -8.774e-18
174 -1.91762e-17 -3.35862e-17
175 1.82653e-16 5.73058e-17
176 -7.25645e-18 4.44491e-17
177 1.62561e-17 -3.68672e-17
178 -7.16657e-17 8.22472e-17
179 -6.15343e-17 -3.19135e-17
180 8.01511e-17 1.3455e-16
181 -8.89553e-17 4.3505e-17
182 1.1427e-16 -9.30342e-17
183 -3.20631e-17 -1.41138e-16
184 6.16982e-17 9.64193e-17
185 -6.24552e-18 1.11534e-16
186 2.41477e-17 -4.29965e-17
187 5.36211e-17 1.63776e-17
188 3.70935e-17 -4.51239e-17
189 4.45293e-17 -2.38039e-17
190 -8.08708e-18 7.69111e-17
191 1.51723e-16 -6.64681e-17
192 -1.45659e-16 1.7546e-17
193 -2.67968e-17 -1.36702e-16
194 -5.27754e-17 8.8273e-18
195 -3.64742e-17 5.6074e-17
196 -2.12136e-17 1.02147e-17
197 -1.14458e-16 2.88753e-17
198 -9.93255e-17 7.65496e-17
199 -5.79722e-17 3.80293e-17
200 -2.60918e-17 -7.562e-17
201 7.17891e-18 1.0293e-16
202 -9.91483e-17 -1.54649e-17
203 -2.29929e-18 7.25029e-17
204 -1.48943e-16 -9.80975e-17
205 1.14064e-16 -8.90703e-17
206 7.04965e-17 9.98813e-18
207 3.09587e-18 2.09915e-16
208 -6.89704e-17 -7.44566e-17
209 8.23183e-18 1.41994e-17
210 -4.11647e-17 -9.55875e-17
211 -4.252e-17 -1.62212e-16
212 1.06808e-16 3.44e-19
213 3.47155e-17 1.41549e-16
214 -9.94407e-18 3.50865e-17
215 -1.29861e-17 -4.75962e-18
216 5.18289e-17 -4.84138e-18
217 -1.39682e-17 -8.7608e-17
218 1.81252e-18 -1.40312e-18
219 -4.07993e-17 5.91209e-17
220 6.41763e-17 5.9429e-19
221 -6.23136e-17 -4.07108e-17
222 -4.06996e-17 -7.19074e-17
223 2.85483e-17 -2.30207e-17
224 1.01048e-16 -2.20076e-17
225 -1.41476e-16 -3.31668e-17
226 2.2514e-17 -6.68752e-18
227 8.49671e-17 1.59652e-16
228 -1.3888e-16 -5.09257e-17
229 -2.318e-17 3.00186e-17
230 1.15466e-16 8.2238e-17
231 -9.63802e-17 -1.47853e-16
232 3.6611e-17 1.07931e-16
233 1.54116e-17 1.43359e-16
234 -2.34267e-17 -4.69024e-17
235 1.32861e-16 3.31298e-17
236 1.72723e-16 1.00953e-16
237 -1.18157e-16 -3.58038e-17
238 1.28794e-16 2.51719e-17
239 -2.20834e-17 -2.0423e-17
240 5.6751e-17 -2.39569e-17
241 -6.13254e-17 -2.71688e-17
242 -2.75191e-17 -3.92426e-17
243 7.49757e-18 -2.02553e-17
244 4.0365e-17 -5.04802e-17
245 -4.52589e-17 5.4042e-17
246 5.11645e-17 -1.18835e-17
247 -5.51911e-17 -5.93266e-17
248 -5.62629e-17 2.28801e-17
249 -3.72559e-17 2.87172e-17
250 -1.06026e-16 -3.90495e-17
251 4.82912e-17 7.74909e-17
252 -1.92269e-16 -6.05976e-17
253 5.8011e-17 3.83389e-17
254 -5.53701e-17 -2.25891e-16
255 1.61565e-16 -8.38239e-17
256 -7.00165e-17 -2.81429e-17
257 3.30092e-17 4.20926e-17
258 -6.67717e-17 2.1682e-17
259 -2.07246e-17 -1.58252e-16
260 3.69974e-17 4.56605e-17
261 -1.45092e-17 -3.98796e-17
262 -3.76665e-17 -5.34823e-17
263 8.97788e-17 6.71196e-17
264 -4.7458e-17 1.2092e-17
265 -3.01096e-17 8.75308e-17
266 -1.44487e-16 -1.00462e-16
267 -6.97323e-17 8.58833e-17
268 -1.10686e-16 -2.27573e-17
269 2.93179e-17 2.58969e-17
270 9.42086e-17 -1.01245e-16
271 -2.4197e-18 -4.87876e-17
272 6.98149e-17 -3.46579e-17
273 -4.4312e-20 6.79264e-17
274 -2.60943e-17 4.80658e-17
275 2.06048e-18 -2.84642e-17
276 9.07192e-17 3.54371e-18
277 3.11823e-17 -5.71274e-17
278 -3.29365e-17 -3.21433e-17
279 -6.15755e-17 -1.34778e-16
280 -1.94418e-17 -8.04113e-18
281 1.28585e-16 -1.55066e-17
282 5.80401e-17 4.8737e-17
283 4.74642e-17 3.50815e-17
284 -6.09056e-17 -5.54939e-17
285 1.08894e-16 5.46733e-17
286 -2.27644e-16 -3.01932e-17
287 2.92416e-17 1.21652e-16
288 7.78905e-17 -1.67579e-16
289 8.01434e-18 -5.39556e-18
290 3.41309e-18 2.34637e-18
291 -5.68483e-17 -2.3196e-17
292 -4.73213e-17 -7.96678e-17
293 -1.91151e-17 -5.06832e-17
294 4.80445e-17 -8.95655e-17
295 -8.01314e-17 -4.69759e-17
296 3.46835e-17 -6.13161e-17
297 -4.65695e-17 5.03599e-17
298 -2.47609e-17 4.94864e-17
299 4.8251e-17 7.27715e-17
300 -1.14871e-17 9.46244e-17
301 -1.5637e-16 2.04569e-16
302 -6.77863e-17 -8.09861e-18
303 -1.50493e-17 4.1434e-17
304 1.23917e-16 5.04759e-17
305 4.32581e-17 -1.56133e-16
306 4.36894e-17 -7.89248e-17
307 6.27803e-17 8.70787e-18
308 2.20348e-17 -1.08859e-16
309 1.81314e-17 1.04807e-16
310 8.84063e-17 -6.85381e-17
311 -1.32114e-16 -1.00886e-16
312 1.30798e-16 6.88643e-17
313 -7.52384e-17 3.29343e-17
314 3.69536e-17 1.47992e-16
315 -9.32575e-17 -1.16563e-16
316 1.17286e-16 2.17346e-16
317 1.20106e-16 1.06068e-16
318 -2.02993e-17 6.69663e-17
319 1.19653e-17 -9.34988e-18
320 3.96863e-17 2.03874e-16
321 -1.74149e-17 -9.9518e-17
322 -3.63648e-17 5.89576e-17
323 7.29486e-17 -3.40795e-17
324 -3.70663e-17 -1.08417e-16
325 1.4326e-16 -1.15984e-16
326 -9.75365e-17 -4.53944e-19
327 -2.59922e-17 -7.99934e-18
328 7.53422e-17 5.02623e-17
329 -6.11309e-17 -2.67935e-17
330 -5.79074e-17 3.35693e-19
331 -1.44378e-17 -1.1734e-16
332 3.57632e-19 1.85544e-17
333 -2.76281e-17 -2.22316e-17
334 -1.17965e-16 5.21541e-17
335 -4.63102e-17 -6.39002e-17
336 1.59618e-17 1.17673e-17
337 -6.25002e-17 8.07069e-18
338 4.78092e-17 1.69599e-17
339 -1.3523e-16 6.36379e-17
340 -2.58499e-17 -6.79403e-17
341 -6.8065e-17 -6.40306e-17
342 1.52924e-16 2.49926e-17
343 -1.25546e-16 -1.92289e-17
344 1.08805e-16 -2.15813e-17
345 -1.0209e-16 -6.58887e-17
346 -2.20079e-17 7.29625e-17
347 2.33504e-17 3.41816e-18
348 3.66241e-19 -3.55028e-17
349 4.52036e-17 1.35041e-16
350 -1.4335e-16 -3.48767e-17
351 -2.94895e-17 3.00154e-17
352 1.71094e-16 -8.9757e-17
353 -1.48417e-16 -5.48794e-17
354 -6.06443e-17 -9.04747e-17
355 1.77239e-17 1.40232e-16
356 1.6288e-17 7.03642e-17
357 4.25394e-17 5.39227e-17
358 4.67374e-17 2.70515e-16
359 -4.19806e-18 -6.79379e-17
360 -9.86309e-17 1.14489e-16
361 -1.52613e-18 -5.84144e-17
362 -1.23356e-17 1.58734e-16
363 1.3278e-16 6.00191e-17
364 -1.23397e-16 6.27135e-17
365 4.94527e-18 -3.87701e-18
366 1.55144e-16 7.71479e-17
367 8.95755e-18 -1.19187e-16
368 4.19482e-17 1.54995e-16
369 3.71185e-17 -1.46449e-16
370 -2.51717e-17 2.24621e-17
371 2.28167e-17 -9.66842e-17
372 4.8023e-18 -9.08055e-17
373 1.42222e-16 -1.13325e-16
374 7.1863e-17 -2.33088e-17
375 -1.80144e-17 -5.45692e-17
376 2.41777e-18 1.00003e-17
377 -2.03687e-17 -2.41794e-18
378 1.10138e-17 3.27613e-17
379 -1.17203e-16 -1.66815e-16
380 9.23485e-17 5.0873e-17
381 -7.5911e-17 -1.11418e-16
382 9.95285e-18 1.17156e-16
383 6.92097e-17 -4.87044e-17
384 -3.0258e-17 -5.42738e-17
385 3.68857e-17 -3.4172e-17
386 -9.50262e-18 1.32813e-17
387 -4.64374e-17 -2.62598e-17
388 1.27409e-16 7.76877e-17
389 -9.31402e-17 4.12754e-17
390 5.60331e-17 1.53696e-16
391 -1.08511e-16 -7.6769e-17
392 -1.00622e-16 4.9813e-17
393 1.33139e-16 -2.35154e-17
394 -8.48446e-17 -1.42852e-16
395 1.35613e-16 2.8842e-17
396 4.67942e-17 -8.45387e-17
397 -1.04969e-16 -7.52577e-17
398 -3.33477e-17 -5.1894e-17
399 4.70249e-17 2.88612e-17
400 1.46154e-17 -7.43766e-17
401 9.10836e-17 2.44795e-16
402 3.94535e-17 1.01721e-17
403 -8.64884e-17 -4.15773e-17
404 7.0386e-17 1.6562e-17
405 1.56666e-17 -1.74708e-17
406 -1.146e-16 -7.52466e-17
407 -1.23199e-17 6.48188e-18
408 9.64646e-17 -1.03934e-16
409 -6.32612e-18 -9.88655e-17
410 1.1419e-16 2.63725e-16
411 -9.39499e-17 -1.56741e-16
412 -7.41335e-17 -9.6786e-17
413 2.69443e-17 -2.38579e-17
414 2.96659e-17 -1.95863e-17
415 -1.45655e-16 -1.14118e-16
416 4.24465e-17 -7.90024e-17
417 -1.04712e-16 -1.69639e-17
418 3.69236e-17 1.26704e-16
419 5.16266e-17 9.28518e-17
420 -1.96663e-16 -1.27444e-16
421 8.84694e-17 1.2676e-16
422 1.27029e-16 2.03313e-17
423 -1.22735e-16 -2.71535e-17
424 4.70291e-17 1.17178e-16
425 2.0211e-16 3.28158e-17
426 -1.83745e-16 -7.77064e-17
427 1.83049e-16 -3.86223e-17
428 1.72558e-16 1.39539e-16
429 6.16624e-17 -1.40439e-16
430 8.30304e-17 -2.07311e-17
431 1.89416e-16 3.23467e-17
432 5.55995e-18 2.68978e-16
433 -2.06498e-16 -2.58392e-16
434 -2.20465e-16 -1.2419e-16
435 3.5682e-16 6.71844e-16
436 4.87415e-16 1.01109e-16
437 -1.37077e-15 -1.731e-15
438 -9.75427e-16 2.99511e-16
439 3.42994e-15 4.04591e-15
440 1.47027e-15 -1.06767e-15
441 -8.58851e-15 -1.00904e-14
442 -3.61528e-15 2.43833e-15
443 2.18171e-14 2.58783e-14
444 1.04447e-14 -4.80789e-15
445 -5.5076e-14 -6.69194e-14
446 -3.38053e-14 2.76432e-15
447 1.35857e-13 1.72311e-13
448 1.15476e-13 3.05726e-14
449 -3.20945e-13 -4.35519e-13
450 -3.91066e-13 -2.10756e-13
451 7.00608e-13 1.05339e-12
452 1.27199e-12 9.48986e-13
453 -1.28797e-12 -2.32185e-12
454 -3.88684e-12 -3.54899e-12
455 1.40164e-12 4.20811e-12
456 1.08666e-11 1.15601e-11
457 2.73098e-12 -4.01516e-12
458 -2.66012e-11 -3.27044e-11
459 -2.5119e-11 -1.20613e-11
460 5.13997e-11 7.65726e-11
461 1.05187e-10 9.13028e-11
462 -4.91191e-11 -1.25098e-10
463 -3.18335e-10 -3.48783e-10
464 -1.59878e-10 7.42037e-12
465 6.85126e-10 9.24752e-10
466 1.10924e-09 9.21093e-10
467 -6.40991e-10 -1.45808e-09
468 -3.63926e-09 -4.06068e-09
469 -2.49508e-09 -8.73723e-10
470 6.65196e-09 9.70195e-09
471 1.49663e-08 1.46139e-08
472 1.83281e-09 -6.52827e-09
473 -3.73999e-08 -4.78796e-08
474 -5.76256e-08 -5.07567e-08
475 1.56871e-08 5.2988e-08
476 1.78162e-07 2.17037e-07
477 2.37938e-07 2.02096e-07
478 -9.18055e-08 -2.51451e-07
479 -7.95231e-07 -9.70702e-07
480 -1.13537e-06 -1.02419e-06
481 1.09932e-07 7.67772e-07
482 3.27822e-06 4.20671e-06
483 5.97108e-06 6.02487e-06
484 2.86113e-06 5.37848e-07
485 -1.04506e-05 -1.53008e-05
486 -2.96683e-05 -3.37025e-05
487 -3.53002e-05 -3.12509e-05
488 3.10221e-06 2.26087e-05
489 0.000103988 0.000137605
490 0.000234909 0.000262083
491 0.000278303 0.000255195
492 3.83827e-05 -8.94941e-05
493 -0.000673351 -0.000934753
494 -0.00185902 -0.0021993
495 -0.00309068 -0.00330817
496 -0.00328032 -0.00298267
497 -0.000572462 0.000818955
498 0.00754095 0.0107206
499 0.0238397 0.0294832
500 0.0507719 0.0593627
501 0.0897601 0.101422
502 0.140603 0.154987
503 0.201157 0.21742
504 0.267412 0.284302
505 0.333978 0.350014
506 0.394884 0.408584
507 0.444508 0.454622
508 0.478438 0.484128
509 0.494083 0.495023
510 0.490926 0.48731
511 0.470422 0.462881
512 0.435583 0.425054
513 0.390394 0.377953
514 0.339176 0.325893
515 0.286025 0.272835
516 0.234389 0.222025
517 0.186842 0.175799
518 0.145018 0.135561
519 0.109684 0.101887
520 0.0809041 0.0746955
521 0.0582388 0.0534513
522 0.0409401 0.0373583
523 0.0281217 0.0255174
524 0.0188855 0.0170428
525 0.0124061 0.0111359
526 0.00797571 0.00712177
527 0.00502029 0.00445991
528 0.00309525 0.00273602
529 0.00187001 0.0016449
530 0.00110747 0.000969488
531 0.000643161 0.00056038
532 0.000366393 0.000317763
533 0.000204812 0.000176823
534 0.000112375 9.65869e-05
535 6.05371e-05 5.18043e-05
536 3.20276e-05 2.72896e-05
537 1.66453e-05 1.41229e-05
538 8.50025e-06 7.18209e-06
539 4.26626e-06 3.5899e-06
540 2.10492e-06 1.76407e-06
541 1.02116e-06 8.52395e-07
542 4.87202e-07 4.05089e-07
543 2.2865e-07 1.89378e-07
544 1.05575e-07 8.71086e-08
545 4.79688e-08 3.94297e-08
546 2.14508e-08 1.75668e-08
547 9.44252e-09 7.70451e-09
548 4.09227e-09 3.32697e-09
549 1.74639e-09 1.41473e-09
550 7.33985e-10 5.92494e-10
551 3.03854e-10 2.44425e-10
552 1.23918e-10 9.93388e-11
553 4.97922e-11 3.978e-11
554 1.97152e-11 1.56978e-11
555 7.69321e-12 6.10521e-12
556 2.95895e-12 2.34046e-12
557 1.12188e-12 8.84491e-13
558 4.19353e-13 3.29556e-13
559 1.54558e-13 1.21076e-13
560 5.61733e-14 4.38656e-14
561 2.01345e-14 1.5674e-14
562 7.11817e-15 5.52414e-15
563 2.48232e-15 1.92055e-15
564 8.53991e-16 6.58728e-16
565 2.89865e-16 2.22918e-16
566 9.70789e-17 7.44364e-17
567 3.20834e-17 2.45281e-17
568 1.04641e-17 7.97664e-18
569 3.36842e-18 2.5603e-18
570 1.07026e-18 8.1117e-19
571 3.35681e-19 2.53699e-19
572 1.03938e-19 7.83333e-20
573 3.17734e-20 2.38796e-20
574 9.59023e-21 7.18778e-21
575 2.85826e-21 2.13639e-21
576 8.41228e-22 6.27067e-22
577 2.44509e-22 1.81772e-22
578 7.01898e-23 5.20415e-23
579 1.99013e-23 1.47167e-23
580 5.57372e-24 4.11089e-24
581 1.54203e-24 1.13437e-24
582 4.21454e-25 3.09237e-25
583 1.13801e-25 8.32868e-26
584 3.03601e-26 2.21631e-26
585 8.0029e-27 5.82751e-27
586 2.08451e-27 1.5141e-27
587 5.36534e-28 3.88752e-28
588 1.36474e-28 9.86407e-29
589 3.43071e-29 2.47361e-29
590 8.52359e-30 6.13081e-30
591 2.09309e-30 1.50189e-30
592 5.08042e-31 3.63676e-31
593 1.21893e-31 8.70496e-32
594 2.89101e-32 2.05975e-32
595 6.7784e-33 4.81814e-33
596 1.5712e-33 1.11424e-33
597 3.60069e-34 2.5476e-34
598 8.15837e-35 5.75914e-35
599 1.8277e-35 1.28728e-35
600 4.04863e-36 2.84511e-36
601 8.86807e-37 6.21798e-37
602 1.92082e-37 1.34382e-37
603 4.1143e-38 2.87206e-38
604 8.71513e-39 6.07043e-39
605 1.82573e-39 1.26893e-39
606 3.78266e-40 2.62337e-40
607 7.7513e-41 5.36418e-41
608 1.57102e-41 1.08488e-41
609 3.14943e-42 2.17027e-42
610 6.24511e-43 4.29445e-43
611 1.22496e-43 8.40583e-44
612 2.37677e-44 1.62759e-44
613 4.56197e-45 3.11754e-45
614 8.66221e-46 5.90742e-46
615 1.62716e-46 1.10742e-46
616 3.0239e-47 2.05386e-47
617 5.55971e-48 3.76862e-48
618 1.01134e-48 6.84162e-49
619 1.82019e-49 1.22889e-49
620 3.24128e-50 2.18401e-50
621 5.71098e-51 3.84057e-51
622 9.95655e-52 6.68261e-52
623 1.7176e-52 1.15058e-52
624 2.93197e-53 1.96027e-53
625 4.95259e-54 3.30489e-54
626 8.27845e-55 5.51374e-55
627 1.36937e-55 9.1032e-56
628 2.24157e-56 1.48734e-56
629 3.63127e-57 2.40492e-57
630 5.82162e-58 3.84838e-58
631 9.23673e-59 6.09465e-59
632 1.45041e-59 9.55259e-60
633 2.25406e-60 1.48185e-60
634 3.46701e-61 2.27511e-61
635 5.27794e-62 3.45721e-62
636 7.95247e-63 5.19975e-63
637 1.18597e-63 7.74065e-64
638 1.7506e-64 1.14056e-64
639 2.5577e-65 1.66346e-65
640 3.69884e-66 2.4014e-66
641 5.29472e-67 3.4315e-67
642 7.50219e-68 4.8537e-68
643 1.05222e-68 6.79579e-69
644 1.46084e-69 9.41867e-70
645 2.00763e-70 1.29219e-70
646 2.7312e-71 1.75493e-71
647 3.67806e-72 2.35933e-72
648 4.90325e-73 3.13995e-73
649 6.47072e-74 4.1368e-74
650 8.45338e-75 5.39534e-75
651 1.09325e-75 6.96611e-76
652 1.39968e-76 8.90395e-77
653 1.77402e-77 1.12668e-77
654 2.22594e-78 1.41139e-78
655 2.76501e-79 1.75035e-79
656 3.40026e-80 2.14902e-80
657 4.13964e-81 2.61213e-81
658 4.98944e-82 3.14333e-82
659 5.95364e-83 3.74482e-83
660 7.03328e-84 4.41693e-84
661 8.22583e-85 5.15774e-85
662 9.52469e-86 5.96281e-86
663 1.09188e-86 6.82492e-87
664 1.23922e-87 7.73395e-88
665 1.39245e-88 8.67688e-89
666 1.54906e-89 9.63799e-90
667 1.70615e-90 1.05992e-90
668 1.86047e-91 1.15404e-91
669 2.00859e-92 1.24403e-92
670 2.14695e-93 1.32773e-93
671 2.27205e-94 1.40299e-94
672 2.38054e-95 1.4678e-95
673 2.46944e-96 1.52037e-96
674 2.53621e-97 1.55918e-97
675 2.57892e-98 1.58312e-98
676 2.59631e-99 1.59147e-99
677 2.58785e-100 1.58398e-100
678 2.55381e-101 1.56089e-101
679 2.49517e-102 1.52286e-102
680 2.41367e-103 1.47101e-103
681 2.31163e-104 1.40682e-104
682 2.1919e-105 1.33207e-105
683 2.05771e-106 1.24876e-106
684 1.91253e-107 1.15903e-107
685 1.75991e-108 1.06505e-108
686 1.60336e-109 9.68961e-110
687 1.4462e-110 8.72774e-111
688 1.29145e-111 7.78311e-112
689 1.14177e-112 6.87163e-113
690 9.99374e-114 6.00646e-114
691 8.66016e-115 5.19789e-115
692 7.42965e-116 4.45331e-116
693 6.31034e-117 3.77733e-117
694 5.30611e-118 3.17196e-118
695 4.41709e-119 2.637e-119
696 3.64024e-120 2.17034e-120
697 2.96998e-121 1.76839e-121
698 2.39885e-122 1.42645e-122
699 1.91811e-123 1.1391e-123
700 1.51833e-124 9.00509e-125
701 1.18979e-125 7.04745e-126
702 9.22971e-127 5.45996e-127
703 7.0878e-128 4.18751e-128
704 5.38812e-129 3.17927e-129
705 4.05471e-130 2.38945e-130
706 3.02048e-131 1.77773e-131
707 2.2273e-132 1.30925e-132
708 1.62579e-133 9.54472e-134
709 1.1747e-134 6.88787e-135
710 8.40163e-136 4.92018e-136
711 5.94791e-137 3.47893e-137
712 4.16799e-138 2.43486e-138
713 2.89096e-139 1.68678e-139
714 1.98476e-140 1.15663e-140
715 1.34869e-141 7.85004e-142
716 9.071e-143 5.27338e-143
717 6.03845e-144 3.50621e-144
718 3.97849e-145 2.30733e-145
719 2.59433e-146 1.5028e-146
720 1.67432e-147 9.68723e-148
721 1.06943e-148 6.18019e-149
722 6.76023e-150 3.9021e-150
723 4.22916e-151 2.43828e-151
724 2.61832e-152 1.50781e-152
725 1.60421e-153 9.22743e-154
726 9.72655e-155 5.58827e-155
727 5.83591e-156 3.3491e-156
728 3.46499e-157 1.98621e-157
729 2.03577e-158 1.16562e-158
730 1.18353e-159 6.7689e-160
731 6.80846e-161 3.88952e-161
732 3.87546e-162 2.21148e-162
733 2.1827e-163 1.24414e-163
734 1.21633e-164 6.92536e-165
735 6.70633e-166 3.81413e-166
736 3.65835e-167 2.07834e-167
737 1.97443e-168 1.12046e-168
738 1.05425e-169 5.97616e-170
739 5.569e-171 3.15344e-171
740 2.91028e-172 1.64616e-172
741 1.50454e-173 8.50108e-174
742 7.69438e-175 4.34288e-175
743 3.89252e-176 2.19468e-176
744 1.94789e-177 1.09709e-177
745 9.64189e-179 5.42477e-179
746 4.72075e-180 2.65321e-180
747 2.28612e-181 1.28352e-181
748 1.095e-182 6.14073e-183
749 5.19851e-184 2.77026e-184
750 4.86063e-185 -2.77026e-184
751 5.19851e-184 -6.14073e-183
752 1.095e-182 -1.28352e-181
753 2.28612e-181 -2.65321e-180
754 4.72075e-180 -5.42477e-179
755 9.64189e-179 -1.09709e-177
756 1.94789e-177 -2.19468e-176
757 3.89252e-176 -4.34288e-175
758 7.69438e-175 -8.50108e-174
759 1.50454e-173 -1.64616e-172
760 2.91028e-172 -3.15344e-171
761 5.569e-171 -5.97616e-170
762 1.05425e-169 -1.12046e-168
763 1.97443e-168 -2.07834e-167
764 3.65835e-167 -3.81413e-166
765 6.70633e-166 -6.92536e-165
766 1.21633e-164 -1.24414e-163
767 2.1827e-163 -2.21148e-162
768 3.87546e-162 -3.88952e-161
769 6.80846e-161 -6.7689e-160
770 1.18353e-159 -1.16562e-158
771 2.03577e-158 -1.98621e-157
772 3.46499e-157 -3.3491e-156
773 5.83591e-156 -5.58827e-155
774 9.72655e-155 -9.22743e-154
775 1.60421e-153 -1.50781e-152
776 2.61832e-152 -2.43828e-151
777 4.22916e-151 -3.9021e-150
778 6.76023e-150 -6.18019e-149
779 1.06943e-148 -9.68723e-148
780 1.67432e-147 -1.5028e-146
781 2.59433e-146 -2.30733e-145
782 3.97849e-145 -3.50621e-144
783 6.03845e-144 -5.27338e-143
784 9.071e-143 -7.85004e-142
785 1.34869e-141 -1.15663e-140
786 1.98476e-140 -1.68678e-139
787 2.89096e-139 -2.43486e-138
788 4.16799e-138 -3.47893e-137
789 5.94791e-137 -4.92018e-136
790 8.40163e-136 -6.88787e-135
791 1.1747e-134 -9.54472e-134
792 1.62579e-133 -1.30925e-132
793 2.2273e-132 -1.77773e-131
794 3.02048e-131 -2.38945e-130
795 4.05471e-130 -3.17927e-129
796 5.38812e-129 -4.18751e-128
797 7.0878e-128 -5.45996e-127
798 9.22971e-127 -7.04745e-126
799 1.18979e-125 -9.00509e-125
800 1.51833e-124 -1.1391e-123
801 1.91811e-123 -1.42645e-122
802 2.39885e-122 -1.76839e-121
803 2.96998e-121 -2.17034e-120
804 3.64024e-120 -2.637e-119
805 4.41709e-119 -3.17196e-118
806 5.30611e-118 -3.77733e-117
807 6.31034e-117 -4.45331e-116
808 7.42965e-116 -5.19789e-115
809 8.66016e-115 -6.00646e-114
810 9.99374e-114 -6.87163e-113
811 1.14177e-112 -7.78311e-112
812 1.29145e-111 -8.72774e-111
813 1.4462e-110 -9.68961e-110
814 1.60336e-109 -1.06505e-108
815 1.75991e-108 -1.15903e-107
816 1.91253e-107 -1.24876e-106
817 2.05771e-106 -1.33207e-105
818 2.1919e-105 -1.40682e-104
819 2.31163e-104 -1.47101e-103
820 2.41367e-103 -1.52286e-102
821 2.49517e-102 -1.56089e-101
822 2.55381e-101 -1.58398e-100
823 2.58785e-100 -1.59147e-99
824 2.59631e-99 -1.58312e-98
825 2.57892e-98 -1.55918e-97
826 2.53621e-97 -1.52037e-96
827 2.46944e-96 -1.4678e-95
828 2.38054e-95 -1.40299e-94
829 2.27205e-94 -1.32773e-93
830 2.14695e-93 -1.24403e-92
831 2.00859e-92 -1.15404e-91
832 1.86047e-91 -1.05992e-90
833 1.70615e-90 -9.63799e-90
834 1.54906e-89 -8.67688e-89
835 1.39245e-88 -7.73395e-88
836 1.23922e-87 -6.82492e-87
837 1.09188e-86 -5.96281e-86
838 9.52469e-86 -5.15774e-85
839 8.22583e-85 -4.41693e-84
840 7.03328e-84 -3.74482e-83
841 5.95364e-83 -3.14333e-82
842 4.98944e-82 -2.61213e-81
843 4.13964e-81 -2.14902e-80
844 3.40026e-80 -1.75035e-79
845 2.76501e-79 -1.41139e-78
846 2.22594e-78 -1.12668e-77
847 1.77402e-77 -8.90395e-77
848 1.39968e-76 -6.96611e-76
849 1.09325e-75 -5.39534e-75
850 8.45338e-75 -4.1368e-74
851 6.47072e-74 -3.13995e-73
852 4.90325e-73 -2.35933e-72
853 3.67806e-72 -1.75493e-71
854 2.7312e-71 -1.29219e-70
855 2.00763e-70 -9.41867e-70
856 1.46084e-69 -6.79579e-69
857 1.05222e-68 -4.8537e-68
858 7.50219e-68 -3.4315e-67
859 5.29472e-67 -2.4014e-66
860 3.69884e-66 -1.66346e-65
861 2.5577e-65 -1.14056e-64
862 1.7506e-64 -7.74065e-64
863 1.18597e-63 -5.19975e-63
864 7.95247e-63 -3.45721e-62
865 5.27794e-62 -2.27511e-61
866 3.46701e-61 -1.48185e-60
867 2.25406e-60 -9.55259e-60
868 1.45041e-59 -6.09465e-59
869 9.23673e-59 -3.84838e-58
870 5.82162e-58 -2.40492e-57
871 3.63127e-57 -1.48734e-56
872 2.24157e-56 -9.1032e-56
873 1.36937e-55 -5.51374e-55
874 8.27845e-55 -3.30489e-54
875 4.95259e-54 -1.96027e-53
876 2.93197e-53 -1.15058e-52
877 1.7176e-52 -6.68261e-52
878 9.95655e-52 -3.84057e-51
879 5.71098e-51 -2.18401e-50
880 3.24128e-50 -1.22889e-49
881 1.82019e-49 -6.84162e-49
882 1.01134e-48 -3.76862e-48
883 5.55971e-48 -2.05386e-47
884 3.0239e-47 -1.10742e-46
885 1.62716e-46 -5.90742e-46
886 8.66221e-46 -3.11754e-45
887 4.56197e-45 -1.62759e-44
888 2.37677e-44 -8.40583e-44
889 1.22496e-43 -4.29445e-43
890 6.24511e-43 -2.17027e-42
891 3.14943e-42 -1.08488e-41
892 1.57102e-41 -5.36418e-41
893 7.7513e-41 -2.62337e-40
894 3.78266e-40 -1.26893e-39
895 1.82573e-39 -6.07043e-39
896 8.71513e-39 -2.87206e-38
897 4.1143e-38 -1.34382e-37
898 1.92082e-37 -6.21798e-37
899 8.86807e-37 -2.84511e-36
900 4.04863e-36 -1.28728e-35
901 1.8277e-35 -5.75914e-35
902 8.15837e-35 -2.5476e-34
903 3.60069e-34 -1.11424e-33
904 1.5712e-33 -4.81814e-33
905 6.7784e-33 -2.05975e-32
906 2.89101e-32 -8.70496e-32
907 1.21893e-31 -3.63676e-31
908 5.08042e-31 -1.50189e-30
909 2.09309e-30 -6.13081e-30
910 8.52359e-30 -2.47361e-29
911 3.43071e-29 -9.86407e-29
912 1.36474e-28 -3.88752e-28
913 5.36534e-28 -1.5141e-27
914 2.08451e-27 -5.82751e-27
915 8.0029e-27 -2.21631e-26
916 3.03601e-26 -8.32868e-26
917 1.13801e-25 -3.09237e-25
918 4.21454e-25 -1.13437e-24
919 1.54203e-24 -4.11089e-24
920 5.57372e-24 -1.47167e-23
921 1.99013e-23 -5.20415e-23
922 7.01898e-23 -1.81772e-22
923 2.44509e-22 -6.27067e-22
924 8.41228e-22 -2.13639e-21
925 2.85826e-21 -7.18778e-21
926 9.59023e-21 -2.38796e-20
927 3.17734e-20 -7.83333e-20
928 1.03938e-19 -2.53699e-19
929 3.35681e-19 -8.1117e-19
930 1.07026e-18 -2.5603e-18
931 3.36842e-18 -7.97664e-18
932 1.04641e-17 -2.45281e-17
933 3.20834e-17 -7.44364e-17
934 9.70789e-17 -2.22918e-16
935 2.89865e-16 -6.58728e-16
936 8.53991e-16 -1.92055e-15
937 2.48232e-15 -5.52414e-15
938 7.11817e-15 -1.5674e-14
939 2.01345e-14 -4.38656e-14
940 5.61733e-14 -1.21076e-13
941 1.54558e-13 -3.29556e-13
942 4.19353e-13 -8.84491e-13
943 1.12188e-12 -2.34046e-12
944 2.95895e-12 -6.10521e-12
945 7.69321e-12 -1.56978e-11
946 1.97152e-11 -3.978e-11
947 4.97922e-11 -9.93388e-11
948 1.23918e-10 -2.44425e-10
949 3.03854e-10 -5.92494e-10
950 7.33985e-10 -1.41473e-09
951 1.74639e-09 -3.32697e-09
952 4.09227e-09 -7.70451e-09
953 9.44252e-09 -1.75668e-08
954 2.14508e-08 -3.94297e-08
955 4.79688e-08 -8.71086e-08
956 1.05575e-07 -1.89378e-07
957 2.2865e-07 -4.05089e-07
958 4.87202e-07 -8.52395e-07
959 1.02116e-06 -1.76407e-06
960 2.10492e-06 -3.5899e-06
961 4.26626e-06 -7.18209e-06
962 8.50025e-06 -1.41229e-05
963 1.66453e-05 -2.72896e-05
964 3.20276e-05 -5.18043e-05
965 6.05371e-05 -9.65869e-05
966 0.000112375 -0.000176823
967 0.000204812 -0.000317763
968 0.000366393 -0.00056038
969 0.000643161 -0.000969488
970 0.00110747 -0.0016449
971 0.00187001 -0.00273602
972 0.00309525 -0.00445991
973 0.00502029 -0.00712177
974 0.00797571 -0.0111359
975 0.0124061 -0.0170428
976 0.0188855 -0.0255174
977 0.0281217 -0.0373583
978 0.0409401 -0.0534513
979 0.0582388 -0.0746955
980 0.0809041 -0.101887
981 0.109684 -0.135561
982 0.145018 -0.175799
983 0.186842 -0.222025
984 0.234389 -0.272835
985 0.286025 -0.325893
986 0.339176 -0.377953
987 0.390394 -0.425054
988 0.435583 -0.462881
989 0.470422 -0.48731
990 0.490926 -0.495023
991 0.494083 -0.484128
992 0.478438 -0.454622
993 0.444508 -0.408584
994 0.394884 -0.350014
995 0.333978 -0.284302
996 0.267412 -0.21742
997 0.201157 -0.154987
998 0.140603 -0.101422
999 0.0897601 -0.0593627
