0 0.0114178 0.00653113
1 0.00997416 0.0060809
2 0.00802189 0.00621222
3 0.0058373 0.00655685
4 0.00380526 0.00672344
5 0.00229111 0.00641085
6 0.00152269 0.00549622
7 0.00151969 0.00407081
8 0.00209087 0.0024108
9 0.00289678 0.000889628
10 0.00355549 -0.000142197
11 0.00375732 -0.000472082
12 0.00335388 -9.70867e-05
13 0.00239684 0.000772439
14 0.00111679 0.00177979
15 -0.000149827 0.00253763
16 -0.00106437 0.00275375
17 -0.00139015 0.00232418
18 -0.00106678 0.00136273
19 -0.000231522 0.000158047
20 0.000820545 -0.000925505
21 0.0017277 -0.00156852
22 0.00217681 -0.00159814
23 0.00200571 -0.00103851
24 0.001258 -9.64442e-05
25 0.000169829 0.00090951
26 -0.00090851 0.00165173
27 -0.00163046 0.00189482
28 -0.00177005 0.00156535
29 -0.00129709 0.000770805
30 -0.00038477 -0.000236321
31 0.000652115 -0.00113796
32 0.00146572 -0.00164981
33 0.00179185 -0.00161122
34 0.001535 -0.00103772
35 0.000794017 -0.00011865
36 -0.000177271 0.000841954
37 -0.00105845 0.00152404
38 -0.00156847 0.00169853
39 -0.0015542 0.00130638
40 -0.00103455 0.000480884
41 -0.000188923 -0.000496228
42 0.000703753 -0.00129148
43 0.00135483 -0.00163545
44 0.00155681 -0.00141657
45 0.00124806 -0.00071892
46 0.000532153 0.00020946
47 -0.000354574 0.0010458
48 -0.00111837 0.00150654
49 -0.0015039 0.00144463
50 -0.00138021 0.000896229
51 -0.000787615 6.20104e-05
52 7.25428e-05 -0.000767469
53 0.000904432 -0.00131378
54 0.00141961 -0.00140365
55 0.00143892 -0.00102209
56 0.000957402 -0.000310619
57 0.000147288 0.000485512
58 -0.000703231 0.00110095
59 -0.00129381 0.00133662
60 -0.00142008 0.00112199
61 -0.00104613 0.000535117
62 -0.000314624 -0.000224491
63 0.000508135 -0.000901351
64 0.00113065 -0.00126763
65 0.00134087 -0.00119893
66 0.00107866 -0.000717632
67 0.00045126 1.20082e-05
68 -0.000311219 0.000737389
69 -0.000941114 0.00120382
70 -0.00122717 0.00124458
71 -0.00108401 0.000842651
72 -0.000575187 0.000140078
73 0.00011493 -0.000610612
74 0.000747586 -0.00113727
75 0.00111064 -0.00124839
76 0.00108749 -0.00090501
77 0.000692935 -0.000236162
78 6.59239e-05 0.000509203
79 -0.000577529 0.00105593
80 -0.0010164 0.0012062
81 -0.00109896 0.00091274
82 -0.000795355 0.000293869
83 -0.000210168 -0.00041468
84 0.000451145 -0.000951024
85 0.000952531 -0.00112528
86 0.00111135 -0.000887034
87 0.000866292 -0.000337996
88 0.000303281 0.000311967
89 -0.000372591 0.000825989
90 -0.00091102 0.00102653
91 -0.00111005 0.000855427
92 -0.000893799 0.000388072
93 -0.00034349 -0.000199807
94 0.000331929 -0.000698056
95 0.000875452 -0.000935925
96 0.00108141 -0.000838629
97 0.000875268 -0.000449061
98 0.000341842 9.05365e-05
99 -0.000309419 0.000589219
100 -0.00082781 0.000872924
101 -0.00101953 0.000843571
102 -0.000821242 0.000512578
103 -0.000320553 -2.39985e-06
104 0.000282945 -0.000517198
105 0.000758392 -0.00084509
106 0.000932824 -0.000863829
107 0.000753863 -0.000562137
108 0.000303402 -4.75351e-05
109 -0.000239964 0.000489803
110 -0.000672311 0.000846274
111 -0.0008407 0.000882537
112 -0.000695975 0.000579744
113 -0.000304566 5.07442e-05
114 0.000181865 -0.000500645
115 0.000584972 -0.000858297
116 0.000763916 -0.000879887
117 0.000662708 -0.000555406
118 0.000325899 -1.30959e-05
119 -0.000120631 0.000530963
120 -0.000515529 0.00085984
121 -0.000718393 0.000843799
122 -0.000658084 0.000492874
123 -0.000357281 -4.79674e-05
124 7.49521e-05 -0.000559057
125 0.000480756 -0.000836373
126 0.000709385 -0.00077427
127 0.000672637 -0.000406387
128 0.000379734 0.000111441
129 -6.25597e-05 0.000567865
130 -0.000486957 0.000783368
131 -0.000728045 0.000681567
132 -0.000687232 0.000315771
133 -0.000374486 -0.000158156
134 9.14499e-05 -0.000548939
135 0.00052696 -0.000707665
136 0.000755933 -0.000584221
137 0.000682064 -0.000241198
138 0.000330867 0.000177344
139 -0.000157595 0.000506728
140 -0.000584159 0.000626191
141 -0.000772433 0.000501976
142 -0.000643089 0.000194284
143 -0.000248631 -0.00017155
144 0.000247193 -0.000455923
145 0.000637622 -0.000557304
146 0.000760156 -0.000446907
147 0.000565491 -0.000174747
148 0.00013822 0.000152751
149 -0.000339794 0.000413602
150 -0.000667504 0.000514245
151 -0.000710303 0.000421616
152 -0.000456171 0.000173176
153 -1.85139e-05 -0.000137611
154 0.000414631 -0.000395015
155 0.000662104 -0.000502617
156 0.000626129 -0.000418669
157 0.000331166 -0.000172702
158 -9.04257e-05 0.000143444
159 -0.000458048 0.000408349
160 -0.000620803 0.000516734
161 -0.000519775 0.000421425
162 -0.000208778 0.000154765
163 0.000173434 -0.000180646
164 0.0004654 -0.000450306
165 0.000551511 -0.000541519
166 0.000407569 -0.000411103
167 0.000105498 -0.00010663
168 -0.000222226 0.000249523
169 -0.000440894 0.000508777
170 -0.0004688 0.000558604
171 -0.000306818 0.000372234
172 -3.21682e-05 2.346e-05
173 0.000238194 -0.00034171
174 0.000397263 -0.000566142
175 0.000389689 -0.000549842
176 0.000229616 -0.000295424
177 -1.0261e-05 9.03151e-05
178 -0.000231523 0.000440932
179 -0.000349986 0.000602521
180 -0.000326767 0.000502035
181 -0.000179503 0.000181053
182 2.85755e-05 -0.000220924
183 0.000215527 -0.000527155
184 0.00031219 -0.000601874
185 0.000286582 -0.000411172
186 0.000153294 -3.89473e-05
187 -3.41523e-05 0.0003498
188 -0.000204135 0.000582335
189 -0.000293224 0.000555483
190 -0.000268891 0.000282007
191 -0.000141071 -0.000115055
192 4.13986e-05 -0.000457731
193 0.000208479 -0.000593228
194 0.000294915 -0.000462575
195 0.000265342 -0.000126707
196 0.000129022 0.000261731
197 -6.20829e-05 0.000527881
198 -0.000232218 0.000553732
199 -0.000311315 0.000330835
200 -0.000263853 -3.70622e-05
201 -0.000105202 -0.000382201
202 0.000102195 -0.000549454
203 0.000272673 -0.000466334
204 0.000332495 -0.000174632
205 0.000252035 0.000190205
206 6.07986e-05 0.000461912
207 -0.000162459 0.000519317
208 -0.000321787 0.000340592
209 -0.000345424 1.14661e-05
210 -0.000218555 -0.00031566
211 7.72412e-06 -0.000492267
212 0.000236499 -0.000441275
213 0.000366524 -0.000190813
214 0.000337316 0.000140667
215 0.000157625 0.000400249
216 -9.62496e-05 0.000471105
217 -0.000312645 0.000325156
218 -0.000393744 3.40794e-05
219 -0.000300078 -0.000265589
220 -6.99629e-05 -0.000436373
221 0.000195781 -0.000402905
222 0.000377948 -0.00018521
223 0.000392638 0.000112485
224 0.000230219 0.000351406
225 -3.86803e-05 0.000422789
226 -0.000293756 0.000297377
227 -0.00041899 3.733e-05
228 -0.000355694 -0.00023425
229 -0.000130236 -0.000391376
230 0.000156748 -0.000363522
231 0.000375313 -0.000167278
232 0.000425207 0.000102901
233 0.000282038 0.000319896
234 9.28816e-06 0.000383556
235 -0.00026977 0.000266838
236 -0.000427842 2.7247e-05
237 -0.000391827 -0.000221244
238 -0.000176795 -0.000362169
239 0.000120153 -0.000330974
240 0.000363734 -0.00014452
241 0.000442253 0.00010776
242 0.000319005 0.00030651
243 4.95495e-05 0.000358661
244 -0.000243336 0.000240867
245 -0.000425721 9.94078e-06
246 -0.000413918 -0.000224351
247 -0.000212972 -0.000351209
248 8.54861e-05 -0.000310983
249 0.000345106 -0.000123129
250 0.000447207 0.000123129
251 0.000345106 0.000310983
252 8.54861e-05 0.000351209
253 -0.000212972 0.000224351
254 -0.000413918 -9.94078e-06
255 -0.000425721 -0.000240867
256 -0.000243336 -0.000358661
257 4.95495e-05 -0.00030651
258 0.000319005 -0.00010776
259 0.000442253 0.00014452
260 0.000363734 0.000330974
261 0.000120153 0.000362169
262 -0.000176795 0.000221244
263 -0.000391827 -2.7247e-05
264 -0.000427842 -0.000266838
265 -0.00026977 -0.000383556
266 9.28816e-06 -0.000319896
267 0.000282038 -0.000102901
268 0.000425207 0.000167278
269 0.000375313 0.000363522
270 0.000156748 0.000391376
271 -0.000130236 0.00023425
272 -0.000355694 -3.733e-05
273 -0.00041899 -0.000297377
274 -0.000293756 -0.000422789
275 -3.86803e-05 -0.000351406
276 0.000230219 -0.000112485
277 0.000392638 0.00018521
278 0.000377948 0.000402905
279 0.000195781 0.000436373
280 -6.99629e-05 0.000265589
281 -0.000300078 -3.40794e-05
282 -0.000393744 -0.000325156
283 -0.000312645 -0.000471105
284 -9.62496e-05 -0.000400249
285 0.000157625 -0.000140667
286 0.000337316 0.000190813
287 0.000366524 0.000441275
288 0.000236499 0.000492267
289 7.72412e-06 0.00031566
290 -0.000218555 -1.14661e-05
291 -0.000345424 -0.000340592
292 -0.000321787 -0.000519317
293 -0.000162459 -0.000461912
294 6.07986e-05 -0.000190205
295 0.000252035 0.000174632
296 0.000332495 0.000466334
297 0.000272673 0.000549454
298 0.000102195 0.000382201
299 -0.000105202 3.70622e-05
300 -0.000263853 -0.000330835
301 -0.000311315 -0.000553732
302 -0.000232218 -0.000527881
303 -6.20829e-05 -0.000261731
304 0.000129022 0.000126707
305 0.000265342 0.000462575
306 0.000294915 0.000593228
307 0.000208479 0.000457731
308 4.13986e-05 0.000115055
309 -0.000141071 -0.000282007
310 -0.000268891 -0.000555483
311 -0.000293224 -0.000582335
312 -0.000204135 -0.0003498
313 -3.41523e-05 3.89473e-05
314 0.000153294 0.000411172
315 0.000286582 0.000601874
316 0.00031219 0.000527155
317 0.000215527 0.000220924
318 2.85755e-05 -0.000181053
319 -0.000179503 -0.000502035
320 -0.000326767 -0.000602521
321 -0.000349986 -0.000440932
322 -0.000231523 -9.03151e-05
323 -1.0261e-05 0.000295424
324 0.000229616 0.000549842
325 0.000389689 0.000566142
326 0.000397263 0.00034171
327 0.000238194 -2.346e-05
328 -3.21682e-05 -0.000372234
329 -0.000306818 -0.000558604
330 -0.0004688 -0.000508777
331 -0.000440894 -0.000249523
332 -0.000222226 0.00010663
333 0.000105498 0.000411103
334 0.000407569 0.000541519
335 0.000551511 0.000450306
336 0.0004654 0.000180646
337 0.000173434 -0.000154765
338 -0.000208778 -0.000421425
339 -0.000519775 -0.000516734
340 -0.000620803 -0.000408349
341 -0.000458048 -0.000143444
342 -9.04257e-05 0.000172702
343 0.000331166 0.000418669
344 0.000626129 0.000502617
345 0.000662104 0.000395015
346 0.000414631 0.000137611
347 -1.85139e-05 -0.000173176
348 -0.000456171 -0.000421616
349 -0.000710303 -0.000514245
350 -0.000667504 -0.000413602
351 -0.000339794 -0.000152751
352 0.00013822 0.000174747
353 0.000565491 0.000446907
354 0.000760156 0.000557304
355 0.000637622 0.000455923
356 0.000247193 0.00017155
357 -0.000248631 -0.000194284
358 -0.000643089 -0.000501976
359 -0.000772433 -0.000626191
360 -0.000584159 -0.000506728
361 -0.000157595 -0.000177344
362 0.000330867 0.000241198
363 0.000682064 0.000584221
364 0.000755933 0.000707665
365 0.00052696 0.000548939
366 9.14499e-05 0.000158156
367 -0.000374486 -0.000315771
368 -0.000687232 -0.000681567
369 -0.000728045 -0.000783368
370 -0.000486957 -0.000567865
371 -6.25597e-05 -0.000111441
372 0.000379734 0.000406387
373 0.000672637 0.00077427
374 0.000709385 0.000836373
375 0.000480756 0.000559057
376 7.49521e-05 4.79674e-05
377 -0.000357281 -0.000492874
378 -0.000658084 -0.000843799
379 -0.000718393 -0.00085984
380 -0.000515529 -0.000530963
381 -0.000120631 1.30959e-05
382 0.000325899 0.000555406
383 0.000662708 0.000879887
384 0.000763916 0.000858297
385 0.000584972 0.000500645
386 0.000181865 -5.07442e-05
387 -0.000304566 -0.000579744
388 -0.000695975 -0.000882537
389 -0.0008407 -0.000846274
390 -0.000672311 -0.000489803
391 -0.000239964 4.75351e-05
392 0.000303402 0.000562137
393 0.000753863 0.000863829
394 0.000932824 0.00084509
395 0.000758392 0.000517198
396 0.000282945 2.39985e-06
397 -0.000320553 -0.000512578
398 -0.000821242 -0.000843571
399 -0.00101953 -0.000872924
400 -0.00082781 -0.000589219
401 -0.000309419 -9.05365e-05
402 0.000341842 0.000449061
403 0.000875268 0.000838629
404 0.00108141 0.000935925
405 0.000875452 0.000698056
406 0.000331929 0.000199807
407 -0.00034349 -0.000388072
408 -0.000893799 -0.000855427
409 -0.00111005 -0.00102653
410 -0.00091102 -0.000825989
411 -0.000372591 -0.000311967
412 0.000303281 0.000337996
413 0.000866292 0.000887034
414 0.00111135 0.00112528
415 0.000952531 0.000951024
416 0.000451145 0.00041468
417 -0.000210168 -0.000293869
418 -0.000795355 -0.00091274
419 -0.00109896 -0.0012062
420 -0.0010164 -0.00105593
421 -0.000577529 -0.000509203
422 6.59239e-05 0.000236162
423 0.000692935 0.00090501
424 0.00108749 0.00124839
425 0.00111064 0.00113727
426 0.000747586 0.000610612
427 0.00011493 -0.000140078
428 -0.000575187 -0.000842651
429 -0.00108401 -0.00124458
430 -0.00122717 -0.00120382
431 -0.000941114 -0.000737389
432 -0.000311219 -1.20082e-05
433 0.00045126 0.000717632
434 0.00107866 0.00119893
435 0.00134087 0.00126763
436 0.00113065 0.000901351
437 0.000508135 0.000224491
438 -0.000314624 -0.000535117
439 -0.00104613 -0.00112199
440 -0.00142008 -0.00133662
441 -0.00129381 -0.00110095
442 -0.000703231 -0.000485512
443 0.000147288 0.000310619
444 0.000957402 0.00102209
445 0.00143892 0.00140365
446 0.00141961 0.00131378
447 0.000904432 0.000767469
448 7.25428e-05 -6.20104e-05
449 -0.000787615 -0.000896229
450 -0.00138021 -0.00144463
451 -0.0015039 -0.00150654
452 -0.00111837 -0.0010458
453 -0.000354574 -0.00020946
454 0.000532153 0.00071892
455 0.00124806 0.00141657
456 0.00155681 0.00163545
457 0.00135483 0.00129148
458 0.000703753 0.000496228
459 -0.000188923 -0.000480884
460 -0.00103455 -0.00130638
461 -0.0015542 -0.00169853
462 -0.00156847 -0.00152404
463 -0.00105845 -0.000841954
464 -0.000177271 0.00011865
465 0.000794017 0.00103772
466 0.001535 0.00161122
467 0.00179185 0.00164981
468 0.00146572 0.00113796
469 0.000652115 0.000236321
470 -0.00038477 -0.000770805
471 -0.00129709 -0.00156535
472 -0.00177005 -0.00189482
473 -0.00163046 -0.00165173
474 -0.00090851 -0.00090951
475 0.000169829 9.64442e-05
476 0.001258 0.00103851
477 0.00200571 0.00159814
478 0.00217681 0.00156852
479 0.0017277 0.000925505
480 0.000820545 -0.000158047
481 -0.000231522 -0.00136273
482 -0.00106678 -0.00232418
483 -0.00139015 -0.00275375
484 -0.00106437 -0.00253763
485 -0.000149827 -0.00177979
486 0.00111679 -0.000772439
487 0.00239684 9.70867e-05
488 0.00335388 0.000472082
489 0.00375732 0.000142197
490 0.00355549 -0.000889628
491 0.00289678 -0.0024108
492 0.00209087 -0.00407081
493 0.00151969 -0.00549622
494 0.00152269 -0.00641085
495 0.00229111 -0.00672344
496 0.00380526 -0.00655685
497 0.0058373 -0.00621222
498 0.00802189 -0.0060809
499 0.00997416 -0.00653113
500 0.0114178 -0.00780265
501 0.012281 -0.0099388
502 0.0127276 -0.0127757
503 0.013113 -0.0159925
504 0.0138779 -0.0192099
505 0.0154156 -0.0221102
506 0.017955 -0.0245433
507 0.0214973 -0.0265853
508 0.0258236 -0.0285291
509 0.0305709 -0.0308067
510 0.0353493 -0.0338634
511 0.0398657 -0.0380261
512 0.044016 -0.0434043
513 0.0479214 -0.0498599
514 0.0518992 -0.0570541
515 0.0563771 -0.0645563
516 0.0617747 -0.0719812
517 0.068385 -0.0791086
518 0.0762884 -0.0859503
519 0.0853243 -0.0927455
520 0.0951321 -0.0998859
521 0.10525 -0.107797
522 0.115249 -0.116806
523 0.124854 -0.127044
524 0.134025 -0.138389
525 0.142959 -0.150493
526 0.152021 -0.162857
527 0.161615 -0.174952
528 0.172038 -0.186346
529 0.183367 -0.196804
530 0.195403 -0.20633
531 0.207702 -0.215136
532 0.219665 -0.223549
533 0.230678 -0.231873
534 0.240241 -0.240256
535 0.248068 -0.248594
536 0.254122 -0.25651
537 0.258578 -0.263411
538 0.261732 -0.268611
539 0.263868 -0.271485
540 0.265137 -0.271605
541 0.265467 -0.268816
542 0.264538 -0.263244
543 0.261829 -0.255227
544 0.256731 -0.245192
545 0.248693 -0.233521
546 0.237363 -0.220436
547 0.222689 -0.205945
548 0.204941 -0.189843
549 0.184655 -0.171793
550 0.162509 -0.151449
551 0.139172 -0.128601
552 0.115168 -0.103297
553 0.0907957 -0.0759097
554 0.0661249 -0.0471291
555 0.0410686 -0.0178734
556 0.0155074 0.0108544
557 -0.0105695 0.0381292
558 -0.0369482 0.0632411
559 -0.0631276 0.085769
560 -0.0883311 0.105573
561 -0.11159 0.122709
562 -0.131879 0.137303
563 -0.148282 0.149404
564 -0.160134 0.158887
565 -0.16712 0.165407
566 -0.169296 0.16844
567 -0.167029 0.167382
568 -0.160869 0.161705
569 -0.151401 0.151102
570 -0.139105 0.135618
571 -0.124274 0.115705
572 -0.107013 0.0922054
573 -0.087312 0.0662573
574 -0.0651777 0.0391375
575 -0.0407772 0.0120876
576 -0.0145574 -0.0138414
577 0.0126965 -0.0378873
578 0.0398815 -0.059593
579 0.0656752 -0.0787442
580 0.0886939 -0.0952483
581 0.107676 -0.108998
582 0.121653 -0.119758
583 0.130073 -0.127117
584 0.13284 -0.130517
585 0.130282 -0.129349
586 0.123035 -0.123111
587 0.111884 -0.11156
588 0.0976106 -0.094852
589 0.0808698 -0.0736089
590 0.0621428 -0.0489139
591 0.0417647 -0.0222161
592 0.020021 0.00483323
593 -0.00272454 0.0305836
594 -0.025908 0.0535869
595 -0.0486921 0.0727532
596 -0.0699669 0.0874303
597 -0.0884321 0.0973925
598 -0.102748 0.102751
599 -0.111727 0.103814
600 -0.114524 0.100946
601 -0.110791 0.094455
602 -0.100757 0.0845476
603 -0.0852216 0.0713553
604 -0.0654499 0.0550208
605 -0.0430009 0.0358192
606 -0.0195145 0.0142787
607 0.00349373 -0.00873698
608 0.0247887 -0.0320117
609 0.0434931 -0.0540425
610 0.0590791 -0.0731844
611 0.0712885 -0.0878544
612 0.0800141 -0.0967555
613 0.0851827 -0.0990783
614 0.0866748 -0.0946354
615 0.0843042 -0.0839005
616 0.0778641 -0.0679419
617 0.0672272 -0.0482649
618 0.0524772 -0.0265972
619 0.0340353 -0.00465974
620 0.0127476 0.0160313
621 -0.0100983 0.0342995
622 -0.032846 0.0493614
623 -0.0536308 0.0608017
624 -0.0706057 0.0684876
625 -0.0821931 0.0724544
626 -0.0873144 0.0727952
627 -0.0855493 0.069586
628 -0.0771967 0.0628684
629 -0.0632241 0.0526931
630 -0.0451207 0.0392148
631 -0.0246825 0.0228095
632 -0.00377109 0.00417801
633 0.0159128 -0.0156015
634 0.033004 -0.0350995
635 0.0465715 -0.0526501
636 0.056133 -0.0665416
637 0.0615944 -0.0752519
638 0.0631366 -0.0776858
639 0.0610867 -0.0733681
640 0.0558065 -0.0625545
641 0.04763 -0.0462388
642 0.0368614 -0.0260495
643 0.0238295 -0.00405122
644 0.0089763 0.0175202
645 -0.00705253 0.0365466
646 -0.02335 0.051293
647 -0.0387497 0.0606068
648 -0.0519009 0.0640183
649 -0.061413 0.0617319
650 -0.0660494 0.0545184
651 -0.0649384 0.0435378
652 -0.0577599 0.0301341
653 -0.0448711 0.0156421
654 -0.0273372 0.00123923
655 -0.00685387 -0.0121399
656 0.0144371 -0.0238232
657 0.0342144 -0.0333666
658 0.0502851 -0.0404851
659 0.060885 -0.044975
660 0.0649185 -0.0466555
661 0.0621019 -0.0453489
662 0.0529842 -0.0409115
663 0.0388481 -0.0333096
664 0.02151 -0.0227215
665 0.003055 -0.00963426
666 -0.0144501 0.00509933
667 -0.0292191 0.0202691
668 -0.0399484 0.0343948
669 -0.0459314 0.0458868
670 -0.0470752 0.0532577
671 -0.0438264 0.0553524
672 -0.0370292 0.0515574
673 -0.0277478 0.0419505
674 -0.0170915 0.0273603
675 -0.00607327 0.00931532
676 0.00447691 -0.0101196
677 0.0139394 -0.0286021
678 0.0218831 -0.0438295
679 0.0280131 -0.0538668
680 0.0321122 -0.0574293
681 0.0339964 -0.0540743
682 0.0335 -0.0442704
683 0.0304974 -0.0293331
684 0.0249569 -0.0112385
685 0.0170159 0.00765551
686 0.00705548 0.0249401
687 -0.00425001 0.0384865
688 -0.0159322 0.0467314
689 -0.0267911 0.048873
690 -0.0355229 0.0449508
691 -0.0408971 0.0358012
692 -0.0419548 0.0228979
693 -0.0381922 0.00811105
694 -0.0296943 -0.00657645
695 -0.0171897 -0.0193468
696 -0.00201051 -0.0287798
697 0.0140432 -0.0340094
698 0.0289243 -0.0347879
699 0.0406158 -0.0314585
700 0.0474262 -0.0248471
701 0.0482578 -0.0160975
702 0.0427996 -0.00648073
703 0.0316107 0.00279147
704 0.0160734 0.0107185
705 -0.00178095 0.0166099
706 -0.0195486 0.0201228
707 -0.0347915 0.0212411
708 -0.0453865 0.0202117
709 -0.0498349 0.0174556
710 -0.0474872 0.0134754
711 -0.0386479 0.00877509
712 -0.0245439 0.00380437
713 -0.00715615 -0.00106841
714 0.0110632 -0.00555698
715 0.0275461 -0.00943882
716 0.0399828 -0.0125289
717 0.046657 -0.0146574
718 0.0466899 -0.0156616
719 0.0401601 -0.0153973
720 0.0280824 -0.0137691
721 0.0122526 -0.0107719
722 -0.00501751 -0.00653343
723 -0.0212377 -0.00134259
724 -0.0341001 0.00434631
725 -0.0418124 0.00994119
726 -0.0433536 0.014772
727 -0.0386142 0.0181764
728 -0.028399 0.0196001
729 -0.0142946 0.018694
730 0.00157629 0.0153923
731 0.016873 0.00995418
732 0.0293805 0.00295886
733 0.0373268 -0.00475104
734 0.039632 -0.0121727
735 0.0360553 -0.0182798
736 0.0272195 -0.0221731
737 0.0145114 -0.023221
738 -0.000130903 -0.0211671
739 -0.0145096 -0.0161865
740 -0.0264952 -0.0088779
741 -0.0343405 -0.000192719
742 -0.0369329 0.00869261
743 -0.0339488 0.0165419
744 -0.025891 0.0222383
745 -0.0140063 0.0249504
746 -9.77163e-05 0.0242585
747 0.0137419 0.0202234
748 0.0254374 0.0133829
749 0.0332373 0.00467858
750 0.0359738 -0.00467858
751 0.0332373 -0.0133829
752 0.0254374 -0.0202234
753 0.0137419 -0.0242585
754 -9.77163e-05 -0.0249504
755 -0.0140063 -0.0222383
756 -0.025891 -0.0165419
757 -0.0339488 -0.00869261
758 -0.0369329 0.000192719
759 -0.0343405 0.0088779
760 -0.0264952 0.0161865
761 -0.0145096 0.0211671
762 -0.000130903 0.023221
763 0.0145114 0.0221731
764 0.0272195 0.0182798
765 0.0360553 0.0121727
766 0.039632 0.00475104
767 0.0373268 -0.00295886
768 0.0293805 -0.00995418
769 0.016873 -0.0153923
770 0.00157629 -0.018694
771 -0.0142946 -0.0196001
772 -0.028399 -0.0181764
773 -0.0386142 -0.014772
774 -0.0433536 -0.00994119
775 -0.0418124 -0.00434631
776 -0.0341001 0.00134259
777 -0.0212377 0.00653343
778 -0.00501751 0.0107719
779 0.0122526 0.0137691
780 0.0280824 0.0153973
781 0.0401601 0.0156616
782 0.0466899 0.0146574
783 0.046657 0.0125289
784 0.0399828 0.00943882
785 0.0275461 0.00555698
786 0.0110632 0.00106841
787 -0.00715615 -0.00380437
788 -0.0245439 -0.00877509
789 -0.0386479 -0.0134754
790 -0.0474872 -0.0174556
791 -0.0498349 -0.0202117
792 -0.0453865 -0.0212411
793 -0.0347915 -0.0201228
794 -0.0195486 -0.0166099
795 -0.00178095 -0.0107185
796 0.0160734 -0.00279147
797 0.0316107 0.00648073
798 0.0427996 0.0160975
799 0.0482578 0.0248471
800 0.0474262 0.0314585
801 0.0406158 0.0347879
802 0.0289243 0.0340094
803 0.0140432 0.0287798
804 -0.00201051 0.0193468
805 -0.0171897 0.00657645
806 -0.0296943 -0.00811105
807 -0.0381922 -0.0228979
808 -0.0419548 -0.0358012
809 -0.0408971 -0.0449508
810 -0.0355229 -0.048873
811 -0.0267911 -0.0467314
812 -0.0159322 -0.0384865
813 -0.00425001 -0.0249401
814 0.00705548 -0.00765551
815 0.0170159 0.0112385
816 0.0249569 0.0293331
817 0.0304974 0.0442704
818 0.0335 0.0540743
819 0.0339964 0.0574293
820 0.0321122 0.0538668
821 0.0280131 0.0438295
822 0.0218831 0.0286021
823 0.0139394 0.0101196
824 0.00447691 -0.00931532
825 -0.00607327 -0.0273603
826 -0.0170915 -0.0419505
827 -0.0277478 -0.0515574
828 -0.0370292 -0.0553524
829 -0.0438264 -0.0532577
830 -0.0470752 -0.0458868
831 -0.0459314 -0.0343948
832 -0.0399484 -0.0202691
833 -0.0292191 -0.00509933
834 -0.0144501 0.00963426
835 0.003055 0.0227215
836 0.02151 0.0333096
837 0.0388481 0.0409115
838 0.0529842 0.0453489
839 0.0621019 0.0466555
840 0.0649185 0.044975
841 0.060885 0.0404851
842 0.0502851 0.0333666
843 0.0342144 0.0238232
844 0.0144371 0.0121399
845 -0.00685387 -0.00123923
846 -0.0273372 -0.0156421
847 -0.0448711 -0.0301341
848 -0.0577599 -0.0435378
849 -0.0649384 -0.0545184
850 -0.0660494 -0.0617319
851 -0.061413 -0.0640183
852 -0.0519009 -0.0606068
853 -0.0387497 -0.051293
854 -0.02335 -0.0365466
855 -0.00705253 -0.0175202
856 0.0089763 0.00405122
857 0.0238295 0.0260495
858 0.0368614 0.0462388
859 0.04763 0.0625545
860 0.0558065 0.0733681
861 0.0610867 0.0776858
862 0.0631366 0.0752519
863 0.0615944 0.0665416
864 0.056133 0.0526501
865 0.0465715 0.0350995
866 0.033004 0.0156015
867 0.0159128 -0.00417801
868 -0.00377109 -0.0228095
869 -0.0246825 -0.0392148
870 -0.0451207 -0.0526931
871 -0.0632241 -0.0628684
872 -0.0771967 -0.069586
873 -0.0855493 -0.0727952
874 -0.0873144 -0.0724544
875 -0.0821931 -0.0684876
876 -0.0706057 -0.0608017
877 -0.0536308 -0.0493614
878 -0.032846 -0.0342995
879 -0.0100983 -0.0160313
880 0.0127476 0.00465974
881 0.0340353 0.0265972
882 0.0524772 0.0482649
883 0.0672272 0.0679419
884 0.0778641 0.0839005
885 0.0843042 0.0946354
886 0.0866748 0.0990783
887 0.0851827 0.0967555
888 0.0800141 0.0878544
889 0.0712885 0.0731844
890 0.0590791 0.0540425
891 0.0434931 0.0320117
892 0.0247887 0.00873698
893 0.00349373 -0.0142787
894 -0.0195145 -0.0358192
895 -0.0430009 -0.0550208
896 -0.0654499 -0.0713553
897 -0.0852216 -0.0845476
898 -0.100757 -0.094455
899 -0.110791 -0.100946
900 -0.114524 -0.103814
901 -0.111727 -0.102751
902 -0.102748 -0.0973925
903 -0.0884321 -0.0874303
904 -0.0699669 -0.0727532
905 -0.0486921 -0.0535869
906 -0.025908 -0.0305836
907 -0.00272454 -0.00483323
908 0.020021 0.0222161
909 0.0417647 0.0489139
910 0.0621428 0.0736089
911 0.0808698 0.094852
912 0.0976106 0.11156
913 0.111884 0.123111
914 0.123035 0.129349
915 0.130282 0.130517
916 0.13284 0.127117
917 0.130073 0.119758
918 0.121653 0.108998
919 0.107676 0.0952483
920 0.0886939 0.0787442
921 0.0656752 0.059593
922 0.0398815 0.0378873
923 0.0126965 0.0138414
924 -0.0145574 -0.0120876
925 -0.0407772 -0.0391375
926 -0.0651777 -0.0662573
927 -0.087312 -0.0922054
928 -0.107013 -0.115705
929 -0.124274 -0.135618
930 -0.139105 -0.151102
931 -0.151401 -0.161705
932 -0.160869 -0.167382
933 -0.167029 -0.16844
934 -0.169296 -0.165407
935 -0.16712 -0.158887
936 -0.160134 -0.149404
937 -0.148282 -0.137303
938 -0.131879 -0.122709
939 -0.11159 -0.105573
940 -0.0883311 -0.085769
941 -0.0631276 -0.0632411
942 -0.0369482 -0.0381292
943 -0.0105695 -0.0108544
944 0.0155074 0.0178734
945 0.0410686 0.0471291
946 0.0661249 0.0759097
947 0.0907957 0.103297
948 0.115168 0.128601
949 0.139172 0.151449
950 0.162509 0.171793
951 0.184655 0.189843
952 0.204941 0.205945
953 0.222689 0.220436
954 0.237363 0.233521
955 0.248693 0.245192
956 0.256731 0.255227
957 0.261829 0.263244
958 0.264538 0.268816
959 0.265467 0.271605
960 0.265137 0.271485
961 0.263868 0.268611
962 0.261732 0.263411
963 0.258578 0.25651
964 0.254122 0.248594
965 0.248068 0.240256
966 0.240241 0.231873
967 0.230678 0.223549
968 0.219665 0.215136
969 0.207702 0.20633
970 0.195403 0.196804
971 0.183367 0.186346
972 0.172038 0.174952
973 0.161615 0.162857
974 0.152021 0.150493
975 0.142959 0.138389
976 0.134025 0.127044
977 0.124854 0.116806
978 0.115249 0.107797
979 0.10525 0.0998859
980 0.0951321 0.0927455
981 0.0853243 0.0859503
982 0.0762884 0.0791086
983 0.068385 0.0719812
984 0.0617747 0.0645563
985 0.0563771 0.0570541
986 0.0518992 0.0498599
987 0.0479214 0.0434043
988 0.044016 0.0380261
989 0.0398657 0.0338634
990 0.0353493 0.0308067
991 0.0305709 0.0285291
992 0.0258236 0.0265853
993 0.0214973 0.0245433
994 0.017955 0.0221102
995 0.0154156 0.0192099
996 0.0138779 0.0159925
997 0.013113 0.0127757
998 0.0127276 0.0099388
999 0.012281 0.00780265
