0 -3.16275e-18 -1.05103e-17
1 -5.45654e-18 -2.05407e-17
2 -1.62407e-16 1.1155e-16
3 1.65642e-16 -8.71461e-17
4 -7.0149e-18 4.64791e-17
5 -5.65818e-17 4.41974e-18
6 9.45507e-17 -5.6739e-17
7 7.78222e-18 -9.18807e-17
8 8.83344e-17 1.72628e-16
9 -5.73434e-17 -5.83387e-17
10 3.04866e-17 -1.43898e-16
11 1.01408e-16 1.85841e-16
12 -8.33785e-17 2.13657e-17
13 5.05491e-17 -9.73993e-17
14 1.27392e-16 1.33473e-16
15 5.79681e-17 -3.08018e-17
16 -3.09101e-17 7.50109e-17
17 1.14305e-16 -5.43932e-17
18 6.6652e-17 8.49022e-17
19 -1.46865e-16 6.01246e-17
20 8.8245e-17 -1.40858e-16
21 1.39054e-16 1.51454e-16
22 7.87189e-17 -1.23248e-17
23 -1.81293e-17 -1.03189e-16
24 -6.45127e-17 1.53311e-16
25 -4.34909e-17 1.41853e-17
26 1.3081e-16 -1.01859e-16
27 2.10774e-19 7.70334e-17
28 -1.14714e-16 -1.45598e-16
29 1.54189e-16 -3.29896e-17
30 -1.05301e-16 1.08932e-16
31 -1.37543e-16 -5.15047e-17
32 1.56776e-16 9.01441e-17
33 -1.43964e-16 -3.1422e-17
34 -4.91907e-17 -4.10119e-17
35 7.97982e-17 2.15566e-17
36 -1.78784e-17 1.20762e-16
37 2.229e-17 -9.64317e-18
38 8.44852e-17 -2.09364e-16
39 5.06062e-17 2.20492e-16
40 -1.08852e-16 3.88772e-17
41 3.96197e-17 1.75543e-17
42 -1.25042e-16 -4.8761e-17
43 6.85622e-17 -8.9429e-17
44 -7.51951e-18 -3.38175e-17
45 1.99058e-17 2.73046e-18
46 8.26431e-17 -4.46117e-17
47 -2.47077e-17 1.66969e-17
48 3.43365e-17 9.56762e-17
49 4.63116e-17 -5.18237e-17
50 -9.33527e-17 1.18227e-16
51 -1.37378e-17 2.0102e-18
52 -6.17803e-17 -1.70487e-16
53 -1.10311e-17 -1.29326e-17
54 -2.13437e-17 1.44773e-17
55 -9.53891e-17 9.31322e-18
56 4.16872e-17 -1.21114e-16
57 6.34334e-17 1.06891e-16
58 -1.25303e-16 -7.79331e-17
59 6.67578e-17 4.76997e-17
60 1.46779e-17 4.8515e-17
61 1.04158e-16 7.74579e-17
62 -3.46628e-17 -7.3474e-17
63 9.45134e-18 1.11688e-16
64 6.46215e-17 4.83569e-17
65 -1.86537e-18 1.86841e-16
66 -2.4037e-16 1.45777e-17
67 5.5284e-17 -3.75928e-17
68 2.36386e-17 -8.46049e-17
69 5.17918e-17 2.79131e-17
70 7.04635e-17 4.67906e-17
71 -5.77651e-17 -2.19924e-17
72 -7.29109e-17 -7.30797e-17
73 2.21528e-16 1.43665e-16
74 -1.29949e-16 -1.1644e-16
75 1.65211e-16 -1.67859e-17
76 5.20334e-17 -1.60345e-16
77 -4.09377e-18 1.04667e-16
78 -3.09368e-17 4.58559e-18
79 1.05667e-16 -7.30356e-17
80 -1.11174e-16 -6.90253e-17
81 1.44452e-16 -7.91169e-17
82 -4.96052e-17 5.87116e-17
83 -1.79082e-16 -1.38605e-16
84 6.75558e-17 3.80953e-18
85 -9.12946e-17 2.42695e-16
86 -3.71898e-17 -1.32877e-16
87 8.21985e-17 4.2724e-17
88 -6.89562e-17 -7.42092e-17
89 1.08039e-17 5.44806e-17
90 6.46723e-17 -5.56379e-17
91 5.32974e-17 -7.93714e-18
92 8.5155e-17 -1.31002e-17
93 -1.29601e-16 -3.7983e-17
94 2.79317e-17 2.5535e-17
95 4.10627e-17 4.4931e-17
96 3.3595e-17 -3.55469e-17
97 2.89191e-17 -6.11451e-17
98 1.6146e-16 1.48795e-16
99 -3.32703e-17 2.2557e-17
100 -5.22667e-17 -2.54207e-18
101 -4.85266e-17 1.49018e-16
102 8.77027e-18 -4.10216e-17
103 -1.56649e-16 7.0541e-18
104 8.92258e-17 1.16382e-16
105 -8.25616e-17 5.60521e-17
106 -1.66726e-16 6.74137e-17
107 8.64311e-17 -3.78318e-17
108 -6.69471e-17 -8.82274e-18
109 -2.67906e-17 -9.86854e-17
110 -5.73119e-17 4.20146e-17
111 -4.99787e-17 -5.1031e-17
112 -4.24372e-17 -1.5679e-16
113 7.00386e-17 1.47452e-16
114 -5.66075e-17 -3.66026e-17
115 5.48462e-17 -8.48942e-17
116 -8.27135e-18 1.68503e-17
117 -1.07823e-16 -2.94806e-17
118 -5.682e-18 -6.5144e-17
119 -6.85542e-17 -9.66242e-17
120 3.39347e-17 -1.48745e-16
121 9.05522e-18 1.40593e-17
122 -1.03908e-16 9.3528e-17
123 2.33379e-17 -4.75154e-17
124 -2.23075e-16 -4.5319e-17
125 1.11181e-16 -9.58191e-17
126 1.09538e-16 -1.30334e-17
127 -3.69613e-18 4.72869e-17
128 -8.76542e-17 5.3346e-18
129 -2.93595e-17 2.51591e-17
130 1.53213e-16 1.30069e-17
131 -4.23076e-17 -5.55498e-17
132 8.35972e-17 3.02822e-17
133 -1.37324e-16 -4.32424e-17
134 -6.83608e-18 8.35799e-17
135 3.79434e-17 1.45959e-16
136 -4.25755e-17 -1.25679e-17
137 5.29104e-17 3.26027e-18
138 -6.3966e-19 -2.9081e-17
139 5.42177e-17 8.99775e-17
140 -1.07269e-16 -1.73692e-16
141 -1.23405e-17 2.20609e-17
142 -5.89597e-17 -7.61071e-17
143 -2.10989e-17 -1.07491e-16
144 -5.65898e-17 7.70569e-17
145 8.20024e-17 -2.36933e-16
146 -3.19344e-17 8.17776e-17
147 -1.28598e-16 -1.17748e-16
148 4.63025e-17 7.46637e-17
149 1.40036e-18 -7.33995e-17
150 -3.66331e-17 1.7431e-18
151 -8.07298e-17 -1.48027e-16
152 1.11196e-16 7.92677e-17
153 -9.86487e-17 8.64145e-17
154 -7.30887e-17 -1.15973e-16
155 -3.40616e-17 -2.41224e-17
156 -1.51367e-16 -4.7299e-17
157 8.10064e-17 1.06592e-16
158 -1.54944e-16 -4.49533e-17
159 1.17573e-16 5.13656e-17
160 1.71705e-17 -1.30698e-16
161 6.6375e-17 -4.18981e-18
162 2.39523e-17 2.99326e-18
163 -2.91861e-17 -1.8486e-16
164 1.56404e-16 6.26443e-17
165 -1.50412e-16 8.74175e-18
166 9.14018e-17 9.0786e-17
167 -6.24013e-17 5.20541e-17
168 4.51682e-17 -5.28767e-17
169 4.99035e-17 5.97472e-18
170 -2.61831e-17 -1.40636e-18
171 -6.06459e-17 -3.91474e-17
172 -1.78226e-16 1.12059e-18
173 -2.76291e-17 1.09625e-16
174 -1.22505e-16 -2.78042e-18
175 1.01362e-16 -1.04324e-16
176 1.23595e-17 -9.43754e-18
177 -1.24678e-16 -1.63628e-16
178 -1.25549e-17 -8.53197e-17
179 1.2568e-17 -1.04247e-16
180 -2.60222e-17 -6.07135e-17
181 8.52301e-17 1.44041e-16
182 -6.22415e-17 4.26868e-17
183 1.35448e-17 1.8622e-17
184 1.65743e-16 -8.37593e-17
185 -2.89475e-17 -1.19217e-17
186 1.45065e-17 -1.01543e-16
187 6.33286e-17 -8.67576e-18
188 -3.65625e-17 -8.11208e-18
189 -8.10957e-17 -1.73507e-17
190 8.54784e-17 7.49845e-17
191 5.91996e-18 -4.77054e-17
192 -4.90636e-17 -6.13818e-17
193 -1.91243e-17 1.05636e-16
194 -1.09199e-16 -8.74252e-17
195 -7.37946e-17 -1.129e-16
196 1.02483e-16 -4.75378e-18
197 -3.30809e-17 -1.27414e-16
198 -4.17602e-17 -2.39399e-17
199 2.02344e-17 2.55348e-20
200 3.65536e-17 4.66942e-17
201 -6.19096e-17 -6.52463e-17
202 2.54404e-18 -4.65583e-17
203 -1.40096e-16 -1.16583e-16
204 1.17283e-16 2.07331e-16
205 -2.0882e-17 2.24051e-17
206 -4.51689e-17 1.51403e-16
207 -9.83361e-17 1.10538e-16
208 -1.37375e-16 -6.13865e-17
209 2.11988e-17 -5.72544e-17
210 2.6878e-17 6.91106e-17
211 1.10704e-16 3.1991e-17
212 -3.31657e-17 -1.84695e-16
213 1.45268e-16 -1.01198e-16
214 1.11839e-16 -9.28418e-18
215 4.88944e-17 -2.64729e-17
216 -1.7778e-16 5.99398e-18
217 3.21087e-17 4.27428e-17
218 2.69956e-17 3.68188e-17
219 4.27525e-17 5.98697e-17
220 -1.59509e-17 -4.64187e-18
221 -3.81991e-17 -3.04147e-17
222 -9.59091e-17 4.32631e-17
223 -7.7679e-17 2.98036e-17
224 -1.44948e-16 -1.73059e-16
225 1.08747e-16 1.08708e-16
226 -3.24792e-17 2.39489e-17
227 -5.89041e-17 -5.93401e-17
228 -1.33624e-17 -6.91764e-17
229 3.98257e-17 1.41642e-16
230 1.62296e-16 4.15108e-17
231 7.20687e-17 -4.64711e-17
232 7.59271e-17 -4.35816e-17
233 1.5108e-16 1.21463e-16
234 -1.43277e-16 -9.24697e-17
235 4.52304e-17 1.00944e-16
236 -1.19631e-16 -8.40355e-17
237 5.67167e-18 -2.70279e-18
238 -1.58375e-16 -1.82676e-17
239 7.32344e-17 -6.78604e-17
240 -7.82263e-17 -4.74092e-17
241 -2.29771e-17 3.59424e-17
242 -5.74808e-17 3.43872e-17
243 -7.12561e-17 -1.02515e-17
244 -5.87506e-17 4.0425e-17
245 3.74143e-17 -8.56485e-17
246 2.17685e-17 5.93646e-17
247 -8.37875e-17 -1.86365e-17
248 -8.74648e-18 -7.66437e-17
249 -4.22738e-17 -3.13998e-17
250 2.44951e-18 5.04245e-18
251 1.04428e-17 -4.52626e-17
252 1.19295e-16 8.52663e-17
253 -5.25678e-17 5.32381e-17
254 -1.33e-18 4.57745e-17
255 2.381e-18 1.09106e-16
256 4.44411e-17 1.64634e-17
257 -2.20803e-17 -1.01349e-16
258 2.06408e-17 4.59135e-17
259 -7.80967e-17 2.7162e-18
260 2.58211e-17 5.39095e-17
261 3.64822e-17 -5.43092e-17
262 3.94028e-17 7.73187e-17
263 -1.5761e-16 -2.1178e-17
264 -9.81652e-17 7.86096e-17
265 9.82301e-18 6.04395e-17
266 -1.80859e-17 1.63542e-16
267 -2.75266e-18 -4.80133e-17
268 -2.0861e-17 -4.03244e-17
269 -3.33909e-17 6.79916e-17
270 2.83779e-17 1.06006e-16
271 4.96051e-17 -3.69843e-17
272 -3.17976e-17 1.84494e-17
273 5.72109e-17 -8.55528e-17
274 3.9474e-17 -7.14042e-18
275 5.02575e-17 4.1331e-17
276 2.28013e-17 -9.64912e-17
277 7.15871e-17 -8.87105e-17
278 1.25309e-16 4.14159e-17
279 -8.57444e-17 -8.76046e-17
280 8.53421e-17 1.44999e-17
281 2.43488e-16 -1.8231e-17
282 -4.53291e-17 -7.50345e-17
283 8.14071e-17 2.09925e-16
284 -2.15144e-17 -5.80964e-17
285 -8.30814e-17 -1.54868e-17
286 -4.98307e-17 8.8216e-18
287 3.89998e-17 -6.32567e-17
288 8.72444e-17 -7.39298e-17
289 -1.65265e-16 -9.27362e-17
290 6.14813e-17 5.15761e-17
291 -2.03541e-17 -8.31478e-17
292 -5.42969e-17 4.07395e-17
293 3.81355e-17 -1.13491e-17
294 1.38025e-17 4.77204e-17
295 -4.88639e-17 -1.01031e-16
296 -1.50041e-16 3.56608e-17
297 -3.02871e-17 3.58216e-17
298 -7.55254e-17 -1.34926e-17
299 1.52691e-16 7.0682e-17
300 -2.16302e-17 -5.09055e-17
301 1.10649e-16 -6.15947e-17
302 -8.81352e-17 -1.40697e-16
303 1.36451e-16 -1.82149e-17
304 -8.30596e-17 -5.58253e-17
305 2.88717e-17 6.14283e-17
306 6.98642e-18 1.50061e-18
307 -2.23243e-17 9.90734e-17
308 -4.62156e-17 -5.6136e-17
309 6.4782e-17 -3.35041e-17
310 4.79025e-17 7.511e-17
311 -8.2347e-17 -5.35044e-18
312 2.19023e-17 -5.05799e-17
313 4.43397e-17 -1.04095e-17
314 2.28921e-17 -3.29369e-17
315 5.94313e-17 -3.25729e-17
316 -8.62029e-17 -1.00369e-16
317 3.34762e-17 3.12564e-17
318 -2.7202e-17 -3.20507e-17
319 -5.49571e-17 -1.64267e-17
320 1.27524e-16 1.02561e-17
321 -7.00022e-17 5.22391e-17
322 5.36521e-17 -8.07825e-17
323 -1.09493e-16 1.88093e-17
324 9.26421e-17 -5.1835e-17
325 -2.83818e-17 1.45374e-16
326 -4.75203e-17 1.20682e-17
327 -7.21609e-17 1.00412e-16
328 1.2622e-16 -2.06687e-17
329 2.98158e-17 3.72465e-17
330 1.9418e-16 9.62288e-17
331 -9.89384e-17 -2.63892e-17
332 1.50675e-16 2.22221e-17
333 9.984e-18 -9.98489e-17
334 5.68598e-17 -5.99796e-17
335 -2.98818e-18 -1.1146e-17
336 2.90408e-17 -8.64625e-17
337 1.37789e-16 -5.16089e-17
338 -8.02886e-17 3.12464e-17
339 5.86701e-17 1.48064e-16
340 -2.71089e-16 -8.51196e-17
341 7.02482e-17 1.26184e-16
342 -1.14047e-16 -8.58563e-17
343 -4.73122e-17 3.64553e-17
344 -1.1655e-17 6.5581e-17
345 3.96543e-17 -1.64824e-16
346 -1.23704e-16 -4.41137e-18
347 -2.69962e-18 3.55604e-18
348 -4.8828e-17 -3.59809e-17
349 6.65079e-17 -5.28692e-17
350 1.64102e-17 -1.16708e-16
351 -3.17314e-18 -1.00624e-16
352 2.75277e-17 1.53289e-17
353 -8.24496e-17 -7.46278e-17
354 2.18275e-18 -9.47869e-18
355 1.14999e-16 -2.38688e-17
356 5.40838e-17 -3.63219e-17
357 -9.9735e-17 8.63003e-17
358 5.35634e-18 -2.27942e-17
359 -1.93589e-16 8.76737e-18
360 4.6625e-17 -1.3201e-17
361 -7.02586e-17 8.06118e-18
362 4.6913e-17 4.78684e-17
363 -8.11765e-17 -1.1296e-16
364 1.28221e-17 -7.01869e-17
365 -4.87512e-18 -7.99885e-18
366 4.2934e-17 -7.83114e-17
367 1.0068e-16 1.33337e-16
368 1.19831e-16 1.51595e-17
369 -1.58444e-16 3.53842e-17
370 7.60359e-17 -1.29366e-16
371 -6.66864e-17 8.90049e-18
372 9.33332e-18 -2.37705e-17
373 -1.33298e-16 4.24892e-17
374 1.29614e-16 1.91041e-16
375 -2.43534e-16 -7.96065e-17
376 1.23161e-16 -9.00822e-17
377 1.27171e-16 -4.82923e-17
378 -2.2774e-17 2.92694e-17
379 4.69933e-17 -6.75778e-17
380 5.77984e-17 5.86305e-17
381 -7.35984e-17 1.09131e-16
382 -1.03825e-16 -1.4807e-16
383 1.22028e-17 1.23005e-16
384 8.9382e-17 9.81834e-18
385 -8.27169e-17 -4.49374e-17
386 -1.02138e-16 -3.6522e-17
387 -1.54781e-16 7.54961e-17
388 -6.80746e-17 -3.75659e-17
389 4.09908e-17 -4.21823e-17
390 -1.01943e-16 -6.11133e-17
391 -1.58855e-18 6.61285e-17
392 -5.67529e-17 5.60844e-17
393 -2.36879e-17 -6.98771e-17
394 8.53554e-17 7.4356e-18
395 2.9374e-17 1.55769e-16
396 -3.63061e-17 4.98571e-17
397 -3.98126e-17 -8.07356e-17
398 1.59913e-16 1.03935e-16
399 -1.01763e-16 -1.53591e-16
400 1.70908e-16 4.20014e-17
401 1.03946e-17 -8.89334e-17
402 -2.53041e-18 1.63205e-17
403 8.83156e-17 7.91607e-17
404 -5.64892e-17 -2.32035e-16
405 6.33629e-17 3.64293e-17
406 -4.69038e-17 -2.02343e-17
407 -1.31668e-17 2.33757e-17
408 3.64001e-17 4.43922e-17
409 1.2377e-16 8.77717e-17
410 -1.10621e-16 4.30367e-17
411 1.71209e-16 2.72798e-18
412 -9.71407e-18 1.63372e-16
413 9.42095e-17 5.18213e-17
414 2.18353e-17 -7.73419e-20
415 8.1119e-17 4.49952e-17
416 3.86544e-17 -1.72032e-16
417 7.29022e-17 2.93954e-17
418 -7.98265e-18 -1.02877e-17
419 -6.86508e-17 -1.06812e-17
420 1.28823e-16 -5.44367e-17
421 -1.47305e-16 -1.7963e-16
422 1.97387e-16 1.82135e-16
423 -2.9319e-17 -9.07705e-17
424 -4.69908e-17 -7.27646e-17
425 -1.35851e-16 8.19632e-17
426 -1.62318e-17 -6.10691e-17
427 -2.44645e-17 -3.79569e-18
428 1.97378e-17 -4.88891e-17
429 -8.7112e-17 -6.63975e-17
430 7.62357e-17 8.79868e-18
431 -4.64423e-17 -8.96471e-17
432 1.40897e-17 1.94591e-17
433 -5.31385e-17 8.52717e-17
434 -2.12146e-17 -1.30545e-16
435 -4.04184e-17 1.11329e-16
436 -6.03406e-17 -5.52027e-17
437 4.57656e-17 -4.1866e-17
438 5.56865e-17 -5.31987e-17
439 -6.04749e-17 -8.22201e-17
440 -7.79305e-17 8.70218e-17
441 9.93311e-18 8.48281e-17
442 -4.37029e-18 7.25663e-17
443 3.33341e-17 -1.05955e-16
444 1.53142e-16 -3.86683e-17
445 -7.0777e-17 -9.9453e-17
446 -1.76925e-16 8.68786e-18
447 6.35367e-17 1.49535e-17
448 -1.04829e-16 -4.25226e-17
449 1.0115e-16 7.2164e-17
450 -2.3908e-17 1.5464e-16
451 2.25225e-17 -1.39084e-16
452 -1.66127e-17 1.40628e-16
453 2.24258e-16 -5.09824e-17
454 -5.73468e-17 4.98704e-17
455 -3.34539e-17 -2.31876e-17
456 1.31344e-16 7.07379e-17
457 1.19309e-17 -3.91293e-17
458 -1.05297e-17 1.61603e-16
459 1.87247e-16 1.13849e-16
460 -2.77947e-16 -4.45276e-17
461 2.26206e-16 6.25152e-17
462 1.31501e-17 -2.92553e-18
463 1.11542e-18 -3.20979e-17
464 -4.67788e-17 1.72824e-16
465 -5.29295e-17 -7.56113e-17
466 -1.39717e-16 -3.03692e-17
467 1.17372e-16 5.69264e-17
468 1.42726e-17 -6.01664e-17
469 -5.81406e-17 7.98905e-17
470 2.81478e-17 -1.69897e-16
471 2.17816e-17 6.35697e-17
472 -1.65317e-16 -1.1811e-16
473 1.2332e-16 2.64601e-18
474 2.23242e-18 -5.62935e-17
475 -5.68308e-17 1.28073e-16
476 1.50104e-17 2.17879e-17
477 -1.31436e-16 -2.39301e-16
478 5.59713e-17 1.53485e-16
479 4.14574e-17 2.68941e-17
480 -1.73951e-16 -1.60717e-16
481 2.03522e-16 3.44145e-16
482 -1.39081e-16 -1.59823e-17
483 -1.45496e-16 -1.45629e-16
484 9.52264e-17 5.75893e-17
485 1.04717e-16 2.8811e-17
486 3.89783e-17 -9.90304e-17
487 7.57348e-17 7.32611e-17
488 -8.22154e-17 -1.90214e-16
489 1.22931e-16 6.82521e-17
490 -2.29161e-17 -8.1053e-17
491 -1.96942e-16 -8.82408e-17
492 -3.6807e-17 1.22626e-16
493 5.12315e-17 -4.55261e-17
494 8.23828e-17 4.75364e-17
495 6.20053e-18 6.76754e-17
496 -2.54412e-18 -5.83993e-17
497 1.89376e-16 -6.92344e-17
498 4.72526e-17 -1.19524e-16
499 -1.46676e-16 -3.15011e-18
500 1.83073e-16 1.18914e-16
501 6.14361e-18 -1.3948e-16
502 -2.07892e-16 -1.10537e-16
503 1.21059e-16 1.00976e-16
504 6.32172e-17 2.1812e-16
505 2.54945e-16 2.00792e-16
506 -6.29186e-16 -8.23421e-16
507 -4.50889e-16 -3.4543e-17
508 1.07348e-15 1.4172e-15
509 6.22878e-16 -1.16339e-16
510 -2.52994e-15 -3.04515e-15
511 -1.08113e-15 5.77136e-16
512 5.11913e-15 5.77342e-15
513 1.68516e-15 -1.51965e-15
514 -1.0156e-14 -1.14729e-14
515 -3.29917e-15 3.08551e-15
516 2.0499e-14 2.30054e-14
517 7.19093e-15 -5.36422e-15
518 -4.04064e-14 -4.5998e-14
519 -1.75316e-14 6.92284e-15
520 7.85185e-14 9.25688e-14
521 4.54646e-14 -8.23476e-16
522 -1.49729e-13 -1.8497e-13
523 -1.17685e-13 -3.29097e-14
524 2.75007e-13 3.62474e-13
525 2.99822e-13 1.53272e-13
526 -4.72962e-13 -6.84269e-13
527 -7.34972e-13 -5.07411e-13
528 7.18351e-13 1.20833e-12
529 1.71661e-12 1.43584e-12
530 -8.1338e-13 -1.88638e-12
531 -3.76438e-12 -3.63694e-12
532 5.10374e-14 2.22841e-12
533 7.5867e-12 8.32135e-12
534 3.50657e-12 -4.52607e-13
535 -1.34962e-11 -1.69671e-11
536 -1.42387e-11 -8.25397e-12
537 1.92081e-11 2.94755e-11
538 4.00141e-11 3.42361e-11
539 -1.40253e-11 -3.80035e-11
540 -8.98373e-11 -9.39788e-11
541 -3.24019e-11 1.24215e-11
542 1.58722e-10 1.98762e-10
543 1.82214e-10 1.22667e-10
544 -1.81875e-10 -3.07313e-10
545 -5.13674e-10 -4.95327e-10
546 -5.53073e-11 2.09691e-10
547 9.94626e-10 1.18572e-09
548 9.94128e-10 6.35931e-10
549 -1.10834e-09 -1.81904e-09
550 -3.07266e-09 -3.03413e-09
551 -7.56893e-10 6.99404e-10
552 5.49045e-09 6.88995e-09
553 7.27314e-09 5.82716e-09
554 -3.37165e-09 -7.72622e-09
555 -1.85809e-08 -2.05207e-08
556 -1.43117e-08 -7.81648e-09
557 2.11865e-08 3.26943e-08
558 5.48498e-08 5.57367e-08
559 2.46406e-08 2.69509e-09
560 -8.10226e-08 -1.10738e-07
561 -1.56488e-07 -1.51332e-07
562 -4.3632e-08 2.28519e-08
563 2.61495e-07 3.42513e-07
564 4.58621e-07 4.39341e-07
565 1.24737e-07 -6.56658e-08
566 -7.60139e-07 -1.00272e-06
567 -1.4097e-06 -1.39421e-06
568 -6.18765e-07 -1.0759e-07
569 1.92975e-06 2.70763e-06
570 4.41348e-06 4.64517e-06
571 3.3348e-06 2.1548e-06
572 -3.48309e-06 -5.94305e-06
573 -1.29567e-05 -1.48317e-05
574 -1.5727e-05 -1.40879e-05
575 -1.5368e-06 5.18208e-06
576 2.98705e-05 3.89167e-05
577 5.95266e-05 6.29758e-05
578 5.22933e-05 4.07101e-05
579 -2.15251e-05 -5.10297e-05
580 -0.000152306 -0.000187672
581 -0.000265974 -0.000278376
582 -0.000234906 -0.000189557
583 5.88138e-05 0.000178986
584 0.000619813 0.000786213
585 0.00124187 0.00136409
586 0.00148395 0.00142256
587 0.000778239 0.000395839
588 -0.00131492 -0.00207074
589 -0.00475649 -0.00576159
590 -0.00869454 -0.00958265
591 -0.0112856 -0.0114422
592 -0.00978637 -0.00842077
593 -0.000955995 0.00275264
594 0.018288 0.0250018
595 0.0501094 0.0601464
596 0.0950842 0.108287
597 0.151806 0.167501
598 0.216883 0.233946
599 0.28534 0.302353
600 0.351344 0.366809
601 0.40908 0.421644
602 0.453605 0.462248
603 0.481505 0.48566
604 0.49125 0.490842
605 0.483225 0.478626
606 0.459459 0.451388
607 0.423171 0.412556
608 0.378209 0.36605
609 0.328518 0.315766
610 0.2777 0.265164
611 0.228712 0.217011
612 0.183716 0.17326
613 0.144063 0.13507
614 0.110373 0.1029
615 0.0826817 0.0766623
616 0.0606017 0.0558924
617 0.0434873 0.0399018
618 0.0305697 0.0279091
619 0.0210622 0.0191355
620 0.0142303 0.0128672
621 0.00943228 0.00848928
622 0.00613621 0.00549776
623 0.00391956 0.00349621
624 0.00245917 0.00218406
625 0.00151603 0.00134073
626 0.000918629 0.000809029
627 0.000547292 0.000480031
628 0.000320681 0.000280145
629 0.000184852 0.000160852
630 0.000104854 9.08889e-05
631 5.85425e-05 5.05529e-05
632 3.21797e-05 2.76844e-05
633 1.74188e-05 1.49305e-05
634 9.28703e-06 7.93163e-06
635 4.87805e-06 4.1513e-06
636 2.52472e-06 2.14106e-06
637 1.28784e-06 1.08837e-06
638 6.47549e-07 5.45389e-07
639 3.21012e-07 2.69461e-07
640 1.56921e-07 1.31285e-07
641 7.56527e-08 6.30869e-08
642 3.59764e-08 2.99041e-08
643 1.68783e-08 1.39848e-08
644 7.813e-09 6.45329e-09
645 3.56902e-09 2.93875e-09
646 1.60909e-09 1.32087e-09
647 7.16089e-10 5.86044e-10
648 3.14606e-10 2.56701e-10
649 1.36468e-10 1.11021e-10
650 5.8454e-11 4.7415e-11
651 2.47265e-11 1.99989e-11
652 1.03307e-11 8.33155e-12
653 4.26339e-12 3.42863e-12
654 1.73816e-12 1.39392e-12
655 7.00129e-13 5.59911e-13
656 2.78651e-13 2.22233e-13
657 1.09593e-13 8.71658e-14
658 4.25969e-14 3.37889e-14
659 1.63641e-14 1.29458e-14
660 6.21388e-15 4.90289e-15
661 2.33252e-15 1.8356e-15
662 8.65601e-16 6.79429e-16
663 3.17596e-16 2.48648e-16
664 1.15221e-16 8.99777e-17
665 4.1335e-17 3.21979e-17
666 1.46646e-17 1.13945e-17
667 5.14543e-18 3.98813e-18
668 1.78567e-18 1.38064e-18
669 6.1297e-19 4.72782e-19
670 2.08145e-19 1.60154e-19
671 6.99212e-20 5.36713e-20
672 2.3238e-20 1.77951e-20
673 7.64119e-21 5.83767e-21
674 2.48613e-21 1.89491e-21
675 8.00411e-22 6.08654e-22
676 2.55009e-22 1.9347e-22
677 8.04034e-23 6.08613e-23
678 2.50897e-23 1.89487e-23
679 7.74896e-24 5.83917e-24
680 2.36887e-24 1.78107e-24
681 7.16821e-25 5.37761e-25
682 2.14722e-25 1.60731e-25
683 6.36735e-26 4.75594e-26
684 1.86931e-26 1.39321e-26
685 5.43328e-27 4.04079e-27
686 1.5636e-27 1.16039e-27
687 4.45542e-28 3.29949e-28
688 1.25711e-28 9.29004e-29
689 3.51235e-29 2.59021e-29
690 9.71812e-30 7.15186e-30
691 2.66284e-30 1.95563e-30
692 7.2261e-31 5.29611e-31
693 1.94212e-31 1.42052e-31
694 5.1699e-32 3.77377e-32
695 1.36313e-32 9.93023e-33
696 3.56006e-33 2.5883e-33
697 9.21001e-34 6.68279e-34
698 2.36027e-34 1.70925e-34
699 5.99209e-35 4.33085e-35
700 1.50704e-35 1.08712e-35
701 3.75507e-36 2.70354e-36
702 9.26982e-37 6.66121e-37
703 2.26725e-37 1.62613e-37
704 5.49439e-38 3.93324e-38
705 1.3193e-38 9.42664e-39
706 3.13894e-39 2.23865e-39
707 7.40042e-40 5.26806e-40
708 1.72892e-40 1.22848e-40
709 4.00268e-41 2.83887e-41
710 9.18329e-42 6.50129e-42
711 2.088e-42 1.47551e-42
712 4.70498e-43 3.31884e-43
713 1.05074e-43 7.39851e-44
714 2.32569e-44 1.63466e-44
715 5.102e-45 3.57969e-45
716 1.10936e-45 7.76985e-46
717 2.3909e-46 1.67163e-46
718 5.10759e-47 3.56481e-47
719 1.08155e-47 7.53555e-48
720 2.27022e-48 1.57901e-48
721 4.72374e-49 3.27989e-49
722 9.74344e-50 6.75375e-50
723 1.99232e-50 1.37865e-50
724 4.03862e-51 2.78995e-51
725 8.11608e-52 5.59733e-52
726 1.61699e-52 1.11331e-52
727 3.19394e-53 2.19541e-53
728 6.25478e-54 4.29224e-54
729 1.21443e-54 8.32017e-55
730 2.33787e-55 1.59908e-55
731 4.46232e-56 3.04721e-56
732 8.44505e-57 5.75761e-57
733 1.58473e-57 1.07869e-57
734 2.94867e-58 2.00388e-58
735 5.44031e-59 3.69129e-59
736 9.95305e-60 6.74253e-60
737 1.80564e-60 1.22127e-60
738 3.2483e-61 2.1936e-61
739 5.7948e-62 3.90717e-62
740 1.02515e-62 6.90137e-63
741 1.79848e-63 1.20888e-63
742 3.12899e-64 2.09998e-64
743 5.3987e-65 3.61772e-65
744 9.23776e-66 6.1809e-66
745 1.56763e-66 1.0473e-66
746 2.63832e-67 1.75994e-67
747 4.40382e-68 2.93287e-68
748 7.29518e-69 4.82766e-69
749 1.22843e-69 6.65629e-70
750 3.89828e-70 -6.65629e-70
751 1.22843e-69 -4.82766e-69
752 7.29518e-69 -2.93287e-68
753 4.40382e-68 -1.75994e-67
754 2.63832e-67 -1.0473e-66
755 1.56763e-66 -6.1809e-66
756 9.23776e-66 -3.61772e-65
757 5.3987e-65 -2.09998e-64
758 3.12899e-64 -1.20888e-63
759 1.79848e-63 -6.90137e-63
760 1.02515e-62 -3.90717e-62
761 5.7948e-62 -2.1936e-61
762 3.2483e-61 -1.22127e-60
763 1.80564e-60 -6.74253e-60
764 9.95305e-60 -3.69129e-59
765 5.44031e-59 -2.00388e-58
766 2.94867e-58 -1.07869e-57
767 1.58473e-57 -5.75761e-57
768 8.44505e-57 -3.04721e-56
769 4.46232e-56 -1.59908e-55
770 2.33787e-55 -8.32017e-55
771 1.21443e-54 -4.29224e-54
772 6.25478e-54 -2.19541e-53
773 3.19394e-53 -1.11331e-52
774 1.61699e-52 -5.59733e-52
775 8.11608e-52 -2.78995e-51
776 4.03862e-51 -1.37865e-50
777 1.99232e-50 -6.75375e-50
778 9.74344e-50 -3.27989e-49
779 4.72374e-49 -1.57901e-48
780 2.27022e-48 -7.53555e-48
781 1.08155e-47 -3.56481e-47
782 5.10759e-47 -1.67163e-46
783 2.3909e-46 -7.76985e-46
784 1.10936e-45 -3.57969e-45
785 5.102e-45 -1.63466e-44
786 2.32569e-44 -7.39851e-44
787 1.05074e-43 -3.31884e-43
788 4.70498e-43 -1.47551e-42
789 2.088e-42 -6.50129e-42
790 9.18329e-42 -2.83887e-41
791 4.00268e-41 -1.22848e-40
792 1.72892e-40 -5.26806e-40
793 7.40042e-40 -2.23865e-39
794 3.13894e-39 -9.42664e-39
795 1.3193e-38 -3.93324e-38
796 5.49439e-38 -1.62613e-37
797 2.26725e-37 -6.66121e-37
798 9.26982e-37 -2.70354e-36
799 3.75507e-36 -1.08712e-35
800 1.50704e-35 -4.33085e-35
801 5.99209e-35 -1.70925e-34
802 2.36027e-34 -6.68279e-34
803 9.21001e-34 -2.5883e-33
804 3.56006e-33 -9.93023e-33
805 1.36313e-32 -3.77377e-32
806 5.1699e-32 -1.42052e-31
807 1.94212e-31 -5.29611e-31
808 7.2261e-31 -1.95563e-30
809 2.66284e-30 -7.15186e-30
810 9.71812e-30 -2.59021e-29
811 3.51235e-29 -9.29004e-29
812 1.25711e-28 -3.29949e-28
813 4.45542e-28 -1.16039e-27
814 1.5636e-27 -4.04079e-27
815 5.43328e-27 -1.39321e-26
816 1.86931e-26 -4.75594e-26
817 6.36735e-26 -1.60731e-25
818 2.14722e-25 -5.37761e-25
819 7.16821e-25 -1.78107e-24
820 2.36887e-24 -5.83917e-24
821 7.74896e-24 -1.89487e-23
822 2.50897e-23 -6.08613e-23
823 8.04034e-23 -1.9347e-22
824 2.55009e-22 -6.08654e-22
825 8.00411e-22 -1.89491e-21
826 2.48613e-21 -5.83767e-21
827 7.64119e-21 -1.77951e-20
828 2.3238e-20 -5.36713e-20
829 6.99212e-20 -1.60154e-19
830 2.08145e-19 -4.72782e-19
831 6.1297e-19 -1.38064e-18
832 1.78567e-18 -3.98813e-18
833 5.14543e-18 -1.13945e-17
834 1.46646e-17 -3.21979e-17
835 4.1335e-17 -8.99777e-17
836 1.15221e-16 -2.48648e-16
837 3.17596e-16 -6.79429e-16
838 8.65601e-16 -1.8356e-15
839 2.33252e-15 -4.90289e-15
840 6.21388e-15 -1.29458e-14
841 1.63641e-14 -3.37889e-14
842 4.25969e-14 -8.71658e-14
843 1.09593e-13 -2.22233e-13
844 2.78651e-13 -5.59911e-13
845 7.00129e-13 -1.39392e-12
846 1.73816e-12 -3.42863e-12
847 4.26339e-12 -8.33155e-12
848 1.03307e-11 -1.99989e-11
849 2.47265e-11 -4.7415e-11
850 5.8454e-11 -1.11021e-10
851 1.36468e-10 -2.56701e-10
852 3.14606e-10 -5.86044e-10
853 7.16089e-10 -1.32087e-09
854 1.60909e-09 -2.93875e-09
855 3.56902e-09 -6.45329e-09
856 7.813e-09 -1.39848e-08
857 1.68783e-08 -2.99041e-08
858 3.59764e-08 -6.30869e-08
859 7.56527e-08 -1.31285e-07
860 1.56921e-07 -2.69461e-07
861 3.21012e-07 -5.45389e-07
862 6.47549e-07 -1.08837e-06
863 1.28784e-06 -2.14106e-06
864 2.52472e-06 -4.1513e-06
865 4.87805e-06 -7.93163e-06
866 9.28703e-06 -1.49305e-05
867 1.74188e-05 -2.76844e-05
868 3.21797e-05 -5.05529e-05
869 5.85425e-05 -9.08889e-05
870 0.000104854 -0.000160852
871 0.000184852 -0.000280145
872 0.000320681 -0.000480031
873 0.000547292 -0.000809029
874 0.000918629 -0.00134073
875 0.00151603 -0.00218406
876 0.00245917 -0.00349621
877 0.00391956 -0.00549776
878 0.00613621 -0.00848928
879 0.00943228 -0.0128672
880 0.0142303 -0.0191355
881 0.0210622 -0.0279091
882 0.0305697 -0.0399018
883 0.0434873 -0.0558924
884 0.0606017 -0.0766623
885 0.0826817 -0.1029
886 0.110373 -0.13507
887 0.144063 -0.17326
888 0.183716 -0.217011
889 0.228712 -0.265164
890 0.2777 -0.315766
891 0.328518 -0.36605
892 0.378209 -0.412556
893 0.423171 -0.451388
894 0.459459 -0.478626
895 0.483225 -0.490842
896 0.49125 -0.48566
897 0.481505 -0.462248
898 0.453605 -0.421644
899 0.40908 -0.366809
900 0.351344 -0.302353
901 0.28534 -0.233946
902 0.216883 -0.167501
903 0.151806 -0.108287
904 0.0950842 -0.0601464
905 0.0501094 -0.0250018
906 0.018288 -0.00275264
907 -0.000955995 0.00842077
908 -0.00978637 0.0114422
909 -0.0112856 0.00958265
910 -0.00869454 0.00576159
911 -0.00475649 0.00207074
912 -0.00131492 -0.000395839
913 0.000778239 -0.00142256
914 0.00148395 -0.00136409
915 0.00124187 -0.000786213
916 0.000619813 -0.000178986
917 5.88138e-05 0.000189557
918 -0.000234906 0.000278376
919 -0.000265974 0.000187672
920 -0.000152306 5.10297e-05
921 -2.15251e-05 -4.07101e-05
922 5.22933e-05 -6.29758e-05
923 5.95266e-05 -3.89167e-05
924 2.98705e-05 -5.18208e-06
925 -1.5368e-06 1.40879e-05
926 -1.5727e-05 1.48317e-05
927 -1.29567e-05 5.94305e-06
928 -3.48309e-06 -2.1548e-06
929 3.3348e-06 -4.64517e-06
930 4.41348e-06 -2.70763e-06
931 1.92975e-06 1.0759e-07
932 -6.18765e-07 1.39421e-06
933 -1.4097e-06 1.00272e-06
934 -7.60139e-07 6.56658e-08
935 1.24737e-07 -4.39341e-07
936 4.58621e-07 -3.42513e-07
937 2.61495e-07 -2.28519e-08
938 -4.3632e-08 1.51332e-07
939 -1.56488e-07 1.10738e-07
940 -8.10226e-08 -2.69509e-09
941 2.46406e-08 -5.57367e-08
942 5.48498e-08 -3.26943e-08
943 2.11865e-08 7.81648e-09
944 -1.43117e-08 2.05207e-08
945 -1.85809e-08 7.72622e-09
946 -3.37165e-09 -5.82716e-09
947 7.27314e-09 -6.88995e-09
948 5.49045e-09 -6.99404e-10
949 -7.56893e-10 3.03413e-09
950 -3.07266e-09 1.81904e-09
951 -1.10834e-09 -6.35931e-10
952 9.94128e-10 -1.18572e-09
953 9.94626e-10 -2.09691e-10
954 -5.5307e-11 4.95327e-10
955 -5.13674e-10 3.07313e-10
956 -1.81875e-10 -1.22667e-10
957 1.82213e-10 -1.98762e-10
958 1.58722e-10 -1.24215e-11
959 -3.24019e-11 9.39787e-11
960 -8.98374e-11 3.80036e-11
961 -1.40254e-11 -3.4236e-11
962 4.00141e-11 -2.94758e-11
963 1.92083e-11 8.25421e-12
964 -1.42387e-11 1.69674e-11
965 -1.34962e-11 4.52422e-13
966 3.50678e-12 -8.32122e-12
967 7.58648e-12 -2.22834e-12
968 5.0933e-14 3.63677e-12
969 -3.76438e-12 1.88609e-12
970 -8.13413e-13 -1.43579e-12
971 1.71652e-12 -1.20835e-12
972 7.18632e-13 5.07551e-13
973 -7.34969e-13 6.84298e-13
974 -4.73073e-13 -1.53326e-13
975 2.99753e-13 -3.62585e-13
976 2.75258e-13 3.32662e-14
977 -1.17883e-13 1.85011e-13
978 -1.49789e-13 7.93085e-16
979 4.54529e-14 -9.24274e-14
980 7.8607e-14 -6.80559e-15
981 -1.76812e-14 4.5966e-14
982 -4.0351e-14 5.4978e-15
983 7.18453e-15 -2.2945e-14
984 2.0479e-14 -3.23986e-15
985 -3.26191e-15 1.15612e-14
986 -1.04535e-14 1.40289e-15
987 1.88052e-15 -5.71846e-15
988 5.1248e-15 -6.67234e-16
989 -1.13757e-15 2.78968e-15
990 -2.58022e-15 2.04412e-16
991 4.62568e-16 -1.50988e-15
992 1.40939e-15 3.27738e-17
993 -4.97322e-16 9.31212e-16
994 -7.55467e-16 -3.45557e-16
995 4.12361e-16 -3.15446e-16
996 2.57495e-16 1.66281e-16
997 -1.96851e-16 1.42586e-16
998 5.02661e-17 -9.07382e-17
999 -3.63062e-17 2.16107e-16
