0 -0.134839 -0.145652
1 -0.145391 -0.152773
2 -0.153884 -0.15649
3 -0.159744 -0.157244
4 -0.162338 -0.155485
5 -0.161122 -0.15157
6 -0.155801 -0.145693
7 -0.146428 -0.137869
8 -0.133426 -0.12796
9 -0.117521 -0.115751
10 -0.0995881 -0.101041
11 -0.0804797 -0.0837485
12 -0.0608611 -0.063987
13 -0.041116 -0.0421135
14 -0.021337 -0.0187195
15 -0.00139755 0.00543043
16 0.0189231 0.0295068
17 0.039803 0.0527483
18 0.0612673 0.0745882
19 0.0831295 0.0947426
20 0.104993 0.113232
21 0.126302 0.130325
22 0.146436 0.14642
23 0.164803 0.161884
24 0.180946 0.176908
25 0.194607 0.191414
26 0.205769 0.205047
27 0.214642 0.217256
28 0.221609 0.227444
29 0.227135 0.235133
30 0.23165 0.240103
31 0.235449 0.242451
32 0.23862 0.242569
33 0.241018 0.241035
34 0.242318 0.238465
35 0.242112 0.23537
36 0.240042 0.232052
37 0.235931 0.228568
38 0.229866 0.224763
39 0.222216 0.220346
40 0.213567 0.214999
41 0.204587 0.20848
42 0.195869 0.200697
43 0.187785 0.191749
44 0.180406 0.18192
45 0.173505 0.171627
46 0.166655 0.16135
47 0.159382 0.15153
48 0.151323 0.142487
49 0.142354 0.134351
50 0.132633 0.127045
51 0.12256 0.120306
52 0.112659 0.113759
53 0.10344 0.10702
54 0.0952668 0.0998091
55 0.0882721 0.0920369
56 0.0823499 0.0838498
57 0.0772044 0.0756056
58 0.072444 0.0677868
59 0.0676884 0.0608685
60 0.0626609 0.0551791
61 0.0572483 0.0507952
62 0.0515179 0.0475086
63 0.0456933 0.0448787
64 0.0400961 0.0423604
65 0.0350672 0.0394666
66 0.0308828 0.0359154
67 0.0276844 0.0317129
68 0.0254374 0.027145
69 0.0239314 0.0226818
70 0.0228241 0.0188254
71 0.021721 0.0159531
72 0.0202735 0.0142036
73 0.0182713 0.0134413
74 0.0157038 0.0133043
75 0.0127707 0.0133187
76 0.00983403 0.013038
77 0.00731939 0.0121667
78 0.00559076 0.0106313
79 0.00483429 0.00858327
80 0.00498831 0.00633846
81 0.00574634 0.00427621
82 0.00663804 0.00272917
83 0.00716742 0.00189531
84 0.00696577 0.00179314
85 0.00590922 0.00226754
86 0.00416 0.00303946
87 0.00211567 0.00378262
88 0.000281529 0.00420572
89 -0.000891565 0.00412056
90 -0.00115057 0.00348181
91 -0.000517982 0.00239231
92 0.00071991 0.0010748
93 0.0021079 -0.000182525
94 0.00316693 -0.00109577
95 0.00354146 -0.00145632
96 0.00310292 -0.00118809
97 0.00197879 -0.000376136
98 0.000501882 0.000744181
99 -0.000900676 0.00184065
100 -0.0018414 0.00257145
101 -0.00208691 0.00268508
102 -0.00161893 0.00210319
103 -0.000626681 0.000957372
104 0.000562287 -0.000437775
105 0.00158703 -0.00167301
106 0.00215945 -0.00236992
107 0.0021401 -0.00230403
108 0.00156462 -0.0014837
109 0.000618747 -0.000156093
110 -0.00042495 0.00126506
111 -0.00128637 0.00232839
112 -0.00175049 0.00268946
113 -0.00171613 0.00222366
114 -0.00121281 0.00106978
115 -0.000386115 -0.000411216
116 0.000541702 -0.00175034
117 0.0013261 -0.00252148
118 0.0017587 -0.00248024
119 0.00171867 -0.00164471
120 0.00120597 -0.000290296
121 0.000347595 0.00114079
122 -0.000628441 0.0021859
123 -0.00144898 0.00251475
124 -0.00187011 0.00203666
125 -0.00175074 0.000925883
126 -0.00110256 -0.000442535
127 -9.78244e-05 -0.00162223
128 0.000972417 -0.0022443
129 0.00178113 -0.00213427
130 0.00206603 -0.00135954
131 0.00171663 -0.000195413
132 0.000818224 0.000974189
133 -0.000364985 0.0017846
134 -0.00146592 0.00200398
135 -0.00212869 0.00159745
136 -0.00212524 0.000725455
137 -0.00143608 -0.000318444
138 -0.000265815 -0.00120654
139 0.00101533 -0.00167961
140 0.0019886 -0.00162126
141 0.00232551 -0.00108323
142 0.00190172 -0.000257376
143 0.000845375 0.000592793
144 -0.000499925 0.00121658
145 -0.00168758 0.0014491
146 -0.00231886 0.00125161
147 -0.00217992 0.000710698
148 -0.00131647 1.63914e-06
149 -1.91547e-05 -0.000668642
150 0.00127559 -0.00112003
151 0.00213455 -0.00124343
152 0.00227461 -0.00102191
153 0.00165703 -0.000527897
154 0.000497715 9.97817e-05
155 -0.000808765 0.000691754
156 -0.00182415 0.00108948
157 -0.00221428 0.00118418
158 -0.00185985 0.000945485
159 -0.000893385 0.000432563
160 0.000349201 -0.000217021
161 0.00144532 -0.000820589
162 0.00203042 -0.00119942
163 0.00192081 -0.00123125
164 0.00117256 -0.000890728
165 5.66259e-05 -0.000264181
166 -0.0010396 0.000468918
167 -0.00174837 0.00108519
168 -0.00184665 0.00138468
169 -0.00132659 0.00125631
170 -0.000388994 0.000719854
171 0.000634453 -7.14296e-05
172 0.00139961 -0.000872069
173 0.00166601 -0.00141957
174 0.00137133 -0.00152098
175 0.000642049 -0.00112215
176 -0.000259175 -0.000334478
177 -0.0010277 0.000593544
178 -0.0014192 0.00135392
179 -0.00132636 0.00168209
180 -0.000806488 0.00145043
181 -5.3721e-05 0.000718806
182 0.000672312 -0.000278262
183 0.00113584 -0.00120628
184 0.00120169 -0.00174378
185 0.000874115 -0.00169502
186 0.000286489 -0.00106235
187 -0.000351918 -5.12028e-05
188 -0.00083101 0.000996311
189 -0.00100934 0.00171775
190 -0.000854584 0.00185674
191 -0.000443941 0.00135498
192 7.15054e-05 0.000376643
193 0.000522374 -0.000744985
194 0.000775896 -0.00162127
195 0.00077272 -0.00194349
196 0.000536745 -0.00159236
197 0.000158907 -0.000682712
198 -0.000236638 0.000473385
199 -0.000531913 0.0014736
200 -0.000648495 0.00196576
201 -0.000566391 0.0017726
202 -0.000324682 0.000956499
203 -5.32996e-06 -0.000199869
204 0.00029396 -0.0012913
205 0.000489112 -0.00193255
206 0.000532444 -0.00189522
207 0.00042268 -0.00118998
208 0.000200709 -6.41435e-05
209 -6.57258e-05 0.00108517
210 -0.000302349 0.00185168
211 -0.000447478 0.00196426
212 -0.000465752 0.00138328
213 -0.000354806 0.000314641
214 -0.000144959 -0.000863346
215 0.000107566 -0.00173409
216 0.000333285 -0.00199018
217 0.000466653 -0.00154194
218 0.00046467 -0.000548977
219 0.00032175 0.00063645
220 7.50726e-05 0.00159405
221 -0.000203317 0.00198438
222 -0.000427006 0.00166934
223 -0.000522544 0.000761512
224 -0.000454439 -0.000415489
225 -0.000238799 -0.00144204
226 5.97476e-05 -0.00195222
227 0.000347393 -0.00176477
228 0.000530688 -0.000948032
229 0.000546855 0.000204605
230 0.000385189 0.00128022
231 9.25431e-05 0.00189465
232 -0.00023944 0.00183001
233 -0.000502279 0.00111206
234 -0.000605793 -1.65645e-07
235 -0.000509398 -0.00110806
236 -0.00023862 -0.00181629
237 0.000120207 -0.00187364
238 0.000447005 -0.00126172
239 0.000628631 -0.000200594
240 0.000599103 0.000930087
241 0.000364454 0.00172646
242 2.34565e-06 0.00190419
243 -0.000364134 0.0013999
244 -0.000609258 0.000394047
245 -0.000648551 -0.000753098
246 -0.000468049 -0.00163008
247 -0.000128837 -0.00192179
248 0.000254222 -0.00152304
249 0.000551734 -0.000576813
250 0.000663436 0.000576813
251 0.000551734 0.00152304
252 0.000254222 0.00192179
253 -0.000128837 0.00163008
254 -0.000468049 0.000753098
255 -0.000648551 -0.000394047
256 -0.000609258 -0.0013999
257 -0.000364134 -0.00190419
258 2.34565e-06 -0.00172646
259 0.000364454 -0.000930087
260 0.000599103 0.000200594
261 0.000628631 0.00126172
262 0.000447005 0.00187364
263 0.000120207 0.00181629
264 -0.00023862 0.00110806
265 -0.000509398 1.65645e-07
266 -0.000605793 -0.00111206
267 -0.000502279 -0.00183001
268 -0.00023944 -0.00189465
269 9.25431e-05 -0.00128022
270 0.000385189 -0.000204605
271 0.000546855 0.000948032
272 0.000530688 0.00176477
273 0.000347393 0.00195222
274 5.97476e-05 0.00144204
275 -0.000238799 0.000415489
276 -0.000454439 -0.000761512
277 -0.000522544 -0.00166934
278 -0.000427006 -0.00198438
279 -0.000203317 -0.00159405
280 7.50726e-05 -0.00063645
281 0.00032175 0.000548977
282 0.00046467 0.00154194
283 0.000466653 0.00199018
284 0.000333285 0.00173409
285 0.000107566 0.000863346
286 -0.000144959 -0.000314641
287 -0.000354806 -0.00138328
288 -0.000465752 -0.00196426
289 -0.000447478 -0.00185168
290 -0.000302349 -0.00108517
291 -6.57258e-05 6.41435e-05
292 0.000200709 0.00118998
293 0.00042268 0.00189522
294 0.000532444 0.00193255
295 0.000489112 0.0012913
296 0.00029396 0.000199869
297 -5.32996e-06 -0.000956499
298 -0.000324682 -0.0017726
299 -0.000566391 -0.00196576
300 -0.000648495 -0.0014736
301 -0.000531913 -0.000473385
302 -0.000236638 0.000682712
303 0.000158907 0.00159236
304 0.000536745 0.00194349
305 0.00077272 0.00162127
306 0.000775896 0.000744985
307 0.000522374 -0.000376643
308 7.15054e-05 -0.00135498
309 -0.000443941 -0.00185674
310 -0.000854584 -0.00171775
311 -0.00100934 -0.000996311
312 -0.00083101 5.12028e-05
313 -0.000351918 0.00106235
314 0.000286489 0.00169502
315 0.000874115 0.00174378
316 0.00120169 0.00120628
317 0.00113584 0.000278262
318 0.000672312 -0.000718806
319 -5.3721e-05 -0.00145043
320 -0.000806488 -0.00168209
321 -0.00132636 -0.00135392
322 -0.0014192 -0.000593544
323 -0.0010277 0.000334478
324 -0.000259175 0.00112215
325 0.000642049 0.00152098
326 0.00137133 0.00141957
327 0.00166601 0.000872069
328 0.00139961 7.14296e-05
329 0.000634453 -0.000719854
330 -0.000388994 -0.00125631
331 -0.00132659 -0.00138468
332 -0.00184665 -0.00108519
333 -0.00174837 -0.000468918
334 -0.0010396 0.000264181
335 5.66259e-05 0.000890728
336 0.00117256 0.00123125
337 0.00192081 0.00119942
338 0.00203042 0.000820589
339 0.00144532 0.000217021
340 0.000349201 -0.000432563
341 -0.000893385 -0.000945485
342 -0.00185985 -0.00118418
343 -0.00221428 -0.00108948
344 -0.00182415 -0.000691754
345 -0.000808765 -9.97817e-05
346 0.000497715 0.000527897
347 0.00165703 0.00102191
348 0.00227461 0.00124343
349 0.00213455 0.00112003
350 0.00127559 0.000668642
351 -1.91547e-05 -1.63914e-06
352 -0.00131647 -0.000710698
353 -0.00217992 -0.00125161
354 -0.00231886 -0.0014491
355 -0.00168758 -0.00121658
356 -0.000499925 -0.000592793
357 0.000845375 0.000257376
358 0.00190172 0.00108323
359 0.00232551 0.00162126
360 0.0019886 0.00167961
361 0.00101533 0.00120654
362 -0.000265815 0.000318444
363 -0.00143608 -0.000725455
364 -0.00212524 -0.00159745
365 -0.00212869 -0.00200398
366 -0.00146592 -0.0017846
367 -0.000364985 -0.000974189
368 0.000818224 0.000195413
369 0.00171663 0.00135954
370 0.00206603 0.00213427
371 0.00178113 0.0022443
372 0.000972417 0.00162223
373 -9.78244e-05 0.000442535
374 -0.00110256 -0.000925883
375 -0.00175074 -0.00203666
376 -0.00187011 -0.00251475
377 -0.00144898 -0.0021859
378 -0.000628441 -0.00114079
379 0.000347595 0.000290296
380 0.00120597 0.00164471
381 0.00171867 0.00248024
382 0.0017587 0.00252148
383 0.0013261 0.00175034
384 0.000541702 0.000411216
385 -0.000386115 -0.00106978
386 -0.00121281 -0.00222366
387 -0.00171613 -0.00268946
388 -0.00175049 -0.00232839
389 -0.00128637 -0.00126506
390 -0.00042495 0.000156093
391 0.000618747 0.0014837
392 0.00156462 0.00230403
393 0.0021401 0.00236992
394 0.00215945 0.00167301
395 0.00158703 0.000437775
396 0.000562287 -0.000957372
397 -0.000626681 -0.00210319
398 -0.00161893 -0.00268508
399 -0.00208691 -0.00257145
400 -0.0018414 -0.00184065
401 -0.000900676 -0.000744181
402 0.000501882 0.000376136
403 0.00197879 0.00118809
404 0.00310292 0.00145632
405 0.00354146 0.00109577
406 0.00316693 0.000182525
407 0.0021079 -0.0010748
408 0.00071991 -0.00239231
409 -0.000517982 -0.00348181
410 -0.00115057 -0.00412056
411 -0.000891565 -0.00420572
412 0.000281529 -0.00378262
413 0.00211567 -0.00303946
414 0.00416 -0.00226754
415 0.00590922 -0.00179314
416 0.00696577 -0.00189531
417 0.00716742 -0.00272917
418 0.00663804 -0.00427621
419 0.00574634 -0.00633846
420 0.00498831 -0.00858327
421 0.00483429 -0.0106313
422 0.00559076 -0.0121667
423 0.00731939 -0.013038
424 0.00983403 -0.0133187
425 0.0127707 -0.0133043
426 0.0157038 -0.0134413
427 0.0182713 -0.0142036
428 0.0202735 -0.0159531
429 0.021721 -0.0188254
430 0.0228241 -0.0226818
431 0.0239314 -0.027145
432 0.0254374 -0.0317129
433 0.0276844 -0.0359154
434 0.0308828 -0.0394666
435 0.0350672 -0.0423604
436 0.0400961 -0.0448787
437 0.0456933 -0.0475086
438 0.0515179 -0.0507952
439 0.0572483 -0.0551791
440 0.0626609 -0.0608685
441 0.0676884 -0.0677868
442 0.072444 -0.0756056
443 0.0772044 -0.0838498
444 0.0823499 -0.0920369
445 0.0882721 -0.0998091
446 0.0952668 -0.10702
447 0.10344 -0.113759
448 0.112659 -0.120306
449 0.12256 -0.127045
450 0.132633 -0.134351
451 0.142354 -0.142487
452 0.151323 -0.15153
453 0.159382 -0.16135
454 0.166655 -0.171627
455 0.173505 -0.18192
456 0.180406 -0.191749
457 0.187785 -0.200697
458 0.195869 -0.20848
459 0.204587 -0.214999
460 0.213567 -0.220346
461 0.222216 -0.224763
462 0.229866 -0.228568
463 0.235931 -0.232052
464 0.240042 -0.23537
465 0.242112 -0.238465
466 0.242318 -0.241035
467 0.241018 -0.242569
468 0.23862 -0.242451
469 0.235449 -0.240103
470 0.23165 -0.235133
471 0.227135 -0.227444
472 0.221609 -0.217256
473 0.214642 -0.205047
474 0.205769 -0.191414
475 0.194607 -0.176908
476 0.180946 -0.161884
477 0.164803 -0.14642
478 0.146436 -0.130325
479 0.126302 -0.113232
480 0.104993 -0.0947426
481 0.0831295 -0.0745882
482 0.0612673 -0.0527483
483 0.039803 -0.0295068
484 0.0189231 -0.00543043
485 -0.00139755 0.0187195
486 -0.021337 0.0421135
487 -0.041116 0.063987
488 -0.0608611 0.0837485
489 -0.0804797 0.101041
490 -0.0995881 0.115751
491 -0.117521 0.12796
492 -0.133426 0.137869
493 -0.146428 0.145693
494 -0.155801 0.15157
495 -0.161122 0.155485
496 -0.162338 0.157244
497 -0.159744 0.15649
498 -0.153884 0.152773
499 -0.145391 0.145652
500 -0.134839 0.134831
501 -0.12262 0.120264
502 -0.108904 0.102241
503 -0.0936571 0.0813951
504 -0.0767355 0.0586417
505 -0.0580054 0.0350456
506 -0.0374674 0.0116534
507 -0.0153508 -0.0106715
508 0.00784079 -0.0313602
509 0.0313427 -0.0501676
510 0.0541967 -0.0671083
511 0.0753586 -0.082323
512 0.0938267 -0.0959172
513 0.108767 -0.107825
514 0.119616 -0.117737
515 0.126134 -0.12512
516 0.12841 -0.129304
517 0.12681 -0.12963
518 0.121868 -0.125596
519 0.114161 -0.116987
520 0.104181 -0.103943
521 0.092244 -0.0869737
522 0.0784613 -0.0669128
523 0.0627886 -0.0448207
524 0.0451398 -0.0218626
525 0.0255389 0.000825562
526 0.00426256 0.02226
527 -0.0180698 0.0416989
528 -0.0404936 0.0586834
529 -0.0617907 0.0730208
530 -0.0806542 0.0847124
531 -0.0958858 0.0938435
532 -0.106575 0.100463
533 -0.112216 0.104486
534 -0.112748 0.105653
535 -0.108509 0.103558
536 -0.100133 0.0977497
537 -0.0884242 0.0878784
538 -0.0742237 0.0738544
539 -0.0583054 0.0559743
540 -0.0413073 0.0349757
541 -0.0237054 0.0120026
542 -0.00583166 -0.011517
543 0.0120685 -0.0340548
544 0.02975 -0.054186
545 0.0468724 -0.0707678
546 0.0629222 -0.0830558
547 0.0771779 -0.090739
548 0.0887405 -0.0938974
549 0.0966332 -0.0929021
550 0.0999561 -0.0882898
551 0.0980635 -0.0806417
552 0.0907214 -0.0704913
553 0.0782052 -0.0582726
554 0.0613088 -0.0443121
555 0.0412597 -0.0288607
556 0.019557 -0.0121577
557 -0.00223337 0.00548491
558 -0.0226801 0.0235965
559 -0.0406454 0.0414819
560 -0.0553717 0.0582023
561 -0.0664882 0.072623
562 -0.073947 0.0835326
563 -0.077916 0.0898207
564 -0.0786579 0.090676
565 -0.0764288 0.0857582
566 -0.0714152 0.0752984
567 -0.063722 0.0600989
568 -0.0534067 0.0414305
569 -0.0405504 0.0208519
570 -0.0253473 -5.72176e-06
571 -0.0081916 -0.0196444
572 0.0102563 -0.0368543
573 0.0290452 -0.0508001
574 0.046964 -0.0610345
575 0.0626366 -0.0674528
576 0.0746748 -0.0702078
577 0.0818707 -0.0696076
578 0.0833942 -0.0660168
579 0.0789515 -0.0597783
580 0.0688655 -0.051169
581 0.0540534 -0.0403991
582 0.0359021 -0.0276545
583 0.0160669 -0.0131768
584 -0.00376049 0.0026429
585 -0.0220657 0.0191804
586 -0.0376662 0.0355382
587 -0.0497872 0.0505706
588 -0.0580613 0.0629832
589 -0.0624682 0.0714956
590 -0.063243 0.07504
591 -0.0607731 0.0729541
592 -0.0555052 0.0651278
593 -0.0478726 0.0520696
594 -0.0382524 0.0348755
595 -0.0269589 0.0151045
596 -0.0142753 -0.00541813
597 -0.000520186 -0.0248327
598 0.0138692 -0.041473
599 0.028261 -0.0540511
600 0.0417929 -0.0617754
601 0.0534001 -0.0643905
602 0.0619195 -0.0621433
603 0.066256 -0.0556902
604 0.0655804 -0.0459664
605 0.0595124 -0.0340381
606 0.0482458 -0.0209615
607 0.0325841 -0.00766706
608 0.0138764 0.00511364
609 -0.00613451 0.0168675
610 -0.0255235 0.0272657
611 -0.0424192 0.0360868
612 -0.0552283 0.0431234
613 -0.0628188 0.048103
614 -0.0646407 0.0506551
615 -0.0607704 0.0503422
616 -0.051876 0.0467533
617 -0.0391073 0.0396393
618 -0.0239283 0.0290512
619 -0.00791607 0.0154417
620 0.00744097 -0.000301915
621 0.0209127 -0.0169066
622 0.0316389 -0.0328381
623 0.0391671 -0.0464784
624 0.0434183 -0.0563258
625 0.044596 -0.0611904
626 0.0430666 -0.0603589
627 0.039242 -0.0537119
628 0.0334944 -0.041777
629 0.0261215 -0.0257048
630 0.0173636 -0.00715964
631 0.00746313 0.0118703
632 -0.00325868 0.0293241
633 -0.0143333 0.0433426
634 -0.0251104 0.0525191
635 -0.0347715 0.0560776
636 -0.0423942 0.0539468
637 -0.0470599 0.0467213
638 -0.0479873 0.0355261
639 -0.0446702 0.021819
640 -0.0369983 0.00717495
641 -0.0253398 -0.00691248
642 -0.0105678 -0.0191872
643 0.00598211 -0.0287327
644 0.0226279 -0.0350204
645 0.0375259 -0.0379075
646 0.0489044 -0.0375898
647 0.0553145 -0.0345198
648 0.0558548 -0.0293
649 0.0503279 -0.0225721
650 0.0392946 -0.0149223
651 0.0240127 -0.00682594
652 0.00626912 0.00135917
653 -0.0118623 0.00935226
654 -0.0282961 0.0168814
655 -0.0411991 0.0236161
656 -0.0492071 0.0291283
657 -0.0515732 0.0329036
658 -0.0482358 0.0344018
659 -0.0398038 0.033158
660 -0.0274638 0.0288955
661 -0.0128172 0.0216279
662 0.00233573 0.0117243
663 0.0162363 -7.55989e-05
664 0.0273986 -0.0127017
665 0.0347912 -0.0248472
666 0.0379393 -0.0351086
667 0.0369309 -0.0421573
668 0.0323341 -0.0449255
669 0.025051 -0.0427799
670 0.0161463 -0.0356543
671 0.00668698 -0.0241157
672 -0.00238122 -0.00934091
673 -0.0103104 0.00700059
674 -0.0165839 0.0229476
675 -0.0209174 0.0365046
676 -0.0232375 0.0459169
677 -0.0236441 0.0499192
678 -0.0223601 0.0479211
679 -0.0196723 0.0400988
680 -0.0158743 0.0273816
681 -0.0112254 0.0113364
682 -0.00593756 -0.00603425
683 -0.000199155 -0.0225526
684 0.00577624 -0.036149
685 0.011694 -0.0451329
686 0.0171433 -0.0484137
687 0.0216034 -0.0456436
688 0.0245004 -0.0372607
689 0.0253027 -0.024426
690 0.0236329 -0.00886185
691 0.0193673 0.00738494
692 0.0126973 0.0222228
693 0.00414336 0.0337965
694 -0.00548198 0.0407307
695 -0.015151 0.0422997
696 -0.0237288 0.038503
697 -0.0301021 0.0300383
698 -0.0333208 0.0181799
699 -0.0327396 0.00458493
700 -0.0281427 -0.00894052
701 -0.0198273 -0.0206835
702 -0.00861955 -0.0292402
703 0.00419266 -0.0336819
704 0.0170121 -0.0336514
705 0.0281487 -0.0293841
706 0.0360649 -0.021651
707 0.0396045 -0.0116348
708 0.038167 -0.000754397
709 0.0318002 0.00953586
710 0.0212033 0.0179446
711 0.00764515 0.0235095
712 -0.00718812 0.0257077
713 -0.021398 0.0244961
714 -0.0331105 0.0202809
715 -0.0407214 0.0138267
716 -0.0431228 0.00612597
717 -0.0398763 -0.00174899
718 -0.031303 -0.0087883
719 -0.0184656 -0.0141653
720 -0.00303735 -0.0173244
721 0.0129256 -0.0180313
722 0.0272742 -0.0163819
723 0.0380689 -0.0127717
724 0.0438476 -0.00782748
725 0.0438211 -0.00230924
726 0.0379724 0.0030036
727 0.0270543 0.00742436
728 0.0124918 0.0104501
729 -0.00379813 0.0118164
730 -0.0196497 0.0115095
731 -0.0329293 0.00973869
732 -0.0418236 0.00688135
733 -0.045095 0.00341396
734 -0.0422668 -0.000157224
735 -0.0337022 -0.00335817
736 -0.0205617 -0.00579838
737 -0.00463973 -0.00721077
738 0.0118902 -0.00747884
739 0.0267825 -0.00664799
740 0.0380282 -0.00491683
741 0.0441224 -0.00260581
742 0.0442564 -0.000105362
743 0.0384167 0.00218819
744 0.0273841 0.00393638
745 0.0126333 0.00490844
746 -0.0038538 0.0050078
747 -0.0198456 0.00427317
748 -0.0331594 0.00285892
749 -0.0419641 0.00100377
750 -0.0450414 -0.00100377
751 -0.0419641 -0.00285892
752 -0.0331594 -0.00427317
753 -0.0198456 -0.0050078
754 -0.0038538 -0.00490844
755 0.0126333 -0.00393638
756 0.0273841 -0.00218819
757 0.0384167 0.000105362
758 0.0442564 0.00260581
759 0.0441224 0.00491683
760 0.0380282 0.00664799
761 0.0267825 0.00747884
762 0.0118902 0.00721077
763 -0.00463973 0.00579838
764 -0.0205617 0.00335817
765 -0.0337022 0.000157224
766 -0.0422668 -0.00341396
767 -0.045095 -0.00688135
768 -0.0418236 -0.00973869
769 -0.0329293 -0.0115095
770 -0.0196497 -0.0118164
771 -0.00379813 -0.0104501
772 0.0124918 -0.00742436
773 0.0270543 -0.0030036
774 0.0379724 0.00230924
775 0.0438211 0.00782748
776 0.0438476 0.0127717
777 0.0380689 0.0163819
778 0.0272742 0.0180313
779 0.0129256 0.0173244
780 -0.00303735 0.0141653
781 -0.0184656 0.0087883
782 -0.031303 0.00174899
783 -0.0398763 -0.00612597
784 -0.0431228 -0.0138267
785 -0.0407214 -0.0202809
786 -0.0331105 -0.0244961
787 -0.021398 -0.0257077
788 -0.00718812 -0.0235095
789 0.00764515 -0.0179446
790 0.0212033 -0.00953586
791 0.0318002 0.000754397
792 0.038167 0.0116348
793 0.0396045 0.021651
794 0.0360649 0.0293841
795 0.0281487 0.0336514
796 0.0170121 0.0336819
797 0.00419266 0.0292402
798 -0.00861955 0.0206835
799 -0.0198273 0.00894052
800 -0.0281427 -0.00458493
801 -0.0327396 -0.0181799
802 -0.0333208 -0.0300383
803 -0.0301021 -0.038503
804 -0.0237288 -0.0422997
805 -0.015151 -0.0407307
806 -0.00548198 -0.0337965
807 0.00414336 -0.0222228
808 0.0126973 -0.00738494
809 0.0193673 0.00886185
810 0.0236329 0.024426
811 0.0253027 0.0372607
812 0.0245004 0.0456436
813 0.0216034 0.0484137
814 0.0171433 0.0451329
815 0.011694 0.036149
816 0.00577624 0.0225526
817 -0.000199155 0.00603425
818 -0.00593756 -0.0113364
819 -0.0112254 -0.0273816
820 -0.0158743 -0.0400988
821 -0.0196723 -0.0479211
822 -0.0223601 -0.0499192
823 -0.0236441 -0.0459169
824 -0.0232375 -0.0365046
825 -0.0209174 -0.0229476
826 -0.0165839 -0.00700059
827 -0.0103104 0.00934091
828 -0.00238122 0.0241157
829 0.00668698 0.0356543
830 0.0161463 0.0427799
831 0.025051 0.0449255
832 0.0323341 0.0421573
833 0.0369309 0.0351086
834 0.0379393 0.0248472
835 0.0347912 0.0127017
836 0.0273986 7.55989e-05
837 0.0162363 -0.0117243
838 0.00233573 -0.0216279
839 -0.0128172 -0.0288955
840 -0.0274638 -0.033158
841 -0.0398038 -0.0344018
842 -0.0482358 -0.0329036
843 -0.0515732 -0.0291283
844 -0.0492071 -0.0236161
845 -0.0411991 -0.0168814
846 -0.0282961 -0.00935226
847 -0.0118623 -0.00135917
848 0.00626912 0.00682594
849 0.0240127 0.0149223
850 0.0392946 0.0225721
851 0.0503279 0.0293
852 0.0558548 0.0345198
853 0.0553145 0.0375898
854 0.0489044 0.0379075
855 0.0375259 0.0350204
856 0.0226279 0.0287327
857 0.00598211 0.0191872
858 -0.0105678 0.00691248
859 -0.0253398 -0.00717495
860 -0.0369983 -0.021819
861 -0.0446702 -0.0355261
862 -0.0479873 -0.0467213
863 -0.0470599 -0.0539468
864 -0.0423942 -0.0560776
865 -0.0347715 -0.0525191
866 -0.0251104 -0.0433426
867 -0.0143333 -0.0293241
868 -0.00325868 -0.0118703
869 0.00746313 0.00715964
870 0.0173636 0.0257048
871 0.0261215 0.041777
872 0.0334944 0.0537119
873 0.039242 0.0603589
874 0.0430666 0.0611904
875 0.044596 0.0563258
876 0.0434183 0.0464784
877 0.0391671 0.0328381
878 0.0316389 0.0169066
879 0.0209127 0.000301915
880 0.00744097 -0.0154417
881 -0.00791607 -0.0290512
882 -0.0239283 -0.0396393
883 -0.0391073 -0.0467533
884 -0.051876 -0.0503422
885 -0.0607704 -0.0506551
886 -0.0646407 -0.048103
887 -0.0628188 -0.0431234
888 -0.0552283 -0.0360868
889 -0.0424192 -0.0272657
890 -0.0255235 -0.0168675
891 -0.00613451 -0.00511364
892 0.0138764 0.00766706
893 0.0325841 0.0209615
894 0.0482458 0.0340381
895 0.0595124 0.0459664
896 0.0655804 0.0556902
897 0.066256 0.0621433
898 0.0619195 0.0643905
899 0.0534001 0.0617754
900 0.0417929 0.0540511
901 0.028261 0.041473
902 0.0138692 0.0248327
903 -0.000520186 0.00541813
904 -0.0142753 -0.0151045
905 -0.0269589 -0.0348755
906 -0.0382524 -0.0520696
907 -0.0478726 -0.0651278
908 -0.0555052 -0.0729541
909 -0.0607731 -0.07504
910 -0.063243 -0.0714956
911 -0.0624682 -0.0629832
912 -0.0580613 -0.0505706
913 -0.0497872 -0.0355382
914 -0.0376662 -0.0191804
915 -0.0220657 -0.0026429
916 -0.00376049 0.0131768
917 0.0160669 0.0276545
918 0.0359021 0.0403991
919 0.0540534 0.051169
920 0.0688655 0.0597783
921 0.0789515 0.0660168
922 0.0833942 0.0696076
923 0.0818707 0.0702078
924 0.0746748 0.0674528
925 0.0626366 0.0610345
926 0.046964 0.0508001
927 0.0290452 0.0368543
928 0.0102563 0.0196444
929 -0.0081916 5.72176e-06
930 -0.0253473 -0.0208519
931 -0.0405504 -0.0414305
932 -0.0534067 -0.0600989
933 -0.063722 -0.0752984
934 -0.0714152 -0.0857582
935 -0.0764288 -0.090676
936 -0.0786579 -0.0898207
937 -0.077916 -0.0835326
938 -0.073947 -0.072623
939 -0.0664882 -0.0582023
940 -0.0553717 -0.0414819
941 -0.0406454 -0.0235965
942 -0.0226801 -0.00548491
943 -0.00223337 0.0121577
944 0.019557 0.0288607
945 0.0412597 0.0443121
946 0.0613088 0.0582726
947 0.0782052 0.0704913
948 0.0907214 0.0806417
949 0.0980635 0.0882898
950 0.0999561 0.0929021
951 0.0966332 0.0938974
952 0.0887405 0.090739
953 0.0771779 0.0830558
954 0.0629222 0.0707678
955 0.0468724 0.054186
956 0.02975 0.0340548
957 0.0120685 0.011517
958 -0.00583166 -0.0120026
959 -0.0237054 -0.0349757
960 -0.0413073 -0.0559743
961 -0.0583054 -0.0738544
962 -0.0742237 -0.0878784
963 -0.0884242 -0.0977497
964 -0.100133 -0.103558
965 -0.108509 -0.105653
966 -0.112748 -0.104486
967 -0.112216 -0.100463
968 -0.106575 -0.0938435
969 -0.0958858 -0.0847124
970 -0.0806542 -0.0730208
971 -0.0617907 -0.0586834
972 -0.0404936 -0.0416989
973 -0.0180698 -0.02226
974 0.00426256 -0.000825562
975 0.0255389 0.0218626
976 0.0451398 0.0448207
977 0.0627886 0.0669128
978 0.0784613 0.0869737
979 0.092244 0.103943
980 0.104181 0.116987
981 0.114161 0.125596
982 0.121868 0.12963
983 0.12681 0.129304
984 0.12841 0.12512
985 0.126134 0.117737
986 0.119616 0.107825
987 0.108767 0.0959172
988 0.0938267 0.082323
989 0.0753586 0.0671083
990 0.0541967 0.0501676
991 0.0313427 0.0313602
992 0.00784079 0.0106715
993 -0.0153508 -0.0116534
994 -0.0374674 -0.0350456
995 -0.0580054 -0.0586417
996 -0.0767355 -0.0813951
997 -0.0936571 -0.102241
998 -0.108904 -0.120264
999 -0.12262 -0.134831
