0 0.000595017 -0.000368805
1 0.000269751 4.91775e-05
2 -0.000157061 0.000432366
3 -0.000503446 0.000621
4 -0.000626429 0.000541676
5 -0.000481228 0.000236194
6 -0.000137614 -0.000159004
7 0.000252603 -0.000473173
8 0.000522136 -0.000574917
9 0.000559855 -0.000427385
10 0.00035683 -0.000101655
11 7.59531e-06 0.00025662
12 -0.000333077 0.000491958
13 -0.000518434 0.000506515
14 -0.000473056 0.000300955
15 -0.000223824 -2.84332e-05
16 0.000114374 -0.000334185
17 0.000391069 -0.000483385
18 0.000487046 -0.000415503
19 0.000365884 -0.000167132
20 8.78001e-05 0.000146586
21 -0.000219496 0.000384833
22 -0.000419096 0.000444214
23 -0.000425846 0.000303837
24 -0.000242819 3.25784e-05
25 4.23712e-05 -0.000244033
26 0.000298926 -0.000401649
27 0.000412599 -0.000373079
28 0.000336643 -0.000177123
29 0.000111207 9.22345e-05
30 -0.000157 0.000310484
31 -0.000344832 0.000380023
32 -0.000369215 0.000273892
33 -0.000224106 4.61701e-05
34 1.87033e-05 -0.000194958
35 0.000244611 -0.000338279
36 0.000350137 -0.000320802
37 0.000290421 -0.000155591
38 9.83874e-05 7.62175e-05
39 -0.000132661 0.000264804
40 -0.000294067 0.000323557
41 -0.000312844 0.000228999
42 -0.000184756 3.02255e-05
43 2.55617e-05 -0.000176028
44 0.000216749 -0.000292258
45 0.00029935 -0.000266359
46 0.000237702 -0.000115136
47 6.54464e-05 8.55522e-05
48 -0.000132166 0.000238565
49 -0.000260167 0.000272438
50 -0.000259499 0.000174831
51 -0.000134454 -3.2275e-06
52 5.09887e-05 -0.000173617
53 0.000205552 -0.000254532
54 0.00025553 -0.000209739
55 0.000180063 -6.48579e-05
56 1.98269e-05 0.000106675
57 -0.000144485 0.000220526
58 -0.000232654 0.00022286
59 -0.000204103 0.000115923
60 -7.6616e-05 -4.44305e-05
61 8.40645e-05 -0.00017756
62 0.000197877 -0.000218511
63 0.00021023 -0.000149839
64 0.000118222 -9.08121e-06
65 -2.93149e-05 0.000131387
66 -0.00015737 0.000201465
67 -0.000202727 0.000168382
68 -0.000145217 5.20926e-05
69 -1.67678e-05 -8.6271e-05
70 0.000115891 -0.000176379
71 0.00018572 -0.000174423
72 0.000159307 -8.44373e-05
73 5.3004e-05 4.51612e-05
74 -7.66459e-05 0.00014738
75 -0.000162822 0.00017116
76 -0.000162898 0.000106871
77 -7.9637e-05 -9.90497e-06
78 4.1518e-05 -0.000117746
79 0.000137072 -0.000161522
80 0.000158721 -0.000120588
81 9.77977e-05 -1.86141e-05
82 -1.14687e-05 8.97186e-05
83 -0.000110957 0.000147869
84 -0.000149447 0.000126987
85 -0.000108956 4.03722e-05
86 -1.3095e-05 -6.4532e-05
87 8.63823e-05 -0.000131984
88 0.000137336 -0.000127611
89 0.000114514 -5.60368e-05
90 3.21255e-05 4.2655e-05
91 -6.45952e-05 0.000115248
92 -0.000124016 0.000124095
93 -0.000115646 6.66822e-05
94 -4.59026e-05 -2.4141e-05
95 4.61459e-05 -9.88118e-05
96 0.000110486 -0.000118037
97 0.000113346 -7.34444e-05
98 5.5054e-05 8.93109e-06
99 -3.09884e-05 8.3645e-05
100 -9.73063e-05 0.000110785
101 -0.000108569 7.72407e-05
102 -6.04981e-05 3.01286e-06
103 1.87247e-05 -7.04539e-05
104 8.48598e-05 -0.000103252
105 0.000102302 -7.86631e-05
106 6.3264e-05 -1.17556e-05
107 -8.90285e-06 5.95602e-05
108 -7.35363e-05 9.587e-05
109 -9.55029e-05 7.80646e-05
110 -6.42473e-05 1.75226e-05
111 1.23347e-06 -5.08668e-05
112 6.37544e-05 -8.87162e-05
113 8.89297e-05 -7.57509e-05
114 6.40202e-05 -2.07862e-05
115 4.36461e-06 4.39713e-05
116 -5.58391e-05 8.17466e-05
117 -8.29878e-05 7.2143e-05
118 -6.27963e-05 2.22155e-05
119 -7.88383e-06 -3.83915e-05
120 4.98661e-05 -7.50114e-05
121 7.76912e-05 -6.78057e-05
122 6.05606e-05 -2.24997e-05
123 9.4141e-06 3.37933e-05
124 -4.559e-05 6.87424e-05
125 -7.27822e-05 6.3329e-05
126 -5.72857e-05 2.21378e-05
127 -9.27045e-06 -3.01054e-05
128 4.25203e-05 -6.32767e-05
129 6.79519e-05 -5.91385e-05
130 5.31111e-05 -2.13106e-05
131 7.98008e-06 2.74706e-05
132 -4.01148e-05 5.88785e-05
133 -6.30483e-05 5.53514e-05
134 -4.83914e-05 1.99047e-05
135 -6.13394e-06 -2.60716e-05
136 3.79917e-05 -5.55686e-05
137 5.81689e-05 -5.17645e-05
138 4.35941e-05 -1.76752e-05
139 4.18479e-06 2.59329e-05
140 -3.60529e-05 5.30644e-05
141 -5.35995e-05 4.79876e-05
142 -3.91112e-05 1.44604e-05
143 -2.30052e-06 -2.68069e-05
144 3.44587e-05 -5.08645e-05
145 4.96398e-05 -4.36556e-05
146 3.50899e-05 -1.03417e-05
147 3.49553e-07 2.82018e-05
148 -3.3473e-05 4.84393e-05
149 -4.64126e-05 3.86182e-05
150 -3.1372e-05 5.67268e-06
151 1.97475e-06 -2.9535e-05
152 3.32596e-05 -4.54329e-05
153 4.3755e-05 -3.30193e-05
154 2.75746e-05 -9.70263e-07
155 -4.9513e-06 3.03336e-05
156 -3.37278e-05 4.17846e-05
157 -4.12435e-05 2.72358e-05
158 -2.32733e-05 -3.27371e-06
159 8.6448e-06 -3.03888e-05
160 3.45005e-05 -3.77166e-05
161 3.83427e-05 -2.17126e-05
162 1.82054e-05 6.76972e-06
163 -1.28176e-05 2.97939e-05
164 -3.50131e-05 3.36023e-05
165 -3.46066e-05 1.6772e-05
166 -1.24054e-05 -9.51728e-06
167 1.69738e-05 -2.88549e-05
168 3.46987e-05 -2.97769e-05
169 2.98493e-05 -1.24846e-05
170 6.21824e-06 1.17664e-05
171 -2.05114e-05 2.79178e-05
172 -3.31779e-05 2.63752e-05
173 -2.42149e-05 8.65372e-06
174 -1.93518e-07 -1.38753e-05
175 2.29157e-05 -2.71874e-05
176 3.0379e-05 -2.32635e-05
177 1.81261e-05 -4.91462e-06
178 -5.09365e-06 1.61261e-05
179 -2.39167e-05 2.66124e-05
180 -2.65455e-05 2.0088e-05
181 -1.21377e-05 9.06031e-07
182 9.22093e-06 -1.8574e-05
183 2.35543e-05 -2.58791e-05
184 2.21368e-05 -1.64177e-05
185 6.75702e-06 3.55643e-06
186 -1.20323e-05 2.09859e-05
187 -2.21347e-05 2.45122e-05
188 -1.76662e-05 1.19242e-05
189 -2.2961e-06 -8.36895e-06
190 1.36521e-05 -2.28885e-05
191 2.01029e-05 -2.20431e-05
192 1.35382e-05 -6.53311e-06
193 -1.1938e-06 1.31283e-05
194 -1.44032e-05 2.37057e-05
195 -1.78832e-05 1.81847e-05
196 -9.9412e-06 4.94866e-07
197 3.89269e-06 -1.72214e-05
198 1.46687e-05 -2.29376e-05
199 1.5746e-05 -1.29557e-05
200 6.82689e-06 5.64397e-06
201 -6.10603e-06 1.99843e-05
202 -1.47473e-05 2.03218e-05
203 -1.37418e-05 6.71783e-06
204 -3.97386e-06 -1.11574e-05
205 8.12589e-06 -2.08795e-05
206 1.47528e-05 -1.5933e-05
207 1.17195e-05 -1.18809e-07
208 1.10716e-06 1.53069e-05
209 -1.01081e-05 1.9642e-05
210 -1.45871e-05 1.01938e-05
211 -9.41449e-06 -6.03771e-06
212 1.97038e-06 -1.7511e-05
213 1.20043e-05 -1.63573e-05
214 1.39894e-05 -3.80298e-06
215 6.57464e-06 1.09575e-05
216 -5.27787e-06 1.74756e-05
217 -1.35669e-05 1.14573e-05
218 -1.26409e-05 -2.39799e-06
219 -3.08032e-06 -1.40142e-05
220 8.61697e-06 -1.52571e-05
221 1.44216e-05 -5.64239e-06
222 1.02918e-05 7.58198e-06
223 -9.76007e-07 1.48662e-05
224 -1.16023e-05 1.12522e-05
225 -1.41834e-05 -2.45419e-07
226 -6.87005e-06 -1.10825e-05
227 5.27346e-06 -1.35119e-05
228 1.3751e-05 -6.12336e-06
229 1.25815e-05 5.36837e-06
230 2.54367e-06 1.25009e-05
231 -9.31227e-06 1.02813e-05
232 -1.4605e-05 6.83155e-07
233 -9.55833e-06 -9.02739e-06
234 2.28034e-06 -1.17607e-05
235 1.25148e-05 -5.77127e-06
236 1.38534e-05 4.23757e-06
237 5.31914e-06 1.07639e-05
238 -7.01888e-06 9.10571e-06
239 -1.43517e-05 7.45395e-07
240 -1.14251e-05 -7.914e-06
241 -3.18265e-07 -1.04174e-05
242 1.10214e-05 -5.05173e-06
243 1.44625e-05 3.98327e-06
244 7.528e-06 9.827e-06
245 -4.8123e-06 8.13655e-06
246 -1.36981e-05 3.03255e-07
247 -1.27424e-05 -7.6679e-06
248 -2.62798e-06 -9.72835e-06
249 9.37625e-06 -4.34894e-06
250 1.46392e-05 4.34894e-06
251 9.37625e-06 9.72835e-06
252 -2.62798e-06 7.6679e-06
253 -1.27424e-05 -3.03255e-07
254 -1.36981e-05 -8.13655e-06
255 -4.8123e-06 -9.827e-06
256 7.528e-06 -3.98327e-06
257 1.44625e-05 5.05173e-06
258 1.10214e-05 1.04174e-05
259 -3.18265e-07 7.914e-06
260 -1.14251e-05 -7.45395e-07
261 -1.43517e-05 -9.10571e-06
262 -7.01888e-06 -1.07639e-05
263 5.31914e-06 -4.23757e-06
264 1.38534e-05 5.77127e-06
265 1.25148e-05 1.17607e-05
266 2.28034e-06 9.02739e-06
267 -9.55833e-06 -6.83155e-07
268 -1.4605e-05 -1.02813e-05
269 -9.31227e-06 -1.25009e-05
270 2.54367e-06 -5.36837e-06
271 1.25815e-05 6.12336e-06
272 1.3751e-05 1.35119e-05
273 5.27346e-06 1.10825e-05
274 -6.87005e-06 2.45419e-07
275 -1.41834e-05 -1.12522e-05
276 -1.16023e-05 -1.48662e-05
277 -9.76007e-07 -7.58198e-06
278 1.02918e-05 5.64239e-06
279 1.44216e-05 1.52571e-05
280 8.61697e-06 1.40142e-05
281 -3.08032e-06 2.39799e-06
282 -1.26409e-05 -1.14573e-05
283 -1.35669e-05 -1.74756e-05
284 -5.27787e-06 -1.09575e-05
285 6.57464e-06 3.80298e-06
286 1.39894e-05 1.63573e-05
287 1.20043e-05 1.7511e-05
288 1.97038e-06 6.03771e-06
289 -9.41449e-06 -1.01938e-05
290 -1.45871e-05 -1.9642e-05
291 -1.01081e-05 -1.53069e-05
292 1.10716e-06 1.18809e-07
293 1.17195e-05 1.5933e-05
294 1.47528e-05 2.08795e-05
295 8.12589e-06 1.11574e-05
296 -3.97386e-06 -6.71783e-06
297 -1.37418e-05 -2.03218e-05
298 -1.47473e-05 -1.99843e-05
299 -6.10603e-06 -5.64397e-06
300 6.82689e-06 1.29557e-05
301 1.5746e-05 2.29376e-05
302 1.46687e-05 1.72214e-05
303 3.89269e-06 -4.94866e-07
304 -9.9412e-06 -1.81847e-05
305 -1.78832e-05 -2.37057e-05
306 -1.44032e-05 -1.31283e-05
307 -1.1938e-06 6.53311e-06
308 1.35382e-05 2.20431e-05
309 2.01029e-05 2.28885e-05
310 1.36521e-05 8.36895e-06
311 -2.2961e-06 -1.19242e-05
312 -1.76662e-05 -2.45122e-05
313 -2.21347e-05 -2.09859e-05
314 -1.20323e-05 -3.55643e-06
315 6.75702e-06 1.64177e-05
316 2.21368e-05 2.58791e-05
317 2.35543e-05 1.8574e-05
318 9.22093e-06 -9.06031e-07
319 -1.21377e-05 -2.0088e-05
320 -2.65455e-05 -2.66124e-05
321 -2.39167e-05 -1.61261e-05
322 -5.09365e-06 4.91462e-06
323 1.81261e-05 2.32635e-05
324 3.0379e-05 2.71874e-05
325 2.29157e-05 1.38753e-05
326 -1.93518e-07 -8.65372e-06
327 -2.42149e-05 -2.63752e-05
328 -3.31779e-05 -2.79178e-05
329 -2.05114e-05 -1.17664e-05
330 6.21824e-06 1.24846e-05
331 2.98493e-05 2.97769e-05
332 3.46987e-05 2.88549e-05
333 1.69738e-05 9.51728e-06
334 -1.24054e-05 -1.6772e-05
335 -3.46066e-05 -3.36023e-05
336 -3.50131e-05 -2.97939e-05
337 -1.28176e-05 -6.76972e-06
338 1.82054e-05 2.17126e-05
339 3.83427e-05 3.77166e-05
340 3.45005e-05 3.03888e-05
341 8.6448e-06 3.27371e-06
342 -2.32733e-05 -2.72358e-05
343 -4.12435e-05 -4.17846e-05
344 -3.37278e-05 -3.03336e-05
345 -4.9513e-06 9.70263e-07
346 2.75746e-05 3.30193e-05
347 4.3755e-05 4.54329e-05
348 3.32596e-05 2.9535e-05
349 1.97475e-06 -5.67268e-06
350 -3.1372e-05 -3.86182e-05
351 -4.64126e-05 -4.84393e-05
352 -3.3473e-05 -2.82018e-05
353 3.49553e-07 1.03417e-05
354 3.50899e-05 4.36556e-05
355 4.96398e-05 5.08645e-05
356 3.44587e-05 2.68069e-05
357 -2.30052e-06 -1.44604e-05
358 -3.91112e-05 -4.79876e-05
359 -5.35995e-05 -5.30644e-05
360 -3.60529e-05 -2.59329e-05
361 4.18479e-06 1.76752e-05
362 4.35941e-05 5.17645e-05
363 5.81689e-05 5.55686e-05
364 3.79917e-05 2.60716e-05
365 -6.13394e-06 -1.99047e-05
366 -4.83914e-05 -5.53514e-05
367 -6.30483e-05 -5.88785e-05
368 -4.01148e-05 -2.74706e-05
369 7.98008e-06 2.13106e-05
370 5.31111e-05 5.91385e-05
371 6.79519e-05 6.32767e-05
372 4.25203e-05 3.01054e-05
373 -9.27045e-06 -2.21378e-05
374 -5.72857e-05 -6.3329e-05
375 -7.27822e-05 -6.87424e-05
376 -4.559e-05 -3.37933e-05
377 9.4141e-06 2.24997e-05
378 6.05606e-05 6.78057e-05
379 7.76912e-05 7.50114e-05
380 4.98661e-05 3.83915e-05
381 -7.88383e-06 -2.22155e-05
382 -6.27963e-05 -7.2143e-05
383 -8.29878e-05 -8.17466e-05
384 -5.58391e-05 -4.39713e-05
385 4.36461e-06 2.07862e-05
386 6.40202e-05 7.57509e-05
387 8.89297e-05 8.87162e-05
388 6.37544e-05 5.08668e-05
389 1.23347e-06 -1.75226e-05
390 -6.42473e-05 -7.80646e-05
391 -9.55029e-05 -9.587e-05
392 -7.35363e-05 -5.95602e-05
393 -8.90285e-06 1.17556e-05
394 6.3264e-05 7.86631e-05
395 0.000102302 0.000103252
396 8.48598e-05 7.04539e-05
397 1.87247e-05 -3.01286e-06
398 -6.04981e-05 -7.72407e-05
399 -0.000108569 -0.000110785
400 -9.73063e-05 -8.3645e-05
401 -3.09884e-05 -8.93109e-06
402 5.5054e-05 7.34444e-05
403 0.000113346 0.000118037
404 0.000110486 9.88118e-05
405 4.61459e-05 2.4141e-05
406 -4.59026e-05 -6.66822e-05
407 -0.000115646 -0.000124095
408 -0.000124016 -0.000115248
409 -6.45952e-05 -4.2655e-05
410 3.21255e-05 5.60368e-05
411 0.000114514 0.000127611
412 0.000137336 0.000131984
413 8.63823e-05 6.4532e-05
414 -1.3095e-05 -4.03722e-05
415 -0.000108956 -0.000126987
416 -0.000149447 -0.000147869
417 -0.000110957 -8.97186e-05
418 -1.14687e-05 1.86141e-05
419 9.77977e-05 0.000120588
420 0.000158721 0.000161522
421 0.000137072 0.000117746
422 4.1518e-05 9.90497e-06
423 -7.9637e-05 -0.000106871
424 -0.000162898 -0.00017116
425 -0.000162822 -0.00014738
426 -7.66459e-05 -4.51612e-05
427 5.3004e-05 8.44373e-05
428 0.000159307 0.000174423
429 0.00018572 0.000176379
430 0.000115891 8.6271e-05
431 -1.67678e-05 -5.20926e-05
432 -0.000145217 -0.000168382
433 -0.000202727 -0.000201465
434 -0.00015737 -0.000131387
435 -2.93149e-05 9.08121e-06
436 0.000118222 0.000149839
437 0.00021023 0.000218511
438 0.000197877 0.00017756
439 8.40645e-05 4.44305e-05
440 -7.6616e-05 -0.000115923
441 -0.000204103 -0.00022286
442 -0.000232654 -0.000220526
443 -0.000144485 -0.000106675
444 1.98269e-05 6.48579e-05
445 0.000180063 0.000209739
446 0.00025553 0.000254532
447 0.000205552 0.000173617
448 5.09887e-05 3.2275e-06
449 -0.000134454 -0.000174831
450 -0.000259499 -0.000272438
451 -0.000260167 -0.000238565
452 -0.000132166 -8.55522e-05
453 6.54464e-05 0.000115136
454 0.000237702 0.000266359
455 0.00029935 0.000292258
456 0.000216749 0.000176028
457 2.55617e-05 -3.02255e-05
458 -0.000184756 -0.000228999
459 -0.000312844 -0.000323557
460 -0.000294067 -0.000264804
461 -0.000132661 -7.62175e-05
462 9.83874e-05 0.000155591
463 0.000290421 0.000320802
464 0.000350137 0.000338279
465 0.000244611 0.000194958
466 1.87033e-05 -4.61701e-05
467 -0.000224106 -0.000273892
468 -0.000369215 -0.000380023
469 -0.000344832 -0.000310484
470 -0.000157 -9.22345e-05
471 0.000111207 0.000177123
472 0.000336643 0.000373079
473 0.000412599 0.000401649
474 0.000298926 0.000244033
475 4.23712e-05 -3.25784e-05
476 -0.000242819 -0.000303837
477 -0.000425846 -0.000444214
478 -0.000419096 -0.000384833
479 -0.000219496 -0.000146586
480 8.78001e-05 0.000167132
481 0.000365884 0.000415503
482 0.000487046 0.000483385
483 0.000391069 0.000334185
484 0.000114374 2.84332e-05
485 -0.000223824 -0.000300955
486 -0.000473056 -0.000506515
487 -0.000518434 -0.000491958
488 -0.000333077 -0.00025662
489 7.59531e-06 0.000101655
490 0.00035683 0.000427385
491 0.000559855 0.000574917
492 0.000522136 0.000473173
493 0.000252603 0.000159004
494 -0.000137614 -0.000236194
495 -0.000481228 -0.000541676
496 -0.000626429 -0.000621
497 -0.000503446 -0.000432366
498 -0.000157061 -4.91775e-05
499 0.000269751 0.000368805
500 0.000595017 0.000642195
501 0.000675195 0.000648634
502 0.000467904 0.000376751
503 5.27376e-05 -6.60774e-05
504 -0.000399595 -0.000496401
505 -0.000697639 -0.0007307
506 -0.000709938 -0.000663226
507 -0.000422163 -0.000312769
508 5.38833e-05 0.000182003
509 0.000524054 0.000617728
510 0.000791075 0.000809918
511 0.000736836 0.000670503
512 0.000373588 0.000246942
513 -0.000157757 -0.000294053
514 -0.000642598 -0.000732444
515 -0.000879282 -0.000884191
516 -0.00076241 -0.00067775
517 -0.000328565 -0.000186215
518 0.000255004 0.000398813
519 0.000755221 0.00084214
520 0.000966203 0.000959266
521 0.000793298 0.000692309
522 0.000294051 0.000136602
523 -0.000341133 -0.000493703
524 -0.00086195 -0.000948422
525 -0.00105664 -0.00104034
526 -0.000837225 -0.000721311
527 -0.000277546 -0.000104798
528 0.000411837 0.00057493
529 0.000963172 0.00105206
530 0.00115529 0.00113279
531 0.000901404 0.00077286
532 0.000286427 9.86011e-05
533 -0.000461809 -0.000637903
534 -0.00105733 -0.00115326
535 -0.00126509 -0.00124136
536 -0.000992752 -0.000854648
537 -0.000329589 -0.000126317
538 0.000483152 0.000676098
539 0.00114042 0.00124928
540 0.00138758 0.00136835
541 0.001118 0.000973881
542 0.000416909 0.000198251
543 -0.000465846 -0.000679312
544 -0.0012053 -0.00133361
545 -0.00152081 -0.00151353
546 -0.00128151 -0.00113713
547 -0.000558512 -0.00032611
548 0.000396442 0.000634057
549 0.00123924 0.00139504
550 0.00165727 0.00167168
551 0.00148436 0.00134762
552 0.000764749 0.000521712
553 -0.000257869 -0.000522587
554 -0.00122352 -0.0014151
555 -0.00178268 -0.00182995
556 -0.00172184 -0.00160337
557 -0.00104312 -0.000796005
558 3.13078e-05 0.000323289
559 0.00113272 0.00136765
560 0.00187262 0.00196593
561 0.00197904 0.00189355
562 0.0013947 0.00115467
563 0.000302034 -1.37344e-05
564 -0.000934558 -0.0012188
565 -0.00189076 -0.00204411
566 -0.00222737 -0.00219285
567 -0.00180904 -0.0015926
568 -0.00075538 -0.000425388
569 0.000593764 0.000928401
570 0.00178872 0.00201459
571 0.00241969 0.00245711
572 0.002256 0.00208652
573 0.00132772 0.00100172
574 -7.82615e-05 -0.00045683
575 -0.00150801 -0.00181489
576 -0.00248734 -0.00261861
577 -0.00267815 -0.00258498
578 -0.00199285 -0.00169885
579 -0.000628897 -0.000224079
580 0.000989147 0.00137623
581 0.00234253 0.00258564
582 0.00298422 0.00300031
583 0.00268478 0.00246167
584 0.00151112 0.00111293
585 -0.000188269 -0.000639843
586 -0.00188794 -0.00225101
587 -0.00304827 -0.00320514
588 -0.00328563 -0.00318043
589 -0.00249656 -0.00215418
590 -0.000896455 -0.000416595
591 0.00104048 0.00151267
592 0.00272272 0.00304062
593 0.00362173 0.0036825
594 0.00343619 0.00321325
595 0.00218934 0.00174217
596 0.000229117 -0.00031301
597 -0.00187047 -0.00234613
598 -0.00347809 -0.00374166
599 -0.00409398 -0.0040597
600 -0.00350264 -0.0031716
601 -0.0018434 -0.00130507
602 0.000423342 0.00101568
603 0.00264531 0.00311844
604 0.00416633 0.00437758
605 0.00451857 0.00439815
606 0.00356315 0.003136
607 0.00153751 0.000918003
608 -0.00100524 -0.00164433
609 -0.00334879 -0.00382463
610 -0.00481533 -0.00498698
611 -0.00495958 -0.00476895
612 -0.00370001 -0.00319004
613 -0.00134944 -0.000654142
614 0.00146455 0.00215579
615 0.00396861 0.0044627
616 0.00545581 0.00560947
617 0.00548288 0.00524315
618 0.00399777 0.00341838
619 0.00136198 0.000590787
620 -0.00173967 -0.00249897
621 -0.00447839 -0.00502034
622 -0.00610248 -0.00627518
623 -0.00614093 -0.00588791
624 -0.00453506 -0.00391234
625 -0.00166245 -0.000825977
626 0.00175437 0.00258779
627 0.00483139 0.00543967
628 0.00675166 0.00696511
629 0.00697964 0.00672577
630 0.00540566 0.00472948
631 0.00238261 0.00143687
632 -0.00135563 -0.00234795
633 -0.00487403 -0.00567586
634 -0.0072699 -0.00769069
635 -0.0079014 -0.00784714
636 -0.00655366 -0.00605362
637 -0.00350045 -0.00270395
638 0.000554831 0.00141097
639 0.00464512 0.00529053
640 0.00777281 0.00796578
641 0.00915332 0.00873606
642 0.00841025 0.00734353
643 0.00567441 0.00404296
644 0.00156237 -0.000450797
645 -0.00296121 -0.00512592
646 -0.00680558 -0.00890934
647 -0.00900813 -0.0109201
648 -0.00896157 -0.0106808
649 -0.00656047 -0.00823798
650 -0.00223285 -0.00416283
651 0.00315138 0.000569127
652 0.00847472 0.0047914
653 0.0126255 0.00740574
654 0.0147533 0.00762823
655 0.0144688 0.00516683
656 0.0119433 0.0002904
657 0.00788486 -0.00622692
658 0.00339619 -0.0132741
659 -0.000255143 -0.0196481
660 -0.00190419 -0.0243219
661 -0.000735827 -0.0266784
662 0.00354171 -0.0266579
663 0.0106345 -0.0247898
664 0.0197252 -0.0220988
665 0.0296477 -0.0199064
666 0.0391371 -0.0195692
667 0.0471026 -0.0222065
668 0.0528675 -0.0284761
669 0.0563255 -0.0384414
670 0.0579816 -0.0515595
671 0.0588679 -0.0667911
672 0.0603517 -0.0828099
673 0.063873 -0.0982699
674 0.070664 -0.112076
675 0.0815047 -0.123606
676 0.0965635 -0.132835
677 0.115352 -0.140345
678 0.136802 -0.147207
679 0.159454 -0.15477
680 0.181711 -0.164388
681 0.202121 -0.177133
682 0.219621 -0.193562
683 0.233713 -0.213569
684 0.244521 -0.236352
685 0.252734 -0.260503
686 0.25944 -0.284204
687 0.265875 -0.305494
688 0.273149 -0.322562
689 0.281984 -0.334005
690 0.292521 -0.339024
691 0.304225 -0.337508
692 0.315912 -0.330009
693 0.325894 -0.317598
694 0.332211 -0.301649
695 0.332921 -0.283573
696 0.326403 -0.264563
697 0.311611 -0.245381
698 0.28825 -0.226241
699 0.256852 -0.206792
700 0.218721 -0.186212
701 0.17578 -0.163399
702 0.130332 -0.137221
703 0.0847794 -0.10679
704 0.0413427 -0.071712
705 0.00181793 -0.0322665
706 -0.0325853 0.0105036
707 -0.0613108 0.0548206
708 -0.0844203 0.0983112
709 -0.102466 0.138242
710 -0.116299 0.171817
711 -0.126841 0.196503
712 -0.134868 0.210334
713 -0.140836 0.212154
714 -0.14477 0.201773
715 -0.146254 0.180011
716 -0.144502 0.148626
717 -0.138513 0.110144
718 -0.127281 0.0676023
719 -0.110026 0.0242501
720 -0.086419 -0.0167673
721 -0.0567532 -0.0526946
722 -0.0220416 -0.0813978
723 0.0159792 -0.101517
724 0.0549458 -0.112526
725 0.0920578 -0.114706
726 0.12434 -0.109032
727 0.148946 -0.0970082
728 0.163476 -0.0804559
729 0.166255 -0.0613044
730 0.156558 -0.0413899
731 0.134736 -0.0222944
732 0.102241 -0.00523503
733 0.0615337 0.00899041
734 0.0158868 0.0200019
735 -0.0308985 0.0277895
736 -0.0748356 0.0326307
737 -0.112122 0.0349911
738 -0.139493 0.0354216
739 -0.154537 0.034468
740 -0.155925 0.032602
741 -0.143544 0.0301802
742 -0.118516 0.0274315
743 -0.0831054 0.0244681
744 -0.0405161 0.0213161
745 0.00539694 0.0179529
746 0.0504762 0.0143464
747 0.0906383 0.0104851
748 0.122245 0.00639683
749 0.142432 0.00215106
750 0.14937 -0.00215106
751 0.142432 -0.00639683
752 0.122245 -0.0104851
753 0.0906383 -0.0143464
754 0.0504762 -0.0179529
755 0.00539694 -0.0213161
756 -0.0405161 -0.0244681
757 -0.0831054 -0.0274315
758 -0.118516 -0.0301802
759 -0.143544 -0.032602
760 -0.155925 -0.034468
761 -0.154537 -0.0354216
762 -0.139493 -0.0349911
763 -0.112122 -0.0326307
764 -0.0748356 -0.0277895
765 -0.0308985 -0.0200019
766 0.0158868 -0.00899041
767 0.0615337 0.00523503
768 0.102241 0.0222944
769 0.134736 0.0413899
770 0.156558 0.0613044
771 0.166255 0.0804559
772 0.163476 0.0970082
773 0.148946 0.109032
774 0.12434 0.114706
775 0.0920578 0.112526
776 0.0549458 0.101517
777 0.0159792 0.0813978
778 -0.0220416 0.0526946
779 -0.0567532 0.0167673
780 -0.086419 -0.0242501
781 -0.110026 -0.0676023
782 -0.127281 -0.110144
783 -0.138513 -0.148626
784 -0.144502 -0.180011
785 -0.146254 -0.201773
786 -0.14477 -0.212154
787 -0.140836 -0.210334
788 -0.134868 -0.196503
789 -0.126841 -0.171817
790 -0.116299 -0.138242
791 -0.102466 -0.0983112
792 -0.0844203 -0.0548206
793 -0.0613108 -0.0105036
794 -0.0325853 0.0322665
795 0.00181793 0.071712
796 0.0413427 0.10679
797 0.0847794 0.137221
798 0.130332 0.163399
799 0.17578 0.186212
800 0.218721 0.206792
801 0.256852 0.226241
802 0.28825 0.245381
803 0.311611 0.264563
804 0.326403 0.283573
805 0.332921 0.301649
806 0.332211 0.317598
807 0.325894 0.330009
808 0.315912 0.337508
809 0.304225 0.339024
810 0.292521 0.334005
811 0.281984 0.322562
812 0.273149 0.305494
813 0.265875 0.284204
814 0.25944 0.260503
815 0.252734 0.236352
816 0.244521 0.213569
817 0.233713 0.193562
818 0.219621 0.177133
819 0.202121 0.164388
820 0.181711 0.15477
821 0.159454 0.147207
822 0.136802 0.140345
823 0.115352 0.132835
824 0.0965635 0.123606
825 0.0815047 0.112076
826 0.070664 0.0982699
827 0.063873 0.0828099
828 0.0603517 0.0667911
829 0.0588679 0.0515595
830 0.0579816 0.0384414
831 0.0563255 0.0284761
832 0.0528675 0.0222065
833 0.0471026 0.0195692
834 0.0391371 0.0199064
835 0.0296477 0.0220988
836 0.0197252 0.0247898
837 0.0106345 0.0266579
838 0.00354171 0.0266784
839 -0.000735827 0.0243219
840 -0.00190419 0.0196481
841 -0.000255143 0.0132741
842 0.00339619 0.00622692
843 0.00788486 -0.0002904
844 0.0119433 -0.00516683
845 0.0144688 -0.00762823
846 0.0147533 -0.00740574
847 0.0126255 -0.0047914
848 0.00847472 -0.000569127
849 0.00315138 0.00416283
850 -0.00223285 0.00823798
851 -0.00656047 0.0106808
852 -0.00896157 0.0109201
853 -0.00900813 0.00890934
854 -0.00680558 0.00512592
855 -0.00296121 0.000450797
856 0.00156237 -0.00404296
857 0.00567441 -0.00734353
858 0.00841025 -0.00873606
859 0.00915332 -0.00796578
860 0.00777281 -0.00529053
861 0.00464512 -0.00141097
862 0.000554831 0.00270395
863 -0.00350045 0.00605362
864 -0.00655366 0.00784714
865 -0.0079014 0.00769069
866 -0.0072699 0.00567586
867 -0.00487403 0.00234795
868 -0.00135563 -0.00143687
869 0.00238261 -0.00472948
870 0.00540566 -0.00672577
871 0.00697964 -0.00696511
872 0.00675166 -0.00543967
873 0.00483139 -0.00258779
874 0.00175437 0.000825977
875 -0.00166245 0.00391234
876 -0.00453506 0.00588791
877 -0.00614093 0.00627518
878 -0.00610248 0.00502034
879 -0.00447839 0.00249897
880 -0.00173967 -0.000590787
881 0.00136198 -0.00341838
882 0.00399777 -0.00524315
883 0.00548288 -0.00560947
884 0.00545581 -0.0044627
885 0.00396861 -0.00215579
886 0.00146455 0.000654142
887 -0.00134944 0.00319004
888 -0.00370001 0.00476895
889 -0.00495958 0.00498698
890 -0.00481533 0.00382463
891 -0.00334879 0.00164433
892 -0.00100524 -0.000918003
893 0.00153751 -0.003136
894 0.00356315 -0.00439815
895 0.00451857 -0.00437758
896 0.00416633 -0.00311844
897 0.00264531 -0.00101568
898 0.000423342 0.00130507
899 -0.0018434 0.0031716
900 -0.00350264 0.0040597
901 -0.00409398 0.00374166
902 -0.00347809 0.00234613
903 -0.00187047 0.00031301
904 0.000229117 -0.00174217
905 0.00218934 -0.00321325
906 0.00343619 -0.0036825
907 0.00362173 -0.00304062
908 0.00272272 -0.00151267
909 0.00104048 0.000416595
910 -0.000896455 0.00215418
911 -0.00249656 0.00318043
912 -0.00328563 0.00320514
913 -0.00304827 0.00225101
914 -0.00188794 0.000639843
915 -0.000188269 -0.00111293
916 0.00151112 -0.00246167
917 0.00268478 -0.00300031
918 0.00298422 -0.00258564
919 0.00234253 -0.00137623
920 0.000989147 0.000224079
921 -0.000628897 0.00169885
922 -0.00199285 0.00258498
923 -0.00267815 0.00261861
924 -0.00248734 0.00181489
925 -0.00150801 0.00045683
926 -7.82615e-05 -0.00100172
927 0.00132772 -0.00208652
928 0.002256 -0.00245711
929 0.00241969 -0.00201459
930 0.00178872 -0.000928401
931 0.000593764 0.000425388
932 -0.00075538 0.0015926
933 -0.00180904 0.00219285
934 -0.00222737 0.00204411
935 -0.00189076 0.0012188
936 -0.000934558 1.37344e-05
937 0.000302034 -0.00115467
938 0.0013947 -0.00189355
939 0.00197904 -0.00196593
940 0.00187262 -0.00136765
941 0.00113272 -0.000323289
942 3.13078e-05 0.000796005
943 -0.00104312 0.00160337
944 -0.00172184 0.00182995
945 -0.00178268 0.0014151
946 -0.00122352 0.000522587
947 -0.000257869 -0.000521712
948 0.000764749 -0.00134762
949 0.00148436 -0.00167168
950 0.00165727 -0.00139504
951 0.00123924 -0.000634057
952 0.000396442 0.00032611
953 -0.000558512 0.00113713
954 -0.00128151 0.00151353
955 -0.00152081 0.00133361
956 -0.0012053 0.000679312
957 -0.000465846 -0.000198251
958 0.000416909 -0.000973881
959 0.001118 -0.00136835
960 0.00138758 -0.00124928
961 0.00114042 -0.000676098
962 0.000483152 0.000126317
963 -0.000329589 0.000854648
964 -0.000992752 0.00124136
965 -0.00126509 0.00115326
966 -0.00105733 0.000637903
967 -0.000461809 -9.86011e-05
968 0.000286427 -0.00077286
969 0.000901404 -0.00113279
970 0.00115529 -0.00105206
971 0.000963172 -0.00057493
972 0.000411837 0.000104798
973 -0.000277546 0.000721311
974 -0.000837225 0.00104034
975 -0.00105664 0.000948422
976 -0.00086195 0.000493703
977 -0.000341133 -0.000136602
978 0.000294051 -0.000692309
979 0.000793298 -0.000959266
980 0.000966203 -0.00084214
981 0.000755221 -0.000398813
982 0.000255004 0.000186215
983 -0.000328565 0.00067775
984 -0.00076241 0.000884191
985 -0.000879282 0.000732444
986 -0.000642598 0.000294053
987 -0.000157757 -0.000246942
988 0.000373588 -0.000670503
989 0.000736836 -0.000809918
990 0.000791075 -0.000617728
991 0.000524054 -0.000182003
992 5.38833e-05 0.000312769
993 -0.000422163 0.000663226
994 -0.000709938 0.0007307
995 -0.000697639 0.000496401
996 -0.000399595 6.60774e-05
997 5.27376e-05 -0.000376751
998 0.000467904 -0.000648634
999 0.000675195 -0.000642195
