0 9.27844e-07 1.48128e-05
1 -1.90655e-05 2.579e-05
2 -2.58392e-05 1.95789e-05
3 -1.55713e-05 9.43587e-07
4 4.34451e-06 -1.74655e-05
5 2.0535e-05 -2.36567e-05
6 2.25972e-05 -1.41062e-05
7 9.78629e-06 4.25665e-06
8 -8.86372e-06 1.89966e-05
9 -2.08477e-05 2.05654e-05
10 -1.85569e-05 8.49071e-06
11 -4.11438e-06 -8.65759e-06
12 1.24011e-05 -1.92924e-05
13 1.99439e-05 -1.66238e-05
14 1.38814e-05 -2.99835e-06
15 -1.16337e-06 1.20162e-05
16 -1.47534e-05 1.83099e-05
17 -1.78485e-05 1.2033e-05
18 -8.81907e-06 -2.05505e-06
19 5.73997e-06 -1.41231e-05
20 1.57713e-05 -1.61037e-05
21 1.4686e-05 -7.08705e-06
22 3.69506e-06 6.33546e-06
23 -9.31147e-06 1.48427e-05
24 -1.53917e-05 1.28431e-05
25 -1.0693e-05 2.15279e-06
26 1.10927e-06 -9.53215e-06
27 1.16197e-05 -1.41446e-05
28 1.36717e-05 -8.81213e-06
29 6.21425e-06 2.3611e-06
30 -5.19799e-06 1.1399e-05
31 -1.25004e-05 1.21292e-05
32 -1.08051e-05 4.40015e-06
33 -1.67508e-06 -6.04487e-06
34 8.21181e-06 -1.18016e-05
35 1.19204e-05 -9.04531e-06
36 7.11967e-06 -7.27423e-08
37 -2.4593e-06 8.54736e-06
38 -9.87884e-06 1.07619e-05
39 -1.00045e-05 5.28287e-06
40 -3.06012e-06 -3.68619e-06
41 5.73746e-06 -9.63979e-06
42 1.00701e-05 -8.47832e-06
43 7.0503e-06 -1.33278e-06
44 -8.55772e-07 6.44317e-06
45 -7.79544e-06 9.26264e-06
46 -8.84609e-06 5.31716e-06
47 -3.5069e-06 -2.27027e-06
48 4.11257e-06 -7.88279e-06
49 8.42853e-06 -7.55678e-06
50 6.46784e-06 -1.78257e-06
51 -8.32123e-08 5.02337e-06
52 -6.28033e-06 7.87633e-06
53 -7.6372e-06 4.87082e-06
54 -3.37302e-06 -1.55062e-06
55 3.1609e-06 -6.55054e-06
56 7.09046e-06 -6.52993e-06
57 5.64829e-06 -1.71925e-06
58 1.23664e-07 4.13976e-06
59 -5.24358e-06 6.68586e-06
60 -6.50331e-06 4.18099e-06
61 -2.90157e-06 -1.30571e-06
62 2.68634e-06 -5.57865e-06
63 6.03005e-06 -5.51454e-06
64 4.74071e-06 -1.34633e-06
65 -2.23464e-08 3.64011e-06
66 -4.55507e-06 5.68081e-06
67 -5.47716e-06 3.37265e-06
68 -2.25201e-06 -1.36467e-06
69 2.52071e-06 -4.86229e-06
70 5.18251e-06 -4.53652e-06
71 3.81562e-06 -7.98082e-07
72 -3.74897e-07 3.37624e-06
73 -4.09421e-06 4.80182e-06
74 -4.53907e-06 2.51389e-06
75 -1.51101e-06 -1.58551e-06
76 2.53323e-06 -4.29099e-06
77 4.4612e-06 -3.59434e-06
78 2.88837e-06 -1.75144e-07
79 -8.28552e-07 3.22563e-06
80 -3.74159e-06 3.99312e-06
81 -3.64325e-06 1.64812e-06
82 -7.39506e-07 -1.86562e-06
83 2.60484e-06 -3.77877e-06
84 3.78191e-06 -2.67551e-06
85 1.97238e-06 4.58361e-07
86 -1.28889e-06 3.09558e-06
87 -3.40023e-06 3.19914e-06
88 -2.76383e-06 7.96308e-07
89 5.246e-09 -2.12284e-06
90 2.64689e-06 -3.2445e-06
91 3.09293e-06 -1.76393e-06
92 1.08576e-06 1.03981e-06
93 -1.6884e-06 2.8962e-06
94 -3.00567e-06 2.37837e-06
95 -1.88509e-06 -3.04836e-10
96 6.8107e-07 -2.27125e-06
97 2.59176e-06 -2.63374e-06
98 2.35326e-06 -8.81867e-07
99 2.47768e-07 1.49504e-06
100 -1.9614e-06 2.5699e-06
101 -2.50046e-06 1.53778e-06
102 -1.00917e-06 -6.82814e-07
103 1.22575e-06 -2.25557e-06
104 2.37261e-06 -1.94067e-06
105 1.55406e-06 -7.22209e-08
106 -4.82753e-07 1.77237e-06
107 -2.0365e-06 2.09834e-06
108 -1.86899e-06 7.04603e-07
109 -1.91326e-07 -1.20163e-06
110 1.56634e-06 -2.0433e-06
111 1.96843e-06 -1.17711e-06
112 7.45166e-07 6.14984e-07
113 -1.0333e-06 1.82259e-06
114 -1.88586e-06 1.47764e-06
115 -1.15165e-06 -6.88823e-08
116 4.98309e-07 -1.48877e-06
117 1.66502e-06 -1.61394e-06
118 1.40446e-06 -3.97517e-07
119 -8.16212e-09 1.09288e-06
120 -1.35251e-06 1.60758e-06
121 -1.51322e-06 7.61847e-07
122 -4.05623e-07 -6.79577e-07
123 9.92217e-07 -1.48804e-06
124 1.49829e-06 -1.01629e-06
125 7.2593e-07 2.84444e-07
126 -6.21692e-07 1.28774e-06
127 -1.38592e-06 1.16443e-06
128 -9.47867e-07 6.70112e-08
129 2.70212e-07 -1.03811e-06
130 1.20419e-06 -1.21776e-06
131 1.07594e-06 -3.58979e-07
132 4.16661e-08 7.66962e-07
133 -9.79943e-07 1.19254e-06
134 -1.12112e-06 5.84136e-07
135 -3.01562e-07 -4.9697e-07
136 7.36807e-07 -1.10697e-06
137 1.09807e-06 -7.41969e-07
138 5.04085e-07 2.45115e-07
139 -4.9404e-07 9.79167e-07
140 -1.02294e-06 8.36963e-07
141 -6.49336e-07 -2.28057e-08
142 2.66163e-07 -8.25636e-07
143 9.11585e-07 -8.76878e-07
144 7.4136e-07 -1.63512e-07
145 -6.31061e-08 6.60451e-07
146 -7.78362e-07 8.71257e-07
147 -7.86711e-07 3.11496e-07
148 -1.09284e-07 -4.94847e-07
149 6.35445e-07 -8.30227e-07
150 7.93242e-07 -4.21942e-07
151 2.48556e-07 3.372e-07
152 -4.92497e-07 7.63613e-07
153 -7.69158e-07 4.97844e-07
154 -3.54899e-07 -1.93251e-07
155 3.56664e-07 -6.80344e-07
156 7.22338e-07 -5.43562e-07
157 4.30404e-07 6.64756e-08
158 -2.32775e-07 5.88102e-07
159 -6.59893e-07 5.64118e-07
160 -4.78405e-07 4.14908e-08
161 1.23661e-07 -4.93168e-07
162 5.87923e-07 -5.64664e-07
163 5.02931e-07 -1.30412e-07
164 -3.05369e-08 4.00415e-07
165 -5.11432e-07 5.50092e-07
166 -5.0827e-07 2.01055e-07
167 -4.66123e-08 -3.13398e-07
168 4.3435e-07 -5.24789e-07
169 4.98641e-07 -2.54842e-07
170 1.0867e-07 2.34503e-07
171 -3.59623e-07 4.92495e-07
172 -4.77974e-07 2.93578e-07
173 -1.57075e-07 -1.65132e-07
174 2.8934e-07 -4.5626e-07
175 4.49768e-07 -3.19234e-07
176 1.93563e-07 1.05885e-07
177 -2.24882e-07 4.18453e-07
178 -4.17018e-07 3.33796e-07
179 -2.19966e-07 -5.67465e-08
180 1.67063e-07 -3.80826e-07
181 3.82193e-07 -3.39162e-07
182 2.3807e-07 1.72466e-08
183 -1.16259e-07 3.44593e-07
184 -3.47248e-07 3.37077e-07
185 -2.4952e-07 1.3395e-08
186 7.25197e-08 -3.10524e-07
187 3.13662e-07 -3.29106e-07
188 2.55758e-07 -3.61502e-08
189 -3.56667e-08 2.79038e-07
190 -2.82491e-07 3.16614e-07
191 -2.58005e-07 5.20867e-08
192 5.36261e-09 -2.50292e-07
193 2.54427e-07 -3.00779e-07
194 2.57252e-07 -6.22935e-08
195 1.88292e-08 2.24256e-07
196 -2.29857e-07 2.82594e-07
197 -2.54279e-07 6.78261e-08
198 -3.74027e-08 -2.00778e-07
199 2.08927e-07 -2.62891e-07
200 2.49676e-07 -6.96674e-08
201 5.08779e-08 1.79637e-07
202 -1.91592e-07 2.42351e-07
203 -2.43873e-07 6.87032e-08
204 -5.97796e-08 -1.60576e-07
205 1.77668e-07 -2.21529e-07
206 2.37166e-07 -6.57085e-08
207 6.4622e-08 1.43337e-07
208 -1.66873e-07 2.00866e-07
209 -2.29751e-07 6.13418e-08
210 -6.5899e-08 -1.27671e-07
211 1.58861e-07 -1.80702e-07
212 2.21746e-07 -5.61476e-08
213 6.40778e-08 1.13355e-07
214 -1.53255e-07 1.61293e-07
215 -2.13213e-07 5.05622e-08
216 -5.95952e-08 -1.00193e-07
217 1.49667e-07 -1.42823e-07
218 2.04182e-07 -4.49234e-08
219 5.2855e-08 8.80132e-08
220 -1.47716e-07 1.25408e-07
221 -1.94658e-07 3.94829e-08
222 -4.42274e-08 -7.66725e-08
223 1.47041e-07 -1.09113e-07
224 1.84636e-07 -3.44181e-08
225 3.40491e-08 6.60457e-08
226 -1.47311e-07 9.39531e-08
227 -1.74111e-07 2.98462e-08
228 -2.26234e-08 -5.60229e-08
229 1.48226e-07 -7.99063e-08
230 1.63077e-07 -2.5836e-08
231 1.02216e-08 4.65035e-08
232 -1.49527e-07 6.69176e-08
233 -1.51538e-07 2.24206e-08
234 2.91547e-09 -3.73912e-08
235 1.5099e-07 -5.49063e-08
236 1.39504e-07 -1.96074e-08
237 -1.65756e-08 2.85901e-08
238 -1.52431e-07 4.37713e-08
239 -1.26999e-07 1.7388e-08
240 3.05732e-08 -2.0001e-08
241 1.53701e-07 -3.33977e-08
242 1.14054e-07 -1.57463e-08
243 -4.47472e-08 1.15192e-08
244 -1.54687e-07 2.36604e-08
245 -1.00713e-07 1.46642e-08
246 5.89584e-08 -3.03332e-09
247 1.5531e-07 -1.44298e-08
248 8.70344e-08 -1.41272e-08
249 -7.30879e-08 -5.57487e-09
250 -1.55523e-07 5.57487e-09
251 -7.30879e-08 1.41272e-08
252 8.70344e-08 1.44298e-08
253 1.5531e-07 3.03332e-09
254 5.89584e-08 -1.46642e-08
255 -1.00713e-07 -2.36604e-08
256 -1.54687e-07 -1.15192e-08
257 -4.47472e-08 1.57463e-08
258 1.14054e-07 3.33977e-08
259 1.53701e-07 2.0001e-08
260 3.05732e-08 -1.7388e-08
261 -1.26999e-07 -4.37713e-08
262 -1.52431e-07 -2.85901e-08
263 -1.65756e-08 1.96074e-08
264 1.39504e-07 5.49063e-08
265 1.5099e-07 3.73912e-08
266 2.91547e-09 -2.24206e-08
267 -1.51538e-07 -6.69176e-08
268 -1.49527e-07 -4.65035e-08
269 1.02216e-08 2.5836e-08
270 1.63077e-07 7.99063e-08
271 1.48226e-07 5.60229e-08
272 -2.26234e-08 -2.98462e-08
273 -1.74111e-07 -9.39531e-08
274 -1.47311e-07 -6.60457e-08
275 3.40491e-08 3.44181e-08
276 1.84636e-07 1.09113e-07
277 1.47041e-07 7.66725e-08
278 -4.42274e-08 -3.94829e-08
279 -1.94658e-07 -1.25408e-07
280 -1.47716e-07 -8.80132e-08
281 5.2855e-08 4.49234e-08
282 2.04182e-07 1.42823e-07
283 1.49667e-07 1.00193e-07
284 -5.95952e-08 -5.05622e-08
285 -2.13213e-07 -1.61293e-07
286 -1.53255e-07 -1.13355e-07
287 6.40778e-08 5.61476e-08
288 2.21746e-07 1.80702e-07
289 1.58861e-07 1.27671e-07
290 -6.5899e-08 -6.13418e-08
291 -2.29751e-07 -2.00866e-07
292 -1.66873e-07 -1.43337e-07
293 6.4622e-08 6.57085e-08
294 2.37166e-07 2.21529e-07
295 1.77668e-07 1.60576e-07
296 -5.97796e-08 -6.87032e-08
297 -2.43873e-07 -2.42351e-07
298 -1.91592e-07 -1.79637e-07
299 5.08779e-08 6.96674e-08
300 2.49676e-07 2.62891e-07
301 2.08927e-07 2.00778e-07
302 -3.74027e-08 -6.78261e-08
303 -2.54279e-07 -2.82594e-07
304 -2.29857e-07 -2.24256e-07
305 1.88292e-08 6.22935e-08
306 2.57252e-07 3.00779e-07
307 2.54427e-07 2.50292e-07
308 5.36261e-09 -5.20867e-08
309 -2.58005e-07 -3.16614e-07
310 -2.82491e-07 -2.79038e-07
311 -3.56667e-08 3.61502e-08
312 2.55758e-07 3.29106e-07
313 3.13662e-07 3.10524e-07
314 7.25197e-08 -1.3395e-08
315 -2.4952e-07 -3.37077e-07
316 -3.47248e-07 -3.44593e-07
317 -1.16259e-07 -1.72466e-08
318 2.3807e-07 3.39162e-07
319 3.82193e-07 3.80826e-07
320 1.67063e-07 5.67465e-08
321 -2.19966e-07 -3.33796e-07
322 -4.17018e-07 -4.18453e-07
323 -2.24882e-07 -1.05885e-07
324 1.93563e-07 3.19234e-07
325 4.49768e-07 4.5626e-07
326 2.8934e-07 1.65132e-07
327 -1.57075e-07 -2.93578e-07
328 -4.77974e-07 -4.92495e-07
329 -3.59623e-07 -2.34503e-07
330 1.0867e-07 2.54842e-07
331 4.98641e-07 5.24789e-07
332 4.3435e-07 3.13398e-07
333 -4.66123e-08 -2.01055e-07
334 -5.0827e-07 -5.50092e-07
335 -5.11432e-07 -4.00415e-07
336 -3.05369e-08 1.30412e-07
337 5.02931e-07 5.64664e-07
338 5.87923e-07 4.93168e-07
339 1.23661e-07 -4.14908e-08
340 -4.78405e-07 -5.64118e-07
341 -6.59893e-07 -5.88102e-07
342 -2.32775e-07 -6.64756e-08
343 4.30404e-07 5.43562e-07
344 7.22338e-07 6.80344e-07
345 3.56664e-07 1.93251e-07
346 -3.54899e-07 -4.97844e-07
347 -7.69158e-07 -7.63613e-07
348 -4.92497e-07 -3.372e-07
349 2.48556e-07 4.21942e-07
350 7.93242e-07 8.30227e-07
351 6.35445e-07 4.94847e-07
352 -1.09284e-07 -3.11496e-07
353 -7.86711e-07 -8.71257e-07
354 -7.78362e-07 -6.60451e-07
355 -6.31061e-08 1.63512e-07
356 7.4136e-07 8.76878e-07
357 9.11585e-07 8.25636e-07
358 2.66163e-07 2.28057e-08
359 -6.49336e-07 -8.36963e-07
360 -1.02294e-06 -9.79167e-07
361 -4.9404e-07 -2.45115e-07
362 5.04085e-07 7.41969e-07
363 1.09807e-06 1.10697e-06
364 7.36807e-07 4.9697e-07
365 -3.01562e-07 -5.84136e-07
366 -1.12112e-06 -1.19254e-06
367 -9.79943e-07 -7.66962e-07
368 4.16661e-08 3.58979e-07
369 1.07594e-06 1.21776e-06
370 1.20419e-06 1.03811e-06
371 2.70212e-07 -6.70112e-08
372 -9.47867e-07 -1.16443e-06
373 -1.38592e-06 -1.28774e-06
374 -6.21692e-07 -2.84444e-07
375 7.2593e-07 1.01629e-06
376 1.49829e-06 1.48804e-06
377 9.92217e-07 6.79577e-07
378 -4.05623e-07 -7.61847e-07
379 -1.51322e-06 -1.60758e-06
380 -1.35251e-06 -1.09288e-06
381 -8.16212e-09 3.97517e-07
382 1.40446e-06 1.61394e-06
383 1.66502e-06 1.48877e-06
384 4.98309e-07 6.88823e-08
385 -1.15165e-06 -1.47764e-06
386 -1.88586e-06 -1.82259e-06
387 -1.0333e-06 -6.14984e-07
388 7.45166e-07 1.17711e-06
389 1.96843e-06 2.0433e-06
390 1.56634e-06 1.20163e-06
391 -1.91326e-07 -7.04603e-07
392 -1.86899e-06 -2.09834e-06
393 -2.0365e-06 -1.77237e-06
394 -4.82753e-07 7.22209e-08
395 1.55406e-06 1.94067e-06
396 2.37261e-06 2.25557e-06
397 1.22575e-06 6.82814e-07
398 -1.00917e-06 -1.53778e-06
399 -2.50046e-06 -2.5699e-06
400 -1.9614e-06 -1.49504e-06
401 2.47768e-07 8.81867e-07
402 2.35326e-06 2.63374e-06
403 2.59176e-06 2.27125e-06
404 6.8107e-07 3.04835e-10
405 -1.88509e-06 -2.37837e-06
406 -3.00567e-06 -2.8962e-06
407 -1.6884e-06 -1.03981e-06
408 1.08576e-06 1.76393e-06
409 3.09293e-06 3.2445e-06
410 2.64689e-06 2.12284e-06
411 5.246e-09 -7.96308e-07
412 -2.76383e-06 -3.19914e-06
413 -3.40023e-06 -3.09558e-06
414 -1.28889e-06 -4.58361e-07
415 1.97238e-06 2.67551e-06
416 3.78191e-06 3.77877e-06
417 2.60484e-06 1.86562e-06
418 -7.39506e-07 -1.64812e-06
419 -3.64325e-06 -3.99312e-06
420 -3.74159e-06 -3.22563e-06
421 -8.28552e-07 1.75144e-07
422 2.88837e-06 3.59434e-06
423 4.4612e-06 4.29099e-06
424 2.53323e-06 1.58551e-06
425 -1.51101e-06 -2.51389e-06
426 -4.53907e-06 -4.80182e-06
427 -4.09421e-06 -3.37624e-06
428 -3.74897e-07 7.98082e-07
429 3.81562e-06 4.53652e-06
430 5.18251e-06 4.86229e-06
431 2.52071e-06 1.36467e-06
432 -2.25201e-06 -3.37265e-06
433 -5.47716e-06 -5.68081e-06
434 -4.55507e-06 -3.64011e-06
435 -2.23464e-08 1.34633e-06
436 4.74071e-06 5.51454e-06
437 6.03005e-06 5.57865e-06
438 2.68634e-06 1.30571e-06
439 -2.90157e-06 -4.18099e-06
440 -6.50331e-06 -6.68586e-06
441 -5.24358e-06 -4.13976e-06
442 1.23664e-07 1.71925e-06
443 5.64829e-06 6.52993e-06
444 7.09046e-06 6.55054e-06
445 3.1609e-06 1.55062e-06
446 -3.37302e-06 -4.87082e-06
447 -7.6372e-06 -7.87633e-06
448 -6.28033e-06 -5.02337e-06
449 -8.32123e-08 1.78257e-06
450 6.46784e-06 7.55678e-06
451 8.42853e-06 7.88279e-06
452 4.11257e-06 2.27027e-06
453 -3.5069e-06 -5.31716e-06
454 -8.84609e-06 -9.26264e-06
455 -7.79544e-06 -6.44317e-06
456 -8.55772e-07 1.33278e-06
457 7.0503e-06 8.47832e-06
458 1.00701e-05 9.63979e-06
459 5.73746e-06 3.68619e-06
460 -3.06012e-06 -5.28287e-06
461 -1.00045e-05 -1.07619e-05
462 -9.87884e-06 -8.54736e-06
463 -2.4593e-06 7.27423e-08
464 7.11967e-06 9.04531e-06
465 1.19204e-05 1.18016e-05
466 8.21181e-06 6.04487e-06
467 -1.67508e-06 -4.40015e-06
468 -1.08051e-05 -1.21292e-05
469 -1.25004e-05 -1.1399e-05
470 -5.19799e-06 -2.3611e-06
471 6.21425e-06 8.81213e-06
472 1.36717e-05 1.41446e-05
473 1.16197e-05 9.53215e-06
474 1.10927e-06 -2.15279e-06
475 -1.0693e-05 -1.28431e-05
476 -1.53917e-05 -1.48427e-05
477 -9.31147e-06 -6.33546e-06
478 3.69506e-06 7.08705e-06
479 1.4686e-05 1.61037e-05
480 1.57713e-05 1.41231e-05
481 5.73997e-06 2.05505e-06
482 -8.81907e-06 -1.2033e-05
483 -1.78485e-05 -1.83099e-05
484 -1.47534e-05 -1.20162e-05
485 -1.16337e-06 2.99835e-06
486 1.38814e-05 1.66238e-05
487 1.99439e-05 1.92924e-05
488 1.24011e-05 8.65759e-06
489 -4.11438e-06 -8.49071e-06
490 -1.85569e-05 -2.05654e-05
491 -2.08477e-05 -1.89966e-05
492 -8.86372e-06 -4.25665e-06
493 9.78629e-06 1.41062e-05
494 2.25972e-05 2.36567e-05
495 2.0535e-05 1.74655e-05
496 4.34451e-06 -9.43587e-07
497 -1.55713e-05 -1.95789e-05
498 -2.58392e-05 -2.579e-05
499 -1.90655e-05 -1.48128e-05
500 9.27844e-07 6.6988e-06
501 2.12386e-05 2.47075e-05
502 2.82085e-05 2.69419e-05
503 1.65623e-05 1.11988e-05
504 -6.72992e-06 -1.27853e-05
505 -2.66246e-05 -2.93631e-05
506 -2.97104e-05 -2.71627e-05
507 -1.31856e-05 -6.80846e-06
508 1.28658e-05 1.902e-05
509 3.16356e-05 3.3493e-05
510 3.0414e-05 2.65611e-05
511 9.11356e-06 1.82877e-06
512 -1.91774e-05 -2.52723e-05
513 -3.6245e-05 -3.71135e-05
514 -3.04414e-05 -2.52857e-05
515 -4.52829e-06 3.56607e-06
516 2.55526e-05 3.14654e-05
517 4.04911e-05 4.03001e-05
518 2.99555e-05 2.35133e-05
519 -3.96329e-07 -9.22007e-06
520 -3.19285e-05 -3.75746e-05
521 -4.44683e-05 -4.3181e-05
522 -2.91473e-05 -2.14419e-05
523 5.4999e-06 1.49997e-05
524 3.82851e-05 4.36242e-05
525 4.83165e-05 4.59284e-05
526 2.82309e-05 1.92826e-05
527 -1.06318e-05 -2.07916e-05
528 -4.46374e-05 -4.96769e-05
529 -5.22152e-05 -4.87489e-05
530 -2.74431e-05 -1.72614e-05
531 1.56461e-05 2.64923e-05
532 5.10264e-05 5.58225e-05
533 5.63754e-05 5.18797e-05
534 2.70429e-05 1.56248e-05
535 -2.03907e-05 -3.19955e-05
536 -5.75033e-05 -6.21657e-05
537 -6.10304e-05 -5.55842e-05
538 -2.7317e-05 -1.46468e-05
539 2.46902e-05 3.71755e-05
540 6.41107e-05 6.88085e-05
541 6.6428e-05 6.01445e-05
542 2.85888e-05 1.46391e-05
543 -2.83241e-05 -4.18647e-05
544 -7.08599e-05 -7.58291e-05
545 -7.28176e-05 -6.58572e-05
546 -3.1221e-05 -1.59685e-05
547 3.10086e-05 4.58205e-05
548 7.77075e-05 8.32478e-05
549 8.04389e-05 7.30094e-05
550 3.56329e-05 1.90493e-05
551 -3.235e-05 -4.87211e-05
552 -8.44901e-05 -9.10251e-05
553 -8.94564e-05 -8.19054e-05
554 -4.22438e-05 -2.44203e-05
555 3.18961e-05 5.00274e-05
556 9.09938e-05 9.88678e-05
557 0.000100079 9.2622e-05
558 5.16838e-05 3.24462e-05
559 -2.87945e-05 -4.93655e-05
560 -9.64469e-05 -0.000106755
561 -0.000111861 -0.000105773
562 -6.38662e-05 -4.44398e-05
563 2.30266e-05 4.49003e-05
564 0.000101201 0.000112638
565 0.000126047 0.000119323
566 8.12892e-05 5.83114e-05
567 -1.07585e-05 -3.92649e-05
568 -0.000100239 -0.00012055
569 -0.0001366 -0.000139733
570 -9.67535e-05 -8.39019e-05
571 1.0719e-06 1.84905e-05
572 0.000105927 0.000111769
573 0.000161141 0.000142692
574 0.00013543 8.97733e-05
575 4.11567e-05 -2.38517e-05
576 -7.06609e-05 -0.00014157
577 -0.000136573 -0.000203138
578 -0.000114549 -0.000177584
579 -7.30389e-06 -8.14568e-05
580 0.000137856 2.78919e-05
581 0.000253333 8.11199e-05
582 0.0002874 3.29858e-05
583 0.000233257 -0.000113403
584 0.000135271 -0.00030753
585 6.84285e-05 -0.000477922
586 0.000101121 -0.000570941
587 0.000260488 -0.00058186
588 0.000518742 -0.000561714
589 0.000808368 -0.000595667
590 0.00105924 -0.00076345
591 0.00123902 -0.00110208
592 0.00137615 -0.00159044
593 0.00155293 -0.00216448
594 0.00187178 -0.00275635
595 0.00241113 -0.0033382
596 0.00319364 -0.00394848
597 0.00418351 -0.00468703
598 0.00531526 -0.00568069
599 0.00654062 -0.00703617
600 0.00787036 -0.00880385
601 0.00939021 -0.0109712
602 0.0112419 -0.0134904
603 0.0135785 -0.0163265
604 0.0165144 -0.0195043
605 0.0200966 -0.023129
606 0.02431 -0.0273699
607 0.0291162 -0.0324145
608 0.0345069 -0.0384125
609 0.0405454 -0.0454386
610 0.047375 -0.0534894
611 0.0551887 -0.0625175
612 0.0641714 -0.0724854
613 0.0744423 -0.0834122
614 0.0860211 -0.0953886
615 0.0988358 -0.10855
616 0.112765 -0.123016
617 0.127695 -0.138827
618 0.143562 -0.155895
619 0.160354 -0.174
620 0.178078 -0.192831
621 0.196685 -0.212044
622 0.216009 -0.231317
623 0.235726 -0.250376
624 0.255369 -0.268967
625 0.274376 -0.286801
626 0.29217 -0.30349
627 0.308219 -0.318508
628 0.322067 -0.331193
629 0.333309 -0.340814
630 0.341545 -0.346659
631 0.346322 -0.34813
632 0.347114 -0.344802
633 0.343346 -0.336436
634 0.334475 -0.322946
635 0.320098 -0.304342
636 0.300049 -0.280693
637 0.274462 -0.252125
638 0.243767 -0.218873
639 0.208633 -0.181365
640 0.169893 -0.140305
641 0.128469 -0.0967231
642 0.0853345 -0.0519544
643 0.0415318 -0.00755104
644 -0.0017882 0.0348536
645 -0.0433235 0.0736915
646 -0.0816202 0.107577
647 -0.115136 0.135372
648 -0.14237 0.156191
649 -0.162033 0.16938
650 -0.173211 0.174494
651 -0.17549 0.17131
652 -0.168997 0.159885
653 -0.154362 0.140652
654 -0.132625 0.114517
655 -0.105117 0.0829054
656 -0.073366 0.0477315
657 -0.0390404 0.0112682
658 -0.00392633 -0.0240601
659 0.0300783 -0.0559232
660 0.0609994 -0.0823152
661 0.0868789 -0.101722
662 0.105935 -0.113204
663 0.116771 -0.116395
664 0.11859 -0.111444
665 0.111355 -0.0989557
666 0.0958552 -0.0799278
667 0.0736348 -0.055734
668 0.0468189 -0.0281121
669 0.017853 0.000864602
670 -0.0107754 0.0288732
671 -0.0367813 0.0535083
672 -0.058255 0.0725279
673 -0.0737543 0.0841416
674 -0.0823349 0.0872843
675 -0.0835498 0.0818071
676 -0.0774517 0.0685342
677 -0.0646124 0.0491631
678 -0.0461497 0.026024
679 -0.0237308 0.00174879
680 0.000488265 -0.0210802
681 0.0240191 -0.0402362
682 0.0442997 -0.0540581
683 0.0590281 -0.0615506
684 0.0665117 -0.0623858
685 0.0659578 -0.0568431
686 0.0576329 -0.0457235
687 0.0428454 -0.0302678
688 0.0237463 -0.0120814
689 0.00298426 0.00694754
690 -0.0167131 0.0247652
691 -0.0329463 0.0393263
692 -0.043962 0.048829
693 -0.0488315 0.0519857
694 -0.0474776 0.0482774
695 -0.0405708 0.038127
696 -0.029344 0.0229283
697 -0.0153778 0.00489711
698 -0.00039991 -0.0132511
699 0.0138775 -0.0287471
700 0.0258853 -0.039252
701 0.0343042 -0.043277
702 0.0381695 -0.0404474
703 0.0369828 -0.0315522
704 0.0308174 -0.0183674
705 0.0203901 -0.00329515
706 0.0070577 0.0111015
707 -0.00729587 0.0225654
708 -0.0204933 0.0295199
709 -0.0304007 0.0312815
710 -0.0353118 0.0280839
711 -0.0343016 0.0209318
712 -0.027463 0.0113345
713 -0.0159578 0.000991162
714 -0.00184898 -0.00850404
715 0.0122665 -0.0158849
716 0.0237585 -0.0203398
717 0.0304928 -0.0215435
718 0.031273 -0.0196175
719 0.0260928 -0.0150484
720 0.0161378 -0.0085925
721 0.0035325 -0.00118096
722 -0.00911432 0.00616961
723 -0.0192644 0.0124501
724 -0.0249823 0.0167623
725 -0.0253271 0.0184343
726 -0.0205185 0.0171368
727 -0.0118469 0.0129767
728 -0.00135273 0.00653758
729 0.00864588 -0.00116055
730 0.0160673 -0.00879512
731 0.0195061 -0.0149591
732 0.0185043 -0.0184289
733 0.0135998 -0.0184291
734 0.00615171 -0.0148298
735 -0.00200739 -0.00822432
736 -0.00900779 0.000145921
737 -0.0133638 0.00861584
738 -0.0142866 0.0154316
739 -0.0118229 0.0191266
740 -0.00679683 0.0188539
741 -0.000577318 0.0145964
742 0.00526867 0.00719869
743 0.00935232 -0.00179322
744 0.0107817 -0.0104563
745 0.00935177 -0.0169087
746 0.00556652 -0.0197284
747 0.000493151 -0.0182768
748 -0.0045131 -0.0128495
749 -0.00814652 -0.00461949
750 -0.00947082 0.00461949
751 -0.00814652 0.0128495
752 -0.0045131 0.0182768
753 0.000493151 0.0197284
754 0.00556652 0.0169087
755 0.00935177 0.0104563
756 0.0107817 0.00179322
757 0.00935232 -0.00719869
758 0.00526867 -0.0145964
759 -0.000577318 -0.0188539
760 -0.00679683 -0.0191266
761 -0.0118229 -0.0154316
762 -0.0142866 -0.00861584
763 -0.0133638 -0.000145921
764 -0.00900779 0.00822432
765 -0.00200739 0.0148298
766 0.00615171 0.0184291
767 0.0135998 0.0184289
768 0.0185043 0.0149591
769 0.0195061 0.00879512
770 0.0160673 0.00116055
771 0.00864588 -0.00653758
772 -0.00135273 -0.0129767
773 -0.0118469 -0.0171368
774 -0.0205185 -0.0184343
775 -0.0253271 -0.0167623
776 -0.0249823 -0.0124501
777 -0.0192644 -0.00616961
778 -0.00911432 0.00118096
779 0.0035325 0.0085925
780 0.0161378 0.0150484
781 0.0260928 0.0196175
782 0.031273 0.0215435
783 0.0304928 0.0203398
784 0.0237585 0.0158849
785 0.0122665 0.00850404
786 -0.00184898 -0.000991162
787 -0.0159578 -0.0113345
788 -0.027463 -0.0209318
789 -0.0343016 -0.0280839
790 -0.0353118 -0.0312815
791 -0.0304007 -0.0295199
792 -0.0204933 -0.0225654
793 -0.00729587 -0.0111015
794 0.0070577 0.00329515
795 0.0203901 0.0183674
796 0.0308174 0.0315522
797 0.0369828 0.0404474
798 0.0381695 0.043277
799 0.0343042 0.039252
800 0.0258853 0.0287471
801 0.0138775 0.0132511
802 -0.00039991 -0.00489711
803 -0.0153778 -0.0229283
804 -0.029344 -0.038127
805 -0.0405708 -0.0482774
806 -0.0474776 -0.0519857
807 -0.0488315 -0.048829
808 -0.043962 -0.0393263
809 -0.0329463 -0.0247652
810 -0.0167131 -0.00694754
811 0.00298426 0.0120814
812 0.0237463 0.0302678
813 0.0428454 0.0457235
814 0.0576329 0.0568431
815 0.0659578 0.0623858
816 0.0665117 0.0615506
817 0.0590281 0.0540581
818 0.0442997 0.0402362
819 0.0240191 0.0210802
820 0.000488265 -0.00174879
821 -0.0237308 -0.026024
822 -0.0461497 -0.0491631
823 -0.0646124 -0.0685342
824 -0.0774517 -0.0818071
825 -0.0835498 -0.0872843
826 -0.0823349 -0.0841416
827 -0.0737543 -0.0725279
828 -0.058255 -0.0535083
829 -0.0367813 -0.0288732
830 -0.0107754 -0.000864602
831 0.017853 0.0281121
832 0.0468189 0.055734
833 0.0736348 0.0799278
834 0.0958552 0.0989557
835 0.111355 0.111444
836 0.11859 0.116395
837 0.116771 0.113204
838 0.105935 0.101722
839 0.0868789 0.0823152
840 0.0609994 0.0559232
841 0.0300783 0.0240601
842 -0.00392633 -0.0112682
843 -0.0390404 -0.0477315
844 -0.073366 -0.0829054
845 -0.105117 -0.114517
846 -0.132625 -0.140652
847 -0.154362 -0.159885
848 -0.168997 -0.17131
849 -0.17549 -0.174494
850 -0.173211 -0.16938
851 -0.162033 -0.156191
852 -0.14237 -0.135372
853 -0.115136 -0.107577
854 -0.0816202 -0.0736915
855 -0.0433235 -0.0348536
856 -0.0017882 0.00755104
857 0.0415318 0.0519544
858 0.0853345 0.0967231
859 0.128469 0.140305
860 0.169893 0.181365
861 0.208633 0.218873
862 0.243767 0.252125
863 0.274462 0.280693
864 0.300049 0.304342
865 0.320098 0.322946
866 0.334475 0.336436
867 0.343346 0.344802
868 0.347114 0.34813
869 0.346322 0.346659
870 0.341545 0.340814
871 0.333309 0.331193
872 0.322067 0.318508
873 0.308219 0.30349
874 0.29217 0.286801
875 0.274376 0.268967
876 0.255369 0.250376
877 0.235726 0.231317
878 0.216009 0.212044
879 0.196685 0.192831
880 0.178078 0.174
881 0.160354 0.155895
882 0.143562 0.138827
883 0.127695 0.123016
884 0.112765 0.10855
885 0.0988358 0.0953886
886 0.0860211 0.0834122
887 0.0744423 0.0724854
888 0.0641714 0.0625175
889 0.0551887 0.0534894
890 0.047375 0.0454386
891 0.0405454 0.0384125
892 0.0345069 0.0324145
893 0.0291162 0.0273699
894 0.02431 0.023129
895 0.0200966 0.0195043
896 0.0165144 0.0163265
897 0.0135785 0.0134904
898 0.0112419 0.0109712
899 0.00939021 0.00880385
900 0.00787036 0.00703617
901 0.00654062 0.00568069
902 0.00531526 0.00468703
903 0.00418351 0.00394848
904 0.00319364 0.0033382
905 0.00241113 0.00275635
906 0.00187178 0.00216448
907 0.00155293 0.00159044
908 0.00137615 0.00110208
909 0.00123902 0.00076345
910 0.00105924 0.000595667
911 0.000808368 0.000561714
912 0.000518742 0.00058186
913 0.000260488 0.000570941
914 0.000101121 0.000477922
915 6.84285e-05 0.00030753
916 0.000135271 0.000113403
917 0.000233257 -3.29858e-05
918 0.0002874 -8.11199e-05
919 0.000253333 -2.78919e-05
920 0.000137856 8.14568e-05
921 -7.30389e-06 0.000177584
922 -0.000114549 0.000203138
923 -0.000136573 0.00014157
924 -7.06609e-05 2.38517e-05
925 4.11567e-05 -8.97733e-05
926 0.00013543 -0.000142692
927 0.000161141 -0.000111769
928 0.000105927 -1.84905e-05
929 1.0719e-06 8.39019e-05
930 -9.67535e-05 0.000139733
931 -0.0001366 0.00012055
932 -0.000100239 3.92649e-05
933 -1.07585e-05 -5.83114e-05
934 8.12892e-05 -0.000119323
935 0.000126047 -0.000112638
936 0.000101201 -4.49003e-05
937 2.30266e-05 4.44398e-05
938 -6.38662e-05 0.000105773
939 -0.000111861 0.000106755
940 -9.64469e-05 4.93655e-05
941 -2.87945e-05 -3.24462e-05
942 5.16838e-05 -9.2622e-05
943 0.000100079 -9.88678e-05
944 9.09938e-05 -5.00274e-05
945 3.18961e-05 2.44203e-05
946 -4.22438e-05 8.19054e-05
947 -8.94564e-05 9.10251e-05
948 -8.44901e-05 4.87211e-05
949 -3.235e-05 -1.90493e-05
950 3.56329e-05 -7.30094e-05
951 8.04389e-05 -8.32478e-05
952 7.77075e-05 -4.58205e-05
953 3.10086e-05 1.59685e-05
954 -3.1221e-05 6.58572e-05
955 -7.28176e-05 7.58291e-05
956 -7.08599e-05 4.18647e-05
957 -2.83241e-05 -1.46391e-05
958 2.85888e-05 -6.01445e-05
959 6.6428e-05 -6.88085e-05
960 6.41107e-05 -3.71755e-05
961 2.46902e-05 1.46468e-05
962 -2.7317e-05 5.55842e-05
963 -6.10304e-05 6.21657e-05
964 -5.75033e-05 3.19955e-05
965 -2.03907e-05 -1.56248e-05
966 2.70429e-05 -5.18797e-05
967 5.63754e-05 -5.58225e-05
968 5.10264e-05 -2.64923e-05
969 1.56461e-05 1.72614e-05
970 -2.74431e-05 4.87489e-05
971 -5.22152e-05 4.96769e-05
972 -4.46374e-05 2.07916e-05
973 -1.06318e-05 -1.92826e-05
974 2.82309e-05 -4.59284e-05
975 4.83165e-05 -4.36242e-05
976 3.82851e-05 -1.49997e-05
977 5.4999e-06 2.14419e-05
978 -2.91473e-05 4.3181e-05
979 -4.44683e-05 3.75746e-05
980 -3.19285e-05 9.22007e-06
981 -3.96329e-07 -2.35133e-05
982 2.99555e-05 -4.03001e-05
983 4.04911e-05 -3.14654e-05
984 2.55526e-05 -3.56607e-06
985 -4.52829e-06 2.52857e-05
986 -3.04414e-05 3.71135e-05
987 -3.6245e-05 2.52723e-05
988 -1.91774e-05 -1.82877e-06
989 9.11356e-06 -2.65611e-05
990 3.0414e-05 -3.3493e-05
991 3.16356e-05 -1.902e-05
992 1.28658e-05 6.80846e-06
993 -1.31856e-05 2.71627e-05
994 -2.97104e-05 2.93631e-05
995 -2.66246e-05 1.27853e-05
996 -6.72992e-06 -1.11988e-05
997 1.65623e-05 -2.69419e-05
998 2.82085e-05 -2.47075e-05
999 2.12386e-05 -6.6988e-06
