0 0.00629423 0.00571844
1 0.00268532 0.00187161
2 -0.00151456 -0.00246495
3 -0.00543832 -0.00635828
4 -0.0082816 -0.00895665
5 -0.00945876 -0.00968243
6 -0.00871343 -0.00836233
7 -0.0061676 -0.0052642
8 -0.00230282 -0.00103399
9 0.00212454 0.00344854
10 0.00622313 0.00725909
11 0.00914056 0.00961941
12 0.0102405 0.0100501
13 0.00924574 0.00845817
14 0.00631189 0.00514813
15 0.00200892 0.000759197
16 -0.00279115 -0.00385638
17 -0.00709779 -0.00779222
18 -0.0100147 -0.0102579
19 -0.0109317 -0.010732
20 -0.00965124 -0.00907157
21 -0.00642361 -0.00555431
22 -0.00188769 -0.000839319
23 0.00306475 0.00415223
24 0.00746812 0.00841827
25 0.0104682 0.0110828
26 0.0114797 0.0115824
27 0.0102905 0.00978936
28 0.00709978 0.00603958
29 0.00248336 0.0010619
30 -0.00270553 -0.00417475
31 -0.00748747 -0.00865797
32 -0.0109362 -0.0115288
33 -0.0123565 -0.0122397
34 -0.0114262 -0.0106477
35 -0.00827255 -0.00703259
36 -0.00346119 -0.00204316
37 0.00210566 0.00341713
38 0.00736369 0.00834631
39 0.011298 0.0118198
40 0.0131454 0.0131597
41 0.0125431 0.0120669
42 0.00959376 0.00869112
43 0.00483659 0.00361676
44 -0.000861849 -0.00223615
45 -0.00647139 -0.00778216
46 -0.0109821 -0.011978
47 -0.0135773 -0.0140249
48 -0.0137705 -0.0135227
49 -0.0114893 -0.010544
50 -0.0070943 -0.00561636
51 -0.00132786 0.000381401
52 0.0048042 0.00638309
53 0.0102041 0.0113265
54 0.0138797 0.0143364
55 0.0151324 0.0148705
56 0.0136942 0.0128075
57 0.00978591 0.00846784
58 0.00407915 0.00256467
59 -0.00242751 -0.00390772
60 -0.00859289 -0.00983509
61 -0.0133388 -0.0141716
62 -0.0158373 -0.0161254
63 -0.0156476 -0.0153077
64 -0.0127834 -0.0118137
65 -0.00770443 -0.00621424
66 -0.00123921 0.000542523
67 0.0055484 0.0073012
68 0.0115283 0.0129061
69 0.0156857 0.0164025
70 0.0172898 0.0171948
71 0.0160217 0.0151375
72 0.0120388 0.0105489
73 0.005961 0.00415413
74 -0.00122574 -0.00302979
75 -0.00833284 -0.00984972
76 -0.0141725 -0.015193
77 -0.0177625 -0.0181627
78 -0.0184931 -0.018228
79 -0.0162256 -0.0153211
80 -0.0113085 -0.0098626
81 -0.00451236 -0.00270199
82 0.0030989 0.0050185
83 0.0103351 0.0120541
84 0.0160597 0.0172654
85 0.0193587 0.019806
86 0.0196782 0.0192553
87 0.0169142 0.0156788
88 0.0114406 0.00960987
89 0.00406414 0.00196273
90 -0.00409087 -0.0061076
91 -0.0117565 -0.013376
92 -0.0177254 -0.0187263
93 -0.0210479 -0.0213162
94 -0.0211861 -0.0207065
95 -0.0180953 -0.0169342
96 -0.0122237 -0.0105182
97 -0.00443467 -0.00238929
98 0.0041285 0.00624593
99 0.0122106 0.0140887
100 0.0186218 0.0199492
101 0.022403 0.022931
102 0.0229617 0.0225665
103 0.020162 0.0188834
104 0.0143549 0.0123938
105 0.00633849 0.00401289
106 -0.00274942 -0.00507602
107 -0.0115968 -0.0135874
108 -0.0189128 -0.020309
109 -0.023622 -0.024266
110 -0.0250234 -0.024856
111 -0.0228896 -0.0219394
112 -0.0174932 -0.0158694
113 -0.00956148 -0.00745397
114 -0.000170649 0.00215155
115 0.00940218 0.0116079
116 0.0178494 0.0195866
117 0.0240051 0.0249629
118 0.0270005 0.0269743
119 0.0263827 0.0253207
120 0.0221831 0.0201955
121 0.0149213 0.0122504
122 0.0055418 0.00250531
123 -0.00471002 -0.00778215
124 -0.0144581 -0.0172729
125 -0.0223846 -0.024714
126 -0.0274099 -0.0291017
127 -0.0288362 -0.0298199
128 -0.0264348 -0.0267322
129 -0.0204692 -0.0202098
130 -0.0116546 -0.0110867
131 -0.0010638 -0.000546785
132 0.0100058 0.0100371
133 0.0201902 0.0192849
134 0.0282245 0.0259846
135 0.0331012 0.0292368
136 0.0342015 0.0285574
137 0.0313828 0.0239299
138 0.0250051 0.0158077
139 0.0158907 0.00506408
140 0.00521957 -0.00710659
141 -0.00562257 -0.0193295
142 -0.0152193 -0.0302184
143 -0.022295 -0.0385518
144 -0.0258614 -0.0434289
145 -0.0253237 -0.0443847
146 -0.0205423 -0.0414456
147 -0.0118461 -0.0351223
148 1.62498e-06 -0.0263441
149 0.0138839 -0.0163492
150 0.028455 -0.00654365
151 0.042298 0.00165274
152 0.0540983 0.00696067
153 0.0628068 0.00838156
154 0.0677679 0.00530966
155 0.0687951 -0.00239708
156 0.0661846 -0.0143979
157 0.0606745 -0.0299062
158 0.0533577 -0.0477807
159 0.0455659 -0.0666567
160 0.0387337 -0.0851035
161 0.0342529 -0.101784
162 0.033327 -0.1156
163 0.0368378 -0.125805
164 0.0452422 -0.13208
165 0.0585136 -0.13456
166 0.0761415 -0.133819
167 0.0971892 -0.130806
168 0.120399 -0.126753
169 0.144327 -0.123039
170 0.167492 -0.121045
171 0.188512 -0.122004
172 0.206233 -0.126859
173 0.219827 -0.13616
174 0.228867 -0.149997
175 0.233368 -0.167985
176 0.233777 -0.189302
177 0.230926 -0.21276
178 0.225934 -0.236909
179 0.220074 -0.260165
180 0.214636 -0.280942
181 0.210775 -0.297782
182 0.209398 -0.309486
183 0.211068 -0.315214
184 0.215946 -0.314556
185 0.22377 -0.307566
186 0.233865 -0.294736
187 0.24519 -0.276941
188 0.256422 -0.255338
189 0.26607 -0.231251
190 0.272604 -0.206055
191 0.274606 -0.181051
192 0.270891 -0.157371
193 0.260622 -0.135881
194 0.24338 -0.117119
195 0.219206 -0.10125
196 0.188601 -0.0880635
197 0.152499 -0.0770121
198 0.112206 -0.0672828
199 0.0693144 -0.0579008
200 0.0255966 -0.0478444
201 -0.0171208 -0.0361586
202 -0.0570824 -0.0220555
203 -0.0927225 -0.00499726
204 -0.122764 0.0152399
205 -0.146292 0.0385225
206 -0.162788 0.0643406
207 -0.172147 0.091818
208 -0.174652 0.119759
209 -0.170934 0.146727
210 -0.161905 0.171158
211 -0.148681 0.191477
212 -0.132487 0.206219
213 -0.114562 0.214143
214 -0.0960707 0.214313
215 -0.0780207 0.206172
216 -0.0612071 0.189596
217 -0.0461754 0.164922
218 -0.0332097 0.132956
219 -0.0223432 0.0949467
220 -0.013388 0.0525218
221 -0.00598021 0.00759683
222 0.000363295 -0.0377412
223 0.00618171 -0.0813545
224 0.0120043 -0.121172
225 0.0182876 -0.155293
226 0.0253613 -0.182084
227 0.0333876 -0.200262
228 0.0423377 -0.208964
229 0.0519881 -0.207804
230 0.0619351 -0.196896
231 0.0716261 -0.176854
232 0.0804044 -0.148748
233 0.0875624 -0.114037
234 0.0924002 -0.0744826
235 0.0942848 -0.0320568
236 0.0927069 0.011151
237 0.0873304 0.0530291
238 0.0780319 0.0915407
239 0.064925 0.124824
240 0.0483677 0.151289
241 0.028951 0.169701
242 0.00747059 0.179241
243 -0.0151176 0.17954
244 -0.0377517 0.170679
245 -0.0593262 0.153177
246 -0.0787569 0.127953
247 -0.0950457 0.0962912
248 -0.107341 0.0597852
249 -0.114991 0.0202688
250 -0.117588 -0.0202688
251 -0.114991 -0.0597852
252 -0.107341 -0.0962912
253 -0.0950457 -0.127953
254 -0.0787569 -0.153177
255 -0.0593262 -0.170679
256 -0.0377517 -0.17954
257 -0.0151176 -0.179241
258 0.00747059 -0.169701
259 0.028951 -0.151289
260 0.0483677 -0.124824
261 0.064925 -0.0915407
262 0.0780319 -0.0530291
263 0.0873304 -0.011151
264 0.0927069 0.0320568
265 0.0942848 0.0744826
266 0.0924002 0.114037
267 0.0875624 0.148748
268 0.0804044 0.176854
269 0.0716261 0.196896
270 0.0619351 0.207804
271 0.0519881 0.208964
272 0.0423377 0.200262
273 0.0333876 0.182084
274 0.0253613 0.155293
275 0.0182876 0.121172
276 0.0120043 0.0813545
277 0.00618171 0.0377412
278 0.000363295 -0.00759683
279 -0.00598021 -0.0525218
280 -0.013388 -0.0949467
281 -0.0223432 -0.132956
282 -0.0332097 -0.164922
283 -0.0461754 -0.189596
284 -0.0612071 -0.206172
285 -0.0780207 -0.214313
286 -0.0960707 -0.214143
287 -0.114562 -0.206219
288 -0.132487 -0.191477
289 -0.148681 -0.171158
290 -0.161905 -0.146727
291 -0.170934 -0.119759
292 -0.174652 -0.091818
293 -0.172147 -0.0643406
294 -0.162788 -0.0385225
295 -0.146292 -0.0152399
296 -0.122764 0.00499726
297 -0.0927225 0.0220555
298 -0.0570824 0.0361586
299 -0.0171208 0.0478444
300 0.0255966 0.0579008
301 0.0693144 0.0672828
302 0.112206 0.0770121
303 0.152499 0.0880635
304 0.188601 0.10125
305 0.219206 0.117119
306 0.24338 0.135881
307 0.260622 0.157371
308 0.270891 0.181051
309 0.274606 0.206055
310 0.272604 0.231251
311 0.26607 0.255338
312 0.256422 0.276941
313 0.24519 0.294736
314 0.233865 0.307566
315 0.22377 0.314556
316 0.215946 0.315214
317 0.211068 0.309486
318 0.209398 0.297782
319 0.210775 0.280942
320 0.214636 0.260165
321 0.220074 0.236909
322 0.225934 0.21276
323 0.230926 0.189302
324 0.233777 0.167985
325 0.233368 0.149997
326 0.228867 0.13616
327 0.219827 0.126859
328 0.206233 0.122004
329 0.188512 0.121045
330 0.167492 0.123039
331 0.144327 0.126753
332 0.120399 0.130806
333 0.0971892 0.133819
334 0.0761415 0.13456
335 0.0585136 0.13208
336 0.0452422 0.125805
337 0.0368378 0.1156
338 0.033327 0.101784
339 0.0342529 0.0851035
340 0.0387337 0.0666567
341 0.0455659 0.0477807
342 0.0533577 0.0299062
343 0.0606745 0.0143979
344 0.0661846 0.00239708
345 0.0687951 -0.00530966
346 0.0677679 -0.00838156
347 0.0628068 -0.00696067
348 0.0540983 -0.00165274
349 0.042298 0.00654365
350 0.028455 0.0163492
351 0.0138839 0.0263441
352 1.62498e-06 0.0351223
353 -0.0118461 0.0414456
354 -0.0205423 0.0443847
355 -0.0253237 0.0434289
356 -0.0258614 0.0385518
357 -0.022295 0.0302184
358 -0.0152193 0.0193295
359 -0.00562257 0.00710659
360 0.00521957 -0.00506408
361 0.0158907 -0.0158077
362 0.0250051 -0.0239299
363 0.0313828 -0.0285574
364 0.0342015 -0.0292368
365 0.0331012 -0.0259846
366 0.0282245 -0.0192849
367 0.0201902 -0.0100371
368 0.0100058 0.000546785
369 -0.0010638 0.0110867
370 -0.0116546 0.0202098
371 -0.0204692 0.0267322
372 -0.0264348 0.0298199
373 -0.0288362 0.0291017
374 -0.0274099 0.024714
375 -0.0223846 0.0172729
376 -0.0144581 0.00778215
377 -0.00471002 -0.00250531
378 0.0055418 -0.0122504
379 0.0149213 -0.0201955
380 0.0221831 -0.0253207
381 0.0263827 -0.0269743
382 0.0270005 -0.0249629
383 0.0240051 -0.0195866
384 0.0178494 -0.0116079
385 0.00940218 -0.00215155
386 -0.000170649 0.00745397
387 -0.00956148 0.0158694
388 -0.0174932 0.0219394
389 -0.0228896 0.024856
390 -0.0250234 0.024266
391 -0.023622 0.020309
392 -0.0189128 0.0135874
393 -0.0115968 0.00507602
394 -0.00274942 -0.00401289
395 0.00633849 -0.0123938
396 0.0143549 -0.0188834
397 0.020162 -0.0225665
398 0.0229617 -0.022931
399 0.022403 -0.0199492
400 0.0186218 -0.0140887
401 0.0122106 -0.00624593
402 0.0041285 0.00238929
403 -0.00443467 0.0105182
404 -0.0122237 0.0169342
405 -0.0180953 0.0207065
406 -0.0211861 0.0213162
407 -0.0210479 0.0187263
408 -0.0177254 0.013376
409 -0.0117565 0.0061076
410 -0.00409087 -0.00196273
411 0.00406414 -0.00960987
412 0.0114406 -0.0156788
413 0.0169142 -0.0192553
414 0.0196782 -0.019806
415 0.0193587 -0.0172654
416 0.0160597 -0.0120541
417 0.0103351 -0.0050185
418 0.0030989 0.00270199
419 -0.00451236 0.0098626
420 -0.0113085 0.0153211
421 -0.0162256 0.018228
422 -0.0184931 0.0181627
423 -0.0177625 0.015193
424 -0.0141725 0.00984972
425 -0.00833284 0.00302979
426 -0.00122574 -0.00415413
427 0.005961 -0.0105489
428 0.0120388 -0.0151375
429 0.0160217 -0.0171948
430 0.0172898 -0.0164025
431 0.0156857 -0.0129061
432 0.0115283 -0.0073012
433 0.0055484 -0.000542523
434 -0.00123921 0.00621424
435 -0.00770443 0.0118137
436 -0.0127834 0.0153077
437 -0.0156476 0.0161254
438 -0.0158373 0.0141716
439 -0.0133388 0.00983509
440 -0.00859289 0.00390772
441 -0.00242751 -0.00256467
442 0.00407915 -0.00846784
443 0.00978591 -0.0128075
444 0.0136942 -0.0148705
445 0.0151324 -0.0143364
446 0.0138797 -0.0113265
447 0.0102041 -0.00638309
448 0.0048042 -0.000381401
449 -0.00132786 0.00561636
450 -0.0070943 0.010544
451 -0.0114893 0.0135227
452 -0.0137705 0.0140249
453 -0.0135773 0.011978
454 -0.0109821 0.00778216
455 -0.00647139 0.00223615
456 -0.000861849 -0.00361676
457 0.00483659 -0.00869112
458 0.00959376 -0.0120669
459 0.0125431 -0.0131597
460 0.0131454 -0.0118198
461 0.011298 -0.00834631
462 0.00736369 -0.00341713
463 0.00210566 0.00204316
464 -0.00346119 0.00703259
465 -0.00827255 0.0106477
466 -0.0114262 0.0122397
467 -0.0123565 0.0115288
468 -0.0109362 0.00865797
469 -0.00748747 0.00417475
470 -0.00270553 -0.0010619
471 0.00248336 -0.00603958
472 0.00709978 -0.00978936
473 0.0102905 -0.0115824
474 0.0114797 -0.0110828
475 0.0104682 -0.00841827
476 0.00746812 -0.00415223
477 0.00306475 0.000839319
478 -0.00188769 0.00555431
479 -0.00642361 0.00907157
480 -0.00965124 0.010732
481 -0.0109317 0.0102579
482 -0.0100147 0.00779222
483 -0.00709779 0.00385638
484 -0.00279115 -0.000759197
485 0.00200892 -0.00514813
486 0.00631189 -0.00845817
487 0.00924574 -0.0100501
488 0.0102405 -0.00961941
489 0.00914056 -0.00725909
490 0.00622313 -0.00344854
491 0.00212454 0.00103399
492 -0.00230282 0.0052642
493 -0.0061676 0.00836233
494 -0.00871343 0.00968243
495 -0.00945876 0.00895665
496 -0.0082816 0.00635828
497 -0.00543832 0.00246495
498 -0.00151456 -0.00187161
499 0.00268532 -0.00571844
500 0.00629423 -0.00826938
501 0.00855811 -0.00901811
502 0.00899739 -0.00785683
503 0.00751769 -0.00508283
504 0.00444036 -0.00131842
505 0.000439615 0.002631
506 -0.00360424 0.00594647
507 -0.0068033 0.00795792
508 -0.00846509 0.00827146
509 -0.00824983 0.00684197
510 -0.00624314 0.00398063
511 -0.00292734 0.000295515
512 0.000938763 -0.0034274
513 0.00449908 -0.00638467
514 0.00699286 -0.00792796
515 0.00791562 -0.00771225
516 0.00711515 -0.00578287
517 0.00480773 -0.0025754
518 0.00151853 0.00117791
519 -0.00203565 0.00461664
520 -0.00509556 0.00695588
521 -0.00701278 0.00767369
522 -0.0073811 0.00663377
523 -0.00612273 0.0041121
524 -0.0035116 0.000722113
525 -0.000124237 -0.00273992
526 0.00327842 -0.00548725
527 0.00591851 -0.00692353
528 0.00718278 -0.0067694
529 0.00677398 -0.00510942
530 0.00479074 -0.00235573
531 0.00171021 0.000855763
532 -0.00172613 0.0038092
533 -0.00469598 0.00586087
534 -0.00650075 0.00657117
535 -0.00673647 0.00579402
536 -0.00538653 0.0037084
537 -0.00281414 0.000784853
538 0.000339259 -0.00231061
539 0.00331894 -0.00486062
540 0.00544012 -0.00626123
541 0.00624359 -0.0061702
542 0.00558924 -0.00459997
543 0.00367149 -0.00192623
544 0.000960478 0.00119683
545 -0.0019119 0.00399758
546 -0.0042934 0.00578363
547 -0.00565137 0.00612128
548 -0.00568518 0.00494748
549 -0.00439147 0.00258276
550 -0.00206887 -0.000357997
551 0.000741638 -0.00313084
552 0.00337353 -0.00505683
553 0.00518824 -0.0056916
554 0.00573216 -0.00492632
555 0.00485775 -0.00299821
556 0.002773 -0.00041432
557 -6.24663e-07 0.00218495
558 -0.00275673 0.00418395
559 -0.00478788 0.00513243
560 -0.00557486 0.00483913
561 -0.00492714 0.00340306
562 -0.00303348 0.00118172
563 -0.000407426 -0.00129319
564 0.00225599 -0.00343468
565 0.00427034 -0.0047316
566 0.00513969 -0.00486683
567 0.00468204 -0.00379736
568 0.00306287 -0.00177495
569 0.000735245 0.000703701
570 -0.00169113 0.00301221
571 -0.00361166 0.00455164
572 -0.00457536 0.00491037
573 -0.00438447 0.00398211
574 -0.00312645 0.00200489
575 -0.00113806 -0.00049525
576 0.0010835 -0.00284449
577 0.00299926 -0.00440763
578 0.00415112 -0.00476698
579 0.00426473 -0.00384032
580 0.00331311 -0.00190217
581 0.00152716 0.00049838
582 -0.000652088 0.0026979
583 -0.00267403 0.00410802
584 -0.00401287 0.00437693
585 -0.00430536 0.00347684
586 -0.00345527 0.00169576
587 -0.00167213 -0.000457964
588 0.000573123 -0.00240458
589 0.00266964 -0.00364985
590 0.00403508 -0.00390685
591 0.00428339 -0.00315456
592 0.00334125 -0.00162541
593 0.0014751 0.000267229
594 -0.000782447 0.00203851
595 -0.00278736 0.00325032
596 -0.00397366 0.00361246
597 -0.00401945 0.00304687
598 -0.00293815 0.00170342
599 -0.00106732 -7.54865e-05
600 0.00103946 -0.00183501
601 0.00278149 -0.00311725
602 0.00368664 -0.00357693
603 0.00354033 -0.0030757
604 0.00243213 -0.00172907
605 0.000712264 0.00011178
606 -0.00112217 0.00194502
607 -0.00257259 0.00325273
608 -0.00327259 0.00364982
609 -0.00307504 0.00300359
610 -0.0020746 0.00148434
611 -0.000567069 -0.000474169
612 0.00103768 -0.00229769
613 0.00232356 -0.00344344
614 0.00296997 -0.00356779
615 0.00282547 -0.00263535
616 0.00193945 -0.000932439
617 0.000547251 0.00102108
618 -0.000987156 0.00263408
619 -0.00225935 0.00342818
620 -0.00292536 0.00318398
621 -0.00279302 0.00200325
622 -0.00188035 0.000268753
623 -0.000422269 -0.0014824
624 0.00118239 -0.00272885
625 0.00247542 -0.00312312
626 0.00306995 -0.00258842
627 0.00277025 -0.00132743
628 0.00164167 0.000254589
629 3.94497e-06 0.00168269
630 -0.00165617 0.00255629
631 -0.00283046 0.00265987
632 -0.00314886 0.00201047
633 -0.00250139 0.000834296
634 -0.00108036 -0.000512896
635 0.000674607 -0.00165318
636 0.0022136 -0.00228895
637 0.00305242 -0.00227457
638 0.00292969 -0.00164289
639 0.00189221 -0.000585587
640 0.000279343 0.000603219
641 -0.00138904 0.00160426
642 -0.00258342 0.00215314
643 -0.00293673 0.00210561
644 -0.0023601 0.00147418
645 -0.00106453 0.000427212
646 0.000516481 -0.000750797
647 0.00187457 -0.00173088
648 0.00259295 -0.00222767
649 0.00247586 -0.00208212
650 0.00160019 -0.00131517
651 0.000276589 -0.000133392
652 -0.00106193 0.00112073
653 -0.00200341 0.00206494
654 -0.00228401 0.00239427
655 -0.00185955 0.00198279
656 -0.000903236 0.000935077
657 0.000263592 -0.000434838
658 0.00128021 -0.00169552
659 0.00185754 -0.0024351
660 0.00185749 -0.00239898
661 0.00131996 -0.00158111
662 0.000435451 -0.000234845
663 -0.000522424 0.00120402
664 -0.00128034 0.00225919
665 -0.00163965 0.00257417
666 -0.00152306 0.00203608
667 -0.000985484 0.000818748
668 -0.000190805 -0.000672035
669 0.000635953 -0.00193455
670 0.00126816 -0.00254243
671 0.00153501 -0.00229181
672 0.00136461 -0.00127224
673 0.000803174 0.000164212
674 5.18845e-06 0.00152527
675 -0.000804808 0.00234923
676 -0.00139141 0.00236401
677 -0.00157462 0.00157876
678 -0.00128549 0.000276642
679 -0.000593678 -0.00108748
680 0.000304204 -0.00204719
681 0.00113661 -0.00228569
682 0.00163727 -0.00174164
683 0.00163098 -0.000623937
684 0.00109699 0.000667751
685 0.000186488 0.00168658
686 -0.00081645 0.00209441
687 -0.00158219 0.00177501
688 -0.00184484 0.000866239
689 -0.00149672 -0.000297246
690 -0.000633752 -0.00130748
691 0.000467825 -0.00182705
692 0.00143901 -0.00170219
693 0.00194242 -0.00100709
694 0.00179123 -7.27078e-06
695 0.00102009 0.000941363
696 -0.000119221 0.00151938
697 -0.001239 0.00155138
698 -0.00194798 0.00105804
699 -0.00198951 0.000237747
700 -0.00133623 -0.000611785
701 -0.000205809 -0.0012014
702 0.00101076 -0.00134877
703 0.00188485 -0.00103366
704 0.00210267 -0.000393978
705 0.00157955 0.000332208
706 0.000493825 0.00089478
707 -0.000773468 0.00111737
708 -0.00177272 0.000951475
709 -0.00214621 0.000482856
710 -0.00175724 -0.000108223
711 -0.000741114 -0.000615418
712 0.000541387 -0.00087776
713 0.00163199 -0.000829597
714 0.00213921 -0.000514048
715 0.00187978 -5.87582e-05
716 0.000945961 0.000374371
717 -0.000326588 0.00064609
718 -0.00147929 0.000683581
719 -0.00209643 0.000497761
720 -0.00195593 0.000171042
721 -0.00111007 -0.000177206
722 0.000133493 -0.000433554
723 0.00132362 -0.000526575
724 0.0020296 -0.000444982
725 0.00199737 -0.000234069
726 0.00124135 2.56363e-05
727 3.85822e-05 0.000248237
728 -0.00117247 0.000370066
729 -0.00195155 0.00036651
730 -0.0020168 0.000254263
731 -0.00134712 8.04612e-05
732 -0.000189405 -9.58897e-05
733 0.00103201 -0.00022326
734 0.00187078 -0.000271646
735 0.00202184 -0.000237964
736 0.00143266 -0.000142668
737 0.000321787 -2.01678e-05
738 -0.000902088 9.29914e-05
739 -0.00179039 0.000168359
740 -0.00201897 0.00019165
741 -0.00150633 0.00016388
742 -0.000442635 9.83569e-05
743 0.000780554 1.53045e-05
744 0.00171409 -6.3972e-05
745 0.00201578 -0.000121876
746 0.00157571 -0.000147509
747 0.000556417 -0.000137759
748 -0.000666794 -9.68411e-05
749 -0.00164376 -3.47696e-05
750 -0.00201494 3.47696e-05
751 -0.00164376 9.68411e-05
752 -0.000666794 0.000137759
753 0.000556417 0.000147509
754 0.00157571 0.000121876
755 0.00201578 6.3972e-05
756 0.00171409 -1.53045e-05
757 0.000780554 -9.83569e-05
758 -0.000442635 -0.00016388
759 -0.00150633 -0.00019165
760 -0.00201897 -0.000168359
761 -0.00179039 -9.29914e-05
762 -0.000902088 2.01678e-05
763 0.000321787 0.000142668
764 0.00143266 0.000237964
765 0.00202184 0.000271646
766 0.00187078 0.00022326
767 0.00103201 9.58897e-05
768 -0.000189405 -8.04612e-05
769 -0.00134712 -0.000254263
770 -0.0020168 -0.00036651
771 -0.00195155 -0.000370066
772 -0.00117247 -0.000248237
773 3.85822e-05 -2.56363e-05
774 0.00124135 0.000234069
775 0.00199737 0.000444982
776 0.0020296 0.000526575
777 0.00132362 0.000433554
778 0.000133493 0.000177206
779 -0.00111007 -0.000171042
780 -0.00195593 -0.000497761
781 -0.00209643 -0.000683581
782 -0.00147929 -0.00064609
783 -0.000326588 -0.000374371
784 0.000945961 5.87582e-05
785 0.00187978 0.000514048
786 0.00213921 0.000829597
787 0.00163199 0.00087776
788 0.000541387 0.000615418
789 -0.000741114 0.000108223
790 -0.00175724 -0.000482856
791 -0.00214621 -0.000951475
792 -0.00177272 -0.00111737
793 -0.000773468 -0.00089478
794 0.000493825 -0.000332208
795 0.00157955 0.000393978
796 0.00210267 0.00103366
797 0.00188485 0.00134877
798 0.00101076 0.0012014
799 -0.000205809 0.000611785
800 -0.00133623 -0.000237747
801 -0.00198951 -0.00105804
802 -0.00194798 -0.00155138
803 -0.001239 -0.00151938
804 -0.000119221 -0.000941363
805 0.00102009 7.27078e-06
806 0.00179123 0.00100709
807 0.00194242 0.00170219
808 0.00143901 0.00182705
809 0.000467825 0.00130748
810 -0.000633752 0.000297246
811 -0.00149672 -0.000866239
812 -0.00184484 -0.00177501
813 -0.00158219 -0.00209441
814 -0.00081645 -0.00168658
815 0.000186488 -0.000667751
816 0.00109699 0.000623937
817 0.00163098 0.00174164
818 0.00163727 0.00228569
819 0.00113661 0.00204719
820 0.000304204 0.00108748
821 -0.000593678 -0.000276642
822 -0.00128549 -0.00157876
823 -0.00157462 -0.00236401
824 -0.00139141 -0.00234923
825 -0.000804808 -0.00152527
826 5.18845e-06 -0.000164212
827 0.000803174 0.00127224
828 0.00136461 0.00229181
829 0.00153501 0.00254243
830 0.00126816 0.00193455
831 0.000635953 0.000672035
832 -0.000190805 -0.000818748
833 -0.000985484 -0.00203608
834 -0.00152306 -0.00257417
835 -0.00163965 -0.00225919
836 -0.00128034 -0.00120402
837 -0.000522424 0.000234845
838 0.000435451 0.00158111
839 0.00131996 0.00239898
840 0.00185749 0.0024351
841 0.00185754 0.00169552
842 0.00128021 0.000434838
843 0.000263592 -0.000935077
844 -0.000903236 -0.00198279
845 -0.00185955 -0.00239427
846 -0.00228401 -0.00206494
847 -0.00200341 -0.00112073
848 -0.00106193 0.000133392
849 0.000276589 0.00131517
850 0.00160019 0.00208212
851 0.00247586 0.00222767
852 0.00259295 0.00173088
853 0.00187457 0.000750797
854 0.000516481 -0.000427212
855 -0.00106453 -0.00147418
856 -0.0023601 -0.00210561
857 -0.00293673 -0.00215314
858 -0.00258342 -0.00160426
859 -0.00138904 -0.000603219
860 0.000279343 0.000585587
861 0.00189221 0.00164289
862 0.00292969 0.00227457
863 0.00305242 0.00228895
864 0.0022136 0.00165318
865 0.000674607 0.000512896
866 -0.00108036 -0.000834296
867 -0.00250139 -0.00201047
868 -0.00314886 -0.00265987
869 -0.00283046 -0.00255629
870 -0.00165617 -0.00168269
871 3.94497e-06 -0.000254589
872 0.00164167 0.00132743
873 0.00277025 0.00258842
874 0.00306995 0.00312312
875 0.00247542 0.00272885
876 0.00118239 0.0014824
877 -0.000422269 -0.000268753
878 -0.00188035 -0.00200325
879 -0.00279302 -0.00318398
880 -0.00292536 -0.00342818
881 -0.00225935 -0.00263408
882 -0.000987156 -0.00102108
883 0.000547251 0.000932439
884 0.00193945 0.00263535
885 0.00282547 0.00356779
886 0.00296997 0.00344344
887 0.00232356 0.00229769
888 0.00103768 0.000474169
889 -0.000567069 -0.00148434
890 -0.0020746 -0.00300359
891 -0.00307504 -0.00364982
892 -0.00327259 -0.00325273
893 -0.00257259 -0.00194502
894 -0.00112217 -0.00011178
895 0.000712264 0.00172907
896 0.00243213 0.0030757
897 0.00354033 0.00357693
898 0.00368664 0.00311725
899 0.00278149 0.00183501
900 0.00103946 7.54865e-05
901 -0.00106732 -0.00170342
902 -0.00293815 -0.00304687
903 -0.00401945 -0.00361246
904 -0.00397366 -0.00325032
905 -0.00278736 -0.00203851
906 -0.000782447 -0.000267229
907 0.0014751 0.00162541
908 0.00334125 0.00315456
909 0.00428339 0.00390685
910 0.00403508 0.00364985
911 0.00266964 0.00240458
912 0.000573123 0.000457964
913 -0.00167213 -0.00169576
914 -0.00345527 -0.00347684
915 -0.00430536 -0.00437693
916 -0.00401287 -0.00410802
917 -0.00267403 -0.0026979
918 -0.000652088 -0.00049838
919 0.00152716 0.00190217
920 0.00331311 0.00384032
921 0.00426473 0.00476698
922 0.00415112 0.00440763
923 0.00299926 0.00284449
924 0.0010835 0.00049525
925 -0.00113806 -0.00200489
926 -0.00312645 -0.00398211
927 -0.00438447 -0.00491037
928 -0.00457536 -0.00455164
929 -0.00361166 -0.00301221
930 -0.00169113 -0.000703701
931 0.000735245 0.00177495
932 0.00306287 0.00379736
933 0.00468204 0.00486683
934 0.00513969 0.0047316
935 0.00427034 0.00343468
936 0.00225599 0.00129319
937 -0.000407426 -0.00118172
938 -0.00303348 -0.00340306
939 -0.00492714 -0.00483913
940 -0.00557486 -0.00513243
941 -0.00478788 -0.00418395
942 -0.00275673 -0.00218495
943 -6.24663e-07 0.00041432
944 0.002773 0.00299821
945 0.00485775 0.00492632
946 0.00573216 0.0056916
947 0.00518824 0.00505683
948 0.00337353 0.00313084
949 0.000741638 0.000357997
950 -0.00206887 -0.00258276
951 -0.00439147 -0.00494748
952 -0.00568518 -0.00612128
953 -0.00565137 -0.00578363
954 -0.0042934 -0.00399758
955 -0.0019119 -0.00119683
956 0.000960478 0.00192623
957 0.00367149 0.00459997
958 0.00558924 0.0061702
959 0.00624359 0.00626123
960 0.00544012 0.00486062
961 0.00331894 0.00231061
962 0.000339259 -0.000784853
963 -0.00281414 -0.0037084
964 -0.00538653 -0.00579402
965 -0.00673647 -0.00657117
966 -0.00650075 -0.00586087
967 -0.00469598 -0.0038092
968 -0.00172613 -0.000855763
969 0.00171021 0.00235573
970 0.00479074 0.00510942
971 0.00677398 0.0067694
972 0.00718278 0.00692353
973 0.00591851 0.00548725
974 0.00327842 0.00273992
975 -0.000124237 -0.000722113
976 -0.0035116 -0.0041121
977 -0.00612273 -0.00663377
978 -0.0073811 -0.00767369
979 -0.00701278 -0.00695588
980 -0.00509556 -0.00461664
981 -0.00203565 -0.00117791
982 0.00151853 0.0025754
983 0.00480773 0.00578287
984 0.00711515 0.00771225
985 0.00791562 0.00792796
986 0.00699286 0.00638467
987 0.00449908 0.0034274
988 0.000938763 -0.000295515
989 -0.00292734 -0.00398063
990 -0.00624314 -0.00684197
991 -0.00824983 -0.00827146
992 -0.00846509 -0.00795792
993 -0.0068033 -0.00594647
994 -0.00360424 -0.002631
995 0.000439615 0.00131842
996 0.00444036 0.00508283
997 0.00751769 0.00785683
998 0.00899739 0.00901811
999 0.00855811 0.00826938
