0 -0.033484 0.00804995
1 0.000382225 -0.0250636
2 0.0330091 -0.0556542
3 0.0627081 -0.0821132
4 0.0879146 -0.103038
5 0.107284 -0.11732
6 0.119782 -0.124223
7 0.124765 -0.123433
8 0.122036 -0.115096
9 0.111871 -0.0998285
10 0.0950106 -0.0786918
11 0.0726289 -0.0531445
12 0.0462629 -0.0249523
13 0.0177246 0.00392794
14 -0.011013 0.0314853
15 -0.0379477 0.0557993
16 -0.0611929 0.0751804
17 -0.0791229 0.0882962
18 -0.0905045 0.0942761
19 -0.094601 0.0927878
20 -0.091237 0.0840767
21 -0.0808179 0.0689624
22 -0.0643046 0.0487851
23 -0.0431441 0.0253029
24 -0.0191614 0.000546019
25 0.00558342 -0.0233572
26 0.0289655 -0.0443656
27 0.0489804 -0.0607036
28 0.0639277 -0.0710184
29 0.0725726 -0.0745029
30 0.0742652 -0.0709754
31 0.0690043 -0.0609067
32 0.0574378 -0.0453863
33 0.0408027 -0.0260267
34 0.0208094 -0.00480854
35 -0.000518347 0.0161182
36 -0.0210371 0.0346549
37 -0.0386958 0.0489713
38 -0.051747 0.0576937
39 -0.0589351 0.0600452
40 -0.0596363 0.0559254
41 -0.0539299 0.0459222
42 -0.0425891 0.0312533
43 -0.0269933 0.0136398
44 -0.0089704 -0.00488065
45 0.00940816 -0.0221844
46 0.0260582 -0.0363095
47 0.0391161 -0.04569
48 0.0471501 -0.0493432
49 0.0493299 -0.0469843
50 0.045529 -0.0390545
51 0.0363472 -0.0266593
52 0.0230393 -0.0114293
53 0.00735814 0.00468098
54 -0.00867118 0.0196328
55 -0.0230142 0.0315564
56 -0.0338892 0.0389893
57 -0.0399929 0.041069
58 -0.0406615 0.0376509
59 -0.0359488 0.0293297
60 -0.0266142 0.0173567
61 -0.0140212 0.00346105
62 4.34685e-05 -0.0103967
63 0.0136111 -0.0223021
64 0.0248047 -0.0306525
65 0.032106 -0.0343748
66 0.0345761 -0.033067
67 0.0319909 -0.027047
68 0.0248675 -0.0173037
69 0.0143769 -0.00535386
70 0.00215939 0.00697824
71 -0.0099277 0.0178332
72 -0.0200879 0.0256
73 -0.0268492 0.0291676
74 -0.0292777 0.0280979
75 -0.027112 0.0226901
76 -0.0208012 0.0139221
77 -0.0114349 0.00328163
78 -0.000573834 -0.00748343
79 0.0100013 -0.0166491
80 0.018582 -0.022789
81 0.023817 -0.0249943
82 0.0249376 -0.0230114
83 0.0218807 -0.0172759
84 0.0152864 -0.00883803
85 0.00637328 0.00081174
86 -0.00328197 0.00999513
87 -0.0120197 0.0171363
88 -0.0183776 0.0210405
89 -0.0213324 0.021107
90 -0.0204648 0.0174342
91 -0.0160251 0.0107919
92 -0.00888634 0.00246732
93 -0.000390457 -0.00598278
94 0.00789212 -0.0130245
95 0.0144501 -0.0174247
96 0.0181141 -0.0184654
97 0.018278 -0.0160596
98 0.0150117 -0.0107521
99 0.00903794 -0.00361096
100 0.00157994 0.00397416
101 -0.00588942 0.0105508
102 -0.0119403 0.0148779
103 -0.0154607 0.016166
104 -0.0158589 0.014233
105 -0.0131606 0.00954258
106 -0.0079864 0.00310809
107 -0.00142002 -0.0037202
108 0.00520629 -0.00954095
109 0.0105718 -0.0131968
110 0.0136263 -0.014012
111 0.0137998 -0.01192
112 0.0111206 -0.00745758
113 0.0062116 -0.00163179
114 0.000159754 0.00430443
115 -0.00571923 0.00911698
116 -0.0101703 0.011841
117 -0.0122765 0.0119696
118 -0.0116573 0.00954781
119 -0.00854171 0.00515574
120 -0.00369953 -0.000216119
121 0.0017481 -0.00537768
122 0.00658938 -0.00919659
123 0.00979092 -0.0108494
124 0.0107149 -0.0100097
125 0.00924114 -0.00692517
126 0.00577449 -0.00236022
127 0.00114267 0.00258765
128 -0.00359112 0.00675411
129 -0.00736183 0.00918963
130 -0.00933603 0.00938402
131 -0.00909766 0.0073767
132 -0.0067444 0.00372772
133 -0.00286887 -0.000637278
134 0.00157793 -0.00466295
135 0.0055143 -0.00741859
136 0.00799409 -0.00830931
137 0.00844398 -0.0071984
138 0.00680727 -0.00441997
139 0.00355317 -0.000685928
140 -0.000452739 0.00308753
141 -0.00418112 0.00599486
142 -0.00670931 0.00735182
143 -0.00745458 0.00685647
144 -0.00630889 0.00466338
145 -0.00364391 0.0013496
146 -0.000193325 -0.00222544
147 0.00314892 -0.00513716
148 0.00555743 -0.00663748
149 0.00647341 -0.00635637
150 0.00572749 -0.0044046
151 0.0035646 -0.00134399
152 0.000571217 0.0019704
153 -0.00247468 0.00463232
154 -0.00479612 0.0059396
155 -0.00580913 0.00558675
156 -0.00527009 0.00373848
157 -0.00334147 0.000965573
158 -0.000555032 -0.00193277
159 0.00232443 -0.00416265
160 0.00450451 -0.00515429
161 0.0053864 -0.00470481
162 0.00473853 -0.00301072
163 0.00276817 -0.000590459
164 6.41999e-05 0.00187268
165 -0.00257633 0.00371918
166 -0.00438708 0.004483
167 -0.00486278 0.00400228
168 -0.00390778 0.00244854
169 -0.00185588 0.000272321
170 0.000643607 -0.00191929
171 0.00283427 -0.00352324
172 0.00408631 -0.00410113
173 0.00408068 -0.00349975
174 0.00288821 -0.00189837
175 0.000925385 0.000234851
176 -0.00119122 0.00227122
177 -0.00283966 0.00360353
178 -0.00357388 0.00383032
179 -0.00323919 0.00288496
180 -0.00199483 0.00106468
181 -0.000246476 -0.00105609
182 0.00148353 -0.00280548
183 0.00270716 -0.00363117
184 0.00310145 -0.00328223
185 0.00258747 -0.00189285
186 0.00134167 6.32241e-05
187 -0.000259559 0.00193362
188 -0.00174635 0.00310863
189 -0.0026861 0.0032257
190 -0.00280555 0.00228595
191 -0.00207168 0.000643184
192 -0.000706872 -0.00112805
193 0.000870501 -0.00243586
194 0.00216808 -0.0028723
195 0.00277143 -0.00234236
196 0.00247973 -0.00107904
197 0.00137932 0.000454631
198 -0.000174254 0.0017361
199 -0.00166634 0.00236257
200 -0.00259331 0.00217682
201 -0.00263638 0.0013006
202 -0.00177753 7.17625e-05
203 -0.000312826 -0.00108499
204 0.00124623 -0.00180428
205 0.00235162 -0.0018928
206 0.00261504 -0.00137508
207 0.00194955 -0.000464742
208 0.000602873 0.000521011
209 -0.000932199 0.00126994
210 -0.00209844 0.00156988
211 -0.00247937 0.00136318
212 -0.00195197 0.000749521
213 -0.000729336 -5.7429e-05
214 0.000722691 -0.000801573
215 0.00186302 -0.00126141
216 0.0022789 -0.00131133
217 0.00183807 -0.000952533
218 0.00073225 -0.000307634
219 -0.000602929 0.00041804
220 -0.00165898 0.000997644
221 -0.00204922 0.00125029
222 -0.00165209 0.00109633
223 -0.00064918 0.000583975
224 0.000553948 -0.000122344
225 0.00149059 -0.000791101
226 0.00181417 -0.00119725
227 0.00142741 -0.00119794
228 0.000510699 -0.000784718
229 -0.000558014 -9.23919e-05
230 -0.00135743 0.000642032
231 -0.00158859 0.00115912
232 -0.00118702 0.00126917
233 -0.000338985 0.000923712
234 0.000601197 0.000238534
235 0.00125728 -0.000543009
236 0.0013808 -0.00113578
237 0.000945138 -0.00131763
238 0.000148281 -0.00101427
239 -0.000674049 -0.000331056
240 -0.0011877 0.000482272
241 -0.00119468 0.00112276
242 -0.000709253 0.0013479
243 5.3683e-05 0.00106868
244 0.000771188 0.000385845
245 0.00114674 -0.000445874
246 0.00103132 -0.00111306
247 0.000482149 -0.00136248
248 -0.000263888 -0.00109817
249 -0.000890359 -0.000418872
250 -0.00113322 0.000418872
251 -0.000890359 0.00109817
252 -0.000263888 0.00136248
253 0.000482149 0.00111306
254 0.00103132 0.000445874
255 0.00114674 -0.000385845
256 0.000771188 -0.00106868
257 5.3683e-05 -0.0013479
258 -0.000709253 -0.00112276
259 -0.00119468 -0.000482272
260 -0.0011877 0.000331056
261 -0.000674049 0.00101427
262 0.000148281 0.00131763
263 0.000945138 0.00113578
264 0.0013808 0.000543009
265 0.00125728 -0.000238534
266 0.000601197 -0.000923712
267 -0.000338985 -0.00126917
268 -0.00118702 -0.00115912
269 -0.00158859 -0.000642032
270 -0.00135743 9.23919e-05
271 -0.000558014 0.000784718
272 0.000510699 0.00119794
273 0.00142741 0.00119725
274 0.00181417 0.000791101
275 0.00149059 0.000122344
276 0.000553948 -0.000583975
277 -0.00064918 -0.00109633
278 -0.00165209 -0.00125029
279 -0.00204922 -0.000997644
280 -0.00165898 -0.00041804
281 -0.000602929 0.000307634
282 0.00073225 0.000952533
283 0.00183807 0.00131133
284 0.0022789 0.00126141
285 0.00186302 0.000801573
286 0.000722691 5.7429e-05
287 -0.000729336 -0.000749521
288 -0.00195197 -0.00136318
289 -0.00247937 -0.00156988
290 -0.00209844 -0.00126994
291 -0.000932199 -0.000521011
292 0.000602873 0.000464742
293 0.00194955 0.00137508
294 0.00261504 0.0018928
295 0.00235162 0.00180428
296 0.00124623 0.00108499
297 -0.000312826 -7.17625e-05
298 -0.00177753 -0.0013006
299 -0.00263638 -0.00217682
300 -0.00259331 -0.00236257
301 -0.00166634 -0.0017361
302 -0.000174254 -0.000454631
303 0.00137932 0.00107904
304 0.00247973 0.00234236
305 0.00277143 0.0028723
306 0.00216808 0.00243586
307 0.000870501 0.00112805
308 -0.000706872 -0.000643184
309 -0.00207168 -0.00228595
310 -0.00280555 -0.0032257
311 -0.0026861 -0.00310863
312 -0.00174635 -0.00193362
313 -0.000259559 -6.32241e-05
314 0.00134167 0.00189285
315 0.00258747 0.00328223
316 0.00310145 0.00363117
317 0.00270716 0.00280548
318 0.00148353 0.00105609
319 -0.000246476 -0.00106468
320 -0.00199483 -0.00288496
321 -0.00323919 -0.00383032
322 -0.00357388 -0.00360353
323 -0.00283966 -0.00227122
324 -0.00119122 -0.000234851
325 0.000925385 0.00189837
326 0.00288821 0.00349975
327 0.00408068 0.00410113
328 0.00408631 0.00352324
329 0.00283427 0.00191929
330 0.000643607 -0.000272321
331 -0.00185588 -0.00244854
332 -0.00390778 -0.00400228
333 -0.00486278 -0.004483
334 -0.00438708 -0.00371918
335 -0.00257633 -0.00187268
336 6.41999e-05 0.000590459
337 0.00276817 0.00301072
338 0.00473853 0.00470481
339 0.0053864 0.00515429
340 0.00450451 0.00416265
341 0.00232443 0.00193277
342 -0.000555032 -0.000965573
343 -0.00334147 -0.00373848
344 -0.00527009 -0.00558675
345 -0.00580913 -0.0059396
346 -0.00479612 -0.00463232
347 -0.00247468 -0.0019704
348 0.000571217 0.00134399
349 0.0035646 0.0044046
350 0.00572749 0.00635637
351 0.00647341 0.00663748
352 0.00555743 0.00513716
353 0.00314892 0.00222544
354 -0.000193325 -0.0013496
355 -0.00364391 -0.00466338
356 -0.00630889 -0.00685647
357 -0.00745458 -0.00735182
358 -0.00670931 -0.00599486
359 -0.00418112 -0.00308753
360 -0.000452739 0.000685928
361 0.00355317 0.00441997
362 0.00680727 0.0071984
363 0.00844398 0.00830931
364 0.00799409 0.00741859
365 0.0055143 0.00466295
366 0.00157793 0.000637278
367 -0.00286887 -0.00372772
368 -0.0067444 -0.0073767
369 -0.00909766 -0.00938402
370 -0.00933603 -0.00918963
371 -0.00736183 -0.00675411
372 -0.00359112 -0.00258765
373 0.00114267 0.00236022
374 0.00577449 0.00692517
375 0.00924114 0.0100097
376 0.0107149 0.0108494
377 0.00979092 0.00919659
378 0.00658938 0.00537768
379 0.0017481 0.000216119
380 -0.00369953 -0.00515574
381 -0.00854171 -0.00954781
382 -0.0116573 -0.0119696
383 -0.0122765 -0.011841
384 -0.0101703 -0.00911698
385 -0.00571923 -0.00430443
386 0.000159754 0.00163179
387 0.0062116 0.00745758
388 0.0111206 0.01192
389 0.0137998 0.014012
390 0.0136263 0.0131968
391 0.0105718 0.00954095
392 0.00520629 0.0037202
393 -0.00142002 -0.00310809
394 -0.0079864 -0.00954258
395 -0.0131606 -0.014233
396 -0.0158589 -0.016166
397 -0.0154607 -0.0148779
398 -0.0119403 -0.0105508
399 -0.00588942 -0.00397416
400 0.00157994 0.00361096
401 0.00903794 0.0107521
402 0.0150117 0.0160596
403 0.018278 0.0184654
404 0.0181141 0.0174247
405 0.0144501 0.0130245
406 0.00789212 0.00598278
407 -0.000390457 -0.00246732
408 -0.00888634 -0.0107919
409 -0.0160251 -0.0174342
410 -0.0204648 -0.021107
411 -0.0213324 -0.0210405
412 -0.0183776 -0.0171363
413 -0.0120197 -0.00999513
414 -0.00328197 -0.00081174
415 0.00637328 0.00883803
416 0.0152864 0.0172759
417 0.0218807 0.0230114
418 0.0249376 0.0249943
419 0.023817 0.022789
420 0.018582 0.0166491
421 0.0100013 0.00748343
422 -0.000573834 -0.00328163
423 -0.0114349 -0.0139221
424 -0.0208012 -0.0226901
425 -0.027112 -0.0280979
426 -0.0292777 -0.0291676
427 -0.0268492 -0.0256
428 -0.0200879 -0.0178332
429 -0.0099277 -0.00697824
430 0.00215939 0.00535386
431 0.0143769 0.0173037
432 0.0248675 0.027047
433 0.0319909 0.033067
434 0.0345761 0.0343748
435 0.032106 0.0306525
436 0.0248047 0.0223021
437 0.0136111 0.0103967
438 4.34685e-05 -0.00346105
439 -0.0140212 -0.0173567
440 -0.0266142 -0.0293297
441 -0.0359488 -0.0376509
442 -0.0406615 -0.041069
443 -0.0399929 -0.0389893
444 -0.0338892 -0.0315564
445 -0.0230142 -0.0196328
446 -0.00867118 -0.00468098
447 0.00735814 0.0114293
448 0.0230393 0.0266593
449 0.0363472 0.0390545
450 0.045529 0.0469843
451 0.0493299 0.0493432
452 0.0471501 0.04569
453 0.0391161 0.0363095
454 0.0260582 0.0221844
455 0.00940816 0.00488065
456 -0.0089704 -0.0136398
457 -0.0269933 -0.0312533
458 -0.0425891 -0.0459222
459 -0.0539299 -0.0559254
460 -0.0596363 -0.0600452
461 -0.0589351 -0.0576937
462 -0.051747 -0.0489713
463 -0.0386958 -0.0346549
464 -0.0210371 -0.0161182
465 -0.000518347 0.00480854
466 0.0208094 0.0260267
467 0.0408027 0.0453863
468 0.0574378 0.0609067
469 0.0690043 0.0709754
470 0.0742652 0.0745029
471 0.0725726 0.0710184
472 0.0639277 0.0607036
473 0.0489804 0.0443656
474 0.0289655 0.0233572
475 0.00558342 -0.000546019
476 -0.0191614 -0.0253029
477 -0.0431441 -0.0487851
478 -0.0643046 -0.0689624
479 -0.0808179 -0.0840767
480 -0.091237 -0.0927878
481 -0.094601 -0.0942761
482 -0.0905045 -0.0882962
483 -0.0791229 -0.0751804
484 -0.0611929 -0.0557993
485 -0.0379477 -0.0314853
486 -0.011013 -0.00392794
487 0.0177246 0.0249523
488 0.0462629 0.0531445
489 0.0726289 0.0786918
490 0.0950106 0.0998285
491 0.111871 0.115096
492 0.122036 0.123433
493 0.124765 0.124223
494 0.119782 0.11732
495 0.107284 0.103038
496 0.0879146 0.0821132
497 0.0627081 0.0556542
498 0.0330091 0.0250636
499 0.000382225 -0.00804995
500 -0.033484 -0.0419704
501 -0.0668704 -0.0749753
502 -0.0981154 -0.105428
503 -0.125694 -0.131858
504 -0.14829 -0.15302
505 -0.164849 -0.167941
506 -0.17462 -0.175945
507 -0.177172 -0.176672
508 -0.172389 -0.170077
509 -0.160458 -0.156409
510 -0.141828 -0.136188
511 -0.11718 -0.110154
512 -0.0873836 -0.0792239
513 -0.0534461 -0.0444309
514 -0.0164672 -0.00688126
515 0.0224151 0.0322944
516 0.0620742 0.0719823
517 0.101438 0.111125
518 0.139522 0.148757
519 0.175457 0.184032
520 0.208501 0.216244
521 0.238056 0.244837
522 0.263668 0.269405
523 0.285035 0.289684
524 0.302 0.30555
525 0.314541 0.317004
526 0.322754 0.324161
527 0.326833 0.327237
528 0.327049 0.326528
529 0.323739 0.32239
530 0.317285 0.315218
531 0.308102 0.305429
532 0.296621 0.293449
533 0.283274 0.279702
534 0.26848 0.264601
535 0.252631 0.248539
536 0.236092 0.231876
537 0.219191 0.214938
538 0.202225 0.198005
539 0.185451 0.181321
540 0.169087 0.165089
541 0.153311 0.149476
542 0.13826 0.134617
543 0.124036 0.120609
544 0.11071 0.107519
545 0.0983265 0.0953842
546 0.0869101 0.0842158
547 0.0764634 0.0740085
548 0.0669699 0.0647426
549 0.0583972 0.0563873
550 0.0507011 0.0489011
551 0.0438306 0.0422329
552 0.0377317 0.036325
553 0.0323492 0.0311164
554 0.0276257 0.0265467
555 0.0235025 0.0225583
556 0.0199197 0.0190961
557 0.016819 0.0161068
558 0.0141463 0.0135377
559 0.011853 0.0113381
560 0.00989577 0.00946087
561 0.00823423 0.00786462
562 0.00683015 0.00651364
563 0.00564726 0.00537674
564 0.00465273 0.00442528
565 0.00381862 0.00363204
566 0.00312219 0.00297173
567 0.00254457 0.00242237
568 0.00206881 0.00196635
569 0.00167858 0.0015901
570 0.00135841 0.00128249
571 0.00109493 0.001033
572 0.000878049 0.000831016
573 0.000700821 0.000666574
574 0.000558068 0.000531716
575 0.000444676 0.000421242
576 0.000354813 0.000332126
577 0.000282539 0.000261975
578 0.000223169 0.000207679
579 0.000174167 0.000165235
580 0.000134786 0.000130766
581 0.000104677 0.000101795
582 8.25844e-05 7.76959e-05
583 6.60859e-05 5.89147e-05
584 5.25396e-05 4.55768e-05
585 4.03719e-05 3.6585e-05
586 2.96271e-05 2.98878e-05
587 2.13215e-05 2.36441e-05
588 1.61404e-05 1.72908e-05
589 1.35345e-05 1.16269e-05
590 1.19225e-05 7.85174e-06
591 9.78456e-06 6.35699e-06
592 6.71979e-06 6.25771e-06
593 3.59586e-06 6.02112e-06
594 1.68877e-06 4.64077e-06
595 1.53838e-06 2.36768e-06
596 2.45931e-06 4.00688e-07
597 3.08626e-06 -1.83934e-07
598 2.47539e-06 6.4136e-07
599 8.38213e-07 1.83524e-06
600 -6.90447e-07 2.16181e-06
601 -1.03692e-06 1.20445e-06
602 -9.29466e-08 -3.29466e-07
603 1.20897e-06 -1.24497e-06
604 1.69219e-06 -8.77892e-07
605 9.1851e-07 3.64516e-07
606 -4.70481e-07 1.37468e-06
607 -1.3252e-06 1.28797e-06
608 -9.70706e-07 1.92668e-07
609 2.37219e-07 -9.77756e-07
610 1.24057e-06 -1.25415e-06
611 1.19137e-06 -4.4466e-07
612 1.59962e-07 7.28448e-07
613 -9.54416e-07 1.26244e-06
614 -1.21172e-06 7.2474e-07
615 -4.28263e-07 -3.99954e-07
616 6.93319e-07 -1.14497e-06
617 1.18987e-06 -8.92426e-07
618 6.62934e-07 1.12417e-07
619 -4.03681e-07 9.92059e-07
620 -1.08599e-06 1.00001e-06
621 -8.19675e-07 1.54505e-07
622 1.33748e-07 -7.96312e-07
623 9.38471e-07 -1.03418e-06
624 9.14987e-07 -3.7576e-07
625 1.1267e-07 5.85444e-07
626 -7.5704e-07 1.0113e-06
627 -9.49063e-07 5.50235e-07
628 -3.21819e-07 -3.71219e-07
629 5.60488e-07 -9.40076e-07
630 9.32309e-07 -6.7438e-07
631 4.89567e-07 1.67217e-07
632 -3.61619e-07 8.33355e-07
633 -8.73981e-07 7.50595e-07
634 -6.13611e-07 1.79082e-08
635 1.71867e-07 -7.02456e-07
636 7.84718e-07 -7.8301e-07
637 6.9527e-07 -1.77986e-07
638 6.22534e-10 5.58112e-07
639 -6.7447e-07 7.77739e-07
640 -7.37831e-07 3.09802e-07
641 -1.5027e-07 -4.09454e-07
642 5.52346e-07 -7.41704e-07
643 7.46117e-07 -4.12382e-07
644 2.73994e-07 2.63971e-07
645 -4.26109e-07 6.82113e-07
646 -7.25741e-07 4.86586e-07
647 -3.70764e-07 -1.27392e-07
648 3.02052e-07 -6.05916e-07
649 6.82609e-07 -5.34585e-07
650 4.41203e-07 3.79038e-09
651 -1.84957e-07 5.19463e-07
652 -6.22494e-07 5.5942e-07
653 -4.87149e-07 1.04259e-07
654 7.81848e-08 -4.28271e-07
655 5.5075e-07 -5.64605e-07
656 5.11272e-07 -1.95458e-07
657 1.61714e-08 3.36915e-07
658 -4.72116e-07 5.53807e-07
659 -5.16726e-07 2.69542e-07
660 -9.70896e-08 -2.49002e-07
661 3.90617e-07 -5.3061e-07
662 5.06862e-07 -3.27045e-07
663 1.64407e-07 1.67204e-07
664 -3.09532e-07 4.98333e-07
665 -4.85007e-07 3.69076e-07
666 -2.18613e-07 -9.33484e-08
667 2.31415e-07 -4.59928e-07
668 4.54301e-07 -3.97123e-07
669 2.6066e-07 2.85269e-08
670 -1.58148e-07 4.17915e-07
671 -4.17585e-07 4.12892e-07
672 -2.91792e-07 2.67831e-08
673 9.10229e-08 -3.7437e-07
674 3.77335e-07 -4.18171e-07
675 3.13414e-07 -7.25929e-08
676 -3.08256e-08 3.30933e-07
677 -3.35636e-07 4.14735e-07
678 -3.26977e-07 1.09284e-07
679 -2.20712e-08 -2.88845e-07
680 2.9418e-07 -4.04268e-07
681 3.33899e-07 -1.37503e-07
682 6.76211e-08 2.48993e-07
683 -2.54284e-07 3.88322e-07
684 -3.35508e-07 1.58066e-07
685 -1.06025e-07 -2.11962e-07
686 2.16927e-07 -3.68281e-07
687 3.33003e-07 -1.71887e-07
688 1.37662e-07 1.7809e-07
689 -1.82786e-07 3.45354e-07
690 -3.27438e-07 1.79913e-07
691 -1.6303e-07 -1.47517e-07
692 1.52287e-07 -3.20568e-07
693 3.1971e-07 -1.83077e-07
694 1.82698e-07 1.20234e-07
695 -1.25644e-07 2.94779e-07
696 -3.1057e-07 1.82265e-07
697 -1.97265e-07 -9.61248e-08
698 1.02904e-07 -2.68683e-07
699 3.00624e-07 -1.78291e-07
700 2.07338e-07 7.49993e-08
701 -8.39879e-08 2.42829e-07
702 -2.90351e-07 1.71884e-07
703 -2.13502e-07 -5.66222e-08
704 6.87212e-08 -2.17641e-07
705 2.8012e-07 -1.63679e-07
706 2.16314e-07 4.07358e-08
707 -5.68657e-08 1.9343e-07
708 -2.70205e-07 1.54218e-07
709 -2.16285e-07 -2.7077e-08
710 4.81433e-08 -1.70412e-07
711 2.608e-07 -1.43949e-07
712 2.13881e-07 1.53896e-08
713 -4.22558e-08 1.48727e-07
714 -2.52037e-07 1.33235e-07
715 -2.09517e-07 -5.43238e-09
716 3.89e-08 -1.28447e-07
717 2.43996e-07 -1.22358e-07
718 2.03562e-07 -3.01487e-09
719 -3.77797e-08 1.09593e-07
720 -2.36721e-07 1.11529e-07
721 -1.96335e-07 1.01491e-08
722 3.86135e-08 -9.21448e-08
723 2.30228e-07 -1.00894e-07
724 1.88112e-07 -1.61427e-08
725 -4.11403e-08 7.60465e-08
726 -2.24513e-07 9.0546e-08
727 -1.79131e-07 2.11438e-08
728 4.51227e-08 -6.12182e-08
729 2.19558e-07 -8.05299e-08
730 1.69591e-07 -2.52775e-08
731 -5.03482e-08 4.75601e-08
732 -2.1534e-07 7.08515e-08
733 -1.59664e-07 2.86475e-08
734 5.66288e-08 -3.49584e-08
735 2.1183e-07 -6.14836e-08
736 1.49493e-07 -3.13381e-08
737 -6.38003e-08 2.32889e-08
738 -2.09003e-07 5.23718e-08
739 -1.39202e-07 3.34159e-08
740 7.172e-08 -1.24211e-08
741 2.06832e-07 -4.34399e-08
742 1.28897e-07 -3.49319e-08
743 -8.02638e-08 2.22048e-09
744 -2.05297e-07 3.45942e-08
745 -1.18672e-07 3.59228e-08
746 8.93232e-08 7.44854e-09
747 2.04383e-07 -2.57272e-08
748 1.08613e-07 -3.64124e-08
749 -9.88022e-08 -1.67206e-08
750 -2.04079e-07 1.67206e-08
751 -9.88022e-08 3.64124e-08
752 1.08613e-07 2.57272e-08
753 2.04383e-07 -7.44854e-09
754 8.93232e-08 -3.59228e-08
755 -1.18672e-07 -3.45942e-08
756 -2.05297e-07 -2.22048e-09
757 -8.02638e-08 3.49319e-08
758 1.28897e-07 4.34399e-08
759 2.06832e-07 1.24211e-08
760 7.172e-08 -3.34159e-08
761 -1.39202e-07 -5.23718e-08
762 -2.09003e-07 -2.32889e-08
763 -6.38003e-08 3.13381e-08
764 1.49493e-07 6.14836e-08
765 2.1183e-07 3.49584e-08
766 5.66288e-08 -2.86475e-08
767 -1.59664e-07 -7.08515e-08
768 -2.1534e-07 -4.75601e-08
769 -5.03482e-08 2.52775e-08
770 1.69591e-07 8.05299e-08
771 2.19558e-07 6.12182e-08
772 4.51227e-08 -2.11438e-08
773 -1.79131e-07 -9.0546e-08
774 -2.24513e-07 -7.60465e-08
775 -4.11403e-08 1.61427e-08
776 1.88112e-07 1.00894e-07
777 2.30228e-07 9.21448e-08
778 3.86135e-08 -1.01491e-08
779 -1.96335e-07 -1.11529e-07
780 -2.36721e-07 -1.09593e-07
781 -3.77797e-08 3.01487e-09
782 2.03562e-07 1.22358e-07
783 2.43996e-07 1.28447e-07
784 3.89e-08 5.43238e-09
785 -2.09517e-07 -1.33235e-07
786 -2.52037e-07 -1.48727e-07
787 -4.22558e-08 -1.53896e-08
788 2.13881e-07 1.43949e-07
789 2.608e-07 1.70412e-07
790 4.81433e-08 2.7077e-08
791 -2.16285e-07 -1.54218e-07
792 -2.70205e-07 -1.9343e-07
793 -5.68657e-08 -4.07358e-08
794 2.16314e-07 1.63679e-07
795 2.8012e-07 2.17641e-07
796 6.87212e-08 5.66222e-08
797 -2.13502e-07 -1.71884e-07
798 -2.90351e-07 -2.42829e-07
799 -8.39879e-08 -7.49993e-08
800 2.07338e-07 1.78291e-07
801 3.00624e-07 2.68683e-07
802 1.02904e-07 9.61248e-08
803 -1.97265e-07 -1.82265e-07
804 -3.1057e-07 -2.94779e-07
805 -1.25644e-07 -1.20234e-07
806 1.82698e-07 1.83077e-07
807 3.1971e-07 3.20568e-07
808 1.52287e-07 1.47517e-07
809 -1.6303e-07 -1.79913e-07
810 -3.27438e-07 -3.45354e-07
811 -1.82786e-07 -1.7809e-07
812 1.37662e-07 1.71887e-07
813 3.33003e-07 3.68281e-07
814 2.16927e-07 2.11962e-07
815 -1.06025e-07 -1.58066e-07
816 -3.35508e-07 -3.88322e-07
817 -2.54284e-07 -2.48993e-07
818 6.76211e-08 1.37503e-07
819 3.33899e-07 4.04268e-07
820 2.9418e-07 2.88845e-07
821 -2.20712e-08 -1.09284e-07
822 -3.26977e-07 -4.14735e-07
823 -3.35636e-07 -3.30933e-07
824 -3.08256e-08 7.25929e-08
825 3.13414e-07 4.18171e-07
826 3.77335e-07 3.7437e-07
827 9.10229e-08 -2.67831e-08
828 -2.91792e-07 -4.12892e-07
829 -4.17585e-07 -4.17915e-07
830 -1.58148e-07 -2.85269e-08
831 2.6066e-07 3.97123e-07
832 4.54301e-07 4.59928e-07
833 2.31415e-07 9.33484e-08
834 -2.18613e-07 -3.69076e-07
835 -4.85007e-07 -4.98333e-07
836 -3.09532e-07 -1.67204e-07
837 1.64407e-07 3.27045e-07
838 5.06862e-07 5.3061e-07
839 3.90617e-07 2.49002e-07
840 -9.70896e-08 -2.69542e-07
841 -5.16726e-07 -5.53807e-07
842 -4.72116e-07 -3.36915e-07
843 1.61714e-08 1.95458e-07
844 5.11272e-07 5.64605e-07
845 5.5075e-07 4.28271e-07
846 7.81848e-08 -1.04259e-07
847 -4.87149e-07 -5.5942e-07
848 -6.22494e-07 -5.19463e-07
849 -1.84957e-07 -3.79038e-09
850 4.41203e-07 5.34585e-07
851 6.82609e-07 6.05916e-07
852 3.02052e-07 1.27392e-07
853 -3.70764e-07 -4.86586e-07
854 -7.25741e-07 -6.82113e-07
855 -4.26109e-07 -2.63971e-07
856 2.73994e-07 4.12382e-07
857 7.46117e-07 7.41704e-07
858 5.52346e-07 4.09454e-07
859 -1.5027e-07 -3.09802e-07
860 -7.37831e-07 -7.77739e-07
861 -6.7447e-07 -5.58112e-07
862 6.22533e-10 1.77986e-07
863 6.9527e-07 7.8301e-07
864 7.84718e-07 7.02456e-07
865 1.71867e-07 -1.79082e-08
866 -6.13611e-07 -7.50595e-07
867 -8.73981e-07 -8.33355e-07
868 -3.61619e-07 -1.67217e-07
869 4.89567e-07 6.7438e-07
870 9.32309e-07 9.40076e-07
871 5.60488e-07 3.71219e-07
872 -3.21819e-07 -5.50235e-07
873 -9.49063e-07 -1.0113e-06
874 -7.5704e-07 -5.85444e-07
875 1.1267e-07 3.7576e-07
876 9.14987e-07 1.03418e-06
877 9.38471e-07 7.96312e-07
878 1.33748e-07 -1.54505e-07
879 -8.19675e-07 -1.00001e-06
880 -1.08599e-06 -9.92059e-07
881 -4.03681e-07 -1.12417e-07
882 6.62934e-07 8.92426e-07
883 1.18987e-06 1.14497e-06
884 6.93319e-07 3.99954e-07
885 -4.28263e-07 -7.2474e-07
886 -1.21172e-06 -1.26244e-06
887 -9.54416e-07 -7.28448e-07
888 1.59962e-07 4.4466e-07
889 1.19137e-06 1.25415e-06
890 1.24057e-06 9.77756e-07
891 2.37219e-07 -1.92668e-07
892 -9.70706e-07 -1.28797e-06
893 -1.3252e-06 -1.37468e-06
894 -4.70481e-07 -3.64516e-07
895 9.1851e-07 8.77892e-07
896 1.69219e-06 1.24497e-06
897 1.20897e-06 3.29466e-07
898 -9.29466e-08 -1.20445e-06
899 -1.03692e-06 -2.16181e-06
900 -6.90447e-07 -1.83524e-06
901 8.38213e-07 -6.4136e-07
902 2.47539e-06 1.83934e-07
903 3.08626e-06 -4.00688e-07
904 2.45931e-06 -2.36768e-06
905 1.53838e-06 -4.64077e-06
906 1.68877e-06 -6.02112e-06
907 3.59586e-06 -6.25771e-06
908 6.71979e-06 -6.35699e-06
909 9.78456e-06 -7.85174e-06
910 1.19225e-05 -1.16269e-05
911 1.35345e-05 -1.72908e-05
912 1.61404e-05 -2.36441e-05
913 2.13215e-05 -2.98878e-05
914 2.96271e-05 -3.6585e-05
915 4.03719e-05 -4.55768e-05
916 5.25396e-05 -5.89147e-05
917 6.60859e-05 -7.76959e-05
918 8.25844e-05 -0.000101795
919 0.000104677 -0.000130766
920 0.000134786 -0.000165235
921 0.000174167 -0.000207679
922 0.000223169 -0.000261975
923 0.000282539 -0.000332126
924 0.000354813 -0.000421242
925 0.000444676 -0.000531716
926 0.000558068 -0.000666574
927 0.000700821 -0.000831016
928 0.000878049 -0.001033
929 0.00109493 -0.00128249
930 0.00135841 -0.0015901
931 0.00167858 -0.00196635
932 0.00206881 -0.00242237
933 0.00254457 -0.00297173
934 0.00312219 -0.00363204
935 0.00381862 -0.00442528
936 0.00465273 -0.00537674
937 0.00564726 -0.00651364
938 0.00683015 -0.00786462
939 0.00823423 -0.00946087
940 0.00989577 -0.0113381
941 0.011853 -0.0135377
942 0.0141463 -0.0161068
943 0.016819 -0.0190961
944 0.0199197 -0.0225583
945 0.0235025 -0.0265467
946 0.0276257 -0.0311164
947 0.0323492 -0.036325
948 0.0377317 -0.0422329
949 0.0438306 -0.0489011
950 0.0507011 -0.0563873
951 0.0583972 -0.0647426
952 0.0669699 -0.0740085
953 0.0764634 -0.0842158
954 0.0869101 -0.0953842
955 0.0983265 -0.107519
956 0.11071 -0.120609
957 0.124036 -0.134617
958 0.13826 -0.149476
959 0.153311 -0.165089
960 0.169087 -0.181321
961 0.185451 -0.198005
962 0.202225 -0.214938
963 0.219191 -0.231876
964 0.236092 -0.248539
965 0.252631 -0.264601
966 0.26848 -0.279702
967 0.283274 -0.293449
968 0.296621 -0.305429
969 0.308102 -0.315218
970 0.317285 -0.32239
971 0.323739 -0.326528
972 0.327049 -0.327237
973 0.326833 -0.324161
974 0.322754 -0.317004
975 0.314541 -0.30555
976 0.302 -0.289684
977 0.285035 -0.269405
978 0.263668 -0.244837
979 0.238056 -0.216244
980 0.208501 -0.184032
981 0.175457 -0.148757
982 0.139522 -0.111125
983 0.101438 -0.0719823
984 0.0620742 -0.0322944
985 0.0224151 0.00688126
986 -0.0164672 0.0444309
987 -0.0534461 0.0792239
988 -0.0873836 0.110154
989 -0.11718 0.136188
990 -0.141828 0.156409
991 -0.160458 0.170077
992 -0.172389 0.176672
993 -0.177172 0.175945
994 -0.17462 0.167941
995 -0.164849 0.15302
996 -0.14829 0.131858
997 -0.125694 0.105428
998 -0.0981154 0.0749753
999 -0.0668704 0.0419704
