0 0.00497515 -0.00605423
1 0.00601531 -0.00712396
2 0.00729948 -0.00832662
3 0.00879844 -0.0097497
4 0.010476 -0.0114843
5 0.0123218 -0.0135938
6 0.0143733 -0.0160972
7 0.0167142 -0.0189766
8 0.0194515 -0.0222045
9 0.0226801 -0.0257783
10 0.0264549 -0.0297428
11 0.030783 -0.0341905
12 0.0356409 -0.0392381
13 0.0410082 -0.0449894
14 0.0468997 -0.0515041
15 0.0533801 -0.0587872
16 0.060552 -0.0668031
17 0.0685236 -0.0755094
18 0.0773691 -0.0848902
19 0.0871026 -0.0949727
20 0.0976767 -0.105818
21 0.109006 -0.117487
22 0.121004 -0.13
23 0.13361 -0.143305
24 0.146804 -0.157271
25 0.160579 -0.171716
26 0.174904 -0.186438
27 0.189686 -0.201253
28 0.204745 -0.216008
29 0.21982 -0.230568
30 0.234603 -0.244778
31 0.248781 -0.258422
32 0.262073 -0.271203
33 0.274235 -0.282746
34 0.285041 -0.292636
35 0.294249 -0.300466
36 0.301566 -0.305884
37 0.306635 -0.308612
38 0.309058 -0.308439
39 0.308447 -0.305192
40 0.304476 -0.298696
41 0.29693 -0.288771
42 0.285718 -0.275241
43 0.270858 -0.257983
44 0.252444 -0.236987
45 0.230608 -0.212402
46 0.205515 -0.184552
47 0.177374 -0.153922
48 0.146492 -0.121107
49 0.113313 -0.0867618
50 0.0784562 -0.0515653
51 0.0427035 -0.0162095
52 0.00695751 0.0185805
53 -0.027829 0.0520176
54 -0.0607247 0.083237
55 -0.0908706 0.111313
56 -0.117499 0.135314
57 -0.139922 0.154386
58 -0.157517 0.167843
59 -0.169716 0.175228
60 -0.176033 0.176348
61 -0.17612 0.171256
62 -0.169843 0.160217
63 -0.157356 0.143664
64 -0.139129 0.122178
65 -0.115943 0.0964941
66 -0.0888285 0.0675256
67 -0.0589824 0.0363876
68 -0.0276787 0.00439411
69 0.00379443 -0.0269914
70 0.034169 -0.0562511
71 0.0622072 -0.0819377
72 0.086708 -0.102801
73 0.106535 -0.117883
74 0.120677 -0.126573
75 0.128345 -0.128603
76 0.129075 -0.124025
77 0.122821 -0.113168
78 0.109995 -0.0966195
79 0.0914448 -0.0752214
80 0.0683791 -0.050084
81 0.0422471 -0.0225865
82 0.014616 0.00565736
83 -0.0129327 0.0328862
84 -0.0388743 0.0573294
85 -0.0617832 0.0773754
86 -0.0803664 0.091735
87 -0.0935103 0.0995652
88 -0.100354 0.100528
89 -0.100389 0.0947841
90 -0.0935575 0.0829292
91 -0.0803261 0.0659119
92 -0.0616971 0.044949
93 -0.0391417 0.0214609
94 -0.0144613 -0.00297774
95 0.0104 -0.0266886
96 0.0335517 -0.0479636
97 0.0533251 -0.0651782
98 0.068389 -0.0769428
99 0.0778083 -0.08227
100 0.0810592 -0.0807228
101 0.0780245 -0.0725023
102 0.0689898 -0.0584487
103 0.0546483 -0.039948
104 0.0361031 -0.0187636
105 0.0148449 0.00317256
106 -0.00732028 0.0239649
107 -0.0284108 0.0419214
108 -0.0464684 0.055667
109 -0.05979 0.0642061
110 -0.0671485 0.0669525
111 -0.0679542 0.0637485
112 -0.0623222 0.0548859
113 -0.0510343 0.0411242
114 -0.0354086 0.0236875
115 -0.0171121 0.00421363
116 0.00204089 -0.015367
117 0.020269 -0.0330247
118 0.0359619 -0.046877
119 0.0477771 -0.0554447
120 0.0547096 -0.0578664
121 0.0561524 -0.0540229
122 0.0519584 -0.0445442
123 0.042496 -0.0306984
124 0.0286784 -0.0141912
125 0.0119357 0.0030777
126 -0.00589455 0.0192529
127 -0.0227629 0.032716
128 -0.0366716 0.042216
129 -0.0459622 0.0469394
130 -0.0495686 0.0465383
131 -0.0471814 0.0411359
132 -0.0392872 0.0313214
133 -0.0270731 0.0181297
134 -0.0122225 0.0029911
135 0.00335107 -0.0123725
136 0.0177763 -0.0261156
137 0.0294521 -0.036497
138 0.0372033 -0.0421372
139 0.0403559 -0.0422562
140 0.038749 -0.0368367
141 0.0327041 -0.0266648
142 0.0229749 -0.0132282
143 0.0106854 0.00151749
144 -0.00274962 0.0154688
145 -0.015734 0.0267155
146 -0.0266436 0.0338338
147 -0.0340228 0.0360757
148 -0.0368037 0.0334274
149 -0.0345078 0.0265417
150 -0.027381 0.0165757
151 -0.0164161 0.00498147
152 -0.00323723 -0.006706
153 0.0101456 -0.0170495
154 0.0216735 -0.0248454
155 0.0295981 -0.0292183
156 0.032789 -0.0296857
157 0.0309219 -0.0262034
158 0.0245094 -0.0191916
159 0.0147721 -0.00952889
160 0.00338705 0.00150518
161 -0.00782808 0.0123573
162 -0.0172238 0.0214001
163 -0.023562 0.0271851
164 -0.0261574 0.0287085
165 -0.0249087 0.0256303
166 -0.0202392 0.0183896
167 -0.0129777 0.00817425
168 -0.00421467 -0.00326539
169 0.00483894 -0.0139308
170 0.0129809 -0.0219555
171 0.0191336 -0.0259699
172 0.0224537 -0.025367
173 0.0224373 -0.0204113
174 0.0190115 -0.0121644
175 0.0125934 -0.00225
176 0.00408774 0.00748714
177 -0.00519836 0.0153476
178 -0.0137329 0.0200893
179 -0.0200117 0.0211227
180 -0.0228454 0.0185594
181 -0.0216191 0.0131206
182 -0.0164603 0.00594144
183 -0.00826436 -0.00167266
184 0.0014459 -0.0084831
185 0.0108067 -0.0135039
186 0.0179909 -0.0161138
187 0.0215944 -0.0160938
188 0.0209401 -0.0136037
189 0.0162277 -0.0091216
190 0.00849138 -0.00336339
191 -0.000629341 0.00280621
192 -0.00924984 0.00846848
193 -0.0156499 0.0127548
194 -0.0186365 0.01496
195 -0.0177783 0.0146579
196 -0.0134626 0.0118002
197 -0.00676931 0.00677152
198 0.000800108 0.000376347
199 0.00766837 -0.00626199
200 0.0125203 -0.0118854
201 0.0145573 -0.0153434
202 0.0136183 -0.0158446
203 0.0101526 -0.0131598
204 0.0050666 -0.00771904
205 -0.000510079 -0.000566774
206 -0.00547558 0.00682921
207 -0.00896948 0.0128825
208 -0.0105076 0.016242
209 -0.010022 0.016112
210 -0.00781406 0.0124586
211 -0.00444536 0.00604563
212 -0.000601918 -0.00171792
213 0.0030375 -0.00908865
214 0.0059051 -0.0143894
215 0.00760969 -0.016404
216 0.0079651 -0.0146708
217 0.00698966 -0.00959983
218 0.00488615 -0.00238314
219 0.00200925 0.00528432
220 -0.00117739 0.0116067
221 -0.00415562 0.0151156
222 -0.00641989 0.0150204
223 -0.00755436 0.0113947
224 -0.00731081 0.00515328
225 -0.00567213 -0.00217422
226 -0.00288292 -0.00881817
227 0.000568219 -0.0131988
228 0.00402145 -0.0143065
229 0.00676697 -0.0119394
230 0.00819358 -0.00674195
231 0.0079325 -3.53073e-05
232 0.00596055 0.00651448
233 0.00263241 0.0113093
234 -0.00137335 0.0132097
235 -0.00518968 0.0118072
236 -0.00795122 0.00751445
237 -0.00899668 0.00145045
238 -0.0080343 -0.00484562
239 -0.00522732 -0.00980158
240 -0.00117388 -0.0122024
241 0.00321887 -0.0114873
242 0.00694015 -0.00788164
243 0.00911301 -0.00233175
244 0.00920659 0.00373866
245 0.00717033 0.00878885
246 0.00345508 0.0115479
247 -0.0010866 0.0113316
248 -0.00539872 0.00821096
249 -0.00847168 0.00299158
250 -0.00958324 -0.00299158
251 -0.00847168 -0.00821096
252 -0.00539872 -0.0113316
253 -0.0010866 -0.0115479
254 0.00345508 -0.00878885
255 0.00717033 -0.00373866
256 0.00920659 0.00233175
257 0.00911301 0.00788164
258 0.00694015 0.0114873
259 0.00321887 0.0122024
260 -0.00117388 0.00980158
261 -0.00522732 0.00484562
262 -0.0080343 -0.00145045
263 -0.00899668 -0.00751445
264 -0.00795122 -0.0118072
265 -0.00518968 -0.0132097
266 -0.00137335 -0.0113093
267 0.00263241 -0.00651448
268 0.00596055 3.53073e-05
269 0.0079325 0.00674195
270 0.00819358 0.0119394
271 0.00676697 0.0143065
272 0.00402145 0.0131988
273 0.000568219 0.00881817
274 -0.00288292 0.00217422
275 -0.00567213 -0.00515328
276 -0.00731081 -0.0113947
277 -0.00755436 -0.0150204
278 -0.00641989 -0.0151156
279 -0.00415562 -0.0116067
280 -0.00117739 -0.00528432
281 0.00200925 0.00238314
282 0.00488615 0.00959983
283 0.00698966 0.0146708
284 0.0079651 0.016404
285 0.00760969 0.0143894
286 0.0059051 0.00908865
287 0.0030375 0.00171792
288 -0.000601918 -0.00604563
289 -0.00444536 -0.0124586
290 -0.00781406 -0.016112
291 -0.010022 -0.016242
292 -0.0105076 -0.0128825
293 -0.00896948 -0.00682921
294 -0.00547558 0.000566774
295 -0.000510079 0.00771904
296 0.0050666 0.0131598
297 0.0101526 0.0158446
298 0.0136183 0.0153434
299 0.0145573 0.0118854
300 0.0125203 0.00626199
301 0.00766837 -0.000376347
302 0.000800108 -0.00677152
303 -0.00676931 -0.0118002
304 -0.0134626 -0.0146579
305 -0.0177783 -0.01496
306 -0.0186365 -0.0127548
307 -0.0156499 -0.00846848
308 -0.00924984 -0.00280621
309 -0.000629341 0.00336339
310 0.00849138 0.0091216
311 0.0162277 0.0136037
312 0.0209401 0.0160938
313 0.0215944 0.0161138
314 0.0179909 0.0135039
315 0.0108067 0.0084831
316 0.0014459 0.00167266
317 -0.00826436 -0.00594144
318 -0.0164603 -0.0131206
319 -0.0216191 -0.0185594
320 -0.0228454 -0.0211227
321 -0.0200117 -0.0200893
322 -0.0137329 -0.0153476
323 -0.00519836 -0.00748714
324 0.00408774 0.00225
325 0.0125934 0.0121644
326 0.0190115 0.0204113
327 0.0224373 0.025367
328 0.0224537 0.0259699
329 0.0191336 0.0219555
330 0.0129809 0.0139308
331 0.00483894 0.00326539
332 -0.00421467 -0.00817425
333 -0.0129777 -0.0183896
334 -0.0202392 -0.0256303
335 -0.0249087 -0.0287085
336 -0.0261574 -0.0271851
337 -0.023562 -0.0214001
338 -0.0172238 -0.0123573
339 -0.00782808 -0.00150518
340 0.00338705 0.00952889
341 0.0147721 0.0191916
342 0.0245094 0.0262034
343 0.0309219 0.0296857
344 0.032789 0.0292183
345 0.0295981 0.0248454
346 0.0216735 0.0170495
347 0.0101456 0.006706
348 -0.00323723 -0.00498147
349 -0.0164161 -0.0165757
350 -0.027381 -0.0265417
351 -0.0345078 -0.0334274
352 -0.0368037 -0.0360757
353 -0.0340228 -0.0338338
354 -0.0266436 -0.0267155
355 -0.015734 -0.0154688
356 -0.00274962 -0.00151749
357 0.0106854 0.0132282
358 0.0229749 0.0266648
359 0.0327041 0.0368367
360 0.038749 0.0422562
361 0.0403559 0.0421372
362 0.0372033 0.036497
363 0.0294521 0.0261156
364 0.0177763 0.0123725
365 0.00335107 -0.0029911
366 -0.0122225 -0.0181297
367 -0.0270731 -0.0313214
368 -0.0392872 -0.0411359
369 -0.0471814 -0.0465383
370 -0.0495686 -0.0469394
371 -0.0459622 -0.042216
372 -0.0366716 -0.032716
373 -0.0227629 -0.0192529
374 -0.00589455 -0.0030777
375 0.0119357 0.0141912
376 0.0286784 0.0306984
377 0.042496 0.0445442
378 0.0519584 0.0540229
379 0.0561524 0.0578664
380 0.0547096 0.0554447
381 0.0477771 0.046877
382 0.0359619 0.0330247
383 0.020269 0.015367
384 0.00204089 -0.00421363
385 -0.0171121 -0.0236875
386 -0.0354086 -0.0411242
387 -0.0510343 -0.0548859
388 -0.0623222 -0.0637485
389 -0.0679542 -0.0669525
390 -0.0671485 -0.0642061
391 -0.05979 -0.055667
392 -0.0464684 -0.0419214
393 -0.0284108 -0.0239649
394 -0.00732028 -0.00317256
395 0.0148449 0.0187636
396 0.0361031 0.039948
397 0.0546483 0.0584487
398 0.0689898 0.0725023
399 0.0780245 0.0807228
400 0.0810592 0.08227
401 0.0778083 0.0769428
402 0.068389 0.0651782
403 0.0533251 0.0479636
404 0.0335517 0.0266886
405 0.0104 0.00297774
406 -0.0144613 -0.0214609
407 -0.0391417 -0.044949
408 -0.0616971 -0.0659119
409 -0.0803261 -0.0829292
410 -0.0935575 -0.0947841
411 -0.100389 -0.100528
412 -0.100354 -0.0995652
413 -0.0935103 -0.091735
414 -0.0803664 -0.0773754
415 -0.0617832 -0.0573294
416 -0.0388743 -0.0328862
417 -0.0129327 -0.00565736
418 0.014616 0.0225865
419 0.0422471 0.050084
420 0.0683791 0.0752214
421 0.0914448 0.0966195
422 0.109995 0.113168
423 0.122821 0.124025
424 0.129075 0.128603
425 0.128345 0.126573
426 0.120677 0.117883
427 0.106535 0.102801
428 0.086708 0.0819377
429 0.0622072 0.0562511
430 0.034169 0.0269914
431 0.00379443 -0.00439411
432 -0.0276787 -0.0363876
433 -0.0589824 -0.0675256
434 -0.0888285 -0.0964941
435 -0.115943 -0.122178
436 -0.139129 -0.143664
437 -0.157356 -0.160217
438 -0.169843 -0.171256
439 -0.17612 -0.176348
440 -0.176033 -0.175228
441 -0.169716 -0.167843
442 -0.157517 -0.154386
443 -0.139922 -0.135314
444 -0.117499 -0.111313
445 -0.0908706 -0.083237
446 -0.0607247 -0.0520176
447 -0.027829 -0.0185805
448 0.00695751 0.0162095
449 0.0427035 0.0515653
450 0.0784562 0.0867618
451 0.113313 0.121107
452 0.146492 0.153922
453 0.177374 0.184552
454 0.205515 0.212402
455 0.230608 0.236987
456 0.252444 0.257983
457 0.270858 0.275241
458 0.285718 0.288771
459 0.29693 0.298696
460 0.304476 0.305192
461 0.308447 0.308439
462 0.309058 0.308612
463 0.306635 0.305884
464 0.301566 0.300466
465 0.294249 0.292636
466 0.285041 0.282746
467 0.274235 0.271203
468 0.262073 0.258422
469 0.248781 0.244778
470 0.234603 0.230568
471 0.21982 0.216008
472 0.204745 0.201253
473 0.189686 0.186438
474 0.174904 0.171716
475 0.160579 0.157271
476 0.146804 0.143305
477 0.13361 0.13
478 0.121004 0.117487
479 0.109006 0.105818
480 0.0976767 0.0949727
481 0.0871026 0.0848902
482 0.0773691 0.0755094
483 0.0685236 0.0668031
484 0.060552 0.0587872
485 0.0533801 0.0515041
486 0.0468997 0.0449894
487 0.0410082 0.0392381
488 0.0356409 0.0341905
489 0.030783 0.0297428
490 0.0264549 0.0257783
491 0.0226801 0.0222045
492 0.0194515 0.0189766
493 0.0167142 0.0160972
494 0.0143733 0.0135938
495 0.0123218 0.0114843
496 0.010476 0.0097497
497 0.00879844 0.00832662
498 0.00729948 0.00712396
499 0.00601531 0.00605423
500 0.00497515 0.00506396
501 0.0041738 0.00414759
502 0.00356351 0.00333795
503 0.00306877 0.00267856
504 0.00261596 0.00219215
505 0.0021626 0.00186143
506 0.00171106 0.00163187
507 0.00130006 0.0014343
508 0.000978484 0.00121544
509 0.000775124 0.000960226
510 0.000680066 0.000694633
511 0.000646972 0.000467778
512 0.000614743 0.000323031
513 0.000536903 0.000273157
514 0.000403186 0.000292224
515 0.000242131 0.000328093
516 0.000103661 0.000328572
517 3.11163e-05 0.000267342
518 3.75979e-05 0.0001561
519 9.8884e-05 3.67278e-05
520 0.000166241 -4.21178e-05
521 0.000191932 -5.14516e-05
522 0.000153739 2.57909e-06
523 6.56005e-05 8.22455e-05
524 -3.09344e-05 0.000138602
525 -8.9585e-05 0.000137504
526 -8.42062e-05 7.72543e-05
527 -2.24556e-05 -1.14375e-05
528 5.88076e-05 -8.281e-05
529 0.000113657 -0.00010105
530 0.000111767 -5.93453e-05
531 5.43046e-05 1.71061e-05
532 -2.7397e-05 8.5362e-05
533 -8.94277e-05 0.000108207
534 -9.93713e-05 7.39937e-05
535 -5.36729e-05 2.26527e-06
536 2.10442e-05 -6.75503e-05
537 8.31367e-05 -9.79349e-05
538 9.89636e-05 -7.35882e-05
539 6.10172e-05 -9.28441e-06
540 -8.64923e-06 5.87794e-05
541 -7.12275e-05 9.31771e-05
542 -9.2799e-05 7.57813e-05
543 -6.27612e-05 1.73533e-05
544 9.61492e-07 -4.89472e-05
545 6.24508e-05 -8.63329e-05
546 8.79378e-05 -7.48542e-05
547 6.43055e-05 -2.21404e-05
548 5.83916e-06 4.14334e-05
549 -5.42563e-05 8.01895e-05
550 -8.26236e-05 7.31947e-05
551 -6.42649e-05 2.56086e-05
552 -1.05328e-05 -3.48555e-05
553 4.77022e-05 -7.40293e-05
554 7.7702e-05 -7.06012e-05
555 6.32862e-05 -2.77163e-05
556 1.3639e-05 2.9446e-05
557 -4.23646e-05 6.83882e-05
558 -7.29033e-05 6.77302e-05
559 -6.13331e-05 2.89321e-05
560 -1.53241e-05 -2.51022e-05
561 3.80591e-05 -6.3447e-05
562 6.82512e-05 -6.47953e-05
563 5.87164e-05 -2.9302e-05
564 1.60281e-05 2.19505e-05
565 -3.45043e-05 5.93582e-05
566 -6.38099e-05 6.1849e-05
567 -5.57747e-05 2.87942e-05
568 -1.60883e-05 -1.99888e-05
569 3.16198e-05 -5.60137e-05
570 5.97902e-05 -5.87491e-05
571 5.28137e-05 -2.73886e-05
572 1.56613e-05 1.90395e-05
573 -2.94823e-05 5.31478e-05
574 -5.63782e-05 5.53647e-05
575 -4.99357e-05 2.52299e-05
576 -1.46912e-05 -1.87669e-05
577 2.82063e-05 -5.0492e-05
578 5.35908e-05 -5.17147e-05
579 4.70196e-05 -2.26138e-05
580 1.30439e-05 1.88354e-05
581 -2.77722e-05 4.79371e-05
582 -5.12246e-05 4.79873e-05
583 -4.38385e-05 1.98515e-05
584 -1.06848e-05 -1.90722e-05
585 2.79543e-05 -4.55687e-05
586 4.89576e-05 -4.44165e-05
587 4.0243e-05 -1.71017e-05
588 7.77814e-06 1.95203e-05
589 -2.83953e-05 4.35564e-05
590 -4.65287e-05 4.11091e-05
591 -3.62821e-05 1.42986e-05
592 -4.63862e-06 -2.03426e-05
593 2.87785e-05 -4.19762e-05
594 4.38756e-05 -3.79517e-05
595 3.21806e-05 -1.12295e-05
596 1.57055e-06 2.16414e-05
597 -2.89787e-05 4.0693e-05
598 -4.11361e-05 3.46626e-05
599 -2.81904e-05 7.71227e-06
600 1.29419e-06 -2.33173e-05
601 2.90865e-05 -3.93834e-05
602 3.85125e-05 -3.09598e-05
603 2.44179e-05 -3.75548e-06
604 -4.04602e-06 2.5061e-05
605 -2.92904e-05 3.76876e-05
606 -3.60922e-05 2.67361e-05
607 -2.07483e-05 -4.00871e-07
608 6.9007e-06 -2.64838e-05
609 2.96931e-05 -3.5393e-05
610 3.37439e-05 -2.2129e-05
611 1.69151e-05 4.392e-06
612 -1.00172e-05 2.73043e-05
613 -3.01807e-05 3.25319e-05
614 -3.11562e-05 1.74425e-05
615 -1.26757e-05 -7.91107e-06
616 1.33433e-05 -2.74705e-05
617 3.04286e-05 -2.93347e-05
618 2.79995e-05 -1.29734e-05
619 7.98391e-06 1.08541e-05
620 -1.65859e-05 2.71468e-05
621 -3.00415e-05 2.60692e-05
622 -2.41111e-05 8.848e-06
623 -3.05601e-06 -1.334e-05
624 1.93239e-05 -2.65721e-05
625 2.87449e-05 -2.28658e-05
626 1.95961e-05 -4.96962e-06
627 -1.70895e-06 1.55927e-05
628 -2.11967e-05 2.58781e-05
629 -2.65168e-05 1.96328e-05
630 -1.47856e-05 1.10765e-06
631 5.90625e-06 -1.77588e-05
632 2.20618e-05 -2.49752e-05
633 2.35868e-05 -1.61136e-05
634 1.00799e-05 2.92501e-06
635 -9.30043e-06 1.97663e-05
636 -2.20337e-05 2.35733e-05
637 -2.03064e-05 1.20517e-05
638 -5.76455e-06 -7.10723e-06
639 1.19018e-05 -2.13059e-05
640 2.13876e-05 -2.13277e-05
641 1.6966e-05 -7.3739e-06
642 1.90225e-06 1.11495e-05
643 -1.39062e-05 2.19484e-05
644 -2.03853e-05 1.80319e-05
645 -1.36605e-05 2.29199e-06
646 1.64524e-06 -1.45736e-05
647 1.5537e-05 -2.13375e-05
648 1.91206e-05 -1.37582e-05
649 1.02735e-05 2.73131e-06
650 -5.08041e-06 1.6892e-05
651 -1.68766e-05 1.93609e-05
652 -1.74664e-05 8.87391e-06
653 -6.58719e-06 -7.13475e-06
654 8.49338e-06 -1.7799e-05
655 1.77771e-05 -1.62183e-05
656 1.51529e-05 -3.92867e-06
657 2.45958e-06 1.04554e-05
658 -1.17394e-05 1.7285e-05
659 -1.79009e-05 1.23565e-05
660 -1.1936e-05 -5.32631e-07
661 2.02239e-06 -1.24789e-05
662 1.44346e-05 -1.5624e-05
663 1.68704e-05 -8.30773e-06
664 7.77535e-06 4.14264e-06
665 -6.49055e-06 1.32786e-05
666 -1.60753e-05 1.32488e-05
667 -1.44593e-05 4.50922e-06
668 -2.93512e-06 -6.79523e-06
669 1.03714e-05 -1.31346e-05
670 1.62294e-05 -1.05782e-05
671 1.07394e-05 -1.18493e-06
672 -2.03793e-06 8.61171e-06
673 -1.30602e-05 1.23806e-05
674 -1.47175e-05 7.87508e-06
675 -6.11768e-06 -1.66521e-06
676 6.45363e-06 -9.81487e-06
677 1.41217e-05 -1.12506e-05
678 1.17092e-05 -5.19723e-06
679 1.24844e-06 4.17232e-06
680 -9.67697e-06 1.0576e-05
681 -1.34363e-05 9.79774e-06
682 -7.69807e-06 2.45458e-06
683 3.14178e-06 -6.45352e-06
684 1.13104e-05 -1.09073e-05
685 1.1241e-05 -7.91527e-06
686 3.36886e-06 4.60348e-07
687 -6.45084e-06 8.48499e-06
688 -1.12942e-05 1.06472e-05
689 -8.0544e-06 5.44644e-06
690 5.89151e-07 -3.53191e-06
691 8.34726e-06 -1.00512e-05
692 9.8961e-06 -9.54346e-06
693 4.52173e-06 -2.33181e-06
694 -3.65438e-06 6.53551e-06
695 -8.82181e-06 1.07948e-05
696 -7.60469e-06 7.39871e-06
697 -1.23927e-06 -1.27225e-06
698 5.57553e-06 -9.04697e-06
699 8.13827e-06 -1.03486e-05
700 4.97252e-06 -4.21584e-06
701 -1.38143e-06 4.95627e-06
702 -6.37979e-06 1.05474e-05
703 -6.71271e-06 8.49833e-06
704 -2.46773e-06 2.84549e-07
705 3.17124e-06 -8.12147e-06
706 6.29845e-06 -1.05882e-05
707 4.97225e-06 -5.31472e-06
708 3.8066e-07 3.82894e-06
709 -4.1778e-06 1.01275e-05
710 -5.6488e-06 8.95819e-06
711 -3.24264e-06 1.20442e-06
712 1.19444e-06 -7.39159e-06
713 4.58058e-06 -1.04767e-05
714 4.71911e-06 -5.79517e-06
715 1.69612e-06 3.14301e-06
716 -2.31105e-06 9.68095e-06
717 -4.58666e-06 8.9761e-06
718 -3.69504e-06 1.60203e-06
719 -3.65189e-07 -6.89941e-06
720 3.08607e-06 -1.01777e-05
721 4.34791e-06 -5.82523e-06
722 2.64466e-06 2.84043e-06
723 -7.97113e-07 9.29416e-06
724 -3.61767e-06 8.71664e-06
725 -3.92489e-06 1.60309e-06
726 -1.55457e-06 -6.6428e-06
727 1.84264e-06 -9.80732e-06
728 3.93564e-06 -5.55284e-06
729 3.30135e-06 2.84607e-06
730 3.93168e-07 9.0128e-06
731 -2.77127e-06 8.30747e-06
732 -3.99793e-06 1.32344e-06
733 -2.43447e-06 -6.59767e-06
734 8.30079e-07 -9.44453e-06
735 3.51271e-06 -5.09824e-06
736 3.72712e-06 3.08494e-06
737 1.31337e-06 8.85673e-06
738 -2.03419e-06 7.84328e-06
739 -3.94917e-06 8.61404e-07
740 -3.066e-06 -6.73134e-06
741 1.94978e-10 -9.1409e-06
742 3.0752e-06 -4.55557e-06
743 3.96544e-06 3.4893e-06
744 2.02631e-06 8.83054e-06
745 -1.36582e-06 7.39318e-06
746 -3.78798e-06 2.97924e-07
747 -3.50303e-06 -7.00875e-06
748 -7.09408e-07 -8.92933e-06
749 2.59478e-06 -3.99869e-06
750 4.04206e-06 3.99869e-06
751 2.59478e-06 8.92933e-06
752 -7.09408e-07 7.00875e-06
753 -3.50303e-06 -2.97924e-07
754 -3.78798e-06 -7.39318e-06
755 -1.36582e-06 -8.83054e-06
756 2.02631e-06 -3.4893e-06
757 3.96544e-06 4.55557e-06
758 3.0752e-06 9.1409e-06
759 1.94977e-10 6.73134e-06
760 -3.066e-06 -8.61404e-07
761 -3.94917e-06 -7.84328e-06
762 -2.03419e-06 -8.85673e-06
763 1.31337e-06 -3.08494e-06
764 3.72712e-06 5.09824e-06
765 3.51271e-06 9.44453e-06
766 8.30079e-07 6.59767e-06
767 -2.43447e-06 -1.32344e-06
768 -3.99793e-06 -8.30747e-06
769 -2.77127e-06 -9.0128e-06
770 3.93168e-07 -2.84607e-06
771 3.30135e-06 5.55284e-06
772 3.93564e-06 9.80732e-06
773 1.84264e-06 6.6428e-06
774 -1.55457e-06 -1.60309e-06
775 -3.92489e-06 -8.71664e-06
776 -3.61767e-06 -9.29416e-06
777 -7.97113e-07 -2.84043e-06
778 2.64466e-06 5.82523e-06
779 4.34791e-06 1.01777e-05
780 3.08607e-06 6.89941e-06
781 -3.65189e-07 -1.60203e-06
782 -3.69504e-06 -8.9761e-06
783 -4.58666e-06 -9.68095e-06
784 -2.31105e-06 -3.14301e-06
785 1.69612e-06 5.79517e-06
786 4.71911e-06 1.04767e-05
787 4.58058e-06 7.39159e-06
788 1.19444e-06 -1.20442e-06
789 -3.24264e-06 -8.95819e-06
790 -5.6488e-06 -1.01275e-05
791 -4.1778e-06 -3.82894e-06
792 3.8066e-07 5.31472e-06
793 4.97225e-06 1.05882e-05
794 6.29845e-06 8.12147e-06
795 3.17124e-06 -2.84549e-07
796 -2.46773e-06 -8.49833e-06
797 -6.71271e-06 -1.05474e-05
798 -6.37979e-06 -4.95627e-06
799 -1.38143e-06 4.21584e-06
800 4.97252e-06 1.03486e-05
801 8.13827e-06 9.04697e-06
802 5.57553e-06 1.27225e-06
803 -1.23927e-06 -7.39871e-06
804 -7.60469e-06 -1.07948e-05
805 -8.82181e-06 -6.53551e-06
806 -3.65438e-06 2.33181e-06
807 4.52173e-06 9.54346e-06
808 9.8961e-06 1.00512e-05
809 8.34726e-06 3.53191e-06
810 5.89151e-07 -5.44644e-06
811 -8.0544e-06 -1.06472e-05
812 -1.12942e-05 -8.48499e-06
813 -6.45084e-06 -4.60348e-07
814 3.36886e-06 7.91527e-06
815 1.1241e-05 1.09073e-05
816 1.13104e-05 6.45352e-06
817 3.14178e-06 -2.45458e-06
818 -7.69807e-06 -9.79774e-06
819 -1.34363e-05 -1.0576e-05
820 -9.67697e-06 -4.17232e-06
821 1.24844e-06 5.19723e-06
822 1.17092e-05 1.12506e-05
823 1.41217e-05 9.81487e-06
824 6.45363e-06 1.66521e-06
825 -6.11768e-06 -7.87508e-06
826 -1.47175e-05 -1.23806e-05
827 -1.30602e-05 -8.61171e-06
828 -2.03793e-06 1.18493e-06
829 1.07394e-05 1.05782e-05
830 1.62294e-05 1.31346e-05
831 1.03714e-05 6.79523e-06
832 -2.93512e-06 -4.50922e-06
833 -1.44593e-05 -1.32488e-05
834 -1.60753e-05 -1.32786e-05
835 -6.49055e-06 -4.14264e-06
836 7.77535e-06 8.30773e-06
837 1.68704e-05 1.5624e-05
838 1.44346e-05 1.24789e-05
839 2.02239e-06 5.32631e-07
840 -1.1936e-05 -1.23565e-05
841 -1.79009e-05 -1.7285e-05
842 -1.17394e-05 -1.04554e-05
843 2.45958e-06 3.92867e-06
844 1.51529e-05 1.62183e-05
845 1.77771e-05 1.7799e-05
846 8.49338e-06 7.13475e-06
847 -6.58719e-06 -8.87391e-06
848 -1.74664e-05 -1.93609e-05
849 -1.68766e-05 -1.6892e-05
850 -5.08041e-06 -2.73131e-06
851 1.02735e-05 1.37582e-05
852 1.91206e-05 2.13375e-05
853 1.5537e-05 1.45736e-05
854 1.64524e-06 -2.29199e-06
855 -1.36605e-05 -1.80319e-05
856 -2.03853e-05 -2.19484e-05
857 -1.39062e-05 -1.11495e-05
858 1.90225e-06 7.3739e-06
859 1.6966e-05 2.13277e-05
860 2.13876e-05 2.13059e-05
861 1.19018e-05 7.10723e-06
862 -5.76455e-06 -1.20517e-05
863 -2.03064e-05 -2.35733e-05
864 -2.20337e-05 -1.97663e-05
865 -9.30043e-06 -2.92501e-06
866 1.00799e-05 1.61136e-05
867 2.35868e-05 2.49752e-05
868 2.20618e-05 1.77588e-05
869 5.90625e-06 -1.10765e-06
870 -1.47856e-05 -1.96328e-05
871 -2.65168e-05 -2.58781e-05
872 -2.11967e-05 -1.55927e-05
873 -1.70895e-06 4.96962e-06
874 1.95961e-05 2.28658e-05
875 2.87449e-05 2.65721e-05
876 1.93239e-05 1.334e-05
877 -3.05601e-06 -8.848e-06
878 -2.41111e-05 -2.60692e-05
879 -3.00415e-05 -2.71468e-05
880 -1.65859e-05 -1.08541e-05
881 7.98391e-06 1.29734e-05
882 2.79995e-05 2.93347e-05
883 3.04286e-05 2.74705e-05
884 1.33433e-05 7.91107e-06
885 -1.26757e-05 -1.74425e-05
886 -3.11562e-05 -3.25319e-05
887 -3.01807e-05 -2.73043e-05
888 -1.00172e-05 -4.392e-06
889 1.69151e-05 2.2129e-05
890 3.37439e-05 3.5393e-05
891 2.96931e-05 2.64838e-05
892 6.9007e-06 4.00871e-07
893 -2.07483e-05 -2.67361e-05
894 -3.60922e-05 -3.76876e-05
895 -2.92904e-05 -2.5061e-05
896 -4.04602e-06 3.75548e-06
897 2.44179e-05 3.09598e-05
898 3.85125e-05 3.93834e-05
899 2.90865e-05 2.33173e-05
900 1.29419e-06 -7.71227e-06
901 -2.81904e-05 -3.46626e-05
902 -4.11361e-05 -4.0693e-05
903 -2.89787e-05 -2.16414e-05
904 1.57055e-06 1.12295e-05
905 3.21806e-05 3.79517e-05
906 4.38756e-05 4.19762e-05
907 2.87785e-05 2.03426e-05
908 -4.63862e-06 -1.42986e-05
909 -3.62821e-05 -4.11091e-05
910 -4.65287e-05 -4.35564e-05
911 -2.83953e-05 -1.95203e-05
912 7.77814e-06 1.71017e-05
913 4.0243e-05 4.44165e-05
914 4.89576e-05 4.55687e-05
915 2.79543e-05 1.90722e-05
916 -1.06848e-05 -1.98515e-05
917 -4.38385e-05 -4.79873e-05
918 -5.12246e-05 -4.79371e-05
919 -2.77722e-05 -1.88354e-05
920 1.30439e-05 2.26138e-05
921 4.70196e-05 5.17147e-05
922 5.35908e-05 5.0492e-05
923 2.82063e-05 1.87669e-05
924 -1.46912e-05 -2.52299e-05
925 -4.99357e-05 -5.53647e-05
926 -5.63782e-05 -5.31478e-05
927 -2.94823e-05 -1.90395e-05
928 1.56613e-05 2.73886e-05
929 5.28137e-05 5.87491e-05
930 5.97902e-05 5.60137e-05
931 3.16198e-05 1.99888e-05
932 -1.60883e-05 -2.87942e-05
933 -5.57747e-05 -6.1849e-05
934 -6.38099e-05 -5.93582e-05
935 -3.45043e-05 -2.19505e-05
936 1.60281e-05 2.9302e-05
937 5.87164e-05 6.47953e-05
938 6.82512e-05 6.3447e-05
939 3.80591e-05 2.51022e-05
940 -1.53241e-05 -2.89321e-05
941 -6.13331e-05 -6.77302e-05
942 -7.29033e-05 -6.83882e-05
943 -4.23646e-05 -2.9446e-05
944 1.3639e-05 2.77163e-05
945 6.32862e-05 7.06012e-05
946 7.7702e-05 7.40293e-05
947 4.77022e-05 3.48555e-05
948 -1.05328e-05 -2.56086e-05
949 -6.42649e-05 -7.31947e-05
950 -8.26236e-05 -8.01895e-05
951 -5.42563e-05 -4.14334e-05
952 5.83916e-06 2.21404e-05
953 6.43055e-05 7.48542e-05
954 8.79378e-05 8.63329e-05
955 6.24508e-05 4.89472e-05
956 9.61492e-07 -1.73533e-05
957 -6.27612e-05 -7.57813e-05
958 -9.2799e-05 -9.31771e-05
959 -7.12275e-05 -5.87794e-05
960 -8.64923e-06 9.28441e-06
961 6.10172e-05 7.35882e-05
962 9.89636e-05 9.79349e-05
963 8.31367e-05 6.75503e-05
964 2.10442e-05 -2.26527e-06
965 -5.36729e-05 -7.39937e-05
966 -9.93713e-05 -0.000108207
967 -8.94277e-05 -8.5362e-05
968 -2.7397e-05 -1.71061e-05
969 5.43046e-05 5.93453e-05
970 0.000111767 0.00010105
971 0.000113657 8.281e-05
972 5.88076e-05 1.14375e-05
973 -2.24556e-05 -7.72543e-05
974 -8.42062e-05 -0.000137504
975 -8.9585e-05 -0.000138602
976 -3.09344e-05 -8.22455e-05
977 6.56005e-05 -2.57909e-06
978 0.000153739 5.14516e-05
979 0.000191932 4.21178e-05
980 0.000166241 -3.67278e-05
981 9.8884e-05 -0.0001561
982 3.75979e-05 -0.000267342
983 3.11163e-05 -0.000328572
984 0.000103661 -0.000328093
985 0.000242131 -0.000292224
986 0.000403186 -0.000273157
987 0.000536903 -0.000323031
988 0.000614743 -0.000467778
989 0.000646972 -0.000694633
990 0.000680066 -0.000960226
991 0.000775124 -0.00121544
992 0.000978484 -0.0014343
993 0.00130006 -0.00163187
994 0.00171106 -0.00186143
995 0.0021626 -0.00219215
996 0.00261596 -0.00267856
997 0.00306877 -0.00333795
998 0.00356351 -0.00414759
999 0.0041738 -0.00506396
