0 0.0120398 -0.0112299
1 0.0105115 -0.0080547
2 0.00696982 -0.00334433
3 0.00212397 0.00192832
4 -0.00306698 0.00669386
5 -0.00757592 0.010009
6 -0.0105085 0.0112458
7 -0.0112851 0.0102094
8 -0.00976477 0.00716183
9 -0.00628095 0.00275573
10 -0.00157461 -0.00210467
11 0.00336272 -0.00644417
12 0.00750284 -0.00940488
13 0.0100021 -0.0104101
14 0.0103784 -0.00927612
15 0.00860541 -0.00625111
16 0.00510399 -0.00197113
17 0.000640282 0.00266427
18 -0.00384397 0.00667655
19 -0.00742858 0.00921716
20 -0.00939871 0.00975497
21 -0.00938152 0.00819686
22 -0.00741314 0.00490988
23 -0.00392682 0.00063694
24 0.00033477 -0.00367431
25 0.00446847 -0.00708766
26 0.00759544 -0.00888657
27 0.00904762 -0.00872581
28 0.00851668 -0.0066939
29 0.0061296 -0.00327801
30 0.00242784 0.000754805
31 -0.00175098 0.00452865
32 -0.00546457 0.00724412
33 -0.0078854 0.00834098
34 -0.00849294 0.00760888
35 -0.00719043 0.00522759
36 -0.00431795 0.0017296
37 -0.000561461 -0.0021096
38 0.00321531 -0.00543547
39 0.00617219 -0.00750187
40 0.00767827 -0.00784261
41 0.00744168 -0.00638563
42 0.00555974 -0.00347792
43 0.00248477 0.000190957
44 -0.00108175 0.00375232
45 -0.00434276 0.0063695
46 -0.00657598 0.00744224
47 -0.00728895 0.00675047
48 -0.00632814 0.00450044
49 -0.00391843 0.00126333
50 -0.00062007 -0.00217402
51 0.00279324 -0.00500436
52 0.00551278 -0.00659042
53 0.0068899 -0.00660509
54 0.00659909 -0.00509242
55 0.00472411 -0.00244206
56 0.00174036 0.000710556
57 -0.00160517 0.00363212
58 -0.00448567 0.00565476
59 -0.00620576 0.00632219
60 -0.00637483 0.00549033
61 -0.00499655 0.00336193
62 -0.00245421 0.000445494
63 0.000599263 -0.00255725
64 0.00341246 -0.00491482
65 0.00532081 -0.00604494
66 0.00589997 -0.00566501
67 0.00505386 -0.00387201
68 0.0030226 -0.0011255
69 0.000315216 0.00186733
70 -0.00241375 0.00433657
71 -0.00451525 0.0056545
72 -0.00549315 0.00550241
73 -0.00511835 0.00395191
74 -0.00348521 0.00143801
75 -0.000995502 -0.00136603
76 0.00173152 -0.00373416
77 0.00400711 -0.00507925
78 0.00524677 -0.0050986
79 0.00512594 -0.00383722
80 0.00367375 -0.00165852
81 0.00127391 0.000862628
82 -0.00143297 0.00309117
83 -0.00372231 0.00448747
84 -0.00498564 0.00473122
85 -0.00489971 0.00378887
86 -0.00351419 0.00191399
87 -0.0012322 -0.000416587
88 0.00130953 -0.00261652
89 0.00342342 -0.0041301
90 0.00456166 -0.00456918
91 0.00445942 -0.00381481
92 0.00319281 -0.00205637
93 0.00114083 0.000247418
94 -0.00113094 0.0024819
95 -0.00302735 0.00403919
96 -0.00407695 0.00448767
97 -0.00404316 0.00369904
98 -0.00297045 0.00189255
99 -0.00116072 -0.000421559
100 0.000909265 -0.00258664
101 0.00270745 -0.0039908
102 0.00377606 -0.00424658
103 0.00384323 -0.00330349
104 0.00289215 -0.001458
105 0.00117028 0.000740883
106 -0.00086726 0.00265951
107 -0.00267108 0.00376703
108 -0.00374272 0.00378462
109 -0.00377471 0.00275341
110 -0.00274514 0.00100596
111 -0.000935146 -0.000943678
112 0.00114214 -0.00255326
113 0.00288587 -0.00340217
114 0.00378487 -0.00329668
115 0.00357414 -0.00230686
116 0.00231961 -0.000732137
117 0.000401474 0.000988715
118 -0.00160139 0.00239608
119 -0.0030903 0.00312606
120 -0.00363149 0.00299865
121 -0.00308711 0.00205923
122 -0.00165093 0.000565553
123 0.000220705 -0.0010771
124 0.00195735 -0.00241889
125 0.00305232 -0.00308398
126 0.00321254 -0.00287565
127 0.00243518 -0.00183884
128 0.000992025 -0.000258486
129 -0.000667147 0.00141223
130 -0.00205676 0.00267877
131 -0.00279711 0.00315322
132 -0.00271432 0.00267828
133 -0.00187402 0.00138551
134 -0.00054642 -0.000335799
135 0.000880632 -0.00195431
136 0.00201217 -0.00296312
137 0.00254999 -0.0030436
138 0.00236519 -0.00217164
139 0.00152501 -0.000628569
140 0.000270512 0.00108912
141 -0.00104793 0.00243219
142 -0.00206236 0.00297891
143 -0.00248503 0.00257182
144 -0.00218885 0.00136493
145 -0.00124838 -0.000233617
146 7.27512e-05 -0.00170206
147 0.0013896 -0.00257886
148 0.00230435 -0.00261047
149 0.0025267 -0.00182443
150 0.00196961 -0.000506991
151 0.000787528 0.00090231
152 -0.000660671 0.00195951
153 -0.00191809 0.00235703
154 -0.00257512 0.00201134
155 -0.00240689 0.00107339
156 -0.00145509 -0.000135156
157 -2.26958e-05 -0.00123316
158 0.00142111 -0.00189976
159 0.00239629 -0.00196497
160 0.00257542 -0.00144718
161 0.00189796 -0.000532258
162 0.000593777 0.00049284
163 -0.000894101 0.0013282
164 -0.00206171 0.00174452
165 -0.00251817 0.00164081
166 -0.00212 0.00106451
167 -0.00101828 0.000192211
168 0.000397715 -0.000721418
169 0.00163945 -0.00141338
170 0.00229035 -0.00168369
171 0.00214812 -0.00145111
172 0.00128845 -0.000778687
173 2.97812e-05 0.000139312
174 -0.00118548 0.00102872
175 -0.00194831 0.00161365
176 -0.00202228 0.00170113
177 -0.00141652 0.0012466
178 -0.000370169 0.000377382
179 0.00074172 -0.000637987
180 0.00154361 -0.00146983
181 0.00178692 -0.00183423
182 0.00142594 -0.00159213
183 0.00061957 -0.000805135
184 -0.000336408 0.000275243
185 -0.00111814 0.00128586
186 -0.00148331 0.00187431
187 -0.00134445 0.00182394
188 -0.000784579 0.00113626
189 -1.53874e-05 3.87018e-05
190 0.000702453 -0.00108911
191 0.00114688 -0.00184702
192 0.00120079 -0.00195833
193 0.00087836 -0.00137329
194 0.000308003 -0.000292682
195 -0.000317762 0.000900021
196 -0.00080605 0.00177524
197 -0.00102048 0.00201376
198 -0.000915577 0.00152531
199 -0.000541826 0.000484412
200 -2.36868e-05 -0.000731157
201 0.000480411 -0.0016779
202 0.000823799 -0.00200973
203 0.000911092 -0.00160618
204 0.000722386 -0.000617634
205 0.00031714 0.000589955
206 -0.000182775 0.00157073
207 -0.00062688 0.00196452
208 -0.0008788 0.00163052
209 -0.000856984 0.000698775
210 -0.000561741 -0.000479631
211 -7.93168e-05 -0.0014649
212 0.000440558 -0.00189335
213 0.000829164 -0.0016126
214 0.000952973 -0.000736619
215 0.000760309 0.00039966
216 0.000303874 0.00136817
217 -0.000270884 0.00180929
218 -0.000770518 0.00156599
219 -0.00101839 0.000740345
220 -0.000917958 -0.000348226
221 -0.000491516 -0.0012861
222 0.000121536 -0.00172267
223 0.000709075 -0.00150185
224 0.00105966 -0.000718211
225 0.0010395 0.000322356
226 0.000644544 0.00122155
227 7.09054e-06 0.00164095
228 -0.000647744 0.0014295
229 -0.00108163 0.000678133
230 -0.0011305 -0.000318302
231 -0.000767421 -0.00117609
232 -0.000116646 -0.00157004
233 0.000588349 -0.00135669
234 0.00108875 -0.000626703
235 0.00119612 0.000332783
236 0.000864176 0.00115042
237 0.000208991 0.0015139
238 -0.000531256 0.001289
239 -0.00108318 0.00056925
240 -0.00123978 -0.000362392
241 -0.000938771 -0.00114408
242 -0.000287605 -0.00147505
243 0.000474752 -0.00123096
244 0.00106583 -0.000510552
245 0.00126481 0.000403852
246 0.000995564 0.00115635
247 0.000356069 0.00145532
248 -0.000417231 0.00118598
249 -0.00103719 0.000454317
250 -0.00127313 -0.000454317
251 -0.00103719 -0.00118598
252 -0.000417231 -0.00145532
253 0.000356069 -0.00115635
254 0.000995564 -0.000403852
255 0.00126481 0.000510552
256 0.00106583 0.00123096
257 0.000474752 0.00147505
258 -0.000287605 0.00114408
259 -0.000938771 0.000362392
260 -0.00123978 -0.00056925
261 -0.00108318 -0.001289
262 -0.000531256 -0.0015139
263 0.000208991 -0.00115042
264 0.000864176 -0.000332783
265 0.00119612 0.000626703
266 0.00108875 0.00135669
267 0.000588349 0.00157004
268 -0.000116646 0.00117609
269 -0.000767421 0.000318302
270 -0.0011305 -0.000678133
271 -0.00108163 -0.0014295
272 -0.000647744 -0.00164095
273 7.09054e-06 -0.00122155
274 0.000644544 -0.000322356
275 0.0010395 0.000718211
276 0.00105966 0.00150185
277 0.000709075 0.00172267
278 0.000121536 0.0012861
279 -0.000491516 0.000348226
280 -0.000917958 -0.000740345
281 -0.00101839 -0.00156599
282 -0.000770518 -0.00180929
283 -0.000270884 -0.00136817
284 0.000303874 -0.00039966
285 0.000760309 0.000736619
286 0.000952973 0.0016126
287 0.000829164 0.00189335
288 0.000440558 0.0014649
289 -7.93168e-05 0.000479631
290 -0.000561741 -0.000698775
291 -0.000856984 -0.00163052
292 -0.0008788 -0.00196452
293 -0.00062688 -0.00157073
294 -0.000182775 -0.000589955
295 0.00031714 0.000617634
296 0.000722386 0.00160618
297 0.000911092 0.00200973
298 0.000823799 0.0016779
299 0.000480411 0.000731157
300 -2.36868e-05 -0.000484412
301 -0.000541826 -0.00152531
302 -0.000915577 -0.00201376
303 -0.00102048 -0.00177524
304 -0.00080605 -0.000900021
305 -0.000317762 0.000292682
306 0.000308003 0.00137329
307 0.00087836 0.00195833
308 0.00120079 0.00184702
309 0.00114688 0.00108911
310 0.000702453 -3.87018e-05
311 -1.53874e-05 -0.00113626
312 -0.000784579 -0.00182394
313 -0.00134445 -0.00187431
314 -0.00148331 -0.00128586
315 -0.00111814 -0.000275243
316 -0.000336408 0.000805135
317 0.00061957 0.00159213
318 0.00142594 0.00183423
319 0.00178692 0.00146983
320 0.00154361 0.000637987
321 0.00074172 -0.000377382
322 -0.000370169 -0.0012466
323 -0.00141652 -0.00170113
324 -0.00202228 -0.00161365
325 -0.00194831 -0.00102872
326 -0.00118548 -0.000139312
327 2.97812e-05 0.000778687
328 0.00128845 0.00145111
329 0.00214812 0.00168369
330 0.00229035 0.00141338
331 0.00163945 0.000721418
332 0.000397715 -0.000192211
333 -0.00101828 -0.00106451
334 -0.00212 -0.00164081
335 -0.00251817 -0.00174452
336 -0.00206171 -0.0013282
337 -0.000894101 -0.00049284
338 0.000593777 0.000532258
339 0.00189796 0.00144718
340 0.00257542 0.00196497
341 0.00239629 0.00189976
342 0.00142111 0.00123316
343 -2.26958e-05 0.000135156
344 -0.00145509 -0.00107339
345 -0.00240689 -0.00201134
346 -0.00257512 -0.00235703
347 -0.00191809 -0.00195951
348 -0.000660671 -0.00090231
349 0.000787528 0.000506991
350 0.00196961 0.00182443
351 0.0025267 0.00261047
352 0.00230435 0.00257886
353 0.0013896 0.00170206
354 7.27512e-05 0.000233617
355 -0.00124838 -0.00136493
356 -0.00218885 -0.00257182
357 -0.00248503 -0.00297891
358 -0.00206236 -0.00243219
359 -0.00104793 -0.00108912
360 0.000270512 0.000628569
361 0.00152501 0.00217164
362 0.00236519 0.0030436
363 0.00254999 0.00296312
364 0.00201217 0.00195431
365 0.000880632 0.000335799
366 -0.00054642 -0.00138551
367 -0.00187402 -0.00267828
368 -0.00271432 -0.00315322
369 -0.00279711 -0.00267877
370 -0.00205676 -0.00141223
371 -0.000667147 0.000258486
372 0.000992025 0.00183884
373 0.00243518 0.00287565
374 0.00321254 0.00308398
375 0.00305232 0.00241889
376 0.00195735 0.0010771
377 0.000220705 -0.000565553
378 -0.00165093 -0.00205923
379 -0.00308711 -0.00299865
380 -0.00363149 -0.00312606
381 -0.0030903 -0.00239608
382 -0.00160139 -0.000988715
383 0.000401474 0.000732137
384 0.00231961 0.00230686
385 0.00357414 0.00329668
386 0.00378487 0.00340217
387 0.00288587 0.00255326
388 0.00114214 0.000943678
389 -0.000935146 -0.00100596
390 -0.00274514 -0.00275341
391 -0.00377471 -0.00378462
392 -0.00374272 -0.00376703
393 -0.00267108 -0.00265951
394 -0.00086726 -0.000740883
395 0.00117028 0.001458
396 0.00289215 0.00330349
397 0.00384323 0.00424658
398 0.00377606 0.0039908
399 0.00270745 0.00258664
400 0.000909265 0.000421559
401 -0.00116072 -0.00189255
402 -0.00297045 -0.00369904
403 -0.00404316 -0.00448767
404 -0.00407695 -0.00403919
405 -0.00302735 -0.0024819
406 -0.00113094 -0.000247418
407 0.00114083 0.00205637
408 0.00319281 0.00381481
409 0.00445942 0.00456918
410 0.00456166 0.0041301
411 0.00342342 0.00261652
412 0.00130953 0.000416587
413 -0.0012322 -0.00191399
414 -0.00351419 -0.00378887
415 -0.00489971 -0.00473122
416 -0.00498564 -0.00448747
417 -0.00372231 -0.00309117
418 -0.00143297 -0.000862628
419 0.00127391 0.00165852
420 0.00367375 0.00383722
421 0.00512594 0.0050986
422 0.00524677 0.00507925
423 0.00400711 0.00373416
424 0.00173152 0.00136603
425 -0.000995502 -0.00143801
426 -0.00348521 -0.00395191
427 -0.00511835 -0.00550241
428 -0.00549315 -0.0056545
429 -0.00451525 -0.00433657
430 -0.00241375 -0.00186733
431 0.000315216 0.0011255
432 0.0030226 0.00387201
433 0.00505386 0.00566501
434 0.00589997 0.00604494
435 0.00532081 0.00491482
436 0.00341246 0.00255725
437 0.000599263 -0.000445494
438 -0.00245421 -0.00336193
439 -0.00499655 -0.00549033
440 -0.00637483 -0.00632219
441 -0.00620576 -0.00565476
442 -0.00448567 -0.00363212
443 -0.00160517 -0.000710556
444 0.00174036 0.00244206
445 0.00472411 0.00509242
446 0.00659909 0.00660509
447 0.0068899 0.00659042
448 0.00551278 0.00500436
449 0.00279324 0.00217402
450 -0.00062007 -0.00126333
451 -0.00391843 -0.00450044
452 -0.00632814 -0.00675047
453 -0.00728895 -0.00744224
454 -0.00657598 -0.0063695
455 -0.00434276 -0.00375232
456 -0.00108175 -0.000190957
457 0.00248477 0.00347792
458 0.00555974 0.00638563
459 0.00744168 0.00784261
460 0.00767827 0.00750187
461 0.00617219 0.00543547
462 0.00321531 0.0021096
463 -0.000561461 -0.0017296
464 -0.00431795 -0.00522759
465 -0.00719043 -0.00760888
466 -0.00849294 -0.00834098
467 -0.0078854 -0.00724412
468 -0.00546457 -0.00452865
469 -0.00175098 -0.000754805
470 0.00242784 0.00327801
471 0.0061296 0.0066939
472 0.00851668 0.00872581
473 0.00904762 0.00888657
474 0.00759544 0.00708766
475 0.00446847 0.00367431
476 0.00033477 -0.00063694
477 -0.00392682 -0.00490988
478 -0.00741314 -0.00819686
479 -0.00938152 -0.00975497
480 -0.00939871 -0.00921716
481 -0.00742858 -0.00667655
482 -0.00384397 -0.00266427
483 0.000640282 0.00197113
484 0.00510399 0.00625111
485 0.00860541 0.00927612
486 0.0103784 0.0104101
487 0.0100021 0.00940488
488 0.00750284 0.00644417
489 0.00336272 0.00210467
490 -0.00157461 -0.00275573
491 -0.00628095 -0.00716183
492 -0.00976477 -0.0102094
493 -0.0112851 -0.0112458
494 -0.0105085 -0.010009
495 -0.00757592 -0.00669386
496 -0.00306698 -0.00192832
497 0.00212397 0.00334433
498 0.00696982 0.0080547
499 0.0105115 0.0112299
500 0.0120398 0.0121992
501 0.0112274 0.010737
502 0.00819212 0.00710911
503 0.00348043 0.00201659
504 -0.00202643 -0.00354949
505 -0.00727149 -0.00850695
506 -0.0112215 -0.0118926
507 -0.0130707 -0.0130426
508 -0.0124086 -0.011713
509 -0.0093124 -0.00812176
510 -0.00434237 -0.00291021
511 0.0015641 0.00296944
512 0.00727689 0.00842226
513 0.0116967 0.0124089
514 0.0139692 0.014141
515 0.0136466 0.0132383
516 0.0107667 0.00981359
517 0.00583931 0.00446401
518 -0.000251634 -0.00183492
519 -0.00640861 -0.00791343
520 -0.011514 -0.0126324
521 -0.0146254 -0.0151011
522 -0.0151421 -0.0148435
523 -0.0129169 -0.0118818
524 -0.00829332 -0.00672548
525 -0.00205669 -0.000274432
526 0.00469612 0.0063415
527 0.0107509 0.0119575
528 0.0149986 0.0155711
529 0.0166436 0.0165136
530 0.0153538 0.0145678
531 0.0113229 0.0100155
532 0.00523288 0.00359976
533 -0.0018719 -0.00359292
534 -0.00877133 -0.0103173
535 -0.0142798 -0.0153881
536 -0.0174439 -0.0178934
537 -0.0176969 -0.0173602
538 -0.0149516 -0.0138406
539 -0.00961746 -0.00790197
540 -0.00254124 -0.000525014
541 0.00512316 0.0070664
542 0.0120998 0.0136116
543 0.0172028 0.0180187
544 0.0195402 0.0195377
545 0.0186725 0.0178782
546 0.0146936 0.0132572
547 0.00821846 0.0063708
548 0.000280342 -0.00170736
549 -0.00784371 -0.00968953
550 -0.0148437 -0.0162782
551 -0.0195873 -0.0203792
552 -0.0212962 -0.0212868
553 -0.0196635 -0.0188057
554 -0.0148983 -0.0132865
555 -0.00769546 -0.00556799
556 0.00086582 0.00316072
557 0.00947952 0.0115514
558 0.0168084 0.018306
559 0.0216902 0.0223719
560 0.0233232 0.0230957
561 0.0213992 0.0203187
562 0.0161589 0.0144025
563 0.00835825 0.00618225
564 -0.000850209 -0.00314869
565 -0.0100967 -0.0122099
566 -0.0180036 -0.0196384
567 -0.0233892 -0.0242962
568 -0.0254355 -0.0254464
569 -0.0238019 -0.0228689
570 -0.0186709 -0.0168944
571 -0.0107257 -0.00835322
572 -0.00106024 0.00154982
573 0.00896765 0.0114125
574 0.0179255 0.0198346
575 0.024512 0.0256116
576 0.0277486 0.027898
577 0.0271261 0.026322
578 0.0226809 0.0210392
579 0.0149885 0.0127183
580 0.00507859 0.00245736
581 -0.00571238 -0.00835992
582 -0.0159256 -0.0182536
583 -0.0241748 -0.0258542
584 -0.029327 -0.0300953
585 -0.0306491 -0.0303626
586 -0.0279052 -0.0265754
587 -0.021392 -0.019192
588 -0.0119078 -0.00914242
589 -0.000654502 0.00229597
590 0.0109171 0.0136623
591 0.0212982 0.0234937
592 0.0291233 0.0305066
593 0.033351 0.0337582
594 0.033399 0.032771
595 0.0292145 0.0276011
596 0.0212754 0.0188386
597 0.0105256 0.00753648
598 -0.00174272 -0.00492424
599 -0.0140447 -0.0170121
600 -0.0248777 -0.0272386
601 -0.0328999 -0.03434
602 -0.0370924 -0.0374256
603 -0.0368873 -0.0360778
604 -0.0322429 -0.0303978
605 -0.0236537 -0.0209944
606 -0.0120915 -0.00891712
607 0.00111439 0.00445986
608 0.0144394 0.0175944
609 0.0263445 0.028956
610 0.0354513 0.0372069
611 0.0406931 0.0413604
612 0.0414289 0.0408953
613 0.0375127 0.0358122
614 0.029312 0.0266284
615 0.0176735 0.014314
616 0.00383593 0.000182449
617 -0.0107057 -0.0142513
618 -0.0243668 -0.0274311
619 -0.0356521 -0.0379224
620 -0.0433208 -0.0445641
621 -0.0465186 -0.0465934
622 -0.0448618 -0.0437311
623 -0.03847 -0.0362141
624 -0.0279485 -0.0247712
625 -0.0143256 -0.0105431
626 0.00104841 0.00504031
627 0.0166341 0.0204112
628 0.0308562 0.0340231
629 0.042264 0.0445019
630 0.0496809 0.0507761
631 0.0523248 0.0521772
632 0.0498843 0.048503
633 0.0425444 0.0400404
634 0.0309611 0.0275414
635 0.0161926 0.012153
636 -0.000403509 -0.00469477
637 -0.0172961 -0.0214296
638 -0.0329198 -0.03649
639 -0.0458159 -0.0484724
640 -0.0547665 -0.0562554
641 -0.0589066 -0.0590943
642 -0.0578049 -0.05668
643 -0.0515023 -0.0491631
644 -0.0405045 -0.0371413
645 -0.0257317 -0.0216109
646 -0.00843076 -0.00388166
647 0.00993689 0.0145384
648 0.0278206 0.0320784
649 0.0437092 0.0472446
650 0.0562531 0.0587473
651 0.0643734 0.0656044
652 0.06735 0.0672135
653 0.0648812 0.063392
654 0.0571087 0.0543869
655 0.0446034 0.0408546
656 0.0283142 0.0238109
657 0.00948489 0.00455279
658 -0.0104493 -0.0154457
659 -0.0299746 -0.034653
660 -0.0476118 -0.0516025
661 -0.0620227 -0.0650049
662 -0.0721042 -0.0738406
663 -0.0770681 -0.077426
664 -0.0764987 -0.0754552
665 -0.0703834 -0.0680152
666 -0.0591112 -0.0555789
667 -0.0434384 -0.0389704
668 -0.0244255 -0.0193072
669 -0.00335475 0.00208136
670 0.018362 0.0237515
671 0.0392773 0.0442485
672 0.0579999 0.0622056
673 0.0732818 0.0764322
674 0.0840974 0.0859839
675 0.0897106 0.0902163
676 0.089723 0.0888194
677 0.0840957 0.0818334
678 0.0731435 0.0696438
679 0.057504 0.052954
680 0.0380876 0.0327375
681 0.0160166 0.0101718
682 -0.00744139 -0.0134382
683 -0.0309447 -0.03674
684 -0.0531521 -0.0584123
685 -0.0727999 -0.0772363
686 -0.088776 -0.0921588
687 -0.100183 -0.102346
688 -0.106386 -0.107222
689 -0.107035 -0.106502
690 -0.102075 -0.100195
691 -0.0917329 -0.0886016
692 -0.0765018 -0.0722896
693 -0.0571104 -0.0520549
694 -0.0344869 -0.0288745
695 -0.00971093 -0.00385356
696 0.0160446 0.0218308
697 0.0415773 0.0469845
698 0.0657177 0.0704512
699 0.0873834 0.0911642
700 0.105623 0.108193
701 0.119648 0.120782
702 0.128862 0.128381
703 0.132875 0.130656
704 0.131522 0.127502
705 0.124867 0.119029
706 0.113189 0.105549
707 0.0969664 0.0875613
708 0.0768435 0.0657203
709 0.0535947 0.0408103
710 0.0280907 0.0137087
711 0.00126554 -0.0146518
712 -0.0259154 -0.0433234
713 -0.0524888 -0.0713802
714 -0.0775278 -0.097951
715 -0.100176 -0.122245
716 -0.119677 -0.143572
717 -0.135394 -0.161362
718 -0.146818 -0.175172
719 -0.153579 -0.184705
720 -0.155438 -0.189807
721 -0.152294 -0.19047
722 -0.144177 -0.186819
723 -0.131243 -0.179101
724 -0.113764 -0.167665
725 -0.0921065 -0.152947
726 -0.0667119 -0.135454
727 -0.0380767 -0.115748
728 -0.00673421 -0.0944308
729 0.0267592 -0.0721199
730 0.0618369 -0.0494316
731 0.097936 -0.0269592
732 0.134512 -0.00525903
733 0.171054 0.0151604
734 0.207096 0.0338446
735 0.242222 0.0503993
736 0.276067 0.0644965
737 0.308318 0.075882
738 0.338708 0.0843806
739 0.367022 0.0898977
740 0.393091 0.0924157
741 0.416795 0.0919879
742 0.438054 0.0887308
743 0.456821 0.0828192
744 0.47307 0.0744836
745 0.486794 0.0640067
746 0.497992 0.051719
747 0.506674 0.0379895
748 0.512857 0.0232152
749 0.516557 0.00780884
750 0.517789 -0.00780884
751 0.516557 -0.0232152
752 0.512857 -0.0379895
753 0.506674 -0.051719
754 0.497992 -0.0640067
755 0.486794 -0.0744836
756 0.47307 -0.0828192
757 0.456821 -0.0887308
758 0.438054 -0.0919879
759 0.416795 -0.0924157
760 0.393091 -0.0898977
761 0.367022 -0.0843806
762 0.338708 -0.075882
763 0.308318 -0.0644965
764 0.276067 -0.0503993
765 0.242222 -0.0338446
766 0.207096 -0.0151604
767 0.171054 0.00525903
768 0.134512 0.0269592
769 0.097936 0.0494316
770 0.0618369 0.0721199
771 0.0267592 0.0944308
772 -0.00673421 0.115748
773 -0.0380767 0.135454
774 -0.0667119 0.152947
775 -0.0921065 0.167665
776 -0.113764 0.179101
777 -0.131243 0.186819
778 -0.144177 0.19047
779 -0.152294 0.189807
780 -0.155438 0.184705
781 -0.153579 0.175172
782 -0.146818 0.161362
783 -0.135394 0.143572
784 -0.119677 0.122245
785 -0.100176 0.097951
786 -0.0775278 0.0713802
787 -0.0524888 0.0433234
788 -0.0259154 0.0146518
789 0.00126554 -0.0137087
790 0.0280907 -0.0408103
791 0.0535947 -0.0657203
792 0.0768435 -0.0875613
793 0.0969664 -0.105549
794 0.113189 -0.119029
795 0.124867 -0.127502
796 0.131522 -0.130656
797 0.132875 -0.128381
798 0.128862 -0.120782
799 0.119648 -0.108193
800 0.105623 -0.0911642
801 0.0873834 -0.0704512
802 0.0657177 -0.0469845
803 0.0415773 -0.0218308
804 0.0160446 0.00385356
805 -0.00971093 0.0288745
806 -0.0344869 0.0520549
807 -0.0571104 0.0722896
808 -0.0765018 0.0886016
809 -0.0917329 0.100195
810 -0.102075 0.106502
811 -0.107035 0.107222
812 -0.106386 0.102346
813 -0.100183 0.0921588
814 -0.088776 0.0772363
815 -0.0727999 0.0584123
816 -0.0531521 0.03674
817 -0.0309447 0.0134382
818 -0.00744139 -0.0101718
819 0.0160166 -0.0327375
820 0.0380876 -0.052954
821 0.057504 -0.0696438
822 0.0731435 -0.0818334
823 0.0840957 -0.0888194
824 0.089723 -0.0902163
825 0.0897106 -0.0859839
826 0.0840974 -0.0764322
827 0.0732818 -0.0622056
828 0.0579999 -0.0442485
829 0.0392773 -0.0237515
830 0.018362 -0.00208136
831 -0.00335475 0.0193072
832 -0.0244255 0.0389704
833 -0.0434384 0.0555789
834 -0.0591112 0.0680152
835 -0.0703834 0.0754552
836 -0.0764987 0.077426
837 -0.0770681 0.0738406
838 -0.0721042 0.0650049
839 -0.0620227 0.0516025
840 -0.0476118 0.034653
841 -0.0299746 0.0154457
842 -0.0104493 -0.00455279
843 0.00948489 -0.0238109
844 0.0283142 -0.0408546
845 0.0446034 -0.0543869
846 0.0571087 -0.063392
847 0.0648812 -0.0672135
848 0.06735 -0.0656044
849 0.0643734 -0.0587473
850 0.0562531 -0.0472446
851 0.0437092 -0.0320784
852 0.0278206 -0.0145384
853 0.00993689 0.00388166
854 -0.00843076 0.0216109
855 -0.0257317 0.0371413
856 -0.0405045 0.0491631
857 -0.0515023 0.05668
858 -0.0578049 0.0590943
859 -0.0589066 0.0562554
860 -0.0547665 0.0484724
861 -0.0458159 0.03649
862 -0.0329198 0.0214296
863 -0.0172961 0.00469477
864 -0.000403509 -0.012153
865 0.0161926 -0.0275414
866 0.0309611 -0.0400404
867 0.0425444 -0.048503
868 0.0498843 -0.0521772
869 0.0523248 -0.0507761
870 0.0496809 -0.0445019
871 0.042264 -0.0340231
872 0.0308562 -0.0204112
873 0.0166341 -0.00504031
874 0.00104841 0.0105431
875 -0.0143256 0.0247712
876 -0.0279485 0.0362141
877 -0.03847 0.0437311
878 -0.0448618 0.0465934
879 -0.0465186 0.0445641
880 -0.0433208 0.0379224
881 -0.0356521 0.0274311
882 -0.0243668 0.0142513
883 -0.0107057 -0.000182449
884 0.00383593 -0.014314
885 0.0176735 -0.0266284
886 0.029312 -0.0358122
887 0.0375127 -0.0408953
888 0.0414289 -0.0413604
889 0.0406931 -0.0372069
890 0.0354513 -0.028956
891 0.0263445 -0.0175944
892 0.0144394 -0.00445986
893 0.00111439 0.00891712
894 -0.0120915 0.0209944
895 -0.0236537 0.0303978
896 -0.0322429 0.0360778
897 -0.0368873 0.0374256
898 -0.0370924 0.03434
899 -0.0328999 0.0272386
900 -0.0248777 0.0170121
901 -0.0140447 0.00492424
902 -0.00174272 -0.00753648
903 0.0105256 -0.0188386
904 0.0212754 -0.0276011
905 0.0292145 -0.032771
906 0.033399 -0.0337582
907 0.033351 -0.0305066
908 0.0291233 -0.0234937
909 0.0212982 -0.0136623
910 0.0109171 -0.00229597
911 -0.000654502 0.00914242
912 -0.0119078 0.019192
913 -0.021392 0.0265754
914 -0.0279052 0.0303626
915 -0.0306491 0.0300953
916 -0.029327 0.0258542
917 -0.0241748 0.0182536
918 -0.0159256 0.00835992
919 -0.00571238 -0.00245736
920 0.00507859 -0.0127183
921 0.0149885 -0.0210392
922 0.0226809 -0.026322
923 0.0271261 -0.027898
924 0.0277486 -0.0256116
925 0.024512 -0.0198346
926 0.0179255 -0.0114125
927 0.00896765 -0.00154982
928 -0.00106024 0.00835322
929 -0.0107257 0.0168944
930 -0.0186709 0.0228689
931 -0.0238019 0.0254464
932 -0.0254355 0.0242962
933 -0.0233892 0.0196384
934 -0.0180036 0.0122099
935 -0.0100967 0.00314869
936 -0.000850209 -0.00618225
937 0.00835825 -0.0144025
938 0.0161589 -0.0203187
939 0.0213992 -0.0230957
940 0.0233232 -0.0223719
941 0.0216902 -0.018306
942 0.0168084 -0.0115514
943 0.00947952 -0.00316072
944 0.00086582 0.00556799
945 -0.00769546 0.0132865
946 -0.0148983 0.0188057
947 -0.0196635 0.0212868
948 -0.0212962 0.0203792
949 -0.0195873 0.0162782
950 -0.0148437 0.00968953
951 -0.00784371 0.00170736
952 0.000280342 -0.0063708
953 0.00821846 -0.0132572
954 0.0146936 -0.0178782
955 0.0186725 -0.0195377
956 0.0195402 -0.0180187
957 0.0172028 -0.0136116
958 0.0120998 -0.0070664
959 0.00512316 0.000525014
960 -0.00254124 0.00790197
961 -0.00961746 0.0138406
962 -0.0149516 0.0173602
963 -0.0176969 0.0178934
964 -0.0174439 0.0153881
965 -0.0142798 0.0103173
966 -0.00877133 0.00359292
967 -0.0018719 -0.00359976
968 0.00523288 -0.0100155
969 0.0113229 -0.0145678
970 0.0153538 -0.0165136
971 0.0166436 -0.0155711
972 0.0149986 -0.0119575
973 0.0107509 -0.0063415
974 0.00469612 0.000274432
975 -0.00205669 0.00672548
976 -0.00829332 0.0118818
977 -0.0129169 0.0148435
978 -0.0151421 0.0151011
979 -0.0146254 0.0126324
980 -0.011514 0.00791343
981 -0.00640861 0.00183492
982 -0.000251634 -0.00446401
983 0.00583931 -0.00981359
984 0.0107667 -0.0132383
985 0.0136466 -0.014141
986 0.0139692 -0.0124089
987 0.0116967 -0.00842226
988 0.00727689 -0.00296944
989 0.0015641 0.00291021
990 -0.00434237 0.00812176
991 -0.0093124 0.011713
992 -0.0124086 0.0130426
993 -0.0130707 0.0118926
994 -0.0112215 0.00850695
995 -0.00727149 0.00354949
996 -0.00202643 -0.00201659
997 0.00348043 -0.00710911
998 0.00819212 -0.010737
999 0.0112274 -0.0121992
