0 0.00608997 0.00703722
1 0.00895877 0.00964742
2 0.010062 0.0102785
3 0.00916091 0.00877667
4 0.00640356 0.00544151
5 0.00230203 0.000957142
6 -0.00235643 -0.00375931
7 -0.00665309 -0.00775346
8 -0.00971383 -0.0102278
9 -0.0108864 -0.0106939
10 -0.00988277 -0.00905721
11 -0.00685289 -0.00562501
12 -0.00236897 -0.00104361
13 0.00268293 0.00382067
14 0.00728355 0.00803678
15 0.0104942 0.0107779
16 0.011655 0.0114779
17 0.0105213 0.00994859
18 0.00730949 0.00643136
19 0.00264448 0.00156753
20 -0.00257292 -0.00371519
21 -0.00734649 -0.00838168
22 -0.0107732 -0.0114984
23 -0.012205 -0.0124268
24 -0.0113596 -0.0109572
25 -0.00836658 -0.00735289
26 -0.00374666 -0.00229554
27 0.00167399 0.00325404
28 0.00690263 0.00824655
29 0.0109547 0.0117453
30 0.0130373 0.0130974
31 0.0127083 0.012046
32 0.00997473 0.00876785
33 0.00530637 0.00383674
34 -0.000445386 -0.00187803
35 -0.00620935 -0.00735906
36 -0.0109031 -0.0116134
37 -0.0136431 -0.0138451
38 -0.0139119 -0.0136022
39 -0.0116499 -0.0108701
40 -0.00725719 -0.00609144
41 -0.00151222 -9.92371e-05
42 0.00457257 0.00602873
43 0.0099289 0.0111703
44 0.0136136 0.0143733
45 0.014965 0.0150374
46 0.013714 0.0130258
47 0.0100326 0.00868437
48 0.00451434 0.00276921
49 -0.00191539 -0.00369561
50 -0.0081493 -0.0095996
51 -0.013087 -0.013932
52 -0.0158322 -0.0159445
53 -0.0158606 -0.0152691
54 -0.0131243 -0.0119788
55 -0.00806668 -0.0065824
56 -0.00154473 4.8172e-05
57 0.00532683 0.00681217
58 0.011376 0.0125595
59 0.0155774 0.0162881
60 0.0172218 0.0173232
61 0.0160245 0.0154438
62 0.0121621 0.0109285
63 0.00623747 0.00451009
64 -0.000814173 -0.00275182
65 -0.007867 -0.00965517
66 -0.0137749 -0.01506
67 -0.0175516 -0.0180756
68 -0.0185342 -0.0182004
69 -0.0165041 -0.0153942
70 -0.0117371 -0.0100778
71 -0.00496964 -0.0030655
72 0.00271915 0.00455887
73 0.0100885 0.0116031
74 0.0159456 0.0169458
75 0.0193426 0.0197106
76 0.0197274 0.0194091
77 0.0170226 0.0160305
78 0.0116284 0.0100559
79 0.00435449 0.00239108
80 -0.00370506 -0.00577585
81 -0.011332 -0.0131674
82 -0.017361 -0.0186249
83 -0.02085 -0.0212933
84 -0.0212242 -0.0207497
85 -0.0183698 -0.0170588
86 -0.0126636 -0.0107521
87 -0.00492559 -0.00274287
88 0.00369885 0.00580693
89 0.0119137 0.0136483
90 0.0184737 0.0196182
91 0.022378 0.0228044
92 0.0230231 0.0226845
93 0.0202903 0.019214
94 0.0145558 0.0128471
95 0.00662807 0.00447955
96 -0.00237364 -0.00468306
97 -0.011178 -0.013308
98 -0.0185356 -0.0201388
99 -0.0233871 -0.024181
100 -0.0250082 -0.0248423
101 -0.0231144 -0.0220076
102 -0.0179111 -0.0160456
103 -0.0100772 -0.00775228
104 -0.000678855 0.00175707
105 0.00897851 0.0111928
106 0.0175396 0.0192588
107 0.0237978 0.0248253
108 0.026869 0.0270858
109 0.0263118 0.0256758
110 0.0221795 0.0207325
111 0.0150018 0.0128831
112 0.00570663 0.00316037
113 -0.00450176 -0.00714109
114 -0.0142931 -0.0166455
115 -0.022375 -0.0240838
116 -0.0276568 -0.0284608
117 -0.0293946 -0.0291812
118 -0.0272995 -0.0261198
119 -0.0215875 -0.0196325
120 -0.0129592 -0.0105101
121 -0.00250779 0.000117881
122 0.00843025 0.0109198
123 0.0184567 0.0205241
124 0.0262948 0.0276913
125 0.0309473 0.0314741
126 0.0318127 0.0313448
127 0.0287505 0.0272681
128 0.0220939 0.0197095
129 0.0126124 0.00957372
130 0.00142662 -0.00191408
131 -0.0101188 -0.0133659
132 -0.0206143 -0.023403
133 -0.0287591 -0.0308182
134 -0.0335258 -0.034713
135 -0.0342911 -0.034596
136 -0.0309146 -0.0304385
137 -0.0237516 -0.0226821
138 -0.013604 -0.0121973
139 -0.00161869 -0.000190958
140 0.0108495 0.0119305
141 0.0223932 0.0227281
142 0.031708 0.0309057
143 0.037736 0.035467
144 0.0397826 0.0358305
145 0.0375979 0.0318886
146 0.0314102 0.0240074
147 0.0219077 0.0129758
148 0.0101654 -8.55687e-05
149 -0.0024737 -0.013842
150 -0.0145507 -0.0268816
151 -0.0246554 -0.0378615
152 -0.0315819 -0.0456543
153 -0.034457 -0.0494783
154 -0.0328272 -0.0489937
155 -0.0266988 -0.0443473
156 -0.0165305 -0.036157
157 -0.00318178 -0.0254396
158 0.0121745 -0.0134941
159 0.0281704 -0.00176148
160 0.0433812 0.00832038
161 0.0564739 0.0154528
162 0.0663495 0.0185959
163 0.0722634 0.0170652
164 0.0739069 0.0106011
165 0.0714393 -0.000599338
166 0.0654673 -0.0158951
167 0.0569778 -0.0342641
168 0.0472355 -0.05441
169 0.0376606 -0.0748999
170 0.0296981 -0.0943138
171 0.024688 -0.111383
172 0.0237443 -0.125108
173 0.0276499 -0.134839
174 0.0367764 -0.140333
175 0.0510418 -0.141766
176 0.0699129 -0.139725
177 0.0924564 -0.135151
178 0.117431 -0.129261
179 0.143409 -0.123428
180 0.168904 -0.119045
181 0.1925 -0.117392
182 0.212957 -0.119505
183 0.229309 -0.126083
184 0.240931 -0.137426
185 0.247589 -0.153406
186 0.249459 -0.173479
187 0.247108 -0.196717
188 0.241433 -0.221878
189 0.23357 -0.24749
190 0.224773 -0.271965
191 0.216289 -0.29372
192 0.209243 -0.311302
193 0.204545 -0.323496
194 0.202811 -0.329417
195 0.204321 -0.328565
196 0.208983 -0.320848
197 0.216329 -0.306577
198 0.225539 -0.28643
199 0.235494 -0.261393
200 0.244867 -0.232689
201 0.252233 -0.201682
202 0.256189 -0.169778
203 0.255471 -0.138325
204 0.249048 -0.108515
205 0.236193 -0.0813094
206 0.216539 -0.0573812
207 0.190108 -0.0370881
208 0.157334 -0.0204708
209 0.119052 -0.00727562
210 0.0764638 0.00300215
211 0.0310738 0.0110595
212 -0.0154047 0.0177148
213 -0.0611574 0.0238293
214 -0.104377 0.0302268
215 -0.143365 0.0376161
216 -0.176608 0.046524
217 -0.202856 0.0572433
218 -0.22117 0.0698019
219 -0.230971 0.0839539
220 -0.232074 0.0991937
221 -0.224692 0.11479
222 -0.209422 0.129836
223 -0.187198 0.143311
224 -0.159221 0.154153
225 -0.126888 0.161333
226 -0.0917119 0.163927
227 -0.0552522 0.161196
228 -0.0190522 0.152639
229 0.0154231 0.138049
230 0.0468487 0.117543
231 0.0740971 0.0915679
232 0.0962863 0.0608904
233 0.112809 0.0265668
234 0.12334 -0.0101052
235 0.127824 -0.0476464
236 0.126449 -0.0844656
237 0.119622 -0.118938
238 0.107938 -0.149484
239 0.0921543 -0.174659
240 0.0731601 -0.193224
241 0.0519358 -0.204219
242 0.0295069 -0.207016
243 0.00689392 -0.201354
244 -0.0149304 -0.18735
245 -0.0350729 -0.165504
246 -0.0527394 -0.136669
247 -0.0672467 -0.102024
248 -0.0780351 -0.0630197
249 -0.0846839 -0.0213118
250 -0.08693 0.0213118
251 -0.0846839 0.0630197
252 -0.0780351 0.102024
253 -0.0672467 0.136669
254 -0.0527394 0.165504
255 -0.0350729 0.18735
256 -0.0149304 0.201354
257 0.00689392 0.207016
258 0.0295069 0.204219
259 0.0519358 0.193224
260 0.0731601 0.174659
261 0.0921543 0.149484
262 0.107938 0.118938
263 0.119622 0.0844656
264 0.126449 0.0476464
265 0.127824 0.0101052
266 0.12334 -0.0265668
267 0.112809 -0.0608904
268 0.0962863 -0.0915679
269 0.0740971 -0.117543
270 0.0468487 -0.138049
271 0.0154231 -0.152639
272 -0.0190522 -0.161196
273 -0.0552522 -0.163927
274 -0.0917119 -0.161333
275 -0.126888 -0.154153
276 -0.159221 -0.143311
277 -0.187198 -0.129836
278 -0.209422 -0.11479
279 -0.224692 -0.0991937
280 -0.232074 -0.0839539
281 -0.230971 -0.0698019
282 -0.22117 -0.0572433
283 -0.202856 -0.046524
284 -0.176608 -0.0376161
285 -0.143365 -0.0302268
286 -0.104377 -0.0238293
287 -0.0611574 -0.0177148
288 -0.0154047 -0.0110595
289 0.0310738 -0.00300215
290 0.0764638 0.00727562
291 0.119052 0.0204708
292 0.157334 0.0370881
293 0.190108 0.0573812
294 0.216539 0.0813094
295 0.236193 0.108515
296 0.249048 0.138325
297 0.255471 0.169778
298 0.256189 0.201682
299 0.252233 0.232689
300 0.244867 0.261393
301 0.235494 0.28643
302 0.225539 0.306577
303 0.216329 0.320848
304 0.208983 0.328565
305 0.204321 0.329417
306 0.202811 0.323496
307 0.204545 0.311302
308 0.209243 0.29372
309 0.216289 0.271965
310 0.224773 0.24749
311 0.23357 0.221878
312 0.241433 0.196717
313 0.247108 0.173479
314 0.249459 0.153406
315 0.247589 0.137426
316 0.240931 0.126083
317 0.229309 0.119505
318 0.212957 0.117392
319 0.1925 0.119045
320 0.168904 0.123428
321 0.143409 0.129261
322 0.117431 0.135151
323 0.0924564 0.139725
324 0.0699129 0.141766
325 0.0510418 0.140333
326 0.0367764 0.134839
327 0.0276499 0.125108
328 0.0237443 0.111383
329 0.024688 0.0943138
330 0.0296981 0.0748999
331 0.0376606 0.05441
332 0.0472355 0.0342641
333 0.0569778 0.0158951
334 0.0654673 0.000599338
335 0.0714393 -0.0106011
336 0.0739069 -0.0170652
337 0.0722634 -0.0185959
338 0.0663495 -0.0154528
339 0.0564739 -0.00832038
340 0.0433812 0.00176148
341 0.0281704 0.0134941
342 0.0121745 0.0254396
343 -0.00318178 0.036157
344 -0.0165305 0.0443473
345 -0.0266988 0.0489937
346 -0.0328272 0.0494783
347 -0.034457 0.0456543
348 -0.0315819 0.0378615
349 -0.0246554 0.0268816
350 -0.0145507 0.013842
351 -0.0024737 8.55687e-05
352 0.0101654 -0.0129758
353 0.0219077 -0.0240074
354 0.0314102 -0.0318886
355 0.0375979 -0.0358305
356 0.0397826 -0.035467
357 0.037736 -0.0309057
358 0.031708 -0.0227281
359 0.0223932 -0.0119305
360 0.0108495 0.000190958
361 -0.00161869 0.0121973
362 -0.013604 0.0226821
363 -0.0237516 0.0304385
364 -0.0309146 0.034596
365 -0.0342911 0.034713
366 -0.0335258 0.0308182
367 -0.0287591 0.023403
368 -0.0206143 0.0133659
369 -0.0101188 0.00191408
370 0.00142662 -0.00957372
371 0.0126124 -0.0197095
372 0.0220939 -0.0272681
373 0.0287505 -0.0313448
374 0.0318127 -0.0314741
375 0.0309473 -0.0276913
376 0.0262948 -0.0205241
377 0.0184567 -0.0109198
378 0.00843025 -0.000117881
379 -0.00250779 0.0105101
380 -0.0129592 0.0196325
381 -0.0215875 0.0261198
382 -0.0272995 0.0291812
383 -0.0293946 0.0284608
384 -0.0276568 0.0240838
385 -0.022375 0.0166455
386 -0.0142931 0.00714109
387 -0.00450176 -0.00316037
388 0.00570663 -0.0128831
389 0.0150018 -0.0207325
390 0.0221795 -0.0256758
391 0.0263118 -0.0270858
392 0.026869 -0.0248253
393 0.0237978 -0.0192588
394 0.0175396 -0.0111928
395 0.00897851 -0.00175707
396 -0.000678855 0.00775228
397 -0.0100772 0.0160456
398 -0.0179111 0.0220076
399 -0.0231144 0.0248423
400 -0.0250082 0.024181
401 -0.0233871 0.0201388
402 -0.0185356 0.013308
403 -0.011178 0.00468306
404 -0.00237364 -0.00447955
405 0.00662807 -0.0128471
406 0.0145558 -0.019214
407 0.0202903 -0.0226845
408 0.0230231 -0.0228044
409 0.022378 -0.0196182
410 0.0184737 -0.0136483
411 0.0119137 -0.00580693
412 0.00369885 0.00274287
413 -0.00492559 0.0107521
414 -0.0126636 0.0170588
415 -0.0183698 0.0207497
416 -0.0212242 0.0212933
417 -0.02085 0.0186249
418 -0.017361 0.0131674
419 -0.011332 0.00577585
420 -0.00370506 -0.00239108
421 0.00435449 -0.0100559
422 0.0116284 -0.0160305
423 0.0170226 -0.0194091
424 0.0197274 -0.0197106
425 0.0193426 -0.0169458
426 0.0159456 -0.0116031
427 0.0100885 -0.00455887
428 0.00271915 0.0030655
429 -0.00496964 0.0100778
430 -0.0117371 0.0153942
431 -0.0165041 0.0182004
432 -0.0185342 0.0180756
433 -0.0175516 0.01506
434 -0.0137749 0.00965517
435 -0.007867 0.00275182
436 -0.000814173 -0.00451009
437 0.00623747 -0.0109285
438 0.0121621 -0.0154438
439 0.0160245 -0.0173232
440 0.0172218 -0.0162881
441 0.0155774 -0.0125595
442 0.011376 -0.00681217
443 0.00532683 -4.8172e-05
444 -0.00154473 0.0065824
445 -0.00806668 0.0119788
446 -0.0131243 0.0152691
447 -0.0158606 0.0159445
448 -0.0158322 0.013932
449 -0.013087 0.0095996
450 -0.0081493 0.00369561
451 -0.00191539 -0.00276921
452 0.00451434 -0.00868437
453 0.0100326 -0.0130258
454 0.013714 -0.0150374
455 0.014965 -0.0143733
456 0.0136136 -0.0111703
457 0.0099289 -0.00602873
458 0.00457257 9.92371e-05
459 -0.00151222 0.00609144
460 -0.00725719 0.0108701
461 -0.0116499 0.0136022
462 -0.0139119 0.0138451
463 -0.0136431 0.0116134
464 -0.0109031 0.00735906
465 -0.00620935 0.00187803
466 -0.000445386 -0.00383674
467 0.00530637 -0.00876785
468 0.00997473 -0.012046
469 0.0127083 -0.0130974
470 0.0130373 -0.0117453
471 0.0109547 -0.00824655
472 0.00690263 -0.00325404
473 0.00167399 0.00229554
474 -0.00374666 0.00735289
475 -0.00836658 0.0109572
476 -0.0113596 0.0124268
477 -0.012205 0.0114984
478 -0.0107732 0.00838168
479 -0.00734649 0.00371519
480 -0.00257292 -0.00156753
481 0.00264448 -0.00643136
482 0.00730949 -0.00994859
483 0.0105213 -0.0114779
484 0.011655 -0.0107779
485 0.0104942 -0.00803678
486 0.00728355 -0.00382067
487 0.00268293 0.00104361
488 -0.00236897 0.00562501
489 -0.00685289 0.00905721
490 -0.00988277 0.0106939
491 -0.0108864 0.0102278
492 -0.00971383 0.00775346
493 -0.00665309 0.00375931
494 -0.00235643 -0.000957142
495 0.00230203 -0.00544151
496 0.00640356 -0.00877667
497 0.00916091 -0.0102785
498 0.010062 -0.00964742
499 0.00895877 -0.00703722
500 0.00608997 -0.00302138
501 0.00203508 0.00153593
502 -0.00239279 0.00567298
503 -0.00630028 0.00854046
504 -0.00888896 0.00957898
505 -0.009621 0.00862571
506 -0.00834007 0.00593178
507 -0.00531651 0.00209341
508 -0.00119936 -0.00208182
509 0.00312064 -0.00574217
510 0.00670887 -0.00815874
511 0.00879857 -0.00886281
512 0.0089639 -0.00773183
513 0.00721079 -0.00501118
514 0.00396472 -0.00126821
515 -3.77508e-05 0.0027159
516 -0.00392258 0.0061004
517 -0.00687231 0.00815941
518 -0.00829579 0.0084419
519 -0.00793973 0.00688055
520 -0.00592496 0.00381886
521 -0.00270762 -5.70613e-05
522 0.00102161 -0.00387192
523 0.00447848 -0.00676538
524 0.00694117 -0.00809594
525 0.0078945 -0.00759135
526 0.00713702 -0.0054067
527 0.00482927 -0.00207692
528 0.00146967 0.0016203
529 -0.00220342 0.00485247
530 -0.00536862 0.00692214
531 -0.00730646 0.00741444
532 -0.00757042 0.00627265
533 -0.00610012 0.0037926
534 -0.00324387 0.000544727
535 0.000320404 -0.00275438
536 0.0037492 -0.00539303
537 0.00624093 -0.00680951
538 0.00723194 -0.00670586
539 0.00652901 -0.00511034
540 0.00434485 -0.00237601
541 0.00123153 0.000887781
542 -0.00206535 0.00394214
543 -0.00478952 0.00608149
544 -0.00634684 0.00679887
545 -0.00642874 0.00591417
546 -0.00506433 0.00362956
547 -0.0025974 0.000491527
548 0.000399576 -0.00273743
549 0.00325278 -0.00526828
550 0.00533 -0.00648692
551 0.00617292 -0.00611209
552 0.00559507 -0.00426535
553 0.00372613 -0.00143332
554 0.000990945 0.00166542
555 -0.0019774 0.0042698
556 -0.0044771 0.00576832
557 -0.00590222 0.00584283
558 -0.00589466 0.00453037
559 -0.0044431 0.00219428
560 -0.0018985 -0.000579878
561 0.00110509 -0.00313184
562 0.003809 -0.00487978
563 0.00552766 -0.00544562
564 0.00583141 -0.00472904
565 0.00466153 -0.00291989
566 0.0023435 -0.000450444
567 -0.000505372 0.00210113
568 -0.00314659 0.00413752
569 -0.00491877 0.00517533
570 -0.00540719 0.00495826
571 -0.00453933 0.00352491
572 -0.00258537 0.00121171
573 -7.08199e-05 -0.00141648
574 0.00236836 -0.00369848
575 0.00414643 -0.00504361
576 0.00486369 -0.00509099
577 0.00438845 -0.00381559
578 0.00287243 -0.00154628
579 0.000702869 0.00111547
580 -0.00159313 0.00345748
581 -0.00346967 0.00485424
582 -0.00448384 0.00494204
583 -0.00439492 0.00371921
584 -0.00322145 0.00154187
585 -0.00124295 -0.000982497
586 0.00105789 -0.00317013
587 0.00310461 -0.00445171
588 0.00436744 -0.00452312
589 0.00450238 -0.00341529
590 0.00345192 -0.00146837
591 0.00147511 0.000776095
592 -0.00090887 0.00272895
593 -0.0030549 0.00390806
594 -0.00437021 0.00405288
595 -0.00448565 0.00317393
596 -0.00336711 0.00153199
597 -0.00133063 -0.000440081
598 0.00104663 -0.00224862
599 0.00309395 -0.00345596
600 0.00424265 -0.0037784
601 0.00418991 -0.00314731
602 0.0029813 -0.00172334
603 0.00098875 0.000139042
604 -0.00120686 0.00197142
605 -0.00298984 0.00330179
606 -0.0038863 0.00377301
607 -0.00369086 0.00324108
608 -0.00250917 0.00182521
609 -0.000709598 -0.000109658
610 0.00119478 -0.00204067
611 0.0026945 -0.00342673
612 0.00341829 -0.00386336
613 0.00321894 -0.00320707
614 0.00219377 -0.00162863
615 0.000642284 0.000426165
616 -0.00102093 0.00236159
617 -0.0023728 0.00360804
618 -0.00308229 0.00379568
619 -0.00298445 0.00287038
620 -0.002115 0.00111334
621 -0.000699934 -0.000944158
622 0.000897458 -0.00268483
623 0.00226253 -0.00359614
624 0.00303118 -0.00342629
625 0.00298534 -0.00225591
626 0.00211769 -0.000464171
627 0.000645431 0.0013969
628 -0.00103645 0.00277672
629 -0.00245609 0.00329214
630 -0.00319636 0.00283385
631 -0.00302081 0.00158378
632 -0.00195472 -5.59243e-05
633 -0.000291638 -0.00159466
634 0.00148315 -0.00260157
635 0.00283422 -0.00282489
636 0.00334135 -0.00224989
637 0.00283589 -0.00108449
638 0.00146184 0.000316171
639 -0.000362116 0.00155834
640 -0.00207083 0.00231789
641 -0.00313147 0.00241934
642 -0.00321466 0.00186892
643 -0.00230108 0.000839664
644 -0.000687504 -0.000382165
645 0.00111015 -0.00147264
646 0.00252468 -0.00214979
647 0.00312049 -0.00224063
648 0.00273098 -0.00172271
649 0.00150604 -0.000731293
650 -0.000144337 0.000470827
651 -0.0016892 0.0015568
652 -0.00265052 0.00222
653 -0.00275357 0.00225938
654 -0.00200546 0.00164259
655 -0.000679265 0.000526264
656 0.000786154 -0.000777449
657 0.0019336 -0.00188403
658 0.00243151 -0.00244906
659 0.00216853 -0.00227763
660 0.00127237 -0.00139511
661 5.308e-05 -5.26606e-05
662 -0.00110501 0.00134046
663 -0.00186453 0.00234117
664 -0.00203133 0.00261589
665 -0.00159919 0.00205567
666 -0.00073507 0.000821774
667 0.000284247 -0.000697698
668 0.00116042 -0.00200987
669 0.00165858 -0.00267919
670 0.00166581 -0.00247538
671 0.00121049 -0.00145571
672 0.000442512 4.86443e-05
673 -0.000415276 0.00154001
674 -0.00112891 0.00252053
675 -0.00151233 0.00266108
676 -0.00147104 0.00191464
677 -0.00102267 0.00053396
678 -0.000291187 -0.00101361
679 0.000523678 -0.00220559
680 0.00119621 -0.00264311
681 0.00153359 -0.00218686
682 0.00143008 -0.00100305
683 0.000901655 0.000496519
684 8.91183e-05 0.00179853
685 -0.000775005 0.00246565
686 -0.00142998 0.00228524
687 -0.0016647 0.00133812
688 -0.00138687 -3.51977e-05
689 -0.000660672 -0.00135706
690 0.000302834 -0.00217987
691 0.00120397 -0.00223886
692 0.0017468 -0.00153798
693 0.00173759 -0.000340693
694 0.00115598 0.000928375
695 0.000172248 0.00183454
696 -0.000899902 0.00208277
697 -0.00170296 0.00161418
698 -0.00195611 0.000617562
699 -0.00155544 -0.000545124
700 -0.000617225 -0.0014702
701 0.000553569 -0.00185285
702 0.00156208 -0.00158768
703 0.00205753 -0.000796042
704 0.00185667 0.000226205
705 0.00101288 0.00111867
706 -0.000195499 0.00158347
707 -0.00135629 0.00148449
708 -0.00206457 0.000885875
709 -0.00206529 1.95519e-05
710 -0.00134664 -0.00080345
711 -0.000149504 -0.00130427
712 0.0011128 -0.00133042
713 0.00199776 -0.000901191
714 0.00219 -0.000191179
715 0.00161491 0.000538964
716 0.000468183 0.0010376
717 -0.000850386 0.00114847
718 -0.00187657 0.000858791
719 -0.00224578 0.000294707
720 -0.00182338 -0.000331256
721 -0.000754568 -0.000799336
722 0.000584981 -0.000959136
723 0.001721 -0.000777141
724 0.00224896 -0.000340523
725 0.0019789 0.000181254
726 0.00100464 0.000600935
727 -0.000328269 0.000779928
728 -0.00154506 0.000673442
729 -0.00221126 0.000339847
730 -0.00208845 -8.67754e-05
731 -0.00122004 -0.000449004
732 8.37911e-05 -0.000623373
733 0.00135683 -0.000561973
734 0.00214363 -0.000304512
735 0.00216257 4.17402e-05
736 0.00140692 0.000344985
737 0.000147565 0.000498102
738 -0.00116381 0.000455918
739 -0.00205656 0.000247807
740 -0.00221011 -3.75327e-05
741 -0.0015694 -0.000288106
742 -0.000364966 -0.000411303
743 0.000969798 -0.000367409
744 0.00195464 -0.000182099
745 0.00223539 6.58859e-05
746 0.00171145 0.000276527
747 0.000571849 0.000367454
748 -0.000773002 0.000305305
749 -0.00183908 0.0001178
750 -0.00224285 -0.0001178
751 -0.00183908 -0.000305305
752 -0.000773002 -0.000367454
753 0.000571849 -0.000276527
754 0.00171145 -6.58859e-05
755 0.00223539 0.000182099
756 0.00195464 0.000367409
757 0.000969798 0.000411303
758 -0.000364966 0.000288106
759 -0.0015694 3.75327e-05
760 -0.00221011 -0.000247807
761 -0.00205656 -0.000455918
762 -0.00116381 -0.000498102
763 0.000147565 -0.000344985
764 0.00140692 -4.17402e-05
765 0.00216257 0.000304512
766 0.00214363 0.000561973
767 0.00135683 0.000623373
768 8.37911e-05 0.000449004
769 -0.00122004 8.67754e-05
770 -0.00208845 -0.000339847
771 -0.00221126 -0.000673442
772 -0.00154506 -0.000779928
773 -0.000328269 -0.000600935
774 0.00100464 -0.000181254
775 0.0019789 0.000340523
776 0.00224896 0.000777141
777 0.001721 0.000959136
778 0.000584981 0.000799336
779 -0.000754568 0.000331256
780 -0.00182338 -0.000294707
781 -0.00224578 -0.000858791
782 -0.00187657 -0.00114847
783 -0.000850386 -0.0010376
784 0.000468183 -0.000538964
785 0.00161491 0.000191179
786 0.00219 0.000901191
787 0.00199776 0.00133042
788 0.0011128 0.00130427
789 -0.000149504 0.00080345
790 -0.00134664 -1.95519e-05
791 -0.00206529 -0.000885875
792 -0.00206457 -0.00148449
793 -0.00135629 -0.00158347
794 -0.000195499 -0.00111867
795 0.00101288 -0.000226205
796 0.00185667 0.000796042
797 0.00205753 0.00158768
798 0.00156208 0.00185285
799 0.000553569 0.0014702
800 -0.000617225 0.000545124
801 -0.00155544 -0.000617562
802 -0.00195611 -0.00161418
803 -0.00170296 -0.00208277
804 -0.000899902 -0.00183454
805 0.000172248 -0.000928375
806 0.00115598 0.000340693
807 0.00173759 0.00153798
808 0.0017468 0.00223886
809 0.00120397 0.00217987
810 0.000302834 0.00135706
811 -0.000660672 3.51977e-05
812 -0.00138687 -0.00133812
813 -0.0016647 -0.00228524
814 -0.00142998 -0.00246565
815 -0.000775005 -0.00179853
816 8.91183e-05 -0.000496519
817 0.000901655 0.00100305
818 0.00143008 0.00218686
819 0.00153359 0.00264311
820 0.00119621 0.00220559
821 0.000523678 0.00101361
822 -0.000291187 -0.00053396
823 -0.00102267 -0.00191464
824 -0.00147104 -0.00266108
825 -0.00151233 -0.00252053
826 -0.00112891 -0.00154001
827 -0.000415276 -4.86443e-05
828 0.000442512 0.00145571
829 0.00121049 0.00247538
830 0.00166581 0.00267919
831 0.00165858 0.00200987
832 0.00116042 0.000697698
833 0.000284247 -0.000821774
834 -0.00073507 -0.00205567
835 -0.00159919 -0.00261589
836 -0.00203133 -0.00234117
837 -0.00186453 -0.00134046
838 -0.00110501 5.26606e-05
839 5.308e-05 0.00139511
840 0.00127237 0.00227763
841 0.00216853 0.00244906
842 0.00243151 0.00188403
843 0.0019336 0.000777449
844 0.000786154 -0.000526264
845 -0.000679265 -0.00164259
846 -0.00200546 -0.00225938
847 -0.00275357 -0.00222
848 -0.00265052 -0.0015568
849 -0.0016892 -0.000470827
850 -0.000144337 0.000731293
851 0.00150604 0.00172271
852 0.00273098 0.00224063
853 0.00312049 0.00214979
854 0.00252468 0.00147264
855 0.00111015 0.000382165
856 -0.000687504 -0.000839664
857 -0.00230108 -0.00186892
858 -0.00321466 -0.00241934
859 -0.00313147 -0.00231789
860 -0.00207083 -0.00155834
861 -0.000362116 -0.000316171
862 0.00146184 0.00108449
863 0.00283589 0.00224989
864 0.00334135 0.00282489
865 0.00283422 0.00260157
866 0.00148315 0.00159466
867 -0.000291638 5.59243e-05
868 -0.00195472 -0.00158378
869 -0.00302081 -0.00283385
870 -0.00319636 -0.00329214
871 -0.00245609 -0.00277672
872 -0.00103645 -0.0013969
873 0.000645431 0.000464171
874 0.00211769 0.00225591
875 0.00298534 0.00342629
876 0.00303118 0.00359614
877 0.00226253 0.00268483
878 0.000897458 0.000944158
879 -0.000699934 -0.00111334
880 -0.002115 -0.00287038
881 -0.00298445 -0.00379568
882 -0.00308229 -0.00360804
883 -0.0023728 -0.00236159
884 -0.00102093 -0.000426165
885 0.000642284 0.00162863
886 0.00219377 0.00320707
887 0.00321894 0.00386336
888 0.00341829 0.00342673
889 0.0026945 0.00204067
890 0.00119478 0.000109658
891 -0.000709598 -0.00182521
892 -0.00250917 -0.00324108
893 -0.00369086 -0.00377301
894 -0.0038863 -0.00330179
895 -0.00298984 -0.00197142
896 -0.00120686 -0.000139042
897 0.00098875 0.00172334
898 0.0029813 0.00314731
899 0.00418991 0.0037784
900 0.00424265 0.00345596
901 0.00309395 0.00224862
902 0.00104663 0.000440081
903 -0.00133063 -0.00153199
904 -0.00336711 -0.00317393
905 -0.00448565 -0.00405288
906 -0.00437021 -0.00390806
907 -0.0030549 -0.00272895
908 -0.00090887 -0.000776095
909 0.00147511 0.00146837
910 0.00345192 0.00341529
911 0.00450238 0.00452312
912 0.00436744 0.00445171
913 0.00310461 0.00317013
914 0.00105789 0.000982497
915 -0.00124295 -0.00154187
916 -0.00322145 -0.00371921
917 -0.00439492 -0.00494204
918 -0.00448384 -0.00485424
919 -0.00346967 -0.00345748
920 -0.00159313 -0.00111547
921 0.000702869 0.00154628
922 0.00287243 0.00381559
923 0.00438845 0.00509099
924 0.00486369 0.00504361
925 0.00414643 0.00369848
926 0.00236836 0.00141648
927 -7.08199e-05 -0.00121171
928 -0.00258537 -0.00352491
929 -0.00453933 -0.00495826
930 -0.00540719 -0.00517533
931 -0.00491877 -0.00413752
932 -0.00314659 -0.00210113
933 -0.000505372 0.000450444
934 0.0023435 0.00291989
935 0.00466153 0.00472904
936 0.00583141 0.00544562
937 0.00552766 0.00487978
938 0.003809 0.00313184
939 0.00110509 0.000579878
940 -0.0018985 -0.00219428
941 -0.0044431 -0.00453037
942 -0.00589466 -0.00584283
943 -0.00590222 -0.00576832
944 -0.0044771 -0.0042698
945 -0.0019774 -0.00166542
946 0.000990945 0.00143332
947 0.00372613 0.00426535
948 0.00559507 0.00611209
949 0.00617292 0.00648692
950 0.00533 0.00526828
951 0.00325278 0.00273743
952 0.000399576 -0.000491527
953 -0.0025974 -0.00362956
954 -0.00506433 -0.00591417
955 -0.00642874 -0.00679887
956 -0.00634684 -0.00608149
957 -0.00478952 -0.00394214
958 -0.00206535 -0.000887781
959 0.00123153 0.00237601
960 0.00434485 0.00511034
961 0.00652901 0.00670586
962 0.00723194 0.00680951
963 0.00624093 0.00539303
964 0.0037492 0.00275438
965 0.000320404 -0.000544727
966 -0.00324387 -0.0037926
967 -0.00610012 -0.00627265
968 -0.00757042 -0.00741444
969 -0.00730646 -0.00692214
970 -0.00536862 -0.00485247
971 -0.00220342 -0.0016203
972 0.00146967 0.00207692
973 0.00482927 0.0054067
974 0.00713702 0.00759135
975 0.0078945 0.00809594
976 0.00694117 0.00676538
977 0.00447848 0.00387192
978 0.00102161 5.70613e-05
979 -0.00270762 -0.00381886
980 -0.00592496 -0.00688055
981 -0.00793973 -0.0084419
982 -0.00829579 -0.00815941
983 -0.00687231 -0.0061004
984 -0.00392258 -0.0027159
985 -3.77508e-05 0.00126821
986 0.00396472 0.00501118
987 0.00721079 0.00773183
988 0.0089639 0.00886281
989 0.00879857 0.00815874
990 0.00670887 0.00574217
991 0.00312064 0.00208182
992 -0.00119936 -0.00209341
993 -0.00531651 -0.00593178
994 -0.00834007 -0.00862571
995 -0.009621 -0.00957898
996 -0.00888896 -0.00854046
997 -0.00630028 -0.00567298
998 -0.00239279 -0.00153593
999 0.00203508 0.00302138
