0 -6.79214e-06 -3.90369e-05
1 -0.000122705 -0.000144561
2 -0.000178041 -0.000177758
3 -0.000141985 -0.000119117
4 -3.05757e-05 3.53458e-06
5 0.00010043 0.000128303
6 0.000183521 0.000190463
7 0.000174167 0.000155894
8 7.44492e-05 3.95011e-05
9 -6.68387e-05 -0.000101194
10 -0.000178149 -0.000194546
11 -0.000201368 -0.000191215
12 -0.000121911 -9.00417e-05
13 2.27398e-05 6.01166e-05
14 0.000160856 0.000184028
15 0.00022208 0.000217704
16 0.000173167 0.000141154
17 3.57667e-05 -1.04034e-05
18 -0.000123089 -0.00016298
19 -0.000223589 -0.000240148
20 -0.00021294 -0.000201409
21 -9.25342e-05 -6.34194e-05
22 8.1391e-05 0.00010686
23 0.000224505 0.00022424
24 0.00026578 0.00022717
25 0.000183225 0.000108813
26 1.61222e-05 -7.82764e-05
27 -0.000152775 -0.000246757
28 -0.000236857 -0.000316875
29 -0.000188009 -0.000256139
30 -2.09621e-05 -9.6733e-05
31 0.000192647 7.82884e-05
32 0.000358192 0.000173917
33 0.00040402 0.000128711
34 0.000317378 -5.51107e-05
35 0.000152724 -0.000311902
36 7.83598e-06 -0.000543653
37 -2.13831e-05 -0.000667529
38 0.000113961 -0.000657376
39 0.000392408 -0.000559217
40 0.000732267 -0.000472853
41 0.0010311 -0.000507724
42 0.00121635 -0.000733573
43 0.00128326 -0.00114933
44 0.00130196 -0.00168538
45 0.00138983 -0.00223898
46 0.00166154 -0.00272672
47 0.00218006 -0.00312988
48 0.00293157 -0.00351126
49 0.00383671 -0.00399517
50 0.0047936 -0.00471922
51 0.00573347 -0.00578016
52 0.00666321 -0.00719856
53 0.00767509 -0.00891945
54 0.00891849 -0.0108491
55 0.010546 -0.0129121
56 0.0126583 -0.0151024
57 0.015273 -0.0175051
58 0.0183325 -0.020279
59 0.0217472 -0.0236054
60 0.0254559 -0.0276276
61 0.0294757 -0.0324064
62 0.0339177 -0.037913
63 0.0389616 -0.0440624
64 0.0447991 -0.0507723
65 0.0515697 -0.0580212
66 0.0593175 -0.0658791
67 0.0679886 -0.0744955
68 0.0774686 -0.0840486
69 0.0876449 -0.0946763
70 0.0984652 -0.106418
71 0.109964 -0.119193
72 0.122247 -0.132822
73 0.13543 -0.147087
74 0.149574 -0.161793
75 0.164619 -0.176818
76 0.180367 -0.192112
77 0.196512 -0.20766
78 0.212696 -0.223407
79 0.228589 -0.239192
80 0.24393 -0.254707
81 0.258538 -0.269513
82 0.272269 -0.283093
83 0.284947 -0.294932
84 0.2963 -0.304593
85 0.305924 -0.311754
86 0.313305 -0.316199
87 0.317879 -0.31776
88 0.319129 -0.316256
89 0.316665 -0.311444
90 0.310274 -0.303011
91 0.29991 -0.290627
92 0.285649 -0.274028
93 0.267615 -0.253119
94 0.245928 -0.228036
95 0.22069 -0.199174
96 0.192023 -0.167139
97 0.160152 -0.132674
98 0.125486 -0.0965682
99 0.0886792 -0.0595897
100 0.0506393 -0.0224715
101 0.0124657 0.0140599
102 -0.0246539 0.0492243
103 -0.0595634 0.0821342
104 -0.0912364 0.111781
105 -0.118825 0.13708
106 -0.141654 0.156975
107 -0.159175 0.170573
108 -0.170913 0.177272
109 -0.176446 0.176848
110 -0.175431 0.169467
111 -0.16768 0.155647
112 -0.153274 0.136155
113 -0.132659 0.111917
114 -0.106704 0.0839415
115 -0.0766754 0.053302
116 -0.0441429 0.0211538
117 -0.0108293 -0.0112223
118 0.0215569 -0.0423969
119 0.051461 -0.070819
120 0.0775668 -0.09491
121 0.0988187 -0.113217
122 0.114398 -0.124594
123 0.123686 -0.128363
124 0.126252 -0.124415
125 0.121884 -0.113221
126 0.110663 -0.0957636
127 0.0930627 -0.0733899
128 0.0700294 -0.0476571
129 0.0429975 -0.020188
130 0.0138228 0.00742288
131 -0.0153764 0.0336519
132 -0.0424424 0.0570535
133 -0.0654193 0.0762673
134 -0.0827619 0.0900558
135 -0.0934692 0.0973933
136 -0.0971253 0.0976006
137 -0.093854 0.090496
138 -0.0842212 0.0765168
139 -0.069123 0.0567665
140 -0.0496964 0.0329558
141 -0.0272685 0.00723416
142 -0.00333774 -0.0180626
143 0.0204393 -0.0406978
144 0.0422919 -0.0587964
145 0.0604355 -0.0710325
146 0.0732381 -0.0767153
147 0.0794314 -0.0757743
148 0.0783255 -0.0686698
149 0.0699718 -0.05627
150 0.0552243 -0.0397341
151 0.0356723 -0.0204263
152 0.0134457 0.00013629
153 -0.00907157 0.020322
154 -0.029563 0.0384386
155 -0.0460724 0.052832
156 -0.0572132 0.0620403
157 -0.0622679 0.0649917
158 -0.0611752 0.0612064
159 -0.054436 0.0509521
160 -0.0429772 0.0353002
161 -0.0280169 0.0160482
162 -0.0109567 -0.00449472
163 0.00669318 -0.0238289
164 0.0233709 -0.0396339
165 0.0375297 -0.0501116
166 0.0477388 -0.0542374
167 0.0528292 -0.0518693
168 0.0520705 -0.0437061
169 0.0453438 -0.0311121
170 0.0332605 -0.0158607
171 0.0171791 0.000145953
172 -0.000911669 0.0151236
173 -0.0186428 0.0275829
174 -0.0336149 0.0364258
175 -0.0437841 0.0409744
176 -0.0478073 0.0409587
177 -0.0452719 0.0364942
178 -0.0367597 0.0280662
179 -0.0237312 0.0165226
180 -0.00825581 0.00305766
181 0.00735456 -0.0108392
182 0.0209303 -0.0234958
183 0.0307724 -0.03324
184 0.0358661 -0.0386387
185 0.0359539 -0.0387554
186 0.0314739 -0.0333705
187 0.023399 -0.0231034
188 0.0130259 -0.00939073
189 0.00176448 0.00569592
190 -0.00903536 0.0197756
191 -0.018203 0.0305697
192 -0.0248155 0.0363197
193 -0.0282336 0.0361229
194 -0.0281253 0.0301118
195 -0.0244929 0.0194343
196 -0.0177016 0.00603645
197 -0.00849688 -0.00771052
198 0.00201569 -0.0194588
199 0.0124509 -0.0273165
200 0.0212976 -0.0301766
201 0.0271372 -0.0278776
202 0.0288962 -0.0211748
203 0.0260812 -0.0115366
204 0.0189401 -0.000820843
205 0.00849692 0.00909515
206 -0.00356579 0.0166528
207 -0.0151724 0.0208545
208 -0.0242266 0.0213738
209 -0.029019 0.0185278
210 -0.0285848 0.0131361
211 -0.0229295 0.00631229
212 -0.0130656 -0.00076211
213 -0.00084218 -0.00703338
214 0.011405 -0.0117116
215 0.0213154 -0.0143349
216 0.0269809 -0.0147692
217 0.0273381 -0.0131635
218 0.022388 -0.00988218
219 0.0131967 -0.00543698
220 0.00167279 -0.000426497
221 -0.00983031 0.00451373
222 -0.0190041 0.00875808
223 -0.0240608 0.0117428
224 -0.024095 0.0130277
225 -0.019255 0.012365
226 -0.0106903 0.00976238
227 -0.000288826 0.00552209
228 0.00973556 0.000237384
229 0.0173158 -0.00526801
230 0.0209621 -0.0100576
231 0.0200595 -0.0132432
232 0.0149727 -0.0141603
233 0.00693972 -0.0125208
234 -0.00221689 -0.0085058
235 -0.0104963 -0.00276816
236 -0.0161522 0.0036629
237 -0.01806 0.0095658
238 -0.0159403 0.0137651
239 -0.010396 0.015376
240 -0.00275782 0.0140017
241 0.00522354 0.00983752
242 0.0117684 0.00365272
243 0.0154578 -0.00334939
244 0.015536 -0.00976965
245 0.0120648 -0.0143
246 0.00589552 -0.0159984
247 -0.0015302 -0.0144922
248 -0.00850658 -0.0100636
249 -0.0134447 -0.00359774
250 -0.015225 0.00359774
251 -0.0134447 0.0100636
252 -0.00850658 0.0144922
253 -0.0015302 0.0159984
254 0.00589552 0.0143
255 0.0120648 0.00976965
256 0.015536 0.00334939
257 0.0154578 -0.00365272
258 0.0117684 -0.00983752
259 0.00522354 -0.0140017
260 -0.00275782 -0.015376
261 -0.010396 -0.0137651
262 -0.0159403 -0.0095658
263 -0.01806 -0.0036629
264 -0.0161522 0.00276816
265 -0.0104963 0.0085058
266 -0.00221689 0.0125208
267 0.00693972 0.0141603
268 0.0149727 0.0132432
269 0.0200595 0.0100576
270 0.0209621 0.00526801
271 0.0173158 -0.000237384
272 0.00973556 -0.00552209
273 -0.000288826 -0.00976238
274 -0.0106903 -0.012365
275 -0.019255 -0.0130277
276 -0.024095 -0.0117428
277 -0.0240608 -0.00875808
278 -0.0190041 -0.00451373
279 -0.00983031 0.000426497
280 0.00167279 0.00543698
281 0.0131967 0.00988218
282 0.022388 0.0131635
283 0.0273381 0.0147692
284 0.0269809 0.0143349
285 0.0213154 0.0117116
286 0.011405 0.00703338
287 -0.00084218 0.00076211
288 -0.0130656 -0.00631229
289 -0.0229295 -0.0131361
290 -0.0285848 -0.0185278
291 -0.029019 -0.0213738
292 -0.0242266 -0.0208545
293 -0.0151724 -0.0166528
294 -0.00356579 -0.00909515
295 0.00849692 0.000820843
296 0.0189401 0.0115366
297 0.0260812 0.0211748
298 0.0288962 0.0278776
299 0.0271372 0.0301766
300 0.0212976 0.0273165
301 0.0124509 0.0194588
302 0.00201569 0.00771052
303 -0.00849688 -0.00603645
304 -0.0177016 -0.0194343
305 -0.0244929 -0.0301118
306 -0.0281253 -0.0361229
307 -0.0282336 -0.0363197
308 -0.0248155 -0.0305697
309 -0.018203 -0.0197756
310 -0.00903536 -0.00569592
311 0.00176448 0.00939073
312 0.0130259 0.0231034
313 0.023399 0.0333705
314 0.0314739 0.0387554
315 0.0359539 0.0386387
316 0.0358661 0.03324
317 0.0307724 0.0234958
318 0.0209303 0.0108392
319 0.00735456 -0.00305766
320 -0.00825581 -0.0165226
321 -0.0237312 -0.0280662
322 -0.0367597 -0.0364942
323 -0.0452719 -0.0409587
324 -0.0478073 -0.0409744
325 -0.0437841 -0.0364258
326 -0.0336149 -0.0275829
327 -0.0186428 -0.0151236
328 -0.000911669 -0.000145953
329 0.0171791 0.0158607
330 0.0332605 0.0311121
331 0.0453438 0.0437061
332 0.0520705 0.0518693
333 0.0528292 0.0542374
334 0.0477388 0.0501116
335 0.0375297 0.0396339
336 0.0233709 0.0238289
337 0.00669318 0.00449472
338 -0.0109567 -0.0160482
339 -0.0280169 -0.0353002
340 -0.0429772 -0.0509521
341 -0.054436 -0.0612064
342 -0.0611752 -0.0649917
343 -0.0622679 -0.0620403
344 -0.0572132 -0.052832
345 -0.0460724 -0.0384386
346 -0.029563 -0.020322
347 -0.00907157 -0.00013629
348 0.0134457 0.0204263
349 0.0356723 0.0397341
350 0.0552243 0.05627
351 0.0699718 0.0686698
352 0.0783255 0.0757743
353 0.0794314 0.0767153
354 0.0732381 0.0710325
355 0.0604355 0.0587964
356 0.0422919 0.0406978
357 0.0204393 0.0180626
358 -0.00333774 -0.00723416
359 -0.0272685 -0.0329558
360 -0.0496964 -0.0567665
361 -0.069123 -0.0765168
362 -0.0842212 -0.090496
363 -0.093854 -0.0976006
364 -0.0971253 -0.0973933
365 -0.0934692 -0.0900558
366 -0.0827619 -0.0762673
367 -0.0654193 -0.0570535
368 -0.0424424 -0.0336519
369 -0.0153764 -0.00742288
370 0.0138228 0.020188
371 0.0429975 0.0476571
372 0.0700294 0.0733899
373 0.0930627 0.0957636
374 0.110663 0.113221
375 0.121884 0.124415
376 0.126252 0.128363
377 0.123686 0.124594
378 0.114398 0.113217
379 0.0988187 0.09491
380 0.0775668 0.070819
381 0.051461 0.0423969
382 0.0215569 0.0112223
383 -0.0108293 -0.0211538
384 -0.0441429 -0.053302
385 -0.0766754 -0.0839415
386 -0.106704 -0.111917
387 -0.132659 -0.136155
388 -0.153274 -0.155647
389 -0.16768 -0.169467
390 -0.175431 -0.176848
391 -0.176446 -0.177272
392 -0.170913 -0.170573
393 -0.159175 -0.156975
394 -0.141654 -0.13708
395 -0.118825 -0.111781
396 -0.0912364 -0.0821342
397 -0.0595634 -0.0492243
398 -0.0246539 -0.0140599
399 0.0124657 0.0224715
400 0.0506393 0.0595897
401 0.0886792 0.0965682
402 0.125486 0.132674
403 0.160152 0.167139
404 0.192023 0.199174
405 0.22069 0.228036
406 0.245928 0.253119
407 0.267615 0.274028
408 0.285649 0.290627
409 0.29991 0.303011
410 0.310274 0.311444
411 0.316665 0.316256
412 0.319129 0.31776
413 0.317879 0.316199
414 0.313305 0.311754
415 0.305924 0.304593
416 0.2963 0.294932
417 0.284947 0.283093
418 0.272269 0.269513
419 0.258538 0.254707
420 0.24393 0.239192
421 0.228589 0.223407
422 0.212696 0.20766
423 0.196512 0.192112
424 0.180367 0.176818
425 0.164619 0.161793
426 0.149574 0.147087
427 0.13543 0.132822
428 0.122247 0.119193
429 0.109964 0.106418
430 0.0984652 0.0946763
431 0.0876449 0.0840486
432 0.0774686 0.0744955
433 0.0679886 0.0658791
434 0.0593175 0.0580212
435 0.0515697 0.0507723
436 0.0447991 0.0440624
437 0.0389616 0.037913
438 0.0339177 0.0324064
439 0.0294757 0.0276276
440 0.0254559 0.0236054
441 0.0217472 0.020279
442 0.0183325 0.0175051
443 0.015273 0.0151024
444 0.0126583 0.0129121
445 0.010546 0.0108491
446 0.00891849 0.00891945
447 0.00767509 0.00719856
448 0.00666321 0.00578016
449 0.00573347 0.00471922
450 0.0047936 0.00399517
451 0.00383671 0.00351126
452 0.00293157 0.00312988
453 0.00218006 0.00272672
454 0.00166154 0.00223898
455 0.00138983 0.00168538
456 0.00130196 0.00114933
457 0.00128326 0.000733573
458 0.00121635 0.000507724
459 0.0010311 0.000472853
460 0.000732267 0.000559217
461 0.000392408 0.000657376
462 0.000113961 0.000667529
463 -2.13831e-05 0.000543653
464 7.83598e-06 0.000311902
465 0.000152724 5.51107e-05
466 0.000317378 -0.000128711
467 0.00040402 -0.000173917
468 0.000358192 -7.82884e-05
469 0.000192647 9.6733e-05
470 -2.09621e-05 0.000256139
471 -0.000188009 0.000316875
472 -0.000236857 0.000246757
473 -0.000152775 7.82764e-05
474 1.61222e-05 -0.000108813
475 0.000183225 -0.00022717
476 0.00026578 -0.00022424
477 0.000224505 -0.00010686
478 8.1391e-05 6.34194e-05
479 -9.25342e-05 0.000201409
480 -0.00021294 0.000240148
481 -0.000223589 0.00016298
482 -0.000123089 1.04034e-05
483 3.57667e-05 -0.000141154
484 0.000173167 -0.000217704
485 0.00022208 -0.000184028
486 0.000160856 -6.01166e-05
487 2.27398e-05 9.00417e-05
488 -0.000121911 0.000191215
489 -0.000201368 0.000194546
490 -0.000178149 0.000101194
491 -6.68387e-05 -3.95011e-05
492 7.44492e-05 -0.000155894
493 0.000174167 -0.000190463
494 0.000183521 -0.000128303
495 0.00010043 -3.53458e-06
496 -3.05757e-05 0.000119117
497 -0.000141985 0.000177758
498 -0.000178041 0.000144561
499 -0.000122705 3.90369e-05
500 -6.79214e-06 -8.30426e-05
501 0.000108909 -0.000158951
502 0.000165397 -0.000151227
503 0.000135556 -6.62522e-05
504 3.72107e-05 5.00875e-05
505 -7.71466e-05 0.000136993
506 -0.000148215 0.000150496
507 -0.000140604 8.5778e-05
508 -6.05299e-05 -2.1321e-05
509 4.84219e-05 -0.000113951
510 0.000128827 -0.000144366
511 0.000139646 -9.85723e-05
512 7.72507e-05 -2.75132e-06
513 -2.35948e-05 9.14749e-05
514 -0.000108902 0.00013475
515 -0.000134314 0.000105837
516 -8.82246e-05 2.20742e-05
517 2.93022e-06 -7.07297e-05
518 8.96346e-05 -0.000123215
519 0.000126116 -0.000108712
520 9.45265e-05 -3.68565e-05
521 1.36922e-05 5.24112e-05
522 -7.18729e-05 0.00011091
523 -0.000116371 0.000108214
524 -9.72187e-05 4.75484e-05
525 -2.65447e-05 -3.67702e-05
526 5.61921e-05 -9.86171e-05
527 0.0001061 -0.000105275
528 9.71891e-05 -5.47938e-05
529 3.59669e-05 2.3759e-05
530 -4.28702e-05 8.69031e-05
531 -9.59653e-05 0.000100772
532 -9.51338e-05 5.92974e-05
533 -4.23921e-05 -1.32262e-05
534 3.1886e-05 -7.622e-05
535 8.63425e-05 -9.54558e-05
536 9.16527e-05 -6.16589e-05
537 4.63665e-05 5.03035e-06
538 -2.30255e-05 6.68831e-05
539 -7.74753e-05 8.98452e-05
540 -8.73209e-05 6.23008e-05
541 -4.8464e-05 9.85924e-07
542 1.60531e-05 -5.89972e-05
543 6.95864e-05 -8.42069e-05
544 8.26458e-05 -6.15371e-05
545 4.91434e-05 -5.08083e-06
546 -1.08155e-05 5.24594e-05
547 -6.28526e-05 7.86641e-05
548 -7.79581e-05 5.96921e-05
549 -4.86764e-05 7.62195e-06
550 7.20484e-06 -4.7081e-05
551 5.73082e-05 -7.33414e-05
552 7.33693e-05 -5.71335e-05
553 4.72151e-05 -8.97732e-06
554 -5.04592e-06 4.27346e-05
555 -5.28087e-05 6.84124e-05
556 -6.88611e-05 5.41822e-05
557 -4.49279e-05 9.38371e-06
558 4.0479e-06 -3.93951e-05
559 4.91234e-05 -6.40149e-05
560 6.4436e-05 -5.09958e-05
561 4.20656e-05 -8.922e-06
562 -3.88573e-06 3.70468e-05
563 -4.60848e-05 6.01379e-05
564 -6.01905e-05 4.75571e-05
565 -3.88901e-05 7.62582e-06
566 4.33948e-06 -3.556e-05
567 4.36564e-05 -5.66107e-05
568 5.62453e-05 -4.37926e-05
569 3.55433e-05 -5.61784e-06
570 -5.35257e-06 3.46717e-05
571 -4.18566e-05 5.32221e-05
572 -5.26134e-05 3.97176e-05
573 -3.19934e-05 3.14018e-06
574 6.94666e-06 -3.40987e-05
575 4.0617e-05 -4.98663e-05
576 4.91425e-05 -3.54727e-05
577 2.81247e-05 -4.48516e-07
578 -9.06974e-06 3.36782e-05
579 -3.97161e-05 4.65789e-05
580 -4.56022e-05 3.12205e-05
581 -2.38955e-05 -2.32646e-06
582 1.15192e-05 -3.34035e-05
583 3.88582e-05 -4.34331e-05
584 4.18425e-05 -2.70057e-05
585 1.94229e-05 5.21405e-06
586 -1.40124e-05 3.33158e-05
587 -3.78299e-05 4.03928e-05
588 -3.78829e-05 2.27153e-05
589 -1.4918e-05 -8.29438e-06
590 1.63409e-05 -3.33503e-05
591 3.65917e-05 -3.72647e-05
592 3.38516e-05 -1.81856e-05
593 1.05329e-05 1.15373e-05
594 -1.84649e-05 3.32765e-05
595 -3.52201e-05 3.37993e-05
596 -2.9831e-05 1.33681e-05
597 -6.26e-06 -1.47317e-05
598 2.04607e-05 -3.2792e-05
599 3.37513e-05 -2.98594e-05
600 2.57489e-05 -8.41117e-06
601 1.97839e-06 1.7569e-05
602 -2.23614e-05 3.16912e-05
603 -3.20627e-05 2.5513e-05
604 -2.14168e-05 3.58752e-06
605 2.38584e-06 -1.98121e-05
606 2.40285e-05 -2.9969e-05
607 2.99002e-05 -2.09717e-05
608 1.66893e-05 8.73321e-07
609 -6.71969e-06 2.14088e-05
610 -2.51656e-05 2.77718e-05
611 -2.70357e-05 1.6427e-05
612 -1.16161e-05 -4.9071e-06
613 1.07216e-05 -2.24553e-05
614 2.54713e-05 -2.52375e-05
615 2.34303e-05 -1.192e-05
616 6.46201e-06 8.59053e-06
617 -1.4045e-05 2.3041e-05
618 -2.48117e-05 2.23587e-05
619 -1.92749e-05 7.35405e-06
620 -1.57691e-06 -1.19901e-05
621 1.64773e-05 -2.31025e-05
622 2.32815e-05 -1.89819e-05
623 1.48763e-05 -2.64289e-06
624 -2.78613e-06 1.50056e-05
625 -1.80198e-05 2.24093e-05
626 -2.11088e-05 1.49524e-05
627 -1.04777e-05 -2.12094e-06
628 6.56561e-06 -1.73374e-05
629 1.88107e-05 -2.0701e-05
630 1.84801e-05 -1.02959e-05
631 6.15153e-06 6.60931e-06
632 -9.8317e-06 1.86115e-05
633 -1.89557e-05 1.78819e-05
634 -1.54229e-05 5.30328e-06
635 -1.84429e-06 -1.03648e-05
636 1.26212e-05 -1.85812e-05
637 1.83999e-05 -1.41342e-05
638 1.18362e-05 -4.505e-07
639 -2.46086e-06 1.30023e-05
640 -1.47964e-05 1.7269e-05
641 -1.69424e-05 9.87137e-06
642 -7.65139e-06 -3.79383e-06
643 6.58665e-06 -1.43738e-05
644 1.60397e-05 -1.49552e-05
645 1.43932e-05 -5.56285e-06
646 3.0082e-06 7.14814e-06
647 -1.01299e-05 1.45911e-05
648 -1.60007e-05 1.20262e-05
649 -1.07688e-05 1.54851e-06
650 1.67969e-06 -9.57099e-06
651 1.25906e-05 -1.39024e-05
652 1.45076e-05 -8.79174e-06
653 6.39552e-06 2.03845e-06
654 -5.82502e-06 1.11649e-05
655 -1.35897e-05 1.25156e-05
656 -1.17095e-05 5.38946e-06
657 -1.84843e-06 -5.19923e-06
658 8.88001e-06 -1.20078e-05
659 1.30476e-05 -1.04908e-05
660 8.06274e-06 -1.83792e-06
661 -2.24246e-06 7.9084e-06
662 -1.05404e-05 1.20352e-05
663 -1.12196e-05 7.77609e-06
664 -4.16877e-06 -1.80726e-06
665 5.40936e-06 -9.98268e-06
666 1.08289e-05 -1.10576e-05
667 8.57673e-06 -4.36081e-06
668 5.59408e-07 5.30492e-06
669 -7.46881e-06 1.10773e-05
670 -1.00218e-05 8.91101e-06
671 -5.60626e-06 4.45883e-07
672 2.45222e-06 -8.19551e-06
673 8.49419e-06 -1.0827e-05
674 8.47622e-06 -5.65013e-06
675 2.64943e-06 3.48514e-06
676 -4.78347e-06 9.92237e-06
677 -8.67397e-06 9.05886e-06
678 -6.46613e-06 1.66548e-06
679 1.40583e-07 -6.75332e-06
680 6.47126e-06 -1.00544e-05
681 8.15341e-06 -5.95912e-06
682 4.1192e-06 2.35451e-06
683 -2.71401e-06 8.70066e-06
684 -7.52256e-06 8.49815e-06
685 -6.95822e-06 2.09709e-06
686 -1.48127e-06 -5.61296e-06
687 4.98241e-06 -8.93576e-06
688 7.8272e-06 -5.59102e-06
689 5.04287e-06 1.71624e-06
690 -1.34511e-06 7.46444e-06
691 -6.71884e-06 7.49381e-06
692 -7.19122e-06 2.02559e-06
693 -2.42926e-06 -4.67755e-06
694 4.08314e-06 -7.63004e-06
695 7.5723e-06 -4.83819e-06
696 5.47583e-06 1.36338e-06
697 -6.52493e-07 6.2414e-06
698 -6.26911e-06 6.27786e-06
699 -7.20187e-06 1.70619e-06
700 -2.7645e-06 -3.85836e-06
701 3.71359e-06 -6.27049e-06
702 7.37067e-06 -3.94264e-06
703 5.46763e-06 1.13195e-06
704 -5.39254e-07 5.06078e-06
705 -6.09341e-06 5.03491e-06
706 -6.99191e-06 1.3284e-06
707 -2.58082e-06 -3.10159e-06
708 3.74988e-06 -4.96496e-06
709 7.16181e-06 -3.07669e-06
710 5.07329e-06 9.19899e-07
711 -8.70011e-07 3.95771e-06
712 -6.07689e-06 3.89376e-06
713 -6.5569e-06 1.0069e-06
714 -1.99097e-06 -2.3894e-06
715 4.04676e-06 -3.79103e-06
716 6.87974e-06 -2.34074e-06
717 4.3574e-06 6.82126e-07
718 -1.49956e-06 2.96583e-06
719 -6.10612e-06 2.92676e-06
720 -5.90195e-06 7.91024e-07
721 -1.11243e-06 -1.72723e-06
722 4.46727e-06 -2.79187e-06
723 6.4736e-06 -1.77333e-06
724 3.39139e-06 4.13084e-07
725 -2.29346e-06 2.10698e-06
726 -6.08916e-06 2.15626e-06
727 -5.04613e-06 6.83919e-07
728 -5.53676e-08 -1.12729e-06
729 4.89902e-06 -1.97632e-06
730 5.91489e-06 -1.36835e-06
731 2.24768e-06 1.26114e-07
732 -3.13971e-06 1.38387e-06
733 -5.96254e-06 1.56657e-06
734 -4.01995e-06 6.64142e-07
735 1.08523e-06 -5.94626e-07
736 5.2597e-06 -1.32362e-06
737 5.19617e-06 -1.09424e-06
738 9.94115e-07 -1.64537e-07
739 -3.95273e-06 7.77536e-07
740 -5.69008e-06 1.11837e-06
741 -2.86086e-06 7.04827e-07
742 2.23272e-06 -1.18783e-07
743 5.49565e-06 -7.91963e-07
744 4.32665e-06 -9.11713e-07
745 -3.09099e-07 -4.5607e-07
746 -4.67201e-06 2.49926e-07
747 -5.25827e-06 7.6322e-07
748 -1.60958e-06 7.87795e-07
749 3.32799e-06 3.28771e-07
750 5.57739e-06 -3.28771e-07
751 3.32799e-06 -7.87795e-07
752 -1.60958e-06 -7.6322e-07
753 -5.25827e-06 -2.49926e-07
754 -4.67201e-06 4.5607e-07
755 -3.09099e-07 9.11713e-07
756 4.32665e-06 7.91963e-07
757 5.49565e-06 1.18783e-07
758 2.23272e-06 -7.04827e-07
759 -2.86086e-06 -1.11837e-06
760 -5.69008e-06 -7.77536e-07
761 -3.95273e-06 1.64537e-07
762 9.94115e-07 1.09424e-06
763 5.19617e-06 1.32362e-06
764 5.2597e-06 5.94626e-07
765 1.08523e-06 -6.64142e-07
766 -4.01995e-06 -1.56657e-06
767 -5.96254e-06 -1.38387e-06
768 -3.13971e-06 -1.26114e-07
769 2.24768e-06 1.36835e-06
770 5.91489e-06 1.97632e-06
771 4.89902e-06 1.12729e-06
772 -5.53676e-08 -6.83919e-07
773 -5.04613e-06 -2.15626e-06
774 -6.08916e-06 -2.10698e-06
775 -2.29346e-06 -4.13084e-07
776 3.39139e-06 1.77333e-06
777 6.4736e-06 2.79187e-06
778 4.46727e-06 1.72723e-06
779 -1.11243e-06 -7.91024e-07
780 -5.90195e-06 -2.92676e-06
781 -6.10612e-06 -2.96583e-06
782 -1.49956e-06 -6.82126e-07
783 4.3574e-06 2.34074e-06
784 6.87974e-06 3.79103e-06
785 4.04676e-06 2.3894e-06
786 -1.99097e-06 -1.0069e-06
787 -6.5569e-06 -3.89376e-06
788 -6.07689e-06 -3.95771e-06
789 -8.70011e-07 -9.19899e-07
790 5.07329e-06 3.07669e-06
791 7.16181e-06 4.96496e-06
792 3.74988e-06 3.10159e-06
793 -2.58082e-06 -1.3284e-06
794 -6.99191e-06 -5.03491e-06
795 -6.09341e-06 -5.06078e-06
796 -5.39254e-07 -1.13195e-06
797 5.46763e-06 3.94264e-06
798 7.37067e-06 6.27049e-06
799 3.71359e-06 3.85836e-06
800 -2.7645e-06 -1.70619e-06
801 -7.20187e-06 -6.27786e-06
802 -6.26911e-06 -6.2414e-06
803 -6.52493e-07 -1.36338e-06
804 5.47583e-06 4.83819e-06
805 7.5723e-06 7.63004e-06
806 4.08314e-06 4.67755e-06
807 -2.42926e-06 -2.02559e-06
808 -7.19122e-06 -7.49381e-06
809 -6.71884e-06 -7.46444e-06
810 -1.34511e-06 -1.71624e-06
811 5.04287e-06 5.59102e-06
812 7.8272e-06 8.93576e-06
813 4.98241e-06 5.61296e-06
814 -1.48127e-06 -2.09709e-06
815 -6.95822e-06 -8.49815e-06
816 -7.52256e-06 -8.70066e-06
817 -2.71401e-06 -2.35451e-06
818 4.1192e-06 5.95912e-06
819 8.15341e-06 1.00544e-05
820 6.47126e-06 6.75332e-06
821 1.40583e-07 -1.66548e-06
822 -6.46613e-06 -9.05886e-06
823 -8.67397e-06 -9.92237e-06
824 -4.78347e-06 -3.48514e-06
825 2.64943e-06 5.65013e-06
826 8.47622e-06 1.0827e-05
827 8.49419e-06 8.19551e-06
828 2.45222e-06 -4.45883e-07
829 -5.60626e-06 -8.91101e-06
830 -1.00218e-05 -1.10773e-05
831 -7.46881e-06 -5.30492e-06
832 5.59408e-07 4.36081e-06
833 8.57673e-06 1.10576e-05
834 1.08289e-05 9.98268e-06
835 5.40936e-06 1.80726e-06
836 -4.16877e-06 -7.77609e-06
837 -1.12196e-05 -1.20352e-05
838 -1.05404e-05 -7.9084e-06
839 -2.24246e-06 1.83792e-06
840 8.06274e-06 1.04908e-05
841 1.30476e-05 1.20078e-05
842 8.88001e-06 5.19923e-06
843 -1.84843e-06 -5.38946e-06
844 -1.17095e-05 -1.25156e-05
845 -1.35897e-05 -1.11649e-05
846 -5.82502e-06 -2.03845e-06
847 6.39552e-06 8.79174e-06
848 1.45076e-05 1.39024e-05
849 1.25906e-05 9.57099e-06
850 1.67969e-06 -1.54851e-06
851 -1.07688e-05 -1.20262e-05
852 -1.60007e-05 -1.45911e-05
853 -1.01299e-05 -7.14814e-06
854 3.0082e-06 5.56285e-06
855 1.43932e-05 1.49552e-05
856 1.60397e-05 1.43738e-05
857 6.58665e-06 3.79383e-06
858 -7.65139e-06 -9.87137e-06
859 -1.69424e-05 -1.7269e-05
860 -1.47964e-05 -1.30023e-05
861 -2.46086e-06 4.505e-07
862 1.18362e-05 1.41342e-05
863 1.83999e-05 1.85812e-05
864 1.26212e-05 1.03648e-05
865 -1.84429e-06 -5.30328e-06
866 -1.54229e-05 -1.78819e-05
867 -1.89557e-05 -1.86115e-05
868 -9.8317e-06 -6.60931e-06
869 6.15153e-06 1.02959e-05
870 1.84801e-05 2.0701e-05
871 1.88107e-05 1.73374e-05
872 6.56561e-06 2.12094e-06
873 -1.04777e-05 -1.49524e-05
874 -2.11088e-05 -2.24093e-05
875 -1.80198e-05 -1.50056e-05
876 -2.78613e-06 2.64289e-06
877 1.48763e-05 1.89819e-05
878 2.32815e-05 2.31025e-05
879 1.64773e-05 1.19901e-05
880 -1.57691e-06 -7.35405e-06
881 -1.92749e-05 -2.23587e-05
882 -2.48117e-05 -2.3041e-05
883 -1.4045e-05 -8.59053e-06
884 6.46201e-06 1.192e-05
885 2.34303e-05 2.52375e-05
886 2.54713e-05 2.24553e-05
887 1.07216e-05 4.9071e-06
888 -1.16161e-05 -1.6427e-05
889 -2.70357e-05 -2.77718e-05
890 -2.51656e-05 -2.14088e-05
891 -6.71969e-06 -8.73321e-07
892 1.66893e-05 2.09717e-05
893 2.99002e-05 2.9969e-05
894 2.40285e-05 1.98121e-05
895 2.38584e-06 -3.58752e-06
896 -2.14168e-05 -2.5513e-05
897 -3.20627e-05 -3.16912e-05
898 -2.23614e-05 -1.7569e-05
899 1.97839e-06 8.41117e-06
900 2.57489e-05 2.98594e-05
901 3.37513e-05 3.2792e-05
902 2.04607e-05 1.47317e-05
903 -6.26e-06 -1.33681e-05
904 -2.9831e-05 -3.37993e-05
905 -3.52201e-05 -3.32765e-05
906 -1.84649e-05 -1.15373e-05
907 1.05329e-05 1.81856e-05
908 3.38516e-05 3.72647e-05
909 3.65917e-05 3.33503e-05
910 1.63409e-05 8.29438e-06
911 -1.4918e-05 -2.27153e-05
912 -3.78829e-05 -4.03928e-05
913 -3.78299e-05 -3.33158e-05
914 -1.40124e-05 -5.21405e-06
915 1.94229e-05 2.70057e-05
916 4.18425e-05 4.34331e-05
917 3.88582e-05 3.34035e-05
918 1.15192e-05 2.32646e-06
919 -2.38955e-05 -3.12205e-05
920 -4.56022e-05 -4.65789e-05
921 -3.97161e-05 -3.36782e-05
922 -9.06974e-06 4.48516e-07
923 2.81247e-05 3.54727e-05
924 4.91425e-05 4.98663e-05
925 4.0617e-05 3.40987e-05
926 6.94666e-06 -3.14018e-06
927 -3.19934e-05 -3.97176e-05
928 -5.26134e-05 -5.32221e-05
929 -4.18566e-05 -3.46717e-05
930 -5.35257e-06 5.61784e-06
931 3.55433e-05 4.37926e-05
932 5.62453e-05 5.66107e-05
933 4.36564e-05 3.556e-05
934 4.33948e-06 -7.62582e-06
935 -3.88901e-05 -4.75571e-05
936 -6.01905e-05 -6.01379e-05
937 -4.60848e-05 -3.70468e-05
938 -3.88573e-06 8.922e-06
939 4.20656e-05 5.09958e-05
940 6.4436e-05 6.40149e-05
941 4.91234e-05 3.93951e-05
942 4.0479e-06 -9.38371e-06
943 -4.49279e-05 -5.41822e-05
944 -6.88611e-05 -6.84124e-05
945 -5.28087e-05 -4.27346e-05
946 -5.04592e-06 8.97732e-06
947 4.72151e-05 5.71335e-05
948 7.33693e-05 7.33414e-05
949 5.73082e-05 4.7081e-05
950 7.20484e-06 -7.62195e-06
951 -4.86764e-05 -5.96921e-05
952 -7.79581e-05 -7.86641e-05
953 -6.28526e-05 -5.24594e-05
954 -1.08155e-05 5.08083e-06
955 4.91434e-05 6.15371e-05
956 8.26458e-05 8.42069e-05
957 6.95864e-05 5.89972e-05
958 1.60531e-05 -9.85924e-07
959 -4.8464e-05 -6.23008e-05
960 -8.73209e-05 -8.98452e-05
961 -7.74753e-05 -6.68831e-05
962 -2.30255e-05 -5.03035e-06
963 4.63665e-05 6.16589e-05
964 9.16527e-05 9.54558e-05
965 8.63425e-05 7.622e-05
966 3.1886e-05 1.32262e-05
967 -4.23921e-05 -5.92974e-05
968 -9.51338e-05 -0.000100772
969 -9.59653e-05 -8.69031e-05
970 -4.28702e-05 -2.3759e-05
971 3.59669e-05 5.47938e-05
972 9.71891e-05 0.000105275
973 0.0001061 9.86171e-05
974 5.61921e-05 3.67702e-05
975 -2.65447e-05 -4.75484e-05
976 -9.72187e-05 -0.000108214
977 -0.000116371 -0.00011091
978 -7.18729e-05 -5.24112e-05
979 1.36922e-05 3.68565e-05
980 9.45265e-05 0.000108712
981 0.000126116 0.000123215
982 8.96346e-05 7.07297e-05
983 2.93022e-06 -2.20742e-05
984 -8.82246e-05 -0.000105837
985 -0.000134314 -0.00013475
986 -0.000108902 -9.14749e-05
987 -2.35948e-05 2.75132e-06
988 7.72507e-05 9.85723e-05
989 0.000139646 0.000144366
990 0.000128827 0.000113951
991 4.84219e-05 2.1321e-05
992 -6.05299e-05 -8.5778e-05
993 -0.000140604 -0.000150496
994 -0.000148215 -0.000136993
995 -7.71466e-05 -5.00875e-05
996 3.72107e-05 6.62522e-05
997 0.000135556 0.000151227
998 0.000165397 0.000158951
999 0.000108909 8.30426e-05
