0 0.0246067 -0.0206514
1 0.0192604 -0.0136224
2 0.0113118 -0.00481155
3 0.00196147 0.00458071
4 -0.00742145 0.0132543
5 -0.015512 0.0199812
6 -0.0212185 0.0237848
7 -0.02382 0.0240996
8 -0.0230398 0.0208772
9 -0.0190575 0.0146131
10 -0.0124694 0.0062785
11 -0.0042094 -0.00283393
12 0.00456356 -0.011325
13 0.0126055 -0.0179208
14 0.0187499 -0.0216772
15 0.0220773 -0.0221163
16 0.0220687 -0.0192777
17 0.0187088 -0.0136816
18 0.0125141 -0.00622411
19 0.00446448 0.00196968
20 -0.0041524 0.00970698
21 -0.0119605 0.0158831
22 -0.0177333 0.0196198
23 -0.020602 0.0203784
24 -0.0201927 0.0180402
25 -0.0166691 0.0129412
26 -0.0106788 0.00584834
27 -0.00322308 -0.00213529
28 0.00451751 -0.00973176
29 0.0113688 -0.015698
30 0.0163287 -0.0190463
31 0.0186962 -0.0192291
32 0.0181552 -0.0162465
33 0.0148108 -0.0106479
34 0.00917868 -0.00342739
35 0.00212515 0.00416582
36 -0.00524362 0.0108582
37 -0.0117392 0.0155761
38 -0.0162801 0.017619
39 -0.0180841 0.0167537
40 -0.0168244 0.0132212
41 -0.0127109 0.0076682
42 -0.00646896 0.00102518
43 0.000787044 -0.00564311
44 0.00776441 -0.0112921
45 0.0132399 -0.0150416
46 0.0162903 -0.0162992
47 0.0164563 -0.014852
48 0.0138069 -0.0109158
49 0.00889949 -0.00512417
50 0.00265195 0.00155065
51 -0.00383766 0.00794827
52 -0.00948518 0.0129223
53 -0.0133926 0.0155594
54 -0.0149746 0.0153678
55 -0.0140297 0.012388
56 -0.0107542 0.00719562
57 -0.00570668 0.000789243
58 0.000273126 -0.00561251
59 0.00618339 -0.0108187
60 0.0110099 -0.0139016
61 0.0138925 -0.0143682
62 0.0142844 -0.0122336
63 0.0120734 -0.0079885
64 0.0076319 -0.0024778
65 0.00177245 0.00327629
66 -0.00439432 0.00826427
67 -0.00967663 0.0116572
68 -0.013048 0.0129277
69 -0.0138655 0.0119147
70 -0.0120068 0.00883172
71 -0.00789136 0.00422698
72 -0.00238228 -0.00109985
73 0.00340641 -0.00621598
74 0.00834867 -0.0102015
75 0.0115347 -0.0123078
76 0.0124389 -0.0121047
77 0.0109961 -0.00958433
78 0.00758054 -0.00519294
79 0.00290318 0.000231564
80 -0.00214106 0.00561309
81 -0.00664033 0.00985663
82 -0.00981748 0.0120857
83 -0.0111464 0.011841
84 -0.0104239 0.00918937
85 -0.00779554 0.00471269
86 -0.00373366 -0.000622897
87 0.00102978 -0.00568641
88 0.00561546 -0.00943593
89 0.00914481 -0.0111445
90 0.0109056 -0.0105444
91 0.0105048 -0.00786061
92 0.00797288 -0.00373178
93 0.00378667 0.000951115
94 -0.00120681 0.00524456
95 -0.00595856 0.00834182
96 -0.00944547 0.00971392
97 -0.0109052 0.00918252
98 -0.0100189 0.00692314
99 -0.00699333 0.00341049
100 -0.00251656 -0.000676634
101 0.00240261 -0.00457321
102 0.00667355 -0.00755397
103 0.00937909 -0.00905413
104 0.0099829 -0.00877079
105 0.00843779 -0.00672952
106 0.00517247 -0.00329944
107 0.000967312 0.000855013
108 -0.00324208 0.00488785
109 -0.00657971 0.00793746
110 -0.00841021 0.00931471
111 -0.00844912 0.00867108
112 -0.00678839 0.00610165
113 -0.00384452 0.00214884
114 -0.00025207 -0.00230474
115 0.00326911 -0.00623596
116 0.00604663 -0.00872696
117 0.00756849 -0.00919411
118 0.0075638 -0.00753778
119 0.00604452 -0.00417033
120 0.00330477 8.7382e-05
121 -0.000123752 0.00421398
122 -0.00355851 0.00724399
123 -0.0062879 0.0085041
124 -0.00771229 0.00776779
125 -0.00747932 0.00529141
126 -0.00558191 0.00172808
127 -0.00238876 -0.00205126
128 0.00141192 -0.0051781
129 0.00495363 -0.00698933
130 0.00739169 -0.00716431
131 0.00811481 -0.00576893
132 0.00691151 -0.00320647
133 0.00404197 -9.82451e-05
134 0.000189177 0.00286888
135 -0.00370428 0.00508968
136 -0.00667399 0.00615236
137 -0.00798348 0.00589931
138 -0.00731772 0.00443517
139 -0.00486616 0.00209046
140 -0.00127134 -0.000647309
141 0.00254331 -0.00322275
142 0.00561884 -0.00511099
143 0.00721106 -0.005914
144 0.00697721 -0.00544151
145 0.00504989 -0.00376119
146 0.00198225 -0.00120321
147 -0.00141478 0.00169008
148 -0.00429347 0.00426804
149 -0.00598565 0.00591361
150 -0.00615751 0.00619402
151 -0.00486715 0.00498277
152 -0.00251876 0.00251627
153 0.000264709 -0.000638877
154 0.00280948 -0.00370991
155 0.00455317 -0.00590853
156 0.00516255 -0.00664049
157 0.00458478 -0.00567606
158 0.00302977 -0.00322919
159 0.000898066 8.3205e-05
160 -0.00132134 0.00339655
161 -0.00315734 0.00582923
162 -0.00424606 0.00672488
163 -0.00439068 0.00583755
164 -0.00358722 0.00340511
165 -0.00201774 8.78044e-05
166 -1.46575e-05 -0.00321279
167 0.00199887 -0.005604
168 0.00358657 -0.00645044
169 0.00438551 -0.00554913
170 0.00418743 -0.00318101
171 0.00299755 -2.47959e-05
172 0.00105249 0.00304053
173 -0.00121453 0.00518565
174 -0.00326188 0.00586041
175 -0.00456615 0.00493738
176 -0.00475853 0.00273161
177 -0.00373453 -0.00010451
178 -0.00170309 -0.00277625
179 0.000845797 -0.00457222
180 0.00325459 -0.00505586
181 0.00486821 -0.00417046
182 0.00521661 -0.00223312
183 0.00415775 0.000174577
184 0.00193563 0.00238217
185 -0.000869725 0.00381869
186 -0.00349272 0.00416007
187 -0.00519412 0.00339761
188 -0.00547458 0.00181474
189 -0.00422643 -0.000113455
190 -0.00177609 -0.00186287
191 0.00119904 -0.00300229
192 0.00385871 -0.00329626
193 0.00544018 -0.00274578
194 0.00548117 -0.00156334
195 0.0039592 -9.67929e-05
196 0.0013042 0.00127186
197 -0.00172191 0.00222366
198 -0.00424524 0.0025719
199 -0.00553556 0.00229019
200 -0.00522163 0.00149897
201 -0.00340129 0.000420418
202 -0.000612762 -0.000682284
203 0.00232468 -0.00156516
204 0.0045532 -0.00205082
205 0.00542932 -0.00205663
206 0.00471209 -0.00160253
207 0.00263093 -0.000800876
208 -0.000186229 0.000168171
209 -0.0029021 0.00109151
210 -0.00471978 0.00176403
211 -0.00511822 0.00203006
212 -0.00400352 0.00181851
213 -0.00173139 0.00116386
214 0.00100493 0.000206314
215 0.00338612 -0.000832656
216 0.00471316 -0.00169737
217 0.00461368 -0.00215924
218 0.00314722 -0.00207817
219 0.000779318 -0.00144724
220 -0.00176525 -0.000405895
221 -0.0037238 0.000786226
222 -0.00452426 0.0018119
223 -0.00395249 0.00238099
224 -0.00220964 0.0023144
225 0.000155856 0.00160238
226 0.00241936 0.000417654
227 0.00390129 -0.000923968
228 0.00417125 -0.00204733
229 0.00317342 -0.00262391
230 0.00123656 -0.00246976
231 -0.00103277 -0.00160549
232 -0.00293914 -0.000258715
233 -0.00391064 0.00119489
234 -0.00366988 0.00233675
235 -0.00231281 0.00282738
236 -0.00027326 0.00250896
237 0.00181415 0.00145716
238 0.00330981 -3.51884e-05
239 0.00376386 -0.00153971
240 0.00305109 -0.00261646
241 0.00140558 -0.002944
242 -0.000654659 -0.00241673
243 -0.00248929 -0.00117944
244 -0.00353348 0.000412215
245 -0.00347101 0.00189458
246 -0.00232963 0.00283225
247 -0.000469982 0.00294723
248 0.00152751 0.00220237
249 0.00304246 0.000813495
250 0.00360552 -0.000813495
251 0.00304246 -0.00220237
252 0.00152751 -0.00294723
253 -0.000469982 -0.00283225
254 -0.00232963 -0.00189458
255 -0.00347101 -0.000412215
256 -0.00353348 0.00117944
257 -0.00248929 0.00241673
258 -0.000654659 0.002944
259 0.00140558 0.00261646
260 0.00305109 0.00153971
261 0.00376386 3.51884e-05
262 0.00330981 -0.00145716
263 0.00181415 -0.00250896
264 -0.00027326 -0.00282738
265 -0.00231281 -0.00233675
266 -0.00366988 -0.00119489
267 -0.00391064 0.000258715
268 -0.00293914 0.00160549
269 -0.00103277 0.00246976
270 0.00123656 0.00262391
271 0.00317342 0.00204733
272 0.00417125 0.000923968
273 0.00390129 -0.000417654
274 0.00241936 -0.00160238
275 0.000155856 -0.0023144
276 -0.00220964 -0.00238099
277 -0.00395249 -0.0018119
278 -0.00452426 -0.000786226
279 -0.0037238 0.000405895
280 -0.00176525 0.00144724
281 0.000779318 0.00207817
282 0.00314722 0.00215924
283 0.00461368 0.00169737
284 0.00471316 0.000832656
285 0.00338612 -0.000206314
286 0.00100493 -0.00116386
287 -0.00173139 -0.00181851
288 -0.00400352 -0.00203006
289 -0.00511822 -0.00176403
290 -0.00471978 -0.00109151
291 -0.0029021 -0.000168171
292 -0.000186229 0.000800876
293 0.00263093 0.00160253
294 0.00471209 0.00205663
295 0.00542932 0.00205082
296 0.0045532 0.00156516
297 0.00232468 0.000682284
298 -0.000612762 -0.000420418
299 -0.00340129 -0.00149897
300 -0.00522163 -0.00229019
301 -0.00553556 -0.0025719
302 -0.00424524 -0.00222366
303 -0.00172191 -0.00127186
304 0.0013042 9.67929e-05
305 0.0039592 0.00156334
306 0.00548117 0.00274578
307 0.00544018 0.00329626
308 0.00385871 0.00300229
309 0.00119904 0.00186287
310 -0.00177609 0.000113455
311 -0.00422643 -0.00181474
312 -0.00547458 -0.00339761
313 -0.00519412 -0.00416007
314 -0.00349272 -0.00381869
315 -0.000869725 -0.00238217
316 0.00193563 -0.000174577
317 0.00415775 0.00223312
318 0.00521661 0.00417046
319 0.00486821 0.00505586
320 0.00325459 0.00457222
321 0.000845797 0.00277625
322 -0.00170309 0.00010451
323 -0.00373453 -0.00273161
324 -0.00475853 -0.00493738
325 -0.00456615 -0.00586041
326 -0.00326188 -0.00518565
327 -0.00121453 -0.00304053
328 0.00105249 2.47959e-05
329 0.00299755 0.00318101
330 0.00418743 0.00554913
331 0.00438551 0.00645044
332 0.00358657 0.005604
333 0.00199887 0.00321279
334 -1.46575e-05 -8.78044e-05
335 -0.00201774 -0.00340511
336 -0.00358722 -0.00583755
337 -0.00439068 -0.00672488
338 -0.00424606 -0.00582923
339 -0.00315734 -0.00339655
340 -0.00132134 -8.3205e-05
341 0.000898066 0.00322919
342 0.00302977 0.00567606
343 0.00458478 0.00664049
344 0.00516255 0.00590853
345 0.00455317 0.00370991
346 0.00280948 0.000638877
347 0.000264709 -0.00251627
348 -0.00251876 -0.00498277
349 -0.00486715 -0.00619402
350 -0.00615751 -0.00591361
351 -0.00598565 -0.00426804
352 -0.00429347 -0.00169008
353 -0.00141478 0.00120321
354 0.00198225 0.00376119
355 0.00504989 0.00544151
356 0.00697721 0.005914
357 0.00721106 0.00511099
358 0.00561884 0.00322275
359 0.00254331 0.000647309
360 -0.00127134 -0.00209046
361 -0.00486616 -0.00443517
362 -0.00731772 -0.00589931
363 -0.00798348 -0.00615236
364 -0.00667399 -0.00508968
365 -0.00370428 -0.00286888
366 0.000189177 9.82451e-05
367 0.00404197 0.00320647
368 0.00691151 0.00576893
369 0.00811481 0.00716431
370 0.00739169 0.00698933
371 0.00495363 0.0051781
372 0.00141192 0.00205126
373 -0.00238876 -0.00172808
374 -0.00558191 -0.00529141
375 -0.00747932 -0.00776779
376 -0.00771229 -0.0085041
377 -0.0062879 -0.00724399
378 -0.00355851 -0.00421398
379 -0.000123752 -8.7382e-05
380 0.00330477 0.00417033
381 0.00604452 0.00753778
382 0.0075638 0.00919411
383 0.00756849 0.00872696
384 0.00604663 0.00623596
385 0.00326911 0.00230474
386 -0.00025207 -0.00214884
387 -0.00384452 -0.00610165
388 -0.00678839 -0.00867108
389 -0.00844912 -0.00931471
390 -0.00841021 -0.00793746
391 -0.00657971 -0.00488785
392 -0.00324208 -0.000855013
393 0.000967312 0.00329944
394 0.00517247 0.00672952
395 0.00843779 0.00877079
396 0.0099829 0.00905413
397 0.00937909 0.00755397
398 0.00667355 0.00457321
399 0.00240261 0.000676634
400 -0.00251656 -0.00341049
401 -0.00699333 -0.00692314
402 -0.0100189 -0.00918252
403 -0.0109052 -0.00971392
404 -0.00944547 -0.00834182
405 -0.00595856 -0.00524456
406 -0.00120681 -0.000951115
407 0.00378667 0.00373178
408 0.00797288 0.00786061
409 0.0105048 0.0105444
410 0.0109056 0.0111445
411 0.00914481 0.00943593
412 0.00561546 0.00568641
413 0.00102978 0.000622897
414 -0.00373366 -0.00471269
415 -0.00779554 -0.00918937
416 -0.0104239 -0.011841
417 -0.0111464 -0.0120857
418 -0.00981748 -0.00985663
419 -0.00664033 -0.00561309
420 -0.00214106 -0.000231564
421 0.00290318 0.00519294
422 0.00758054 0.00958433
423 0.0109961 0.0121047
424 0.0124389 0.0123078
425 0.0115347 0.0102015
426 0.00834867 0.00621598
427 0.00340641 0.00109985
428 -0.00238228 -0.00422698
429 -0.00789136 -0.00883172
430 -0.0120068 -0.0119147
431 -0.0138655 -0.0129277
432 -0.013048 -0.0116572
433 -0.00967663 -0.00826427
434 -0.00439432 -0.00327629
435 0.00177245 0.0024778
436 0.0076319 0.0079885
437 0.0120734 0.0122336
438 0.0142844 0.0143682
439 0.0138925 0.0139016
440 0.0110099 0.0108187
441 0.00618339 0.00561251
442 0.000273126 -0.000789243
443 -0.00570668 -0.00719562
444 -0.0107542 -0.012388
445 -0.0140297 -0.0153678
446 -0.0149746 -0.0155594
447 -0.0133926 -0.0129223
448 -0.00948518 -0.00794827
449 -0.00383766 -0.00155065
450 0.00265195 0.00512417
451 0.00889949 0.0109158
452 0.0138069 0.014852
453 0.0164563 0.0162992
454 0.0162903 0.0150416
455 0.0132399 0.0112921
456 0.00776441 0.00564311
457 0.000787044 -0.00102518
458 -0.00646896 -0.0076682
459 -0.0127109 -0.0132212
460 -0.0168244 -0.0167537
461 -0.0180841 -0.017619
462 -0.0162801 -0.0155761
463 -0.0117392 -0.0108582
464 -0.00524362 -0.00416582
465 0.00212515 0.00342739
466 0.00917868 0.0106479
467 0.0148108 0.0162465
468 0.0181552 0.0192291
469 0.0186962 0.0190463
470 0.0163287 0.015698
471 0.0113688 0.00973176
472 0.00451751 0.00213529
473 -0.00322308 -0.00584834
474 -0.0106788 -0.0129412
475 -0.0166691 -0.0180402
476 -0.0201927 -0.0203784
477 -0.020602 -0.0196198
478 -0.0177333 -0.0158831
479 -0.0119605 -0.00970698
480 -0.0041524 -0.00196968
481 0.00446448 0.00622411
482 0.0125141 0.0136816
483 0.0187088 0.0192777
484 0.0220687 0.0221163
485 0.0220773 0.0216772
486 0.0187499 0.0179208
487 0.0126055 0.011325
488 0.00456356 0.00283393
489 -0.0042094 -0.0062785
490 -0.0124694 -0.0146131
491 -0.0190575 -0.0208772
492 -0.0230398 -0.0240996
493 -0.02382 -0.0237848
494 -0.0212185 -0.0199812
495 -0.015512 -0.0132543
496 -0.00742145 -0.00458071
497 0.00196147 0.00481155
498 0.0113118 0.0136224
499 0.0192604 0.0206514
500 0.0246067 0.0249417
501 0.0265154 0.0258891
502 0.024657 0.0233117
503 0.0192641 0.017479
504 0.0110904 0.0090969
505 0.00128553 -0.000760452
506 -0.00878738 -0.0107733
507 -0.0177544 -0.0195493
508 -0.0244182 -0.0258257
509 -0.0279049 -0.0286665
510 -0.0277571 -0.0276168
511 -0.0239725 -0.0227788
512 -0.0169946 -0.0147947
513 -0.00766145 -0.00474138
514 0.0028823 0.00603866
515 0.0133085 0.0161328
516 0.0222589 0.0242464
517 0.0285195 0.0293566
518 0.0311928 0.0308197
519 0.0298407 0.0284307
520 0.0245657 0.0224379
521 0.0160098 0.0135172
522 0.00526508 0.00270651
523 -0.0062869 -0.00869931
524 -0.017175 -0.0192918
525 -0.0260391 -0.0277193
526 -0.0317967 -0.0328663
527 -0.0337584 -0.0340127
528 -0.0316851 -0.0309455
529 -0.0257959 -0.023997
530 -0.0167352 -0.0140016
531 -0.00550735 -0.00217679
532 0.00662013 0.0100465
533 0.0182432 0.0212136
534 0.0279748 0.0300222
535 0.0346112 0.0354617
536 0.037291 0.0369071
537 0.0356184 0.034167
538 0.0297268 0.0274944
539 0.0202682 0.0175642
540 0.00832699 0.00541854
541 -0.00472374 -0.0076252
542 -0.0173994 -0.020106
543 -0.0282821 -0.0305836
544 -0.0361756 -0.037817
545 -0.0402201 -0.0409276
546 -0.0399639 -0.039516
547 -0.0353939 -0.0337105
548 -0.0269326 -0.02414
549 -0.015404 -0.0118416
550 -0.00196741 0.0018735
551 0.0119844 0.0155708
552 0.0249626 0.0278387
553 0.0355462 0.0374176
554 0.042552 0.043309
555 0.0451817 0.0448634
556 0.04312 0.0418464
557 0.0365642 0.0344748
558 0.0261848 0.0234143
559 0.0130307 0.00972927
560 -0.00159689 -0.00521876
561 -0.0162791 -0.0199147
562 -0.0296069 -0.0328585
563 -0.0402958 -0.0427329
564 -0.0472893 -0.0485443
565 -0.0498531 -0.049717
566 -0.0476532 -0.0461333
567 -0.0408075 -0.0381219
568 -0.0298948 -0.0264075
569 -0.01591 -0.0120354
570 -0.000166076 0.00371793
571 0.0158469 0.0194439
572 0.0306208 0.0337113
573 0.0427834 0.0451871
574 0.0512246 0.0527625
575 0.0551838 0.0556714
576 0.0542978 0.0535803
577 0.0486133 0.0466304
578 0.0385739 0.0354214
579 0.0249843 0.0209383
580 0.0089543 0.00444013
581 -0.00818063 -0.0126681
582 -0.0249631 -0.028959
583 -0.0399391 -0.0430894
584 -0.0517927 -0.0538897
585 -0.0594742 -0.0604403
586 -0.0623012 -0.0621407
587 -0.0600171 -0.0587671
588 -0.0527994 -0.0505091
589 -0.0412239 -0.0379716
590 -0.0261959 -0.0221318
591 -0.00886568 -0.00425083
592 0.00945815 0.0142462
593 0.027395 0.0319025
594 0.0435782 0.0473538
595 0.0567469 0.0594285
596 0.0658431 0.0672197
597 0.0701061 0.0701327
598 0.0691489 0.0679131
599 0.0629995 0.0606621
600 0.052095 0.0488356
601 0.0372305 0.0332245
602 0.0194757 0.0149081
603 7.74773e-05 -0.00482109
604 -0.0196338 -0.0245577
605 -0.0383255 -0.0428973
606 -0.0547331 -0.0585487
607 -0.067728 -0.0704297
608 -0.0763863 -0.0777354
609 -0.0800592 -0.0799765
610 -0.0784324 -0.0769917
611 -0.0715617 -0.0689419
612 -0.0598711 -0.0562939
613 -0.0441129 -0.0397952
614 -0.0252964 -0.020439
615 -0.00460299 0.000587327
616 0.0167001 0.0219738
617 0.0373341 0.042378
618 0.0560721 0.0605247
619 0.0717956 0.0752979
620 0.0835496 0.0858142
621 0.090598 0.091465
622 0.0924752 0.0919308
623 0.0890231 0.0871752
624 0.0804061 0.0774311
625 0.0670967 0.0631861
626 0.0498348 0.0451665
627 0.0295678 0.0243135
628 0.00738301 0.0017403
629 -0.0155577 -0.0213331
630 -0.038076 -0.0436629
631 -0.0590274 -0.0640674
632 -0.0773468 -0.0815011
633 -0.0920941 -0.0951035
634 -0.102501 -0.104223
635 -0.108015 -0.108425
636 -0.108336 -0.107489
637 -0.103432 -0.101418
638 -0.0935381 -0.0904479
639 -0.0791253 -0.0750445
640 -0.060863 -0.0558966
641 -0.039568 -0.0338768
642 -0.016161 -0.00998452
643 0.00837049 0.014721
644 0.0330019 0.0391833
645 0.0567034 0.0623956
646 0.0784774 0.0834301
647 0.0974059 0.101457
648 0.112701 0.115759
649 0.123748 0.12576
650 0.130134 0.131045
651 0.131646 0.131393
652 0.128263 0.126792
653 0.12013 0.117428
654 0.107533 0.103671
655 0.0908968 0.086034
656 0.0707717 0.0651383
657 0.0478323 0.0416852
658 0.022857 0.0164328
659 -0.0033078 -0.00981899
660 -0.0297947 -0.0362466
661 -0.0557641 -0.0620263
662 -0.0804406 -0.0863652
663 -0.10313 -0.108535
664 -0.123221 -0.127902
665 -0.140181 -0.143947
666 -0.153556 -0.15627
667 -0.162985 -0.164591
668 -0.168223 -0.16874
669 -0.169159 -0.168648
670 -0.165819 -0.164349
671 -0.158358 -0.155971
672 -0.147028 -0.143744
673 -0.132148 -0.127986
674 -0.114079 -0.109095
675 -0.0932227 -0.0875298
676 -0.0700153 -0.0637821
677 -0.0449384 -0.0383572
678 -0.0185099 -0.0117566
679 0.00873428 0.0155311
680 0.0362699 0.0430329
681 0.0636121 0.0702925
682 0.0903321 0.0968748
683 0.116058 0.122375
684 0.140464 0.146435
685 0.163259 0.168753
686 0.184181 0.189095
687 0.203006 0.20729
688 0.21956 0.223225
689 0.233736 0.236827
690 0.245496 0.248055
691 0.254858 0.256898
692 0.26188 0.263379
693 0.266643 0.267565
694 0.269238 0.269565
695 0.269771 0.26953
696 0.268368 0.267634
697 0.265186 0.264059
698 0.260407 0.258978
699 0.254231 0.252554
700 0.246861 0.244947
701 0.238486 0.236324
702 0.229274 0.226864
703 0.21938 0.216756
704 0.208951 0.206186
705 0.198135 0.195319
706 0.187082 0.184291
707 0.175934 0.173206
708 0.164822 0.162149
709 0.153851 0.151204
710 0.1431 0.140458
711 0.132632 0.130007
712 0.122497 0.119936
713 0.112744 0.110308
714 0.103419 0.101155
715 0.0945629 0.092481
716 0.0862069 0.084278
717 0.0783649 0.076541
718 0.0710352 0.0692796
719 0.0642055 0.0625145
720 0.0578604 0.0562642
721 0.0519866 0.0505296
722 0.0465741 0.0452859
723 0.0416133 0.0404888
724 0.0370899 0.0360901
725 0.0329825 0.0320544
726 0.0292626 0.0283678
727 0.0258987 0.0250319
728 0.022861 0.0220488
729 0.0201248 0.0194048
730 0.0176702 0.0170645
731 0.0154802 0.0149777
732 0.0135368 0.0130959
733 0.011819 0.011389
734 0.0103033 0.00985004
735 0.00896649 0.00848798
736 0.00778792 0.00731019
737 0.00675161 0.00630728
738 0.00584563 0.00544858
739 0.00506006 0.00469136
740 0.00438483 0.00399815
741 0.00380856 0.00335148
742 0.00331923 0.002757
743 0.00290578 0.00223309
744 0.00255964 0.00179313
745 0.00227523 0.00143125
746 0.00204907 0.00112033
747 0.00187844 0.000823238
748 0.0017603 0.00051057
749 0.00169129 0.00017386
750 0.00166865 -0.00017386
751 0.00169129 -0.00051057
752 0.0017603 -0.000823238
753 0.00187844 -0.00112033
754 0.00204907 -0.00143125
755 0.00227523 -0.00179313
756 0.00255964 -0.00223309
757 0.00290578 -0.002757
758 0.00331923 -0.00335148
759 0.00380856 -0.00399815
760 0.00438483 -0.00469136
761 0.00506006 -0.00544858
762 0.00584563 -0.00630728
763 0.00675161 -0.00731019
764 0.00778792 -0.00848798
765 0.00896649 -0.00985004
766 0.0103033 -0.011389
767 0.011819 -0.0130959
768 0.0135368 -0.0149777
769 0.0154802 -0.0170645
770 0.0176702 -0.0194048
771 0.0201248 -0.0220488
772 0.022861 -0.0250319
773 0.0258987 -0.0283678
774 0.0292626 -0.0320544
775 0.0329825 -0.0360901
776 0.0370899 -0.0404888
777 0.0416133 -0.0452859
778 0.0465741 -0.0505296
779 0.0519866 -0.0562642
780 0.0578604 -0.0625145
781 0.0642055 -0.0692796
782 0.0710352 -0.076541
783 0.0783649 -0.084278
784 0.0862069 -0.092481
785 0.0945629 -0.101155
786 0.103419 -0.110308
787 0.112744 -0.119936
788 0.122497 -0.130007
789 0.132632 -0.140458
790 0.1431 -0.151204
791 0.153851 -0.162149
792 0.164822 -0.173206
793 0.175934 -0.184291
794 0.187082 -0.195319
795 0.198135 -0.206186
796 0.208951 -0.216756
797 0.21938 -0.226864
798 0.229274 -0.236324
799 0.238486 -0.244947
800 0.246861 -0.252554
801 0.254231 -0.258978
802 0.260407 -0.264059
803 0.265186 -0.267634
804 0.268368 -0.26953
805 0.269771 -0.269565
806 0.269238 -0.267565
807 0.266643 -0.263379
808 0.26188 -0.256898
809 0.254858 -0.248055
810 0.245496 -0.236827
811 0.233736 -0.223225
812 0.21956 -0.20729
813 0.203006 -0.189095
814 0.184181 -0.168753
815 0.163259 -0.146435
816 0.140464 -0.122375
817 0.116058 -0.0968748
818 0.0903321 -0.0702925
819 0.0636121 -0.0430329
820 0.0362699 -0.0155311
821 0.00873428 0.0117566
822 -0.0185099 0.0383572
823 -0.0449384 0.0637821
824 -0.0700153 0.0875298
825 -0.0932227 0.109095
826 -0.114079 0.127986
827 -0.132148 0.143744
828 -0.147028 0.155971
829 -0.158358 0.164349
830 -0.165819 0.168648
831 -0.169159 0.16874
832 -0.168223 0.164591
833 -0.162985 0.15627
834 -0.153556 0.143947
835 -0.140181 0.127902
836 -0.123221 0.108535
837 -0.10313 0.0863652
838 -0.0804406 0.0620263
839 -0.0557641 0.0362466
840 -0.0297947 0.00981899
841 -0.0033078 -0.0164328
842 0.022857 -0.0416852
843 0.0478323 -0.0651383
844 0.0707717 -0.086034
845 0.0908968 -0.103671
846 0.107533 -0.117428
847 0.12013 -0.126792
848 0.128263 -0.131393
849 0.131646 -0.131045
850 0.130134 -0.12576
851 0.123748 -0.115759
852 0.112701 -0.101457
853 0.0974059 -0.0834301
854 0.0784774 -0.0623956
855 0.0567034 -0.0391833
856 0.0330019 -0.014721
857 0.00837049 0.00998452
858 -0.016161 0.0338768
859 -0.039568 0.0558966
860 -0.060863 0.0750445
861 -0.0791253 0.0904479
862 -0.0935381 0.101418
863 -0.103432 0.107489
864 -0.108336 0.108425
865 -0.108015 0.104223
866 -0.102501 0.0951035
867 -0.0920941 0.0815011
868 -0.0773468 0.0640674
869 -0.0590274 0.0436629
870 -0.038076 0.0213331
871 -0.0155577 -0.0017403
872 0.00738301 -0.0243135
873 0.0295678 -0.0451665
874 0.0498348 -0.0631861
875 0.0670967 -0.0774311
876 0.0804061 -0.0871752
877 0.0890231 -0.0919308
878 0.0924752 -0.091465
879 0.090598 -0.0858142
880 0.0835496 -0.0752979
881 0.0717956 -0.0605247
882 0.0560721 -0.042378
883 0.0373341 -0.0219738
884 0.0167001 -0.000587327
885 -0.00460299 0.020439
886 -0.0252964 0.0397952
887 -0.0441129 0.0562939
888 -0.0598711 0.0689419
889 -0.0715617 0.0769917
890 -0.0784324 0.0799765
891 -0.0800592 0.0777354
892 -0.0763863 0.0704297
893 -0.067728 0.0585487
894 -0.0547331 0.0428973
895 -0.0383255 0.0245577
896 -0.0196338 0.00482109
897 7.74773e-05 -0.0149081
898 0.0194757 -0.0332245
899 0.0372305 -0.0488356
900 0.052095 -0.0606621
901 0.0629995 -0.0679131
902 0.0691489 -0.0701327
903 0.0701061 -0.0672197
904 0.0658431 -0.0594285
905 0.0567469 -0.0473538
906 0.0435782 -0.0319025
907 0.027395 -0.0142462
908 0.00945815 0.00425083
909 -0.00886568 0.0221318
910 -0.0261959 0.0379716
911 -0.0412239 0.0505091
912 -0.0527994 0.0587671
913 -0.0600171 0.0621407
914 -0.0623012 0.0604403
915 -0.0594742 0.0538897
916 -0.0517927 0.0430894
917 -0.0399391 0.028959
918 -0.0249631 0.0126681
919 -0.00818063 -0.00444013
920 0.0089543 -0.0209383
921 0.0249843 -0.0354214
922 0.0385739 -0.0466304
923 0.0486133 -0.0535803
924 0.0542978 -0.0556714
925 0.0551838 -0.0527625
926 0.0512246 -0.0451871
927 0.0427834 -0.0337113
928 0.0306208 -0.0194439
929 0.0158469 -0.00371793
930 -0.000166076 0.0120354
931 -0.01591 0.0264075
932 -0.0298948 0.0381219
933 -0.0408075 0.0461333
934 -0.0476532 0.049717
935 -0.0498531 0.0485443
936 -0.0472893 0.0427329
937 -0.0402958 0.0328585
938 -0.0296069 0.0199147
939 -0.0162791 0.00521876
940 -0.00159689 -0.00972927
941 0.0130307 -0.0234143
942 0.0261848 -0.0344748
943 0.0365642 -0.0418464
944 0.04312 -0.0448634
945 0.0451817 -0.043309
946 0.042552 -0.0374176
947 0.0355462 -0.0278387
948 0.0249626 -0.0155708
949 0.0119844 -0.0018735
950 -0.00196741 0.0118416
951 -0.015404 0.02414
952 -0.0269326 0.0337105
953 -0.0353939 0.039516
954 -0.0399639 0.0409276
955 -0.0402201 0.037817
956 -0.0361756 0.0305836
957 -0.0282821 0.020106
958 -0.0173994 0.0076252
959 -0.00472374 -0.00541854
960 0.00832699 -0.0175642
961 0.0202682 -0.0274944
962 0.0297268 -0.034167
963 0.0356184 -0.0369071
964 0.037291 -0.0354617
965 0.0346112 -0.0300222
966 0.0279748 -0.0212136
967 0.0182432 -0.0100465
968 0.00662013 0.00217679
969 -0.00550735 0.0140016
970 -0.0167352 0.023997
971 -0.0257959 0.0309455
972 -0.0316851 0.0340127
973 -0.0337584 0.0328663
974 -0.0317967 0.0277193
975 -0.0260391 0.0192918
976 -0.017175 0.00869931
977 -0.0062869 -0.00270651
978 0.00526508 -0.0135172
979 0.0160098 -0.0224379
980 0.0245657 -0.0284307
981 0.0298407 -0.0308197
982 0.0311928 -0.0293566
983 0.0285195 -0.0242464
984 0.0222589 -0.0161328
985 0.0133085 -0.00603866
986 0.0028823 0.00474138
987 -0.00766145 0.0147947
988 -0.0169946 0.0227788
989 -0.0239725 0.0276168
990 -0.0277571 0.0286665
991 -0.0279049 0.0258257
992 -0.0244182 0.0195493
993 -0.0177544 0.0107733
994 -0.00878738 0.000760452
995 0.00128553 -0.0090969
996 0.0110904 -0.017479
997 0.0192641 -0.0233117
998 0.024657 -0.0258891
999 0.0265154 -0.0249417
