0 0.0110036 -0.00908782
1 0.00817566 -0.00487625
2 0.00362225 0.000267693
3 -0.00156725 0.00514146
4 -0.00618836 0.00863751
5 -0.00919983 0.00999658
6 -0.00996058 0.00897636
7 -0.00837044 0.00589695
8 -0.00488231 0.00155349
9 -0.00038371 -0.00298201
10 0.00402305 -0.00662176
11 0.0072887 -0.00852301
12 0.00866775 -0.00828619
13 0.00789179 -0.00604235
14 0.00522408 -0.00240972
15 0.00138336 0.00166921
16 -0.00264309 0.00516835
17 -0.00584986 0.00723556
18 -0.00746453 0.00740223
19 -0.00713638 0.00569249
20 -0.00501568 0.00260564
21 -0.00170418 -0.00102216
22 0.00190916 -0.00424004
23 0.00488367 -0.00623041
24 0.00647158 -0.00651816
25 0.00630794 -0.00508712
26 0.00449696 -0.00237382
27 0.00157334 0.000858482
28 -0.00164927 0.00373071
29 -0.00430136 0.00548616
30 -0.00569157 0.00569138
31 -0.00548885 0.0043455
32 -0.00380381 0.00186983
33 -0.00114823 -0.00101788
34 0.00171492 -0.00350799
35 0.00398816 -0.00492497
36 0.00506162 -0.00491183
37 0.00467845 -0.00352231
38 0.00299786 -0.00119598
39 0.000539656 0.00137534
40 -0.00197194 0.00345063
41 -0.00381943 0.00445305
42 -0.00449693 0.00413208
43 -0.0038504 0.00262775
44 -0.0021136 0.000419912
45 0.000169264 -0.0018209
46 0.00231035 -0.00343525
47 0.00368417 -0.00396893
48 0.00391131 -0.0033021
49 0.00296509 -0.00167627
50 0.00117047 0.000387161
51 -0.000902868 0.00225072
52 -0.00261904 0.00335663
53 -0.00347042 0.00339462
54 -0.00322865 0.00239077
55 -0.00200693 0.00069114
56 -0.000216215 -0.00115352
57 0.00156936 -0.00256447
58 0.00279472 -0.00311664
59 0.00309658 -0.00266793
60 0.00241263 -0.00139617
61 0.000993763 0.000266101
62 -0.00068347 0.00177612
63 -0.00207475 0.00265697
64 -0.00274441 0.00264851
65 -0.002503 0.00178518
66 -0.00146179 0.00037718
67 1.17932e-05 -0.00109749
68 0.00142134 -0.0021535
69 0.00230755 -0.00245804
70 0.00239803 -0.00193698
71 0.0016917 -0.000792976
72 0.000451672 0.000569519
73 -0.000889454 0.00168557
74 -0.0018786 0.00218828
75 -0.00219499 0.00193025
76 -0.00175519 0.00102724
77 -0.000735504 -0.000189077
78 0.000494874 -0.00129094
79 0.00150575 -0.00190403
80 0.0019562 -0.00183472
81 0.00171055 -0.00113172
82 0.000879874 -6.24139e-05
83 -0.000223987 0.000986201
84 -0.00120389 0.00164631
85 -0.00171976 0.00169836
86 -0.00160681 0.0011452
87 -0.000928489 0.000205447
88 5.29854e-05 -0.000770399
89 0.000975924 -0.00142973
90 0.0015113 -0.00154567
91 0.00147996 -0.00109612
92 0.000913237 -0.000265902
93 3.61227e-05 0.000627188
94 -0.00081975 0.00125325
95 -0.00134051 0.00139211
96 -0.00134554 0.00101107
97 -0.000851194 0.000270911
98 -5.9602e-05 -0.000539837
99 0.000722203 -0.00111612
100 0.00120092 -0.00125063
101 0.00120751 -0.000908591
102 0.000757432 -0.000236094
103 3.89444e-05 0.000499965
104 -0.000664308 0.00101646
105 -0.00108468 0.0011228
106 -0.00107225 0.000792083
107 -0.000648338 0.000167522
108 8.32513e-06 -0.000497548
109 0.00063532 -0.000941777
110 0.000990403 -0.000998902
111 0.000944833 -0.000660791
112 0.00053042 -7.59615e-05
113 -7.71014e-05 0.000514407
114 -0.000630881 0.000875632
115 -0.000912553 0.000872981
116 -0.000818728 0.00052201
117 -0.000399834 -2.30165e-05
118 0.000163936 -0.00053586
119 0.000639068 -0.00081156
120 0.000835485 -0.000748017
121 0.000683298 -0.000383672
122 0.000258028 0.000122458
123 -0.000255115 0.000558829
124 -0.000641453 0.000748976
125 -0.000746767 0.000622866
126 -0.000539024 0.000243153
127 -0.000117105 -0.000223842
128 0.000335174 -0.000579852
129 0.00062858 -0.000678692
130 0.000647262 -0.000486991
131 0.00039423 -9.58881e-05
132 -1.40827e-05 0.000320908
133 -0.000400213 0.000583942
134 -0.000601928 0.000585754
135 -0.000540049 0.000335426
136 -0.00024974 -4.89833e-05
137 0.000137245 -0.000395546
138 0.000451152 -0.000555434
139 0.000558249 -0.000467072
140 0.000418212 -0.000179608
141 9.99644e-05 0.00017306
142 -0.000250813 0.000434281
143 -0.000477846 0.000493963
144 -0.000484244 0.000334657
145 -0.00027463 3.53519e-05
146 4.94429e-05 -0.000266826
147 0.000338086 -0.000438735
148 0.00046257 -0.000409365
149 0.000373243 -0.000198985
150 0.000119428 9.25202e-05
151 -0.00017679 0.000332055
152 -0.000379193 0.000413441
153 -0.000400198 0.0003045
154 -0.000238662 6.02133e-05
155 2.35092e-05 -0.000203802
156 0.000262474 -0.000365335
157 0.00037068 -0.000352244
158 0.000304912 -0.000175371
159 0.000102943 7.77945e-05
160 -0.000137174 0.000285725
161 -0.000304097 0.000351295
162 -0.000324244 0.000247791
163 -0.000193876 3.02427e-05
164 2.15134e-05 -0.000193131
165 0.000219236 -0.000314802
166 0.000307664 -0.000280168
167 0.00024845 -0.000112397
168 7.34391e-05 0.000101678
169 -0.000131408 0.000256437
170 -0.000267497 0.000279823
171 -0.000270904 0.000166994
172 -0.000142883 -2.0534e-05
173 5.1312e-05 -0.000188171
174 0.000214978 -0.000255959
175 0.000268034 -0.000196564
176 0.000186719 -4.55744e-05
177 1.48803e-05 0.000119223
178 -0.00015899 0.000217683
179 -0.000247277 0.000205924
180 -0.000207858 9.53352e-05
181 -6.47541e-05 -5.58546e-05
182 0.000105691 -0.000172816
183 0.000215479 -0.000200653
184 0.000210754 -0.000129707
185 9.86072e-05 1.68895e-06
186 -5.87206e-05 0.000127369
187 -0.00017826 0.000186065
188 -0.0002003 0.000150909
189 -0.00011842 4.17331e-05
190 1.9703e-05 -8.54612e-05
191 0.000139815 -0.000166629
192 0.0001811 -0.000161647
193 0.000126995 -7.43433e-05
194 1.11698e-05 4.95391e-05
195 -0.000103 0.000145737
196 -0.00015707 0.000164601
197 -0.000127325 9.69996e-05
198 -3.45919e-05 -2.07104e-05
199 6.95429e-05 -0.000125717
200 0.000131286 -0.000162135
201 0.000122184 -0.000111052
202 5.1706e-05 -8.84554e-07
203 -4.03194e-05 0.000107975
204 -0.000105981 0.000156168
205 -0.000113908 0.000118032
206 -6.37912e-05 1.57353e-05
207 1.56008e-05 -9.31979e-05
208 8.26419e-05 -0.000148161
209 0.000104313 -0.000119444
210 7.20643e-05 -2.4685e-05
211 4.73124e-06 8.15636e-05
212 -6.21442e-05 0.000139166
213 -9.46999e-05 0.000116653
214 -7.75745e-05 2.87228e-05
215 -2.10226e-05 -7.29232e-05
216 4.48928e-05 -0.000129897
217 8.59193e-05 -0.00011082
218 8.11626e-05 -2.88414e-05
219 3.37324e-05 6.69491e-05
220 -3.09522e-05 0.000120811
221 -7.84533e-05 0.000102893
222 -8.34633e-05 2.59481e-05
223 -4.33589e-05 -6.32421e-05
224 2.01555e-05 -0.000112181
225 7.25038e-05 -9.36115e-05
226 8.49303e-05 -2.08176e-05
227 5.03946e-05 6.14023e-05
228 -1.21899e-05 0.000104152
229 -6.80717e-05 8.35309e-05
230 -8.58705e-05 1.4075e-05
231 -5.53038e-05 -6.10721e-05
232 6.6587e-06 -9.67886e-05
233 6.50234e-05 -7.30491e-05
234 8.64806e-05 -6.1979e-06
235 5.85139e-05 6.19563e-05
236 -3.1248e-06 9.01072e-05
237 -6.31416e-05 6.24378e-05
238 -8.68791e-05 -2.46819e-06
239 -6.04154e-05 -6.38282e-05
240 1.1374e-06 -8.40979e-05
241 6.21615e-05 -5.18717e-05
242 8.71323e-05 1.16884e-05
243 6.13672e-05 6.65258e-05
244 -2.46765e-07 7.87419e-05
245 -6.17951e-05 4.14562e-05
246 -8.72742e-05 -2.13137e-05
247 -6.17039e-05 -6.99442e-05
248 9.89174e-09 -7.40243e-05
249 6.17437e-05 -3.12547e-05
250 8.732e-05 3.12547e-05
251 6.17437e-05 7.40243e-05
252 9.89173e-09 6.99442e-05
253 -6.17039e-05 2.13137e-05
254 -8.72742e-05 -4.14562e-05
255 -6.17951e-05 -7.87419e-05
256 -2.46765e-07 -6.65258e-05
257 6.13672e-05 -1.16884e-05
258 8.71323e-05 5.18717e-05
259 6.21615e-05 8.40979e-05
260 1.1374e-06 6.38282e-05
261 -6.04154e-05 2.46819e-06
262 -8.68791e-05 -6.24378e-05
263 -6.31416e-05 -9.01072e-05
264 -3.1248e-06 -6.19563e-05
265 5.85139e-05 6.1979e-06
266 8.64806e-05 7.30491e-05
267 6.50234e-05 9.67886e-05
268 6.6587e-06 6.10721e-05
269 -5.53038e-05 -1.4075e-05
270 -8.58705e-05 -8.35309e-05
271 -6.80717e-05 -0.000104152
272 -1.21899e-05 -6.14023e-05
273 5.03946e-05 2.08176e-05
274 8.49303e-05 9.36115e-05
275 7.25038e-05 0.000112181
276 2.01555e-05 6.32421e-05
277 -4.33589e-05 -2.59481e-05
278 -8.34633e-05 -0.000102893
279 -7.84533e-05 -0.000120811
280 -3.09522e-05 -6.69491e-05
281 3.37324e-05 2.88414e-05
282 8.11626e-05 0.00011082
283 8.59193e-05 0.000129897
284 4.48928e-05 7.29232e-05
285 -2.10226e-05 -2.87228e-05
286 -7.75745e-05 -0.000116653
287 -9.46999e-05 -0.000139166
288 -6.21442e-05 -8.15636e-05
289 4.73124e-06 2.4685e-05
290 7.20643e-05 0.000119444
291 0.000104313 0.000148161
292 8.26419e-05 9.31979e-05
293 1.56008e-05 -1.57353e-05
294 -6.37912e-05 -0.000118032
295 -0.000113908 -0.000156168
296 -0.000105981 -0.000107975
297 -4.03194e-05 8.84554e-07
298 5.1706e-05 0.000111052
299 0.000122184 0.000162135
300 0.000131286 0.000125717
301 6.95429e-05 2.07104e-05
302 -3.45919e-05 -9.69996e-05
303 -0.000127325 -0.000164601
304 -0.00015707 -0.000145737
305 -0.000103 -4.95391e-05
306 1.11698e-05 7.43433e-05
307 0.000126995 0.000161647
308 0.0001811 0.000166629
309 0.000139815 8.54612e-05
310 1.9703e-05 -4.17331e-05
311 -0.00011842 -0.000150909
312 -0.0002003 -0.000186065
313 -0.00017826 -0.000127369
314 -5.87206e-05 -1.68895e-06
315 9.86072e-05 0.000129707
316 0.000210754 0.000200653
317 0.000215479 0.000172816
318 0.000105691 5.58546e-05
319 -6.47541e-05 -9.53352e-05
320 -0.000207858 -0.000205924
321 -0.000247277 -0.000217683
322 -0.00015899 -0.000119223
323 1.48803e-05 4.55744e-05
324 0.000186719 0.000196564
325 0.000268034 0.000255959
326 0.000214978 0.000188171
327 5.1312e-05 2.0534e-05
328 -0.000142883 -0.000166994
329 -0.000270904 -0.000279823
330 -0.000267497 -0.000256437
331 -0.000131408 -0.000101678
332 7.34391e-05 0.000112397
333 0.00024845 0.000280168
334 0.000307664 0.000314802
335 0.000219236 0.000193131
336 2.15134e-05 -3.02427e-05
337 -0.000193876 -0.000247791
338 -0.000324244 -0.000351295
339 -0.000304097 -0.000285725
340 -0.000137174 -7.77945e-05
341 0.000102943 0.000175371
342 0.000304912 0.000352244
343 0.00037068 0.000365335
344 0.000262474 0.000203802
345 2.35092e-05 -6.02133e-05
346 -0.000238662 -0.0003045
347 -0.000400198 -0.000413441
348 -0.000379193 -0.000332055
349 -0.00017679 -9.25202e-05
350 0.000119428 0.000198985
351 0.000373243 0.000409365
352 0.00046257 0.000438735
353 0.000338086 0.000266826
354 4.94429e-05 -3.53519e-05
355 -0.00027463 -0.000334657
356 -0.000484244 -0.000493963
357 -0.000477846 -0.000434281
358 -0.000250813 -0.00017306
359 9.99644e-05 0.000179608
360 0.000418212 0.000467072
361 0.000558249 0.000555434
362 0.000451152 0.000395546
363 0.000137245 4.89833e-05
364 -0.00024974 -0.000335426
365 -0.000540049 -0.000585754
366 -0.000601928 -0.000583942
367 -0.000400213 -0.000320908
368 -1.40827e-05 9.58881e-05
369 0.00039423 0.000486991
370 0.000647262 0.000678692
371 0.00062858 0.000579852
372 0.000335174 0.000223842
373 -0.000117105 -0.000243153
374 -0.000539024 -0.000622866
375 -0.000746767 -0.000748976
376 -0.000641453 -0.000558829
377 -0.000255115 -0.000122458
378 0.000258028 0.000383672
379 0.000683298 0.000748017
380 0.000835485 0.00081156
381 0.000639068 0.00053586
382 0.000163936 2.30165e-05
383 -0.000399834 -0.00052201
384 -0.000818728 -0.000872981
385 -0.000912553 -0.000875632
386 -0.000630881 -0.000514407
387 -7.71014e-05 7.59615e-05
388 0.00053042 0.000660791
389 0.000944833 0.000998902
390 0.000990403 0.000941777
391 0.00063532 0.000497548
392 8.32513e-06 -0.000167522
393 -0.000648338 -0.000792083
394 -0.00107225 -0.0011228
395 -0.00108468 -0.00101646
396 -0.000664308 -0.000499965
397 3.89444e-05 0.000236094
398 0.000757432 0.000908591
399 0.00120751 0.00125063
400 0.00120092 0.00111612
401 0.000722203 0.000539837
402 -5.9602e-05 -0.000270911
403 -0.000851194 -0.00101107
404 -0.00134554 -0.00139211
405 -0.00134051 -0.00125325
406 -0.00081975 -0.000627188
407 3.61227e-05 0.000265902
408 0.000913237 0.00109612
409 0.00147996 0.00154567
410 0.0015113 0.00142973
411 0.000975924 0.000770399
412 5.29854e-05 -0.000205447
413 -0.000928489 -0.0011452
414 -0.00160681 -0.00169836
415 -0.00171976 -0.00164631
416 -0.00120389 -0.000986201
417 -0.000223987 6.24139e-05
418 0.000879874 0.00113172
419 0.00171055 0.00183472
420 0.0019562 0.00190403
421 0.00150575 0.00129094
422 0.000494874 0.000189077
423 -0.000735504 -0.00102724
424 -0.00175519 -0.00193025
425 -0.00219499 -0.00218828
426 -0.0018786 -0.00168557
427 -0.000889454 -0.000569519
428 0.000451672 0.000792976
429 0.0016917 0.00193698
430 0.00239803 0.00245804
431 0.00230755 0.0021535
432 0.00142134 0.00109749
433 1.17932e-05 -0.00037718
434 -0.00146179 -0.00178518
435 -0.002503 -0.00264851
436 -0.00274441 -0.00265697
437 -0.00207475 -0.00177612
438 -0.00068347 -0.000266101
439 0.000993763 0.00139617
440 0.00241263 0.00266793
441 0.00309658 0.00311664
442 0.00279472 0.00256447
443 0.00156936 0.00115352
444 -0.000216215 -0.00069114
445 -0.00200693 -0.00239077
446 -0.00322865 -0.00339462
447 -0.00347042 -0.00335663
448 -0.00261904 -0.00225072
449 -0.000902868 -0.000387161
450 0.00117047 0.00167627
451 0.00296509 0.0033021
452 0.00391131 0.00396893
453 0.00368417 0.00343525
454 0.00231035 0.0018209
455 0.000169264 -0.000419912
456 -0.0021136 -0.00262775
457 -0.0038504 -0.00413208
458 -0.00449693 -0.00445305
459 -0.00381943 -0.00345063
460 -0.00197194 -0.00137534
461 0.000539656 0.00119598
462 0.00299786 0.00352231
463 0.00467845 0.00491183
464 0.00506162 0.00492497
465 0.00398816 0.00350799
466 0.00171492 0.00101788
467 -0.00114823 -0.00186983
468 -0.00380381 -0.0043455
469 -0.00548885 -0.00569138
470 -0.00569157 -0.00548616
471 -0.00430136 -0.00373071
472 -0.00164927 -0.000858482
473 0.00157334 0.00237382
474 0.00449696 0.00508712
475 0.00630794 0.00651816
476 0.00647158 0.00623041
477 0.00488367 0.00424004
478 0.00190916 0.00102216
479 -0.00170418 -0.00260564
480 -0.00501568 -0.00569249
481 -0.00713638 -0.00740223
482 -0.00746453 -0.00723556
483 -0.00584986 -0.00516835
484 -0.00264309 -0.00166921
485 0.00138336 0.00240972
486 0.00522408 0.00604235
487 0.00789179 0.00828619
488 0.00866775 0.00852301
489 0.0072887 0.00662176
490 0.00402305 0.00298201
491 -0.00038371 -0.00155349
492 -0.00488231 -0.00589695
493 -0.00837044 -0.00897636
494 -0.00996058 -0.00999658
495 -0.00919983 -0.00863751
496 -0.00618836 -0.00514146
497 -0.00156725 -0.000267693
498 0.00362225 0.00487625
499 0.00817566 0.00908782
500 0.0110036 0.0113487
501 0.0113872 0.0110652
502 0.00915175 0.00821343
503 0.00471826 0.00335693
504 -0.000980017 -0.0024699
505 -0.00669789 -0.00798521
506 -0.0111514 -0.0119416
507 -0.0133031 -0.013404
508 -0.0125966 -0.0119622
509 -0.00908806 -0.00783138
510 -0.00344562 -0.00181775
511 0.00318311 0.00484426
512 0.00940807 0.0107482
513 0.0138879 0.0146112
514 0.0156144 0.0155474
515 0.01413 0.01326
516 0.00963358 0.00811393
517 0.00295148 0.00107272
518 -0.00462045 -0.00648737
519 -0.0115719 -0.013049
520 -0.0164786 -0.0172563
521 -0.018289 -0.0181885
522 -0.0165385 -0.0155498
523 -0.011451 -0.00973786
524 -0.00390714 -0.00177816
525 0.00471527 0.00686361
526 0.0127968 0.0145548
527 0.0187805 0.0198024
528 0.0214666 0.0215365
529 0.0202422 0.0193156
530 0.015204 0.0134186
531 0.00715134 0.00480489
532 -0.00254897 -0.00504999
533 -0.0122003 -0.0144119
534 -0.0200745 -0.0215936
535 -0.0247171 -0.0252534
536 -0.0252067 -0.0246345
537 -0.0213216 -0.0197043
538 -0.0135884 -0.0111692
539 -0.00320181 -0.000364916
540 0.0081688 0.0109604
541 0.018652 0.0209327
542 0.0264819 0.0278595
543 0.0302882 0.0305091
544 0.0293235 0.0283152
545 0.02359 0.0214748
546 0.0138482 0.0109257
547 0.0015048 -0.00179319
548 -0.0115988 -0.0147737
549 -0.0234663 -0.0260282
550 -0.0322486 -0.0337904
551 -0.0365241 -0.0367832
552 -0.0355145 -0.0344126
553 -0.0292044 -0.0268611
554 -0.0183505 -0.0150674
555 -0.00437847 -0.000597163
556 0.0108149 0.0145742
557 0.0251255 0.0283365
558 0.0365333 0.0387357
559 0.0433807 0.0442436
560 0.0445994 0.0439666
561 0.0398575 0.0377686
562 0.0296061 0.0262933
563 0.0150247 0.0108825
564 -0.0021289 -0.00659314
565 -0.0197404 -0.023971
566 -0.0356045 -0.0390662
567 -0.0476984 -0.0499428
568 -0.0544305 -0.0551501
569 -0.0548333 -0.0538987
570 -0.0486792 -0.0461544
571 -0.0365072 -0.0326424
572 -0.0195606 -0.014763
573 0.00035625 0.00556876
574 0.021082 0.0261392
575 0.040339 0.044681
576 0.0559831 0.0591211
577 0.0662341 0.0678017
578 0.0698624 0.0696542
579 0.0663155 0.0643066
580 0.0557697 0.0521179
581 0.0391084 0.0341366
582 0.0178284 0.0119915
583 -0.00611135 -0.0122716
584 -0.0304823 -0.0363902
585 -0.0530002 -0.0580994
586 -0.0715371 -0.0753421
587 -0.0843145 -0.0864532
588 -0.0900573 -0.0903027
589 -0.0880995 -0.0863873
590 -0.0784324 -0.0748638
591 -0.0616948 -0.056525
592 -0.0391089 -0.0327235
593 -0.0123697 -0.00525111
594 0.0164993 0.0238117
595 0.0453115 0.0522642
596 0.0718879 0.0779554
597 0.0942201 0.0989437
598 0.110614 0.113632
599 0.119802 0.120875
600 0.121021 0.120041
601 0.114048 0.111045
602 0.0992007 0.0943349
603 0.0772946 0.0708411
604 0.0495766 0.0419047
605 0.0176299 0.00917635
606 -0.0167353 -0.0254953
607 -0.0515988 -0.0601809
608 -0.0850459 -0.0929843
609 -0.115275 -0.122147
610 -0.14069 -0.146139
611 -0.159976 -0.163723
612 -0.172153 -0.174008
613 -0.176601 -0.176468
614 -0.173076 -0.170951
615 -0.161691 -0.157656
616 -0.14289 -0.137104
617 -0.117403 -0.110086
618 -0.0861907 -0.0776133
619 -0.0503862 -0.0408514
620 -0.0112306 -0.00105886
621 0.0299875 0.0404732
622 0.0719897 0.082477
623 0.113558 0.123756
624 0.153576 0.163227
625 0.191066 0.199949
626 0.225208 0.233144
627 0.255353 0.262209
628 0.281036 0.286722
629 0.301961 0.306431
630 0.318002 0.321248
631 0.329183 0.331232
632 0.335659 0.33657
633 0.337698 0.337551
634 0.335654 0.33455
635 0.329949 0.328
636 0.321047 0.318376
637 0.309439 0.306168
638 0.295618 0.29187
639 0.280069 0.275964
640 0.263256 0.258904
641 0.245609 0.241111
642 0.227518 0.222965
643 0.209329 0.2048
644 0.19134 0.186903
645 0.173804 0.169514
646 0.156923 0.152823
647 0.140856 0.136981
648 0.125723 0.122095
649 0.111603 0.108238
650 0.0985443 0.0954482
651 0.0865655 0.0837396
652 0.0756617 0.0731016
653 0.0658085 0.0635053
654 0.0569658 0.0549075
655 0.0490818 0.0472542
656 0.0420967 0.0404838
657 0.035945 0.03453
658 0.0305586 0.0293241
659 0.0258685 0.0247973
660 0.0218066 0.020882
661 0.018307 0.017513
662 0.015307 0.0146286
663 0.0127479 0.012171
664 0.0105754 0.010087
665 0.00873947 0.00832801
666 0.00719505 0.00684993
667 0.00590157 0.00561336
668 0.00482294 0.00458327
669 0.00392727 0.00372877
670 0.00318659 0.00302286
671 0.00257655 0.00244205
672 0.00207609 0.00196606
673 0.00166714 0.00157746
674 0.00133425 0.00126142
675 0.00106429 0.00100536
676 0.000846173 0.000798662
677 0.00067057 0.000632419
678 0.0005297 0.000499183
679 0.000417098 0.000392767
680 0.000327414 0.000308065
681 0.000256224 0.000240885
682 0.000199897 0.000187786
683 0.000155472 0.000145955
684 0.000120553 0.000113101
685 9.32042e-05 8.73754e-05
686 7.18561e-05 6.73006e-05
687 5.52381e-05 5.16917e-05
688 4.23345e-05 3.9595e-05
689 3.23461e-05 3.02439e-05
690 2.46456e-05 2.3031e-05
691 1.87328e-05 1.74843e-05
692 1.42035e-05 1.32373e-05
693 1.07362e-05 9.99977e-06
694 8.08643e-06 7.53718e-06
695 6.07208e-06 5.66353e-06
696 4.55222e-06 4.23896e-06
697 3.40946e-06 3.16212e-06
698 2.5465e-06 2.35594e-06
699 1.89127e-06 1.75549e-06
700 1.39693e-06 1.3053e-06
701 1.03146e-06 9.6395e-07
702 7.65281e-07 7.06131e-07
703 5.68363e-07 5.16771e-07
704 4.17235e-07 3.81709e-07
705 3.00757e-07 2.84007e-07
706 2.16185e-07 2.08587e-07
707 1.59452e-07 1.48382e-07
708 1.20675e-07 1.038e-07
709 8.9269e-08 7.55274e-08
710 6.14219e-08 5.87751e-08
711 4.03412e-08 4.53943e-08
712 2.90543e-08 3.09295e-08
713 2.46073e-08 1.78856e-08
714 2.03822e-08 1.11341e-08
715 1.31086e-08 1.09054e-08
716 5.71625e-09 1.17317e-08
717 2.76594e-09 8.51171e-09
718 4.38538e-09 2.25696e-09
719 6.07978e-09 -1.5012e-09
720 4.22068e-09 2.87198e-10
721 1.75063e-10 4.31196e-09
722 -1.83539e-09 4.86152e-09
723 -1.26413e-10 7.42927e-10
724 2.54651e-09 -3.33953e-09
725 2.60816e-09 -2.63903e-09
726 4.2852e-12 1.75664e-09
727 -2.04689e-09 4.26578e-09
728 -1.22939e-09 1.70505e-09
729 1.14186e-09 -2.79523e-09
730 2.02186e-09 -3.69718e-09
731 4.64698e-10 6.56029e-11
732 -1.43493e-09 3.77468e-09
733 -1.37234e-09 2.80444e-09
734 3.53912e-10 -1.6267e-09
735 1.47006e-09 -3.99158e-09
736 6.95836e-10 -1.3558e-09
737 -8.08193e-10 2.96776e-09
738 -1.13248e-09 3.57021e-09
739 -4.10169e-11 -2.9007e-10
740 9.41451e-10 -3.77059e-09
741 6.28529e-10 -2.51616e-09
742 -4.0073e-10 1.88835e-09
743 -7.58025e-10 3.91401e-09
744 -1.04359e-10 1.0252e-09
745 5.60306e-10 -3.14421e-09
746 3.71159e-10 -3.35816e-09
747 -2.80709e-10 6.46984e-10
748 -4.2834e-10 3.83543e-09
749 7.59191e-11 2.20076e-09
750 4.22033e-10 -2.20076e-09
751 7.59193e-11 -3.83543e-09
752 -4.2834e-10 -6.46983e-10
753 -2.80708e-10 3.35816e-09
754 3.7116e-10 3.14421e-09
755 5.60307e-10 -1.02519e-09
756 -1.04359e-10 -3.91401e-09
757 -7.58026e-10 -1.88835e-09
758 -4.0073e-10 2.51616e-09
759 6.28529e-10 3.77059e-09
760 9.41451e-10 2.9007e-10
761 -4.1017e-11 -3.57021e-09
762 -1.13248e-09 -2.96776e-09
763 -8.08192e-10 1.3558e-09
764 6.95836e-10 3.99158e-09
765 1.47006e-09 1.6267e-09
766 3.53912e-10 -2.80444e-09
767 -1.37234e-09 -3.77468e-09
768 -1.43493e-09 -6.56028e-11
769 4.64698e-10 3.69718e-09
770 2.02187e-09 2.79523e-09
771 1.14186e-09 -1.70505e-09
772 -1.22939e-09 -4.26578e-09
773 -2.04689e-09 -1.75663e-09
774 4.28561e-12 2.63903e-09
775 2.60816e-09 3.33953e-09
776 2.54651e-09 -7.42927e-10
777 -1.26413e-10 -4.86152e-09
778 -1.83539e-09 -4.31196e-09
779 1.75062e-10 -2.87197e-10
780 4.22069e-09 1.5012e-09
781 6.07978e-09 -2.25696e-09
782 4.38538e-09 -8.51171e-09
783 2.76594e-09 -1.17317e-08
784 5.71625e-09 -1.09054e-08
785 1.31086e-08 -1.11341e-08
786 2.03822e-08 -1.78856e-08
787 2.46073e-08 -3.09295e-08
788 2.90543e-08 -4.53943e-08
789 4.03412e-08 -5.87751e-08
790 6.14219e-08 -7.55274e-08
791 8.9269e-08 -1.038e-07
792 1.20675e-07 -1.48382e-07
793 1.59452e-07 -2.08587e-07
794 2.16185e-07 -2.84007e-07
795 3.00757e-07 -3.81709e-07
796 4.17235e-07 -5.16771e-07
797 5.68363e-07 -7.06131e-07
798 7.65281e-07 -9.6395e-07
799 1.03146e-06 -1.3053e-06
800 1.39693e-06 -1.75549e-06
801 1.89127e-06 -2.35594e-06
802 2.5465e-06 -3.16212e-06
803 3.40946e-06 -4.23896e-06
804 4.55222e-06 -5.66353e-06
805 6.07208e-06 -7.53718e-06
806 8.08643e-06 -9.99977e-06
807 1.07362e-05 -1.32373e-05
808 1.42035e-05 -1.74843e-05
809 1.87328e-05 -2.3031e-05
810 2.46456e-05 -3.02439e-05
811 3.23461e-05 -3.9595e-05
812 4.23345e-05 -5.16917e-05
813 5.52381e-05 -6.73006e-05
814 7.18561e-05 -8.73754e-05
815 9.32042e-05 -0.000113101
816 0.000120553 -0.000145955
817 0.000155472 -0.000187786
818 0.000199897 -0.000240885
819 0.000256224 -0.000308065
820 0.000327414 -0.000392767
821 0.000417098 -0.000499183
822 0.0005297 -0.000632419
823 0.00067057 -0.000798662
824 0.000846173 -0.00100536
825 0.00106429 -0.00126142
826 0.00133425 -0.00157746
827 0.00166714 -0.00196606
828 0.00207609 -0.00244205
829 0.00257655 -0.00302286
830 0.00318659 -0.00372877
831 0.00392727 -0.00458327
832 0.00482294 -0.00561336
833 0.00590157 -0.00684993
834 0.00719505 -0.00832801
835 0.00873947 -0.010087
836 0.0105754 -0.012171
837 0.0127479 -0.0146286
838 0.015307 -0.017513
839 0.018307 -0.020882
840 0.0218066 -0.0247973
841 0.0258685 -0.0293241
842 0.0305586 -0.03453
843 0.035945 -0.0404838
844 0.0420967 -0.0472542
845 0.0490818 -0.0549075
846 0.0569658 -0.0635053
847 0.0658085 -0.0731016
848 0.0756617 -0.0837396
849 0.0865655 -0.0954482
850 0.0985443 -0.108238
851 0.111603 -0.122095
852 0.125723 -0.136981
853 0.140856 -0.152823
854 0.156923 -0.169514
855 0.173804 -0.186903
856 0.19134 -0.2048
857 0.209329 -0.222965
858 0.227518 -0.241111
859 0.245609 -0.258904
860 0.263256 -0.275964
861 0.280069 -0.29187
862 0.295618 -0.306168
863 0.309439 -0.318376
864 0.321047 -0.328
865 0.329949 -0.33455
866 0.335654 -0.337551
867 0.337698 -0.33657
868 0.335659 -0.331232
869 0.329183 -0.321248
870 0.318002 -0.306431
871 0.301961 -0.286722
872 0.281036 -0.262209
873 0.255353 -0.233144
874 0.225208 -0.199949
875 0.191066 -0.163227
876 0.153576 -0.123756
877 0.113558 -0.082477
878 0.0719897 -0.0404732
879 0.0299875 0.00105886
880 -0.0112306 0.0408514
881 -0.0503862 0.0776133
882 -0.0861907 0.110086
883 -0.117403 0.137104
884 -0.14289 0.157656
885 -0.161691 0.170951
886 -0.173076 0.176468
887 -0.176601 0.174008
888 -0.172153 0.163723
889 -0.159976 0.146139
890 -0.14069 0.122147
891 -0.115275 0.0929843
892 -0.0850459 0.0601809
893 -0.0515988 0.0254953
894 -0.0167353 -0.00917635
895 0.0176299 -0.0419047
896 0.0495766 -0.0708411
897 0.0772946 -0.0943349
898 0.0992007 -0.111045
899 0.114048 -0.120041
900 0.121021 -0.120875
901 0.119802 -0.113632
902 0.110614 -0.0989437
903 0.0942201 -0.0779554
904 0.0718879 -0.0522642
905 0.0453115 -0.0238117
906 0.0164993 0.00525111
907 -0.0123697 0.0327235
908 -0.0391089 0.056525
909 -0.0616948 0.0748638
910 -0.0784324 0.0863873
911 -0.0880995 0.0903027
912 -0.0900573 0.0864532
913 -0.0843145 0.0753421
914 -0.0715371 0.0580994
915 -0.0530002 0.0363902
916 -0.0304823 0.0122716
917 -0.00611135 -0.0119915
918 0.0178284 -0.0341366
919 0.0391084 -0.0521179
920 0.0557697 -0.0643066
921 0.0663155 -0.0696542
922 0.0698624 -0.0678017
923 0.0662341 -0.0591211
924 0.0559831 -0.044681
925 0.040339 -0.0261392
926 0.021082 -0.00556876
927 0.00035625 0.014763
928 -0.0195606 0.0326424
929 -0.0365072 0.0461544
930 -0.0486792 0.0538987
931 -0.0548333 0.0551501
932 -0.0544305 0.0499428
933 -0.0476984 0.0390662
934 -0.0356045 0.023971
935 -0.0197404 0.00659314
936 -0.0021289 -0.0108825
937 0.0150247 -0.0262933
938 0.0296061 -0.0377686
939 0.0398575 -0.0439666
940 0.0445994 -0.0442436
941 0.0433807 -0.0387357
942 0.0365333 -0.0283365
943 0.0251255 -0.0145742
944 0.0108149 0.000597163
945 -0.00437847 0.0150674
946 -0.0183505 0.0268611
947 -0.0292044 0.0344126
948 -0.0355145 0.0367832
949 -0.0365241 0.0337904
950 -0.0322486 0.0260282
951 -0.0234663 0.0147737
952 -0.0115988 0.00179319
953 0.0015048 -0.0109257
954 0.0138482 -0.0214748
955 0.02359 -0.0283152
956 0.0293235 -0.0305091
957 0.0302882 -0.0278595
958 0.0264819 -0.0209327
959 0.018652 -0.0109604
960 0.0081688 0.000364916
961 -0.00320181 0.0111692
962 -0.0135884 0.0197043
963 -0.0213216 0.0246345
964 -0.0252067 0.0252534
965 -0.0247171 0.0215936
966 -0.0200745 0.0144119
967 -0.0122003 0.00504999
968 -0.00254897 -0.00480489
969 0.00715134 -0.0134186
970 0.015204 -0.0193156
971 0.0202422 -0.0215365
972 0.0214666 -0.0198024
973 0.0187805 -0.0145548
974 0.0127968 -0.00686361
975 0.00471527 0.00177816
976 -0.00390714 0.00973786
977 -0.011451 0.0155498
978 -0.0165385 0.0181885
979 -0.018289 0.0172563
980 -0.0164786 0.013049
981 -0.0115719 0.00648737
982 -0.00462045 -0.00107272
983 0.00295148 -0.00811393
984 0.00963358 -0.01326
985 0.01413 -0.0155474
986 0.0156144 -0.0146112
987 0.0138879 -0.0107482
988 0.00940807 -0.00484426
989 0.00318311 0.00181775
990 -0.00344562 0.00783138
991 -0.00908806 0.0119622
992 -0.0125966 0.013404
993 -0.0133031 0.0119416
994 -0.0111514 0.00798521
995 -0.00669789 0.0024699
996 -0.000980017 -0.00335693
997 0.00471826 -0.00821343
998 0.00915175 -0.0110652
999 0.0113872 -0.0113487
