0 -0.07985 -0.07985
1 -0.0835487 -0.0833911
2 -0.0869177 -0.0866032
3 -0.0899437 -0.0894734
4 -0.0926146 -0.0919906
5 -0.0949201 -0.0941447
6 -0.096851 -0.0959272
7 -0.0983996 -0.0973312
8 -0.09956 -0.0983511
9 -0.100327 -0.0989828
10 -0.100699 -0.0992238
11 -0.100673 -0.0990733
12 -0.10025 -0.0985318
13 -0.0994306 -0.0976014
14 -0.0982193 -0.0962858
15 -0.0966204 -0.0945902
16 -0.0946401 -0.0925214
17 -0.0922863 -0.0900874
18 -0.0895684 -0.0872978
19 -0.0864969 -0.0841637
20 -0.0830841 -0.0806975
21 -0.0793434 -0.0769128
22 -0.0752895 -0.0728246
23 -0.0709385 -0.0684489
24 -0.0663076 -0.0638031
25 -0.0614149 -0.0589055
26 -0.0562799 -0.0537755
27 -0.0509228 -0.0484332
28 -0.0453647 -0.0428998
29 -0.0396276 -0.037197
30 -0.0337341 -0.0313475
31 -0.0277074 -0.0253742
32 -0.0215714 -0.0193009
33 -0.0153503 -0.0131513
34 -0.00906857 -0.00694982
35 -0.00275107 -0.00072093
36 0.00357729 0.00551081
37 0.00989153 0.0117208
38 0.0161667 0.0178845
39 0.0223781 0.0239777
40 0.0285012 0.0299762
41 0.0345118 0.0358564
42 0.0403862 0.0415951
43 0.0461012 0.0471697
44 0.0516343 0.0525581
45 0.0569636 0.0577391
46 0.0620681 0.0626922
47 0.0669276 0.0673978
48 0.071523 0.0718375
49 0.0758362 0.0759937
50 0.07985 0.07985
51 0.0835487 0.0833911
52 0.0869177 0.0866032
53 0.0899437 0.0894734
54 0.0926146 0.0919906
55 0.0949201 0.0941447
56 0.096851 0.0959272
57 0.0983996 0.0973312
58 0.09956 0.0983511
59 0.100327 0.0989828
60 0.100699 0.0992238
61 0.100673 0.0990733
62 0.10025 0.0985318
63 0.0994306 0.0976014
64 0.0982193 0.0962858
65 0.0966204 0.0945902
66 0.0946401 0.0925214
67 0.0922863 0.0900874
68 0.0895684 0.0872978
69 0.0864969 0.0841637
70 0.0830841 0.0806975
71 0.0793434 0.0769128
72 0.0752895 0.0728246
73 0.0709385 0.0684489
74 0.0663076 0.0638031
75 0.0614149 0.0589055
76 0.0562799 0.0537755
77 0.0509228 0.0484332
78 0.0453647 0.0428998
79 0.0396276 0.037197
80 0.0337341 0.0313475
81 0.0277074 0.0253742
82 0.0215714 0.0193009
83 0.0153503 0.0131513
84 0.00906857 0.00694982
85 0.00275107 0.00072093
86 -0.00357729 -0.00551081
87 -0.00989153 -0.0117208
88 -0.0161667 -0.0178845
89 -0.0223781 -0.0239777
90 -0.0285012 -0.0299762
91 -0.0345118 -0.0358564
92 -0.0403862 -0.0415951
93 -0.0461012 -0.0471697
94 -0.0516343 -0.0525581
95 -0.0569636 -0.0577391
96 -0.0620681 -0.0626922
97 -0.0669276 -0.0673978
98 -0.071523 -0.0718375
99 -0.0758362 -0.0759937
100 -0.07985 -0.07985
101 -0.0835487 -0.0833911
102 -0.0869177 -0.0866032
103 -0.0899437 -0.0894734
104 -0.0926146 -0.0919906
105 -0.0949201 -0.0941447
106 -0.096851 -0.0959272
107 -0.0983996 -0.0973312
108 -0.09956 -0.0983511
109 -0.100327 -0.0989828
110 -0.100699 -0.0992238
111 -0.100673 -0.0990733
112 -0.10025 -0.0985318
113 -0.0994306 -0.0976014
114 -0.0982193 -0.0962858
115 -0.0966204 -0.0945902
116 -0.0946401 -0.0925214
117 -0.0922863 -0.0900874
118 -0.0895684 -0.0872978
119 -0.0864969 -0.0841637
120 -0.0830841 -0.0806975
121 -0.0793434 -0.0769128
122 -0.0752895 -0.0728246
123 -0.0709385 -0.0684489
124 -0.0663076 -0.0638031
125 -0.0614149 -0.0589055
126 -0.0562799 -0.0537755
127 -0.0509228 -0.0484332
128 -0.0453647 -0.0428998
129 -0.0396276 -0.037197
130 -0.0337341 -0.0313475
131 -0.0277074 -0.0253742
132 -0.0215714 -0.0193009
133 -0.0153503 -0.0131513
134 -0.00906857 -0.00694982
135 -0.00275107 -0.00072093
136 0.00357729 0.00551081
137 0.00989153 0.0117208
138 0.0161667 0.0178845
139 0.0223781 0.0239777
140 0.0285012 0.0299762
141 0.0345118 0.0358564
142 0.0403862 0.0415951
143 0.0461012 0.0471697
144 0.0516343 0.0525581
145 0.0569636 0.0577391
146 0.0620681 0.0626922
147 0.0669276 0.0673978
148 0.071523 0.0718375
149 0.0758362 0.0759937
150 0.07985 0.07985
151 0.0835487 0.0833911
152 0.0869177 0.0866032
153 0.0899437 0.0894734
154 0.0926146 0.0919906
155 0.0949201 0.0941447
156 0.096851 0.0959272
157 0.0983996 0.0973312
158 0.09956 0.0983511
159 0.100327 0.0989828
160 0.100699 0.0992238
161 0.100673 0.0990733
162 0.10025 0.0985318
163 0.0994306 0.0976014
164 0.0982193 0.0962858
165 0.0966204 0.0945902
166 0.0946401 0.0925214
167 0.0922863 0.0900874
168 0.0895684 0.0872978
169 0.0864969 0.0841637
170 0.0830841 0.0806975
171 0.0793434 0.0769128
172 0.0752895 0.0728246
173 0.0709385 0.0684489
174 0.0663076 0.0638031
175 0.0614149 0.0589055
176 0.0562799 0.0537755
177 0.0509228 0.0484332
178 0.0453647 0.0428998
179 0.0396276 0.037197
180 0.0337341 0.0313475
181 0.0277074 0.0253742
182 0.0215714 0.0193009
183 0.0153503 0.0131513
184 0.00906857 0.00694982
185 0.00275107 0.00072093
186 -0.00357729 -0.00551081
187 -0.00989153 -0.0117208
188 -0.0161667 -0.0178845
189 -0.0223781 -0.0239777
190 -0.0285012 -0.0299762
191 -0.0345118 -0.0358564
192 -0.0403862 -0.0415951
193 -0.0461012 -0.0471697
194 -0.0516343 -0.0525581
195 -0.0569636 -0.0577391
196 -0.0620681 -0.0626922
197 -0.0669276 -0.0673978
198 -0.071523 -0.0718375
199 -0.0758362 -0.0759937
200 -0.07985 -0.07985
201 -0.0835487 -0.0833911
202 -0.0869177 -0.0866032
203 -0.0899437 -0.0894734
204 -0.0926146 -0.0919906
205 -0.0949201 -0.0941447
206 -0.096851 -0.0959272
207 -0.0983996 -0.0973312
208 -0.09956 -0.0983511
209 -0.100327 -0.0989828
210 -0.100699 -0.0992238
211 -0.100673 -0.0990733
212 -0.10025 -0.0985318
213 -0.0994306 -0.0976014
214 -0.0982193 -0.0962858
215 -0.0966204 -0.0945902
216 -0.0946401 -0.0925214
217 -0.0922863 -0.0900874
218 -0.0895684 -0.0872978
219 -0.0864969 -0.0841637
220 -0.0830841 -0.0806975
221 -0.0793434 -0.0769128
222 -0.0752895 -0.0728246
223 -0.0709385 -0.0684489
224 -0.0663076 -0.0638031
225 -0.0614149 -0.0589055
226 -0.0562799 -0.0537755
227 -0.0509228 -0.0484332
228 -0.0453647 -0.0428998
229 -0.0396276 -0.037197
230 -0.0337341 -0.0313475
231 -0.0277074 -0.0253742
232 -0.0215714 -0.0193009
233 -0.0153503 -0.0131513
234 -0.00906857 -0.00694982
235 -0.00275107 -0.00072093
236 0.00357729 0.00551081
237 0.00989153 0.0117208
238 0.0161667 0.0178845
239 0.0223781 0.0239777
240 0.0285012 0.0299762
241 0.0345118 0.0358564
242 0.0403862 0.0415951
243 0.0461012 0.0471697
244 0.0516343 0.0525581
245 0.0569636 0.0577391
246 0.0620681 0.0626922
247 0.0669276 0.0673978
248 0.071523 0.0718375
249 0.0758362 0.0759937
250 0.07985 0.07985
251 0.0835487 0.0833911
252 0.0869177 0.0866032
253 0.0899437 0.0894734
254 0.0926146 0.0919906
255 0.0949201 0.0941447
256 0.096851 0.0959272
257 0.0983996 0.0973312
258 0.09956 0.0983511
259 0.100327 0.0989828
260 0.100699 0.0992238
261 0.100673 0.0990733
262 0.10025 0.0985318
263 0.0994306 0.0976014
264 0.0982193 0.0962858
265 0.0966204 0.0945902
266 0.0946401 0.0925214
267 0.0922863 0.0900874
268 0.0895684 0.0872978
269 0.0864969 0.0841637
270 0.0830841 0.0806975
271 0.0793434 0.0769128
272 0.0752895 0.0728246
273 0.0709385 0.0684489
274 0.0663076 0.0638031
275 0.0614149 0.0589055
276 0.0562799 0.0537755
277 0.0509228 0.0484332
278 0.0453647 0.0428998
279 0.0396276 0.037197
280 0.0337341 0.0313475
281 0.0277074 0.0253742
282 0.0215714 0.0193009
283 0.0153503 0.0131513
284 0.00906857 0.00694982
285 0.00275107 0.00072093
286 -0.00357729 -0.00551081
287 -0.00989153 -0.0117208
288 -0.0161667 -0.0178845
289 -0.0223781 -0.0239777
290 -0.0285012 -0.0299762
291 -0.0345118 -0.0358564
292 -0.0403862 -0.0415951
293 -0.0461012 -0.0471697
294 -0.0516343 -0.0525581
295 -0.0569636 -0.0577391
296 -0.0620681 -0.0626922
297 -0.0669276 -0.0673978
298 -0.071523 -0.0718375
299 -0.0758362 -0.0759937
300 -0.07985 -0.07985
301 -0.0835487 -0.0833911
302 -0.0869177 -0.0866032
303 -0.0899437 -0.0894734
304 -0.0926146 -0.0919906
305 -0.0949201 -0.0941447
306 -0.096851 -0.0959272
307 -0.0983996 -0.0973312
308 -0.09956 -0.0983511
309 -0.100327 -0.0989828
310 -0.100699 -0.0992238
311 -0.100673 -0.0990733
312 -0.10025 -0.0985318
313 -0.0994306 -0.0976014
314 -0.0982193 -0.0962858
315 -0.0966204 -0.0945902
316 -0.0946401 -0.0925214
317 -0.0922863 -0.0900874
318 -0.0895684 -0.0872978
319 -0.0864969 -0.0841637
320 -0.0830841 -0.0806975
321 -0.0793434 -0.0769128
322 -0.0752895 -0.0728246
323 -0.0709385 -0.0684489
324 -0.0663076 -0.0638031
325 -0.0614149 -0.0589055
326 -0.0562799 -0.0537755
327 -0.0509228 -0.0484332
328 -0.0453647 -0.0428998
329 -0.0396276 -0.037197
330 -0.0337341 -0.0313475
331 -0.0277074 -0.0253742
332 -0.0215714 -0.0193009
333 -0.0153503 -0.0131513
334 -0.00906857 -0.00694982
335 -0.00275107 -0.00072093
336 0.00357729 0.00551081
337 0.00989153 0.0117208
338 0.0161667 0.0178845
339 0.0223781 0.0239777
340 0.0285012 0.0299762
341 0.0345118 0.0358564
342 0.0403862 0.0415951
343 0.0461012 0.0471697
344 0.0516343 0.0525581
345 0.0569636 0.0577391
346 0.0620681 0.0626922
347 0.0669276 0.0673978
348 0.071523 0.0718375
349 0.0758362 0.0759937
350 0.07985 0.07985
351 0.0835487 0.0833911
352 0.0869177 0.0866032
353 0.0899437 0.0894734
354 0.0926146 0.0919906
355 0.0949201 0.0941447
356 0.096851 0.0959272
357 0.0983996 0.0973312
358 0.09956 0.0983511
359 0.100327 0.0989828
360 0.100699 0.0992238
361 0.100673 0.0990733
362 0.10025 0.0985318
363 0.0994306 0.0976014
364 0.0982193 0.0962858
365 0.0966204 0.0945902
366 0.0946401 0.0925214
367 0.0922863 0.0900874
368 0.0895684 0.0872978
369 0.0864969 0.0841637
370 0.0830841 0.0806975
371 0.0793434 0.0769128
372 0.0752895 0.0728246
373 0.0709385 0.0684489
374 0.0663076 0.0638031
375 0.0614149 0.0589055
376 0.0562799 0.0537755
377 0.0509228 0.0484332
378 0.0453647 0.0428998
379 0.0396276 0.037197
380 0.0337341 0.0313475
381 0.0277074 0.0253742
382 0.0215714 0.0193009
383 0.0153503 0.0131513
384 0.00906857 0.00694982
385 0.00275107 0.00072093
386 -0.00357729 -0.00551081
387 -0.00989153 -0.0117208
388 -0.0161667 -0.0178845
389 -0.0223781 -0.0239777
390 -0.0285012 -0.0299762
391 -0.0345118 -0.0358564
392 -0.0403862 -0.0415951
393 -0.0461012 -0.0471697
394 -0.0516343 -0.0525581
395 -0.0569636 -0.0577391
396 -0.0620681 -0.0626922
397 -0.0669276 -0.0673978
398 -0.071523 -0.0718375
399 -0.0758362 -0.0759937
400 -0.07985 -0.07985
401 -0.0835487 -0.0833911
402 -0.0869177 -0.0866032
403 -0.0899437 -0.0894734
404 -0.0926146 -0.0919906
405 -0.0949201 -0.0941447
406 -0.096851 -0.0959272
407 -0.0983996 -0.0973312
408 -0.09956 -0.0983511
409 -0.100327 -0.0989828
410 -0.100699 -0.0992238
411 -0.100673 -0.0990733
412 -0.10025 -0.0985318
413 -0.0994306 -0.0976014
414 -0.0982193 -0.0962858
415 -0.0966204 -0.0945902
416 -0.0946401 -0.0925214
417 -0.0922863 -0.0900874
418 -0.0895684 -0.0872978
419 -0.0864969 -0.0841637
420 -0.0830841 -0.0806975
421 -0.0793434 -0.0769128
422 -0.0752895 -0.0728246
423 -0.0709385 -0.0684489
424 -0.0663076 -0.0638031
425 -0.0614149 -0.0589055
426 -0.0562799 -0.0537755
427 -0.0509228 -0.0484332
428 -0.0453647 -0.0428998
429 -0.0396276 -0.037197
430 -0.0337341 -0.0313475
431 -0.0277074 -0.0253742
432 -0.0215714 -0.0193009
433 -0.0153503 -0.0131513
434 -0.00906857 -0.00694982
435 -0.00275107 -0.00072093
436 0.00357729 0.00551081
437 0.00989153 0.0117208
438 0.0161667 0.0178845
439 0.0223781 0.0239777
440 0.0285012 0.0299762
441 0.0345118 0.0358564
442 0.0403862 0.0415951
443 0.0461012 0.0471697
444 0.0516343 0.0525581
445 0.0569636 0.0577391
446 0.0620681 0.0626922
447 0.0669276 0.0673978
448 0.071523 0.0718375
449 0.0758362 0.0759937
450 0.07985 0.07985
451 0.0835487 0.0833911
452 0.0869177 0.0866032
453 0.0899437 0.0894734
454 0.0926146 0.0919906
455 0.0949201 0.0941447
456 0.096851 0.0959272
457 0.0983996 0.0973312
458 0.09956 0.0983511
459 0.100327 0.0989828
460 0.100699 0.0992238
461 0.100673 0.0990733
462 0.10025 0.0985318
463 0.0994306 0.0976014
464 0.0982193 0.0962858
465 0.0966204 0.0945902
466 0.0946401 0.0925214
467 0.0922863 0.0900874
468 0.0895684 0.0872978
469 0.0864969 0.0841637
470 0.0830841 0.0806975
471 0.0793434 0.0769128
472 0.0752895 0.0728246
473 0.0709385 0.0684489
474 0.0663076 0.0638031
475 0.0614149 0.0589055
476 0.0562799 0.0537755
477 0.0509228 0.0484332
478 0.0453647 0.0428998
479 0.0396276 0.037197
480 0.0337341 0.0313475
481 0.0277074 0.0253742
482 0.0215714 0.0193009
483 0.0153503 0.0131513
484 0.00906857 0.00694982
485 0.00275107 0.00072093
486 -0.00357729 -0.00551081
487 -0.00989153 -0.0117208
488 -0.0161667 -0.0178845
489 -0.0223781 -0.0239777
490 -0.0285012 -0.0299762
491 -0.0345118 -0.0358564
492 -0.0403862 -0.0415951
493 -0.0461012 -0.0471697
494 -0.0516343 -0.0525581
495 -0.0569636 -0.0577391
496 -0.0620681 -0.0626922
497 -0.0669276 -0.0673978
498 -0.071523 -0.0718375
499 -0.0758362 -0.0759937
500 -0.07985 -0.07985
501 -0.0835487 -0.0833911
502 -0.0869177 -0.0866032
503 -0.0899437 -0.0894734
504 -0.0926146 -0.0919906
505 -0.0949201 -0.0941447
506 -0.096851 -0.0959272
507 -0.0983996 -0.0973312
508 -0.09956 -0.0983511
509 -0.100327 -0.0989828
510 -0.100699 -0.0992238
511 -0.100673 -0.0990733
512 -0.10025 -0.0985318
513 -0.0994306 -0.0976014
514 -0.0982193 -0.0962858
515 -0.0966204 -0.0945902
516 -0.0946401 -0.0925214
517 -0.0922863 -0.0900874
518 -0.0895684 -0.0872978
519 -0.0864969 -0.0841637
520 -0.0830841 -0.0806975
521 -0.0793434 -0.0769128
522 -0.0752895 -0.0728246
523 -0.0709385 -0.0684489
524 -0.0663076 -0.0638031
525 -0.0614149 -0.0589055
526 -0.0562799 -0.0537755
527 -0.0509228 -0.0484332
528 -0.0453647 -0.0428998
529 -0.0396276 -0.037197
530 -0.0337341 -0.0313475
531 -0.0277074 -0.0253742
532 -0.0215714 -0.0193009
533 -0.0153503 -0.0131513
534 -0.00906857 -0.00694982
535 -0.00275107 -0.00072093
536 0.00357729 0.00551081
537 0.00989153 0.0117208
538 0.0161667 0.0178845
539 0.0223781 0.0239777
540 0.0285012 0.0299762
541 0.0345118 0.0358564
542 0.0403862 0.0415951
543 0.0461012 0.0471697
544 0.0516343 0.0525581
545 0.0569636 0.0577391
546 0.0620681 0.0626922
547 0.0669276 0.0673978
548 0.071523 0.0718375
549 0.0758362 0.0759937
550 0.07985 0.07985
551 0.0835487 0.0833911
552 0.0869177 0.0866032
553 0.0899437 0.0894734
554 0.0926146 0.0919906
555 0.0949201 0.0941447
556 0.096851 0.0959272
557 0.0983996 0.0973312
558 0.09956 0.0983511
559 0.100327 0.0989828
560 0.100699 0.0992238
561 0.100673 0.0990733
562 0.10025 0.0985318
563 0.0994306 0.0976014
564 0.0982193 0.0962858
565 0.0966204 0.0945902
566 0.0946401 0.0925214
567 0.0922863 0.0900874
568 0.0895684 0.0872978
569 0.0864969 0.0841637
570 0.0830841 0.0806975
571 0.0793434 0.0769128
572 0.0752895 0.0728246
573 0.0709385 0.0684489
574 0.0663076 0.0638031
575 0.0614149 0.0589055
576 0.0562799 0.0537755
577 0.0509228 0.0484332
578 0.0453647 0.0428998
579 0.0396276 0.037197
580 0.0337341 0.0313475
581 0.0277074 0.0253742
582 0.0215714 0.0193009
583 0.0153503 0.0131513
584 0.00906857 0.00694982
585 0.00275107 0.00072093
586 -0.00357729 -0.00551081
587 -0.00989153 -0.0117208
588 -0.0161667 -0.0178845
589 -0.0223781 -0.0239777
590 -0.0285012 -0.0299762
591 -0.0345118 -0.0358564
592 -0.0403862 -0.0415951
593 -0.0461012 -0.0471697
594 -0.0516343 -0.0525581
595 -0.0569636 -0.0577391
596 -0.0620681 -0.0626922
597 -0.0669276 -0.0673978
598 -0.071523 -0.0718375
599 -0.0758362 -0.0759937
600 -0.07985 -0.07985
601 -0.0835487 -0.0833911
602 -0.0869177 -0.0866032
603 -0.0899437 -0.0894734
604 -0.0926146 -0.0919906
605 -0.0949201 -0.0941447
606 -0.096851 -0.0959272
607 -0.0983996 -0.0973312
608 -0.09956 -0.0983511
609 -0.100327 -0.0989828
610 -0.100699 -0.0992238
611 -0.100673 -0.0990733
612 -0.10025 -0.0985318
613 -0.0994306 -0.0976014
614 -0.0982193 -0.0962858
615 -0.0966204 -0.0945902
616 -0.0946401 -0.0925214
617 -0.0922863 -0.0900874
618 -0.0895684 -0.0872978
619 -0.0864969 -0.0841637
620 -0.0830841 -0.0806975
621 -0.0793434 -0.0769128
622 -0.0752895 -0.0728246
623 -0.0709385 -0.0684489
624 -0.0663076 -0.0638031
625 -0.0614149 -0.0589055
626 -0.0562799 -0.0537755
627 -0.0509228 -0.0484332
628 -0.0453647 -0.0428998
629 -0.0396276 -0.037197
630 -0.0337341 -0.0313475
631 -0.0277074 -0.0253742
632 -0.0215714 -0.0193009
633 -0.0153503 -0.0131513
634 -0.00906857 -0.00694982
635 -0.00275107 -0.00072093
636 0.00357729 0.00551081
637 0.00989153 0.0117208
638 0.0161667 0.0178845
639 0.0223781 0.0239777
640 0.0285012 0.0299762
641 0.0345118 0.0358564
642 0.0403862 0.0415951
643 0.0461012 0.0471697
644 0.0516343 0.0525581
645 0.0569636 0.0577391
646 0.0620681 0.0626922
647 0.0669276 0.0673978
648 0.071523 0.0718375
649 0.0758362 0.0759937
650 0.07985 0.07985
651 0.0835487 0.0833911
652 0.0869177 0.0866032
653 0.0899437 0.0894734
654 0.0926146 0.0919906
655 0.0949201 0.0941447
656 0.096851 0.0959272
657 0.0983996 0.0973312
658 0.09956 0.0983511
659 0.100327 0.0989828
660 0.100699 0.0992238
661 0.100673 0.0990733
662 0.10025 0.0985318
663 0.0994306 0.0976014
664 0.0982193 0.0962858
665 0.0966204 0.0945902
666 0.0946401 0.0925214
667 0.0922863 0.0900874
668 0.0895684 0.0872978
669 0.0864969 0.0841637
670 0.0830841 0.0806975
671 0.0793434 0.0769128
672 0.0752895 0.0728246
673 0.0709385 0.0684489
674 0.0663076 0.0638031
675 0.0614149 0.0589055
676 0.0562799 0.0537755
677 0.0509228 0.0484332
678 0.0453647 0.0428998
679 0.0396276 0.037197
680 0.0337341 0.0313475
681 0.0277074 0.0253742
682 0.0215714 0.0193009
683 0.0153503 0.0131513
684 0.00906857 0.00694982
685 0.00275107 0.00072093
686 -0.00357729 -0.00551081
687 -0.00989153 -0.0117208
688 -0.0161667 -0.0178845
689 -0.0223781 -0.0239777
690 -0.0285012 -0.0299762
691 -0.0345118 -0.0358564
692 -0.0403862 -0.0415951
693 -0.0461012 -0.0471697
694 -0.0516343 -0.0525581
695 -0.0569636 -0.0577391
696 -0.0620681 -0.0626922
697 -0.0669276 -0.0673978
698 -0.071523 -0.0718375
699 -0.0758362 -0.0759937
700 -0.07985 -0.07985
701 -0.0835487 -0.0833911
702 -0.0869177 -0.0866032
703 -0.0899437 -0.0894734
704 -0.0926146 -0.0919906
705 -0.0949201 -0.0941447
706 -0.096851 -0.0959272
707 -0.0983996 -0.0973312
708 -0.09956 -0.0983511
709 -0.100327 -0.0989828
710 -0.100699 -0.0992238
711 -0.100673 -0.0990733
712 -0.10025 -0.0985318
713 -0.0994306 -0.0976014
714 -0.0982193 -0.0962858
715 -0.0966204 -0.0945902
716 -0.0946401 -0.0925214
717 -0.0922863 -0.0900874
718 -0.0895684 -0.0872978
719 -0.0864969 -0.0841637
720 -0.0830841 -0.0806975
721 -0.0793434 -0.0769128
722 -0.0752895 -0.0728246
723 -0.0709385 -0.0684489
724 -0.0663076 -0.0638031
725 -0.0614149 -0.0589055
726 -0.0562799 -0.0537755
727 -0.0509228 -0.0484332
728 -0.0453647 -0.0428998
729 -0.0396276 -0.037197
730 -0.0337341 -0.0313475
731 -0.0277074 -0.0253742
732 -0.0215714 -0.0193009
733 -0.0153503 -0.0131513
734 -0.00906857 -0.00694982
735 -0.00275107 -0.00072093
736 0.00357729 0.00551081
737 0.00989153 0.0117208
738 0.0161667 0.0178845
739 0.0223781 0.0239777
740 0.0285012 0.0299762
741 0.0345118 0.0358564
742 0.0403862 0.0415951
743 0.0461012 0.0471697
744 0.0516343 0.0525581
745 0.0569636 0.0577391
746 0.0620681 0.0626922
747 0.0669276 0.0673978
748 0.071523 0.0718375
749 0.0758362 0.0759937
750 0.07985 0.07985
751 0.0835487 0.0833911
752 0.0869177 0.0866032
753 0.0899437 0.0894734
754 0.0926146 0.0919906
755 0.0949201 0.0941447
756 0.096851 0.0959272
757 0.0983996 0.0973312
758 0.09956 0.0983511
759 0.100327 0.0989828
760 0.100699 0.0992238
761 0.100673 0.0990733
762 0.10025 0.0985318
763 0.0994306 0.0976014
764 0.0982193 0.0962858
765 0.0966204 0.0945902
766 0.0946401 0.0925214
767 0.0922863 0.0900874
768 0.0895684 0.0872978
769 0.0864969 0.0841637
770 0.0830841 0.0806975
771 0.0793434 0.0769128
772 0.0752895 0.0728246
773 0.0709385 0.0684489
774 0.0663076 0.0638031
775 0.0614149 0.0589055
776 0.0562799 0.0537755
777 0.0509228 0.0484332
778 0.0453647 0.0428998
779 0.0396276 0.037197
780 0.0337341 0.0313475
781 0.0277074 0.0253742
782 0.0215714 0.0193009
783 0.0153503 0.0131513
784 0.00906857 0.00694982
785 0.00275107 0.00072093
786 -0.00357729 -0.00551081
787 -0.00989153 -0.0117208
788 -0.0161667 -0.0178845
789 -0.0223781 -0.0239777
790 -0.0285012 -0.0299762
791 -0.0345118 -0.0358564
792 -0.0403862 -0.0415951
793 -0.0461012 -0.0471697
794 -0.0516343 -0.0525581
795 -0.0569636 -0.0577391
796 -0.0620681 -0.0626922
797 -0.0669276 -0.0673978
798 -0.071523 -0.0718375
799 -0.0758362 -0.0759937
800 -0.07985 -0.07985
801 -0.0835487 -0.0833911
802 -0.0869177 -0.0866032
803 -0.0899437 -0.0894734
804 -0.0926146 -0.0919906
805 -0.0949201 -0.0941447
806 -0.096851 -0.0959272
807 -0.0983996 -0.0973312
808 -0.09956 -0.0983511
809 -0.100327 -0.0989828
810 -0.100699 -0.0992238
811 -0.100673 -0.0990733
812 -0.10025 -0.0985318
813 -0.0994306 -0.0976014
814 -0.0982193 -0.0962858
815 -0.0966204 -0.0945902
816 -0.0946401 -0.0925214
817 -0.0922863 -0.0900874
818 -0.0895684 -0.0872978
819 -0.0864969 -0.0841637
820 -0.0830841 -0.0806975
821 -0.0793434 -0.0769128
822 -0.0752895 -0.0728246
823 -0.0709385 -0.0684489
824 -0.0663076 -0.0638031
825 -0.0614149 -0.0589055
826 -0.0562799 -0.0537755
827 -0.0509228 -0.0484332
828 -0.0453647 -0.0428998
829 -0.0396276 -0.037197
830 -0.0337341 -0.0313475
831 -0.0277074 -0.0253742
832 -0.0215714 -0.0193009
833 -0.0153503 -0.0131513
834 -0.00906857 -0.00694982
835 -0.00275107 -0.00072093
836 0.00357729 0.00551081
837 0.00989153 0.0117208
838 0.0161667 0.0178845
839 0.0223781 0.0239777
840 0.0285012 0.0299762
841 0.0345118 0.0358564
842 0.0403862 0.0415951
843 0.0461012 0.0471697
844 0.0516343 0.0525581
845 0.0569636 0.0577391
846 0.0620681 0.0626922
847 0.0669276 0.0673978
848 0.071523 0.0718375
849 0.0758362 0.0759937
850 0.07985 0.07985
851 0.0835487 0.0833911
852 0.0869177 0.0866032
853 0.0899437 0.0894734
854 0.0926146 0.0919906
855 0.0949201 0.0941447
856 0.096851 0.0959272
857 0.0983996 0.0973312
858 0.09956 0.0983511
859 0.100327 0.0989828
860 0.100699 0.0992238
861 0.100673 0.0990733
862 0.10025 0.0985318
863 0.0994306 0.0976014
864 0.0982193 0.0962858
865 0.0966204 0.0945902
866 0.0946401 0.0925214
867 0.0922863 0.0900874
868 0.0895684 0.0872978
869 0.0864969 0.0841637
870 0.0830841 0.0806975
871 0.0793434 0.0769128
872 0.0752895 0.0728246
873 0.0709385 0.0684489
874 0.0663076 0.0638031
875 0.0614149 0.0589055
876 0.0562799 0.0537755
877 0.0509228 0.0484332
878 0.0453647 0.0428998
879 0.0396276 0.037197
880 0.0337341 0.0313475
881 0.0277074 0.0253742
882 0.0215714 0.0193009
883 0.0153503 0.0131513
884 0.00906857 0.00694982
885 0.00275107 0.00072093
886 -0.00357729 -0.00551081
887 -0.00989153 -0.0117208
888 -0.0161667 -0.0178845
889 -0.0223781 -0.0239777
890 -0.0285012 -0.0299762
891 -0.0345118 -0.0358564
892 -0.0403862 -0.0415951
893 -0.0461012 -0.0471697
894 -0.0516343 -0.0525581
895 -0.0569636 -0.0577391
896 -0.0620681 -0.0626922
897 -0.0669276 -0.0673978
898 -0.071523 -0.0718375
899 -0.0758362 -0.0759937
900 -0.07985 -0.07985
901 -0.0835487 -0.0833911
902 -0.0869177 -0.0866032
903 -0.0899437 -0.0894734
904 -0.0926146 -0.0919906
905 -0.0949201 -0.0941447
906 -0.096851 -0.0959272
907 -0.0983996 -0.0973312
908 -0.09956 -0.0983511
909 -0.100327 -0.0989828
910 -0.100699 -0.0992238
911 -0.100673 -0.0990733
912 -0.10025 -0.0985318
913 -0.0994306 -0.0976014
914 -0.0982193 -0.0962858
915 -0.0966204 -0.0945902
916 -0.0946401 -0.0925214
917 -0.0922863 -0.0900874
918 -0.0895684 -0.0872978
919 -0.0864969 -0.0841637
920 -0.0830841 -0.0806975
921 -0.0793434 -0.0769128
922 -0.0752895 -0.0728246
923 -0.0709385 -0.0684489
924 -0.0663076 -0.0638031
925 -0.0614149 -0.0589055
926 -0.0562799 -0.0537755
927 -0.0509228 -0.0484332
928 -0.0453647 -0.0428998
929 -0.0396276 -0.037197
930 -0.0337341 -0.0313475
931 -0.0277074 -0.0253742
932 -0.0215714 -0.0193009
933 -0.0153503 -0.0131513
934 -0.00906857 -0.00694982
935 -0.00275107 -0.00072093
936 0.00357729 0.00551081
937 0.00989153 0.0117208
938 0.0161667 0.0178845
939 0.0223781 0.0239777
940 0.0285012 0.0299762
941 0.0345118 0.0358564
942 0.0403862 0.0415951
943 0.0461012 0.0471697
944 0.0516343 0.0525581
945 0.0569636 0.0577391
946 0.0620681 0.0626922
947 0.0669276 0.0673978
948 0.071523 0.0718375
949 0.0758362 0.0759937
950 0.07985 0.07985
951 0.0835487 0.0833911
952 0.0869177 0.0866032
953 0.0899437 0.0894734
954 0.0926146 0.0919906
955 0.0949201 0.0941447
956 0.096851 0.0959272
957 0.0983996 0.0973312
958 0.09956 0.0983511
959 0.100327 0.0989828
960 0.100699 0.0992238
961 0.100673 0.0990733
962 0.10025 0.0985318
963 0.0994306 0.0976014
964 0.0982193 0.0962858
965 0.0966204 0.0945902
966 0.0946401 0.0925214
967 0.0922863 0.0900874
968 0.0895684 0.0872978
969 0.0864969 0.0841637
970 0.0830841 0.0806975
971 0.0793434 0.0769128
972 0.0752895 0.0728246
973 0.0709385 0.0684489
974 0.0663076 0.0638031
975 0.0614149 0.0589055
976 0.0562799 0.0537755
977 0.0509228 0.0484332
978 0.0453647 0.0428998
979 0.0396276 0.037197
980 0.0337341 0.0313475
981 0.0277074 0.0253742
982 0.0215714 0.0193009
983 0.0153503 0.0131513
984 0.00906857 0.00694982
985 0.00275107 0.00072093
986 -0.00357729 -0.00551081
987 -0.00989153 -0.0117208
988 -0.0161667 -0.0178845
989 -0.0223781 -0.0239777
990 -0.0285012 -0.0299762
991 -0.0345118 -0.0358564
992 -0.0403862 -0.0415951
993 -0.0461012 -0.0471697
994 -0.0516343 -0.0525581
995 -0.0569636 -0.0577391
996 -0.0620681 -0.0626922
997 -0.0669276 -0.0673978
998 -0.071523 -0.0718375
999 -0.0758362 -0.0759937
