0 -0.0824522 -0.0824522
1 -0.0788208 -0.0786581
2 -0.0748783 -0.0745536
3 -0.0706403 -0.0701548
4 -0.0661235 -0.0654791
5 -0.0613458 -0.0605451
6 -0.0563259 -0.0553721
7 -0.0510838 -0.0499805
8 -0.04564 -0.0443917
9 -0.0400162 -0.0386277
10 -0.0342344 -0.0327113
11 -0.0283174 -0.0266658
12 -0.0222888 -0.020515
13 -0.0161722 -0.0142833
14 -0.00999172 -0.00799519
15 -0.00377183 -0.00167554
16 0.00246293 0.00465073
17 0.00868798 0.0109586
18 0.0148787 0.0172233
19 0.0210108 0.02342
20 0.0270599 0.0295242
21 0.0330022 0.035512
22 0.0388143 0.0413596
23 0.0444732 0.0470439
24 0.0499566 0.0525426
25 0.0552428 0.057834
26 0.060311 0.0628971
27 0.0651412 0.067712
28 0.0697143 0.0722596
29 0.0740123 0.0765221
30 0.0780182 0.0804825
31 0.0817162 0.0841254
32 0.0850917 0.0874362
33 0.0881313 0.090402
34 0.0908232 0.093011
35 0.0931566 0.0952529
36 0.0951224 0.0971189
37 0.0967127 0.0986016
38 0.0979214 0.0996952
39 0.0987436 0.100395
40 0.0991762 0.100699
41 0.0992173 0.100606
42 0.0988669 0.100115
43 0.0981263 0.0992295
44 0.0969984 0.0979523
45 0.0954877 0.0962884
46 0.0936002 0.0942446
47 0.0913433 0.0918288
48 0.0887258 0.0890506
49 0.0857583 0.085921
50 0.0824522 0.0824522
51 0.0788208 0.0786581
52 0.0748783 0.0745536
53 0.0706403 0.0701548
54 0.0661235 0.0654791
55 0.0613458 0.0605451
56 0.0563259 0.0553721
57 0.0510838 0.0499805
58 0.04564 0.0443917
59 0.0400162 0.0386277
60 0.0342344 0.0327113
61 0.0283174 0.0266658
62 0.0222888 0.020515
63 0.0161722 0.0142833
64 0.00999172 0.00799519
65 0.00377183 0.00167554
66 -0.00246293 -0.00465073
67 -0.00868798 -0.0109586
68 -0.0148787 -0.0172233
69 -0.0210108 -0.02342
70 -0.0270599 -0.0295242
71 -0.0330022 -0.035512
72 -0.0388143 -0.0413596
73 -0.0444732 -0.0470439
74 -0.0499566 -0.0525426
75 -0.0552428 -0.057834
76 -0.060311 -0.0628971
77 -0.0651412 -0.067712
78 -0.0697143 -0.0722596
79 -0.0740123 -0.0765221
80 -0.0780182 -0.0804825
81 -0.0817162 -0.0841254
82 -0.0850917 -0.0874362
83 -0.0881313 -0.090402
84 -0.0908232 -0.093011
85 -0.0931566 -0.0952529
86 -0.0951224 -0.0971189
87 -0.0967127 -0.0986016
88 -0.0979214 -0.0996952
89 -0.0987436 -0.100395
90 -0.0991762 -0.100699
91 -0.0992173 -0.100606
92 -0.0988669 -0.100115
93 -0.0981263 -0.0992295
94 -0.0969984 -0.0979523
95 -0.0954877 -0.0962884
96 -0.0936002 -0.0942446
97 -0.0913433 -0.0918288
98 -0.0887258 -0.0890506
99 -0.0857583 -0.085921
100 -0.0824522 -0.0824522
101 -0.0788208 -0.0786581
102 -0.0748783 -0.0745536
103 -0.0706403 -0.0701548
104 -0.0661235 -0.0654791
105 -0.0613458 -0.0605451
106 -0.0563259 -0.0553721
107 -0.0510838 -0.0499805
108 -0.04564 -0.0443917
109 -0.0400162 -0.0386277
110 -0.0342344 -0.0327113
111 -0.0283174 -0.0266658
112 -0.0222888 -0.020515
113 -0.0161722 -0.0142833
114 -0.00999172 -0.00799519
115 -0.00377183 -0.00167554
116 0.00246293 0.00465073
117 0.00868798 0.0109586
118 0.0148787 0.0172233
119 0.0210108 0.02342
120 0.0270599 0.0295242
121 0.0330022 0.035512
122 0.0388143 0.0413596
123 0.0444732 0.0470439
124 0.0499566 0.0525426
125 0.0552428 0.057834
126 0.060311 0.0628971
127 0.0651412 0.067712
128 0.0697143 0.0722596
129 0.0740123 0.0765221
130 0.0780182 0.0804825
131 0.0817162 0.0841254
132 0.0850917 0.0874362
133 0.0881313 0.090402
134 0.0908232 0.093011
135 0.0931566 0.0952529
136 0.0951224 0.0971189
137 0.0967127 0.0986016
138 0.0979214 0.0996952
139 0.0987436 0.100395
140 0.0991762 0.100699
141 0.0992173 0.100606
142 0.0988669 0.100115
143 0.0981263 0.0992295
144 0.0969984 0.0979523
145 0.0954877 0.0962884
146 0.0936002 0.0942446
147 0.0913433 0.0918288
148 0.0887258 0.0890506
149 0.0857583 0.085921
150 0.0824522 0.0824522
151 0.0788208 0.0786581
152 0.0748783 0.0745536
153 0.0706403 0.0701548
154 0.0661235 0.0654791
155 0.0613458 0.0605451
156 0.0563259 0.0553721
157 0.0510838 0.0499805
158 0.04564 0.0443917
159 0.0400162 0.0386277
160 0.0342344 0.0327113
161 0.0283174 0.0266658
162 0.0222888 0.020515
163 0.0161722 0.0142833
164 0.00999172 0.00799519
165 0.00377183 0.00167554
166 -0.00246293 -0.00465073
167 -0.00868798 -0.0109586
168 -0.0148787 -0.0172233
169 -0.0210108 -0.02342
170 -0.0270599 -0.0295242
171 -0.0330022 -0.035512
172 -0.0388143 -0.0413596
173 -0.0444732 -0.0470439
174 -0.0499566 -0.0525426
175 -0.0552428 -0.057834
176 -0.060311 -0.0628971
177 -0.0651412 -0.067712
178 -0.0697143 -0.0722596
179 -0.0740123 -0.0765221
180 -0.0780182 -0.0804825
181 -0.0817162 -0.0841254
182 -0.0850917 -0.0874362
183 -0.0881313 -0.090402
184 -0.0908232 -0.093011
185 -0.0931566 -0.0952529
186 -0.0951224 -0.0971189
187 -0.0967127 -0.0986016
188 -0.0979214 -0.0996952
189 -0.0987436 -0.100395
190 -0.0991762 -0.100699
191 -0.0992173 -0.100606
192 -0.0988669 -0.100115
193 -0.0981263 -0.0992295
194 -0.0969984 -0.0979523
195 -0.0954877 -0.0962884
196 -0.0936002 -0.0942446
197 -0.0913433 -0.0918288
198 -0.0887258 -0.0890506
199 -0.0857583 -0.085921
200 -0.0824522 -0.0824522
201 -0.0788208 -0.0786581
202 -0.0748783 -0.0745536
203 -0.0706403 -0.0701548
204 -0.0661235 -0.0654791
205 -0.0613458 -0.0605451
206 -0.0563259 -0.0553721
207 -0.0510838 -0.0499805
208 -0.04564 -0.0443917
209 -0.0400162 -0.0386277
210 -0.0342344 -0.0327113
211 -0.0283174 -0.0266658
212 -0.0222888 -0.020515
213 -0.0161722 -0.0142833
214 -0.00999172 -0.00799519
215 -0.00377183 -0.00167554
216 0.00246293 0.00465073
217 0.00868798 0.0109586
218 0.0148787 0.0172233
219 0.0210108 0.02342
220 0.0270599 0.0295242
221 0.0330022 0.035512
222 0.0388143 0.0413596
223 0.0444732 0.0470439
224 0.0499566 0.0525426
225 0.0552428 0.057834
226 0.060311 0.0628971
227 0.0651412 0.067712
228 0.0697143 0.0722596
229 0.0740123 0.0765221
230 0.0780182 0.0804825
231 0.0817162 0.0841254
232 0.0850917 0.0874362
233 0.0881313 0.090402
234 0.0908232 0.093011
235 0.0931566 0.0952529
236 0.0951224 0.0971189
237 0.0967127 0.0986016
238 0.0979214 0.0996952
239 0.0987436 0.100395
240 0.0991762 0.100699
241 0.0992173 0.100606
242 0.0988669 0.100115
243 0.0981263 0.0992295
244 0.0969984 0.0979523
245 0.0954877 0.0962884
246 0.0936002 0.0942446
247 0.0913433 0.0918288
248 0.0887258 0.0890506
249 0.0857583 0.085921
250 0.0824522 0.0824522
251 0.0788208 0.0786581
252 0.0748783 0.0745536
253 0.0706403 0.0701548
254 0.0661235 0.0654791
255 0.0613458 0.0605451
256 0.0563259 0.0553721
257 0.0510838 0.0499805
258 0.04564 0.0443917
259 0.0400162 0.0386277
260 0.0342344 0.0327113
261 0.0283174 0.0266658
262 0.0222888 0.020515
263 0.0161722 0.0142833
264 0.00999172 0.00799519
265 0.00377183 0.00167554
266 -0.00246293 -0.00465073
267 -0.00868798 -0.0109586
268 -0.0148787 -0.0172233
269 -0.0210108 -0.02342
270 -0.0270599 -0.0295242
271 -0.0330022 -0.035512
272 -0.0388143 -0.0413596
273 -0.0444732 -0.0470439
274 -0.0499566 -0.0525426
275 -0.0552428 -0.057834
276 -0.060311 -0.0628971
277 -0.0651412 -0.067712
278 -0.0697143 -0.0722596
279 -0.0740123 -0.0765221
280 -0.0780182 -0.0804825
281 -0.0817162 -0.0841254
282 -0.0850917 -0.0874362
283 -0.0881313 -0.090402
284 -0.0908232 -0.093011
285 -0.0931566 -0.0952529
286 -0.0951224 -0.0971189
287 -0.0967127 -0.0986016
288 -0.0979214 -0.0996952
289 -0.0987436 -0.100395
290 -0.0991762 -0.100699
291 -0.0992173 -0.100606
292 -0.0988669 -0.100115
293 -0.0981263 -0.0992295
294 -0.0969984 -0.0979523
295 -0.0954877 -0.0962884
296 -0.0936002 -0.0942446
297 -0.0913433 -0.0918288
298 -0.0887258 -0.0890506
299 -0.0857583 -0.085921
300 -0.0824522 -0.0824522
301 -0.0788208 -0.0786581
302 -0.0748783 -0.0745536
303 -0.0706403 -0.0701548
304 -0.0661235 -0.0654791
305 -0.0613458 -0.0605451
306 -0.0563259 -0.0553721
307 -0.0510838 -0.0499805
308 -0.04564 -0.0443917
309 -0.0400162 -0.0386277
310 -0.0342344 -0.0327113
311 -0.0283174 -0.0266658
312 -0.0222888 -0.020515
313 -0.0161722 -0.0142833
314 -0.00999172 -0.00799519
315 -0.00377183 -0.00167554
316 0.00246293 0.00465073
317 0.00868798 0.0109586
318 0.0148787 0.0172233
319 0.0210108 0.02342
320 0.0270599 0.0295242
321 0.0330022 0.035512
322 0.0388143 0.0413596
323 0.0444732 0.0470439
324 0.0499566 0.0525426
325 0.0552428 0.057834
326 0.060311 0.0628971
327 0.0651412 0.067712
328 0.0697143 0.0722596
329 0.0740123 0.0765221
330 0.0780182 0.0804825
331 0.0817162 0.0841254
332 0.0850917 0.0874362
333 0.0881313 0.090402
334 0.0908232 0.093011
335 0.0931566 0.0952529
336 0.0951224 0.0971189
337 0.0967127 0.0986016
338 0.0979214 0.0996952
339 0.0987436 0.100395
340 0.0991762 0.100699
341 0.0992173 0.100606
342 0.0988669 0.100115
343 0.0981263 0.0992295
344 0.0969984 0.0979523
345 0.0954877 0.0962884
346 0.0936002 0.0942446
347 0.0913433 0.0918288
348 0.0887258 0.0890506
349 0.0857583 0.085921
350 0.0824522 0.0824522
351 0.0788208 0.0786581
352 0.0748783 0.0745536
353 0.0706403 0.0701548
354 0.0661235 0.0654791
355 0.0613458 0.0605451
356 0.0563259 0.0553721
357 0.0510838 0.0499805
358 0.04564 0.0443917
359 0.0400162 0.0386277
360 0.0342344 0.0327113
361 0.0283174 0.0266658
362 0.0222888 0.020515
363 0.0161722 0.0142833
364 0.00999172 0.00799519
365 0.00377183 0.00167554
366 -0.00246293 -0.00465073
367 -0.00868798 -0.0109586
368 -0.0148787 -0.0172233
369 -0.0210108 -0.02342
370 -0.0270599 -0.0295242
371 -0.0330022 -0.035512
372 -0.0388143 -0.0413596
373 -0.0444732 -0.0470439
374 -0.0499566 -0.0525426
375 -0.0552428 -0.057834
376 -0.060311 -0.0628971
377 -0.0651412 -0.067712
378 -0.0697143 -0.0722596
379 -0.0740123 -0.0765221
380 -0.0780182 -0.0804825
381 -0.0817162 -0.0841254
382 -0.0850917 -0.0874362
383 -0.0881313 -0.090402
384 -0.0908232 -0.093011
385 -0.0931566 -0.0952529
386 -0.0951224 -0.0971189
387 -0.0967127 -0.0986016
388 -0.0979214 -0.0996952
389 -0.0987436 -0.100395
390 -0.0991762 -0.100699
391 -0.0992173 -0.100606
392 -0.0988669 -0.100115
393 -0.0981263 -0.0992295
394 -0.0969984 -0.0979523
395 -0.0954877 -0.0962884
396 -0.0936002 -0.0942446
397 -0.0913433 -0.0918288
398 -0.0887258 -0.0890506
399 -0.0857583 -0.085921
400 -0.0824522 -0.0824522
401 -0.0788208 -0.0786581
402 -0.0748783 -0.0745536
403 -0.0706403 -0.0701548
404 -0.0661235 -0.0654791
405 -0.0613458 -0.0605451
406 -0.0563259 -0.0553721
407 -0.0510838 -0.0499805
408 -0.04564 -0.0443917
409 -0.0400162 -0.0386277
410 -0.0342344 -0.0327113
411 -0.0283174 -0.0266658
412 -0.0222888 -0.020515
413 -0.0161722 -0.0142833
414 -0.00999172 -0.00799519
415 -0.00377183 -0.00167554
416 0.00246293 0.00465073
417 0.00868798 0.0109586
418 0.0148787 0.0172233
419 0.0210108 0.02342
420 0.0270599 0.0295242
421 0.0330022 0.035512
422 0.0388143 0.0413596
423 0.0444732 0.0470439
424 0.0499566 0.0525426
425 0.0552428 0.057834
426 0.060311 0.0628971
427 0.0651412 0.067712
428 0.0697143 0.0722596
429 0.0740123 0.0765221
430 0.0780182 0.0804825
431 0.0817162 0.0841254
432 0.0850917 0.0874362
433 0.0881313 0.090402
434 0.0908232 0.093011
435 0.0931566 0.0952529
436 0.0951224 0.0971189
437 0.0967127 0.0986016
438 0.0979214 0.0996952
439 0.0987436 0.100395
440 0.0991762 0.100699
441 0.0992173 0.100606
442 0.0988669 0.100115
443 0.0981263 0.0992295
444 0.0969984 0.0979523
445 0.0954877 0.0962884
446 0.0936002 0.0942446
447 0.0913433 0.0918288
448 0.0887258 0.0890506
449 0.0857583 0.085921
450 0.0824522 0.0824522
451 0.0788208 0.0786581
452 0.0748783 0.0745536
453 0.0706403 0.0701548
454 0.0661235 0.0654791
455 0.0613458 0.0605451
456 0.0563259 0.0553721
457 0.0510838 0.0499805
458 0.04564 0.0443917
459 0.0400162 0.0386277
460 0.0342344 0.0327113
461 0.0283174 0.0266658
462 0.0222888 0.020515
463 0.0161722 0.0142833
464 0.00999172 0.00799519
465 0.00377183 0.00167554
466 -0.00246293 -0.00465073
467 -0.00868798 -0.0109586
468 -0.0148787 -0.0172233
469 -0.0210108 -0.02342
470 -0.0270599 -0.0295242
471 -0.0330022 -0.035512
472 -0.0388143 -0.0413596
473 -0.0444732 -0.0470439
474 -0.0499566 -0.0525426
475 -0.0552428 -0.057834
476 -0.060311 -0.0628971
477 -0.0651412 -0.067712
478 -0.0697143 -0.0722596
479 -0.0740123 -0.0765221
480 -0.0780182 -0.0804825
481 -0.0817162 -0.0841254
482 -0.0850917 -0.0874362
483 -0.0881313 -0.090402
484 -0.0908232 -0.093011
485 -0.0931566 -0.0952529
486 -0.0951224 -0.0971189
487 -0.0967127 -0.0986016
488 -0.0979214 -0.0996952
489 -0.0987436 -0.100395
490 -0.0991762 -0.100699
491 -0.0992173 -0.100606
492 -0.0988669 -0.100115
493 -0.0981263 -0.0992295
494 -0.0969984 -0.0979523
495 -0.0954877 -0.0962884
496 -0.0936002 -0.0942446
497 -0.0913433 -0.0918288
498 -0.0887258 -0.0890506
499 -0.0857583 -0.085921
500 -0.0824522 -0.0824522
501 -0.0788208 -0.0786581
502 -0.0748783 -0.0745536
503 -0.0706403 -0.0701548
504 -0.0661235 -0.0654791
505 -0.0613458 -0.0605451
506 -0.0563259 -0.0553721
507 -0.0510838 -0.0499805
508 -0.04564 -0.0443917
509 -0.0400162 -0.0386277
510 -0.0342344 -0.0327113
511 -0.0283174 -0.0266658
512 -0.0222888 -0.020515
513 -0.0161722 -0.0142833
514 -0.00999172 -0.00799519
515 -0.00377183 -0.00167554
516 0.00246293 0.00465073
517 0.00868798 0.0109586
518 0.0148787 0.0172233
519 0.0210108 0.02342
520 0.0270599 0.0295242
521 0.0330022 0.035512
522 0.0388143 0.0413596
523 0.0444732 0.0470439
524 0.0499566 0.0525426
525 0.0552428 0.057834
526 0.060311 0.0628971
527 0.0651412 0.067712
528 0.0697143 0.0722596
529 0.0740123 0.0765221
530 0.0780182 0.0804825
531 0.0817162 0.0841254
532 0.0850917 0.0874362
533 0.0881313 0.090402
534 0.0908232 0.093011
535 0.0931566 0.0952529
536 0.0951224 0.0971189
537 0.0967127 0.0986016
538 0.0979214 0.0996952
539 0.0987436 0.100395
540 0.0991762 0.100699
541 0.0992173 0.100606
542 0.0988669 0.100115
543 0.0981263 0.0992295
544 0.0969984 0.0979523
545 0.0954877 0.0962884
546 0.0936002 0.0942446
547 0.0913433 0.0918288
548 0.0887258 0.0890506
549 0.0857583 0.085921
550 0.0824522 0.0824522
551 0.0788208 0.0786581
552 0.0748783 0.0745536
553 0.0706403 0.0701548
554 0.0661235 0.0654791
555 0.0613458 0.0605451
556 0.0563259 0.0553721
557 0.0510838 0.0499805
558 0.04564 0.0443917
559 0.0400162 0.0386277
560 0.0342344 0.0327113
561 0.0283174 0.0266658
562 0.0222888 0.020515
563 0.0161722 0.0142833
564 0.00999172 0.00799519
565 0.00377183 0.00167554
566 -0.00246293 -0.00465073
567 -0.00868798 -0.0109586
568 -0.0148787 -0.0172233
569 -0.0210108 -0.02342
570 -0.0270599 -0.0295242
571 -0.0330022 -0.035512
572 -0.0388143 -0.0413596
573 -0.0444732 -0.0470439
574 -0.0499566 -0.0525426
575 -0.0552428 -0.057834
576 -0.060311 -0.0628971
577 -0.0651412 -0.067712
578 -0.0697143 -0.0722596
579 -0.0740123 -0.0765221
580 -0.0780182 -0.0804825
581 -0.0817162 -0.0841254
582 -0.0850917 -0.0874362
583 -0.0881313 -0.090402
584 -0.0908232 -0.093011
585 -0.0931566 -0.0952529
586 -0.0951224 -0.0971189
587 -0.0967127 -0.0986016
588 -0.0979214 -0.0996952
589 -0.0987436 -0.100395
590 -0.0991762 -0.100699
591 -0.0992173 -0.100606
592 -0.0988669 -0.100115
593 -0.0981263 -0.0992295
594 -0.0969984 -0.0979523
595 -0.0954877 -0.0962884
596 -0.0936002 -0.0942446
597 -0.0913433 -0.0918288
598 -0.0887258 -0.0890506
599 -0.0857583 -0.085921
600 -0.0824522 -0.0824522
601 -0.0788208 -0.0786581
602 -0.0748783 -0.0745536
603 -0.0706403 -0.0701548
604 -0.0661235 -0.0654791
605 -0.0613458 -0.0605451
606 -0.0563259 -0.0553721
607 -0.0510838 -0.0499805
608 -0.04564 -0.0443917
609 -0.0400162 -0.0386277
610 -0.0342344 -0.0327113
611 -0.0283174 -0.0266658
612 -0.0222888 -0.020515
613 -0.0161722 -0.0142833
614 -0.00999172 -0.00799519
615 -0.00377183 -0.00167554
616 0.00246293 0.00465073
617 0.00868798 0.0109586
618 0.0148787 0.0172233
619 0.0210108 0.02342
620 0.0270599 0.0295242
621 0.0330022 0.035512
622 0.0388143 0.0413596
623 0.0444732 0.0470439
624 0.0499566 0.0525426
625 0.0552428 0.057834
626 0.060311 0.0628971
627 0.0651412 0.067712
628 0.0697143 0.0722596
629 0.0740123 0.0765221
630 0.0780182 0.0804825
631 0.0817162 0.0841254
632 0.0850917 0.0874362
633 0.0881313 0.090402
634 0.0908232 0.093011
635 0.0931566 0.0952529
636 0.0951224 0.0971189
637 0.0967127 0.0986016
638 0.0979214 0.0996952
639 0.0987436 0.100395
640 0.0991762 0.100699
641 0.0992173 0.100606
642 0.0988669 0.100115
643 0.0981263 0.0992295
644 0.0969984 0.0979523
645 0.0954877 0.0962884
646 0.0936002 0.0942446
647 0.0913433 0.0918288
648 0.0887258 0.0890506
649 0.0857583 0.085921
650 0.0824522 0.0824522
651 0.0788208 0.0786581
652 0.0748783 0.0745536
653 0.0706403 0.0701548
654 0.0661235 0.0654791
655 0.0613458 0.0605451
656 0.0563259 0.0553721
657 0.0510838 0.0499805
658 0.04564 0.0443917
659 0.0400162 0.0386277
660 0.0342344 0.0327113
661 0.0283174 0.0266658
662 0.0222888 0.020515
663 0.0161722 0.0142833
664 0.00999172 0.00799519
665 0.00377183 0.00167554
666 -0.00246293 -0.00465073
667 -0.00868798 -0.0109586
668 -0.0148787 -0.0172233
669 -0.0210108 -0.02342
670 -0.0270599 -0.0295242
671 -0.0330022 -0.035512
672 -0.0388143 -0.0413596
673 -0.0444732 -0.0470439
674 -0.0499566 -0.0525426
675 -0.0552428 -0.057834
676 -0.060311 -0.0628971
677 -0.0651412 -0.067712
678 -0.0697143 -0.0722596
679 -0.0740123 -0.0765221
680 -0.0780182 -0.0804825
681 -0.0817162 -0.0841254
682 -0.0850917 -0.0874362
683 -0.0881313 -0.090402
684 -0.0908232 -0.093011
685 -0.0931566 -0.0952529
686 -0.0951224 -0.0971189
687 -0.0967127 -0.0986016
688 -0.0979214 -0.0996952
689 -0.0987436 -0.100395
690 -0.0991762 -0.100699
691 -0.0992173 -0.100606
692 -0.0988669 -0.100115
693 -0.0981263 -0.0992295
694 -0.0969984 -0.0979523
695 -0.0954877 -0.0962884
696 -0.0936002 -0.0942446
697 -0.0913433 -0.0918288
698 -0.0887258 -0.0890506
699 -0.0857583 -0.085921
700 -0.0824522 -0.0824522
701 -0.0788208 -0.0786581
702 -0.0748783 -0.0745536
703 -0.0706403 -0.0701548
704 -0.0661235 -0.0654791
705 -0.0613458 -0.0605451
706 -0.0563259 -0.0553721
707 -0.0510838 -0.0499805
708 -0.04564 -0.0443917
709 -0.0400162 -0.0386277
710 -0.0342344 -0.0327113
711 -0.0283174 -0.0266658
712 -0.0222888 -0.020515
713 -0.0161722 -0.0142833
714 -0.00999172 -0.00799519
715 -0.00377183 -0.00167554
716 0.00246293 0.00465073
717 0.00868798 0.0109586
718 0.0148787 0.0172233
719 0.0210108 0.02342
720 0.0270599 0.0295242
721 0.0330022 0.035512
722 0.0388143 0.0413596
723 0.0444732 0.0470439
724 0.0499566 0.0525426
725 0.0552428 0.057834
726 0.060311 0.0628971
727 0.0651412 0.067712
728 0.0697143 0.0722596
729 0.0740123 0.0765221
730 0.0780182 0.0804825
731 0.0817162 0.0841254
732 0.0850917 0.0874362
733 0.0881313 0.090402
734 0.0908232 0.093011
735 0.0931566 0.0952529
736 0.0951224 0.0971189
737 0.0967127 0.0986016
738 0.0979214 0.0996952
739 0.0987436 0.100395
740 0.0991762 0.100699
741 0.0992173 0.100606
742 0.0988669 0.100115
743 0.0981263 0.0992295
744 0.0969984 0.0979523
745 0.0954877 0.0962884
746 0.0936002 0.0942446
747 0.0913433 0.0918288
748 0.0887258 0.0890506
749 0.0857583 0.085921
750 0.0824522 0.0824522
751 0.0788208 0.0786581
752 0.0748783 0.0745536
753 0.0706403 0.0701548
754 0.0661235 0.0654791
755 0.0613458 0.0605451
756 0.0563259 0.0553721
757 0.0510838 0.0499805
758 0.04564 0.0443917
759 0.0400162 0.0386277
760 0.0342344 0.0327113
761 0.0283174 0.0266658
762 0.0222888 0.020515
763 0.0161722 0.0142833
764 0.00999172 0.00799519
765 0.00377183 0.00167554
766 -0.00246293 -0.00465073
767 -0.00868798 -0.0109586
768 -0.0148787 -0.0172233
769 -0.0210108 -0.02342
770 -0.0270599 -0.0295242
771 -0.0330022 -0.035512
772 -0.0388143 -0.0413596
773 -0.0444732 -0.0470439
774 -0.0499566 -0.0525426
775 -0.0552428 -0.057834
776 -0.060311 -0.0628971
777 -0.0651412 -0.067712
778 -0.0697143 -0.0722596
779 -0.0740123 -0.0765221
780 -0.0780182 -0.0804825
781 -0.0817162 -0.0841254
782 -0.0850917 -0.0874362
783 -0.0881313 -0.090402
784 -0.0908232 -0.093011
785 -0.0931566 -0.0952529
786 -0.0951224 -0.0971189
787 -0.0967127 -0.0986016
788 -0.0979214 -0.0996952
789 -0.0987436 -0.100395
790 -0.0991762 -0.100699
791 -0.0992173 -0.100606
792 -0.0988669 -0.100115
793 -0.0981263 -0.0992295
794 -0.0969984 -0.0979523
795 -0.0954877 -0.0962884
796 -0.0936002 -0.0942446
797 -0.0913433 -0.0918288
798 -0.0887258 -0.0890506
799 -0.0857583 -0.085921
800 -0.0824522 -0.0824522
801 -0.0788208 -0.0786581
802 -0.0748783 -0.0745536
803 -0.0706403 -0.0701548
804 -0.0661235 -0.0654791
805 -0.0613458 -0.0605451
806 -0.0563259 -0.0553721
807 -0.0510838 -0.0499805
808 -0.04564 -0.0443917
809 -0.0400162 -0.0386277
810 -0.0342344 -0.0327113
811 -0.0283174 -0.0266658
812 -0.0222888 -0.020515
813 -0.0161722 -0.0142833
814 -0.00999172 -0.00799519
815 -0.00377183 -0.00167554
816 0.00246293 0.00465073
817 0.00868798 0.0109586
818 0.0148787 0.0172233
819 0.0210108 0.02342
820 0.0270599 0.0295242
821 0.0330022 0.035512
822 0.0388143 0.0413596
823 0.0444732 0.0470439
824 0.0499566 0.0525426
825 0.0552428 0.057834
826 0.060311 0.0628971
827 0.0651412 0.067712
828 0.0697143 0.0722596
829 0.0740123 0.0765221
830 0.0780182 0.0804825
831 0.0817162 0.0841254
832 0.0850917 0.0874362
833 0.0881313 0.090402
834 0.0908232 0.093011
835 0.0931566 0.0952529
836 0.0951224 0.0971189
837 0.0967127 0.0986016
838 0.0979214 0.0996952
839 0.0987436 0.100395
840 0.0991762 0.100699
841 0.0992173 0.100606
842 0.0988669 0.100115
843 0.0981263 0.0992295
844 0.0969984 0.0979523
845 0.0954877 0.0962884
846 0.0936002 0.0942446
847 0.0913433 0.0918288
848 0.0887258 0.0890506
849 0.0857583 0.085921
850 0.0824522 0.0824522
851 0.0788208 0.0786581
852 0.0748783 0.0745536
853 0.0706403 0.0701548
854 0.0661235 0.0654791
855 0.0613458 0.0605451
856 0.0563259 0.0553721
857 0.0510838 0.0499805
858 0.04564 0.0443917
859 0.0400162 0.0386277
860 0.0342344 0.0327113
861 0.0283174 0.0266658
862 0.0222888 0.020515
863 0.0161722 0.0142833
864 0.00999172 0.00799519
865 0.00377183 0.00167554
866 -0.00246293 -0.00465073
867 -0.00868798 -0.0109586
868 -0.0148787 -0.0172233
869 -0.0210108 -0.02342
870 -0.0270599 -0.0295242
871 -0.0330022 -0.035512
872 -0.0388143 -0.0413596
873 -0.0444732 -0.0470439
874 -0.0499566 -0.0525426
875 -0.0552428 -0.057834
876 -0.060311 -0.0628971
877 -0.0651412 -0.067712
878 -0.0697143 -0.0722596
879 -0.0740123 -0.0765221
880 -0.0780182 -0.0804825
881 -0.0817162 -0.0841254
882 -0.0850917 -0.0874362
883 -0.0881313 -0.090402
884 -0.0908232 -0.093011
885 -0.0931566 -0.0952529
886 -0.0951224 -0.0971189
887 -0.0967127 -0.0986016
888 -0.0979214 -0.0996952
889 -0.0987436 -0.100395
890 -0.0991762 -0.100699
891 -0.0992173 -0.100606
892 -0.0988669 -0.100115
893 -0.0981263 -0.0992295
894 -0.0969984 -0.0979523
895 -0.0954877 -0.0962884
896 -0.0936002 -0.0942446
897 -0.0913433 -0.0918288
898 -0.0887258 -0.0890506
899 -0.0857583 -0.085921
900 -0.0824522 -0.0824522
901 -0.0788208 -0.0786581
902 -0.0748783 -0.0745536
903 -0.0706403 -0.0701548
904 -0.0661235 -0.0654791
905 -0.0613458 -0.0605451
906 -0.0563259 -0.0553721
907 -0.0510838 -0.0499805
908 -0.04564 -0.0443917
909 -0.0400162 -0.0386277
910 -0.0342344 -0.0327113
911 -0.0283174 -0.0266658
912 -0.0222888 -0.020515
913 -0.0161722 -0.0142833
914 -0.00999172 -0.00799519
915 -0.00377183 -0.00167554
916 0.00246293 0.00465073
917 0.00868798 0.0109586
918 0.0148787 0.0172233
919 0.0210108 0.02342
920 0.0270599 0.0295242
921 0.0330022 0.035512
922 0.0388143 0.0413596
923 0.0444732 0.0470439
924 0.0499566 0.0525426
925 0.0552428 0.057834
926 0.060311 0.0628971
927 0.0651412 0.067712
928 0.0697143 0.0722596
929 0.0740123 0.0765221
930 0.0780182 0.0804825
931 0.0817162 0.0841254
932 0.0850917 0.0874362
933 0.0881313 0.090402
934 0.0908232 0.093011
935 0.0931566 0.0952529
936 0.0951224 0.0971189
937 0.0967127 0.0986016
938 0.0979214 0.0996952
939 0.0987436 0.100395
940 0.0991762 0.100699
941 0.0992173 0.100606
942 0.0988669 0.100115
943 0.0981263 0.0992295
944 0.0969984 0.0979523
945 0.0954877 0.0962884
946 0.0936002 0.0942446
947 0.0913433 0.0918288
948 0.0887258 0.0890506
949 0.0857583 0.085921
950 0.0824522 0.0824522
951 0.0788208 0.0786581
952 0.0748783 0.0745536
953 0.0706403 0.0701548
954 0.0661235 0.0654791
955 0.0613458 0.0605451
956 0.0563259 0.0553721
957 0.0510838 0.0499805
958 0.04564 0.0443917
959 0.0400162 0.0386277
960 0.0342344 0.0327113
961 0.0283174 0.0266658
962 0.0222888 0.020515
963 0.0161722 0.0142833
964 0.00999172 0.00799519
965 0.00377183 0.00167554
966 -0.00246293 -0.00465073
967 -0.00868798 -0.0109586
968 -0.0148787 -0.0172233
969 -0.0210108 -0.02342
970 -0.0270599 -0.0295242
971 -0.0330022 -0.035512
972 -0.0388143 -0.0413596
973 -0.0444732 -0.0470439
974 -0.0499566 -0.0525426
975 -0.0552428 -0.057834
976 -0.060311 -0.0628971
977 -0.0651412 -0.067712
978 -0.0697143 -0.0722596
979 -0.0740123 -0.0765221
980 -0.0780182 -0.0804825
981 -0.0817162 -0.0841254
982 -0.0850917 -0.0874362
983 -0.0881313 -0.090402
984 -0.0908232 -0.093011
985 -0.0931566 -0.0952529
986 -0.0951224 -0.0971189
987 -0.0967127 -0.0986016
988 -0.0979214 -0.0996952
989 -0.0987436 -0.100395
990 -0.0991762 -0.100699
991 -0.0992173 -0.100606
992 -0.0988669 -0.100115
993 -0.0981263 -0.0992295
994 -0.0969984 -0.0979523
995 -0.0954877 -0.0962884
996 -0.0936002 -0.0942446
997 -0.0913433 -0.0918288
998 -0.0887258 -0.0890506
999 -0.0857583 -0.085921
