0 0.0564376 0.0564376
1 0.0615644 0.0614531
2 0.0664484 0.0662261
3 0.0710701 0.0707377
4 0.0754113 0.0749702
5 0.0794548 0.0789068
6 0.0831849 0.0825319
7 0.0865866 0.0858314
8 0.0896466 0.0887921
9 0.0923528 0.0914024
10 0.0946945 0.093652
11 0.0966626 0.095532
12 0.0982491 0.097035
13 0.0994479 0.098155
14 0.100254 0.0988876
15 0.100665 0.09923
16 0.100678 0.0991807
17 0.100294 0.0987401
18 0.0995145 0.0979097
19 0.098342 0.096693
20 0.0967814 0.0950946
21 0.0948389 0.093121
22 0.092522 0.0907798
23 0.08984 0.0880804
24 0.0868035 0.0850333
25 0.0834243 0.0816507
26 0.079716 0.0779459
27 0.075693 0.0739334
28 0.0713713 0.0696291
29 0.066768 0.0650501
30 0.0619011 0.0602143
31 0.0567899 0.0551409
32 0.0514547 0.0498498
33 0.0459163 0.0443621
34 0.0401967 0.0386992
35 0.0343185 0.0328837
36 0.0283049 0.0269383
37 0.0221796 0.0208866
38 0.0159667 0.0147526
39 0.00969079 0.00856024
40 0.00337666 0.00233415
41 -0.00295081 -0.00390116
42 -0.00926662 -0.0101211
43 -0.0155459 -0.016301
44 -0.0217638 -0.0224167
45 -0.0278958 -0.0284438
46 -0.0339177 -0.0343588
47 -0.0398057 -0.0401381
48 -0.0455367 -0.045759
49 -0.0510879 -0.0511993
50 -0.0564376 -0.0564376
51 -0.0615644 -0.0614531
52 -0.0664484 -0.0662261
53 -0.0710701 -0.0707377
54 -0.0754113 -0.0749702
55 -0.0794548 -0.0789068
56 -0.0831849 -0.0825319
57 -0.0865866 -0.0858314
58 -0.0896466 -0.0887921
59 -0.0923528 -0.0914024
60 -0.0946945 -0.093652
61 -0.0966626 -0.095532
62 -0.0982491 -0.097035
63 -0.0994479 -0.098155
64 -0.100254 -0.0988876
65 -0.100665 -0.09923
66 -0.100678 -0.0991807
67 -0.100294 -0.0987401
68 -0.0995145 -0.0979097
69 -0.098342 -0.096693
70 -0.0967814 -0.0950946
71 -0.0948389 -0.093121
72 -0.092522 -0.0907798
73 -0.08984 -0.0880804
74 -0.0868035 -0.0850333
75 -0.0834243 -0.0816507
76 -0.079716 -0.0779459
77 -0.075693 -0.0739334
78 -0.0713713 -0.0696291
79 -0.066768 -0.0650501
80 -0.0619011 -0.0602143
81 -0.0567899 -0.0551409
82 -0.0514547 -0.0498498
83 -0.0459163 -0.0443621
84 -0.0401967 -0.0386992
85 -0.0343185 -0.0328837
86 -0.0283049 -0.0269383
87 -0.0221796 -0.0208866
88 -0.0159667 -0.0147526
89 -0.00969079 -0.00856024
90 -0.00337666 -0.00233415
91 0.00295081 0.00390116
92 0.00926662 0.0101211
93 0.0155459 0.016301
94 0.0217638 0.0224167
95 0.0278958 0.0284438
96 0.0339177 0.0343588
97 0.0398057 0.0401381
98 0.0455367 0.045759
99 0.0510879 0.0511993
100 0.0564376 0.0564376
101 0.0615644 0.0614531
102 0.0664484 0.0662261
103 0.0710701 0.0707377
104 0.0754113 0.0749702
105 0.0794548 0.0789068
106 0.0831849 0.0825319
107 0.0865866 0.0858314
108 0.0896466 0.0887921
109 0.0923528 0.0914024
110 0.0946945 0.093652
111 0.0966626 0.095532
112 0.0982491 0.097035
113 0.0994479 0.098155
114 0.100254 0.0988876
115 0.100665 0.09923
116 0.100678 0.0991807
117 0.100294 0.0987401
118 0.0995145 0.0979097
119 0.098342 0.096693
120 0.0967814 0.0950946
121 0.0948389 0.093121
122 0.092522 0.0907798
123 0.08984 0.0880804
124 0.0868035 0.0850333
125 0.0834243 0.0816507
126 0.079716 0.0779459
127 0.075693 0.0739334
128 0.0713713 0.0696291
129 0.066768 0.0650501
130 0.0619011 0.0602143
131 0.0567899 0.0551409
132 0.0514547 0.0498498
133 0.0459163 0.0443621
134 0.0401967 0.0386992
135 0.0343185 0.0328837
136 0.0283049 0.0269383
137 0.0221796 0.0208866
138 0.0159667 0.0147526
139 0.00969079 0.00856024
140 0.00337666 0.00233415
141 -0.00295081 -0.00390116
142 -0.00926662 -0.0101211
143 -0.0155459 -0.016301
144 -0.0217638 -0.0224167
145 -0.0278958 -0.0284438
146 -0.0339177 -0.0343588
147 -0.0398057 -0.0401381
148 -0.0455367 -0.045759
149 -0.0510879 -0.0511993
150 -0.0564376 -0.0564376
151 -0.0615644 -0.0614531
152 -0.0664484 -0.0662261
153 -0.0710701 -0.0707377
154 -0.0754113 -0.0749702
155 -0.0794548 -0.0789068
156 -0.0831849 -0.0825319
157 -0.0865866 -0.0858314
158 -0.0896466 -0.0887921
159 -0.0923528 -0.0914024
160 -0.0946945 -0.093652
161 -0.0966626 -0.095532
162 -0.0982491 -0.097035
163 -0.0994479 -0.098155
164 -0.100254 -0.0988876
165 -0.100665 -0.09923
166 -0.100678 -0.0991807
167 -0.100294 -0.0987401
168 -0.0995145 -0.0979097
169 -0.098342 -0.096693
170 -0.0967814 -0.0950946
171 -0.0948389 -0.093121
172 -0.092522 -0.0907798
173 -0.08984 -0.0880804
174 -0.0868035 -0.0850333
175 -0.0834243 -0.0816507
176 -0.079716 -0.0779459
177 -0.075693 -0.0739334
178 -0.0713713 -0.0696291
179 -0.066768 -0.0650501
180 -0.0619011 -0.0602143
181 -0.0567899 -0.0551409
182 -0.0514547 -0.0498498
183 -0.0459163 -0.0443621
184 -0.0401967 -0.0386992
185 -0.0343185 -0.0328837
186 -0.0283049 -0.0269383
187 -0.0221796 -0.0208866
188 -0.0159667 -0.0147526
189 -0.00969079 -0.00856024
190 -0.00337666 -0.00233415
191 0.00295081 0.00390116
192 0.00926662 0.0101211
193 0.0155459 0.016301
194 0.0217638 0.0224167
195 0.0278958 0.0284438
196 0.0339177 0.0343588
197 0.0398057 0.0401381
198 0.0455367 0.045759
199 0.0510879 0.0511993
200 0.0564376 0.0564376
201 0.0615644 0.0614531
202 0.0664484 0.0662261
203 0.0710701 0.0707377
204 0.0754113 0.0749702
205 0.0794548 0.0789068
206 0.0831849 0.0825319
207 0.0865866 0.0858314
208 0.0896466 0.0887921
209 0.0923528 0.0914024
210 0.0946945 0.093652
211 0.0966626 0.095532
212 0.0982491 0.097035
213 0.0994479 0.098155
214 0.100254 0.0988876
215 0.100665 0.09923
216 0.100678 0.0991807
217 0.100294 0.0987401
218 0.0995145 0.0979097
219 0.098342 0.096693
220 0.0967814 0.0950946
221 0.0948389 0.093121
222 0.092522 0.0907798
223 0.08984 0.0880804
224 0.0868035 0.0850333
225 0.0834243 0.0816507
226 0.079716 0.0779459
227 0.075693 0.0739334
228 0.0713713 0.0696291
229 0.066768 0.0650501
230 0.0619011 0.0602143
231 0.0567899 0.0551409
232 0.0514547 0.0498498
233 0.0459163 0.0443621
234 0.0401967 0.0386992
235 0.0343185 0.0328837
236 0.0283049 0.0269383
237 0.0221796 0.0208866
238 0.0159667 0.0147526
239 0.00969079 0.00856024
240 0.00337666 0.00233415
241 -0.00295081 -0.00390116
242 -0.00926662 -0.0101211
243 -0.0155459 -0.016301
244 -0.0217638 -0.0224167
245 -0.0278958 -0.0284438
246 -0.0339177 -0.0343588
247 -0.0398057 -0.0401381
248 -0.0455367 -0.045759
249 -0.0510879 -0.0511993
250 -0.0564376 -0.0564376
251 -0.0615644 -0.0614531
252 -0.0664484 -0.0662261
253 -0.0710701 -0.0707377
254 -0.0754113 -0.0749702
255 -0.0794548 -0.0789068
256 -0.0831849 -0.0825319
257 -0.0865866 -0.0858314
258 -0.0896466 -0.0887921
259 -0.0923528 -0.0914024
260 -0.0946945 -0.093652
261 -0.0966626 -0.095532
262 -0.0982491 -0.097035
263 -0.0994479 -0.098155
264 -0.100254 -0.0988876
265 -0.100665 -0.09923
266 -0.100678 -0.0991807
267 -0.100294 -0.0987401
268 -0.0995145 -0.0979097
269 -0.098342 -0.096693
270 -0.0967814 -0.0950946
271 -0.0948389 -0.093121
272 -0.092522 -0.0907798
273 -0.08984 -0.0880804
274 -0.0868035 -0.0850333
275 -0.0834243 -0.0816507
276 -0.079716 -0.0779459
277 -0.075693 -0.0739334
278 -0.0713713 -0.0696291
279 -0.066768 -0.0650501
280 -0.0619011 -0.0602143
281 -0.0567899 -0.0551409
282 -0.0514547 -0.0498498
283 -0.0459163 -0.0443621
284 -0.0401967 -0.0386992
285 -0.0343185 -0.0328837
286 -0.0283049 -0.0269383
287 -0.0221796 -0.0208866
288 -0.0159667 -0.0147526
289 -0.00969079 -0.00856024
290 -0.00337666 -0.00233415
291 0.00295081 0.00390116
292 0.00926662 0.0101211
293 0.0155459 0.016301
294 0.0217638 0.0224167
295 0.0278958 0.0284438
296 0.0339177 0.0343588
297 0.0398057 0.0401381
298 0.0455367 0.045759
299 0.0510879 0.0511993
300 0.0564376 0.0564376
301 0.0615644 0.0614531
302 0.0664484 0.0662261
303 0.0710701 0.0707377
304 0.0754113 0.0749702
305 0.0794548 0.0789068
306 0.0831849 0.0825319
307 0.0865866 0.0858314
308 0.0896466 0.0887921
309 0.0923528 0.0914024
310 0.0946945 0.093652
311 0.0966626 0.095532
312 0.0982491 0.097035
313 0.0994479 0.098155
314 0.100254 0.0988876
315 0.100665 0.09923
316 0.100678 0.0991807
317 0.100294 0.0987401
318 0.0995145 0.0979097
319 0.098342 0.096693
320 0.0967814 0.0950946
321 0.0948389 0.093121
322 0.092522 0.0907798
323 0.08984 0.0880804
324 0.0868035 0.0850333
325 0.0834243 0.0816507
326 0.079716 0.0779459
327 0.075693 0.0739334
328 0.0713713 0.0696291
329 0.066768 0.0650501
330 0.0619011 0.0602143
331 0.0567899 0.0551409
332 0.0514547 0.0498498
333 0.0459163 0.0443621
334 0.0401967 0.0386992
335 0.0343185 0.0328837
336 0.0283049 0.0269383
337 0.0221796 0.0208866
338 0.0159667 0.0147526
339 0.00969079 0.00856024
340 0.00337666 0.00233415
341 -0.00295081 -0.00390116
342 -0.00926662 -0.0101211
343 -0.0155459 -0.016301
344 -0.0217638 -0.0224167
345 -0.0278958 -0.0284438
346 -0.0339177 -0.0343588
347 -0.0398057 -0.0401381
348 -0.0455367 -0.045759
349 -0.0510879 -0.0511993
350 -0.0564376 -0.0564376
351 -0.0615644 -0.0614531
352 -0.0664484 -0.0662261
353 -0.0710701 -0.0707377
354 -0.0754113 -0.0749702
355 -0.0794548 -0.0789068
356 -0.0831849 -0.0825319
357 -0.0865866 -0.0858314
358 -0.0896466 -0.0887921
359 -0.0923528 -0.0914024
360 -0.0946945 -0.093652
361 -0.0966626 -0.095532
362 -0.0982491 -0.097035
363 -0.0994479 -0.098155
364 -0.100254 -0.0988876
365 -0.100665 -0.09923
366 -0.100678 -0.0991807
367 -0.100294 -0.0987401
368 -0.0995145 -0.0979097
369 -0.098342 -0.096693
370 -0.0967814 -0.0950946
371 -0.0948389 -0.093121
372 -0.092522 -0.0907798
373 -0.08984 -0.0880804
374 -0.0868035 -0.0850333
375 -0.0834243 -0.0816507
376 -0.079716 -0.0779459
377 -0.075693 -0.0739334
378 -0.0713713 -0.0696291
379 -0.066768 -0.0650501
380 -0.0619011 -0.0602143
381 -0.0567899 -0.0551409
382 -0.0514547 -0.0498498
383 -0.0459163 -0.0443621
384 -0.0401967 -0.0386992
385 -0.0343185 -0.0328837
386 -0.0283049 -0.0269383
387 -0.0221796 -0.0208866
388 -0.0159667 -0.0147526
389 -0.00969079 -0.00856024
390 -0.00337666 -0.00233415
391 0.00295081 0.00390116
392 0.00926662 0.0101211
393 0.0155459 0.016301
394 0.0217638 0.0224167
395 0.0278958 0.0284438
396 0.0339177 0.0343588
397 0.0398057 0.0401381
398 0.0455367 0.045759
399 0.0510879 0.0511993
400 0.0564376 0.0564376
401 0.0615644 0.0614531
402 0.0664484 0.0662261
403 0.0710701 0.0707377
404 0.0754113 0.0749702
405 0.0794548 0.0789068
406 0.0831849 0.0825319
407 0.0865866 0.0858314
408 0.0896466 0.0887921
409 0.0923528 0.0914024
410 0.0946945 0.093652
411 0.0966626 0.095532
412 0.0982491 0.097035
413 0.0994479 0.098155
414 0.100254 0.0988876
415 0.100665 0.09923
416 0.100678 0.0991807
417 0.100294 0.0987401
418 0.0995145 0.0979097
419 0.098342 0.096693
420 0.0967814 0.0950946
421 0.0948389 0.093121
422 0.092522 0.0907798
423 0.08984 0.0880804
424 0.0868035 0.0850333
425 0.0834243 0.0816507
426 0.079716 0.0779459
427 0.075693 0.0739334
428 0.0713713 0.0696291
429 0.066768 0.0650501
430 0.0619011 0.0602143
431 0.0567899 0.0551409
432 0.0514547 0.0498498
433 0.0459163 0.0443621
434 0.0401967 0.0386992
435 0.0343185 0.0328837
436 0.0283049 0.0269383
437 0.0221796 0.0208866
438 0.0159667 0.0147526
439 0.00969079 0.00856024
440 0.00337666 0.00233415
441 -0.00295081 -0.00390116
442 -0.00926662 -0.0101211
443 -0.0155459 -0.016301
444 -0.0217638 -0.0224167
445 -0.0278958 -0.0284438
446 -0.0339177 -0.0343588
447 -0.0398057 -0.0401381
448 -0.0455367 -0.045759
449 -0.0510879 -0.0511993
450 -0.0564376 -0.0564376
451 -0.0615644 -0.0614531
452 -0.0664484 -0.0662261
453 -0.0710701 -0.0707377
454 -0.0754113 -0.0749702
455 -0.0794548 -0.0789068
456 -0.0831849 -0.0825319
457 -0.0865866 -0.0858314
458 -0.0896466 -0.0887921
459 -0.0923528 -0.0914024
460 -0.0946945 -0.093652
461 -0.0966626 -0.095532
462 -0.0982491 -0.097035
463 -0.0994479 -0.098155
464 -0.100254 -0.0988876
465 -0.100665 -0.09923
466 -0.100678 -0.0991807
467 -0.100294 -0.0987401
468 -0.0995145 -0.0979097
469 -0.098342 -0.096693
470 -0.0967814 -0.0950946
471 -0.0948389 -0.093121
472 -0.092522 -0.0907798
473 -0.08984 -0.0880804
474 -0.0868035 -0.0850333
475 -0.0834243 -0.0816507
476 -0.079716 -0.0779459
477 -0.075693 -0.0739334
478 -0.0713713 -0.0696291
479 -0.066768 -0.0650501
480 -0.0619011 -0.0602143
481 -0.0567899 -0.0551409
482 -0.0514547 -0.0498498
483 -0.0459163 -0.0443621
484 -0.0401967 -0.0386992
485 -0.0343185 -0.0328837
486 -0.0283049 -0.0269383
487 -0.0221796 -0.0208866
488 -0.0159667 -0.0147526
489 -0.00969079 -0.00856024
490 -0.00337666 -0.00233415
491 0.00295081 0.00390116
492 0.00926662 0.0101211
493 0.0155459 0.016301
494 0.0217638 0.0224167
495 0.0278958 0.0284438
496 0.0339177 0.0343588
497 0.0398057 0.0401381
498 0.0455367 0.045759
499 0.0510879 0.0511993
500 0.0564376 0.0564376
501 0.0615644 0.0614531
502 0.0664484 0.0662261
503 0.0710701 0.0707377
504 0.0754113 0.0749702
505 0.0794548 0.0789068
506 0.0831849 0.0825319
507 0.0865866 0.0858314
508 0.0896466 0.0887921
509 0.0923528 0.0914024
510 0.0946945 0.093652
511 0.0966626 0.095532
512 0.0982491 0.097035
513 0.0994479 0.098155
514 0.100254 0.0988876
515 0.100665 0.09923
516 0.100678 0.0991807
517 0.100294 0.0987401
518 0.0995145 0.0979097
519 0.098342 0.096693
520 0.0967814 0.0950946
521 0.0948389 0.093121
522 0.092522 0.0907798
523 0.08984 0.0880804
524 0.0868035 0.0850333
525 0.0834243 0.0816507
526 0.079716 0.0779459
527 0.075693 0.0739334
528 0.0713713 0.0696291
529 0.066768 0.0650501
530 0.0619011 0.0602143
531 0.0567899 0.0551409
532 0.0514547 0.0498498
533 0.0459163 0.0443621
534 0.0401967 0.0386992
535 0.0343185 0.0328837
536 0.0283049 0.0269383
537 0.0221796 0.0208866
538 0.0159667 0.0147526
539 0.00969079 0.00856024
540 0.00337666 0.00233415
541 -0.00295081 -0.00390116
542 -0.00926662 -0.0101211
543 -0.0155459 -0.016301
544 -0.0217638 -0.0224167
545 -0.0278958 -0.0284438
546 -0.0339177 -0.0343588
547 -0.0398057 -0.0401381
548 -0.0455367 -0.045759
549 -0.0510879 -0.0511993
550 -0.0564376 -0.0564376
551 -0.0615644 -0.0614531
552 -0.0664484 -0.0662261
553 -0.0710701 -0.0707377
554 -0.0754113 -0.0749702
555 -0.0794548 -0.0789068
556 -0.0831849 -0.0825319
557 -0.0865866 -0.0858314
558 -0.0896466 -0.0887921
559 -0.0923528 -0.0914024
560 -0.0946945 -0.093652
561 -0.0966626 -0.095532
562 -0.0982491 -0.097035
563 -0.0994479 -0.098155
564 -0.100254 -0.0988876
565 -0.100665 -0.09923
566 -0.100678 -0.0991807
567 -0.100294 -0.0987401
568 -0.0995145 -0.0979097
569 -0.098342 -0.096693
570 -0.0967814 -0.0950946
571 -0.0948389 -0.093121
572 -0.092522 -0.0907798
573 -0.08984 -0.0880804
574 -0.0868035 -0.0850333
575 -0.0834243 -0.0816507
576 -0.079716 -0.0779459
577 -0.075693 -0.0739334
578 -0.0713713 -0.0696291
579 -0.066768 -0.0650501
580 -0.0619011 -0.0602143
581 -0.0567899 -0.0551409
582 -0.0514547 -0.0498498
583 -0.0459163 -0.0443621
584 -0.0401967 -0.0386992
585 -0.0343185 -0.0328837
586 -0.0283049 -0.0269383
587 -0.0221796 -0.0208866
588 -0.0159667 -0.0147526
589 -0.00969079 -0.00856024
590 -0.00337666 -0.00233415
591 0.00295081 0.00390116
592 0.00926662 0.0101211
593 0.0155459 0.016301
594 0.0217638 0.0224167
595 0.0278958 0.0284438
596 0.0339177 0.0343588
597 0.0398057 0.0401381
598 0.0455367 0.045759
599 0.0510879 0.0511993
600 0.0564376 0.0564376
601 0.0615644 0.0614531
602 0.0664484 0.0662261
603 0.0710701 0.0707377
604 0.0754113 0.0749702
605 0.0794548 0.0789068
606 0.0831849 0.0825319
607 0.0865866 0.0858314
608 0.0896466 0.0887921
609 0.0923528 0.0914024
610 0.0946945 0.093652
611 0.0966626 0.095532
612 0.0982491 0.097035
613 0.0994479 0.098155
614 0.100254 0.0988876
615 0.100665 0.09923
616 0.100678 0.0991807
617 0.100294 0.0987401
618 0.0995145 0.0979097
619 0.098342 0.096693
620 0.0967814 0.0950946
621 0.0948389 0.093121
622 0.092522 0.0907798
623 0.08984 0.0880804
624 0.0868035 0.0850333
625 0.0834243 0.0816507
626 0.079716 0.0779459
627 0.075693 0.0739334
628 0.0713713 0.0696291
629 0.066768 0.0650501
630 0.0619011 0.0602143
631 0.0567899 0.0551409
632 0.0514547 0.0498498
633 0.0459163 0.0443621
634 0.0401967 0.0386992
635 0.0343185 0.0328837
636 0.0283049 0.0269383
637 0.0221796 0.0208866
638 0.0159667 0.0147526
639 0.00969079 0.00856024
640 0.00337666 0.00233415
641 -0.00295081 -0.00390116
642 -0.00926662 -0.0101211
643 -0.0155459 -0.016301
644 -0.0217638 -0.0224167
645 -0.0278958 -0.0284438
646 -0.0339177 -0.0343588
647 -0.0398057 -0.0401381
648 -0.0455367 -0.045759
649 -0.0510879 -0.0511993
650 -0.0564376 -0.0564376
651 -0.0615644 -0.0614531
652 -0.0664484 -0.0662261
653 -0.0710701 -0.0707377
654 -0.0754113 -0.0749702
655 -0.0794548 -0.0789068
656 -0.0831849 -0.0825319
657 -0.0865866 -0.0858314
658 -0.0896466 -0.0887921
659 -0.0923528 -0.0914024
660 -0.0946945 -0.093652
661 -0.0966626 -0.095532
662 -0.0982491 -0.097035
663 -0.0994479 -0.098155
664 -0.100254 -0.0988876
665 -0.100665 -0.09923
666 -0.100678 -0.0991807
667 -0.100294 -0.0987401
668 -0.0995145 -0.0979097
669 -0.098342 -0.096693
670 -0.0967814 -0.0950946
671 -0.0948389 -0.093121
672 -0.092522 -0.0907798
673 -0.08984 -0.0880804
674 -0.0868035 -0.0850333
675 -0.0834243 -0.0816507
676 -0.079716 -0.0779459
677 -0.075693 -0.0739334
678 -0.0713713 -0.0696291
679 -0.066768 -0.0650501
680 -0.0619011 -0.0602143
681 -0.0567899 -0.0551409
682 -0.0514547 -0.0498498
683 -0.0459163 -0.0443621
684 -0.0401967 -0.0386992
685 -0.0343185 -0.0328837
686 -0.0283049 -0.0269383
687 -0.0221796 -0.0208866
688 -0.0159667 -0.0147526
689 -0.00969079 -0.00856024
690 -0.00337666 -0.00233415
691 0.00295081 0.00390116
692 0.00926662 0.0101211
693 0.0155459 0.016301
694 0.0217638 0.0224167
695 0.0278958 0.0284438
696 0.0339177 0.0343588
697 0.0398057 0.0401381
698 0.0455367 0.045759
699 0.0510879 0.0511993
700 0.0564376 0.0564376
701 0.0615644 0.0614531
702 0.0664484 0.0662261
703 0.0710701 0.0707377
704 0.0754113 0.0749702
705 0.0794548 0.0789068
706 0.0831849 0.0825319
707 0.0865866 0.0858314
708 0.0896466 0.0887921
709 0.0923528 0.0914024
710 0.0946945 0.093652
711 0.0966626 0.095532
712 0.0982491 0.097035
713 0.0994479 0.098155
714 0.100254 0.0988876
715 0.100665 0.09923
716 0.100678 0.0991807
717 0.100294 0.0987401
718 0.0995145 0.0979097
719 0.098342 0.096693
720 0.0967814 0.0950946
721 0.0948389 0.093121
722 0.092522 0.0907798
723 0.08984 0.0880804
724 0.0868035 0.0850333
725 0.0834243 0.0816507
726 0.079716 0.0779459
727 0.075693 0.0739334
728 0.0713713 0.0696291
729 0.066768 0.0650501
730 0.0619011 0.0602143
731 0.0567899 0.0551409
732 0.0514547 0.0498498
733 0.0459163 0.0443621
734 0.0401967 0.0386992
735 0.0343185 0.0328837
736 0.0283049 0.0269383
737 0.0221796 0.0208866
738 0.0159667 0.0147526
739 0.00969079 0.00856024
740 0.00337666 0.00233415
741 -0.00295081 -0.00390116
742 -0.00926662 -0.0101211
743 -0.0155459 -0.016301
744 -0.0217638 -0.0224167
745 -0.0278958 -0.0284438
746 -0.0339177 -0.0343588
747 -0.0398057 -0.0401381
748 -0.0455367 -0.045759
749 -0.0510879 -0.0511993
750 -0.0564376 -0.0564376
751 -0.0615644 -0.0614531
752 -0.0664484 -0.0662261
753 -0.0710701 -0.0707377
754 -0.0754113 -0.0749702
755 -0.0794548 -0.0789068
756 -0.0831849 -0.0825319
757 -0.0865866 -0.0858314
758 -0.0896466 -0.0887921
759 -0.0923528 -0.0914024
760 -0.0946945 -0.093652
761 -0.0966626 -0.095532
762 -0.0982491 -0.097035
763 -0.0994479 -0.098155
764 -0.100254 -0.0988876
765 -0.100665 -0.09923
766 -0.100678 -0.0991807
767 -0.100294 -0.0987401
768 -0.0995145 -0.0979097
769 -0.098342 -0.096693
770 -0.0967814 -0.0950946
771 -0.0948389 -0.093121
772 -0.092522 -0.0907798
773 -0.08984 -0.0880804
774 -0.0868035 -0.0850333
775 -0.0834243 -0.0816507
776 -0.079716 -0.0779459
777 -0.075693 -0.0739334
778 -0.0713713 -0.0696291
779 -0.066768 -0.0650501
780 -0.0619011 -0.0602143
781 -0.0567899 -0.0551409
782 -0.0514547 -0.0498498
783 -0.0459163 -0.0443621
784 -0.0401967 -0.0386992
785 -0.0343185 -0.0328837
786 -0.0283049 -0.0269383
787 -0.0221796 -0.0208866
788 -0.0159667 -0.0147526
789 -0.00969079 -0.00856024
790 -0.00337666 -0.00233415
791 0.00295081 0.00390116
792 0.00926662 0.0101211
793 0.0155459 0.016301
794 0.0217638 0.0224167
795 0.0278958 0.0284438
796 0.0339177 0.0343588
797 0.0398057 0.0401381
798 0.0455367 0.045759
799 0.0510879 0.0511993
800 0.0564376 0.0564376
801 0.0615644 0.0614531
802 0.0664484 0.0662261
803 0.0710701 0.0707377
804 0.0754113 0.0749702
805 0.0794548 0.0789068
806 0.0831849 0.0825319
807 0.0865866 0.0858314
808 0.0896466 0.0887921
809 0.0923528 0.0914024
810 0.0946945 0.093652
811 0.0966626 0.095532
812 0.0982491 0.097035
813 0.0994479 0.098155
814 0.100254 0.0988876
815 0.100665 0.09923
816 0.100678 0.0991807
817 0.100294 0.0987401
818 0.0995145 0.0979097
819 0.098342 0.096693
820 0.0967814 0.0950946
821 0.0948389 0.093121
822 0.092522 0.0907798
823 0.08984 0.0880804
824 0.0868035 0.0850333
825 0.0834243 0.0816507
826 0.079716 0.0779459
827 0.075693 0.0739334
828 0.0713713 0.0696291
829 0.066768 0.0650501
830 0.0619011 0.0602143
831 0.0567899 0.0551409
832 0.0514547 0.0498498
833 0.0459163 0.0443621
834 0.0401967 0.0386992
835 0.0343185 0.0328837
836 0.0283049 0.0269383
837 0.0221796 0.0208866
838 0.0159667 0.0147526
839 0.00969079 0.00856024
840 0.00337666 0.00233415
841 -0.00295081 -0.00390116
842 -0.00926662 -0.0101211
843 -0.0155459 -0.016301
844 -0.0217638 -0.0224167
845 -0.0278958 -0.0284438
846 -0.0339177 -0.0343588
847 -0.0398057 -0.0401381
848 -0.0455367 -0.045759
849 -0.0510879 -0.0511993
850 -0.0564376 -0.0564376
851 -0.0615644 -0.0614531
852 -0.0664484 -0.0662261
853 -0.0710701 -0.0707377
854 -0.0754113 -0.0749702
855 -0.0794548 -0.0789068
856 -0.0831849 -0.0825319
857 -0.0865866 -0.0858314
858 -0.0896466 -0.0887921
859 -0.0923528 -0.0914024
860 -0.0946945 -0.093652
861 -0.0966626 -0.095532
862 -0.0982491 -0.097035
863 -0.0994479 -0.098155
864 -0.100254 -0.0988876
865 -0.100665 -0.09923
866 -0.100678 -0.0991807
867 -0.100294 -0.0987401
868 -0.0995145 -0.0979097
869 -0.098342 -0.096693
870 -0.0967814 -0.0950946
871 -0.0948389 -0.093121
872 -0.092522 -0.0907798
873 -0.08984 -0.0880804
874 -0.0868035 -0.0850333
875 -0.0834243 -0.0816507
876 -0.079716 -0.0779459
877 -0.075693 -0.0739334
878 -0.0713713 -0.0696291
879 -0.066768 -0.0650501
880 -0.0619011 -0.0602143
881 -0.0567899 -0.0551409
882 -0.0514547 -0.0498498
883 -0.0459163 -0.0443621
884 -0.0401967 -0.0386992
885 -0.0343185 -0.0328837
886 -0.0283049 -0.0269383
887 -0.0221796 -0.0208866
888 -0.0159667 -0.0147526
889 -0.00969079 -0.00856024
890 -0.00337666 -0.00233415
891 0.00295081 0.00390116
892 0.00926662 0.0101211
893 0.0155459 0.016301
894 0.0217638 0.0224167
895 0.0278958 0.0284438
896 0.0339177 0.0343588
897 0.0398057 0.0401381
898 0.0455367 0.045759
899 0.0510879 0.0511993
900 0.0564376 0.0564376
901 0.0615644 0.0614531
902 0.0664484 0.0662261
903 0.0710701 0.0707377
904 0.0754113 0.0749702
905 0.0794548 0.0789068
906 0.0831849 0.0825319
907 0.0865866 0.0858314
908 0.0896466 0.0887921
909 0.0923528 0.0914024
910 0.0946945 0.093652
911 0.0966626 0.095532
912 0.0982491 0.097035
913 0.0994479 0.098155
914 0.100254 0.0988876
915 0.100665 0.09923
916 0.100678 0.0991807
917 0.100294 0.0987401
918 0.0995145 0.0979097
919 0.098342 0.096693
920 0.0967814 0.0950946
921 0.0948389 0.093121
922 0.092522 0.0907798
923 0.08984 0.0880804
924 0.0868035 0.0850333
925 0.0834243 0.0816507
926 0.079716 0.0779459
927 0.075693 0.0739334
928 0.0713713 0.0696291
929 0.066768 0.0650501
930 0.0619011 0.0602143
931 0.0567899 0.0551409
932 0.0514547 0.0498498
933 0.0459163 0.0443621
934 0.0401967 0.0386992
935 0.0343185 0.0328837
936 0.0283049 0.0269383
937 0.0221796 0.0208866
938 0.0159667 0.0147526
939 0.00969079 0.00856024
940 0.00337666 0.00233415
941 -0.00295081 -0.00390116
942 -0.00926662 -0.0101211
943 -0.0155459 -0.016301
944 -0.0217638 -0.0224167
945 -0.0278958 -0.0284438
946 -0.0339177 -0.0343588
947 -0.0398057 -0.0401381
948 -0.0455367 -0.045759
949 -0.0510879 -0.0511993
950 -0.0564376 -0.0564376
951 -0.0615644 -0.0614531
952 -0.0664484 -0.0662261
953 -0.0710701 -0.0707377
954 -0.0754113 -0.0749702
955 -0.0794548 -0.0789068
956 -0.0831849 -0.0825319
957 -0.0865866 -0.0858314
958 -0.0896466 -0.0887921
959 -0.0923528 -0.0914024
960 -0.0946945 -0.093652
961 -0.0966626 -0.095532
962 -0.0982491 -0.097035
963 -0.0994479 -0.098155
964 -0.100254 -0.0988876
965 -0.100665 -0.09923
966 -0.100678 -0.0991807
967 -0.100294 -0.0987401
968 -0.0995145 -0.0979097
969 -0.098342 -0.096693
970 -0.0967814 -0.0950946
971 -0.0948389 -0.093121
972 -0.092522 -0.0907798
973 -0.08984 -0.0880804
974 -0.0868035 -0.0850333
975 -0.0834243 -0.0816507
976 -0.079716 -0.0779459
977 -0.075693 -0.0739334
978 -0.0713713 -0.0696291
979 -0.066768 -0.0650501
980 -0.0619011 -0.0602143
981 -0.0567899 -0.0551409
982 -0.0514547 -0.0498498
983 -0.0459163 -0.0443621
984 -0.0401967 -0.0386992
985 -0.0343185 -0.0328837
986 -0.0283049 -0.0269383
987 -0.0221796 -0.0208866
988 -0.0159667 -0.0147526
989 -0.00969079 -0.00856024
990 -0.00337666 -0.00233415
991 0.00295081 0.00390116
992 0.00926662 0.0101211
993 0.0155459 0.016301
994 0.0217638 0.0224167
995 0.0278958 0.0284438
996 0.0339177 0.0343588
997 0.0398057 0.0401381
998 0.0455367 0.045759
999 0.0510879 0.0511993
